<j>	<F>
1.246	20.230
3.002	11.614
4.179	10.899
5.196	11.156
6.054	12.657
7.215	14.244
8.585	11.436
9.532	12.759
11.137	12.035
12.467	10.583
13.346	11.228
14.237	12.121
15.522	12.358
17.083	11.206
18.031	11.225
18.729	12.104
19.440	13.182
20.367	13.904
21.486	13.900
22.550	13.992
23.598	14.074
24.543	14.400
25.496	14.789
26.692	14.889
28.339	13.899
29.759	13.131
30.782	13.117
31.548	13.591
32.242	14.305
32.951	15.017
33.668	15.788
34.659	16.272
36.382	15.425
38.246	13.966
39.354	13.671
40.058	14.153
40.693	14.825
41.311	15.561
41.954	16.348
42.828	16.894
44.396	16.488
47.021	14.592
49.278	12.927
50.306	12.732
50.847	13.227
51.368	13.878
52.136	14.383
53.392	14.399
54.975	13.902
56.180	13.619
56.831	13.932
57.242	14.605
57.644	15.395
58.184	16.123
59.043	16.540
60.413	16.340
62.128	15.617
63.566	15.095
64.501	15.129
65.151	15.527
65.716	16.077
66.315	16.641
67.037	17.098
67.946	17.346
69.090	17.324
70.581	16.948
72.480	16.152
74.343	15.315
75.630	14.992
76.493	15.141
77.473	15.351
79.355	15.035
82.678	13.725
85.950	12.324
87.839	11.757
88.864	11.722
89.525	11.900
90.007	12.186
90.395	12.540
90.742	12.941
91.088	13.369
91.469	13.806
91.919	14.227
92.476	14.602
93.164	14.901
93.977	15.113
94.877	15.255
95.812	15.364
96.766	15.461
97.775	15.532
98.919	15.526
100.275	15.387
101.845	15.110
103.539	14.755
105.236	14.403
106.832	14.111
108.221	13.924
109.327	13.877
110.148	13.980
110.755	14.210
111.248	14.524
111.742	14.869
112.371	15.171
113.303	15.331
114.711	15.234
116.582	14.858
118.546	14.389
120.167	14.072
121.324	13.985
122.117	14.086
122.670	14.318
123.085	14.638
123.439	15.012
123.804	15.407
124.257	15.780
124.911	16.069
125.927	16.174
127.442	16.000
129.326	15.585
131.114	15.176
132.486	14.978
133.537	14.971
134.555	15.027
135.900	14.984
138.002	14.662
141.060	13.964
144.396	13.129
146.953	12.555
148.521	12.336
149.469	12.347
150.136	12.469
150.717	12.634
151.315	12.805
151.990	12.960
152.768	13.084
153.647	13.174
154.591	13.237
155.543	13.290
156.447	13.354
157.284	13.440
158.082	13.546
158.909	13.651
159.864	13.726
161.045	13.734
162.496	13.652
164.133	13.496
165.741	13.329
167.100	13.224
168.120	13.221
168.843	13.314
169.359	13.481
169.750	13.699
170.076	13.948
170.380	14.216
170.692	14.492
171.039	14.767
171.447	15.030
171.947	15.268
172.587	15.462
173.465	15.580
174.788	15.554
176.933	15.266
180.220	14.614
184.168	13.743
187.537	13.035
189.773	12.668
191.169	12.552
192.106	12.572
192.798	12.662
193.351	12.793
193.817	12.950
194.232	13.126
194.621	13.315
195.003	13.510
195.390	13.710
195.788	13.911
196.201	14.113
196.628	14.314
197.074	14.515
197.552	14.712
198.096	14.896
198.783	15.046
199.758	15.122
201.234	15.056
203.389	14.790
206.070	14.352
208.703	13.904
210.798	13.601
212.340	13.459
213.572	13.418
214.717	13.412
215.892	13.404
217.124	13.382
218.371	13.351
219.557	13.328
220.618	13.331
221.525	13.368
222.295	13.441
222.978	13.539
223.648	13.648
224.406	13.746
225.384	13.803
226.751	13.781
228.651	13.641
231.055	13.382
233.631	13.067
235.903	12.801
237.598	12.649
238.750	12.614
239.533	12.662
240.109	12.760
240.586	12.885
241.033	13.021
241.490	13.160
241.989	13.294
242.555	13.417
243.215	13.524
243.992	13.607
244.904	13.662
245.955	13.686
247.132	13.681
248.398	13.654
249.704	13.615
251.005	13.575
252.275	13.541
253.513	13.514
254.734	13.493
255.964	13.472
257.225	13.447
258.530	13.414
259.878	13.372
261.247	13.324
262.596	13.278
263.871	13.242
265.018	13.228
266.001	13.243
266.810	13.292
267.460	13.372
267.979	13.481
268.400	13.613
268.757	13.761
269.077	13.922
269.388	14.089
269.711	14.258
270.070	14.424
270.491	14.581
271.005	14.722
271.660	14.835
272.519	14.907
273.673	14.918
275.219	14.844
277.210	14.673
279.545	14.421
281.943	14.146
284.081	13.918
285.806	13.774
287.167	13.710
288.324	13.695
289.435	13.697
290.618	13.692
291.926	13.665
293.353	13.614
294.840	13.550
296.313	13.484
297.720	13.430
299.043	13.390
300.296	13.365
301.495	13.349
302.647	13.341
303.734	13.343
304.731	13.358
305.613	13.391
306.368	13.445
307.000	13.521
307.527	13.618
307.974	13.730
308.367	13.856
308.731	13.989
309.086	14.128
309.451	14.268
309.841	14.405
310.268	14.538
310.739	14.665
311.258	14.783
311.822	14.893
312.422	14.996
313.042	15.094
313.662	15.191
314.264	15.293
314.829	15.401
315.349	15.521
315.820	15.652
316.249	15.796
316.645	15.949
317.023	16.110
317.403	16.274
317.809	16.436
318.278	16.588
318.872	16.716
319.696	16.796
320.935	16.788
322.856	16.631
325.684	16.275
329.304	15.748
333.166	15.179
336.844	14.681
340.445	14.249
344.246	13.824
348.169	13.395
351.734	13.019
354.520	12.756
356.473	12.615
357.796	12.568
358.723	12.581
359.425	12.629
360.004	12.696
360.518	12.774
360.997	12.859
361.463	12.947
361.927	13.036
362.399	13.126
362.887	13.215
363.398	13.301
363.934	13.385
364.497	13.466
365.086	13.543
365.696	13.617
366.319	13.690
366.947	13.762
367.568	13.834
368.175	13.909
368.760	13.988
369.322	14.070
369.864	14.157
370.392	14.247
370.919	14.338
371.461	14.429
372.036	14.516
372.663	14.597
373.360	14.667
374.140	14.723
375.009	14.766
375.964	14.793
376.993	14.808
378.081	14.811
379.216	14.807
380.399	14.795
381.641	14.774
382.964	14.742
384.383	14.695
385.903	14.632
387.507	14.556
389.166	14.472
390.859	14.383
392.580	14.292
394.352	14.197
396.200	14.094
398.130	13.981
400.106	13.862
402.055	13.745
403.894	13.643
405.576	13.562
407.101	13.503
408.515	13.462
409.892	13.430
411.309	13.397
412.835	13.353
414.513	13.292
416.355	13.212
418.328	13.116
420.365	13.012
422.380	12.909
424.292	12.816
426.043	12.742
427.605	12.688
428.976	12.656
430.166	12.643
431.193	12.649
432.076	12.671
432.832	12.707
433.479	12.756
434.032	12.815
434.508	12.884
434.920	12.962
435.284	13.045
435.613	13.135
435.918	13.228
436.211	13.324
436.504	13.422
436.807	13.520
437.130	13.618
437.484	13.713
437.878	13.804
438.324	13.890
438.829	13.970
439.400	14.042
440.041	14.105
440.748	14.160
441.517	14.206
442.336	14.246
443.197	14.280
444.096	14.308
445.052	14.331
446.116	14.343
447.399	14.332
449.084	14.278
451.428	14.152
454.661	13.928
458.770	13.603
463.285	13.229
467.475	12.887
470.842	12.633
473.339	12.476
475.183	12.393
476.620	12.356
477.821	12.344
478.884	12.348
479.852	12.362
480.745	12.382
481.570	12.409
482.334	12.442
483.044	12.481
483.714	12.523
484.359	12.569
484.998	12.616
485.651	12.663
486.341	12.707
487.088	12.747
487.910	12.780
488.818	12.805
489.817	12.821
490.899	12.829
492.040	12.830
493.208	12.827
494.364	12.824
495.469	12.825
496.492	12.832
497.414	12.849
498.229	12.875
498.944	12.912
499.571	12.958
500.124	13.011
500.622	13.071
501.079	13.136
501.507	13.205
501.916	13.276
502.314	13.349
502.705	13.424
503.091	13.500
503.474	13.577
503.852	13.655
504.226	13.734
504.595	13.814
504.957	13.896
505.313	13.979
505.663	14.064
506.011	14.150
506.362	14.236
506.724	14.323
507.110	14.408
507.536	14.489
508.028	14.565
508.618	14.631
509.349	14.681
510.273	14.710
511.445	14.712
512.907	14.679
514.674	14.610
516.703	14.509
518.895	14.387
521.121	14.259
523.265	14.140
525.259	14.038
527.092	13.956
528.783	13.890
530.359	13.839
531.836	13.798
533.218	13.767
534.494	13.747
535.656	13.738
536.699	13.742
537.629	13.757
538.458	13.782
539.210	13.817
539.913	13.858
540.601	13.901
541.315	13.944
542.107	13.981
543.044	14.005
544.215	14.008
545.726	13.980
547.692	13.910
550.186	13.790
553.175	13.622
556.462	13.423
559.724	13.223
562.642	13.051
565.032	12.927
566.874	12.851
568.253	12.819
569.289	12.818
570.090	12.840
570.739	12.877
571.296	12.923
571.802	12.975
572.283	13.029
572.756	13.086
573.234	13.142
573.723	13.198
574.226	13.253
574.743	13.307
575.275	13.359
575.816	13.412
576.365	13.463
576.916	13.515
577.466	13.567
578.013	13.619
578.557	13.672
579.102	13.725
579.656	13.778
580.234	13.830
580.860	13.878
581.571	13.920
582.419	13.950
583.474	13.964
584.825	13.952
586.565	13.906
588.764	13.819
591.410	13.691
594.371	13.533
597.399	13.365
600.216	13.213
602.623	13.094
604.551	13.016
606.041	12.976
607.184	12.966
608.080	12.979
608.814	13.007
609.448	13.045
610.029	13.088
610.589	13.134
611.148	13.180
611.723	13.226
612.326	13.270
612.966	13.311
613.652	13.349
614.391	13.383
615.193	13.411
616.066	13.435
617.021	13.451
618.067	13.460
619.211	13.461
620.456	13.454
621.794	13.438
623.209	13.416
624.671	13.388
626.144	13.359
627.588	13.332
628.970	13.309
630.267	13.293
631.470	13.284
632.587	13.282
633.636	13.287
634.641	13.295
635.631	13.306
636.634	13.316
637.671	13.325
638.757	13.329
639.894	13.329
641.074	13.326
642.277	13.320
643.475	13.313
644.635	13.309
645.728	13.309
646.730	13.316
647.627	13.331
648.417	13.354
649.103	13.386
649.695	13.426
650.208	13.472
650.656	13.525
651.054	13.582
651.415	13.643
651.752	13.707
652.076	13.773
652.399	13.839
652.734	13.906
653.097	13.971
653.510	14.032
654.005	14.089
654.634	14.135
655.478	14.166
656.662	14.171
658.361	14.137
660.789	14.047
664.117	13.887
668.322	13.657
673.040	13.383
677.641	13.114
681.549	12.895
684.512	12.745
686.596	12.662
688.009	12.630
688.966	12.633
689.630	12.659
690.111	12.699
690.479	12.749
690.777	12.804
691.032	12.864
691.259	12.926
691.470	12.990
691.674	13.055
691.874	13.121
692.077	13.187
692.287	13.254
692.508	13.321
692.745	13.387
693.003	13.452
693.289	13.515
693.610	13.577
693.974	13.636
694.393	13.692
694.879	13.743
695.445	13.788
696.106	13.826
696.874	13.856
697.760	13.877
698.767	13.889
699.892	13.891
701.116	13.884
702.411	13.871
703.737	13.855
705.052	13.838
706.313	13.825
707.490	13.817
708.562	13.818
709.525	13.827
710.383	13.844
711.151	13.868
711.848	13.899
712.495	13.934
713.117	13.972
713.736	14.011
714.377	14.049
715.068	14.084
715.838	14.114
716.720	14.135
717.753	14.145
718.977	14.142
720.433	14.120
722.149	14.079
724.136	14.017
726.367	13.937
728.778	13.841
731.267	13.739
733.721	13.639
736.039	13.548
738.157	13.472
740.055	13.413
741.748	13.369
743.280	13.337
744.705	13.315
746.082	13.297
747.470	13.281
748.923	13.261
750.490	13.234
752.205	13.199
754.091	13.153
756.144	13.096
758.338	13.030
760.619	12.958
762.913	12.885
765.142	12.815
767.236	12.753
769.145	12.702
770.842	12.664
772.323	12.639
773.600	12.626
774.695	12.625
775.634	12.634
776.443	12.651
777.146	12.675
777.768	12.704
778.329	12.737
778.847	12.773
779.339	12.812
779.820	12.851
780.308	12.891
780.818	12.930
781.367	12.967
781.977	13.001
782.668	13.030
783.466	13.054
784.398	13.069
785.495	13.075
786.783	13.070
788.287	13.052
790.017	13.020
791.968	12.975
794.110	12.917
796.392	12.851
798.742	12.780
801.084	12.709
803.346	12.643
805.476	12.584
807.441	12.534
809.228	12.494
810.842	12.465
812.294	12.445
813.599	12.434
814.775	12.429
815.838	12.432
816.802	12.439
817.679	12.452
818.480	12.470
819.217	12.490
819.900	12.515
820.537	12.541
821.138	12.571
821.711	12.601
822.266	12.634
822.810	12.667
823.353	12.700
823.903	12.734
824.471	12.766
825.065	12.798
825.695	12.827
826.374	12.855
827.116	12.879
827.934	12.899
828.847	12.914
829.872	12.922
831.029	12.924
832.339	12.917
833.818	12.901
835.473	12.875
837.301	12.839
839.282	12.795
841.375	12.743
843.520	12.689
845.648	12.634
847.688	12.583
849.583	12.540
851.290	12.506
852.789	12.483
854.084	12.471
855.188	12.470
856.124	12.478
856.921	12.493
857.606	12.515
858.206	12.542
858.744	12.573
859.240	12.606
859.713	12.642
860.178	12.678
860.650	12.714
861.141	12.749
861.665	12.783
862.232	12.815
862.854	12.844
863.542	12.870
864.305	12.892
865.152	12.910
866.086	12.923
867.109	12.931
868.220	12.934
869.409	12.932
870.660	12.927
871.954	12.918
873.269	12.908
874.578	12.899
875.855	12.890
877.078	12.884
878.231	12.881
879.299	12.883
880.277	12.890
881.165	12.901
881.964	12.918
882.678	12.939
883.316	12.964
883.885	12.994
884.395	13.027
884.852	13.063
885.266	13.102
885.644	13.143
885.995	13.186
886.326	13.231
886.647	13.277
886.968	13.323
887.302	13.369
887.667	13.414
888.084	13.456
888.586	13.494
889.218	13.526
890.044	13.549
891.153	13.556
892.661	13.543
894.708	13.501
897.432	13.423
900.910	13.304
905.088	13.147
909.721	12.965
914.410	12.777
918.740	12.608
922.427	12.470
925.380	12.371
927.654	12.307
929.376	12.271
930.682	12.258
931.689	12.260
932.485	12.273
933.132	12.294
933.675	12.321
934.145	12.351
934.563	12.385
934.944	12.420
935.300	12.457
935.639	12.495
935.968	12.534
936.292	12.574
936.614	12.613
936.939	12.653
937.270	12.693
937.608	12.733
937.957	12.772
938.317	12.811
938.691	12.850
939.081	12.888
939.488	12.925
939.913	12.962
940.358	12.997
940.824	13.032
941.311	13.066
941.821	13.099
942.352	13.130
942.905	13.161
943.479	13.191
944.071	13.219
944.679	13.247
945.301	13.274
945.930	13.301
946.564	13.327
947.198	13.354
947.825	13.380
948.440	13.408
949.041	13.436
949.621	13.465
950.177	13.496
950.707	13.528
951.209	13.561
951.684	13.597
952.131	13.633
952.554	13.672
952.955	13.712
953.339	13.753
953.712	13.796
954.080	13.839
954.453	13.881
954.841	13.924
955.258	13.965
955.717	14.005
956.239	14.041
956.846	14.072
957.560	14.098
958.408	14.117
959.416	14.126
960.604	14.125
961.980	14.112
963.540	14.089
965.253	14.056
967.070	14.016
968.928	13.973
970.755	13.930
972.491	13.892
974.096	13.862
975.555	13.839
976.881	13.825
978.107	13.817
979.282	13.814
980.466	13.810
981.723	13.804
983.122	13.792
984.721	13.769
986.564	13.734
988.665	13.685
990.991	13.623
993.463	13.553
995.966	13.479
998.364	13.410
1000.545	13.351
1002.432	13.306
1003.997	13.278
1005.252	13.267
1006.232	13.270
1006.986	13.285
1007.561	13.310
1007.999	13.342
1008.335	13.381
1008.597	13.424
1008.805	13.470
1008.974	13.519
1009.117	13.569
1009.239	13.621
1009.348	13.675
1009.448	13.729
1009.541	13.784
1009.629	13.839
1009.716	13.895
1009.801	13.952
1009.887	14.009
1009.974	14.066
1010.064	14.124
1010.159	14.182
1010.260	14.240
1010.371	14.297
1010.498	14.355
1010.645	14.411
1010.827	14.467
1011.063	14.520
1011.385	14.568
1011.852	14.610
1012.562	14.640
1013.678	14.648
1015.464	14.623
1018.293	14.543
1022.588	14.386
1028.589	14.140
1035.968	13.819
1043.696	13.476
1050.541	13.177
1055.798	12.958
1059.470	12.820
1061.933	12.746
1063.609	12.713
1064.816	12.704
1065.756	12.710
1066.553	12.723
1067.271	12.740
1067.949	12.760
1068.607	12.780
1069.254	12.802
1069.895	12.824
1070.532	12.845
1071.165	12.868
1071.796	12.890
1072.422	12.912
1073.045	12.935
1073.664	12.958
1074.281	12.981
1074.895	13.004
1075.509	13.028
1076.125	13.051
1076.742	13.075
1077.365	13.098
1077.993	13.121
1078.628	13.144
1079.271	13.166
1079.922	13.188
1080.581	13.210
1081.245	13.231
1081.915	13.253
1082.586	13.274
1083.256	13.295
1083.921	13.317
1084.577	13.338
1085.221	13.361
1085.848	13.384
1086.456	13.408
1087.041	13.433
1087.601	13.460
1088.134	13.487
1088.639	13.516
1089.116	13.547
1089.565	13.579
1089.988	13.612
1090.385	13.647
1090.757	13.683
1091.108	13.721
1091.438	13.760
1091.751	13.799
1092.048	13.840
1092.331	13.882
1092.602	13.925
1092.864	13.968
1093.117	14.012
1093.365	14.056
1093.608	14.101
1093.849	14.147
1094.090	14.192
1094.332	14.238
1094.578	14.284
1094.831	14.330
1095.094	14.376
1095.372	14.421
1095.672	14.465
1096.005	14.508
1096.383	14.549
1096.830	14.587
1097.377	14.620
1098.072	14.645
1098.982	14.660
1100.205	14.660
1101.865	14.637
1104.110	14.585
1107.071	14.496
1110.810	14.367
1115.225	14.203
1120.031	14.018
1124.804	13.833
1129.150	13.669
1132.838	13.537
1135.829	13.441
1138.231	13.375
1140.210	13.331
1141.945	13.302
1143.610	13.278
1145.374	13.253
1147.406	13.219
1149.889	13.168
1152.989	13.094
1156.828	12.992
1161.406	12.860
1166.539	12.706
1171.863	12.543
1176.927	12.388
1181.353	12.257
1184.942	12.157
1187.680	12.090
1189.676	12.051
1191.090	12.035
1192.076	12.036
1192.760	12.049
1193.238	12.070
1193.579	12.097
1193.828	12.128
1194.017	12.161
1194.166	12.197
1194.290	12.233
1194.397	12.270
1194.492	12.308
1194.580	12.347
1194.663	12.386
1194.743	12.425
1194.820	12.465
1194.896	12.505
1194.971	12.545
1195.046	12.585
1195.120	12.626
1195.194	12.667
1195.268	12.708
1195.344	12.749
1195.419	12.791
1195.496	12.833
1195.573	12.875
1195.652	12.917
1195.733	12.959
1195.815	13.002
1195.900	13.044
1195.987	13.087
1196.076	13.130
1196.170	13.173
1196.266	13.216
1196.367	13.259
1196.473	13.303
1196.584	13.346
1196.703	13.389
1196.831	13.432
1196.969	13.475
1197.123	13.518
1197.299	13.559
1197.508	13.600
1197.768	13.639
1198.115	13.676
1198.608	13.707
1199.353	13.728
1200.538	13.734
1202.475	13.712
1205.656	13.643
1210.722	13.505
1218.244	13.274
1228.167	12.951
1239.309	12.580
1249.731	12.233
1257.953	11.965
1263.641	11.791
1267.274	11.692
1269.520	11.645
1270.926	11.630
1271.846	11.633
1272.493	11.646
1272.987	11.666
1273.393	11.688
1273.745	11.712
1274.067	11.738
1274.366	11.765
1274.652	11.792
1274.924	11.819
1275.190	11.847
1275.446	11.876
1275.697	11.905
1275.940	11.934
1276.180	11.963
1276.414	11.993
1276.643	12.022
1276.868	12.053
1277.087	12.083
1277.303	12.114
1277.514	12.145
1277.721	12.176
1277.924	12.208
1278.122	12.239
1278.316	12.272
1278.505	12.304
1278.690	12.337
1278.870	12.370
1279.046	12.403
1279.218	12.436
1279.385	12.470
1279.547	12.505
1279.705	12.539
1279.858	12.574
1280.006	12.609
1280.151	12.645
1280.290	12.681
1280.425	12.717
1280.556	12.753
1280.682	12.790
1280.805	12.827
1280.923	12.865
1281.037	12.903
1281.147	12.941
1281.255	12.980
1281.358	13.018
1281.457	13.058
1281.554	13.097
1281.648	13.137
1281.738	13.177
1281.826	13.218
1281.912	13.259
1281.995	13.300
1282.077	13.341
1282.156	13.383
1282.234	13.425
1282.312	13.467
1282.388	13.510
1282.463	13.553
1282.539	13.596
1282.614	13.639
1282.691	13.682
1282.768	13.726
1282.847	13.770
1282.928	13.814
1283.012	13.858
1283.100	13.903
1283.193	13.947
1283.292	13.991
1283.398	14.036
1283.514	14.080
1283.642	14.123
1283.785	14.167
1283.948	14.210
1284.135	14.252
1284.357	14.293
1284.623	14.332
1284.948	14.369
1285.354	14.402
1285.870	14.431
1286.535	14.454
1287.403	14.468
1288.539	14.471
1290.027	14.459
1291.952	14.428
1294.387	14.375
1297.372	14.297
1300.859	14.197
1304.719	14.080
1308.725	13.955
1312.628	13.834
1316.205	13.727
1319.336	13.638
1321.988	13.570
1324.207	13.521
1326.074	13.488
1327.684	13.466
1329.116	13.451
1330.440	13.442
1331.703	13.436
1332.941	13.432
1334.173	13.427
1335.408	13.423
1336.651	13.419
1337.898	13.414
1339.144	13.409
1340.381	13.404
1341.604	13.400
1342.806	13.397
1343.984	13.394
1345.137	13.393
1346.266	13.392
1347.374	13.393
1348.465	13.394
1349.544	13.395
1350.616	13.397
1351.684	13.399
1352.753	13.401
1353.820	13.403
1354.889	13.405
1355.953	13.407
1357.012	13.410
1358.058	13.412
1359.087	13.416
1360.089	13.420
1361.062	13.425
1361.997	13.432
1362.891	13.440
1363.742	13.449
1364.547	13.461
1365.306	13.474
1366.020	13.489
1366.691	13.506
1367.323	13.524
1367.919	13.544
1368.483	13.565
1369.020	13.587
1369.533	13.610
1370.027	13.634
1370.506	13.659
1370.974	13.684
1371.436	13.710
1371.892	13.736
1372.349	13.762
1372.806	13.788
1373.269	13.814
1373.738	13.840
1374.218	13.865
1374.710	13.890
1375.217	13.915
1375.742	13.939
1376.288	13.962
1376.858	13.985
1377.456	14.006
1378.086	14.026
1378.754	14.045
1379.465	14.062
1380.227	14.077
1381.046	14.090
1381.932	14.100
1382.896	14.107
1383.946	14.110
1385.096	14.110
1386.356	14.105
1387.738	14.096
1389.248	14.081
1390.893	14.061
1392.669	14.035
1394.571	14.005
1396.580	13.970
1398.674	13.932
1400.824	13.891
1402.998	13.849
1405.165	13.808
1407.303	13.768
1409.395	13.730
1411.439	13.693
1413.445	13.659
1415.430	13.626
1417.425	13.594
1419.460	13.560
1421.569	13.525
1423.777	13.486
1426.097	13.444
1428.530	13.398
1431.052	13.349
1433.626	13.297
1436.191	13.246
1438.695	13.197
1441.063	13.152
1443.260	13.113
1445.242	13.081
1447.000	13.057
1448.532	13.041
1449.850	13.032
1450.974	13.030
1451.929	13.034
1452.737	13.044
1453.423	13.057
1454.007	13.074
1454.507	13.095
1454.938	13.118
1455.313	13.143
1455.643	13.169
1455.935	13.198
1456.197	13.227
1456.434	13.258
1456.653	13.289
1456.856	13.321
1457.048	13.353
1457.231	13.386
1457.410	13.420
1457.588	13.453
1457.767	13.487
1457.952	13.521
1458.147	13.554
1458.356	13.588
1458.587	13.620
1458.845	13.652
1459.140	13.683
1459.484	13.712
1459.888	13.739
1460.372	13.764
1460.956	13.785
1461.664	13.802
1462.526	13.814
1463.572	13.819
1464.838	13.816
1466.348	13.804
1468.128	13.783
1470.183	13.752
1472.487	13.711
1475.005	13.662
1477.653	13.608
1480.345	13.551
1482.977	13.497
1485.461	13.446
1487.730	13.404
1489.744	13.370
1491.491	13.345
1492.982	13.330
1494.240	13.322
1495.297	13.322
1496.184	13.329
1496.932	13.340
1497.567	13.356
1498.111	13.374
1498.584	13.396
1498.998	13.420
1499.367	13.445
1499.698	13.472
1499.998	13.501
1500.274	13.530
1500.528	13.560
1500.766	13.591
1500.989	13.622
1501.199	13.655
1501.399	13.687
1501.590	13.720
1501.774	13.754
1501.951	13.788
1502.124	13.822
1502.292	13.857
1502.456	13.892
1502.619	13.927
1502.780	13.962
1502.941	13.998
1503.102	14.033
1503.266	14.069
1503.432	14.105
1503.603	14.140
1503.780	14.176
1503.964	14.212
1504.161	14.247
1504.370	14.282
1504.596	14.317
1504.844	14.350
1505.118	14.383
1505.427	14.415
1505.776	14.446
1506.176	14.475
1506.639	14.501
1507.177	14.525
1507.807	14.545
1508.545	14.561
1509.408	14.572
1510.415	14.578
1511.578	14.577
1512.908	14.570
1514.406	14.556
1516.059	14.536
1517.847	14.510
1519.730	14.479
1521.665	14.447
1523.599	14.414
1525.485	14.382
1527.282	14.354
1528.966	14.330
1530.527	14.311
1531.971	14.297
1533.321	14.286
1534.610	14.279
1535.881	14.273
1537.186	14.266
1538.587	14.256
1540.146	14.241
1541.928	14.219
1543.991	14.187
1546.377	14.143
1549.090	14.088
1552.095	14.021
1555.308	13.947
1558.588	13.870
1561.793	13.795
1564.777	13.726
1567.435	13.669
1569.716	13.625
1571.605	13.595
1573.136	13.577
1574.351	13.570
1575.305	13.573
1576.053	13.583
1576.638	13.600
1577.101	13.621
1577.473	13.645
1577.776	13.672
1578.029	13.701
1578.247	13.731
1578.440	13.763
1578.616	13.795
1578.780	13.828
1578.937	13.861
1579.091	13.895
1579.244	13.929
1579.399	13.963
1579.557	13.996
1579.721	14.030
1579.890	14.064
1580.067	14.098
1580.253	14.131
1580.448	14.165
1580.654	14.198
1580.871	14.231
1581.100	14.263
1581.342	14.295
1581.598	14.327
1581.868	14.358
1582.153	14.389
1582.453	14.419
1582.771	14.449
1583.105	14.479
1583.458	14.507
1583.831	14.535
1584.226	14.563
1584.645	14.589
1585.094	14.615
1585.575	14.639
1586.098	14.662
1586.672	14.683
1587.311	14.702
1588.035	14.718
1588.862	14.729
1589.827	14.737
1590.960	14.737
1592.304	14.730
1593.898	14.714
1595.779	14.687
1597.969	14.649
1600.469	14.599
1603.238	14.538
1606.204	14.470
1609.260	14.397
1612.274	14.326
1615.132	14.260
1617.736	14.203
1620.036	14.157
1622.012	14.122
1623.682	14.099
1625.081	14.086
1626.253	14.081
1627.245	14.084
1628.101	14.091
1628.860	14.103
1629.559	14.116
1630.226	14.132
1630.894	14.147
1631.588	14.162
1632.339	14.176
1633.179	14.186
1634.139	14.193
1635.260	14.195
1636.583	14.190
1638.149	14.176
1639.998	14.154
1642.161	14.121
1644.655	14.076
1647.470	14.021
1650.566	13.956
1653.874	13.884
1657.299	13.808
1660.735	13.732
1664.089	13.658
1667.284	13.590
1670.274	13.528
1673.040	13.474
1675.589	13.428
1677.949	13.388
1680.148	13.354
1682.221	13.324
1684.209	13.297
1686.143	13.272
1688.057	13.248
1689.982	13.225
1691.945	13.201
1693.966	13.175
1696.064	13.148
1698.250	13.118
1700.519	13.086
1702.868	13.051
1705.271	13.015
1707.702	12.978
1710.121	12.942
1712.488	12.907
1714.764	12.874
1716.917	12.844
1718.916	12.819
1720.750	12.798
1722.413	12.782
1723.903	12.771
1725.234	12.764
1726.420	12.761
1727.477	12.762
1728.425	12.766
1729.281	12.773
1730.064	12.782
1730.790	12.793
1731.474	12.805
1732.130	12.817
1732.770	12.831
1733.405	12.844
1734.047	12.858
1734.703	12.871
1735.385	12.884
1736.101	12.896
1736.859	12.907
1737.671	12.916
1738.544	12.924
1739.491	12.930
1740.524	12.934
1741.653	12.935
1742.892	12.933
1744.255	12.928
1745.751	12.919
1747.391	12.907
1749.184	12.891
1751.122	12.870
1753.204	12.846
1755.411	12.818
1757.710	12.788
1760.072	12.756
1762.447	12.723
1764.790	12.691
1767.057	12.660
1769.202	12.633
1771.197	12.609
1773.021	12.590
1774.660	12.576
1776.113	12.566
1777.387	12.561
1778.495	12.560
1779.453	12.564
1780.275	12.570
1780.981	12.581
1781.588	12.593
1782.109	12.608
1782.560	12.625
1782.953	12.644
1783.298	12.664
1783.603	12.685
1783.877	12.707
1784.125	12.730
1784.354	12.754
1784.568	12.778
1784.772	12.802
1784.971	12.827
1785.167	12.852
1785.365	12.877
1785.571	12.902
1785.790	12.927
1786.030	12.951
1786.302	12.974
1786.617	12.997
1786.993	13.018
1787.455	13.038
1788.034	13.054
1788.770	13.067
1789.719	13.074
1790.948	13.074
1792.540	13.066
1794.586	13.046
1797.182	13.012
1800.400	12.962
1804.267	12.896
1808.737	12.814
1813.665	12.720
1818.821	12.619
1823.932	12.519
1828.731	12.426
1833.018	12.346
1836.707	12.280
1839.786	12.229
1842.306	12.193
1844.361	12.169
1846.045	12.153
1847.448	12.146
1848.647	12.143
1849.700	12.144
1850.656	12.148
1851.549	12.153
1852.402	12.160
1853.235	12.167
1854.058	12.175
1854.881	12.182
1855.707	12.190
1856.541	12.197
1857.383	12.204
1858.233	12.211
1859.090	12.218
1859.954	12.225
1860.824	12.231
1861.696	12.238
1862.570	12.244
1863.444	12.250
1864.317	12.257
1865.188	12.263
1866.058	12.270
1866.925	12.276
1867.790	12.283
1868.657	12.289
1869.524	12.296
1870.396	12.302
1871.276	12.308
1872.166	12.315
1873.071	12.320
1873.997	12.326
1874.947	12.331
1875.926	12.335
1876.943	12.338
1877.997	12.341
1879.096	12.342
1880.245	12.343
1881.443	12.342
1882.695	12.340
1883.998	12.337
1885.350	12.333
1886.748	12.327
1888.182	12.321
1889.644	12.314
1891.124	12.306
1892.608	12.299
1894.079	12.291
1895.530	12.284
1896.941	12.278
1898.305	12.272
1899.607	12.268
1900.843	12.266
1902.004	12.265
1903.089	12.266
1904.094	12.268
1905.023	12.272
1905.875	12.279
1906.656	12.286
1907.369	12.296
1908.021	12.306
1908.615	12.318
1909.159	12.332
1909.656	12.346
1910.113	12.362
1910.533	12.378
1910.923	12.395
1911.285	12.413
1911.624	12.432
1911.943	12.451
1912.244	12.470
1912.532	12.490
1912.808	12.510
1913.075	12.531
1913.333	12.551
1913.587	12.572
1913.838	12.593
1914.086	12.615
1914.334	12.636
1914.585	12.657
1914.839	12.679
1915.099	12.700
1915.368	12.721
1915.646	12.742
1915.939	12.763
1916.250	12.783
1916.582	12.803
1916.941	12.822
1917.333	12.841
1917.764	12.859
1918.242	12.876
1918.779	12.891
1919.385	12.905
1920.074	12.917
1920.863	12.926
1921.767	12.933
1922.808	12.937
1924.008	12.937
1925.385	12.932
1926.964	12.923
1928.759	12.909
1930.784	12.889
1933.040	12.863
1935.521	12.832
1938.202	12.796
1941.045	12.757
1944.005	12.714
1947.019	12.669
1950.023	12.625
1952.965	12.583
1955.787	12.542
1958.448	12.506
1960.932	12.474
1963.218	12.446
1965.305	12.423
1967.207	12.405
1968.926	12.391
1970.485	12.380
1971.896	12.373
1973.175	12.369
1974.339	12.368
1975.397	12.369
1976.366	12.372
1977.252	12.377
1978.065	12.384
1978.813	12.392
1979.503	12.402
1980.140	12.413
1980.729	12.425
1981.274	12.438
1981.780	12.452
1982.251	12.467
1982.688	12.482
1983.097	12.499
1983.478	12.516
1983.835	12.533
1984.170	12.552
1984.486	12.570
1984.784	12.589
1985.066	12.609
1985.335	12.629
1985.592	12.649
1985.840	12.670
1986.079	12.691
1986.313	12.712
1986.543	12.733
1986.772	12.754
1987.002	12.775
1987.234	12.797
1987.472	12.818
1987.720	12.839
1987.979	12.860
1988.255	12.881
1988.551	12.901
1988.873	12.921
1989.225	12.940
1989.613	12.959
1990.046	12.976
1990.529	12.992
1991.071	13.007
1991.680	13.021
1992.366	13.032
1993.136	13.042
1994.000	13.049
1994.963	13.054
1996.030	13.057
1997.204	13.056
1998.483	13.054
1999.859	13.049
2001.325	13.041
2002.862	13.032
2004.452	13.021
2006.067	13.009
2007.688	12.997
2009.284	12.986
2010.833	12.975
2012.313	12.966
2013.708	12.959
2015.008	12.954
2016.203	12.952
2017.295	12.952
2018.285	12.955
2019.179	12.959
2019.984	12.967
2020.710	12.976
2021.367	12.986
2021.965	12.999
2022.515	13.012
2023.026	13.027
2023.506	13.042
2023.965	13.058
2024.408	13.075
2024.844	13.092
2025.279	13.109
2025.716	13.126
2026.162	13.142
2026.621	13.159
2027.096	13.175
2027.590	13.191
2028.106	13.206
2028.647	13.221
2029.213	13.235
2029.807	13.248
2030.428	13.261
2031.077	13.273
2031.755	13.285
2032.459	13.295
2033.189	13.305
2033.943	13.315
2034.719	13.324
2035.514	13.332
2036.328	13.340
2037.155	13.348
2037.994	13.355
2038.843	13.362
2039.699	13.369
2040.558	13.375
2041.420	13.382
2042.283	13.388
2043.144	13.395
2044.003	13.402
2044.857	13.408
2045.708	13.415
2046.551	13.422
2047.388	13.429
2048.217	13.437
2049.037	13.444
2049.847	13.452
2050.646	13.460
2051.434	13.468
2052.206	13.477
2052.964	13.486
2053.707	13.496
2054.431	13.506
2055.136	13.516
2055.821	13.527
2056.486	13.538
2057.129	13.550
2057.750	13.563
2058.348	13.576
2058.925	13.590
2059.479	13.604
2060.012	13.619
2060.524	13.635
2061.016	13.651
2061.490	13.667
2061.946	13.684
2062.386	13.702
2062.811	13.720
2063.223	13.738
2063.623	13.757
2064.012	13.776
2064.392	13.795
2064.764	13.815
2065.130	13.835
2065.489	13.855
2065.844	13.875
2066.196	13.895
2066.545	13.916
2066.891	13.936
2067.237	13.957
2067.582	13.978
2067.926	13.999
2068.270	14.020
2068.615	14.041
2068.961	14.061
2069.307	14.082
2069.655	14.103
2070.005	14.124
2070.357	14.145
2070.712	14.166
2071.069	14.187
2071.431	14.208
2071.798	14.229
2072.171	14.250
2072.552	14.270
2072.942	14.290
2073.344	14.310
2073.762	14.330
2074.196	14.349
2074.654	14.368
2075.139	14.386
2075.658	14.403
2076.218	14.419
2076.833	14.433
2077.512	14.446
2078.274	14.457
2079.144	14.465
2080.155	14.469
2081.347	14.468
2082.783	14.461
2084.544	14.445
2086.734	14.419
2089.476	14.378
2092.917	14.319
2097.186	14.238
2102.345	14.135
2108.349	14.010
2114.991	13.868
2121.885	13.720
2128.588	13.576
2134.687	13.448
2139.919	13.341
2144.185	13.259
2147.541	13.199
2150.107	13.160
2152.042	13.137
2153.487	13.126
2154.569	13.125
2155.382	13.130
2156.001	13.140
2156.480	13.154
2156.856	13.171
2157.158	13.190
2157.406	13.210
2157.614	13.231
2157.792	13.253
2157.948	13.275
2158.088	13.298
2158.215	13.322
2158.332	13.345
2158.442	13.369
2158.547	13.394
2158.647	13.418
2158.745	13.443
2158.840	13.467
2158.935	13.492
2159.030	13.517
2159.125	13.542
2159.223	13.567
2159.324	13.592
2159.428	13.617
2159.538	13.642
2159.654	13.667
2159.780	13.692
2159.915	13.716
2160.063	13.741
2160.227	13.765
2160.410	13.788
2160.617	13.812
2160.854	13.834
2161.124	13.856
2161.437	13.877
2161.802	13.896
2162.229	13.915
2162.730	13.931
2163.321	13.945
2164.017	13.957
2164.836	13.966
2165.798	13.971
2166.920	13.972
2168.221	13.969
2169.713	13.960
2171.404	13.947
2173.289	13.929
2175.356	13.906
2177.574	13.879
2179.903	13.849
2182.291	13.817
2184.679	13.785
2187.010	13.754
2189.233	13.725
2191.305	13.700
2193.198	13.680
2194.900	13.664
2196.406	13.653
2197.725	13.646
2198.870	13.644
2199.859	13.646
2200.712	13.651
2201.449	13.660
2202.085	13.671
2202.640	13.684
2203.127	13.699
2203.556	13.715
2203.940	13.733
2204.286	13.751
2204.600	13.771
2204.890	13.791
2205.158	13.812
2205.409	13.833
2205.646	13.855
2205.870	13.877
2206.084	13.900
2206.290	13.923
2206.488	13.946
2206.679	13.969
2206.865	13.992
2207.046	14.016
2207.222	14.040
2207.394	14.064
2207.563	14.088
2207.729	14.113
2207.891	14.137
2208.052	14.162
2208.211	14.187
2208.369	14.211
2208.526	14.236
2208.683	14.261
2208.840	14.287
