<j>	<F>
1.246	20.230
3.002	11.614
4.179	10.899
5.196	11.156
6.054	12.657
7.215	14.244
8.585	11.436
9.532	12.759
11.137	12.035
12.467	10.583
13.346	11.228
14.237	12.121
15.522	12.358
17.083	11.206
18.031	11.225
18.729	12.104
19.440	13.182
20.367	13.904
21.486	13.900
22.550	13.992
23.598	14.074
24.543	14.400
25.496	14.789
26.692	14.889
28.339	13.899
29.759	13.131
30.782	13.117
31.548	13.591
32.242	14.305
32.951	15.017
33.668	15.788
34.659	16.272
36.382	15.425
38.246	13.966
39.354	13.671
40.058	14.153
40.693	14.825
41.311	15.561
41.954	16.348
42.828	16.894
44.396	16.488
47.021	14.592
49.278	12.927
50.306	12.732
50.847	13.227
51.368	13.878
52.136	14.383
53.392	14.399
54.975	13.902
56.180	13.619
56.831	13.932
57.242	14.605
57.644	15.395
58.184	16.123
59.043	16.540
60.413	16.340
62.128	15.617
63.566	15.095
64.501	15.129
65.151	15.527
65.716	16.077
66.315	16.641
67.037	17.098
67.946	17.346
69.090	17.324
70.581	16.948
72.480	16.152
74.343	15.315
75.630	14.992
76.493	15.141
77.473	15.351
79.355	15.035
82.678	13.725
85.950	12.324
87.839	11.757
88.864	11.722
89.525	11.900
90.007	12.186
90.395	12.540
90.742	12.941
91.088	13.369
91.469	13.806
91.919	14.227
92.476	14.602
93.164	14.901
93.977	15.113
94.877	15.255
95.812	15.364
96.766	15.461
97.775	15.532
98.919	15.526
100.275	15.387
101.845	15.110
103.539	14.755
105.236	14.403
106.832	14.111
108.221	13.924
109.327	13.877
110.148	13.980
110.755	14.210
111.248	14.524
111.742	14.869
112.371	15.171
113.303	15.331
114.711	15.234
116.582	14.858
118.546	14.389
120.167	14.072
121.324	13.985
122.117	14.086
122.670	14.318
123.085	14.638
123.439	15.012
123.804	15.407
124.257	15.780
124.911	16.069
125.927	16.174
127.442	16.000
129.326	15.585
131.114	15.176
132.486	14.978
133.537	14.971
134.555	15.027
135.900	14.984
138.002	14.662
141.060	13.964
144.396	13.129
146.953	12.555
148.521	12.336
149.469	12.347
150.136	12.469
150.717	12.634
151.315	12.805
151.990	12.960
152.768	13.084
153.647	13.174
154.591	13.237
155.543	13.290
156.447	13.354
157.284	13.440
158.082	13.546
158.909	13.651
159.864	13.726
161.045	13.734
162.496	13.652
164.133	13.496
165.741	13.329
167.100	13.224
168.120	13.221
168.843	13.314
169.359	13.481
169.750	13.699
170.076	13.948
170.380	14.216
170.692	14.492
171.039	14.767
171.447	15.030
171.947	15.268
172.587	15.462
173.465	15.580
174.788	15.554
176.933	15.266
180.220	14.614
184.168	13.743
187.537	13.035
189.773	12.668
191.169	12.552
192.106	12.572
192.798	12.662
193.351	12.793
193.817	12.950
194.232	13.126
194.621	13.315
195.003	13.510
195.390	13.710
195.788	13.911
196.201	14.113
196.628	14.314
197.074	14.515
197.552	14.712
198.096	14.896
198.783	15.046
199.758	15.122
201.234	15.056
203.389	14.790
206.070	14.352
208.703	13.904
210.798	13.601
212.340	13.459
213.572	13.418
214.717	13.412
215.892	13.404
217.124	13.382
218.371	13.351
219.557	13.328
220.618	13.331
221.525	13.368
222.295	13.441
222.978	13.539
223.648	13.648
224.406	13.746
225.384	13.803
226.751	13.781
228.651	13.641
231.055	13.382
233.631	13.067
235.903	12.801
237.598	12.649
238.750	12.614
239.533	12.662
240.109	12.760
240.586	12.885
241.033	13.021
241.490	13.160
241.989	13.294
242.555	13.417
243.215	13.524
243.992	13.607
244.904	13.662
245.955	13.686
247.132	13.681
248.398	13.654
249.704	13.615
251.005	13.575
252.275	13.541
253.513	13.514
254.734	13.493
255.964	13.472
257.225	13.447
258.530	13.414
259.878	13.372
261.247	13.324
262.596	13.278
263.871	13.242
265.018	13.228
266.001	13.243
266.810	13.292
267.460	13.372
267.979	13.481
268.400	13.613
268.757	13.761
269.077	13.922
269.388	14.089
269.711	14.258
270.070	14.424
270.491	14.581
271.005	14.722
271.660	14.835
272.519	14.907
273.673	14.918
275.219	14.844
277.210	14.673
279.545	14.421
281.943	14.146
284.081	13.918
285.806	13.774
287.167	13.710
288.324	13.695
289.435	13.697
290.618	13.692
291.926	13.665
293.353	13.614
294.840	13.550
296.313	13.484
297.720	13.430
299.043	13.390
300.296	13.365
301.495	13.349
302.647	13.341
303.734	13.343
304.731	13.358
305.613	13.391
306.368	13.445
307.000	13.521
307.527	13.618
307.974	13.730
308.367	13.856
308.731	13.989
309.086	14.128
309.451	14.268
309.841	14.405
310.268	14.538
310.739	14.665
311.258	14.783
311.822	14.893
312.422	14.996
313.042	15.094
313.662	15.191
314.264	15.293
314.829	15.401
315.349	15.521
315.820	15.652
316.249	15.796
316.644	15.949
317.021	16.110
317.397	16.275
317.794	16.439
318.240	16.595
318.777	16.734
319.469	16.840
320.414	16.891
321.744	16.854
323.589	16.697
325.959	16.414
328.614	16.059
331.155	15.724
333.317	15.476
335.125	15.315
336.784	15.201
338.542	15.084
340.582	14.924
342.945	14.707
345.464	14.458
347.835	14.227
349.798	14.062
351.273	13.979
352.332	13.968
353.103	14.011
353.707	14.086
354.243	14.177
354.795	14.271
355.445	14.353
356.291	14.410
357.456	14.420
359.087	14.361
361.319	14.212
364.188	13.969
367.542	13.654
371.053	13.318
374.370	13.013
377.273	12.770
379.698	12.593
381.674	12.476
383.266	12.410
384.547	12.382
385.588	12.385
386.448	12.411
387.176	12.454
387.808	12.509
388.370	12.574
388.881	12.645
389.353	12.723
389.795	12.805
390.213	12.891
390.611	12.980
390.995	13.073
391.366	13.168
391.729	13.265
392.086	13.365
392.441	13.466
392.797	13.568
393.157	13.671
393.525	13.774
393.908	13.877
394.315	13.978
394.764	14.075
395.283	14.164
395.926	14.240
396.794	14.289
398.057	14.290
399.980	14.210
402.874	14.008
406.875	13.667
411.612	13.230
416.258	12.801
420.140	12.468
423.159	12.246
425.577	12.103
427.694	12.003
429.700	11.920
431.670	11.844
433.598	11.771
435.439	11.706
437.143	11.653
438.672	11.614
440.012	11.592
441.165	11.587
442.151	11.597
442.991	11.621
443.708	11.656
444.324	11.701
444.857	11.754
445.323	11.814
445.736	11.879
446.105	11.950
446.442	12.024
446.755	12.102
447.051	12.182
447.339	12.265
447.627	12.348
447.926	12.432
448.247	12.515
448.608	12.595
449.033	12.671
449.556	12.739
450.228	12.794
451.119	12.830
452.326	12.837
453.962	12.804
456.142	12.720
458.918	12.579
462.215	12.388
465.795	12.168
469.327	11.951
472.521	11.764
475.230	11.621
477.446	11.522
479.239	11.460
480.697	11.429
481.897	11.419
482.899	11.427
483.747	11.447
484.472	11.478
485.099	11.518
485.646	11.564
486.127	11.616
486.554	11.674
486.934	11.735
487.276	11.801
487.585	11.870
487.866	11.942
488.125	12.017
488.363	12.094
488.586	12.174
488.796	12.256
488.997	12.339
489.190	12.425
489.381	12.511
489.571	12.599
489.764	12.688
489.963	12.778
490.172	12.867
490.395	12.957
490.636	13.045
490.901	13.133
491.196	13.218
491.525	13.302
491.895	13.382
492.314	13.457
492.787	13.528
493.321	13.593
493.921	13.651
494.589	13.703
495.330	13.746
496.144	13.782
497.037	13.809
498.017	13.827
499.099	13.835
500.314	13.829
501.702	13.807
503.312	13.762
505.187	13.691
507.333	13.592
509.695	13.470
512.147	13.337
514.515	13.209
516.646	13.103
518.448	13.027
519.909	12.986
521.073	12.974
522.012	12.985
522.799	13.014
523.507	13.051
524.198	13.093
524.937	13.132
525.794	13.163
526.856	13.178
528.232	13.167
530.047	13.120
532.414	13.026
535.374	12.881
538.816	12.693
542.452	12.485
545.910	12.289
548.890	12.130
551.269	12.019
553.079	11.956
554.430	11.930
555.443	11.932
556.219	11.954
556.831	11.990
557.327	12.036
557.741	12.090
558.093	12.148
558.399	12.211
558.667	12.278
558.905	12.348
559.119	12.421
559.314	12.496
559.494	12.573
559.661	12.652
559.818	12.733
559.968	12.815
560.114	12.898
560.257	12.983
560.400	13.069
560.544	13.156
560.691	13.244
560.845	13.332
561.006	13.420
561.180	13.508
561.367	13.596
561.574	13.684
561.806	13.770
562.069	13.854
562.373	13.935
562.733	14.012
563.168	14.083
563.712	14.145
564.417	14.192
565.367	14.218
566.699	14.211
568.609	14.152
571.334	14.022
575.039	13.804
579.612	13.507
584.528	13.177
589.052	12.876
592.671	12.652
595.300	12.513
597.132	12.443
598.429	12.420
599.409	12.425
600.221	12.447
600.962	12.476
601.690	12.507
602.441	12.537
603.238	12.564
604.092	12.588
605.010	12.606
605.995	12.620
607.049	12.628
608.177	12.632
609.387	12.629
610.704	12.619
612.165	12.600
613.826	12.568
615.760	12.519
618.039	12.448
620.709	12.351
623.755	12.229
627.064	12.088
630.432	11.943
633.623	11.806
636.438	11.693
638.777	11.610
640.636	11.557
642.075	11.532
643.180	11.529
644.034	11.542
644.708	11.568
645.258	11.602
645.721	11.642
646.127	11.687
646.493	11.734
646.834	11.784
647.159	11.835
647.475	11.888
647.787	11.941
648.100	11.994
648.417	12.048
648.741	12.101
649.074	12.155
649.421	12.208
649.782	12.260
650.162	12.312
650.563	12.362
650.989	12.412
651.443	12.459
651.931	12.505
652.456	12.549
653.024	12.590
653.642	12.628
654.316	12.662
655.052	12.692
655.856	12.717
656.732	12.738
657.681	12.753
658.700	12.763
659.784	12.769
660.920	12.770
662.091	12.768
663.278	12.765
664.461	12.761
665.620	12.759
666.740	12.759
667.812	12.762
668.832	12.769
669.802	12.779
670.727	12.793
671.618	12.809
672.486	12.828
673.339	12.847
674.189	12.867
675.041	12.887
675.900	12.907
676.768	12.926
677.642	12.944
678.520	12.962
679.396	12.980
680.264	12.999
681.119	13.018
681.960	13.038
682.784	13.060
683.593	13.083
684.394	13.106
685.192	13.130
685.999	13.153
686.826	13.176
687.687	13.196
688.597	13.214
689.571	13.226
690.628	13.234
691.786	13.234
693.069	13.227
694.508	13.209
696.143	13.178
698.023	13.131
700.210	13.066
702.765	12.977
705.725	12.864
709.078	12.726
712.728	12.571
716.497	12.408
720.164	12.251
723.527	12.113
726.461	12.001
728.925	11.917
730.948	11.860
732.596	11.826
733.940	11.810
735.046	11.809
735.970	11.818
736.754	11.836
737.429	11.860
738.020	11.890
738.545	11.923
739.020	11.960
739.457	11.999
739.866	12.041
740.258	12.083
740.642	12.127
741.027	12.171
741.423	12.214
741.839	12.257
742.285	12.299
742.773	12.339
743.314	12.376
743.919	12.409
744.600	12.439
745.369	12.463
746.233	12.482
747.200	12.495
748.269	12.502
749.435	12.503
750.683	12.498
751.992	12.489
753.334	12.478
754.678	12.466
755.992	12.455
757.248	12.447
758.425	12.443
759.509	12.444
760.495	12.451
761.385	12.464
762.184	12.482
762.902	12.506
763.552	12.533
764.144	12.565
764.691	12.599
765.202	12.636
765.688	12.675
766.156	12.715
766.615	12.756
767.069	12.797
767.524	12.839
767.983	12.881
768.451	12.923
768.928	12.964
769.416	13.005
769.915	13.045
770.427	13.084
770.951	13.123
771.487	13.162
772.037	13.199
772.601	13.236
773.182	13.272
773.787	13.307
774.423	13.340
775.104	13.370
775.848	13.397
776.682	13.419
777.642	13.433
778.781	13.437
780.165	13.426
781.880	13.396
784.020	13.340
786.673	13.254
789.885	13.135
793.609	12.985
797.680	12.815
801.832	12.640
805.775	12.476
809.286	12.337
812.262	12.229
814.711	12.151
816.702	12.099
818.332	12.069
819.692	12.054
820.859	12.050
821.892	12.054
822.834	12.063
823.719	12.076
824.570	12.091
825.405	12.107
826.235	12.123
827.072	12.140
827.921	12.156
828.787	12.171
829.671	12.185
830.574	12.198
831.492	12.210
832.421	12.221
833.356	12.233
834.287	12.244
835.206	12.255
836.106	12.268
836.977	12.281
837.813	12.297
838.610	12.314
839.363	12.334
840.070	12.356
840.732	12.380
841.353	12.407
841.934	12.435
842.478	12.466
842.992	12.499
843.479	12.534
843.946	12.569
844.396	12.606
844.835	12.644
845.270	12.682
845.704	12.721
846.143	12.760
846.594	12.798
847.062	12.835
847.556	12.872
848.083	12.907
848.654	12.939
849.278	12.969
849.970	12.996
850.742	13.018
851.608	13.036
852.585	13.047
853.687	13.051
854.924	13.048
856.305	13.037
857.835	13.017
859.510	12.989
861.319	12.954
863.246	12.912
865.275	12.865
867.382	12.813
869.546	12.759
871.747	12.703
873.964	12.646
876.173	12.590
878.349	12.536
880.466	12.485
882.497	12.439
884.417	12.398
886.206	12.363
887.851	12.336
889.347	12.316
890.695	12.304
891.904	12.298
892.984	12.299
893.950	12.306
894.817	12.318
895.597	12.334
896.305	12.355
896.953	12.378
897.554	12.404
898.120	12.432
898.662	12.461
899.195	12.491
899.737	12.522
900.307	12.551
900.935	12.578
901.658	12.602
902.526	12.619
903.605	12.627
904.978	12.622
906.738	12.599
908.979	12.554
911.766	12.483
915.095	12.387
918.859	12.270
922.844	12.141
926.765	12.013
930.358	11.899
933.450	11.806
935.979	11.739
937.977	11.696
939.527	11.673
940.725	11.666
941.661	11.672
942.405	11.687
943.014	11.708
943.527	11.734
943.970	11.763
944.364	11.794
944.722	11.828
945.052	11.863
945.362	11.899
945.656	11.935
945.936	11.973
946.208	12.012
946.471	12.050
946.728	12.090
946.981	12.130
947.230	12.170
947.478	12.211
947.725	12.251
947.972	12.292
948.222	12.334
948.475	12.375
948.733	12.416
948.997	12.458
949.269	12.499
949.551	12.540
949.846	12.580
950.156	12.620
950.483	12.660
950.831	12.699
951.205	12.736
951.607	12.773
952.044	12.808
952.522	12.842
953.048	12.873
953.629	12.901
954.276	12.927
954.999	12.949
955.810	12.967
956.722	12.980
957.749	12.988
958.904	12.989
960.200	12.984
961.647	12.971
963.250	12.950
965.010	12.921
966.915	12.886
968.945	12.844
971.074	12.797
973.262	12.748
975.464	12.697
977.639	12.647
979.744	12.601
981.745	12.559
983.620	12.523
985.350	12.494
986.933	12.472
988.370	12.456
989.668	12.447
990.839	12.444
991.896	12.446
992.852	12.452
993.721	12.463
994.517	12.478
995.249	12.495
995.929	12.515
996.564	12.538
997.163	12.562
997.730	12.587
998.271	12.614
998.790	12.642
999.290	12.671
999.772	12.701
1000.239	12.732
1000.691	12.764
1001.129	12.796
1001.556	12.830
1001.969	12.863
1002.370	12.898
1002.759	12.933
1003.137	12.969
1003.505	13.006
1003.861	13.043
1004.207	13.081
1004.544	13.120
1004.872	13.159
1005.192	13.199
1005.504	13.240
1005.810	13.281
1006.110	13.322
1006.405	13.365
1006.697	13.407
1006.984	13.450
1007.270	13.493
1007.555	13.536
1007.839	13.580
1008.123	13.624
1008.409	13.668
1008.697	13.713
1008.989	13.757
1009.286	13.801
1009.589	13.845
1009.900	13.889
1010.221	13.933
1010.554	13.977
1010.903	14.019
1011.272	14.061
1011.667	14.102
1012.094	14.141
1012.563	14.178
1013.089	14.213
1013.687	14.243
1014.384	14.269
1015.214	14.288
1016.219	14.297
1017.459	14.294
1019.003	14.275
1020.929	14.236
1023.305	14.173
1026.165	14.084
1029.481	13.970
1033.130	13.839
1036.908	13.699
1040.574	13.565
1043.917	13.446
1046.811	13.351
1049.221	13.281
1051.180	13.234
1052.761	13.206
1054.043	13.195
1055.101	13.195
1055.996	13.203
1056.778	13.218
1057.483	13.237
1058.141	13.259
1058.774	13.282
1059.400	13.306
1060.033	13.330
1060.687	13.353
1061.373	13.375
1062.101	13.395
1062.882	13.412
1063.722	13.427
1064.630	13.438
1065.612	13.447
1066.667	13.451
1067.797	13.452
1068.995	13.449
1070.250	13.443
1071.550	13.435
1072.875	13.426
1074.206	13.416
1075.521	13.406
1076.801	13.398
1078.028	13.392
1079.190	13.389
1080.281	13.389
1081.297	13.393
1082.241	13.400
1083.119	13.411
1083.942	13.424
1084.722	13.440
1085.477	13.457
1086.226	13.475
1086.990	13.493
1087.797	13.509
1088.676	13.522
1089.665	13.530
1090.806	13.532
1092.145	13.525
1093.738	13.507
1095.628	13.476
1097.860	13.429
1100.451	13.366
1103.382	13.288
1106.596	13.197
1109.986	13.098
1113.426	12.996
1116.776	12.899
1119.926	12.810
1122.797	12.733
1125.354	12.670
1127.591	12.621
1129.529	12.584
1131.197	12.559
1132.629	12.544
1133.857	12.538
1134.912	12.539
1135.821	12.546
1136.607	12.559
1137.289	12.576
1137.885	12.596
1138.407	12.620
1138.869	12.647
1139.281	12.675
1139.650	12.706
1139.983	12.738
1140.287	12.772
1140.567	12.807
1140.826	12.843
1141.069	12.880
1141.297	12.917
1141.514	12.956
1141.720	12.995
1141.919	13.034
1142.112	13.074
1142.299	13.115
1142.484	13.156
1142.666	13.197
1142.848	13.238
1143.031	13.280
1143.219	13.322
1143.412	13.364
1143.615	13.405
1143.833	13.446
1144.071	13.487
1144.339	13.527
1144.646	13.565
1145.010	13.601
1145.449	13.634
1145.991	13.662
1146.671	13.685
1147.532	13.701
1148.626	13.706
1150.009	13.698
1151.734	13.676
1153.838	13.636
1156.321	13.579
1159.136	13.507
1162.174	13.423
1165.285	13.335
1168.312	13.250
1171.117	13.175
1173.631	13.111
1175.843	13.062
1177.802	13.024
1179.593	12.996
1181.322	12.971
1183.105	12.946
1185.057	12.917
1187.276	12.878
1189.836	12.826
1192.765	12.761
1196.026	12.683
1199.509	12.596
1203.046	12.505
1206.451	12.419
1209.558	12.343
1212.256	12.281
1214.506	12.236
1216.321	12.207
1217.752	12.193
1218.867	12.190
1219.731	12.197
1220.404	12.212
1220.936	12.232
1221.364	12.256
1221.717	12.283
1222.017	12.312
1222.280	12.344
1222.516	12.376
1222.735	12.409
1222.941	12.443
1223.139	12.477
1223.332	12.512
1223.522	12.547
1223.712	12.582
1223.903	12.618
1224.096	12.653
1224.293	12.689
1224.493	12.724
1224.700	12.760
1224.914	12.795
1225.135	12.830
1225.366	12.865
1225.609	12.900
1225.863	12.935
1226.134	12.969
1226.421	13.002
1226.728	13.035
1227.059	13.068
1227.416	13.099
1227.804	13.129
1228.227	13.158
1228.690	13.186
1229.199	13.212
1229.760	13.235
1230.378	13.257
1231.062	13.276
1231.817	13.292
1232.649	13.306
1233.564	13.316
1234.566	13.322
1235.659	13.325
1236.842	13.323
1238.117	13.318
1239.481	13.310
1240.929	13.298
1242.455	13.283
1244.054	13.264
1245.719	13.243
1247.441	13.220
1249.213	13.195
1251.026	13.168
1252.869	13.140
1254.730	13.111
1256.595	13.082
1258.445	13.054
1260.265	13.027
1262.034	13.002
1263.736	12.979
1265.357	12.959
1266.887	12.942
1268.319	12.930
1269.653	12.921
1270.891	12.916
1272.041	12.914
1273.109	12.915
1274.106	12.919
1275.041	12.926
1275.923	12.935
1276.762	12.945
1277.565	12.957
1278.337	12.970
1279.084	12.985
1279.808	13.000
1280.514	13.016
1281.201	13.032
1281.872	13.050
1282.525	13.068
1283.162	13.086
1283.783	13.105
1284.389	13.125
1284.980	13.146
1285.559	13.167
1286.124	13.189
1286.682	13.211
1287.232	13.233
1287.779	13.256
1288.326	13.278
1288.876	13.301
1289.434	13.323
1290.005	13.346
1290.592	13.367
1291.199	13.388
1291.832	13.408
1292.494	13.427
1293.189	13.444
1293.924	13.460
1294.701	13.475
1295.526	13.488
1296.407	13.498
1297.351	13.506
1298.371	13.511
1299.480	13.513
1300.700	13.511
1302.054	13.503
1303.575	13.490
1305.298	13.469
1307.263	13.439
1309.507	13.399
1312.055	13.347
1314.911	13.284
1318.052	13.211
1321.409	13.129
1324.887	13.043
1328.366	12.957
1331.728	12.875
1334.872	12.800
1337.739	12.736
1340.303	12.683
1342.570	12.641
1344.570	12.608
1346.338	12.584
1347.917	12.568
1349.339	12.556
1350.640	12.550
1351.840	12.547
1352.958	12.547
1354.005	12.549
1354.992	12.553
1355.922	12.560
1356.800	12.568
1357.627	12.578
1358.406	12.589
1359.136	12.602
1359.822	12.617
1360.463	12.633
1361.063	12.651
1361.625	12.670
1362.151	12.690
1362.645	12.712
1363.110	12.734
1363.549	12.758
1363.965	12.782
1364.363	12.808
1364.745	12.833
1365.116	12.860
1365.476	12.887
1365.831	12.914
1366.182	12.941
1366.535	12.969
1366.892	12.996
1367.257	13.024
1367.635	13.051
1368.031	13.077
1368.449	13.103
1368.897	13.128
1369.383	13.152
1369.914	13.174
1370.500	13.195
1371.151	13.213
1371.880	13.229
1372.697	13.241
1373.616	13.250
1374.643	13.255
1375.790	13.256
1377.057	13.252
1378.444	13.244
1379.940	13.232
1381.529	13.216
1383.183	13.198
1384.874	13.178
1386.567	13.157
1388.222	13.138
1389.814	13.120
1391.309	13.106
1392.695	13.095
1393.957	13.089
1395.095	13.087
1396.109	13.090
1397.010	13.097
1397.805	13.107
1398.507	13.121
1399.128	13.138
1399.678	13.158
1400.170	13.180
1400.611	13.203
1401.010	13.229
1401.374	13.256
1401.709	13.284
1402.020	13.313
1402.309	13.343
1402.583	13.374
1402.841	13.406
1403.089	13.438
1403.326	13.471
1403.556	13.504
1403.779	13.537
1403.997	13.571
1404.211	13.605
1404.422	13.640
1404.631	13.674
1404.839	13.709
1405.047	13.744
1405.255	13.779
1405.465	13.814
1405.677	13.850
1405.892	13.885
1406.111	13.920
1406.335	13.956
1406.565	13.991
1406.801	14.026
1407.046	14.061
1407.301	14.096
1407.566	14.130
1407.846	14.164
1408.142	14.197
1408.460	14.230
1408.804	14.262
1409.183	14.293
1409.612	14.322
1410.109	14.348
1410.707	14.371
1411.457	14.389
1412.442	14.397
1413.795	14.393
1415.721	14.368
1418.520	14.312
1422.581	14.210
1428.287	14.049
1435.796	13.824
1444.732	13.546
1454.105	13.253
1462.710	12.986
1469.706	12.775
1474.899	12.628
1478.539	12.536
1481.031	12.484
1482.740	12.460
1483.940	12.454
1484.812	12.459
1485.472	12.472
1485.993	12.489
1486.418	12.510
1486.778	12.533
1487.089	12.558
1487.364	12.584
1487.612	12.611
1487.835	12.639
1488.041	12.667
1488.230	12.697
1488.407	12.726
1488.572	12.757
1488.727	12.787
1488.872	12.819
1489.010	12.850
1489.140	12.882
1489.265	12.914
1489.383	12.947
1489.496	12.980
1489.605	13.013
1489.709	13.047
1489.810	13.081
1489.908	13.115
1490.002	13.149
1490.094	13.184
1490.184	13.218
1490.272	13.253
1490.359	13.289
1490.444	13.324
1490.529	13.360
1490.613	13.396
1490.697	13.432
1490.781	13.468
1490.865	13.504
1490.950	13.541
1491.036	13.577
1491.124	13.614
1491.214	13.651
1491.305	13.688
1491.400	13.725
1491.498	13.762
1491.599	13.799
1491.706	13.836
1491.817	13.873
1491.935	13.910
1492.059	13.947
1492.193	13.984
1492.336	14.021
1492.492	14.057
1492.664	14.093
1492.856	14.128
1493.076	14.163
1493.333	14.196
1493.644	14.228
1494.034	14.257
1494.538	14.282
1495.218	14.302
1496.158	14.312
1497.492	14.309
1499.397	14.286
1502.106	14.236
1505.866	14.148
1510.851	14.018
1517.018	13.845
1523.993	13.643
1531.096	13.435
1537.592	13.246
1542.985	13.095
1547.124	12.986
1550.132	12.917
1552.258	12.878
1553.749	12.861
1554.812	12.859
1555.596	12.868
1556.204	12.882
1556.706	12.901
1557.145	12.922
1557.552	12.944
1557.945	12.966
1558.339	12.989
1558.744	13.012
1559.165	13.035
1559.612	13.056
1560.088	13.077
1560.598	13.097
1561.147	13.116
1561.738	13.133
1562.374	13.150
1563.059	13.164
1563.793	13.177
1564.576	13.189
1565.408	13.199
1566.285	13.207
1567.201	13.214
1568.154	13.220
1569.130	13.225
1570.121	13.230
1571.120	13.234
1572.109	13.238
1573.084	13.243
1574.029	13.248
1574.937	13.255
1575.801	13.262
1576.613	13.272
1577.372	13.283
1578.073	13.296
1578.718	13.311
1579.305	13.327
1579.840	13.346
1580.323	13.366
1580.760	13.388
1581.153	13.411
1581.507	13.436
1581.825	13.462
1582.114	13.489
1582.374	13.517
1582.611	13.546
1582.828	13.576
1583.026	13.607
1583.210	13.638
1583.382	13.670
1583.543	13.702
1583.697	13.735
1583.844	13.768
1583.986	13.802
1584.125	13.835
1584.264	13.869
1584.404	13.903
1584.547	13.938
1584.696	13.972
1584.855	14.005
1585.029	14.039
1585.225	14.072
1585.452	14.104
1585.727	14.135
1586.071	14.164
1586.519	14.189
1587.122	14.210
1587.953	14.223
1589.123	14.226
1590.779	14.212
1593.115	14.177
1596.345	14.112
1600.651	14.012
1606.083	13.874
1612.441	13.705
1619.239	13.521
1625.836	13.341
1631.656	13.185
1636.383	13.064
1639.990	12.979
1642.620	12.926
1644.494	12.898
1645.824	12.888
1646.778	12.890
1647.480	12.900
1648.020	12.916
1648.453	12.935
1648.819	12.957
1649.145	12.980
1649.444	13.005
1649.731	13.029
1650.011	13.054
1650.291	13.080
1650.573	13.105
1650.862	13.130
1651.158	13.155
1651.464	13.180
1651.781	13.205
1652.110	13.229
1652.453	13.253
1652.811	13.277
1653.182	13.300
1653.571	13.323
1653.974	13.345
1654.394	13.367
1654.830	13.389
1655.281	13.410
1655.751	13.430
1656.234	13.451
1656.733	13.470
1657.247	13.490
1657.774	13.509
1658.316	13.527
1658.871	13.545
1659.439	13.563
1660.023	13.580
1660.622	13.597
1661.239	13.613
1661.879	13.629
1662.545	13.643
1663.246	13.657
1663.991	13.670
1664.792	13.681
1665.666	13.689
1666.632	13.695
1667.714	13.698
1668.937	13.696
1670.332	13.689
1671.929	13.676
1673.751	13.656
1675.817	13.628
1678.130	13.593
1680.673	13.551
1683.404	13.502
1686.256	13.449
1689.150	13.395
1691.995	13.342
1694.708	13.292
1697.221	13.249
1699.491	13.212
1701.500	13.184
1703.249	13.163
1704.760	13.149
1706.060	13.142
1707.180	13.141
1708.156	13.144
1709.016	13.151
1709.787	13.160
1710.495	13.172
1711.160	13.185
1711.797	13.199
1712.423	13.214
1713.049	13.228
1713.684	13.243
1714.339	13.257
1715.018	13.271
1715.730	13.283
1716.478	13.295
1717.265	13.305
1718.095	13.314
1718.967	13.322
1719.884	13.329
1720.844	13.334
1721.846	13.338
1722.887	13.341
1723.964	13.343
1725.073	13.343
1726.213	13.343
1727.378	13.342
1728.565	13.341
1729.771	13.338
1730.994	13.336
1732.230	13.332
1733.477	13.329
1734.732	13.325
1735.991	13.321
1737.253	13.317
1738.509	13.313
1739.759	13.309
1740.996	13.306
1742.211	13.303
1743.403	13.301
1744.560	13.299
1745.683	13.299
1746.763	13.300
1747.801	13.302
1748.791	13.305
1749.737	13.310
1750.638	13.316
1751.500	13.323
1752.327	13.332
1753.127	13.341
1753.908	13.351
1754.680	13.361
1755.453	13.371
1756.241	13.381
1757.054	13.391
1757.908	13.399
1758.817	13.406
1759.792	13.411
1760.848	13.414
1761.998	13.414
1763.245	13.411
1764.603	13.406
1766.066	13.397
1767.633	13.385
1769.294	13.370
1771.031	13.353
1772.826	13.334
1774.654	13.314
1776.489	13.294
1778.306	13.274
1780.084	13.255
1781.805	13.237
1783.459	13.222
1785.041	13.208
1786.550	13.197
1787.991	13.187
1789.375	13.180
1790.712	13.173
1792.016	13.168
1793.298	13.164
1794.575	13.160
1795.860	13.155
1797.161	13.151
1798.491	13.146
1799.860	13.139
1801.268	13.132
1802.722	13.124
1804.222	13.114
1805.763	13.103
1807.341	13.091
1808.946	13.078
1810.564	13.065
1812.187	13.052
1813.794	13.039
1815.372	13.027
1816.908	13.015
1818.384	13.005
1819.792	12.997
1821.122	12.991
1822.366	12.987
1823.521	12.986
1824.588	12.987
1825.565	12.990
1826.456	12.996
1827.264	13.003
1827.996	13.013
1828.656	13.025
1829.251	13.039
1829.786	13.054
1830.268	13.071
1830.703	13.089
1831.095	13.109
1831.451	13.129
1831.776	13.151
1832.073	13.173
1832.349	13.196
1832.609	13.220
1832.856	13.244
1833.097	13.268
1833.341	13.292
1833.596	13.317
1833.875	13.340
1834.198	13.363
1834.591	13.385
1835.096	13.403
1835.772	13.418
1836.710	13.426
1838.042	13.425
1839.955	13.410
1842.703	13.374
1846.588	13.310
1851.901	13.211
1858.824	13.072
1867.233	12.896
1876.565	12.697
1885.974	12.495
1894.591	12.311
1901.809	12.161
1907.480	12.049
1911.758	11.971
1914.920	11.920
1917.280	11.889
1919.082	11.872
1920.508	11.863
1921.694	11.861
1922.720	11.863
1923.638	11.867
1924.486	11.873
1925.286	11.881
1926.046	11.889
1926.779	11.897
1927.489	11.907
1928.174	11.917
1928.840	11.927
1929.488	11.937
1930.114	11.948
1930.724	11.960
1931.315	11.972
1931.886	11.984
1932.442	11.997
1932.980	12.010
1933.501	12.023
1934.007	12.037
1934.498	12.051
1934.975	12.066
1935.438	12.080
1935.891	12.095
1936.332	12.111
1936.764	12.126
1937.187	12.142
1937.603	12.158
1938.014	12.174
1938.419	12.191
1938.821	12.207
1939.221	12.224
1939.619	12.240
1940.018	12.257
1940.418	12.274
1940.821	12.290
1941.226	12.307
1941.637	12.323
1942.053	12.340
1942.475	12.356
1942.904	12.372
1943.341	12.389
1943.786	12.404
1944.241	12.420
1944.705	12.436
1945.180	12.451
1945.664	12.466
1946.160	12.481
1946.667	12.496
1947.185	12.511
1947.715	12.525
1948.257	12.539
1948.810	12.553
1949.375	12.566
1949.951	12.579
1950.540	12.592
1951.140	12.605
1951.750	12.617
1952.374	12.630
1953.007	12.642
1953.653	12.653
1954.309	12.665
1954.976	12.676
1955.653	12.687
1956.340	12.698
1957.037	12.708
1957.741	12.719
1958.455	12.729
1959.174	12.739
1959.899	12.749
1960.628	12.758
1961.361	12.768
1962.094	12.778
1962.827	12.787
1963.558	12.797
1964.285	12.807
1965.007	12.816
1965.722	12.827
1966.431	12.837
1967.131	12.847
1967.823	12.858
1968.508	12.868
1969.188	12.879
1969.866	12.890
1970.545	12.901
1971.232	12.912
1971.935	12.923
1972.664	12.933
1973.430	12.942
1974.250	12.951
1975.147	12.957
1976.139	12.962
1977.253	12.963
1978.525	12.961
1979.981	12.955
1981.652	12.944
1983.573	12.927
1985.757	12.905
1988.208	12.875
1990.919	12.840
1993.844	12.799
1996.920	12.755
2000.073	12.708
2003.200	12.662
2006.212	12.618
2009.033	12.578
2011.596	12.544
2013.875	12.516
2015.853	12.495
2017.542	12.480
2018.966	12.472
2020.151	12.469
2021.135	12.471
2021.947	12.477
2022.620	12.486
2023.178	12.499
2023.647	12.513
2024.044	12.529
2024.386	12.546
2024.685	12.565
2024.953	12.584
2025.198	12.604
2025.426	12.624
2025.645	12.645
2025.859	12.666
2026.074	12.687
2026.293	12.708
2026.520	12.729
2026.761	12.750
2027.020	12.770
2027.301	12.790
2027.612	12.810
2027.957	12.829
2028.343	12.846
2028.781	12.863
2029.277	12.879
2029.844	12.893
2030.492	12.905
2031.235	12.915
2032.084	12.923
2033.055	12.927
2034.161	12.929
2035.410	12.928
2036.812	12.923
2038.375	12.914
2040.093	12.902
2041.955	12.886
2043.950	12.867
2046.048	12.845
2048.215	12.822
2050.420	12.798
2052.617	12.773
2054.768	12.750
2056.840	12.728
2058.806	12.708
2060.641	12.691
2062.339	12.678
2063.890	12.667
2065.297	12.660
2066.571	12.656
2067.715	12.655
2068.745	12.656
2069.671	12.660
2070.506	12.666
2071.262	12.674
2071.947	12.684
2072.574	12.695
2073.146	12.707
2073.675	12.720
2074.162	12.735
2074.615	12.750
2075.038	12.765
2075.434	12.782
2075.805	12.799
2076.156	12.817
2076.486	12.835
2076.801	12.853
2077.098	12.872
2077.382	12.892
2077.653	12.912
2077.912	12.932
2078.160	12.952
2078.400	12.973
2078.630	12.994
2078.854	13.015
2079.071	13.036
2079.282	13.058
2079.489	13.079
2079.693	13.101
2079.893	13.123
2080.092	13.145
2080.290	13.168
2080.488	13.190
2080.688	13.212
2080.890	13.234
2081.096	13.257
2081.308	13.279
2081.527	13.301
2081.754	13.323
2081.992	13.345
2082.244	13.367
2082.512	13.388
2082.799	13.409
2083.110	13.429
2083.448	13.449
2083.820	13.468
2084.230	13.486
2084.688	13.503
2085.200	13.519
2085.777	13.533
2086.430	13.546
2087.170	13.556
2088.012	13.564
2088.969	13.569
2090.055	13.571
2091.282	13.570
2092.665	13.564
2094.206	13.555
2095.909	13.542
2097.767	13.525
2099.767	13.504
2101.883	13.480
2104.087	13.454
2106.334	13.426
2108.587	13.398
2110.797	13.371
2112.932	13.346
2114.953	13.323
2116.842	13.304
2118.579	13.288
2120.161	13.275
2121.590	13.267
2122.872	13.262
2124.018	13.260
2125.041	13.262
2125.956	13.266
2126.776	13.273
2127.514	13.281
2128.182	13.292
2128.791	13.303
2129.350	13.316
2129.866	13.331
2130.347	13.346
2130.798	13.362
2131.224	13.378
2131.629	13.396
2132.017	13.413
2132.390	13.431
2132.750	13.450
2133.101	13.468
2133.444	13.487
2133.779	13.507
2134.109	13.526
2134.435	13.546
2134.759	13.565
2135.081	13.585
2135.403	13.605
2135.725	13.625
2136.050	13.644
2136.378	13.664
2136.711	13.684
2137.051	13.704
2137.398	13.723
2137.756	13.742
2138.126	13.762
2138.511	13.780
2138.915	13.799
2139.339	13.816
2139.788	13.834
2140.266	13.850
2140.778	13.866
2141.329	13.881
2141.926	13.895
2142.573	13.907
2143.280	13.918
2144.052	13.928
2144.898	13.935
2145.826	13.941
2146.841	13.944
2147.951	13.945
2149.161	13.943
2150.474	13.939
2151.888	13.932
2153.400	13.922
2155.004	13.910
2156.687	13.896
2158.435	13.880
2160.229	13.863
2162.046	13.845
2163.868	13.827
2165.672	13.810
2167.437	13.793
2169.148	13.777
2170.792	13.763
2172.360	13.751
2173.850	13.741
2175.260	13.733
2176.595	13.727
2177.863	13.723
2179.071	13.720
2180.233	13.719
2181.361	13.718
2182.471	13.718
2183.576	13.719
2184.694	13.719
2185.839	13.718
2187.028	13.717
2188.277	13.714
2189.597	13.710
2191.005	13.703
2192.505	13.695
2194.106	13.684
2195.807	13.670
2197.604	13.654
2199.485	13.636
2201.441	13.617
2203.445	13.596
2205.480	13.574
2207.519	13.552
2209.544	13.530
2211.532	13.509
2213.471	13.489
2215.353	13.471
2217.169	13.454
2218.923	13.438
2220.620	13.425
2222.263	13.412
2223.864	13.401
2225.429	13.390
2226.965	13.380
2228.483	13.371
2229.979	13.362
2231.459	13.354
2232.924	13.346
2234.365	13.339
2235.784	13.332
2237.172	13.325
2238.525	13.320
2239.835	13.315
2241.103	13.312
2242.319	13.309
2243.486	13.308
2244.604	13.308
2245.674	13.308
2246.700	13.310
2247.688	13.313
2248.644	13.317
