<j>	var(j)
1.281	0.288
2.458	0.464
3.755	0.761
4.986	0.470
5.790	0.858
7.366	1.729
9.032	1.771
10.207	1.486
11.154	1.387
12.108	1.141
12.884	0.716
13.456	0.679
14.276	1.268
15.814	2.087
17.283	1.403
18.141	1.259
19.057	1.716
20.318	2.354
21.761	3.190
23.430	4.091
25.040	3.416
26.175	2.723
27.084	2.244
27.855	1.872
28.555	1.907
29.363	2.455
30.462	3.429
31.903	4.978
33.728	6.512
35.590	5.815
36.959	4.422
37.962	3.428
38.748	2.461
39.334	1.665
39.767	1.181
40.118	0.932
40.443	0.821
40.783	0.851
41.217	1.273
42.053	3.253
44.205	8.214
47.249	8.639
49.314	6.843
50.758	5.328
51.815	3.953
52.604	3.217
53.288	3.143
54.010	3.513
54.861	4.088
55.864	4.664
56.991	5.130
58.191	5.420
59.406	5.409
60.570	5.177
61.657	4.924
62.680	4.642
63.639	4.480
64.583	4.939
65.660	6.299
67.020	7.796
68.562	7.841
69.954	6.523
71.053	5.316
71.954	4.535
72.737	3.839
73.414	3.167
73.995	2.703
74.525	2.618
75.087	2.999
75.785	3.898
76.732	5.309
78.005	7.074
79.592	8.661
81.331	8.850
82.890	7.030
84.020	4.745
84.776	3.403
85.356	3.009
85.917	3.136
86.539	3.438
87.245	3.662
88.007	3.680
88.780	3.731
89.603	4.904
90.818	10.350
93.397	23.470
97.574	26.707
100.615	13.622
101.925	6.616
102.588	4.463
103.069	3.671
103.490	3.252
103.884	2.961
104.262	2.733
104.631	2.550
104.994	2.416
105.359	2.354
105.738	2.437
106.160	2.878
106.708	4.278
107.604	8.062
109.320	15.749
112.182	23.017
115.353	23.771
118.077	24.805
120.654	26.092
123.046	22.158
124.854	15.202
126.026	9.899
126.791	7.071
127.358	5.735
127.838	5.088
128.284	4.744
128.717	4.540
129.149	4.407
129.584	4.309
130.027	4.222
130.477	4.136
130.935	4.057
131.400	4.026
131.882	4.134
132.399	4.555
132.999	5.644
133.784	8.207
134.975	13.962
136.977	24.840
140.129	36.694
143.835	37.299
146.865	28.740
148.950	21.875
150.484	18.145
151.740	15.497
152.802	13.029
153.691	10.869
154.440	9.338
155.097	8.563
155.717	8.469
156.350	8.855
157.029	9.442
157.766	9.900
158.545	9.929
159.329	9.395
160.071	8.439
160.743	7.425
161.346	6.780
161.915	6.885
162.521	8.077
163.266	10.661
164.273	14.688
165.649	19.295
167.374	22.252
169.220	21.504
170.876	17.719
172.174	13.347
173.136	9.888
173.853	7.499
174.410	5.888
174.860	4.800
175.240	4.092
175.577	3.689
175.896	3.566
176.220	3.767
176.583	4.461
177.038	6.088
177.698	9.619
178.783	16.718
180.642	28.252
183.487	38.854
186.772	38.093
189.489	28.331
191.332	20.011
192.615	15.955
193.655	14.590
194.624	14.503
195.596	15.082
196.614	16.207
197.710	17.959
198.923	20.389
200.287	23.270
201.813	25.891
203.458	27.173
205.116	26.297
206.659	23.389
207.987	19.457
209.073	15.619
209.941	12.524
210.643	10.310
211.233	8.837
211.750	7.890
212.225	7.282
212.674	6.882
213.110	6.622
213.541	6.482
213.974	6.481
214.419	6.661
214.890	7.071
215.404	7.744
215.982	8.668
216.641	9.749
217.391	10.780
218.222	11.485
219.102	11.666
219.991	11.438
220.863	11.484
221.758	13.407
222.858	20.613
224.627	39.220
227.868	71.757
232.884	93.385
237.964	73.075
241.219	39.302
242.826	19.517
243.625	11.301
244.107	8.201
244.474	7.073
244.804	6.764
245.130	6.871
245.472	7.246
245.842	7.819
246.252	8.538
246.710	9.345
247.220	10.171
247.784	10.939
248.399	11.597
249.057	12.155
249.754	12.745
250.493	13.676
251.298	15.476
252.225	18.894
253.373	24.732
254.876	33.207
256.841	42.612
259.224	48.606
261.741	47.145
264.000	39.311
265.780	30.328
267.121	24.383
268.208	22.927
269.258	26.010
270.475	33.229
272.031	43.285
274.009	52.898
276.315	57.163
278.659	53.087
280.711	42.824
282.297	31.443
283.437	22.493
284.252	16.788
284.871	13.685
285.388	12.277
285.864	11.865
286.335	12.000
286.822	12.410
287.334	12.933
287.875	13.476
288.447	14.004
289.048	14.566
289.681	15.336
290.356	16.687
291.102	19.307
291.981	24.333
293.105	33.401
294.654	48.135
296.844	68.131
299.790	87.495
303.279	95.255
306.731	85.701
309.586	65.933
311.661	46.802
313.096	33.200
314.111	24.783
314.875	19.723
315.492	16.530
316.018	14.333
316.481	12.705
316.898	11.464
317.281	10.544
317.640	9.928
317.985	9.618
318.326	9.622
318.675	9.950
319.044	10.610
319.445	11.606
319.893	12.925
320.400	14.524
320.978	16.312
321.634	18.139
322.368	19.793
323.172	21.041
324.026	21.687
324.905	21.657
325.780	21.045
326.631	20.104
327.445	19.177
328.226	18.603
328.992	18.657
329.770	19.514
330.595	21.238
331.501	23.785
332.520	27.014
333.677	30.735
334.985	34.864
336.452	39.624
338.096	45.649
339.960	53.712
342.104	63.844
344.568	74.097
347.298	80.273
350.089	78.284
352.656	67.834
354.772	52.907
356.365	38.309
357.499	26.747
358.288	18.688
358.844	13.490
359.252	10.291
359.571	8.383
359.837	7.279
360.075	6.668
360.298	6.362
360.516	6.250
360.735	6.273
360.959	6.399
361.193	6.621
361.441	6.948
361.706	7.405
361.994	8.035
362.314	8.899
362.675	10.080
363.093	11.676
363.585	13.793
364.176	16.513
364.891	19.836
365.755	23.610
366.781	27.454
367.963	30.806
369.271	33.127
370.652	34.274
372.058	34.783
373.468	35.839
374.915	38.922
376.487	45.260
378.306	55.065
380.476	66.535
382.999	75.380
385.705	76.745
388.301	69.167
390.519	56.005
392.248	42.247
393.526	31.020
394.461	23.080
395.162	17.929
395.715	14.801
396.181	13.083
396.603	12.390
397.013	12.525
397.436	13.412
397.899	15.051
398.429	17.465
399.052	20.653
399.796	24.524
400.684	28.828
401.725	33.107
402.912	36.741
404.213	39.111
405.577	39.851
406.943	39.023
408.262	37.075
409.502	34.607
410.651	32.108
411.715	29.836
412.702	27.828
413.624	26.006
414.487	24.261
415.294	22.523
416.046	20.785
416.743	19.105
417.387	17.600
417.986	16.451
418.554	15.950
419.114	16.575
419.711	19.169
420.423	25.173
421.385	36.867
422.812	57.010
424.992	86.480
428.152	118.685
432.154	136.676
436.322	126.774
439.835	96.495
442.334	64.739
443.954	41.977
444.999	28.570
445.720	21.407
446.273	17.703
446.740	15.732
447.162	14.567
447.560	13.752
447.941	13.069
448.307	12.424
448.659	11.779
448.997	11.127
449.320	10.474
449.629	9.833
449.922	9.223
450.200	8.666
450.466	8.193
450.721	7.841
450.970	7.668
451.218	7.759
451.475	8.247
451.755	9.342
452.082	11.377
452.490	14.863
453.037	20.550
453.806	29.410
454.913	42.396
456.497	59.690
458.669	79.378
461.432	96.700
464.604	106.064
467.866	105.449
470.926	97.782
473.638	87.302
475.980	76.297
477.976	65.195
479.648	54.075
481.013	43.391
482.098	33.808
482.939	25.822
483.583	19.582
484.074	14.956
484.454	11.659
484.755	9.383
485.001	7.849
485.212	6.839
485.399	6.195
485.572	5.803
485.738	5.590
485.901	5.506
486.064	5.520
486.231	5.615
486.404	5.781
486.585	6.014
486.776	6.313
486.981	6.683
487.201	7.131
487.440	7.668
487.701	8.311
487.988	9.089
488.308	10.049
488.666	11.271
489.075	12.893
489.549	15.155
490.117	18.478
490.820	23.600
491.732	31.789
492.974	45.105
494.738	66.374
497.286	97.778
500.870	136.323
505.486	168.404
510.624	175.474
515.431	153.520
519.283	117.461
522.063	83.338
523.976	57.698
525.285	40.382
526.203	29.220
526.873	22.152
527.389	17.707
527.808	14.930
528.168	13.230
528.492	12.250
528.799	11.783
529.098	11.725
529.402	12.041
529.719	12.753
530.060	13.934
530.439	15.713
530.874	18.271
531.387	21.845
532.007	26.697
532.773	33.043
533.724	40.914
534.899	49.931
536.321	59.094
537.976	66.774
539.804	71.155
541.701	71.113
543.547	66.936
545.244	60.267
546.747	53.283
548.066	47.822
549.251	45.003
550.375	45.281
551.517	48.643
552.753	54.701
554.143	62.610
555.724	70.961
557.489	77.835
559.386	81.238
561.319	79.890
563.173	73.850
564.848	64.466
566.284	53.670
567.465	43.156
568.409	33.957
569.151	26.454
569.731	20.598
570.186	16.142
570.546	12.787
570.835	10.267
571.070	8.368
571.264	6.929
571.427	5.831
571.567	4.992
571.688	4.354
571.796	3.877
571.894	3.534
571.985	3.310
572.072	3.203
572.157	3.220
572.246	3.386
572.341	3.751
572.449	4.405
572.579	5.505
572.747	7.332
572.976	10.386
573.309	15.562
573.819	24.423
574.631	39.523
575.950	64.339
578.069	101.444
581.279	146.859
585.607	183.409
590.517	188.368
595.077	158.472
598.613	114.281
601.035	75.727
602.602	49.202
603.617	32.844
604.301	23.152
604.792	17.446
605.168	14.086
605.479	12.141
605.752	11.092
606.007	10.645
606.256	10.629
606.510	10.944
606.775	11.529
607.058	12.349
607.365	13.378
607.702	14.604
608.074	16.017
608.487	17.619
608.944	19.427
609.453	21.493
610.020	23.933
610.657	26.982
611.380	31.078
612.221	36.982
613.231	45.921
614.493	59.655
616.136	80.205
618.325	108.630
621.215	142.408
624.837	172.721
628.966	186.579
633.123	176.481
636.805	147.912
639.736	113.910
641.922	84.617
643.522	63.693
644.727	50.643
645.694	43.683
646.542	41.172
647.353	41.959
648.190	45.292
649.103	50.614
650.127	57.357
651.288	64.779
652.593	71.883
654.029	77.499
655.559	80.517
657.128	80.231
658.668	76.616
660.119	70.359
661.437	62.608
662.600	54.607
663.612	47.382
664.490	41.619
665.265	37.676
665.973	35.698
666.652	35.719
667.340	37.748
668.076	41.790
668.898	47.841
669.846	55.827
670.954	65.507
672.251	76.356
673.752	87.499
675.454	97.756
677.328	105.861
679.322	110.836
681.372	112.322
683.412	110.698
685.388	106.856
687.269	101.800
689.040	96.306
690.698	90.767
692.249	85.230
693.695	79.568
695.037	73.625
696.272	67.342
697.397	60.787
698.410	54.134
699.310	47.606
700.101	41.423
700.791	35.763
701.388	30.740
701.904	26.403
702.350	22.751
702.737	19.752
703.076	17.348
703.377	15.478
703.648	14.079
703.898	13.100
704.133	12.497
704.361	12.242
704.587	12.321
704.818	12.737
705.060	13.508
705.320	14.677
705.607	16.310
705.930	18.511
706.300	21.426
706.733	25.260
707.250	30.297
707.874	36.909
708.640	45.563
709.589	56.781
710.773	71.019
712.249	88.412
714.068	108.380
716.261	129.194
718.816	147.914
721.657	161.144
724.652	166.602
727.648	164.607
730.520	158.217
733.214	151.855
735.755	149.511
738.225	153.514
740.734	164.040
743.379	179.008
746.214	194.309
749.220	204.718
752.300	205.661
755.304	195.276
758.077	175.223
760.504	149.661
762.536	123.164
764.188	99.102
765.506	79.137
766.556	63.567
767.401	51.916
768.094	43.400
768.677	37.244
769.182	32.787
769.630	29.517
770.037	27.065
770.412	25.170
770.765	23.657
771.100	22.408
771.419	21.345
771.725	20.422
772.021	19.608
772.307	18.887
772.585	18.251
772.856	17.694
773.121	17.214
773.380	16.813
773.636	16.494
773.890	16.260
774.142	16.113
774.394	16.058
774.647	16.098
774.904	16.238
775.165	16.478
775.432	16.820
775.708	17.267
775.993	17.818
776.290	18.470
776.601	19.220
776.927	20.060
777.270	20.978
777.631	21.965
778.012	23.007
778.414	24.090
778.838	25.196
779.284	26.311
779.753	27.426
780.244	28.535
780.757	29.640
781.294	30.750
781.853	31.885
782.436	33.072
783.043	34.346
783.677	35.742
784.339	37.295
785.034	39.031
785.763	40.965
786.531	43.092
787.341	45.393
788.195	47.823
789.097	50.345
790.047	52.924
791.045	55.549
792.092	58.257
793.189	61.142
794.339	64.363
795.548	68.116
796.825	72.597
798.183	77.928
799.635	84.069
801.194	90.735
802.863	97.323
804.635	102.934
806.485	106.537
808.373	107.234
810.244	104.558
812.040	98.637
813.710	90.173
815.218	80.220
816.547	69.868
817.698	60.009
818.683	51.225
819.524	43.818
820.246	37.870
820.874	33.330
821.431	30.090
821.938	28.062
822.417	27.210
822.888	27.590
823.372	29.405
823.896	33.099
824.494	39.468
825.218	49.836
826.143	66.254
827.382	91.588
829.096	129.048
831.488	180.446
834.755	242.362
838.973	301.728
843.947	337.169
849.162	331.938
853.983	288.635
857.957	226.855
860.963	166.975
863.125	119.608
864.657	86.320
865.763	64.465
866.594	50.619
867.253	41.979
867.806	36.580
868.294	33.158
868.740	30.936
869.159	29.447
869.562	28.414
869.954	27.677
870.338	27.153
870.718	26.796
871.095	26.594
871.473	26.550
871.852	26.677
872.235	27.006
872.627	27.568
873.029	28.400
873.447	29.547
873.885	31.059
874.348	32.978
874.844	35.339
875.378	38.175
875.959	41.486
876.593	45.234
877.286	49.334
878.045	53.643
878.872	57.944
879.764	61.959
880.718	65.363
881.721	67.830
882.759	69.072
883.812	68.904
884.859	67.289
885.875	64.338
886.845	60.296
887.751	55.512
888.582	50.370
889.337	45.217
890.016	40.370
890.623	36.067
891.168	32.477
891.663	29.719
892.119	27.883
892.551	27.046
892.976	27.294
893.410	28.734
893.873	31.498
894.387	35.735
894.976	41.588
895.667	49.137
896.486	58.328
897.460	68.849
898.607	80.034
899.932	90.796
901.422	99.717
903.036	105.292
904.718	106.407
906.392	102.689
907.983	94.709
909.430	83.765
910.696	71.438
911.767	59.180
912.650	48.010
913.365	38.478
913.940	30.753
914.401	24.761
914.775	20.306
915.085	17.171
915.351	15.175
915.590	14.203
915.818	14.241
916.052	15.394
916.310	17.921
916.617	22.291
917.005	29.237
917.522	39.819
918.233	55.423
919.228	77.635
920.618	107.542
922.524	144.685
925.040	185.201
928.166	220.737
931.747	240.511
935.480	237.072
938.998	211.667
942.018	173.460
944.419	133.317
946.229	98.533
947.552	71.769
948.514	52.659
949.223	39.578
949.760	30.820
950.183	24.973
950.530	21.030
950.826	18.316
951.087	16.399
951.323	15.000
951.542	13.960
951.747	13.170
951.943	12.572
952.131	12.133
952.314	11.833
952.495	11.663
952.675	11.625
952.856	11.726
953.041	11.980
953.231	12.407
953.431	13.035
953.642	13.899
953.870	15.042
954.120	16.519
954.396	18.391
954.707	20.733
955.061	23.615
955.467	27.108
955.937	31.276
956.481	36.123
957.112	41.612
957.841	47.606
958.675	53.830
959.617	59.894
960.660	65.273
961.790	69.391
962.982	71.733
964.204	71.955
965.420	69.997
966.592	66.090
967.690	60.725
968.692	54.511
969.589	48.051
970.377	41.865
971.065	36.301
971.662	31.587
972.186	27.830
972.650	25.072
973.074	23.345
973.474	22.682
973.868	23.200
974.279	25.095
974.731	28.720
975.258	34.613
975.901	43.540
976.720	56.501
977.788	74.610
979.198	98.723
981.049	128.719
983.423	162.423
986.344	194.933
989.730	219.401
993.396	230.196
997.088	226.495
1000.592	212.781
1003.791	195.947
1006.678	181.453
1009.316	171.565
1011.787	165.870
1014.152	162.446
1016.444	159.087
1018.660	154.115
1020.777	146.729
1022.768	137.049
1024.605	125.802
1026.276	113.960
1027.778	102.408
1029.121	91.751
1030.322	82.297
1031.398	74.083
1032.366	67.014
1033.244	60.889
1034.042	55.513
1034.772	50.707
1035.440	46.332
1036.052	42.294
1036.613	38.532
1037.126	35.020
1037.593	31.740
1038.019	28.690
1038.405	25.876
1038.755	23.296
1039.072	20.952
1039.359	18.837
1039.618	16.946
1039.853	15.267
1040.066	13.787
1040.260	12.494
1040.437	11.377
1040.600	10.425
1040.750	9.638
1040.890	9.017
1041.022	8.586
1041.150	8.391
1041.277	8.520
1041.407	9.140
1041.550	10.543
1041.719	13.245
1041.937	18.151
1042.243	26.810
1042.703	41.824
1043.430	67.341
1044.606	109.319
1046.507	174.458
1049.482	265.455
1053.844	370.785
1059.592	456.096
1066.155	478.200
1072.504	424.214
1077.757	326.514
1081.596	229.342
1084.218	156.486
1085.990	110.667
1087.252	85.574
1088.245	73.953
1089.119	70.367
1089.963	71.276
1090.824	74.421
1091.727	78.401
1092.679	82.244
1093.676	85.268
1094.708	87.009
1095.758	87.178
1096.805	85.675
1097.831	82.572
1098.817	78.101
1099.746	72.581
1100.608	66.396
1101.395	59.919
1102.105	53.475
1102.740	47.327
1103.302	41.640
1103.799	36.533
1104.236	32.035
1104.621	28.152
1104.961	24.845
1105.263	22.060
1105.533	19.744
1105.777	17.824
1105.998	16.251
1106.202	14.967
1106.391	13.924
1106.568	13.086
1106.736	12.418
1106.897	11.894
1107.053	11.494
1107.204	11.201
1107.353	11.005
1107.500	10.899
1107.648	10.879
1107.796	10.946
1107.947	11.104
1108.100	11.362
1108.260	11.733
1108.425	12.237
1108.599	12.899
1108.784	13.754
1108.984	14.849
1109.201	16.243
1109.441	18.017
1109.710	20.267
1110.015	23.129
1110.366	26.765
1110.775	31.377
1111.259	37.214
1111.836	44.552
1112.530	53.682
1113.369	64.853
1114.384	78.185
1115.604	93.540
1117.056	110.312
1118.754	127.375
1120.689	142.934
1122.827	154.924
1125.102	161.382
1127.425	161.190
1129.701	154.460
1131.839	142.483
1133.782	127.271
1135.494	110.895
1136.973	95.010
1138.231	80.686
1139.298	68.416
1140.202	58.315
1140.976	50.258
1141.645	44.013
1142.235	39.328
1142.767	35.953
1143.257	33.678
1143.720	32.319
1144.168	31.717
1144.612	31.745
1145.060	32.274
1145.519	33.200
1145.994	34.414
1146.488	35.810
1147.005	37.296
1147.546	38.781
1148.109	40.205
1148.695	41.538
1149.302	42.809
1149.929	44.134
1150.578	45.739
1151.253	48.019
1151.967	51.569
1152.739	57.266
1153.605	66.303
1154.618	80.204
1155.853	100.679
1157.408	129.144
1159.395	165.750
1161.911	207.783
1164.995	248.352
1168.564	277.012
1172.394	283.903
1176.161	265.710
1179.552	227.995
1182.366	181.674
1184.554	136.787
1186.175	99.224
1187.341	70.623
1188.168	50.214
1188.759	36.227
1189.188	26.913
1189.511	20.814
1189.764	16.861
1189.972	14.316
1190.152	12.677
1190.313	11.621
1190.462	10.939
1190.604	10.498
1190.742	10.217
1190.877	10.045
1191.012	9.956
1191.146	9.942
1191.281	10.008
1191.418	10.174
1191.558	10.482
1191.705	10.998
1191.860	11.835
1192.029	13.166
1192.220	15.262
1192.445	18.549
1192.723	23.676
1193.084	31.621
1193.572	43.817
1194.255	62.216
1195.231	89.259
1196.629	127.213
1198.604	176.890
1201.299	234.802
1204.774	290.843
1208.906	328.836
1213.361	334.344
1217.672	304.683
1221.425	251.445
1224.413	191.852
1226.636	139.024
1228.225	98.515
1229.347	70.498
1230.153	52.676
1230.765	42.546
1231.269	38.057
1231.732	37.977
1232.204	41.713
1232.734	49.331
1233.370	61.303
1234.168	78.588
1235.195	102.177
1236.532	132.949
1238.261	170.689
1240.459	213.376
1243.157	255.942
1246.320	290.763
1249.809	309.423
1253.406	306.647
1256.859	283.101
1259.956	245.208
1262.573	201.737
1264.689	160.170
1266.349	124.916
1267.638	97.471
1268.644	77.446
1269.447	63.623
1270.113	54.601
1270.691	49.136
1271.216	46.204
1271.715	45.050
1272.207	45.094
1272.702	45.923
1273.209	47.214
1273.733	48.732
1274.276	50.276
1274.837	51.704
1275.416	52.880
1276.009	53.713
1276.612	54.132
1277.221	54.091
1277.829	53.575
1278.433	52.591
1279.026	51.184
1279.604	49.398
1280.162	47.319
1280.699	45.016
1281.209	42.587
1281.694	40.111
1282.152	37.668
1282.583	35.335
1282.990	33.171
1283.373	31.230
1283.735	29.563
1284.081	28.213
1284.412	27.216
1284.734	26.616
1285.052	26.461
1285.370	26.800
1285.695	27.713
1286.034	29.260
1286.396	31.567
1286.789	34.726
1287.225	38.892
1287.717	44.184
1288.279	50.752
1288.928	58.669
1289.680	67.972
1290.553	78.524
1291.560	90.034
1292.712	101.956
1294.010	113.469
1295.445	123.585
1296.995	131.215
1298.623	135.489
1300.287	135.880
1301.938	132.484
1303.530	125.951
1305.031	117.443
1306.422	108.347
1307.700	100.130
1308.882	94.163
1309.997	91.703
1311.093	93.899
1312.225	101.843
1313.467	116.606
1314.897	138.837
1316.604	168.602
1318.667	204.387
1321.140	242.547
1324.020	276.875
1327.236	299.943
1330.621	305.379
1333.972	291.043
1337.075	260.098
1339.782	219.388
1342.019	176.390
1343.792	136.703
1345.152	103.335
1346.175	76.979
1346.936	57.091
1347.502	42.522
1347.925	32.063
1348.246	24.647
1348.496	19.418
1348.694	15.736
1348.856	13.137
1348.993	11.292
1349.112	9.970
1349.219	9.014
1349.316	8.312
1349.406	7.792
1349.492	7.402
1349.573	7.108
1349.653	6.885
1349.730	6.719
1349.806	6.597
1349.881	6.514
1349.956	6.463
1350.031	6.442
1350.106	6.450
1350.182	6.485
1350.258	6.546
1350.336	6.637
1350.416	6.757
1350.497	6.908
1350.581	7.095
1350.668	7.319
1350.759	7.588
1350.853	7.907
1350.952	8.286
1351.056	8.732
1351.168	9.265
1351.286	9.898
1351.414	10.662
1351.553	11.582
1351.705	12.703
1351.873	14.080
1352.061	15.782
1352.273	17.903
1352.516	20.555
1352.797	23.889
1353.126	28.081
1353.516	33.342
1353.981	39.906
1354.541	48.008
1355.217	57.844
1356.032	69.493
1357.011	82.825
1358.175	97.370
1359.534	112.217
1361.086	126.009
1362.809	137.087
1364.658	143.844
1366.568	145.142
1368.465	140.773
1370.277	131.510
1371.947	118.919
1373.442	104.840
1374.748	91.064
1375.880	78.904
1376.861	69.318
1377.728	62.816
1378.521	59.738
1379.286	60.337
1380.072	64.847
1380.927	73.565
1381.909	86.717
1383.073	104.317
1384.473	125.848
1386.153	149.906
1388.133	173.947
1390.395	194.382
1392.873	207.346
1395.459	209.960
1398.019	201.563
1400.423	184.052
1402.577	161.091
1404.434	136.773
1405.995	114.432
1407.296	96.110
1408.391	82.731
1409.339	74.434
1410.204	70.954
1411.039	71.782
1411.895	76.433
1412.816	84.344
1413.836	94.816
1414.986	107.027
1416.280	119.790
1417.721	131.705
1419.292	141.245
1420.960	146.915
1422.673	147.718
1424.376	143.312
1426.007	134.164
1427.517	121.394
1428.869	106.469
1430.045	90.858
1431.043	75.759
1431.872	62.011
1432.549	50.045
1433.095	39.997
1433.532	31.796
1433.881	25.253
1434.159	20.129
1434.382	16.181
1434.562	13.186
1434.711	10.951
1434.835	9.321
1434.943	8.175
1435.038	7.427
1435.126	7.014
1435.210	6.917
1435.294	7.153
1435.383	7.787
1435.481	8.980
1435.597	11.014
1435.742	14.416
1435.935	20.088
1436.210	29.622
1436.621	45.700
1437.263	72.787
1438.293	117.794
1439.958	190.117
1442.617	298.924
1446.691	444.002
1452.481	599.720
1459.820	708.027
1467.837	710.950
1475.276	606.341
1481.210	450.867
1485.415	304.863
1488.178	195.819
1489.931	124.343
1491.042	80.697
1491.768	54.976
1492.269	40.014
1492.641	31.248
1492.935	26.031
1493.185	22.819
1493.406	20.762
1493.609	19.386
1493.801	18.416
1493.984	17.707
1494.162	17.171
1494.335	16.759
1494.505	16.441
1494.674	16.207
1494.840	16.040
1495.006	15.949
1495.172	15.928
1495.338	15.989
1495.506	16.147
1495.678	16.418
1495.853	16.831
1496.033	17.430
1496.222	18.271
1496.421	19.443
1496.635	21.076
1496.869	23.371
1497.131	26.630
1497.432	31.329
1497.792	38.217
1498.234	48.448
1498.802	63.851
1499.558	87.186
1500.599	122.491
1502.066	175.194
1504.157	251.339
1507.125	355.026
1511.228	482.442
1516.616	614.482
1523.163	715.347
1530.369	748.248
1537.472	701.817
1543.788	599.431
1548.958	479.777
1552.977	372.445
1556.043	289.405
1558.410	230.515
1560.293	190.613
1561.854	163.995
1563.202	146.198
1564.408	134.171
1565.518	126.087
1566.564	120.945
1567.572	118.369
1568.560	118.391
1569.553	121.355
1570.574	127.891
1571.655	138.837
1572.834	155.240
1574.155	178.349
1575.676	209.353
1577.461	249.163
1579.576	297.854
1582.088	353.989
1585.039	413.897
1588.438	471.317
1592.236	518.064
1596.321	545.938
1600.524	549.468
1604.654	528.174
1608.534	486.721
1612.038	433.041
1615.104	375.586
1617.730	321.091
1619.954	273.673
1621.840	234.978
1623.455	204.949
1624.864	182.660
1626.121	166.668
1627.269	155.569
1628.346	148.131
1629.371	143.217
1630.364	139.999
1631.339	137.802
1632.295	136.093
1633.243	134.525
1634.178	132.843
1635.103	130.864
1636.014	128.518
1636.909	125.747
1637.785	122.583
1638.638	119.054
1639.467	115.243
1640.270	111.196
1641.045	107.000
1641.793	102.740
1642.511	98.462
1643.199	94.233
1643.860	90.102
1644.492	86.086
1645.097	82.234
1645.677	78.550
1646.231	75.035
1646.762	71.720
1647.271	68.583
1647.759	65.627
1648.228	62.858
1648.677	60.259
1649.109	57.845
1649.526	55.586
1649.927	53.503
1650.315	51.598
1650.691	49.835
1651.054	48.249
1651.407	46.836
1651.752	45.566
1652.088	44.483
1652.418	43.550
1652.741	42.785
1653.061	42.194
1653.378	41.749
1653.692	41.481
1654.006	41.355
1654.320	41.399
1654.635	41.572
1654.954	41.904
1655.276	42.358
1655.602	42.940
1655.936	43.636
1656.275	44.427
1656.622	45.311
1656.977	46.260
1657.341	47.255
1657.714	48.295
1658.096	49.337
1658.488	50.372
1658.890	51.378
1659.300	52.323
1659.720	53.201
1660.148	53.976
1660.583	54.635
1661.024	55.166
1661.471	55.546
1661.922	55.769
1662.376	55.827
1662.831	55.716
1663.287	55.435
1663.742	54.990
1664.194	54.392
1664.641	53.649
1665.085	52.775
1665.521	51.789
1665.951	50.707
1666.374	49.550
1666.787	48.334
1667.192	47.081
1667.587	45.806
1667.972	44.527
1668.348	43.263
1668.715	42.019
1669.072	40.810
1669.420	39.647
1669.759	38.535
1670.091	37.481
1670.414	36.488
1670.730	35.555
1671.039	34.686
1671.341	33.881
1671.638	33.134
1671.930	32.444
1672.216	31.811
1672.498	31.227
1672.776	30.691
1673.051	30.193
1673.322	29.733
1673.590	29.307
1673.855	28.904
1674.118	28.521
1674.378	28.160
1674.635	27.811
1674.892	27.470
1675.145	27.143
1675.397	26.816
1675.647	26.492
1675.894	26.178
1676.141	25.874
1676.385	25.585
1676.627	25.319
1676.868	25.095
1677.107	24.930
1677.346	24.852
1677.586	24.908
1677.828	25.147
1678.073	25.652
1678.325	26.542
1678.588	27.955
1678.868	30.117
1679.170	33.330
1679.510	37.989
1679.900	44.665
1680.363	54.127
1680.930	67.319
1681.640	85.532
1682.546	110.150
1683.716	142.685
1685.227	184.127
1687.167	234.480
1689.609	291.413
1692.597	349.673
1696.104	400.838
1700.022	435.346
1704.156	446.060
1708.268	431.610
1712.138	397.213
1715.618	352.104
1718.646	305.556
1721.243	264.193
1723.473	231.256
1725.421	207.340
1727.169	191.470
1728.786	182.016
1730.326	177.293
1731.828	175.861
1733.317	176.575
1734.812	178.642
1736.321	181.613
1737.853	185.254
1739.410	189.531
1741.000	194.575
1742.628	200.506
1744.300	207.457
1746.027	215.457
1747.813	224.310
1749.664	233.675
1751.584	242.977
1753.570	251.425
1755.611	258.142
1757.691	262.221
1759.788	262.923
1761.873	259.802
1763.917	252.748
1765.888	242.044
1767.764	228.285
1769.520	212.299
1771.141	194.996
1772.626	177.233
1773.969	159.732
1775.174	143.076
1776.256	127.587
1777.217	113.522
1778.071	100.920
1778.834	89.767
1779.512	79.983
1780.117	71.442
1780.660	64.010
1781.146	57.555
1781.587	51.941
1781.984	47.065
1782.346	42.807
1782.677	39.099
1782.980	35.845
1783.259	32.998
1783.517	30.491
1783.756	28.289
1783.979	26.343
1784.188	24.631
1784.384	23.120
1784.569	21.787
1784.744	20.615
1784.911	19.584
1785.069	18.681
1785.222	17.896
1785.369	17.214
1785.510	16.630
1785.648	16.135
1785.782	15.722
1785.914	15.386
1786.043	15.123
1786.171	14.928
1786.298	14.800
1786.425	14.735
1786.552	14.733
1786.679	14.793
1786.807	14.914
1786.937	15.096
1787.070	15.340
1787.205	15.648
1787.344	16.022
1787.487	16.464
1787.634	16.979
1787.787	17.569
1787.946	18.240
1788.112	19.003
1788.286	19.866
1788.468	20.844
1788.661	21.960
1788.865	23.246
1789.082	24.749
1789.314	26.546
1789.565	28.745
1789.838	31.523
1790.138	35.166
1790.478	40.105
1790.868	47.011
1791.328	56.907
1791.892	71.380
1792.608	92.780
1793.543	124.361
1794.803	170.499
1796.537	236.310
1798.922	325.685
1802.167	438.351
1806.447	564.603
1811.779	680.430
1817.942	752.843
1824.457	755.542
1830.686	686.451
1836.099	570.121
1840.447	440.186
1843.715	322.744
1846.071	229.369
1847.732	160.982
1848.894	113.556
1849.715	81.738
1850.311	60.870
1850.759	47.360
1851.111	38.728
1851.403	33.267
1851.656	29.878
1851.887	27.838
1852.103	26.699
1852.313	26.159
1852.519	26.043
1852.727	26.243
1852.937	26.682
1853.152	27.326
1853.373	28.165
1853.602	29.184
1853.840	30.395
1854.089	31.818
1854.352	33.464
1854.628	35.368
1854.923	37.569
1855.237	40.100
1855.573	43.021
1855.936	46.391
1856.328	50.282
1856.755	54.779
1857.222	59.997
1857.736	66.059
1858.303	73.117
1858.932	81.384
1859.635	91.081
1860.423	102.495
1861.313	116.006
1862.320	131.989
1863.467	150.922
1864.778	173.296
1866.281	199.531
1868.007	229.889
1869.987	264.316
1872.248	302.177
1874.811	342.022
1877.681	381.509
1880.838	417.392
1884.239	446.069
1887.812	464.193
1891.463	469.701
1895.090	462.331
1898.599	443.750
1901.914	417.008
1904.984	385.890
1907.792	353.782
1910.344	323.212
1912.659	296.072
1914.770	273.136
1916.708	254.396
1918.512	239.752
1920.209	228.639
1921.823	220.426
1923.380	214.619
1924.894	210.676
1926.378	208.161
1927.843	206.769
1929.296	206.216
1930.742	206.262
1932.186	206.758
1933.632	207.528
1935.079	208.404
1936.530	209.264
1937.985	209.893
1939.438	210.076
1940.890	209.662
1942.336	208.452
1943.769	206.272
1945.182	202.989
1946.570	198.528
1947.924	192.867
1949.233	186.051
1950.495	178.177
1951.701	169.405
1952.843	159.940
1953.921	149.959
1954.930	139.710
1955.869	129.391
1956.738	119.187
1957.539	109.260
1958.272	99.745
1958.942	90.740
1959.553	82.290
1960.107	74.464
1960.609	67.261
1961.064	60.670
1961.476	54.687
1961.847	49.283
1962.183	44.413
1962.487	40.053
1962.761	36.157
1963.010	32.675
1963.235	29.581
1963.440	26.832
1963.627	24.391
1963.798	22.225
1963.953	20.305
1964.096	18.609
1964.228	17.111
1964.350	15.777
1964.462	14.599
1964.567	13.562
1964.665	12.644
1964.756	11.827
1964.843	11.110
1964.923	10.478
1965.001	9.914
1965.074	9.421
1965.143	8.985
1965.211	8.601
1965.275	8.266
1965.338	7.968
1965.398	7.712
1965.457	7.489
1965.514	7.295
1965.570	7.131
1965.625	6.991
1965.679	6.877
1965.733	6.783
1965.786	6.713
1965.839	6.662
1965.892	6.632
1965.945	6.622
1965.997	6.633
1966.051	6.664
1966.105	6.718
1966.159	6.796
1966.215	6.899
1966.271	7.031
1966.329	7.195
1966.389	7.393
1966.451	7.634
1966.515	7.919
1966.582	8.258
1966.651	8.659
1966.725	9.133
1966.804	9.688
1966.887	10.344
1966.977	11.112
1967.074	12.016
1967.179	13.077
1967.295	14.322
1967.422	15.780
1967.562	17.490
1967.719	19.489
1967.895	21.823
1968.093	24.540
1968.316	27.690
1968.569	31.332
1968.857	35.511
1969.184	40.280
1969.556	45.671
1969.979	51.697
1970.460	58.353
1971.002	65.578
1971.613	73.272
1972.295	81.273
1973.051	89.348
1973.881	97.203
1974.782	104.481
1975.750	110.795
1976.770	115.758
1977.832	119.049
1978.920	120.408
1980.017	119.716
1981.102	117.005
1982.156	112.456
1983.166	106.339
1984.119	99.029
1985.001	90.974
1985.811	82.529
1986.545	74.054
1987.202	65.859
1987.786	58.137
1988.302	51.038
1988.756	44.629
1989.153	38.943
1989.501	33.961
1989.805	29.643
1990.071	25.934
1990.305	22.773
1990.512	20.090
1990.695	17.824
1990.859	15.912
1991.005	14.306
1991.137	12.955
1991.258	11.818
1991.370	10.858
1991.472	10.046
1991.567	9.357
1991.656	8.770
1991.740	8.267
1991.820	7.830
1991.896	7.449
1991.969	7.117
1992.038	6.821
1992.106	6.555
1992.171	6.317
1992.233	6.099
1992.295	5.898
1992.354	5.713
1992.412	5.539
1992.468	5.376
1992.523	5.221
1992.577	5.073
1992.629	4.932
1992.680	4.797
1992.729	4.666
1992.778	4.540
1992.826	4.417
1992.873	4.299
1992.918	4.183
1992.963	4.070
1993.006	3.961
1993.049	3.855
1993.090	3.751
1993.131	3.650
1993.171	3.551
1993.210	3.455
1993.247	3.361
1993.284	3.270
1993.321	3.181
1993.356	3.094
1993.391	3.010
1993.425	2.928
1993.458	2.848
1993.490	2.770
1993.522	2.695
1993.553	2.621
1993.583	2.550
1993.613	2.480
1993.642	2.413
1993.670	2.347
1993.697	2.284
1993.724	2.223
1993.750	2.163
1993.776	2.105
1993.801	2.049
1993.826	1.994
1993.850	1.941
1993.874	1.890
1993.897	1.840
1993.919	1.792
1993.942	1.745
1993.963	1.699
1993.984	1.656
1994.005	1.613
1994.026	1.571
1994.045	1.532
1994.065	1.492
1994.084	1.455
1994.102	1.418
1994.121	1.382
1994.138	1.348
1994.156	1.314
1994.173	1.282
1994.190	1.250
1994.207	1.219
1994.223	1.190
1994.239	1.161
1994.254	1.132
1994.269	1.105
1994.284	1.078
1994.299	1.052
1994.313	1.027
1994.327	1.002
1994.341	0.978
1994.355	0.955
1994.368	0.932
1994.381	0.910
1994.394	0.888
1994.407	0.867
1994.419	0.847
1994.431	0.827
1994.443	0.807
1994.455	0.788
1994.466	0.769
1994.477	0.751
1994.488	0.733
1994.499	0.716
1994.510	0.699
1994.520	0.682
1994.530	0.666
1994.540	0.650
1994.550	0.635
1994.560	0.620
1994.569	0.605
1994.578	0.591
1994.588	0.576
1994.596	0.563
1994.605	0.549
1994.614	0.536
1994.622	0.523
1994.630	0.510
1994.639	0.498
1994.646	0.486
1994.654	0.474
1994.662	0.462
1994.669	0.451
1994.677	0.440
1994.684	0.429
1994.691	0.419
1994.698	0.408
1994.705	0.398
1994.711	0.388
1994.718	0.378
1994.724	0.369
1994.730	0.360
1994.736	0.351
1994.742	0.342
1994.748	0.333
1994.754	0.325
1994.760	0.317
1994.765	0.309
1994.771	0.301
1994.776	0.293
1994.781	0.285
1994.786	0.278
1994.791	0.271
1994.796	0.264
1994.801	0.257
1994.805	0.250
1994.810	0.244
