<j>	var(j)
1.218	0.222
2.375	0.381
3.631	0.640
5.003	1.017
6.351	0.793
7.163	0.540
7.996	0.832
9.203	1.028
10.507	1.642
12.090	1.805
13.249	1.149
13.975	0.663
14.473	0.471
14.993	0.507
15.799	1.037
17.386	1.537
18.747	1.447
19.894	1.444
20.944	1.263
21.835	1.094
22.664	1.178
23.701	2.355
25.754	4.511
27.718	2.291
28.497	1.374
29.072	1.403
29.771	1.881
30.813	2.676
32.135	2.382
33.080	1.257
33.604	0.926
34.123	1.312
35.040	2.538
36.661	3.608
38.265	3.061
39.476	3.143
40.744	4.519
42.496	7.480
44.810	8.254
46.631	4.795
47.549	2.566
48.077	1.819
48.498	1.484
48.881	1.239
49.238	1.038
49.574	0.907
49.913	0.922
50.330	1.313
51.074	3.091
52.992	9.359
56.708	13.680
59.516	7.401
60.713	3.566
61.320	2.723
61.851	3.071
62.516	3.988
63.419	5.044
64.540	5.549
65.708	5.466
66.829	5.808
68.033	6.790
69.389	6.936
70.651	5.247
71.537	3.168
72.076	1.980
72.448	1.619
72.799	1.843
73.262	2.822
74.059	5.364
75.604	10.460
78.152	15.662
81.004	16.616
83.423	14.866
85.310	11.773
86.685	8.505
87.651	6.103
88.354	4.722
88.924	4.158
89.457	4.227
90.035	4.802
90.727	5.732
91.577	6.718
92.572	7.373
93.645	7.622
94.738	7.923
95.871	8.719
97.110	9.743
98.451	10.168
99.783	9.594
100.988	8.544
102.043	7.712
103.001	7.360
103.927	7.509
104.889	8.174
105.946	9.311
107.144	10.599
108.473	11.348
109.833	10.906
111.080	9.323
112.111	7.337
112.918	5.674
113.555	4.669
114.106	4.361
114.652	4.700
115.277	5.611
116.052	6.976
117.028	8.613
118.220	10.445
119.628	12.608
121.260	14.716
123.037	15.043
124.693	12.422
125.957	8.558
126.802	5.731
127.386	4.597
127.894	5.086
128.512	7.625
129.503	13.613
131.269	23.972
134.064	33.099
137.224	30.913
139.686	22.556
141.347	17.725
142.649	16.672
143.879	16.785
145.105	16.369
146.279	14.863
147.326	12.524
148.201	9.974
148.900	7.742
149.452	6.076
149.898	5.000
150.280	4.428
150.636	4.254
150.994	4.382
151.381	4.733
151.816	5.234
152.315	5.811
152.884	6.397
153.523	6.971
154.233	7.611
155.021	8.507
155.917	9.866
156.966	11.650
158.191	13.263
159.540	13.660
160.863	12.302
162.003	9.906
162.903	7.715
163.614	6.463
164.237	6.312
164.880	7.274
165.659	9.459
166.696	12.986
168.107	17.561
169.928	22.075
172.049	25.195
174.276	26.533
176.448	26.132
178.442	23.690
180.142	19.557
181.487	15.118
182.509	11.576
183.296	9.223
183.936	7.782
184.492	6.883
184.998	6.277
185.472	5.850
185.926	5.574
186.373	5.458
186.825	5.523
187.298	5.783
187.809	6.243
188.377	6.908
189.020	7.805
189.762	9.037
190.635	10.897
191.701	13.966
193.074	18.933
194.893	25.483
197.182	30.507
199.644	29.704
201.792	23.650
203.383	17.272
204.526	13.672
205.455	13.163
206.389	15.200
207.494	19.100
208.877	23.610
210.531	26.558
212.293	25.974
213.918	22.078
215.241	17.094
216.246	13.029
217.018	10.586
217.663	9.656
218.274	9.995
218.930	11.520
219.707	14.379
220.696	18.960
222.002	25.832
223.754	35.345
226.050	46.339
228.850	54.548
231.845	54.377
234.550	45.112
236.624	32.230
238.040	21.171
238.956	13.726
239.555	9.334
239.973	6.938
240.295	5.731
240.571	5.254
240.835	5.310
241.113	5.887
241.433	7.127
241.836	9.319
242.380	12.886
243.149	18.236
244.245	25.306
245.741	32.714
247.598	37.414
249.601	36.547
251.440	30.555
252.906	22.894
253.978	16.638
254.760	12.807
255.378	11.128
255.934	11.032
256.504	12.083
257.147	13.984
257.902	16.455
258.798	19.072
259.833	21.197
260.969	22.102
262.132	21.324
263.231	18.984
264.194	15.740
264.986	12.387
265.609	9.487
266.092	7.263
266.469	5.710
266.774	4.729
267.036	4.231
267.281	4.198
267.536	4.738
267.841	6.180
268.260	9.239
268.915	15.265
270.020	26.194
271.888	42.795
274.731	59.717
278.238	64.951
281.565	55.393
284.132	42.220
286.009	33.734
287.503	30.119
288.842	28.972
290.126	28.351
291.372	27.203
292.553	25.187
293.634	22.451
294.591	19.398
295.415	16.451
296.118	13.925
296.719	11.988
297.245	10.703
297.725	10.082
298.189	10.133
298.669	10.890
299.198	12.416
299.815	14.783
300.563	18.012
301.481	21.971
302.598	26.273
303.918	30.266
305.408	33.265
307.003	34.951
308.636	35.616
310.262	35.941
311.873	36.499
313.483	37.402
315.106	38.311
316.736	38.691
318.347	38.106
319.900	36.422
321.356	33.807
322.686	30.610
323.877	27.197
324.928	23.862
325.848	20.789
326.652	18.072
327.354	15.735
327.972	13.767
328.518	12.139
329.006	10.819
329.448	9.782
329.856	9.014
330.238	8.513
330.608	8.300
330.976	8.421
331.360	8.960
331.779	10.055
332.262	11.907
332.848	14.765
333.587	18.848
334.539	24.138
335.752	30.019
337.231	35.006
338.899	37.122
340.595	35.189
342.138	29.919
343.409	23.387
344.385	17.525
345.116	13.316
345.682	10.998
346.167	10.622
346.659	12.520
347.272	17.676
348.170	27.964
349.607	45.695
351.899	70.700
355.214	94.436
359.188	101.156
362.968	86.365
365.906	63.694
367.965	45.778
369.425	35.076
370.551	29.267
371.501	25.894
372.348	23.470
373.120	21.294
373.824	19.115
374.459	16.915
375.024	14.769
375.522	12.778
375.957	11.028
376.338	9.573
376.674	8.442
376.976	7.641
377.255	7.169
377.524	7.025
377.794	7.215
378.079	7.761
378.393	8.703
378.753	10.100
379.181	12.023
379.699	14.550
380.334	17.736
381.114	21.575
382.065	25.955
383.204	30.607
384.532	35.097
386.029	38.856
387.650	41.294
389.330	41.913
390.991	40.468
392.553	37.093
393.953	32.305
395.151	26.860
396.136	21.499
396.920	16.749
397.532	12.862
398.006	9.862
398.374	7.644
398.664	6.058
398.900	4.953
399.097	4.210
399.269	3.741
399.427	3.502
399.580	3.497
399.738	3.802
399.917	4.641
400.147	6.550
400.491	10.777
401.083	20.113
402.222	40.112
404.468	78.066
408.528	129.872
414.322	158.624
420.151	134.110
424.377	89.043
426.986	57.689
428.659	41.981
429.894	34.459
430.920	30.138
431.823	26.849
432.630	23.860
433.349	21.020
433.986	18.371
434.545	15.987
435.037	13.919
435.469	12.184
435.853	10.771
436.197	9.651
436.510	8.790
436.801	8.154
437.075	7.713
437.339	7.443
437.599	7.328
437.860	7.361
438.128	7.547
438.407	7.905
438.706	8.483
439.033	9.380
439.402	10.791
439.837	13.110
440.379	17.097
441.104	24.188
442.151	36.816
443.756	58.197
446.240	89.664
449.848	123.863
454.366	141.815
458.961	130.638
462.778	101.657
465.557	74.015
467.525	55.669
469.002	45.537
470.220	40.516
471.312	38.291
472.352	37.567
473.375	37.683
474.404	38.300
475.451	39.206
476.522	40.243
477.619	41.260
478.742	42.128
479.884	42.731
481.038	42.969
482.193	42.777
483.338	42.107
484.459	40.946
485.545	39.314
486.584	37.280
487.567	34.963
488.488	32.518
489.345	30.132
490.141	28.000
490.884	26.307
491.588	25.228
492.269	24.910
492.948	25.484
493.652	27.054
494.408	29.676
495.244	33.313
496.187	37.774
497.258	42.628
498.460	47.200
499.780	50.644
501.177	52.183
502.596	51.417
503.972	48.530
505.254	44.227
506.412	39.459
507.440	35.080
508.355	31.666
509.185	29.475
509.966	28.517
510.729	28.646
511.504	29.633
512.311	31.215
513.166	33.117
514.075	35.093
515.038	36.944
516.051	38.555
517.106	39.902
518.194	41.042
519.311	42.074
520.452	43.090
521.617	44.127
522.807	45.133
524.019	45.977
525.247	46.473
526.481	46.435
527.705	45.733
528.904	44.333
530.058	42.310
531.154	39.823
532.182	37.086
533.138	34.326
534.022	31.750
534.842	29.531
535.609	27.794
536.335	26.618
537.036	26.040
537.728	26.047
538.427	26.583
539.145	27.534
539.895	28.736
540.680	29.966
541.501	30.969
542.349	31.490
543.210	31.330
544.065	30.384
544.891	28.678
545.669	26.356
546.383	23.643
547.025	20.787
547.590	18.011
548.082	15.481
548.508	13.305
548.878	11.540
549.204	10.213
549.497	9.352
549.770	9.003
550.041	9.268
550.327	10.342
550.656	12.563
551.067	16.477
551.620	22.885
552.399	32.782
553.522	46.975
555.114	65.074
557.260	83.965
559.908	97.397
562.808	99.257
565.591	89.021
567.963	72.554
569.834	56.930
571.286	46.130
572.473	40.937
573.546	40.605
574.631	44.033
575.820	50.099
577.173	57.547
578.715	64.831
580.423	70.203
582.234	72.181
584.052	70.192
585.780	64.879
587.347	57.803
588.725	50.754
589.929	45.214
591.004	42.200
592.019	42.435
593.054	46.607
594.208	55.535
595.594	70.059
597.342	90.435
599.567	115.089
602.322	139.237
605.522	155.191
608.914	156.137
612.155	141.245
614.955	116.442
617.184	89.783
618.865	66.795
620.103	49.426
621.019	37.330
621.715	29.324
622.269	24.207
622.732	21.042
623.141	19.181
623.520	18.206
623.884	17.865
624.247	18.018
624.617	18.613
625.005	19.663
625.419	21.245
625.871	23.502
626.378	26.654
626.958	31.001
627.640	36.921
628.458	44.825
629.456	55.051
630.682	67.649
632.179	82.047
633.974	96.724
636.050	109.162
638.336	116.443
640.706	116.483
643.008	109.175
645.109	96.491
646.926	81.419
648.435	66.638
649.659	53.790
650.644	43.485
651.442	35.657
652.101	29.930
652.659	25.867
653.146	23.082
653.586	21.288
653.997	20.290
654.394	19.971
654.790	20.277
655.198	21.204
655.629	22.785
656.097	25.078
656.619	28.159
657.210	32.097
657.889	36.931
658.673	42.631
659.581	49.046
660.625	55.858
661.809	62.552
663.127	68.446
664.555	72.804
666.057	75.011
667.584	74.772
669.087	72.208
670.522	67.815
671.857	62.304
673.074	56.401
674.171	50.695
675.156	45.571
676.042	41.224
676.846	37.703
677.585	34.964
678.275	32.918
678.929	31.453
679.557	30.455
680.171	29.809
680.775	29.407
681.375	29.145
681.972	28.930
682.569	28.676
683.163	28.313
683.752	27.785
684.332	27.060
684.899	26.128
685.449	24.997
685.978	23.696
686.481	22.264
686.956	20.753
687.401	19.210
687.815	17.683
688.199	16.211
688.554	14.824
688.881	13.544
689.183	12.381
689.461	11.343
689.719	10.427
689.958	9.630
690.181	8.945
690.391	8.366
690.590	7.888
690.780	7.506
690.963	7.224
691.141	7.056
691.318	7.038
691.498	7.245
691.686	7.836
691.896	9.139
692.148	11.835
692.486	17.324
693.000	28.452
693.869	50.690
695.432	93.094
698.255	165.118
702.985	259.811
709.684	329.336
717.070	316.210
723.281	236.970
727.535	155.766
730.223	103.634
732.010	77.427
733.369	66.361
734.554	62.678
735.684	62.204
736.809	62.966
737.948	64.129
739.107	65.431
740.286	66.886
741.490	68.616
742.722	70.735
743.989	73.257
745.298	76.053
746.652	78.820
748.047	81.096
749.474	82.346
750.912	82.080
752.332	79.989
753.704	76.038
754.998	70.489
756.189	63.824
757.261	56.628
758.209	49.457
759.036	42.761
759.752	36.828
760.370	31.803
760.907	27.728
761.379	24.574
761.801	22.273
762.188	20.750
762.553	19.940
762.908	19.804
763.265	20.333
763.637	21.551
764.036	23.512
764.476	26.308
764.974	30.049
765.548	34.854
766.218	40.810
767.006	47.921
767.934	56.034
769.016	64.763
770.262	73.415
771.663	81.043
773.192	86.579
774.804	89.118
776.440	88.217
778.035	84.084
779.536	77.512
780.905	69.608
782.125	61.479
783.197	53.982
784.139	47.660
784.973	42.775
785.725	39.390
786.424	37.457
787.095	36.898
787.763	37.647
788.451	39.664
789.182	42.945
789.979	47.518
790.866	53.450
791.866	60.837
793.007	69.818
794.313	80.556
795.814	93.209
797.540	107.830
799.517	124.136
801.760	141.179
804.265	157.077
806.989	169.055
809.843	174.153
812.700	170.397
815.417	157.875
817.867	138.825
819.975	116.647
821.716	94.582
823.112	74.881
824.211	58.596
825.069	45.883
825.744	36.376
826.282	29.518
826.723	24.734
827.097	21.525
827.427	19.497
827.730	18.348
828.018	17.865
828.303	17.895
828.591	18.337
828.890	19.124
829.205	20.212
829.541	21.575
829.902	23.191
830.294	25.048
830.720	27.120
831.184	29.377
831.690	31.781
832.240	34.270
832.835	36.755
833.475	39.136
834.158	41.297
834.880	43.107
835.634	44.445
836.411	45.208
837.202	45.330
837.994	44.790
838.776	43.618
839.537	41.893
840.268	39.732
840.962	37.264
841.614	34.634
842.221	31.967
842.783	29.374
843.301	26.932
843.779	24.699
844.220	22.708
844.628	20.974
845.008	19.496
845.364	18.269
845.700	17.284
846.021	16.530
846.331	16.008
846.634	15.717
846.935	15.676
847.239	15.915
847.551	16.481
847.878	17.444
848.227	18.903
848.611	20.979
849.043	23.826
849.538	27.622
850.117	32.548
850.804	38.758
851.626	46.357
852.610	55.342
853.782	65.629
855.165	77.196
856.780	90.424
858.655	106.646
860.848	128.757
863.472	161.142
866.710	207.837
870.782	267.504
875.795	326.549
881.540	359.411
887.409	345.802
892.659	290.708
896.816	219.457
899.829	155.171
901.912	107.469
903.344	75.863
904.358	56.256
905.119	44.606
905.730	37.996
906.259	34.588
906.747	33.336
907.225	33.697
907.713	35.412
908.231	38.410
908.799	42.717
909.434	48.344
910.158	55.295
910.989	63.484
911.943	72.610
913.034	82.167
914.264	91.414
915.624	99.382
917.090	105.047
918.625	107.571
920.179	106.513
921.702	101.980
923.144	94.633
924.471	85.463
925.661	75.560
926.708	65.903
927.621	57.183
928.413	49.821
929.105	43.999
929.721	39.726
930.281	36.914
930.807	35.454
931.317	35.238
931.829	36.168
932.359	38.220
932.925	41.410
933.543	45.799
934.231	51.514
935.009	58.728
935.898	67.619
936.925	78.353
938.114	90.997
939.492	105.358
941.078	120.902
942.884	136.591
944.898	150.834
947.090	161.752
949.401	167.550
951.750	167.084
954.048	160.290
956.214	148.256
958.185	132.783
959.928	115.890
961.436	99.297
962.718	84.198
963.803	71.235
964.720	60.628
965.503	52.335
966.183	46.196
966.787	42.010
967.341	39.602
967.869	38.852
968.392	39.697
968.933	42.126
969.512	46.167
970.152	51.859
970.876	59.203
971.706	68.119
972.662	78.361
973.761	89.455
975.012	100.652
976.411	110.941
977.943	119.188
979.570	124.311
981.249	125.603
982.927	122.894
984.550	116.646
986.074	107.809
987.472	97.542
988.729	86.974
989.845	76.993
990.832	68.165
991.706	60.761
992.488	54.820
993.197	50.240
993.850	46.828
994.462	44.374
995.045	42.666
995.610	41.498
996.162	40.719
996.706	40.175
997.246	39.753
997.782	39.367
998.315	38.940
998.845	38.430
999.369	37.803
999.887	37.040
1000.396	36.145
1000.895	35.123
1001.381	33.994
1001.854	32.784
1002.311	31.520
1002.753	30.232
1003.179	28.951
1003.588	27.709
1003.982	26.522
1004.362	25.423
1004.727	24.418
1005.081	23.530
1005.424	22.769
1005.758	22.138
1006.084	21.654
1006.407	21.318
1006.726	21.146
1007.045	21.156
1007.368	21.375
1007.695	21.855
1008.034	22.674
1008.388	23.967
1008.766	25.950
1009.180	28.988
1009.648	33.674
1010.200	40.990
1010.880	52.514
1011.762	70.705
1012.960	99.134
1014.646	142.311
1017.047	204.168
1020.424	283.982
1024.952	370.050
1030.547	437.332
1036.744	459.506
1042.829	430.823
1048.208	371.790
1052.651	310.569
1056.268	264.557
1059.308	237.456
1062.022	225.399
1064.580	221.901
1067.080	221.014
1069.540	218.105
1071.932	210.469
1074.211	197.323
1076.315	179.478
1078.208	158.713
1079.864	137.057
1081.283	116.264
1082.482	97.507
1083.484	81.379
1084.322	67.999
1085.023	57.185
1085.615	48.609
1086.120	41.883
1086.558	36.635
1086.944	32.540
1087.289	29.328
1087.602	26.783
1087.891	24.738
1088.159	23.070
1088.410	21.682
1088.648	20.512
1088.875	19.509
1089.093	18.639
1089.302	17.882
1089.504	17.220
1089.699	16.652
1089.890	16.168
1090.076	15.776
1090.259	15.478
1090.441	15.283
1090.621	15.205
1090.802	15.262
1090.984	15.472
1091.171	15.875
1091.365	16.497
1091.567	17.397
1091.783	18.635
1092.016	20.288
1092.272	22.467
1092.559	25.288
1092.884	28.912
1093.258	33.529
1093.696	39.357
1094.213	46.636
1094.828	55.608
1095.565	66.485
1096.447	79.375
1097.501	94.218
1098.748	110.647
1100.205	127.950
1101.877	144.998
1103.753	160.359
1105.802	172.571
1107.975	180.449
1110.215	183.520
1112.459	182.046
1114.654	177.049
1116.764	169.799
1118.765	161.626
1120.655	153.457
1122.436	145.790
1124.120	138.814
1125.714	132.361
1127.229	126.281
1128.668	120.364
1130.035	114.572
1131.332	108.950
1132.563	103.683
1133.733	99.014
1134.849	95.210
1135.924	92.520
1136.968	91.125
1138.000	91.129
1139.034	92.520
1140.085	95.201
1141.169	98.944
1142.295	103.400
1143.472	108.142
1144.700	112.625
1145.977	116.329
1147.288	118.695
1148.622	119.341
1149.955	117.993
1151.267	114.614
1152.533	109.373
1153.737	102.597
1154.862	94.741
1155.897	86.275
1156.837	77.654
1157.683	69.250
1158.437	61.337
1159.105	54.091
1159.697	47.597
1160.218	41.882
1160.679	36.915
1161.086	32.642
1161.449	28.988
1161.772	25.883
1162.063	23.245
1162.326	21.014
1162.565	19.123
1162.784	17.526
1162.987	16.176
1163.175	15.043
1163.351	14.100
1163.517	13.332
1163.676	12.730
1163.829	12.300
1163.978	12.055
1164.125	12.031
1164.274	12.281
1164.427	12.901
1164.590	14.026
1164.769	15.877
1164.976	18.774
1165.223	23.201
1165.533	29.892
1165.937	39.877
1166.483	54.672
1167.235	76.253
1168.288	107.115
1169.766	149.715
1171.814	205.430
1174.582	272.400
1178.161	343.056
1182.518	403.667
1187.435	438.680
1192.540	439.506
1197.435	410.259
1201.835	364.452
1205.631	316.171
1208.859	273.963
1211.619	240.214
1214.017	213.573
1216.134	191.566
1218.021	171.972
1219.704	153.492
1221.198	135.626
1222.512	118.479
1223.656	102.373
1224.641	87.759
1225.487	74.866
1226.208	63.917
1226.825	54.866
1227.357	47.689
1227.823	42.213
1228.237	38.297
1228.617	35.790
1228.974	34.543
1229.323	34.479
1229.674	35.519
1230.039	37.647
1230.429	40.874
1230.856	45.248
1231.332	50.835
1231.870	57.725
1232.483	66.000
1233.186	75.715
1233.995	86.883
1234.924	99.400
1235.987	113.033
1237.192	127.355
1238.546	141.724
1240.045	155.308
1241.676	167.117
1243.418	176.188
1245.239	181.661
1247.098	183.052
1248.953	180.262
1250.763	173.681
1252.492	164.012
1254.111	152.243
1255.605	139.272
1256.964	126.033
1258.190	113.116
1259.288	101.044
1260.268	90.005
1261.140	80.159
1261.918	71.446
1262.613	63.839
1263.236	57.194
1263.794	51.420
1264.300	46.378
1264.756	41.979
1265.172	38.113
1265.550	34.712
1265.898	31.695
1266.215	29.016
1266.509	26.615
1266.778	24.462
1267.028	22.521
1267.259	20.762
1267.472	19.167
1267.671	17.712
1267.856	16.384
1268.028	15.169
1268.188	14.056
1268.337	13.033
1268.476	12.093
1268.606	11.227
1268.727	10.431
1268.841	9.699
1268.947	9.025
1269.046	8.404
1269.139	7.834
1269.227	7.309
1269.309	6.828
1269.386	6.386
1269.458	5.981
1269.527	5.611
1269.592	5.274
1269.653	4.968
1269.711	4.689
1269.766	4.439
1269.819	4.214
1269.870	4.014
1269.918	3.840
1269.964	3.687
1270.010	3.560
1270.054	3.456
1270.096	3.378
1270.139	3.326
1270.181	3.302
1270.223	3.312
1270.266	3.357
1270.309	3.447
1270.354	3.588
1270.402	3.795
1270.453	4.082
1270.508	4.474
1270.570	5.003
1270.639	5.715
1270.719	6.676
1270.814	7.981
1270.929	9.771
1271.071	12.251
1271.251	15.740
1271.485	20.700
1271.797	27.844
1272.220	38.247
1272.807	53.492
1273.631	75.763
1274.802	107.994
1276.465	153.201
1278.802	213.304
1281.988	285.909
1286.128	361.029
1291.130	420.305
1296.660	444.818
1302.200	427.487
1307.264	378.519
1311.569	316.834
1315.072	258.187
1317.877	210.089
1320.139	173.679
1322.004	147.102
1323.581	127.892
1324.955	113.997
1326.181	103.950
1327.304	96.815
1328.351	91.997
1329.351	89.144
1330.323	88.040
1331.286	88.573
1332.258	90.691
1333.256	94.414
1334.299	99.811
1335.403	107.013
1336.589	116.212
1337.877	127.638
1339.291	141.503
1340.856	157.987
1342.597	177.093
1344.538	198.486
1346.697	221.387
1349.081	244.362
1351.680	265.358
1354.461	281.946
1357.367	291.659
1360.319	292.806
1363.230	284.758
1366.010	268.404
1368.589	245.680
1370.916	219.168
1372.967	191.377
1374.742	164.373
1376.257	139.535
1377.536	117.617
1378.613	98.863
1379.517	83.164
1380.279	70.267
1380.925	59.791
1381.476	51.372
1381.952	44.644
1382.368	39.314
1382.736	35.109
1383.067	31.798
1383.369	29.224
1383.648	27.214
1383.910	25.672
1384.159	24.489
1384.398	23.596
1384.629	22.930
1384.856	22.443
1385.078	22.092
1385.300	21.851
1385.519	21.690
1385.739	21.591
1385.958	21.534
1386.178	21.510
1386.399	21.505
1386.621	21.510
1386.844	21.520
1387.069	21.526
1387.294	21.529
1387.521	21.519
1387.749	21.500
1387.978	21.465
1388.207	21.419
1388.437	21.357
1388.668	21.283
1388.899	21.197
1389.130	21.100
1389.361	20.997
1389.592	20.888
1389.823	20.777
1390.054	20.666
1390.285	20.561
1390.516	20.464
1390.748	20.379
1390.979	20.313
1391.211	20.266
1391.443	20.248
1391.677	20.263
1391.912	20.316
1392.148	20.419
1392.388	20.574
1392.630	20.794
1392.877	21.093
1393.129	21.485
1393.386	21.987
1393.652	22.627
1393.927	23.429
1394.213	24.443
1394.514	25.714
1394.833	27.319
1395.173	29.358
1395.542	31.950
1395.946	35.291
1396.395	39.604
1396.903	45.227
1397.488	52.568
1398.171	62.169
1398.984	74.665
1399.964	90.739
1401.156	111.021
1402.613	135.754
1404.384	164.479
1406.508	195.493
1408.996	225.507
1411.811	249.994
1414.860	264.143
1418.000	264.690
1421.066	251.404
1423.906	227.130
1426.421	196.626
1428.560	164.669
1430.330	134.820
1431.768	109.031
1432.927	87.901
1433.861	71.198
1434.619	58.289
1435.243	48.439
1435.765	40.978
1436.208	35.351
1436.595	31.136
1436.938	28.055
1437.250	25.955
1437.541	24.819
1437.823	24.812
1438.110	26.320
1438.420	30.103
1438.782	37.491
1439.243	50.729
1439.879	73.478
1440.813	111.394
1442.236	172.393
1444.431	265.406
1447.759	395.257
1452.563	551.030
1458.953	694.435
1466.517	766.850
1474.290	730.618
1481.213	605.550
1486.641	449.644
1490.520	311.367
1493.148	209.669
1494.903	142.754
1496.100	101.502
1496.960	76.991
1497.621	62.677
1498.167	54.309
1498.645	49.320
1499.083	46.204
1499.498	44.098
1499.895	42.530
1500.280	41.222
1500.655	40.034
1501.020	38.896
1501.377	37.763
1501.724	36.639
1502.063	35.505
1502.391	34.376
1502.711	33.256
1503.022	32.162
1503.323	31.093
1503.616	30.074
1503.900	29.107
1504.176	28.207
1504.446	27.381
1504.708	26.636
1504.965	25.992
1505.216	25.445
1505.464	25.012
1505.708	24.709
1505.952	24.527
1506.194	24.498
1506.438	24.621
1506.684	24.920
1506.935	25.402
1507.192	26.092
1507.458	27.009
1507.735	28.179
1508.025	29.626
1508.332	31.391
1508.659	33.511
1509.010	36.029
1509.390	39.012
1509.804	42.526
1510.256	46.656
1510.755	51.518
1511.307	57.239
1511.925	64.004
1512.617	72.019
1513.398	81.538
1514.284	92.882
1515.295	106.368
1516.453	122.346
1517.784	141.071
1519.315	162.620
1521.072	186.745
1523.076	212.687
1525.337	239.061
1527.849	263.905
1530.582	284.902
1533.486	299.878
1536.491	307.546
1539.519	307.898
1542.501	302.364
1545.387	293.434
1548.152	283.916
1550.802	276.375
1553.361	272.503
1555.869	272.970
1558.366	277.386
1560.886	284.378
1563.448	291.982
1566.056	297.954
1568.684	300.145
1571.302	297.097
1573.860	288.306
1576.312	274.204
1578.620	256.148
1580.752	235.856
1582.703	215.081
1584.468	195.374
1586.066	177.777
1587.517	162.893
1588.845	150.994
1590.076	141.989
1591.236	135.664
1592.346	131.718
1593.427	129.800
1594.492	129.555
1595.558	130.658
1596.635	132.836
1597.728	135.744
1598.847	139.141
1599.993	142.724
1601.166	146.204
1602.369	149.324
1603.592	151.749
1604.836	153.286
1606.086	153.671
1607.337	152.739
1608.577	150.434
1609.795	146.695
1610.978	141.635
1612.119	135.383
1613.206	128.162
1614.234	120.222
1615.196	111.821
1616.090	103.249
1616.915	94.707
1617.672	86.426
1618.363	78.554
1618.992	71.201
1619.563	64.446
1620.081	58.325
1620.551	52.840
1620.978	47.984
1621.367	43.717
1621.723	40.004
1622.051	36.796
1622.353	34.044
1622.634	31.702
1622.898	29.723
1623.146	28.068
1623.381	26.704
1623.606	25.597
1623.823	24.729
1624.034	24.084
1624.241	23.647
1624.445	23.424
1624.648	23.415
1624.853	23.637
1625.060	24.114
1625.274	24.876
1625.495	25.973
1625.728	27.455
1625.975	29.398
1626.242	31.878
1626.534	34.998
1626.855	38.866
1627.214	43.597
1627.620	49.324
1628.080	56.155
1628.606	64.203
1629.210	73.515
1629.902	84.071
1630.695	95.759
1631.598	108.312
1632.617	121.318
1633.757	134.180
1635.013	146.122
1636.372	156.296
1637.818	163.916
1639.327	168.314
1640.860	169.111
1642.394	166.348
1643.890	160.459
1645.324	152.204
1646.679	142.586
1647.941	132.709
1649.116	123.570
1650.208	116.153
1651.238	111.199
1652.228	109.390
1653.208	111.235
1654.209	117.186
1655.273	127.619
1656.435	142.749
1657.740	162.641
1659.228	187.017
1660.933	215.077
1662.884	245.407
1665.091	275.834
1667.546	303.563
1670.216	325.632
1673.035	339.320
1675.924	343.030
1678.806	336.645
1681.589	321.377
1684.205	299.669
1686.621	274.114
1688.806	247.237
1690.762	220.975
1692.500	196.464
1694.038	174.388
1695.402	154.857
1696.609	137.802
1697.684	122.969
1698.643	110.119
1699.503	98.966
1700.277	89.308
1700.977	80.953
1701.612	73.748
1702.193	67.586
1702.727	62.353
1703.222	57.973
1703.683	54.378
1704.118	51.494
1704.532	49.278
1704.930	47.679
1705.317	46.648
1705.698	46.154
1706.076	46.164
1706.457	46.644
1706.844	47.587
1707.239	48.958
1707.649	50.745
1708.075	52.945
1708.521	55.520
1708.991	58.467
1709.488	61.767
1710.014	65.375
1710.573	69.272
1711.166	73.396
1711.795	77.695
1712.463	82.090
1713.169	86.488
1713.913	90.789
1714.696	94.874
1715.513	98.620
1716.362	101.905
1717.240	104.607
1718.139	106.613
1719.055	107.853
1719.981	108.259
1720.909	107.818
1721.833	106.543
1722.744	104.491
1723.637	101.738
1724.505	98.386
1725.345	94.578
1726.152	90.440
1726.924	86.089
1727.659	81.668
1728.356	77.293
1729.017	73.040
1729.643	69.007
1730.235	65.255
1730.797	61.824
1731.330	58.758
1731.839	56.073
1732.326	53.782
1732.795	51.899
1733.249	50.427
1733.692	49.363
1734.128	48.719
1734.560	48.495
1734.993	48.694
1735.428	49.336
1735.872	50.427
1736.328	51.989
1736.800	54.052
1737.293	56.643
1737.811	59.800
1738.361	63.575
1738.947	68.021
1739.577	73.194
1740.256	79.176
1740.993	86.043
1741.795	93.873
1742.672	102.782
1743.632	112.844
1744.688	124.157
1745.848	136.750
1747.124	150.633
1748.529	165.709
1750.068	181.747
1751.749	198.370
1753.575	215.006
1755.540	230.925
1757.634	245.339
1759.841	257.421
1762.135	266.630
1764.486	272.686
1766.869	275.846
1769.257	276.820
1771.632	276.757
1773.990	276.936
1776.333	278.640
1778.678	282.796
1781.045	289.701
1783.454	299.018
1785.927	309.667
1788.470	319.724
1791.067	326.870
1793.693	328.954
1796.311	324.188
1798.855	311.838
1801.270	292.381
1803.516	267.112
1805.541	238.281
1807.332	208.120
1808.888	178.531
1810.214	151.203
1811.334	126.940
1812.273	106.260
1813.059	89.203
1813.721	75.541
1814.283	64.991
1814.770	57.118
1815.200	51.594
1815.592	48.047
1815.961	46.219
1816.318	45.859
1816.676	46.804
1817.044	48.911
1817.431	52.085
1817.846	56.261
1818.296	61.374
1818.789	67.393
1819.332	74.251
1819.932	81.873
1820.595	90.196
1821.327	99.043
1822.128	108.230
1823.007	117.569
1823.960	126.741
1824.983	135.412
1826.078	143.303
1827.232	150.066
1828.435	155.428
1829.681	159.222
1830.950	161.362
1832.231	161.902
1833.516	161.035
1834.787	159.050
1836.040	156.315
1837.270	153.276
1838.473	150.343
1839.652	147.915
1840.814	146.339
1841.962	145.856
1843.107	146.642
1844.261	148.742
1845.430	152.130
1846.627	156.633
1847.860	162.018
1849.134	167.949
1850.452	174.031
1851.817	179.840
1853.222	184.935
1854.662	188.981
1856.130	191.697
1857.613	192.996
1859.098	192.954
1860.580	191.801
1862.048	189.998
1863.496	188.129
1864.930	186.772
1866.350	186.714
1867.768	188.589
1869.202	192.941
1870.668	200.306
1872.191	210.863
1873.794	224.555
1875.497	240.987
1877.320	259.300
1879.274	278.126
1881.357	295.782
1883.556	310.288
1885.842	319.639
1888.175	322.323
1890.502	317.454
1892.771	305.035
1894.929	285.999
1896.933	261.936
1898.753	234.762
1900.374	206.431
1901.791	178.580
1903.011	152.454
1904.051	128.848
1904.928	108.157
1905.665	90.472
1906.281	75.681
1906.797	63.549
1907.232	53.806
1907.602	46.162
1907.923	40.351
1908.204	36.166
1908.457	33.454
1908.694	32.114
1908.925	32.089
1909.157	33.400
1909.401	36.162
1909.669	40.529
1909.970	46.686
1910.321	54.999
1910.737	65.855
1911.237	79.607
1911.844	96.842
1912.584	117.998
1913.486	143.383
1914.583	173.261
1915.903	207.255
1917.477	244.621
1919.324	283.781
1921.449	322.321
1923.841	357.357
1926.459	385.660
1929.252	404.693
1932.140	412.997
1935.050	410.895
1937.906	400.406
1940.659	384.707
1943.279	367.547
1945.762	352.351
1948.131	341.764
1950.420	337.326
1952.673	339.443
1954.935	347.511
1957.241	359.929
1959.620	374.443
1962.080	388.284
1964.609	398.604
1967.183	402.882
1969.760	399.313
1972.288	387.174
1974.716	366.816
1976.993	339.656
1979.082	307.784
1980.961	273.401
1982.621	238.606
1984.062	205.221
1985.296	174.374
1986.343	146.731
1987.222	122.643
1987.957	102.042
1988.569	84.694
1989.078	70.282
1989.501	58.408
1989.854	48.687
1990.149	40.786
1990.396	34.378
1990.606	29.185
1990.786	24.985
1990.940	21.588
1991.073	18.836
1991.191	16.598
1991.295	14.781
1991.388	13.295
1991.472	12.076
1991.549	11.072
1991.620	10.241
1991.686	9.549
1991.748	8.969
1991.806	8.481
1991.861	8.065
1991.914	7.710
1991.965	7.404
1992.014	7.139
1992.062	6.907
1992.108	6.703
1992.153	6.521
1992.198	6.359
1992.241	6.213
1992.283	6.081
1992.325	5.961
1992.366	5.850
1992.406	5.747
1992.447	5.651
1992.486	5.562
1992.525	5.481
1992.563	5.404
1992.602	5.328
1992.640	5.258
1992.677	5.192
1992.714	5.130
1992.751	5.069
1992.788	5.011
1992.824	4.955
1992.860	4.903
1992.896	4.851
1992.932	4.801
1992.967	4.755
1993.003	4.708
1993.038	4.664
1993.073	4.621
1993.108	4.578
1993.143	4.539
1993.177	4.498
1993.211	4.461
1993.245	4.423
1993.280	4.387
1993.313	4.353
1993.347	4.318
1993.381	4.285
1993.414	4.252
1993.448	4.221
1993.481	4.189
1993.515	4.160
1993.548	4.130
1993.581	4.101
1993.614	4.073
1993.647	4.045
1993.680	4.018
1993.712	3.992
1993.745	3.966
1993.778	3.940
1993.810	3.915
1993.843	3.890
1993.875	3.866
1993.908	3.842
1993.940	3.818
1993.972	3.794
1994.005	3.772
1994.037	3.749
1994.069	3.726
1994.101	3.704
1994.133	3.682
1994.165	3.660
1994.197	3.638
1994.229	3.616
1994.261	3.594
1994.293	3.572
1994.324	3.550
1994.356	3.528
1994.388	3.506
1994.420	3.484
1994.451	3.462
1994.483	3.440
1994.514	3.417
1994.545	3.395
1994.577	3.372
1994.608	3.349
1994.639	3.326
1994.671	3.302
1994.701	3.278
1994.732	3.254
1994.763	3.230
1994.794	3.206
1994.825	3.181
1994.855	3.155
1994.886	3.129
1994.916	3.103
1994.946	3.077
1994.976	3.050
1995.007	3.023
1995.036	2.996
1995.066	2.967
1995.096	2.939
1995.125	2.910
1995.154	2.880
1995.184	2.851
1995.212	2.821
1995.241	2.791
1995.270	2.760
1995.298	2.729
1995.327	2.697
1995.355	2.665
1995.383	2.633
1995.410	2.600
1995.437	2.567
1995.465	2.534
1995.492	2.500
1995.519	2.466
1995.545	2.432
1995.571	2.398
1995.597	2.363
1995.623	2.328
1995.648	2.293
1995.674	2.258
1995.699	2.223
1995.723	2.187
1995.748	2.152
1995.772	2.116
1995.796	2.081
1995.819	2.045
1995.842	2.010
1995.865	1.974
1995.888	1.938
1995.910	1.903
1995.932	1.867
1995.954	1.832
1995.975	1.797
1995.996	1.762
1996.017	1.727
1996.038	1.692
1996.058	1.658
1996.078	1.624
1996.097	1.590
1996.117	1.556
1996.136	1.523
1996.154	1.490
1996.172	1.457
1996.191	1.425
1996.208	1.393
1996.225	1.361
1996.242	1.330
1996.259	1.299
1996.276	1.269
1996.292	1.239
1996.307	1.209
1996.323	1.180
1996.338	1.152
1996.353	1.123
1996.367	1.096
1996.382	1.068
1996.396	1.042
1996.410	1.015
1996.423	0.989
1996.436	0.964
1996.449	0.939
1996.462	0.915
1996.474	0.891
1996.486	0.868
1996.498	0.845
1996.510	0.822
1996.521	0.800
1996.532	0.779
1996.542	0.758
1996.553	0.737
1996.564	0.717
1996.574	0.698
1996.584	0.679
1996.593	0.660
1996.603	0.642
1996.612	0.624
1996.621	0.607
1996.630	0.590
1996.638	0.573
1996.647	0.557
1996.655	0.541
1996.663	0.526
1996.671	0.512
1996.679	0.497
1996.686	0.483
1996.693	0.469
1996.701	0.456
1996.707	0.443
1996.714	0.431
1996.721	0.418
1996.727	0.406
1996.734	0.395
1996.740	0.384
1996.746	0.373
1996.752	0.362
1996.758	0.352
1996.763	0.342
1996.769	0.332
1996.774	0.323
1996.779	0.313
1996.784	0.305
1996.789	0.296
1996.794	0.287
1996.799	0.279
1996.804	0.271
1996.808	0.264
1996.812	0.256
1996.817	0.249
1996.821	0.242
1996.825	0.235
1996.829	0.229
1996.833	0.222
1996.837	0.216
1996.841	0.210
1996.844	0.204
1996.848	0.198
1996.852	0.193
1996.855	0.187
1996.858	0.182
1996.861	0.177
1996.865	0.172
