<j>	var(j)
1.401	0.355
2.435	0.382
3.524	0.389
4.475	0.310
5.279	0.301
6.684	0.785
8.208	0.826
9.169	0.553
9.908	0.487
10.741	0.702
12.074	1.219
13.598	1.609
15.052	1.985
16.399	1.587
17.314	1.129
18.031	0.878
18.672	0.784
19.388	1.038
20.530	1.877
22.119	1.790
23.144	0.916
23.703	0.614
24.205	0.721
25.060	1.738
26.995	3.295
28.823	2.470
29.992	2.881
31.425	3.930
32.976	3.034
33.960	1.985
34.670	2.053
35.510	2.813
36.709	4.420
38.447	6.401
40.410	5.910
41.832	4.047
42.765	3.222
43.549	2.993
44.319	3.017
45.138	3.209
46.038	3.374
46.988	3.372
47.936	3.381
48.903	3.566
49.929	3.668
50.955	3.368
51.873	2.978
52.713	3.156
53.674	4.143
54.941	5.192
56.361	4.940
57.562	3.923
58.497	3.451
59.366	4.017
60.456	6.271
62.148	9.764
64.332	9.863
66.056	6.277
67.055	4.176
67.763	3.993
68.505	4.771
69.432	5.844
70.557	6.448
71.740	6.132
72.817	5.405
73.762	4.953
74.646	4.835
75.527	4.768
76.403	4.575
77.250	4.313
78.062	4.140
78.863	4.149
79.690	4.257
80.551	4.178
81.388	3.662
82.115	2.861
82.692	2.179
83.160	1.828
83.593	1.790
84.061	1.993
84.628	2.449
85.375	3.459
86.509	6.418
88.643	13.947
92.133	18.292
95.047	12.155
96.689	9.616
98.052	11.467
99.673	15.195
101.679	19.096
103.938	20.829
106.114	18.684
107.869	14.034
109.109	9.713
109.958	7.072
110.594	6.049
111.167	6.281
111.796	7.556
112.585	9.724
113.617	12.304
114.905	14.138
116.322	13.935
117.646	11.770
118.723	9.186
119.561	7.541
120.269	7.263
120.985	8.310
121.838	10.503
122.932	13.299
124.291	15.380
125.789	15.149
127.178	12.462
128.268	8.952
129.041	6.167
129.584	4.591
130.010	4.193
130.432	5.100
130.990	8.041
131.924	14.571
133.620	25.749
136.355	36.444
139.589	35.639
142.231	25.921
143.974	17.953
145.158	13.662
146.066	11.103
146.814	9.101
147.436	7.376
147.950	5.954
148.377	4.867
148.739	4.088
149.055	3.558
149.343	3.211
149.615	3.000
149.882	2.896
150.152	2.892
150.436	2.996
150.745	3.228
151.095	3.616
151.506	4.186
152.002	4.947
152.606	5.872
153.336	6.885
154.199	7.883
155.183	8.777
156.268	9.527
157.427	10.182
158.647	11.015
159.957	12.712
161.463	16.175
163.336	21.348
165.631	25.536
168.071	25.113
170.208	20.663
171.840	15.657
173.041	11.800
173.944	9.063
174.645	7.129
175.209	5.833
175.686	5.122
176.124	5.017
176.577	5.649
177.118	7.358
177.857	10.788
178.969	16.710
180.662	24.760
182.986	31.119
185.568	30.403
187.796	23.428
189.380	15.813
190.419	10.499
191.116	7.436
191.626	5.919
192.052	5.477
192.469	5.927
192.945	7.269
193.555	9.546
194.374	12.575
195.450	15.553
196.742	17.013
198.088	15.844
199.281	12.586
200.198	8.931
200.843	6.122
201.295	4.436
201.638	3.658
201.940	3.539
202.253	3.975
202.626	5.062
203.128	7.163
203.869	10.965
205.022	17.234
206.787	25.331
209.166	30.904
211.716	29.041
213.842	22.163
215.366	16.467
216.504	14.615
217.562	16.441
218.792	20.948
220.346	26.186
222.200	29.006
224.117	27.178
225.795	21.972
227.096	16.570
228.067	12.833
228.832	10.836
229.496	9.962
230.122	9.635
230.741	9.538
231.363	9.644
232.006	10.258
232.708	12.144
233.571	16.791
234.803	26.601
236.751	43.507
239.742	62.980
243.542	69.667
247.128	55.929
249.672	35.557
251.192	20.807
252.072	12.628
252.617	8.393
252.991	6.134
253.273	4.860
253.505	4.127
253.710	3.744
253.902	3.646
254.098	3.841
254.312	4.410
254.570	5.526
254.906	7.512
255.381	10.907
256.090	16.493
257.173	25.034
258.792	36.232
261.028	47.029
263.710	52.092
266.420	49.139
268.786	42.008
270.715	35.739
272.325	32.289
273.771	31.147
275.160	30.999
276.527	30.586
277.857	29.075
279.101	26.279
280.209	22.612
281.154	18.770
281.937	15.358
282.583	12.697
283.125	10.839
283.597	9.674
284.029	9.030
284.442	8.738
284.851	8.656
285.264	8.681
285.687	8.757
286.122	8.886
286.571	9.145
287.044	9.736
287.559	11.067
288.163	13.921
288.948	19.699
290.087	30.542
291.852	48.307
294.529	70.393
298.090	84.840
301.878	79.236
305.022	58.794
307.179	38.290
308.537	24.478
309.406	16.582
310.005	12.241
310.459	9.792
310.831	8.344
311.157	7.466
311.456	6.952
311.741	6.709
312.024	6.703
312.314	6.939
312.622	7.459
312.962	8.337
313.352	9.686
313.816	11.657
314.386	14.417
315.102	18.098
316.007	22.674
317.139	27.784
318.508	32.619
320.076	36.088
321.758	37.396
323.446	36.614
325.052	34.646
326.543	32.605
327.931	31.235
329.252	30.806
330.551	31.290
331.865	32.571
333.226	34.527
334.656	36.985
336.170	39.584
337.765	41.681
339.410	42.422
341.044	41.079
342.587	37.477
343.963	32.155
345.123	26.101
346.055	20.277
346.776	15.303
347.323	11.407
347.735	8.550
348.050	6.570
348.297	5.288
348.502	4.564
348.685	4.320
348.866	4.564
349.065	5.408
349.311	7.111
349.646	10.137
350.140	15.204
350.893	23.176
352.045	34.508
353.726	47.854
355.955	58.681
358.510	61.074
360.978	53.610
363.012	41.393
364.525	30.530
365.633	23.728
366.510	20.900
367.305	21.111
368.130	23.543
369.065	27.628
370.167	32.914
371.475	38.891
373.000	44.946
374.727	50.491
376.620	55.152
378.632	58.813
380.716	61.436
382.831	62.804
384.930	62.521
386.960	60.302
388.864	56.280
390.601	51.037
392.146	45.333
393.501	39.811
394.683	34.851
395.714	30.584
396.620	26.996
397.422	24.021
398.141	21.585
398.791	19.641
399.389	18.155
399.948	17.114
400.482	16.513
401.005	16.346
401.529	16.612
402.070	17.302
402.641	18.406
403.256	19.907
403.928	21.773
404.669	23.962
405.489	26.416
406.396	29.067
407.395	31.856
408.487	34.760
409.674	37.838
410.960	41.279
412.353	45.410
413.873	50.636
415.551	57.221
417.419	64.930
419.495	72.598
421.752	78.117
424.096	79.143
426.383	74.535
428.461	65.194
430.225	53.532
431.643	42.022
432.743	32.212
433.585	24.604
434.231	19.033
434.737	15.075
435.142	12.289
435.478	10.315
435.766	8.896
436.018	7.860
436.245	7.105
436.454	6.576
436.651	6.257
436.843	6.162
437.036	6.334
437.240	6.856
437.466	7.861
437.733	9.547
438.065	12.201
438.498	16.204
439.084	21.985
439.886	29.882
440.976	39.774
442.411	50.561
444.193	59.844
446.228	64.601
448.336	63.069
450.313	56.228
452.018	47.092
453.419	38.601
454.561	32.315
455.522	28.490
456.380	26.707
457.195	26.366
458.009	26.912
458.846	27.885
459.717	28.914
460.620	29.700
461.547	30.021
462.482	29.743
463.406	28.839
464.299	27.379
465.145	25.519
465.934	23.462
466.661	21.426
467.328	19.615
467.944	18.211
468.522	17.386
469.082	17.316
469.651	18.203
470.260	20.301
470.951	23.917
471.778	29.374
472.803	36.903
474.088	46.401
475.687	57.128
477.615	67.546
479.824	75.655
482.209	79.932
484.634	80.174
486.983	77.385
489.184	72.862
491.206	67.459
493.041	61.514
494.687	55.175
496.143	48.683
497.416	42.388
498.517	36.647
499.468	31.700
500.293	27.638
501.016	24.417
501.659	21.913
502.242	19.974
502.778	18.448
503.279	17.205
503.750	16.142
504.198	15.185
504.622	14.285
505.026	13.413
505.408	12.558
505.770	11.717
506.112	10.898
506.433	10.107
506.734	9.356
507.016	8.652
507.281	8.005
507.529	7.419
507.762	6.903
507.982	6.464
508.191	6.116
508.393	5.886
508.590	5.825
508.790	6.034
509.004	6.711
509.249	8.248
509.563	11.406
510.015	17.648
510.736	29.621
511.964	51.419
514.072	86.861
517.461	132.253
522.163	167.070
527.410	167.044
532.068	137.074
535.591	102.845
538.133	78.470
540.052	63.587
541.604	53.984
542.918	46.735
544.052	40.650
545.038	35.533
545.901	31.553
546.673	28.930
547.389	27.847
548.087	28.445
548.811	30.841
549.608	35.117
550.523	41.230
551.602	48.878
552.878	57.327
554.361	65.333
556.024	71.304
557.802	73.825
559.602	72.305
561.327	67.303
562.902	60.235
564.293	52.703
565.501	45.913
566.552	40.480
567.481	36.518
568.324	33.858
569.111	32.229
569.866	31.365
570.606	31.056
571.343	31.160
572.088	31.595
572.846	32.326
573.627	33.349
574.435	34.683
575.280	36.368
576.168	38.492
577.111	41.227
578.124	44.905
579.229	50.102
580.466	57.709
581.891	68.877
583.589	84.691
585.656	105.305
588.177	128.550
591.158	148.873
594.464	158.642
597.817	152.670
600.888	132.452
603.443	105.106
605.410	78.270
606.848	56.398
607.878	40.590
608.621	30.067
609.178	23.493
609.619	19.644
609.995	17.599
610.338	16.734
610.670	16.649
611.006	17.098
611.355	17.931
611.725	19.055
612.123	20.405
612.552	21.926
613.018	23.561
613.522	25.236
614.066	26.861
614.647	28.330
615.263	29.522
615.907	30.319
616.569	30.619
617.240	30.355
617.905	29.509
618.553	28.118
619.171	26.268
619.750	24.084
620.282	21.705
620.763	19.268
621.192	16.893
621.571	14.669
621.903	12.657
622.191	10.891
622.442	9.380
622.660	8.122
622.852	7.101
623.021	6.301
623.174	5.705
623.315	5.301
623.449	5.088
623.579	5.076
623.712	5.295
623.854	5.808
624.014	6.729
624.204	8.258
624.442	10.740
624.760	14.766
625.206	21.322
625.862	31.969
626.854	48.879
628.369	74.223
630.625	107.913
633.773	143.506
637.698	166.672
641.907	164.287
645.739	138.204
648.764	103.213
650.935	72.413
652.431	50.471
653.473	36.532
654.236	28.232
654.836	23.534
655.346	21.089
655.813	20.104
656.265	20.153
656.726	21.048
657.214	22.761
657.749	25.391
658.353	29.157
659.053	34.397
659.886	41.548
660.898	51.093
662.144	63.399
663.682	78.435
665.562	95.375
667.804	112.307
670.373	126.477
673.173	135.311
676.065	137.783
678.913	135.000
681.622	129.453
684.158	123.603
686.535	118.938
688.788	115.885
690.953	114.209
693.059	113.463
695.124	113.235
697.159	113.207
699.168	113.071
701.149	112.436
703.093	110.810
704.985	107.697
706.800	102.750
708.511	95.915
710.090	87.478
711.516	77.997
712.779	68.149
713.876	58.574
714.816	49.755
715.615	41.985
716.290	35.378
716.861	29.918
717.348	25.510
717.765	22.019
718.129	19.304
718.452	17.239
718.743	15.714
719.011	14.650
719.265	13.995
719.510	13.729
719.753	13.864
720.003	14.452
720.267	15.593
720.556	17.450
720.884	20.272
721.271	24.416
721.742	30.370
722.336	38.764
723.099	50.318
724.095	65.673
725.392	85.004
727.057	107.422
729.130	130.286
731.585	149.103
734.312	158.761
737.119	155.996
739.784	141.470
742.127	119.410
744.057	95.173
745.571	72.868
746.718	54.528
747.575	40.499
748.212	30.240
748.691	22.922
749.058	17.755
749.345	14.104
749.575	11.502
749.766	9.620
749.928	8.236
750.068	7.202
750.192	6.418
750.304	5.820
750.408	5.364
750.504	5.025
750.595	4.789
750.684	4.653
750.771	4.621
750.858	4.709
750.949	4.947
751.046	5.383
751.154	6.087
751.278	7.175
751.427	8.819
751.613	11.282
751.856	14.955
752.182	20.423
752.634	28.508
753.271	40.294
754.175	57.015
755.453	79.601
757.217	107.651
759.554	138.026
762.453	163.997
765.754	177.211
769.152	172.694
772.312	152.753
774.999	125.193
777.141	97.880
778.788	75.345
780.048	58.699
781.033	47.229
781.832	39.685
782.510	34.907
783.114	32.031
783.674	30.468
784.212	29.836
784.745	29.883
785.283	30.436
785.835	31.359
786.408	32.533
787.005	33.844
787.630	35.178
788.282	36.420
788.958	37.460
789.655	38.210
790.367	38.602
791.087	38.609
791.808	38.238
792.524	37.548
793.227	36.629
793.915	35.604
794.586	34.614
795.241	33.824
795.884	33.408
796.524	33.556
797.171	34.484
797.843	36.439
798.559	39.704
799.346	44.585
800.237	51.363
801.267	60.197
802.477	70.972
803.897	83.069
805.544	95.197
807.404	105.430
809.427	111.648
811.521	112.291
813.580	107.105
815.501	97.318
817.216	85.075
818.696	72.615
819.949	61.603
821.011	52.928
821.927	46.835
822.745	43.169
823.506	41.574
824.246	41.626
824.995	42.881
825.771	44.905
826.587	47.267
827.448	49.560
828.350	51.406
829.283	52.506
830.234	52.671
831.185	51.852
832.118	50.143
833.018	47.769
833.874	45.023
834.681	42.221
835.440	39.652
836.154	37.543
836.834	36.049
837.492	35.246
838.139	35.146
838.790	35.695
839.455	36.798
840.145	38.316
840.867	40.081
841.625	41.903
842.418	43.601
843.244	45.014
844.096	46.029
844.967	46.607
845.848	46.789
846.732	46.699
847.614	46.528
848.495	46.510
849.377	46.906
850.270	47.960
851.186	49.913
852.145	52.994
853.166	57.383
854.275	63.262
855.500	70.789
856.870	80.082
858.413	91.196
860.160	104.069
862.134	118.407
864.350	133.558
866.807	148.387
869.482	161.250
872.318	170.261
875.235	173.757
878.132	170.903
880.907	162.148
883.479	149.013
885.794	133.608
887.837	117.968
889.621	103.627
891.176	91.478
892.545	81.830
893.769	74.628
894.888	69.592
895.933	66.339
896.934	64.457
897.909	63.566
898.872	63.315
899.833	63.390
900.796	63.543
901.761	63.579
902.727	63.347
903.689	62.772
904.640	61.838
905.578	60.563
906.496	59.013
907.390	57.292
908.258	55.503
909.101	53.758
909.917	52.179
910.712	50.869
911.490	49.927
912.255	49.461
913.017	49.563
913.783	50.324
914.565	51.842
915.374	54.195
916.224	57.437
917.127	61.578
918.097	66.553
919.148	72.176
920.286	78.134
921.514	83.960
922.829	89.059
924.213	92.790
925.646	94.587
927.093	94.072
928.519	91.181
929.890	86.178
931.175	79.586
932.354	72.082
933.417	64.341
934.364	56.916
935.201	50.222
935.941	44.497
936.599	39.830
937.192	36.215
937.734	33.585
938.242	31.824
938.727	30.811
939.201	30.421
939.672	30.528
940.150	31.010
940.637	31.747
941.140	32.630
941.659	33.543
942.194	34.384
942.746	35.059
943.309	35.487
943.880	35.609
944.456	35.394
945.029	34.835
945.594	33.964
946.146	32.841
946.681	31.556
947.197	30.235
947.694	29.033
948.174	28.148
948.643	27.846
949.112	28.481
949.598	30.571
950.128	34.872
950.743	42.478
951.506	54.972
952.504	74.370
953.862	102.886
955.733	141.863
958.273	189.520
961.571	238.369
965.553	274.755
969.915	284.750
974.200	264.122
977.983	221.864
981.039	173.045
983.361	129.256
985.071	95.320
986.326	71.204
987.266	54.822
987.996	43.884
988.586	36.551
989.082	31.537
989.515	28.015
989.903	25.472
990.259	23.594
990.592	22.200
990.908	21.170
991.212	20.443
991.508	19.967
991.799	19.714
992.089	19.665
992.382	19.795
992.677	20.095
992.980	20.549
993.293	21.144
993.616	21.868
993.953	22.708
994.306	23.650
994.675	24.679
995.063	25.785
995.470	26.950
995.898	28.170
996.348	29.433
996.820	30.745
997.316	32.123
997.836	33.602
998.383	35.242
998.959	37.146
999.569	39.465
1000.221	42.426
1000.926	46.340
1001.701	51.641
1002.570	58.888
1003.566	68.763
1004.734	81.993
1006.127	99.161
1007.808	120.336
1009.829	144.491
1012.219	169.012
1014.952	189.577
1017.936	201.315
1021.008	200.712
1023.974	187.598
1026.667	165.212
1028.982	138.549
1030.887	112.186
1032.412	89.045
1033.615	70.338
1034.566	56.116
1035.327	45.842
1035.954	38.875
1036.492	34.623
1036.978	32.723
1037.445	33.013
1037.924	35.593
1038.450	40.817
1039.061	49.296
1039.808	61.933
1040.753	79.738
1041.974	103.690
1043.557	134.046
1045.583	169.541
1048.104	206.401
1051.098	238.065
1054.449	256.884
1057.942	257.463
1061.323	239.831
1064.375	209.404
1066.970	173.980
1069.087	140.088
1070.772	111.437
1072.106	89.089
1073.172	72.527
1074.044	60.642
1074.777	52.204
1075.413	46.219
1075.980	41.904
1076.499	38.712
1076.980	36.263
1077.435	34.306
1077.867	32.677
1078.281	31.269
1078.679	30.017
1079.064	28.879
1079.436	27.829
1079.796	26.853
1080.146	25.953
1080.485	25.124
1080.817	24.383
1081.140	23.743
1081.456	23.233
1081.768	22.896
1082.078	22.794
1082.388	23.015
1082.705	23.694
1083.034	25.028
1083.385	27.298
1083.773	30.924
1084.219	36.490
1084.750	44.820
1085.410	57.011
1086.257	74.398
1087.366	98.431
1088.833	130.132
1090.757	169.209
1093.223	212.777
1096.253	254.273
1099.766	284.486
1103.557	294.999
1107.343	283.049
1110.848	253.314
1113.893	215.085
1116.422	177.219
1118.477	145.211
1120.151	120.883
1121.545	103.722
1122.744	92.149
1123.816	84.479
1124.801	79.203
1125.728	75.214
1126.610	71.730
1127.453	68.273
1128.254	64.592
1129.013	60.605
1129.726	56.342
1130.388	51.895
1130.999	47.398
1131.559	42.966
1132.067	38.721
1132.526	34.744
1132.939	31.102
1133.311	27.823
1133.645	24.921
1133.947	22.389
1134.219	20.212
1134.466	18.364
1134.692	16.812
1134.901	15.531
1135.095	14.491
1135.278	13.660
1135.452	13.023
1135.619	12.552
1135.782	12.236
1135.942	12.061
1136.100	12.020
1136.260	12.113
1136.423	12.341
1136.590	12.715
1136.763	13.252
1136.946	13.981
1137.140	14.943
1137.350	16.195
1137.579	17.816
1137.834	19.913
1138.121	22.630
1138.451	26.154
1138.835	30.719
1139.291	36.627
1139.837	44.213
1140.500	53.841
1141.311	65.843
1142.302	80.366
1143.511	97.275
1144.966	115.862
1146.684	134.754
1148.655	151.894
1150.842	164.972
1153.171	172.048
1155.554	172.417
1157.896	166.935
1160.127	157.864
1162.209	148.087
1164.148	140.375
1165.979	136.882
1167.765	138.947
1169.582	147.135
1171.507	161.260
1173.610	180.251
1175.944	202.029
1178.526	223.452
1181.334	240.724
1184.296	250.189
1187.306	249.568
1190.241	238.741
1192.989	219.712
1195.471	195.770
1197.648	170.307
1199.522	145.941
1201.115	124.276
1202.466	105.944
1203.617	90.964
1204.605	79.013
1205.466	69.632
1206.228	62.378
1206.914	56.854
1207.542	52.763
1208.128	49.865
1208.686	48.019
1209.226	47.110
1209.760	47.109
1210.298	47.999
1210.848	49.818
1211.424	52.627
1212.035	56.513
1212.696	61.597
1213.419	67.999
1214.221	75.868
1215.117	85.320
1216.128	96.443
1217.269	109.241
1218.562	123.637
1220.017	139.299
1221.652	155.846
1223.465	172.541
1225.458	188.688
1227.613	203.489
1229.912	216.432
1232.325	227.372
1234.831	236.689
1237.405	245.246
1240.042	254.102
1242.741	264.288
1245.516	276.223
1248.382	289.428
1251.344	302.363
1254.393	312.527
1257.493	316.944
1260.580	313.218
1263.576	300.121
1266.396	278.245
1268.968	249.681
1271.243	217.449
1273.201	184.560
1274.848	153.455
1276.209	125.681
1277.320	101.949
1278.219	82.342
1278.947	66.545
1279.536	54.043
1280.016	44.275
1280.411	36.705
1280.741	30.859
1281.020	26.355
1281.260	22.878
1281.470	20.182
1281.657	18.077
1281.825	16.424
1281.979	15.115
1282.122	14.064
1282.256	13.221
1282.383	12.534
1282.504	11.976
1282.621	11.521
1282.734	11.154
1282.844	10.860
1282.952	10.636
1283.058	10.471
1283.164	10.369
1283.269	10.323
1283.374	10.337
1283.481	10.416
1283.589	10.560
1283.699	10.778
1283.812	11.079
1283.930	11.475
1284.052	11.978
1284.181	12.607
1284.318	13.384
1284.464	14.337
1284.621	15.499
1284.793	16.913
1284.982	18.632
1285.192	20.719
1285.427	23.257
1285.692	26.334
1285.994	30.078
1286.342	34.615
1286.745	40.112
1287.214	46.739
1287.762	54.703
1288.407	64.189
1289.166	75.365
1290.057	88.342
1291.103	103.126
1292.319	119.534
1293.726	137.220
1295.329	155.503
1297.135	173.606
1299.129	190.535
1301.296	205.448
1303.604	217.724
1306.019	227.204
1308.506	234.165
1311.039	239.187
1313.594	242.945
1316.159	245.856
1318.727	247.938
1321.285	248.753
1323.823	247.465
1326.317	243.218
1328.739	235.289
1331.053	223.456
1333.226	208.036
1335.227	189.865
1337.037	170.047
1338.645	149.789
1340.052	130.132
1341.270	111.867
1342.315	95.467
1343.205	81.163
1343.963	68.965
1344.607	58.729
1345.158	50.271
1345.631	43.332
1346.042	37.694
1346.400	33.112
1346.717	29.414
1347.000	26.406
1347.256	23.970
1347.490	21.977
1347.706	20.340
1347.907	18.981
1348.096	17.846
1348.274	16.883
1348.445	16.063
1348.608	15.351
1348.764	14.733
1348.916	14.188
1349.062	13.707
1349.205	13.282
1349.344	12.908
1349.479	12.582
1349.613	12.308
1349.744	12.087
1349.874	11.931
1350.003	11.854
1350.132	11.880
1350.262	12.044
1350.395	12.403
1350.534	13.044
1350.681	14.099
1350.842	15.777
1351.024	18.399
1351.240	22.466
1351.507	28.755
1351.854	38.455
1352.323	53.365
1352.981	76.087
1353.924	110.171
1355.291	159.888
1357.264	229.014
1360.051	317.877
1363.834	418.638
1368.640	511.101
1374.255	566.892
1380.169	564.344
1385.760	504.881
1390.542	412.014
1394.308	314.347
1397.114	230.705
1399.147	167.654
1400.617	123.750
1401.706	94.706
1402.544	76.062
1403.225	64.297
1403.806	56.906
1404.326	52.230
1404.807	49.215
1405.262	47.194
1405.702	45.754
1406.130	44.649
1406.550	43.732
1406.963	42.900
1407.369	42.114
1407.770	41.335
1408.165	40.549
1408.554	39.757
1408.935	38.947
1409.312	38.137
1409.681	37.319
1410.044	36.524
1410.401	35.741
1410.752	34.998
1411.096	34.303
1411.436	33.666
1411.770	33.114
1412.101	32.640
1412.428	32.283
1412.754	32.034
1413.078	31.927
1413.403	31.959
1413.730	32.152
1414.061	32.513
1414.397	33.050
1414.740	33.769
1415.094	34.682
1415.457	35.775
1415.835	37.053
1416.228	38.507
1416.637	40.120
1417.067	41.878
1417.515	43.743
1417.987	45.703
1418.480	47.703
1418.997	49.724
1419.538	51.718
1420.101	53.653
1420.687	55.509
1421.293	57.269
1421.921	58.952
1422.568	60.580
1423.234	62.230
1423.920	63.996
1424.627	66.022
1425.359	68.486
1426.119	71.619
1426.917	75.688
1427.764	80.975
1428.672	87.809
1429.660	96.469
1430.748	107.191
1431.958	120.097
1433.313	135.053
1434.832	151.671
1436.529	169.087
1438.408	186.117
1440.457	201.209
1442.645	212.758
1444.932	219.433
1447.256	220.509
1449.562	216.053
1451.790	206.975
1453.901	194.582
1455.866	180.492
1457.674	166.026
1459.328	152.234
1460.838	139.734
1462.221	128.751
1463.493	119.320
1464.672	111.273
1465.772	104.361
1466.803	98.406
1467.777	93.153
1468.699	88.478
1469.576	84.248
1470.412	80.381
1471.210	76.849
1471.975	73.596
1472.708	70.637
1473.414	67.936
1474.094	65.499
1474.751	63.310
1475.388	61.341
1476.007	59.591
1476.610	58.012
1477.198	56.594
1477.774	55.299
1478.338	54.102
1478.891	52.974
1479.435	51.899
1479.969	50.849
1480.493	49.813
1481.009	48.789
1481.514	47.765
1482.012	46.761
1482.500	45.781
1482.979	44.858
1483.450	44.026
1483.915	43.341
1484.373	42.877
1484.830	42.730
1485.286	43.031
1485.749	43.953
1486.225	45.723
1486.723	48.641
1487.258	53.086
1487.846	59.539
1488.511	68.596
1489.283	80.938
1490.198	97.298
1491.302	118.333
1492.644	144.415
1494.277	175.340
1496.245	209.932
1498.576	245.805
1501.263	279.474
1504.264	307.054
1507.494	325.543
1510.845	334.071
1514.215	334.336
1517.525	330.096
1520.745	325.325
1523.878	323.116
1526.957	324.454
1530.014	327.970
1533.071	331.107
1536.113	330.413
1539.105	323.123
1541.986	307.931
1544.688	285.336
1547.157	257.331
1549.356	226.736
1551.275	196.254
1552.924	168.041
1554.330	143.431
1555.527	122.970
1556.555	106.658
1557.448	94.122
1558.240	84.861
1558.957	78.306
1559.623	73.933
1560.255	71.272
1560.868	69.931
1561.472	69.578
1562.075	69.957
1562.684	70.844
1563.303	72.063
1563.934	73.458
1564.579	74.902
1565.237	76.288
1565.909	77.517
1566.593	78.508
1567.286	79.193
1567.986	79.514
1568.688	79.443
1569.392	78.948
1570.091	78.020
1570.782	76.689
1571.463	74.961
1572.128	72.888
1572.775	70.533
1573.403	67.943
1574.008	65.218
1574.590	62.413
1575.148	59.633
1575.682	56.958
1576.194	54.484
1576.685	52.313
1577.158	50.548
1577.618	49.303
1578.068	48.718
1578.515	48.938
1578.968	50.145
1579.434	52.548
1579.928	56.384
1580.460	61.934
1581.049	69.482
1581.714	79.330
1582.476	91.727
1583.361	106.831
1584.391	124.537
1585.591	144.480
1586.980	165.854
1588.564	187.192
1590.339	206.730
1592.282	222.309
1594.345	231.839
1596.474	233.907
1598.591	227.989
1600.630	214.728
1602.528	195.767
1604.239	173.242
1605.740	149.373
1607.027	125.999
1608.106	104.462
1608.998	85.500
1609.728	69.409
1610.320	56.130
1610.800	45.432
1611.191	36.980
1611.510	30.423
1611.774	25.434
1611.996	21.731
1612.188	19.080
1612.358	17.306
1612.514	16.283
1612.663	15.935
1612.810	16.232
1612.962	17.188
1613.125	18.870
1613.305	21.400
1613.512	24.962
1613.756	29.808
1614.049	36.295
1614.409	44.885
1614.857	56.117
1615.419	70.687
1616.131	89.370
1617.031	112.830
1618.167	141.675
1619.589	175.955
1621.343	214.783
1623.467	256.130
1625.965	296.264
1628.808	330.389
1631.919	353.421
1635.179	361.570
1638.443	353.817
1641.570	332.154
1644.453	300.959
1647.024	265.250
1649.262	229.456
1651.182	196.529
1652.818	167.959
1654.211	144.087
1655.406	124.554
1656.440	108.699
1657.344	95.784
1658.142	85.131
1658.854	76.190
1659.492	68.546
1660.068	61.884
1660.589	55.986
1661.062	50.704
1661.492	45.935
1661.882	41.620
1662.237	37.706
1662.560	34.157
1662.853	30.957
1663.120	28.078
1663.363	25.503
1663.585	23.229
1663.788	21.239
1663.974	19.536
1664.147	18.137
1664.308	17.061
1664.461	16.366
1664.609	16.148
1664.757	16.555
1664.910	17.838
1665.078	20.386
1665.273	24.804
1665.514	32.033
1665.830	43.521
1666.265	61.416
1666.883	88.854
1667.784	130.211
1669.104	190.809
1671.029	275.968
1673.784	388.299
1677.587	522.043
1682.547	657.071
1688.552	759.318
1695.175	793.553
1701.757	746.251
1707.665	635.982
1712.505	499.895
1716.202	370.676
1718.888	265.838
1720.796	188.603
1722.145	135.212
1723.113	99.692
1723.834	76.533
1724.391	61.568
1724.843	51.865
1725.230	45.476
1725.570	41.175
1725.882	38.176
1726.173	36.005
1726.448	34.370
1726.713	33.101
1726.969	32.097
1727.219	31.295
1727.463	30.674
1727.704	30.215
1727.942	29.911
1728.179	29.777
1728.417	29.803
1728.655	30.012
1728.897	30.411
1729.142	31.007
1729.394	31.822
1729.654	32.864
1729.924	34.146
1730.205	35.686
1730.501	37.490
1730.813	39.561
1731.144	41.925
1731.495	44.548
1731.871	47.454
1732.272	50.599
1732.701	53.975
1733.160	57.531
1733.651	61.209
1734.174	64.941
1734.730	68.648
1735.318	72.221
1735.938	75.555
1736.587	78.533
1737.262	81.041
1737.959	82.968
1738.672	84.227
1739.396	84.745
1740.123	84.481
1740.849	83.433
1741.564	81.627
1742.265	79.123
1742.943	76.005
1743.595	72.381
1744.216	68.375
1744.803	64.103
1745.353	59.695
1745.866	55.260
1746.342	50.879
1746.781	46.637
1747.184	42.610
1747.553	38.830
1747.891	35.317
1748.198	32.104
1748.479	29.192
1748.736	26.569
1748.970	24.239
1749.185	22.180
1749.382	20.379
1749.564	18.826
1749.734	17.499
1749.892	16.388
1750.042	15.483
1750.183	14.777
1750.319	14.266
1750.452	13.958
1750.583	13.865
1750.714	14.004
1750.847	14.416
1750.985	15.156
1751.132	16.313
1751.292	18.000
1751.469	20.386
1751.673	23.735
1751.913	28.396
1752.202	34.839
1752.560	43.790
1753.013	56.167
1753.599	73.182
1754.366	96.415
1755.379	127.552
1756.718	168.230
1758.475	219.273
1760.744	279.529
1763.594	344.558
1767.035	405.838
1770.984	451.745
1775.250	471.416
1779.560	459.725
1783.634	420.051
1787.255	362.615
1790.310	299.473
1792.792	240.169
1794.761	190.101
1796.312	150.929
1797.544	122.047
1798.544	101.924
1799.386	88.804
1800.127	81.178
1800.812	77.935
1801.477	78.280
1802.151	81.774
1802.862	88.226
1803.634	97.616
1804.492	110.070
1805.463	125.779
1806.575	144.821
1807.854	167.112
1809.329	192.339
1811.019	219.533
1812.933	247.163
1815.074	273.250
1817.415	295.159
1819.908	310.333
1822.501	316.907
1825.108	313.910
1827.654	301.815
1830.073	282.374
1832.307	258.155
1834.331	231.899
1836.136	206.161
1837.733	182.855
1839.146	163.355
1840.409	148.380
1841.559	138.358
1842.637	133.443
1843.684	133.733
1844.740	139.270
1845.846	150.153
1847.045	166.441
1848.378	188.081
1849.885	214.794
1851.603	245.806
1853.560	279.729
1855.771	314.400
1858.234	346.859
1860.919	373.747
1863.775	391.758
1866.725	398.440
1869.680	392.874
1872.552	375.822
1875.261	349.503
1877.750	317.157
1879.986	282.056
1881.955	246.923
1883.670	213.850
1885.148	184.046
1886.416	157.984
1887.504	135.718
1888.439	116.976
1889.245	101.335
1889.946	88.338
1890.558	77.559
1891.096	68.612
1891.575	61.167
1892.003	54.953
1892.389	49.744
1892.740	45.403
1893.062	41.784
1893.359	38.772
1893.637	36.303
1893.898	34.338
1894.146	32.807
1894.385	31.697
1894.616	31.010
1894.844	30.723
1895.072	30.854
1895.301	31.441
1895.536	32.495
1895.781	34.087
1896.039	36.282
1896.316	39.157
1896.617	42.834
1896.946	47.433
1897.315	53.114
1897.728	60.061
1898.198	68.487
1898.736	78.608
1899.356	90.681
1900.072	104.908
1900.902	121.515
1901.864	140.567
1902.976	162.076
1904.256	185.786
1905.719	211.199
1907.374	237.485
1909.224	263.481
1911.263	287.738
1913.469	308.697
1915.815	324.880
1918.258	335.084
1920.750	338.783
1923.244	336.037
1925.691	327.441
1928.053	314.234
1930.301	297.818
1932.414	279.433
1934.384	260.299
1936.211	241.375
1937.896	223.199
1939.449	206.148
1940.881	190.419
1942.201	176.030
1943.419	162.946
1944.547	151.112
1945.593	140.431
1946.564	130.825
1947.470	122.231
1948.317	114.586
1949.112	107.821
1949.862	101.873
1950.572	96.655
1951.246	92.145
1951.890	88.286
1952.510	85.020
1953.108	82.245
1953.687	79.948
1954.253	78.084
1954.807	76.586
1955.350	75.410
1955.888	74.541
1956.421	73.947
1956.950	73.602
1957.480	73.510
1958.010	73.662
1958.541	74.068
1959.078	74.761
1959.621	75.755
1960.174	77.055
1960.736	78.740
1961.312	80.849
1961.906	83.381
1962.520	86.395
1963.159	89.957
1963.824	94.043
1964.522	98.654
1965.255	103.826
1966.027	109.465
1966.843	115.486
1967.705	121.831
1968.613	128.274
1969.570	134.643
1970.574	140.715
1971.621	146.218
1972.709	150.872
1973.827	154.423
1974.971	156.673
1976.127	157.390
1977.287	156.520
1978.436	154.053
1979.565	150.025
1980.660	144.612
1981.714	138.036
1982.719	130.545
1983.667	122.398
1984.555	113.899
1985.380	105.306
1986.143	96.778
1986.844	88.546
1987.486	80.743
1988.072	73.428
1988.607	66.661
1989.091	60.492
1989.532	54.898
1989.935	49.849
1990.301	45.345
1990.633	41.325
1990.940	37.744
1991.220	34.575
1991.476	31.763
1991.715	29.266
1991.934	27.053
1992.137	25.085
1992.328	23.330
1992.505	21.765
1992.671	20.359
1992.827	19.098
1992.974	17.957
1993.113	16.924
1993.244	15.984
1993.369	15.125
1993.487	14.337
1993.601	13.612
1993.708	12.942
1993.811	12.319
1993.909	11.741
1994.003	11.200
1994.093	10.695
1994.179	10.220
1994.262	9.773
1994.342	9.352
1994.418	8.953
1994.492	8.576
1994.563	8.219
1994.631	7.880
1994.697	7.557
1994.760	7.251
1994.821	6.959
1994.880	6.680
1994.936	6.414
1994.990	6.161
1995.043	5.919
1995.094	5.688
1995.143	5.467
1995.191	5.256
1995.236	5.054
1995.281	4.861
1995.323	4.676
1995.365	4.499
1995.405	4.330
1995.443	4.168
1995.480	4.013
1995.517	3.864
1995.552	3.722
1995.585	3.585
1995.618	3.455
1995.650	3.330
1995.680	3.211
1995.710	3.096
1995.739	2.986
1995.766	2.881
1995.793	2.781
1995.819	2.684
1995.845	2.591
1995.870	2.502
1995.893	2.417
1995.917	2.336
1995.939	2.258
1995.961	2.183
1995.982	2.111
1996.003	2.042
1996.023	1.976
1996.043	1.912
1996.061	1.852
1996.080	1.793
1996.098	1.737
1996.115	1.683
1996.132	1.631
1996.149	1.582
1996.165	1.534
1996.181	1.488
1996.196	1.444
1996.211	1.402
1996.226	1.361
1996.240	1.321
1996.254	1.283
1996.267	1.247
1996.281	1.212
1996.293	1.178
1996.306	1.146
1996.319	1.114
1996.330	1.084
1996.342	1.055
1996.354	1.027
1996.365	1.000
1996.376	0.974
1996.387	0.948
1996.397	0.924
1996.408	0.900
1996.418	0.877
1996.428	0.855
1996.438	0.834
1996.447	0.814
1996.456	0.794
1996.465	0.774
1996.474	0.756
1996.483	0.737
1996.492	0.720
1996.500	0.703
1996.509	0.686
1996.517	0.670
1996.525	0.654
1996.533	0.639
1996.541	0.625
1996.548	0.610
1996.555	0.597
1996.563	0.583
1996.570	0.570
1996.577	0.558
1996.584	0.545
1996.591	0.533
1996.597	0.522
1996.604	0.510
1996.610	0.499
1996.617	0.488
1996.623	0.478
1996.629	0.468
1996.635	0.458
1996.641	0.448
1996.647	0.439
1996.653	0.429
1996.658	0.420
1996.664	0.412
1996.669	0.403
1996.675	0.395
1996.680	0.387
1996.685	0.379
1996.690	0.371
1996.696	0.363
1996.701	0.356
1996.705	0.349
1996.710	0.342
1996.715	0.335
1996.720	0.328
1996.724	0.321
1996.729	0.315
1996.733	0.309
1996.738	0.303
1996.742	0.297
1996.746	0.291
1996.751	0.285
1996.755	0.279
1996.759	0.274
1996.763	0.268
1996.767	0.263
1996.771	0.258
1996.775	0.253
1996.778	0.248
1996.782	0.243
1996.786	0.238
1996.789	0.234
1996.793	0.229
1996.797	0.225
1996.800	0.220
1996.803	0.216
1996.807	0.212
1996.810	0.208
1996.813	0.204
1996.817	0.200
1996.820	0.196
1996.823	0.192
1996.826	0.188
1996.829	0.184
1996.832	0.181
1996.835	0.177
1996.838	0.174
1996.841	0.170
1996.844	0.167
1996.846	0.164
1996.849	0.161
1996.852	0.158
1996.854	0.154
1996.857	0.151
1996.860	0.148
1996.862	0.146
1996.865	0.143
1996.867	0.140
1996.870	0.137
1996.872	0.134
1996.875	0.132
1996.877	0.129
1996.879	0.127
1996.881	0.124
1996.884	0.122
1996.886	0.119
