<j>	var(j)
1.246	0.387
3.002	0.921
4.179	0.875
5.196	0.705
6.054	0.711
7.215	1.332
8.585	0.975
9.532	1.532
11.137	2.247
12.467	1.536
13.346	1.420
14.237	1.855
15.522	2.821
17.083	2.218
18.031	1.476
18.729	1.284
19.440	1.445
20.367	1.813
21.486	1.844
22.550	1.870
23.598	1.727
24.543	1.681
25.496	1.971
26.692	3.106
28.339	3.566
29.759	2.826
30.782	2.091
31.548	1.697
32.242	1.605
32.951	1.500
33.668	1.754
34.659	3.159
36.382	4.929
38.246	3.751
39.354	2.254
40.058	1.820
40.693	1.646
41.311	1.533
41.954	1.802
42.828	3.072
44.396	6.558
47.021	9.179
49.278	5.271
50.306	2.556
50.847	2.083
51.368	2.686
52.136	4.268
53.392	6.135
54.975	5.628
56.180	3.194
56.831	1.790
57.242	1.473
57.644	1.710
58.184	2.470
59.043	3.985
60.413	5.858
62.128	5.995
63.566	4.223
64.501	2.795
65.151	2.202
65.716	2.118
66.315	2.367
67.037	2.875
67.946	3.613
69.090	4.820
70.581	6.850
72.480	8.304
74.343	6.766
75.630	4.489
76.493	4.392
77.473	7.979
79.355	17.198
82.678	24.597
85.950	17.998
87.839	10.212
88.864	6.416
89.525	4.486
90.007	3.402
90.395	2.836
90.742	2.622
91.088	2.673
91.469	2.953
91.919	3.441
92.476	4.087
93.164	4.760
93.977	5.266
94.877	5.497
95.812	5.583
96.766	5.832
97.775	6.550
98.919	7.879
100.275	9.604
101.845	11.156
103.539	12.081
105.236	12.203
106.832	11.306
108.221	9.409
109.327	7.104
110.148	5.143
110.755	3.951
111.248	3.634
111.742	4.248
112.371	5.998
113.303	9.142
114.711	13.166
116.582	15.679
118.546	14.469
120.167	10.951
121.324	7.573
122.117	5.169
122.670	3.688
123.085	2.935
123.439	2.768
123.804	3.159
124.257	4.260
124.911	6.416
125.927	9.863
127.442	13.573
129.326	14.666
131.114	12.250
132.486	9.408
133.537	8.627
134.555	10.840
135.900	17.228
138.002	28.217
141.060	37.490
144.396	34.457
146.953	23.237
148.521	14.266
149.469	9.732
150.136	8.081
150.717	7.982
151.315	8.719
151.990	9.871
152.768	11.069
153.647	11.917
154.591	12.093
155.543	11.562
156.447	10.673
157.284	10.002
158.082	10.102
158.909	11.369
159.864	13.943
161.045	17.444
162.496	20.577
164.133	21.423
165.741	19.087
167.100	14.794
168.120	10.531
168.843	7.366
169.359	5.379
169.750	4.279
170.076	3.778
170.380	3.684
170.692	3.897
171.039	4.380
171.447	5.161
171.947	6.384
172.587	8.468
173.465	12.482
174.788	20.594
176.933	34.913
180.220	50.538
184.168	52.486
187.537	39.391
189.773	25.677
191.169	17.207
192.106	12.507
192.798	9.741
193.351	8.003
193.817	6.912
194.232	6.273
194.621	5.951
195.003	5.836
195.390	5.836
195.788	5.881
196.201	5.938
196.628	6.026
197.074	6.252
197.552	6.857
198.096	8.303
198.783	11.380
199.758	17.173
201.234	26.217
203.389	36.000
206.070	39.969
208.703	35.040
210.798	26.918
212.340	21.471
213.572	19.643
214.717	20.068
215.892	21.205
217.124	21.825
218.371	21.192
219.557	19.253
220.618	16.586
221.525	14.006
222.295	12.192
222.978	11.607
223.648	12.662
224.406	15.911
225.384	22.063
226.751	31.382
228.651	42.075
231.055	49.016
233.631	47.046
235.903	37.360
237.598	26.156
238.750	17.743
239.533	12.749
240.109	10.239
240.586	9.250
241.033	9.185
241.490	9.748
241.989	10.823
242.555	12.375
243.215	14.383
243.992	16.775
244.904	19.371
245.955	21.859
247.132	23.845
248.398	25.021
249.704	25.338
251.005	25.064
252.275	24.637
253.513	24.455
254.734	24.736
255.964	25.502
257.225	26.615
258.530	27.808
259.878	28.681
261.247	28.765
262.596	27.669
263.871	25.293
265.018	21.929
266.001	18.141
266.810	14.515
267.460	11.452
267.979	9.119
268.400	7.513
268.757	6.547
269.077	6.118
269.388	6.152
269.711	6.611
270.070	7.514
270.491	8.955
271.005	11.126
271.660	14.369
272.519	19.172
273.673	25.988
275.219	34.587
277.210	42.989
279.545	47.438
281.943	45.299
284.081	38.278
285.806	30.784
287.167	25.958
288.324	24.535
289.435	25.845
290.618	28.699
291.926	31.761
293.353	33.838
294.840	34.305
296.313	33.363
297.720	31.786
299.043	30.306
300.296	29.180
301.495	28.167
302.647	26.806
303.734	24.762
304.731	22.019
305.613	18.871
306.368	15.740
307.000	12.989
307.527	10.824
307.974	9.302
308.367	8.377
308.731	7.965
309.086	7.972
309.451	8.309
309.841	8.899
310.268	9.657
310.739	10.489
311.258	11.280
311.822	11.905
312.422	12.242
313.042	12.206
313.663	11.779
314.264	11.022
314.829	10.058
315.350	9.045
315.824	8.146
316.259	7.532
316.672	7.463
317.097	8.527
317.615	12.349
318.421	23.493
320.034	53.218
323.595	117.007
330.281	188.204
338.392	174.648
344.188	102.377
347.177	53.772
348.715	32.758
349.672	23.778
350.382	19.017
350.958	15.875
351.447	13.639
351.873	12.162
352.261	11.466
352.635	11.656
353.025	12.939
353.470	15.664
354.023	20.360
354.754	27.694
355.758	38.241
357.142	51.826
358.986	66.490
361.272	77.919
363.826	81.182
366.347	74.631
368.554	61.681
370.315	47.835
371.654	36.914
372.685	30.158
373.537	27.314
374.322	27.755
375.135	30.953
376.054	36.499
377.144	43.884
378.452	52.170
379.991	59.796
381.723	64.764
383.555	65.406
385.356	61.317
387.003	53.646
388.416	44.431
389.572	35.548
390.492	28.092
391.221	22.396
391.807	18.308
392.292	15.494
392.710	13.614
393.083	12.397
393.428	11.656
393.759	11.285
394.086	11.246
394.417	11.564
394.764	12.332
395.141	13.719
395.569	15.998
396.078	19.568
396.710	24.957
397.527	32.750
398.606	43.333
400.028	56.339
401.845	69.911
404.036	80.470
406.458	84.115
408.877	79.384
411.067	68.662
412.901	56.385
414.379	46.180
415.583	39.659
416.624	36.898
417.603	37.280
418.602	40.029
419.682	44.398
420.880	49.684
422.215	55.264
423.686	60.646
425.282	65.587
426.983	70.111
428.774	74.407
430.644	78.565
432.584	82.308
434.578	84.889
436.594	85.299
438.575	82.741
440.457	77.066
442.177	68.932
443.691	59.504
444.983	50.018
446.062	41.385
446.954	34.092
447.690	28.254
448.305	23.757
448.826	20.392
449.279	17.923
449.682	16.150
450.050	14.904
450.395	14.064
450.725	13.538
451.047	13.263
451.367	13.199
451.691	13.314
452.022	13.595
452.365	14.026
452.723	14.598
453.101	15.298
453.503	16.111
453.930	17.009
454.387	17.957
454.874	18.903
455.391	19.785
455.936	20.526
456.506	21.047
457.094	21.282
457.692	21.173
458.290	20.698
458.877	19.872
459.443	18.739
459.980	17.377
460.481	15.875
460.942	14.324
461.362	12.806
461.740	11.386
462.081	10.106
462.387	8.993
462.663	8.058
462.914	7.304
463.146	6.728
463.364	6.330
463.573	6.120
463.779	6.126
463.991	6.411
464.218	7.106
464.477	8.485
464.797	11.117
465.230	16.207
465.884	26.304
466.971	46.503
468.902	85.158
472.322	148.419
477.769	218.801
484.690	243.857
491.219	201.363
495.961	137.101
498.979	90.536
500.935	66.010
502.371	55.941
503.607	54.015
504.814	56.608
506.084	61.544
507.462	67.136
508.953	71.828
510.530	74.219
512.137	73.378
513.701	69.136
515.153	62.133
516.442	53.523
517.542	44.545
518.454	36.161
519.194	28.933
519.788	23.052
520.264	18.476
520.650	15.038
520.968	12.536
521.237	10.781
521.472	9.618
521.685	8.930
521.887	8.635
522.086	8.686
522.290	9.060
522.507	9.761
522.745	10.809
523.012	12.244
523.320	14.121
523.680	16.499
524.106	19.436
524.613	22.964
525.217	27.075
525.933	31.682
526.773	36.597
527.742	41.531
528.838	46.140
530.048	50.120
531.352	53.335
532.727	55.920
534.156	58.277
535.633	60.952
537.166	64.399
538.775	68.732
540.475	73.561
542.272	77.960
544.146	80.725
546.049	80.833
547.917	77.934
549.683	72.557
551.300	65.866
552.752	59.200
554.048	53.638
555.220	49.825
556.312	47.996
557.368	48.093
558.432	49.870
559.538	52.939
560.714	56.804
561.972	60.855
563.313	64.413
564.721	66.815
566.167	67.555
567.613	66.397
569.019	63.437
570.349	59.056
571.577	53.795
572.689	48.207
573.683	42.751
574.564	37.739
575.343	33.347
576.034	29.642
576.652	26.618
577.211	24.232
577.725	22.424
578.205	21.128
578.662	20.276
579.106	19.809
579.544	19.665
579.984	19.787
580.431	20.116
580.890	20.598
581.365	21.177
581.857	21.809
582.367	22.455
582.896	23.092
583.444	23.718
584.011	24.355
584.596	25.053
585.203	25.892
585.834	26.975
586.496	28.424
587.199	30.362
587.955	32.892
588.778	36.061
589.684	39.811
590.686	43.934
591.790	48.036
592.991	51.559
594.270	53.866
595.591	54.424
596.911	52.992
598.180	49.745
599.360	45.251
600.425	40.357
601.372	36.088
602.223	33.724
603.030	35.219
603.898	44.158
605.027	67.512
606.796	117.723
609.865	210.853
615.109	346.812
622.913	466.604
632.011	470.734
639.937	357.023
645.332	224.704
648.537	134.433
650.419	85.872
651.627	62.145
652.513	50.604
653.244	44.527
653.895	40.789
654.495	38.027
655.058	35.675
655.589	33.508
656.091	31.449
656.565	29.481
657.013	27.611
657.434	25.854
657.832	24.233
658.208	22.768
658.564	21.480
658.902	20.388
659.227	19.513
659.540	18.873
659.846	18.493
660.150	18.397
660.454	18.613
660.766	19.178
661.091	20.132
661.436	21.525
661.809	23.415
662.218	25.862
662.675	28.926
663.190	32.663
663.775	37.105
664.445	42.243
665.210	47.998
666.081	54.206
667.065	60.573
668.163	66.698
669.367	72.075
670.661	76.177
672.018	78.548
673.406	78.912
674.788	77.242
676.130	73.768
677.402	68.910
678.583	63.181
679.661	57.085
680.633	51.034
681.502	45.328
682.274	40.156
682.960	35.609
683.572	31.722
684.120	28.489
684.615	25.892
685.069	23.913
685.493	22.545
685.896	21.805
686.291	21.739
686.690	22.436
687.106	24.036
687.559	26.746
688.068	30.843
688.663	36.673
689.376	44.613
690.249	54.987
691.328	67.877
692.655	82.858
694.262	98.682
696.150	113.142
698.272	123.399
700.534	126.914
702.801	122.639
704.937	111.595
706.840	96.385
708.455	79.994
709.781	64.743
710.848	51.897
711.703	41.823
712.395	34.329
712.967	28.988
713.455	25.340
713.887	22.980
714.284	21.595
714.661	20.958
715.032	20.919
715.407	21.388
715.794	22.323
716.202	23.721
716.640	25.611
717.118	28.050
717.645	31.126
718.235	34.951
718.902	39.667
719.663	45.431
720.537	52.422
721.548	60.800
722.721	70.691
724.080	82.095
725.649	94.801
727.443	108.264
729.465	121.495
731.695	133.093
734.090	141.404
736.576	144.982
739.067	143.054
741.467	135.849
743.698	124.538
745.706	110.841
747.468	96.493
748.985	82.877
750.280	70.867
751.385	60.867
752.334	52.939
753.162	46.934
753.900	42.611
754.575	39.696
755.209	37.918
755.819	37.035
756.419	36.826
757.020	37.098
757.630	37.675
758.251	38.395
758.888	39.122
759.539	39.732
760.203	40.124
760.875	40.226
761.551	39.992
762.223	39.413
762.888	38.506
763.539	37.325
764.172	35.935
764.783	34.419
765.371	32.861
765.935	31.346
766.475	29.963
766.995	28.791
767.497	27.907
767.988	27.391
768.473	27.334
768.963	27.850
769.466	29.076
769.996	31.188
770.571	34.396
771.211	38.948
771.942	45.090
772.793	53.024
773.797	62.785
774.985	74.106
776.381	86.241
777.990	97.894
779.793	107.344
781.736	112.865
783.740	113.360
785.713	108.866
787.574	100.596
789.267	90.476
790.775	80.483
792.109	72.143
793.303	66.402
794.408	63.675
795.474	64.047
796.554	67.357
797.695	73.274
798.940	81.270
800.319	90.562
801.848	100.042
803.522	108.340
805.313	114.042
807.171	116.017
809.033	113.781
810.831	107.654
812.509	98.660
814.029	88.170
815.376	77.534
816.556	67.834
817.586	59.796
818.496	53.831
819.319	50.165
820.093	48.954
820.857	50.385
821.651	54.733
822.522	62.373
823.522	73.729
824.709	89.168
826.144	108.707
827.884	131.675
829.968	156.259
832.400	179.412
835.130	197.286
838.056	206.480
841.034	205.493
843.919	195.494
846.598	179.712
849.012	161.980
851.157	145.451
853.062	132.032
854.783	122.511
856.374	116.951
857.891	115.031
859.380	116.271
860.883	120.111
862.432	125.904
864.050	132.848
865.746	139.964
867.521	146.126
869.357	150.171
871.225	151.120
873.085	148.364
874.891	141.815
876.599	131.957
878.175	119.681
879.592	106.083
880.841	92.202
881.922	78.891
882.846	66.743
883.627	56.049
884.284	46.905
884.835	39.254
885.299	32.963
885.691	27.842
886.024	23.705
886.309	20.384
886.557	17.722
886.774	15.588
886.966	13.878
887.139	12.511
887.297	11.417
887.442	10.546
887.577	9.857
887.705	9.324
887.827	8.925
887.945	8.648
888.060	8.487
888.175	8.443
888.290	8.523
888.408	8.744
888.530	9.134
888.658	9.732
888.797	10.599
888.950	11.823
889.123	13.525
889.323	15.888
889.561	19.158
889.851	23.686
890.214	29.969
890.677	38.668
891.279	50.638
892.072	66.919
893.123	88.591
894.511	116.439
896.322	150.278
898.628	188.146
901.455	225.519
904.750	255.782
908.368	272.458
912.085	272.442
915.676	257.742
918.971	234.222
921.892	208.434
924.446	185.051
926.686	166.226
928.682	152.210
930.499	142.282
932.191	135.423
933.795	130.738
935.338	127.557
936.838	125.449
938.309	124.104
939.759	123.363
941.195	123.052
942.622	123.009
944.045	123.034
945.462	122.911
946.873	122.383
948.272	121.223
949.653	119.214
951.004	116.214
952.317	112.173
953.579	107.110
954.780	101.155
955.911	94.487
956.966	87.347
957.939	79.976
958.829	72.614
959.638	65.463
960.368	58.685
961.024	52.400
961.610	46.683
962.135	41.564
962.604	37.052
963.024	33.125
963.402	29.751
963.744	26.890
964.054	24.494
964.339	22.518
964.603	20.914
964.850	19.646
965.084	18.675
965.309	17.966
965.526	17.498
965.740	17.245
965.953	17.188
966.166	17.319
966.383	17.623
966.606	18.096
966.837	18.735
967.078	19.538
967.331	20.508
967.598	21.645
967.883	22.955
968.187	24.442
968.513	26.108
968.863	27.958
969.241	29.993
969.648	32.206
970.088	34.597
970.563	37.153
971.075	39.858
971.628	42.697
972.221	45.640
972.857	48.658
973.538	51.722
974.262	54.792
975.032	57.836
975.844	60.809
976.699	63.672
977.596	66.377
978.530	68.881
979.498	71.113
980.498	73.025
981.523	74.531
982.567	75.565
983.625	76.055
984.687	75.942
985.745	75.204
986.791	73.838
987.816	71.898
988.812	69.463
989.773	66.660
990.695	63.631
991.575	60.540
992.412	57.542
993.209	54.782
993.970	52.381
994.700	50.435
995.406	49.019
996.094	48.167
996.774	47.898
997.454	48.200
998.141	49.057
998.844	50.417
999.568	52.224
1000.323	54.418
1001.110	56.915
1001.936	59.657
1002.802	62.577
1003.712	65.629
1004.667	68.795
1005.668	72.061
1006.716	75.448
1007.812	78.976
1008.958	82.636
1010.156	86.408
1011.404	90.150
1012.704	93.706
1014.048	96.768
1015.430	98.991
1016.836	100.031
1018.247	99.548
1019.642	97.372
1020.998	93.482
1022.291	88.045
1023.501	81.400
1024.614	73.967
1025.622	66.211
1026.522	58.539
1027.317	51.294
1028.014	44.713
1028.623	38.948
1029.156	34.082
1029.624	30.170
1030.042	27.270
1030.424	25.485
1030.785	25.045
1031.146	26.401
1031.534	30.395
1031.992	38.558
1032.585	53.557
1033.424	79.828
1034.688	124.243
1036.655	195.674
1039.712	301.266
1044.272	435.300
1050.520	564.329
1058.043	630.403
1065.774	595.956
1072.526	484.308
1077.687	353.876
1081.314	246.303
1083.790	172.691
1085.519	127.278
1086.799	100.761
1087.822	85.611
1088.699	76.911
1089.493	71.732
1090.239	68.410
1090.952	66.034
1091.643	64.103
1092.316	62.340
1092.972	60.599
1093.612	58.802
1094.233	56.906
1094.837	54.901
1095.422	52.782
1095.984	50.559
1096.525	48.253
1097.043	45.891
1097.537	43.498
1098.006	41.110
1098.452	38.764
1098.874	36.493
1099.273	34.345
1099.651	32.355
1100.008	30.584
1100.348	29.077
1100.672	27.914
1100.986	27.175
1101.295	26.972
1101.603	27.461
1101.921	28.839
1102.257	31.383
1102.628	35.449
1103.051	41.513
1103.550	50.175
1104.160	62.164
1104.919	78.244
1105.879	99.185
1107.094	125.287
1108.625	156.251
1110.518	190.220
1112.793	223.801
1115.426	251.891
1118.324	268.940
1121.347	270.984
1124.317	257.314
1127.075	230.978
1129.497	197.408
1131.535	162.188
1133.190	129.563
1134.501	101.840
1135.529	79.686
1136.333	62.764
1136.970	50.263
1137.482	41.267
1137.906	34.945
1138.268	30.605
1138.589	27.731
1138.883	25.943
1139.160	24.978
1139.429	24.666
1139.698	24.904
1139.971	25.643
1140.255	26.878
1140.555	28.633
1140.877	30.970
1141.229	33.962
1141.616	37.718
1142.049	42.341
1142.539	47.963
1143.095	54.669
1143.734	62.554
1144.464	71.580
1145.304	81.685
1146.260	92.538
1147.344	103.731
1148.553	114.544
1149.884	124.165
1151.316	131.647
1152.824	136.149
1154.371	137.076
1155.915	134.219
1157.413	127.838
1158.829	118.590
1160.133	107.387
1161.307	95.212
1162.344	82.955
1163.245	71.308
1164.019	60.723
1164.678	51.444
1165.238	43.537
1165.713	36.954
1166.119	31.574
1166.467	27.247
1166.770	23.812
1167.037	21.116
1167.275	19.025
1167.492	17.420
1167.691	16.202
1167.879	15.293
1168.058	14.626
1168.230	14.151
1168.398	13.822
1168.564	13.613
1168.728	13.493
1168.892	13.450
1169.057	13.461
1169.222	13.527
1169.391	13.635
1169.561	13.788
1169.735	13.989
1169.912	14.243
1170.094	14.568
1170.281	14.982
1170.476	15.516
1170.678	16.209
1170.892	17.120
1171.119	18.325
1171.365	19.930
1171.634	22.076
1171.936	24.956
1172.280	28.830
1172.681	34.048
1173.159	41.084
1173.741	50.572
1174.462	63.380
1175.369	80.692
1176.528	104.162
1178.023	136.097
1179.971	179.774
1182.522	239.535
1185.875	320.314
1190.253	425.128
1195.871	549.179
1202.785	672.199
1210.748	757.597
1219.117	770.795
1227.057	705.200
1233.888	588.382
1239.318	459.025
1243.413	344.321
1246.420	254.619
1248.618	189.257
1250.244	143.336
1251.475	111.475
1252.436	89.328
1253.210	73.727
1253.852	62.516
1254.400	54.257
1254.878	48.007
1255.304	43.152
1255.689	39.276
1256.041	36.115
1256.368	33.476
1256.671	31.237
1256.956	29.306
1257.224	27.622
1257.479	26.134
1257.722	24.813
1257.953	23.632
1258.174	22.574
1258.388	21.623
1258.593	20.772
1258.791	20.019
1258.983	19.349
1259.170	18.779
1259.352	18.296
1259.531	17.919
1259.708	17.648
1259.882	17.510
1260.057	17.517
1260.233	17.709
1260.412	18.120
1260.597	18.817
1260.791	19.881
1260.996	21.417
1261.221	23.585
1261.469	26.591
1261.753	30.717
1262.083	36.336
1262.476	43.953
1262.956	54.204
1263.552	67.882
1264.301	85.892
1265.251	109.172
1266.459	138.444
1267.987	173.830
1269.891	214.259
1272.212	256.871
1274.951	296.786
1278.053	327.663
1281.401	343.528
1284.823	341.013
1288.137	320.978
1291.185	288.102
1293.869	248.898
1296.151	209.453
1298.053	173.906
1299.621	144.370
1300.921	121.245
1302.013	104.016
1302.954	91.733
1303.787	83.387
1304.549	78.081
1305.267	75.075
1305.960	73.803
1306.646	73.858
1307.335	74.927
1308.036	76.794
1308.758	79.320
1309.505	82.402
1310.283	85.958
1311.096	89.962
1311.948	94.343
1312.844	99.107
1313.784	104.194
1314.774	109.606
1315.814	115.263
1316.909	121.149
1318.057	127.153
1319.261	133.216
1320.520	139.169
1321.833	144.897
1323.195	150.180
1324.603	154.808
1326.049	158.558
1327.524	161.207
1329.017	162.523
1330.516	162.382
1332.006	160.673
1333.474	157.402
1334.905	152.656
1336.287	146.599
1337.611	139.480
1338.865	131.593
1340.046	123.255
1341.149	114.796
1342.175	106.534
1343.127	98.765
1344.010	91.792
1344.832	85.936
1345.604	81.557
1346.338	79.126
1347.056	79.283
1347.779	82.945
1348.542	91.418
1349.391	106.535
1350.389	130.787
1351.621	167.328
1353.202	219.666
1355.273	290.628
1357.990	380.437
1361.495	483.587
1365.845	585.797
1370.962	664.997
1376.561	698.326
1382.220	674.163
1387.474	599.652
1391.998	496.079
1395.638	387.489
1398.428	290.717
1400.494	213.157
1401.998	155.556
1403.094	114.805
1403.905	87.215
1404.524	69.133
1405.019	57.774
1405.437	51.065
1405.809	47.564
1406.160	46.313
1406.504	46.669
1406.853	48.251
1407.217	50.810
1407.601	54.213
1408.014	58.419
1408.460	63.412
1408.947	69.239
1409.481	75.962
1410.068	83.664
1410.716	92.442
1411.434	102.404
1412.232	113.630
1413.117	126.190
1414.101	140.094
1415.193	155.286
1416.404	171.596
1417.738	188.714
1419.202	206.159
1420.794	223.303
1422.511	239.298
1424.341	253.277
1426.265	264.274
1428.259	271.480
1430.292	274.322
1432.329	272.501
1434.338	266.189
1436.285	255.817
1438.143	242.228
1439.891	226.283
1441.516	209.007
1443.010	191.295
1444.372	173.873
1445.609	157.340
1446.724	142.049
1447.732	128.269
1448.641	116.039
1449.466	105.408
1450.215	96.279
1450.901	88.571
1451.534	82.145
1452.123	76.900
1452.677	72.722
1453.202	69.471
1453.705	67.119
1454.194	65.516
1454.673	64.664
1455.148	64.466
1455.623	64.907
1456.104	65.948
1456.594	67.550
1457.098	69.714
1457.620	72.387
1458.163	75.567
1458.734	79.204
1459.332	83.267
1459.964	87.707
1460.630	92.437
1461.334	97.400
1462.077	102.464
1462.858	107.526
1463.681	112.444
1464.541	117.075
1465.436	121.256
1466.363	124.851
1467.318	127.727
1468.293	129.760
1469.284	130.897
1470.283	131.082
1471.281	130.351
1472.274	128.729
1473.254	126.344
1474.214	123.317
1475.152	119.809
1476.062	116.016
1476.944	112.073
1477.796	108.222
1478.621	104.582
1479.417	101.364
1480.192	98.696
1480.946	96.751
1481.688	95.672
1482.424	95.623
1483.161	96.788
1483.911	99.365
1484.681	103.604
1485.489	109.787
1486.346	118.251
1487.272	129.361
1488.288	143.535
1489.417	161.140
1490.684	182.503
1492.118	207.743
1493.747	236.699
1495.595	268.730
1497.682	302.583
1500.012	336.345
1502.577	367.551
1505.348	393.398
1508.276	411.424
1511.296	419.851
1514.334	418.262
1517.319	407.587
1520.190	389.911
1522.905	367.993
1525.440	344.572
1527.794	321.944
1529.978	301.753
1532.015	284.860
1533.929	271.434
1535.746	261.204
1537.491	253.538
1539.178	247.620
1540.822	242.632
1542.428	237.781
1543.996	232.383
1545.524	225.918
1547.004	218.133
1548.432	208.862
1549.791	198.226
1551.080	186.391
1552.288	173.704
1553.412	160.526
1554.450	147.205
1555.400	134.140
1556.266	121.570
1557.051	109.774
1557.761	98.897
1558.401	89.056
1558.978	80.323
1559.501	72.690
1559.975	66.170
1560.408	60.723
1560.807	56.313
1561.179	52.909
1561.530	50.466
1561.866	48.971
1562.194	48.397
1562.521	48.755
1562.851	50.058
1563.193	52.336
1563.551	55.640
1563.935	60.024
1564.350	65.547
1564.806	72.274
1565.311	80.272
1565.874	89.588
1566.503	100.177
1567.208	112.010
1567.998	124.977
1568.880	138.783
1569.859	153.101
1570.941	167.481
1572.117	181.203
1573.391	193.678
1574.747	204.121
1576.170	211.820
1577.644	216.222
1579.137	216.922
1580.633	213.818
1582.096	207.099
1583.510	197.172
1584.849	184.719
1586.100	170.442
1587.250	155.161
1588.295	139.553
1589.234	124.239
1590.069	109.696
1590.806	96.228
1591.453	84.042
1592.019	73.217
1592.514	63.742
1592.945	55.572
1593.323	48.602
1593.654	42.722
1593.946	37.820
1594.207	33.774
1594.440	30.476
1594.652	27.838
1594.847	25.772
1595.028	24.211
1595.199	23.113
1595.364	22.425
1595.524	22.127
1595.684	22.219
1595.846	22.678
1596.012	23.543
1596.185	24.837
1596.370	26.592
1596.568	28.895
1596.785	31.791
1597.025	35.410
1597.294	39.842
1597.599	45.239
1597.945	51.749
1598.345	59.533
1598.805	68.769
1599.339	79.607
1599.959	92.178
1600.678	106.542
1601.510	122.646
1602.468	140.311
1603.563	159.119
1604.801	178.437
1606.186	197.383
1607.712	214.838
1609.362	229.581
1611.114	240.413
1612.936	246.370
1614.789	246.898
1616.631	241.948
1618.422	232.038
1620.129	218.078
1621.722	201.302
1623.185	183.038
1624.510	164.411
1625.696	146.451
1626.751	129.866
1627.686	114.994
1628.514	102.162
1629.251	91.331
1629.911	82.413
1630.510	75.296
1631.058	69.702
1631.569	65.506
1632.050	62.462
1632.512	60.408
1632.961	59.190
1633.403	58.658
1633.842	58.720
1634.284	59.281
1634.733	60.275
1635.189	61.665
1635.660	63.435
1636.145	65.588
1636.647	68.155
1637.173	71.209
1637.722	74.859
1638.302	79.249
1638.919	84.609
1639.578	91.234
1640.293	99.522
1641.073	110.028
1641.941	123.434
1642.915	140.687
1644.028	162.931
1645.320	191.596
1646.839	228.262
1648.645	274.579
1650.809	331.711
1653.406	399.889
1656.505	477.136
1660.148	558.551
1664.337	635.683
1669.000	697.383
1673.987	732.640
1679.088	734.333
1684.065	702.017
1688.705	642.171
1692.854	565.489
1696.439	483.130
1699.458	403.795
1701.951	332.887
1703.993	272.593
1705.657	223.130
1707.014	183.467
1708.131	152.066
1709.057	127.443
1709.834	108.178
1710.497	93.076
1711.068	81.246
1711.569	71.905
1712.014	64.511
1712.415	58.608
1712.781	53.865
1713.120	50.027
1713.435	46.896
1713.732	44.326
1714.013	42.203
1714.283	40.440
1714.542	38.970
1714.793	37.746
1715.037	36.730
1715.276	35.895
1715.510	35.219
1715.741	34.690
1715.969	34.301
1716.196	34.041
1716.422	33.914
1716.648	33.919
1716.875	34.058
1717.104	34.342
1717.336	34.771
1717.572	35.357
1717.812	36.118
1718.060	37.059
1718.314	38.202
1718.578	39.567
1718.853	41.163
1719.139	43.023
1719.440	45.163
1719.757	47.606
1720.092	50.384
1720.449	53.516
1720.830	57.015
1721.235	60.906
1721.671	65.215
1722.139	69.922
1722.641	75.029
1723.184	80.536
1723.765	86.368
1724.391	92.496
1725.063	98.844
1725.779	105.257
1726.545	111.669
1727.357	117.890
1728.214	123.735
1729.115	129.073
1730.052	133.674
1731.022	137.397
1732.019	140.110
1733.034	141.674
1734.059	142.081
1735.085	141.311
1736.104	139.405
1737.109	136.504
1738.091	132.728
1739.045	128.265
1739.967	123.314
1740.853	118.044
1741.700	112.669
1742.510	107.357
1743.281	102.198
1744.017	97.356
1744.720	92.925
1745.391	88.891
1746.034	85.367
1746.654	82.358
1747.252	79.832
1747.836	77.860
1748.405	76.397
1748.966	75.471
1749.522	75.128
1750.077	75.368
1750.637	76.313
1751.204	78.049
1751.788	80.722
1752.393	84.565
1753.030	89.868
1753.710	96.947
1754.446	106.309
1755.256	118.465
1756.163	134.006
1757.190	153.643
1758.369	177.875
1759.736	207.196
1761.324	241.594
1763.169	280.385
1765.297	321.994
1767.722	363.783
1770.430	401.849
1773.385	431.958
1776.513	449.912
1779.722	453.012
1782.899	440.608
1785.943	414.460
1788.765	378.189
1791.307	336.243
1793.544	292.886
1795.477	251.477
1797.127	214.227
1798.528	182.220
1799.718	155.701
1800.735	134.433
1801.616	117.839
1802.390	105.272
1803.084	96.116
1803.721	89.816
1804.320	85.919
1804.896	84.097
1805.461	84.126
1806.031	85.849
1806.615	89.218
1807.224	94.275
1807.871	101.095
1808.567	109.852
1809.325	120.768
1810.162	134.059
1811.092	150.010
1812.133	168.880
1813.308	190.879
1814.632	216.110
1816.130	244.511
1817.821	275.729
1819.717	309.038
1821.831	343.406
1824.166	377.306
1826.705	408.945
1829.433	436.404
1832.315	457.860
1835.300	472.033
1838.344	478.190
1841.391	476.490
1844.389	467.810
1847.303	453.441
1850.100	435.005
1852.757	414.064
1855.266	391.884
1857.624	369.503
1859.833	347.541
1861.900	326.371
1863.832	306.155
1865.636	286.907
1867.322	268.579
1868.894	251.131
1870.362	234.505
1871.728	218.643
1873.001	203.553
1874.184	189.221
1875.283	175.657
1876.303	162.884
1877.249	150.891
1878.125	139.690
1878.936	129.273
1879.688	119.629
1880.384	110.721
1881.030	102.513
1881.629	94.979
1882.184	88.074
1882.701	81.753
1883.181	75.970
1883.629	70.683
1884.047	65.853
1884.436	61.437
1884.801	57.400
1885.144	53.708
1885.465	50.330
1885.766	47.238
1886.051	44.402
1886.319	41.806
1886.573	39.429
1886.812	37.251
1887.040	35.261
1887.255	33.443
1887.461	31.782
1887.658	30.275
1887.845	28.913
1888.025	27.691
1888.198	26.604
1888.365	25.653
1888.526	24.836
1888.684	24.155
1888.837	23.617
1888.988	23.229
1889.137	23.001
1889.286	22.950
1889.435	23.097
1889.585	23.463
1889.739	24.079
1889.898	24.984
1890.063	26.224
1890.238	27.853
1890.424	29.943
1890.626	32.564
1890.847	35.816
1891.090	39.815
1891.363	44.678
1891.670	50.553
1892.019	57.597
1892.418	65.976
1892.878	75.860
1893.407	87.404
1894.018	100.726
1894.723	115.896
1895.536	132.920
1896.469	151.596
1897.531	171.569
1898.729	192.323
1900.071	213.076
1901.553	232.821
1903.160	250.397
1904.880	264.690
1906.691	274.639
1908.552	279.492
1910.433	278.939
1912.301	273.111
1914.114	262.695
1915.847	248.652
1917.480	232.133
1918.995	214.458
1920.391	196.642
1921.668	179.628
1922.832	164.094
1923.896	150.427
1924.871	138.868
1925.773	129.469
1926.616	122.176
1927.413	116.862
1928.178	113.379
1928.923	111.547
1929.658	111.201
1930.393	112.192
1931.136	114.389
1931.897	117.670
1932.681	121.929
1933.495	127.066
1934.345	132.997
1935.235	139.614
1936.170	146.800
1937.154	154.423
1938.189	162.317
1939.275	170.295
1940.415	178.126
1941.607	185.538
1942.844	192.269
1944.124	198.038
1945.440	202.553
1946.781	205.619
1948.140	207.050
1949.505	206.715
1950.862	204.651
1952.202	200.900
1953.513	195.627
1954.786	189.102
1956.015	181.586
1957.194	173.401
1958.316	164.898
1959.382	156.389
1960.393	148.122
1961.351	140.374
1962.258	133.390
1963.121	127.275
1963.947	122.175
1964.740	118.218
1965.510	115.433
1966.263	113.878
1967.008	113.615
1967.754	114.623
1968.508	116.925
1969.280	120.528
1970.077	125.397
1970.909	131.509
1971.782	138.793
1972.705	147.177
1973.686	156.510
1974.728	166.631
1975.838	177.324
1977.017	188.300
1978.268	199.254
1979.589	209.858
1980.977	219.722
1982.426	228.508
1983.928	235.946
1985.474	241.760
1987.052	245.839
1988.650	248.205
1990.257	248.951
1991.865	248.304
1993.461	246.663
1995.041	244.440
1996.604	242.080
1998.148	240.113
1999.675	239.067
2001.194	239.320
2002.713	241.335
2004.241	245.456
2005.796	251.938
2007.388	260.911
2009.036	272.470
2010.753	286.421
2012.555	302.525
2014.451	320.253
2016.451	338.959
2018.558	357.736
2020.769	375.652
2023.076	391.738
2025.465	405.085
2027.918	415.052
2030.411	421.276
2032.924	423.897
2035.432	423.285
2037.917	420.145
2040.367	415.454
2042.776	410.119
2045.137	404.837
2047.454	400.206
2049.738	396.523
2051.986	393.575
2054.205	390.987
2056.404	388.270
2058.572	384.530
2060.708	379.029
2062.806	371.202
2064.845	360.468
2066.818	346.687
2068.705	329.924
2070.490	310.514
2072.167	288.983
2073.717	266.085
2075.142	242.444
2076.436	218.843
2077.601	195.833
2078.643	173.936
2079.565	153.514
2080.381	134.743
2081.096	117.804
2081.723	102.641
2082.269	89.282
2082.745	77.572
2083.159	67.416
2083.520	58.638
2083.834	51.119
2084.110	44.685
2084.351	39.225
2084.564	34.591
2084.752	30.677
2084.920	27.380
2085.071	24.607
2085.206	22.288
2085.330	20.344
2085.443	18.729
2085.548	17.390
2085.646	16.284
2085.737	15.380
2085.825	14.645
2085.908	14.056
2085.989	13.595
2086.067	13.241
2086.144	12.984
2086.219	12.811
2086.294	12.713
2086.369	12.684
2086.443	12.718
2086.519	12.811
2086.595	12.958
2086.672	13.161
2086.751	13.416
2086.833	13.728
2086.915	14.091
2087.001	14.512
2087.090	14.995
2087.182	15.539
2087.278	16.154
2087.377	16.840
2087.482	17.608
2087.592	18.462
2087.708	19.413
2087.830	20.469
2087.959	21.643
2088.096	22.947
2088.243	24.395
2088.399	26.001
2088.566	27.780
2088.745	29.757
2088.937	31.948
2089.145	34.375
2089.369	37.070
2089.612	40.050
2089.875	43.347
2090.161	46.988
2090.472	51.002
2090.810	55.420
2091.179	60.261
2091.581	65.558
2092.020	71.327
2092.499	77.578
2093.020	84.315
2093.587	91.524
2094.204	99.199
2094.874	107.288
2095.599	115.728
2096.382	124.441
2097.223	133.321
2098.125	142.247
2099.086	151.071
2100.106	159.645
2101.183	167.786
2102.314	175.335
2103.492	182.165
2104.714	188.144
2105.975	193.158
2107.266	197.161
2108.579	200.171
2109.910	202.207
2111.252	203.334
2112.599	203.717
2113.943	203.557
2115.285	203.025
2116.622	202.425
2117.951	202.096
2119.279	202.371
2120.606	203.697
2121.941	206.617
2123.296	211.740
2124.685	219.751
2126.128	231.517
2127.647	247.940
2129.276	270.015
2131.050	298.685
2133.010	334.758
2135.200	378.716
2137.667	430.362
2140.454	488.686
2143.588	551.486
2147.088	615.518
2150.942	676.618
2155.115	730.574
2159.546	773.795
2164.159	804.326
2168.870	821.903
2173.598	828.037
2178.283	824.587
2182.877	813.652
2187.340	795.986
2191.639	771.922
2195.751	740.989
2199.653	702.779
2203.306	657.575
2206.680	606.437
2209.763	550.939
2212.537	493.552
2215.000	436.758
2217.167	382.458
2219.056	332.200
2220.688	287.247
2222.095	247.915
2223.311	214.094
2224.360	185.696
2225.268	162.165
2226.063	142.857
2226.767	127.192
2227.393	114.643
2227.959	104.635
2228.479	96.690
2228.961	90.432
2229.412	85.539
2229.841	81.712
2230.253	78.728
2230.649	76.422
2231.035	74.609
2231.416	73.215
2231.789	72.138
2232.156	71.260
2232.521	70.570
2232.885	70.030
2233.245	69.547
2233.603	69.144
2233.962	68.787
2234.319	68.457
2234.674	68.131
2235.031	67.812
2235.385	67.507
2235.738	67.165
2236.091	66.837
2236.444	66.487
2236.794	66.127
2237.145	65.752
2237.493	65.373
2237.841	64.985
2238.188	64.591
2238.532	64.202
2238.877	63.818
2239.219	63.455
2239.561	63.112
2239.902	62.807
2240.242	62.555
2240.582	62.357
2240.921	62.249
2241.261	62.240
2241.601	62.362
2241.944	62.637
2242.288	63.108
2242.638	63.810
2242.990	64.795
2243.351	66.111
2243.719	67.845
2244.099	70.040
2244.492	72.816
2244.902	76.258
