<j>	var(j)
1.246	0.387
3.002	0.921
4.179	0.875
5.196	0.705
6.054	0.711
7.215	1.332
8.585	0.975
9.532	1.532
11.137	2.247
12.467	1.536
13.346	1.420
14.237	1.855
15.522	2.821
17.083	2.218
18.031	1.476
18.729	1.284
19.440	1.445
20.367	1.813
21.486	1.844
22.550	1.870
23.598	1.727
24.543	1.681
25.496	1.971
26.692	3.106
28.339	3.566
29.759	2.826
30.782	2.091
31.548	1.697
32.242	1.605
32.951	1.500
33.668	1.754
34.659	3.159
36.382	4.929
38.246	3.751
39.354	2.254
40.058	1.820
40.693	1.646
41.311	1.533
41.954	1.802
42.828	3.072
44.396	6.558
47.021	9.179
49.278	5.271
50.306	2.556
50.847	2.083
51.368	2.686
52.136	4.268
53.392	6.135
54.975	5.628
56.180	3.194
56.831	1.790
57.242	1.473
57.644	1.710
58.184	2.470
59.043	3.985
60.413	5.858
62.128	5.995
63.566	4.223
64.501	2.795
65.151	2.202
65.716	2.118
66.315	2.367
67.037	2.875
67.946	3.613
69.090	4.820
70.581	6.850
72.480	8.304
74.343	6.766
75.630	4.489
76.493	4.392
77.473	7.979
79.355	17.198
82.678	24.597
85.950	17.998
87.839	10.212
88.864	6.416
89.525	4.486
90.007	3.402
90.395	2.836
90.742	2.622
91.088	2.673
91.469	2.953
91.919	3.441
92.476	4.087
93.164	4.760
93.977	5.266
94.877	5.497
95.812	5.583
96.766	5.832
97.775	6.550
98.919	7.879
100.275	9.604
101.845	11.156
103.539	12.081
105.236	12.203
106.832	11.306
108.221	9.409
109.327	7.104
110.148	5.143
110.755	3.951
111.248	3.634
111.742	4.248
112.371	5.998
113.303	9.142
114.711	13.166
116.582	15.679
118.546	14.469
120.167	10.951
121.324	7.573
122.117	5.169
122.670	3.688
123.085	2.935
123.439	2.768
123.804	3.159
124.257	4.260
124.911	6.416
125.927	9.863
127.442	13.573
129.326	14.666
131.114	12.250
132.486	9.408
133.537	8.627
134.555	10.840
135.900	17.228
138.002	28.217
141.060	37.490
144.396	34.457
146.953	23.237
148.521	14.266
149.469	9.732
150.136	8.081
150.717	7.982
151.315	8.719
151.990	9.871
152.768	11.069
153.647	11.917
154.591	12.093
155.543	11.562
156.447	10.673
157.284	10.002
158.082	10.102
158.909	11.369
159.864	13.943
161.045	17.444
162.496	20.577
164.133	21.423
165.741	19.087
167.100	14.794
168.120	10.531
168.843	7.366
169.359	5.379
169.750	4.279
170.076	3.778
170.380	3.684
170.692	3.897
171.039	4.380
171.447	5.161
171.947	6.384
172.587	8.468
173.465	12.482
174.788	20.594
176.933	34.913
180.220	50.538
184.168	52.486
187.537	39.391
189.773	25.677
191.169	17.207
192.106	12.507
192.798	9.741
193.351	8.003
193.817	6.912
194.232	6.273
194.621	5.951
195.003	5.836
195.390	5.836
195.788	5.881
196.201	5.938
196.628	6.026
197.074	6.252
197.552	6.857
198.096	8.303
198.783	11.380
199.758	17.173
201.234	26.217
203.389	36.000
206.070	39.969
208.703	35.040
210.798	26.918
212.340	21.471
213.572	19.643
214.717	20.068
215.892	21.205
217.124	21.825
218.371	21.192
219.557	19.253
220.618	16.586
221.525	14.006
222.295	12.192
222.978	11.607
223.648	12.662
224.406	15.911
225.384	22.063
226.751	31.382
228.651	42.075
231.055	49.016
233.631	47.046
235.903	37.360
237.598	26.156
238.750	17.743
239.533	12.749
240.109	10.239
240.586	9.250
241.033	9.185
241.490	9.748
241.989	10.823
242.555	12.375
243.215	14.383
243.992	16.775
244.904	19.371
245.955	21.859
247.132	23.845
248.398	25.021
249.704	25.338
251.005	25.064
252.275	24.637
253.513	24.455
254.734	24.736
255.964	25.502
257.225	26.615
258.530	27.808
259.878	28.681
261.247	28.765
262.596	27.669
263.871	25.293
265.018	21.929
266.001	18.141
266.810	14.515
267.460	11.452
267.979	9.119
268.400	7.513
268.757	6.547
269.077	6.118
269.388	6.152
269.711	6.611
270.070	7.514
270.491	8.955
271.005	11.126
271.660	14.369
272.519	19.172
273.673	25.988
275.219	34.587
277.210	42.989
279.545	47.438
281.943	45.299
284.081	38.278
285.806	30.784
287.167	25.958
288.324	24.535
289.435	25.845
290.618	28.699
291.926	31.761
293.353	33.838
294.840	34.305
296.313	33.363
297.720	31.786
299.043	30.306
300.296	29.180
301.495	28.167
302.647	26.806
303.734	24.762
304.731	22.019
305.613	18.871
306.368	15.740
307.000	12.989
307.527	10.824
307.974	9.302
308.367	8.377
308.731	7.965
309.086	7.972
309.451	8.309
309.841	8.899
310.268	9.657
310.739	10.489
311.258	11.280
311.822	11.905
312.422	12.241
313.042	12.205
313.662	11.777
314.264	11.017
314.829	10.045
315.349	9.010
315.820	8.052
316.249	7.278
316.645	6.764
317.022	6.564
317.400	6.747
317.801	7.436
318.259	8.895
318.827	11.673
319.599	16.834
320.737	26.109
322.499	41.095
325.145	59.647
328.624	71.606
332.281	66.805
335.301	50.138
337.400	33.610
338.765	22.316
339.672	15.593
340.318	11.695
340.814	9.411
341.224	8.103
341.587	7.475
341.933	7.421
342.289	7.970
342.683	9.275
343.158	11.655
343.771	15.643
344.612	22.039
345.806	31.789
347.509	45.406
349.858	61.663
352.857	76.383
356.276	83.928
359.714	81.669
362.805	71.942
365.367	59.241
367.392	47.173
368.969	37.628
370.217	31.151
371.255	27.523
372.183	26.226
373.080	26.710
374.003	28.463
374.993	30.999
376.074	33.802
377.247	36.292
378.496	37.892
379.785	38.152
381.066	36.903
382.290	34.322
383.416	30.863
384.421	27.081
385.301	23.460
386.065	20.328
386.732	17.847
387.324	16.056
387.864	14.921
388.374	14.371
388.874	14.327
389.380	14.701
389.909	15.403
390.469	16.335
391.071	17.391
391.717	18.462
392.407	19.441
393.137	20.246
393.900	20.830
394.687	21.198
395.490	21.402
396.303	21.527
397.124	21.670
397.954	21.920
398.797	22.343
399.661	22.987
400.553	23.886
401.484	25.109
402.465	26.790
403.515	29.199
404.663	32.789
405.953	38.184
407.454	45.964
409.242	56.105
411.378	67.048
413.836	75.258
416.461	76.608
418.989	69.588
421.172	56.826
422.889	42.832
424.154	30.897
425.061	22.135
425.714	16.274
426.201	12.577
426.586	10.346
426.910	9.071
427.202	8.424
427.479	8.223
427.756	8.391
428.045	8.941
428.361	9.986
428.722	11.785
429.158	14.840
429.721	20.074
430.500	29.093
431.645	44.356
433.387	68.558
436.010	101.528
439.670	134.394
444.093	149.419
448.521	136.640
452.212	106.892
454.925	77.562
456.836	56.795
458.227	44.470
459.323	37.986
460.271	35.076
461.155	34.285
462.028	34.750
462.918	35.926
463.842	37.430
464.806	38.940
465.808	40.177
466.841	40.901
467.889	40.934
468.934	40.185
469.957	38.667
470.938	36.484
471.861	33.810
472.716	30.856
473.497	27.828
474.203	24.912
474.839	22.252
475.410	19.957
475.927	18.105
476.402	16.754
476.847	15.959
477.277	15.785
477.710	16.323
478.166	17.695
478.669	20.062
479.248	23.618
479.939	28.549
480.780	34.941
481.813	42.629
483.069	51.008
484.554	58.897
486.238	64.692
488.046	66.938
489.869	65.080
491.597	59.824
493.154	52.796
494.509	45.763
495.676	40.050
496.699	36.385
497.636	35.051
498.550	36.091
499.502	39.417
500.550	44.779
501.744	51.651
503.115	59.055
504.667	65.545
506.360	69.486
508.118	69.658
509.841	65.866
511.437	59.066
512.845	50.885
514.044	42.893
515.051	36.135
515.901	31.057
516.638	27.665
517.301	25.736
517.925	24.983
518.540	25.135
519.165	25.973
519.817	27.335
520.509	29.118
521.250	31.268
522.051	33.780
522.919	36.682
523.864	40.031
524.897	43.890
526.028	48.315
527.271	53.302
528.635	58.751
530.127	64.406
531.745	69.821
533.476	74.358
535.290	77.289
537.141	77.961
538.974	76.018
540.728	71.552
542.351	65.100
543.807	57.476
545.080	49.541
546.169	42.010
547.091	35.354
547.867	29.817
548.525	25.460
549.092	22.244
549.592	20.073
550.051	18.850
550.487	18.484
550.923	18.906
551.375	20.060
551.861	21.891
552.398	24.328
553.001	27.259
553.681	30.500
554.444	33.783
555.291	36.752
556.210	39.003
557.181	40.166
558.176	39.999
559.161	38.468
560.102	35.764
560.974	32.250
561.757	28.359
562.446	24.493
563.042	20.953
563.555	17.923
563.998	15.486
564.385	13.653
564.731	12.398
565.051	11.690
565.358	11.507
565.667	11.858
565.991	12.790
566.347	14.412
566.757	16.915
567.245	20.598
567.849	25.915
568.617	33.503
569.617	44.151
570.936	58.597
572.671	76.951
574.903	97.676
577.641	116.660
580.764	127.944
584.011	127.052
587.067	114.516
589.699	95.455
591.822	75.796
593.475	59.314
594.760	47.293
595.787	39.536
596.655	35.324
597.442	33.916
598.209	34.716
599.004	37.269
599.866	41.200
600.823	46.134
601.896	51.633
603.093	57.163
604.409	62.119
605.827	65.920
607.315	68.155
608.835	68.705
610.349	67.807
611.827	65.971
613.253	63.841
614.625	62.032
615.953	61.001
617.255	60.999
618.556	62.051
619.876	63.964
621.233	66.358
622.633	68.699
624.073	70.390
625.536	70.882
626.994	69.806
628.416	67.066
629.768	62.870
631.026	57.654
632.171	51.963
633.200	46.323
634.116	41.160
634.931	36.761
635.662	33.286
636.328	30.811
636.951	29.353
637.550	28.909
638.147	29.489
638.762	31.120
639.418	33.871
640.139	37.859
640.951	43.256
641.883	50.290
642.969	59.222
644.248	70.281
645.759	83.528
647.539	98.613
649.610	114.486
651.968	129.219
654.562	140.213
657.296	144.981
660.036	142.272
662.644	132.741
665.014	118.643
667.086	102.792
668.853	87.536
670.343	74.278
671.601	63.523
672.676	55.193
673.613	48.913
674.446	44.234
675.203	40.743
675.905	38.113
676.566	36.116
677.195	34.614
677.802	33.551
678.395	32.935
678.980	32.837
679.569	33.379
680.172	34.739
680.805	37.149
681.487	40.894
682.245	46.303
683.109	53.714
684.115	63.394
685.304	75.392
686.714	89.322
688.371	104.129
690.279	117.977
692.404	128.466
694.669	133.303
696.965	131.233
699.174	122.629
701.195	109.335
702.965	93.857
704.466	78.461
705.710	64.657
706.733	53.154
707.573	44.070
708.274	37.200
708.869	32.212
709.389	28.779
709.858	26.624
710.298	25.539
710.724	25.384
711.153	26.072
711.599	27.553
712.075	29.804
712.594	32.809
713.171	36.529
713.817	40.889
714.543	45.740
715.358	50.846
716.264	55.864
717.258	60.366
718.329	63.884
719.457	65.978
720.616	66.350
721.774	64.903
722.900	61.782
723.965	57.336
724.950	52.031
725.841	46.354
726.634	40.727
727.331	35.459
727.940	30.737
728.470	26.647
728.933	23.197
729.338	20.348
729.697	18.036
730.018	16.196
730.309	14.769
730.578	13.709
730.830	12.996
731.073	12.635
731.312	12.674
731.555	13.221
731.813	14.491
732.102	16.868
732.444	21.041
732.880	28.216
733.477	40.456
734.344	61.139
735.664	95.202
737.710	148.157
740.827	221.533
745.288	303.392
750.994	362.288
757.251	365.113
763.034	311.252
767.624	233.321
770.904	163.029
773.138	112.509
774.667	80.214
775.761	60.604
776.594	48.827
777.273	41.649
777.858	37.142
778.385	34.210
778.874	32.237
779.339	30.868
779.788	29.892
780.226	29.179
780.656	28.641
781.082	28.226
781.504	27.894
781.924	27.622
782.342	27.396
782.760	27.204
783.177	27.048
783.596	26.932
784.015	26.865
784.435	26.865
784.858	26.956
785.286	27.165
785.721	27.537
786.164	28.127
786.621	29.015
787.095	30.318
787.594	32.211
788.130	34.967
788.716	39.022
789.376	45.088
790.146	54.336
791.081	68.674
792.272	91.106
793.858	125.989
796.041	178.623
799.092	252.814
803.283	344.741
808.730	435.217
815.175	490.859
821.919	485.451
828.120	424.101
833.219	337.585
837.106	255.472
839.969	191.563
842.086	146.899
843.701	117.380
844.992	98.358
846.077	86.202
847.031	78.448
847.904	73.516
848.725	70.425
849.514	68.525
850.285	67.408
851.045	66.787
851.801	66.473
852.556	66.314
853.310	66.208
854.065	66.075
854.821	65.873
855.576	65.562
856.329	65.134
857.079	64.590
857.824	63.957
858.564	63.254
859.298	62.513
860.024	61.774
860.744	61.070
861.458	60.432
862.167	59.882
862.871	59.436
863.572	59.104
864.272	58.887
864.970	58.765
865.670	58.724
866.371	58.751
867.075	58.823
867.782	58.912
868.492	59.010
869.205	59.108
869.921	59.211
870.640	59.329
871.363	59.485
872.090	59.726
872.822	60.091
873.560	60.627
874.308	61.393
875.066	62.440
875.840	63.810
876.633	65.513
877.450	67.556
878.293	69.912
879.168	72.499
880.076	75.202
881.019	77.879
881.996	80.351
883.003	82.417
884.035	83.875
885.085	84.571
886.141	84.393
887.193	83.298
888.230	81.336
889.240	78.646
890.216	75.416
891.152	71.883
892.044	68.320
892.892	64.992
893.700	62.113
894.475	59.903
895.225	58.547
895.961	58.179
896.695	58.912
897.443	60.861
898.220	64.120
899.041	68.755
899.926	74.813
900.890	82.308
901.953	91.165
903.130	101.181
904.434	112.039
905.872	123.198
907.444	133.911
909.141	143.325
910.941	150.521
912.812	154.686
914.714	155.288
916.601	152.239
918.432	145.850
920.169	136.781
921.783	125.927
923.259	114.189
924.589	102.335
925.777	90.977
926.831	80.499
927.763	71.109
928.587	62.862
929.317	55.740
929.966	49.648
930.547	44.469
931.069	40.094
931.543	36.402
931.975	33.291
932.373	30.671
932.742	28.479
933.087	26.639
933.411	25.117
933.720	23.877
934.015	22.883
934.301	22.125
934.578	21.596
934.852	21.291
935.124	21.218
935.397	21.394
935.675	21.848
935.961	22.619
936.260	23.768
936.576	25.378
936.917	27.562
937.291	30.478
937.708	34.334
938.181	39.417
938.729	46.096
939.373	54.842
940.145	66.249
941.079	80.968
942.223	99.668
943.631	122.835
945.355	150.458
947.447	181.678
949.938	214.389
952.820	245.223
956.039	270.183
959.494	285.809
963.045	290.604
966.556	285.438
969.918	272.961
973.058	256.225
975.951	237.705
978.591	218.742
980.984	199.830
983.149	181.048
985.089	162.405
986.814	144.076
988.335	126.373
989.662	109.712
990.811	94.468
991.798	80.942
992.644	69.292
993.369	59.543
993.995	51.633
994.539	45.431
995.022	40.775
995.457	37.497
995.861	35.438
996.246	34.461
996.624	34.454
997.004	35.328
997.398	37.025
997.814	39.496
998.260	42.718
998.746	46.675
999.280	51.337
999.870	56.692
1000.524	62.707
1001.249	69.310
1002.053	76.435
1002.940	83.971
1003.914	91.785
1004.980	99.752
1006.134	107.733
1007.379	115.629
1008.711	123.394
1010.127	131.005
1011.624	138.550
1013.200	146.093
1014.851	153.701
1016.580	161.376
1018.382	168.965
1020.256	176.145
1022.194	182.413
1024.184	187.131
1026.205	189.597
1028.234	189.246
1030.237	185.737
1032.185	179.044
1034.044	169.540
1035.789	157.840
1037.404	144.732
1038.872	131.100
1040.199	117.615
1041.384	104.921
1042.439	93.414
1043.379	83.304
1044.218	74.729
1044.972	67.683
1045.658	62.104
1046.290	57.920
1046.882	55.036
1047.448	53.355
1048.000	52.801
1048.550	53.292
1049.107	54.775
1049.684	57.181
1050.290	60.455
1050.932	64.520
1051.621	69.276
1052.362	74.612
1053.162	80.353
1054.026	86.314
1054.953	92.236
1055.946	97.870
1056.996	102.919
1058.099	107.129
1059.245	110.271
1060.421	112.206
1061.615	112.857
1062.812	112.292
1063.999	110.633
1065.166	108.080
1066.303	104.884
1067.405	101.276
1068.467	97.498
1069.489	93.715
1070.472	90.047
1071.415	86.561
1072.325	83.276
1073.198	80.172
1074.042	77.212
1074.855	74.341
1075.638	71.520
1076.394	68.717
1077.121	65.922
1077.819	63.157
1078.491	60.454
1079.135	57.881
1079.753	55.526
1080.348	53.494
1080.924	51.907
1081.485	50.908
1082.038	50.652
1082.592	51.311
1083.156	53.082
1083.744	56.165
1084.369	60.782
1085.050	67.147
1085.806	75.440
1086.659	85.768
1087.631	98.102
1088.742	112.172
1090.012	127.438
1091.449	142.955
1093.050	157.436
1094.801	169.377
1096.664	177.275
1098.596	180.012
1100.531	177.121
1102.416	168.937
1104.194	156.524
1105.824	141.389
1107.288	125.067
1108.573	108.967
1109.690	94.035
1110.652	80.860
1111.480	69.690
1112.195	60.509
1112.818	53.164
1113.368	47.434
1113.861	43.076
1114.313	39.869
1114.734	37.617
1115.133	36.168
1115.520	35.405
1115.902	35.248
1116.285	35.650
1116.674	36.598
1117.078	38.100
1117.500	40.198
1117.948	42.955
1118.430	46.470
1118.954	50.864
1119.531	56.291
1120.172	62.921
1120.893	70.968
1121.708	80.612
1122.635	92.042
1123.695	105.359
1124.908	120.533
1126.291	137.306
1127.860	155.103
1129.622	172.963
1131.568	189.546
1133.679	203.255
1135.913	212.463
1138.219	215.932
1140.527	213.080
1142.774	204.164
1144.899	190.235
1146.854	172.874
1148.615	153.718
1150.166	134.351
1151.516	115.859
1152.674	99.051
1153.664	84.265
1154.505	71.644
1155.222	61.114
1155.835	52.495
1156.364	45.614
1156.826	40.248
1157.236	36.228
1157.608	33.403
1157.954	31.676
1158.286	30.981
1158.613	31.315
1158.947	32.710
1159.299	35.264
1159.682	39.127
1160.111	44.511
1160.602	51.683
1161.176	60.963
1161.857	72.687
1162.672	87.156
1163.651	104.537
1164.824	124.736
1166.219	147.205
1167.856	170.778
1169.740	193.618
1171.852	213.299
1174.147	227.249
1176.555	233.373
1178.989	230.709
1181.357	219.757
1183.578	202.313
1185.597	180.931
1187.384	158.166
1188.933	136.144
1190.260	116.195
1191.389	99.043
1192.351	84.805
1193.177	73.327
1193.893	64.267
1194.523	57.232
1195.087	51.854
1195.601	47.804
1196.078	44.830
1196.528	42.719
1196.959	41.328
1197.379	40.547
1197.794	40.305
1198.208	40.577
1198.628	41.344
1199.059	42.627
1199.505	44.460
1199.974	46.910
1200.470	50.053
1201.003	54.000
1201.581	58.876
1202.214	64.821
1202.914	71.987
1203.693	80.504
1204.566	90.474
1205.549	101.909
1206.657	114.695
1207.901	128.515
1209.291	142.813
1210.827	156.745
1212.503	169.243
1214.298	179.110
1216.181	185.216
1218.107	186.729
1220.027	183.339
1221.894	175.315
1223.661	163.473
1225.295	148.955
1226.771	133.041
1228.084	116.878
1229.231	101.381
1230.224	87.163
1231.078	74.563
1231.808	63.707
1232.433	54.575
1232.971	47.053
1233.436	41.012
1233.845	36.304
1234.208	32.851
1234.541	30.598
1234.853	29.609
1235.158	30.033
1235.472	32.202
1235.814	36.657
1236.207	44.257
1236.689	56.262
1237.308	74.465
1238.133	101.257
1239.260	139.505
1240.811	191.982
1242.931	259.982
1245.765	340.889
1249.402	425.347
1253.809	496.350
1258.767	533.904
1263.888	525.124
1268.725	472.616
1272.925	392.918
1276.315	306.542
1278.905	228.601
1280.810	166.061
1282.184	119.606
1283.173	86.839
1283.892	64.464
1284.429	49.520
1284.845	39.660
1285.182	33.204
1285.467	28.992
1285.718	26.247
1285.947	24.464
1286.163	23.306
1286.370	22.565
1286.572	22.097
1286.771	21.814
1286.969	21.653
1287.167	21.579
1287.365	21.560
1287.563	21.580
1287.764	21.621
1287.965	21.674
1288.169	21.732
1288.373	21.782
1288.580	21.823
1288.787	21.845
1288.997	21.848
1289.207	21.824
1289.419	21.773
1289.630	21.687
1289.842	21.571
1290.054	21.417
1290.266	21.228
1290.476	21.003
1290.686	20.742
1290.894	20.446
1291.100	20.119
1291.304	19.761
1291.505	19.378
1291.703	18.971
1291.898	18.547
1292.090	18.110
1292.278	17.666
1292.463	17.224
1292.644	16.789
1292.822	16.373
1292.996	15.985
1293.167	15.639
1293.335	15.353
1293.501	15.147
1293.666	15.049
1293.832	15.094
1293.999	15.332
1294.170	15.825
1294.348	16.664
1294.537	17.968
1294.744	19.905
1294.975	22.710
1295.242	26.697
1295.559	32.306
1295.946	40.142
1296.431	50.997
1297.052	65.913
1297.859	86.171
1298.916	113.220
1300.303	148.417
1302.111	192.514
1304.435	244.900
1307.340	302.430
1310.854	359.277
1314.910	407.404
1319.371	439.595
1324.024	452.295
1328.657	447.311
1333.105	430.216
1337.274	406.956
1341.132	381.720
1344.684	356.013
1347.941	329.738
1350.914	302.254
1353.602	273.332
1356.004	243.403
1358.119	213.422
1359.959	184.546
1361.539	157.795
1362.884	133.886
1364.022	113.189
1364.984	95.758
1365.798	81.444
1366.493	69.947
1367.091	60.929
1367.615	54.047
1368.083	48.975
1368.509	45.429
1368.907	43.179
1369.289	42.027
1369.663	41.813
1370.038	42.419
1370.420	43.735
1370.817	45.686
1371.234	48.190
1371.676	51.180
1372.148	54.576
1372.652	58.310
1373.194	62.294
1373.772	66.419
1374.392	70.593
1375.051	74.690
1375.749	78.594
1376.486	82.207
1377.254	85.409
1378.056	88.160
1378.881	90.417
1379.730	92.213
1380.593	93.621
1381.471	94.786
1382.360	95.887
1383.259	97.174
1384.172	98.893
1385.102	101.322
1386.057	104.737
1387.045	109.342
1388.079	115.286
1389.169	122.619
1390.330	131.237
1391.572	140.799
1392.902	150.866
1394.323	160.696
1395.830	169.429
1397.412	176.174
1399.043	180.025
1400.702	180.399
1402.349	176.984
1403.956	169.930
1405.485	159.748
1406.915	147.256
1408.226	133.405
1409.408	119.138
1410.461	105.274
1411.389	92.448
1412.205	81.081
1412.922	71.423
1413.555	63.576
1414.121	57.544
1414.636	53.279
1415.116	50.712
1415.578	49.771
1416.034	50.394
1416.499	52.538
1416.989	56.171
1417.515	61.284
1418.093	67.857
1418.736	75.807
1419.456	85.046
1420.266	95.359
1421.173	106.433
1422.188	117.835
1423.306	128.919
1424.528	139.039
1425.838	147.383
1427.222	153.281
1428.651	156.154
1430.099	155.703
1431.533	151.966
1432.923	145.273
1434.246	136.241
1435.479	125.649
1436.613	114.307
1437.642	102.958
1438.567	92.234
1439.396	82.610
1440.140	74.389
1440.811	67.765
1441.426	62.827
1441.999	59.623
1442.546	58.173
1443.085	58.479
1443.630	60.556
1444.199	64.464
1444.810	70.268
1445.478	78.009
1446.224	87.770
1447.065	99.537
1448.022	113.243
1449.110	128.663
1450.343	145.353
1451.735	162.729
1453.283	179.852
1454.985	195.742
1456.822	209.269
1458.770	219.512
1460.795	225.808
1462.857	227.970
1464.919	226.346
1466.948	221.638
1468.920	214.884
1470.817	207.125
1472.635	199.307
1474.376	192.118
1476.048	185.975
1477.662	181.048
1479.229	177.245
1480.759	174.380
1482.260	172.160
1483.739	170.286
1485.199	168.526
1486.637	166.672
1488.058	164.636
1489.456	162.361
1490.833	159.939
1492.185	157.451
1493.513	155.090
1494.820	152.994
1496.106	151.408
1497.379	150.497
1498.641	150.450
1499.904	151.485
1501.175	153.768
1502.462	157.523
1503.783	162.979
1505.147	170.376
1506.574	180.024
1508.078	192.229
1509.682	207.337
1511.409	225.700
1513.281	247.577
1515.328	273.072
1517.570	301.932
1520.032	333.433
1522.725	366.103
1525.647	397.838
1528.784	425.602
1532.089	446.311
1535.500	456.822
1538.934	455.239
1542.297	441.016
1545.504	415.403
1548.478	380.966
1551.170	341.068
1553.552	299.058
1555.622	257.750
1557.394	219.187
1558.893	184.568
1560.151	154.390
1561.202	128.682
1562.077	107.143
1562.807	89.331
1563.416	74.719
1563.927	62.803
1564.359	53.125
1564.724	45.293
1565.038	38.947
1565.309	33.811
1565.545	29.661
1565.754	26.304
1565.940	23.579
1566.107	21.388
1566.260	19.621
1566.401	18.204
1566.533	17.094
1566.658	16.217
1566.777	15.564
1566.891	15.096
1567.004	14.797
1567.114	14.655
1567.224	14.656
1567.335	14.803
1567.448	15.089
1567.563	15.521
1567.683	16.104
1567.808	16.851
1567.939	17.773
1568.078	18.892
1568.228	20.227
1568.388	21.807
1568.562	23.671
1568.752	25.843
1568.961	28.390
1569.191	31.347
1569.447	34.780
1569.732	38.763
1570.051	43.366
1570.409	48.676
1570.813	54.765
1571.269	61.732
1571.785	69.642
1572.369	78.554
1573.029	88.508
1573.773	99.445
1574.610	111.302
1575.547	123.907
1576.588	136.943
1577.740	150.077
1578.996	162.743
1580.354	174.377
1581.804	184.380
1583.327	192.128
1584.909	197.178
1586.520	199.189
1588.140	198.130
1589.741	194.167
1591.300	187.666
1592.802	179.213
1594.228	169.408
1595.571	158.888
1596.828	148.231
1597.997	137.879
1599.085	128.202
1600.095	119.428
1601.036	111.676
1601.918	104.998
1602.748	99.383
1603.536	94.775
1604.289	91.087
1605.014	88.233
1605.719	86.120
1606.408	84.645
1607.088	83.729
1607.762	83.299
1608.434	83.268
1609.109	83.624
1609.786	84.305
1610.472	85.326
1611.167	86.702
1611.876	88.517
1612.600	90.901
1613.347	94.051
1614.120	98.289
1614.932	104.045
1615.793	111.937
1616.724	122.764
1617.747	137.570
1618.897	157.622
1620.219	184.337
1621.764	219.132
1623.600	263.007
1625.793	315.948
1628.406	376.154
1631.480	439.117
1635.012	497.413
1638.933	541.755
1643.108	563.377
1647.345	557.246
1651.434	524.259
1655.195	470.898
1658.508	406.615
1661.323	340.655
1663.653	279.882
1665.553	228.091
1667.094	186.541
1668.353	154.820
1669.400	131.666
1670.294	115.571
1671.083	105.118
1671.805	99.062
1672.490	96.353
1673.159	96.196
1673.831	97.991
1674.519	101.225
1675.230	105.489
1675.975	110.487
1676.755	115.901
1677.574	121.482
1678.436	127.014
1679.333	132.239
1680.270	136.970
1681.239	141.016
1682.236	144.225
1683.255	146.501
1684.287	147.741
1685.329	147.952
1686.370	147.161
1687.404	145.426
1688.427	142.897
1689.429	139.713
1690.409	136.036
1691.362	132.086
1692.288	127.984
1693.185	123.932
1694.055	120.088
1694.897	116.570
1695.717	113.482
1696.516	110.888
1697.297	108.876
1698.067	107.484
1698.826	106.688
1699.583	106.531
1700.341	107.011
1701.102	108.045
1701.873	109.661
1702.657	111.786
1703.456	114.356
1704.277	117.338
1705.119	120.606
1705.986	124.127
1706.878	127.804
1707.797	131.499
1708.744	135.177
1709.717	138.705
1710.714	141.991
1711.736	144.994
1712.777	147.599
1713.838	149.773
1714.913	151.524
1715.999	152.773
1717.094	153.600
1718.193	154.022
1719.294	154.081
1720.395	153.871
1721.493	153.459
1722.588	152.972
1723.679	152.512
1724.765	152.136
1725.849	152.014
1726.933	152.259
1728.017	152.897
1729.107	154.139
1730.205	156.041
1731.316	158.684
1732.448	162.215
1733.603	166.649
1734.790	172.057
1736.016	178.468
1737.286	185.807
1738.608	193.992
1739.986	202.805
1741.423	211.932
1742.922	221.044
1744.480	229.588
1746.092	237.044
1747.752	242.867
1749.443	246.462
1751.150	247.416
1752.857	245.441
1754.539	240.432
1756.180	232.518
1757.759	222.028
1759.259	209.446
1760.670	195.334
1761.980	180.334
1763.187	165.024
1764.289	149.945
1765.289	135.503
1766.192	122.053
1767.006	109.783
1767.738	98.874
1768.399	89.355
1768.998	81.261
1769.544	74.599
1770.048	69.330
1770.517	65.459
1770.963	62.982
1771.395	61.920
1771.821	62.351
1772.254	64.374
1772.703	68.143
1773.181	73.864
1773.703	81.806
1774.285	92.258
1774.942	105.534
1775.697	121.979
1776.573	141.842
1777.590	165.169
1778.776	191.870
1780.153	221.420
1781.731	252.653
1783.526	284.051
1785.531	313.333
1787.722	337.956
1790.067	355.383
1792.503	363.452
1794.968	361.081
1797.391	348.393
1799.700	326.739
1801.846	298.377
1803.790	266.009
1805.508	232.263
1807.001	199.312
1808.276	168.700
1809.352	141.390
1810.253	117.741
1811.003	97.797
1811.627	81.290
1812.147	67.871
1812.582	57.100
1812.950	48.580
1813.264	41.919
1813.537	36.796
1813.778	32.934
1813.995	30.113
1814.194	28.165
1814.383	26.962
1814.564	26.419
1814.743	26.486
1814.924	27.146
1815.111	28.419
1815.308	30.358
1815.520	33.049
1815.752	36.618
1816.010	41.238
1816.303	47.111
1816.640	54.514
1817.031	63.777
1817.491	75.291
1818.037	89.445
1818.685	106.679
1819.462	127.452
1820.391	152.078
1821.496	180.546
1822.808	212.725
1824.350	247.800
1826.133	284.246
1828.170	320.048
1830.440	352.321
1832.914	378.083
1835.542	394.637
1838.245	400.120
1840.956	394.135
1843.593	377.829
1846.092	353.534
1848.406	324.412
1850.513	293.605
1852.406	263.897
1854.101	237.294
1855.622	215.082
1857.000	197.851
1858.268	185.716
1859.461	178.404
1860.610	175.489
1861.743	176.393
1862.885	180.489
1864.055	187.100
1865.269	195.546
1866.537	205.079
1867.865	214.960
1869.255	224.442
1870.703	232.798
1872.200	239.365
1873.733	243.612
1875.287	245.163
1876.844	243.811
1878.387	239.585
1879.897	232.698
1881.357	223.530
1882.755	212.553
1884.080	200.311
1885.326	187.342
1886.489	174.117
1887.568	161.079
1888.565	148.576
1889.485	136.800
1890.333	125.915
1891.113	116.050
1891.833	107.182
1892.499	99.306
1893.118	92.396
1893.695	86.375
1894.236	81.185
1894.746	76.775
1895.230	73.066
1895.692	70.019
1896.136	67.591
1896.566	65.749
1896.985	64.484
1897.399	63.796
1897.810	63.701
1898.222	64.230
1898.639	65.445
1899.066	67.410
1899.507	70.228
1899.969	74.025
1900.458	78.954
1900.981	85.200
1901.548	92.988
1902.169	102.581
1902.856	114.274
1903.623	128.387
1904.488	145.272
1905.468	165.251
1906.582	188.604
1907.853	215.509
1909.304	245.976
1910.955	279.706
1912.825	316.058
1914.926	353.922
1917.262	391.716
1919.828	427.471
1922.600	458.890
1925.542	483.851
1928.609	500.528
1931.744	507.809
1934.886	505.528
1937.974	494.328
1940.963	475.642
1943.805	451.227
1946.477	423.058
1948.961	392.721
1951.251	361.809
1953.346	331.342
1955.257	302.021
1956.989	274.340
1958.559	248.562
1959.977	224.753
1961.258	202.948
1962.413	183.113
1963.454	165.133
1964.393	148.914
1965.239	134.364
1966.005	121.327
1966.696	109.694
1967.322	99.348
1967.891	90.161
1968.408	82.023
1968.879	74.822
1969.310	68.463
1969.706	62.854
1970.070	57.908
1970.407	53.548
1970.719	49.713
1971.010	46.340
1971.283	43.371
1971.539	40.768
1971.780	38.490
1972.009	36.497
1972.227	34.764
1972.435	33.267
1972.635	31.980
1972.828	30.893
1973.016	29.977
1973.198	29.229
1973.377	28.641
1973.553	28.197
1973.727	27.896
1973.900	27.735
1974.073	27.705
1974.246	27.808
1974.420	28.045
1974.597	28.420
1974.777	28.933
1974.961	29.598
1975.151	30.421
1975.346	31.415
1975.548	32.600
1975.759	33.999
1975.980	35.642
1976.212	37.569
1976.459	39.839
1976.721	42.513
1977.002	45.686
1977.306	49.475
1977.635	54.038
1977.997	59.580
1978.398	66.361
1978.847	74.734
1979.354	85.140
1979.934	98.139
1980.605	114.446
1981.390	134.893
1982.316	160.494
1983.421	192.301
1984.745	231.380
1986.336	278.466
1988.243	333.685
1990.515	396.057
1993.188	462.905
1996.282	529.674
1999.771	589.716
2003.590	635.731
2007.635	660.932
2011.763	661.359
2015.812	637.059
2019.643	592.114
2023.143	533.227
2026.251	467.929
2028.946	402.655
2031.248	341.941
2033.187	288.500
2034.818	243.141
2036.189	205.693
2037.350	175.362
2038.339	151.115
2039.193	131.856
2039.941	116.591
2040.604	104.516
2041.201	94.938
2041.744	87.326
2042.246	81.282
2042.715	76.465
2043.158	72.663
2043.580	69.702
2043.987	67.440
2044.382	65.803
2044.768	64.733
2045.150	64.183
2045.530	64.132
2045.911	64.578
2046.297	65.529
2046.689	66.994
2047.092	69.017
2047.508	71.630
2047.941	74.904
2048.396	78.908
2048.877	83.735
2049.389	89.518
2049.938	96.401
2050.531	104.574
2051.176	114.255
2051.883	125.725
2052.662	139.295
2053.526	155.283
2054.492	174.123
2055.575	196.154
2056.794	221.635
2058.173	250.858
2059.729	283.662
2061.483	319.599
2063.454	357.842
2065.645	396.702
2068.058	434.053
2070.676	467.227
2073.466	493.260
2076.382	509.515
2079.358	513.969
2082.326	505.916
2085.214	485.970
2087.958	455.932
2090.506	418.532
2092.825	376.816
2094.897	333.687
2096.720	291.533
2098.305	252.135
2099.673	216.527
2100.844	185.266
2101.846	158.436
2102.703	135.841
2103.438	117.132
2104.074	101.856
2104.628	89.586
2105.117	79.865
2105.555	72.335
2105.954	66.637
2106.323	62.487
2106.671	59.658
2107.004	57.937
2107.330	57.167
2107.653	57.226
2107.978	57.989
2108.308	59.389
2108.648	61.341
2109.000	63.775
2109.368	66.662
2109.754	69.925
2110.160	73.520
2110.587	77.405
2111.039	81.524
2111.515	85.804
2112.018	90.200
2112.547	94.635
2113.103	99.031
2113.686	103.311
2114.294	107.393
2114.928	111.200
2115.585	114.646
2116.261	117.656
2116.957	120.175
2117.668	122.150
2118.391	123.558
2119.122	124.378
2119.858	124.629
2120.596	124.348
2121.333	123.596
2122.066	122.461
2122.792	121.059
2123.511	119.513
2124.222	118.001
2124.924	116.713
2125.620	115.853
2126.312	115.710
2127.004	116.614
2127.705	118.977
2128.421	123.307
2129.166	130.339
2129.957	140.991
2130.817	156.479
2131.776	178.455
2132.873	208.975
2134.162	250.697
2135.711	306.614
2137.605	379.975
2139.946	473.317
2142.844	587.261
2146.402	718.577
2150.693	858.156
2155.726	990.098
2161.400	1093.050
2167.499	1146.479
2173.717	1138.174
2179.730	1069.401
2185.234	954.801
2190.035	815.940
2194.062	673.252
2197.337	541.378
2199.944	428.443
2201.995	336.514
2203.598	264.132
2204.854	208.677
2205.847	166.831
2206.644	135.381
2207.292	111.894
2207.830	94.366
2208.283	81.196
2208.678	71.194
2209.026	63.571
2209.335	57.683
2209.619	53.053
2209.882	49.363
2210.126	46.385
2210.356	43.929
2210.577	41.862
2210.787	40.108
2210.987	38.588
2211.183	37.243
2211.372	36.058
2211.554	34.988
2211.734	34.009
2211.907	33.138
2212.078	32.324
2212.245	31.588
2212.408	30.924
2212.568	30.316
2212.726	29.779
2212.882	29.306
2213.036	28.905
2213.187	28.578
2213.339	28.329
2213.489	28.179
2213.639	28.118
2213.789	28.177
2213.940	28.360
2214.093	28.693
2214.248	29.197
2214.406	29.898
2214.569	30.836
2214.738	32.053
2214.914	33.600
2215.100	35.554
2215.297	37.984
2215.509	40.990
2215.738	44.703
2215.990	49.278
2216.268	54.887
2216.580	61.748
2216.931	70.133
2217.333	80.383
2217.794	92.820
2218.328	107.866
2218.951	126.064
2219.680	147.807
2220.536	173.579
2221.542	203.823
2222.724	238.775
2224.104	278.356
2225.710	322.147
2227.562	369.158
2229.671	417.588
2232.041	465.101
2234.661	508.806
2237.499	545.497
2240.510	572.162
2243.630	586.775
2246.797	588.551
2249.938	577.899
2252.984	556.940
2255.892	528.262
2258.628	495.157
2261.172	460.527
2263.520	426.849
2265.688	395.660
2267.690	368.022
2269.545	344.441
2271.277	324.614
