<j>	<F>
1.246	20.230
3.002	11.614
4.179	10.899
5.196	11.156
6.054	12.657
7.215	14.244
8.585	11.436
9.532	12.759
11.137	12.035
12.467	10.583
13.346	11.228
14.237	12.121
15.522	12.358
17.083	11.206
18.031	11.225
18.729	12.104
19.440	13.182
20.367	13.904
21.486	13.900
22.550	13.992
23.598	14.074
24.543	14.400
25.496	14.789
26.692	14.889
28.339	13.899
29.759	13.131
30.782	13.117
31.548	13.591
32.242	14.305
32.951	15.017
33.668	15.788
34.659	16.272
36.382	15.425
38.246	13.966
39.354	13.671
40.058	14.153
40.693	14.825
41.311	15.561
41.954	16.348
42.828	16.894
44.396	16.488
47.021	14.592
49.278	12.927
50.306	12.732
50.847	13.227
51.368	13.878
52.136	14.383
53.392	14.399
54.975	13.902
56.180	13.619
56.831	13.932
57.242	14.605
57.644	15.395
58.184	16.123
59.043	16.540
60.413	16.340
62.128	15.617
63.566	15.095
64.501	15.129
65.151	15.527
65.716	16.077
66.315	16.641
67.037	17.098
67.946	17.346
69.090	17.324
70.581	16.948
72.480	16.152
74.343	15.315
75.630	14.992
76.493	15.141
77.473	15.351
79.355	15.035
82.678	13.725
85.950	12.324
87.839	11.757
88.864	11.722
89.525	11.900
90.007	12.186
90.395	12.540
90.742	12.941
91.088	13.369
91.469	13.806
91.919	14.227
92.476	14.602
93.164	14.901
93.977	15.113
94.877	15.255
95.812	15.364
96.766	15.461
97.775	15.532
98.919	15.526
100.275	15.387
101.845	15.110
103.539	14.755
105.236	14.403
106.832	14.111
108.221	13.924
109.327	13.877
110.148	13.980
110.755	14.210
111.248	14.524
111.742	14.869
112.371	15.171
113.303	15.331
114.711	15.234
116.582	14.858
118.546	14.389
120.167	14.072
121.324	13.985
122.117	14.086
122.670	14.318
123.085	14.638
123.439	15.012
123.804	15.407
124.257	15.780
124.911	16.069
125.927	16.174
127.442	16.000
129.326	15.585
131.114	15.176
132.486	14.978
133.537	14.971
134.555	15.027
135.900	14.984
138.002	14.662
141.060	13.964
144.396	13.129
146.953	12.555
148.521	12.336
149.469	12.347
150.136	12.469
150.717	12.634
151.315	12.805
151.990	12.960
152.768	13.084
153.647	13.174
154.591	13.237
155.543	13.290
156.447	13.354
157.284	13.440
158.082	13.546
158.909	13.651
159.864	13.726
161.045	13.734
162.496	13.652
164.133	13.496
165.741	13.329
167.100	13.224
168.120	13.221
168.843	13.314
169.359	13.481
169.750	13.699
170.076	13.948
170.380	14.216
170.692	14.492
171.039	14.767
171.447	15.030
171.947	15.268
172.587	15.462
173.465	15.580
174.788	15.554
176.933	15.266
180.220	14.614
184.168	13.743
187.537	13.035
189.773	12.668
191.169	12.552
192.106	12.572
192.798	12.662
193.351	12.793
193.817	12.950
194.232	13.126
194.621	13.315
195.003	13.510
195.390	13.710
195.788	13.911
196.201	14.113
196.628	14.314
197.074	14.515
197.552	14.712
198.096	14.896
198.783	15.046
199.758	15.122
201.234	15.056
203.389	14.790
206.070	14.352
208.703	13.904
210.798	13.601
212.340	13.459
213.572	13.418
214.717	13.412
215.892	13.404
217.124	13.382
218.371	13.351
219.557	13.328
220.618	13.331
221.525	13.368
222.295	13.441
222.978	13.539
223.648	13.648
224.406	13.746
225.384	13.803
226.751	13.781
228.651	13.641
231.055	13.382
233.631	13.067
235.903	12.801
237.598	12.649
238.750	12.614
239.533	12.662
240.109	12.760
240.586	12.885
241.033	13.021
241.490	13.160
241.989	13.294
242.555	13.417
243.215	13.524
243.992	13.607
244.904	13.662
245.955	13.686
247.132	13.681
248.398	13.654
249.704	13.615
251.005	13.575
252.275	13.541
253.513	13.514
254.734	13.493
255.964	13.472
257.225	13.447
258.530	13.414
259.878	13.372
261.247	13.324
262.596	13.278
263.871	13.242
265.018	13.228
266.001	13.243
266.810	13.292
267.460	13.372
267.979	13.481
268.400	13.613
268.757	13.761
269.077	13.922
269.388	14.089
269.711	14.258
270.070	14.424
270.491	14.581
271.005	14.722
271.660	14.835
272.519	14.907
273.673	14.918
275.219	14.844
277.210	14.673
279.545	14.421
281.943	14.146
284.081	13.918
285.806	13.774
287.167	13.710
288.324	13.695
289.435	13.697
290.618	13.692
291.926	13.665
293.353	13.614
294.840	13.550
296.313	13.484
297.720	13.430
299.043	13.390
300.296	13.365
301.495	13.349
302.647	13.341
303.734	13.343
304.731	13.358
305.613	13.391
306.368	13.445
307.000	13.521
307.527	13.618
307.974	13.730
308.367	13.856
308.731	13.989
309.086	14.128
309.451	14.268
309.841	14.405
310.268	14.538
310.739	14.665
311.258	14.783
311.822	14.893
312.422	14.996
313.042	15.094
313.662	15.191
314.264	15.293
314.829	15.401
315.349	15.521
315.820	15.652
316.249	15.796
316.645	15.949
317.025	16.110
317.412	16.273
317.845	16.431
318.415	16.566
319.359	16.636
321.345	16.520
325.852	15.952
334.040	14.722
342.888	13.364
348.455	12.581
351.235	12.287
352.810	12.203
353.950	12.193
354.921	12.209
355.809	12.238
356.650	12.273
357.466	12.313
358.272	12.354
359.081	12.396
359.903	12.436
360.743	12.475
361.597	12.511
362.460	12.546
363.320	12.580
364.164	12.616
364.981	12.655
365.765	12.698
366.517	12.746
367.244	12.797
367.964	12.851
368.705	12.903
369.505	12.950
370.413	12.986
371.486	13.003
372.786	12.993
374.363	12.949
376.228	12.869
378.326	12.758
380.531	12.630
382.672	12.506
384.600	12.404
386.231	12.336
387.555	12.303
388.609	12.303
389.455	12.329
390.150	12.375
390.748	12.433
391.292	12.500
391.818	12.571
392.357	12.642
392.938	12.710
393.586	12.771
394.323	12.823
395.166	12.863
396.122	12.889
397.181	12.902
398.322	12.904
399.506	12.899
400.691	12.892
401.838	12.888
402.923	12.891
403.941	12.902
404.905	12.920
405.846	12.942
406.797	12.965
407.798	12.983
408.878	12.993
410.057	12.992
411.329	12.979
412.666	12.957
414.019	12.931
415.324	12.908
416.524	12.895
417.579	12.897
418.473	12.918
419.210	12.957
419.808	13.013
420.293	13.084
420.688	13.167
421.020	13.259
421.309	13.359
421.577	13.463
421.851	13.569
422.167	13.673
422.592	13.769
423.251	13.842
424.383	13.868
426.406	13.801
429.900	13.579
435.229	13.159
441.770	12.602
447.914	12.076
452.480	11.712
455.470	11.512
457.439	11.422
458.866	11.389
460.028	11.383
461.057	11.392
462.008	11.408
462.905	11.428
463.760	11.453
464.579	11.480
465.371	11.510
466.143	11.542
466.903	11.575
467.660	11.609
468.424	11.642
469.203	11.675
470.005	11.706
470.835	11.735
471.698	11.761
472.593	11.785
473.517	11.806
474.460	11.825
475.413	11.842
476.359	11.860
477.285	11.879
478.175	11.900
479.017	11.925
479.804	11.955
480.531	11.989
481.202	12.029
481.819	12.074
482.394	12.123
482.937	12.175
483.462	12.230
483.984	12.286
484.521	12.341
485.089	12.395
485.706	12.445
486.390	12.490
487.157	12.528
488.017	12.557
488.973	12.578
490.021	12.589
491.142	12.593
492.310	12.592
493.490	12.588
494.648	12.585
495.758	12.586
496.801	12.592
497.777	12.605
498.695	12.624
499.576	12.647
500.449	12.672
501.345	12.695
502.298	12.715
503.338	12.727
504.490	12.730
505.766	12.722
507.162	12.702
508.650	12.673
510.186	12.638
511.709	12.602
513.159	12.572
514.486	12.551
515.659	12.543
516.668	12.549
517.518	12.569
518.227	12.603
518.817	12.648
519.310	12.702
519.726	12.765
520.083	12.833
520.394	12.907
520.672	12.985
520.925	13.066
521.161	13.150
521.387	13.237
521.608	13.324
521.829	13.413
522.057	13.502
522.297	13.592
522.557	13.680
522.844	13.767
523.170	13.851
523.548	13.931
523.994	14.005
524.529	14.070
525.178	14.125
525.966	14.165
526.919	14.188
528.060	14.191
529.393	14.173
530.905	14.135
532.552	14.081
534.269	14.018
535.979	13.953
537.613	13.896
539.121	13.850
540.480	13.820
541.688	13.806
542.757	13.806
543.709	13.818
544.562	13.842
545.337	13.873
546.052	13.912
546.721	13.956
547.362	14.003
547.993	14.053
548.637	14.102
549.329	14.148
550.115	14.185
551.062	14.209
552.257	14.210
553.803	14.178
555.791	14.103
558.253	13.981
561.099	13.819
564.104	13.639
566.981	13.468
569.510	13.328
571.608	13.229
573.320	13.167
574.756	13.134
576.030	13.118
577.239	13.111
578.452	13.104
579.706	13.095
581.018	13.082
582.381	13.063
583.777	13.042
585.181	13.019
586.577	12.997
587.966	12.976
589.375	12.954
590.870	12.929
592.554	12.892
594.566	12.834
597.050	12.744
600.105	12.614
603.697	12.445
607.599	12.252
611.438	12.060
614.846	11.895
617.612	11.774
619.717	11.698
621.267	11.661
622.407	11.654
623.276	11.667
623.979	11.693
624.596	11.726
625.184	11.762
625.789	11.799
626.454	11.832
627.219	11.861
628.129	11.881
629.234	11.891
630.582	11.885
632.213	11.863
634.144	11.822
636.352	11.764
638.764	11.691
641.260	11.611
643.694	11.533
645.935	11.465
647.891	11.412
649.528	11.378
650.852	11.362
651.904	11.363
652.735	11.378
653.395	11.404
653.930	11.437
654.374	11.477
654.756	11.522
655.097	11.569
655.412	11.618
655.713	11.669
656.010	11.721
656.311	11.773
656.622	11.825
656.953	11.876
657.310	11.926
657.703	11.975
658.145	12.021
658.648	12.064
659.229	12.102
659.906	12.135
660.699	12.162
661.630	12.179
662.717	12.188
663.972	12.185
665.397	12.172
666.978	12.149
668.685	12.116
670.470	12.078
672.276	12.038
674.044	11.999
675.724	11.965
677.281	11.937
678.700	11.918
679.979	11.908
681.130	11.906
682.168	11.910
683.112	11.921
683.979	11.937
684.782	11.956
685.532	11.980
686.238	12.006
686.903	12.034
687.531	12.065
688.122	12.099
688.678	12.134
689.197	12.172
689.682	12.212
690.131	12.255
690.547	12.300
690.930	12.347
691.282	12.397
691.604	12.449
691.898	12.503
692.168	12.559
692.414	12.618
692.639	12.678
692.846	12.739
693.036	12.803
693.211	12.868
693.374	12.935
693.524	13.003
693.665	13.072
693.797	13.143
693.922	13.215
694.041	13.288
694.154	13.362
694.264	13.437
694.371	13.513
694.478	13.590
694.585	13.668
694.697	13.746
694.817	13.824
694.954	13.903
695.120	13.980
695.338	14.054
695.646	14.123
696.114	14.181
696.863	14.221
698.096	14.227
700.129	14.177
703.369	14.042
708.133	13.797
714.274	13.451
720.917	13.064
726.880	12.722
731.457	12.474
734.651	12.324
736.824	12.245
738.351	12.213
739.498	12.206
740.426	12.215
741.222	12.234
741.935	12.257
742.594	12.285
743.214	12.315
743.807	12.347
744.382	12.380
744.945	12.414
745.501	12.449
746.055	12.485
746.610	12.520
747.170	12.555
747.737	12.590
748.312	12.625
748.897	12.659
749.491	12.693
750.094	12.726
750.707	12.759
751.327	12.791
751.954	12.823
752.586	12.855
753.223	12.886
753.862	12.918
754.505	12.949
755.150	12.980
755.797	13.011
756.448	13.042
757.104	13.073
757.769	13.103
758.445	13.133
759.136	13.162
759.846	13.190
760.579	13.216
761.339	13.241
762.130	13.264
762.954	13.285
763.813	13.303
764.708	13.319
765.636	13.333
766.598	13.345
767.589	13.354
768.607	13.362
769.647	13.368
770.706	13.372
771.779	13.376
772.866	13.379
773.962	13.381
775.065	13.382
776.172	13.383
777.279	13.384
778.382	13.385
779.475	13.387
780.552	13.389
781.608	13.393
782.639	13.399
783.644	13.406
784.625	13.415
785.593	13.425
786.565	13.435
787.574	13.444
788.669	13.448
789.927	13.444
791.453	13.425
793.385	13.384
795.874	13.310
799.043	13.197
802.898	13.044
807.257	12.860
811.737	12.666
815.894	12.488
819.395	12.346
822.119	12.247
824.121	12.190
825.549	12.166
826.560	12.166
827.286	12.183
827.825	12.212
828.245	12.248
828.591	12.288
828.890	12.332
829.160	12.378
829.414	12.425
829.658	12.473
829.898	12.522
830.135	12.571
830.372	12.620
830.610	12.670
830.849	12.720
831.090	12.771
831.333	12.821
831.578	12.872
831.825	12.923
832.074	12.974
832.325	13.025
832.579	13.077
832.835	13.128
833.095	13.180
833.357	13.232
833.625	13.284
833.898	13.336
834.179	13.388
834.470	13.440
834.773	13.492
835.093	13.542
835.434	13.592
835.803	13.640
836.208	13.687
836.659	13.731
837.167	13.772
837.748	13.808
838.417	13.840
839.192	13.864
840.091	13.881
841.131	13.889
842.320	13.887
843.657	13.876
845.131	13.855
846.711	13.826
848.354	13.793
850.005	13.758
851.612	13.725
853.127	13.698
854.517	13.678
855.764	13.666
856.865	13.664
857.831	13.671
858.676	13.686
859.420	13.707
860.080	13.734
860.677	13.766
861.227	13.801
861.746	13.838
862.250	13.877
862.754	13.916
863.278	13.955
863.844	13.991
864.486	14.024
865.247	14.050
866.189	14.065
867.396	14.066
868.973	14.044
871.047	13.994
873.729	13.907
877.071	13.781
881.000	13.620
885.291	13.436
889.610	13.250
893.641	13.081
897.195	12.940
900.238	12.830
902.844	12.747
905.133	12.683
907.219	12.632
909.193	12.589
911.112	12.550
913.000	12.513
914.860	12.477
916.677	12.443
918.428	12.413
920.087	12.386
921.632	12.365
923.048	12.350
924.331	12.341
925.482	12.339
926.512	12.342
927.434	12.351
928.265	12.364
929.022	12.382
929.722	12.402
930.382	12.424
931.015	12.448
931.636	12.473
932.255	12.498
932.882	12.523
933.526	12.548
934.192	12.571
934.886	12.594
935.611	12.614
936.367	12.634
937.153	12.652
937.968	12.668
938.804	12.683
939.656	12.697
940.516	12.711
941.373	12.725
942.218	12.739
943.042	12.754
943.837	12.770
944.596	12.788
945.313	12.808
945.984	12.831
946.609	12.855
947.187	12.882
947.719	12.912
948.208	12.944
948.658	12.978
949.072	13.014
949.454	13.051
949.809	13.091
950.141	13.132
950.455	13.174
950.753	13.218
951.040	13.262
951.319	13.307
951.595	13.352
951.868	13.398
952.144	13.444
952.423	13.490
952.710	13.536
953.005	13.582
953.311	13.628
953.629	13.673
953.962	13.717
954.309	13.761
954.673	13.804
955.052	13.847
955.446	13.889
955.856	13.930
956.279	13.970
956.715	14.010
957.162	14.050
957.617	14.089
958.079	14.127
958.547	14.166
959.020	14.204
959.499	14.242
959.986	14.280
960.486	14.317
961.006	14.353
961.558	14.388
962.158	14.420
962.827	14.449
963.595	14.472
964.498	14.487
965.582	14.493
966.898	14.484
968.495	14.459
970.417	14.415
972.681	14.351
975.265	14.268
978.100	14.169
981.074	14.062
984.061	13.954
986.949	13.851
989.659	13.759
992.165	13.680
994.473	13.612
996.614	13.555
998.622	13.507
1000.531	13.464
1002.364	13.426
1004.133	13.392
1005.841	13.361
1007.488	13.333
1009.066	13.309
1010.572	13.288
1012.000	13.272
1013.352	13.259
1014.631	13.250
1015.844	13.245
1017.004	13.242
1018.126	13.242
1019.222	13.243
1020.312	13.245
1021.409	13.247
1022.528	13.248
1023.683	13.247
1024.880	13.244
1026.126	13.239
1027.418	13.232
1028.752	13.222
1030.115	13.211
1031.493	13.199
1032.868	13.187
1034.223	13.175
1035.544	13.165
1036.822	13.157
1038.057	13.152
1039.262	13.148
1040.461	13.144
1041.693	13.141
1043.022	13.133
1044.529	13.119
1046.321	13.094
1048.520	13.052
1051.250	12.988
1054.591	12.898
1058.537	12.782
1062.934	12.645
1067.503	12.500
1071.885	12.361
1075.777	12.242
1079.006	12.149
1081.538	12.085
1083.446	12.048
1084.850	12.031
1085.872	12.032
1086.620	12.044
1087.176	12.064
1087.601	12.090
1087.938	12.121
1088.216	12.154
1088.455	12.189
1088.670	12.226
1088.868	12.263
1089.058	12.301
1089.242	12.339
1089.425	12.378
1089.609	12.417
1089.795	12.456
1089.986	12.495
1090.185	12.534
1090.390	12.573
1090.606	12.612
1090.833	12.650
1091.072	12.688
1091.328	12.726
1091.600	12.763
1091.892	12.800
1092.206	12.836
1092.544	12.871
1092.909	12.905
1093.304	12.938
1093.731	12.969
1094.193	12.999
1094.691	13.028
1095.227	13.055
1095.801	13.081
1096.415	13.104
1097.064	13.127
1097.748	13.147
1098.463	13.166
1099.203	13.184
1099.963	13.201
1100.735	13.217
1101.514	13.233
1102.290	13.249
1103.058	13.265
1103.811	13.282
1104.545	13.300
1105.258	13.318
1105.945	13.338
1106.611	13.359
1107.255	13.381
1107.883	13.403
1108.499	13.427
1109.111	13.451
1109.727	13.475
1110.356	13.498
1111.010	13.520
1111.700	13.542
1112.439	13.560
1113.240	13.577
1114.115	13.590
1115.079	13.598
1116.142	13.603
1117.317	13.602
1118.603	13.596
1120.006	13.584
1121.518	13.567
1123.126	13.546
1124.811	13.520
1126.545	13.492
1128.301	13.463
1130.045	13.434
1131.751	13.407
1133.391	13.382
1134.945	13.361
1136.401	13.344
1137.750	13.332
1138.993	13.325
1140.131	13.323
1141.174	13.325
1142.129	13.332
1143.008	13.341
1143.822	13.354
1144.583	13.370
1145.304	13.387
1145.996	13.406
1146.670	13.426
1147.336	13.447
1148.005	13.468
1148.684	13.488
1149.382	13.507
1150.103	13.526
1150.851	13.543
1151.629	13.560
1152.437	13.574
1153.273	13.588
1154.131	13.600
1155.005	13.611
1155.889	13.622
1156.772	13.633
1157.644	13.644
1158.498	13.656
1159.323	13.669
1160.114	13.683
1160.864	13.700
1161.570	13.718
1162.230	13.738
1162.846	13.761
1163.417	13.786
1163.946	13.813
1164.438	13.841
1164.897	13.872
1165.329	13.904
1165.738	13.937
1166.133	13.971
1166.522	14.006
1166.915	14.041
1167.326	14.075
1167.774	14.108
1168.286	14.139
1168.900	14.165
1169.673	14.185
1170.683	14.194
1172.040	14.188
1173.884	14.161
1176.377	14.105
1179.665	14.014
1183.809	13.884
1188.698	13.720
1194.014	13.536
1199.297	13.353
1204.113	13.189
1208.197	13.056
1211.492	12.959
1214.091	12.892
1216.142	12.850
1217.797	12.825
1219.179	12.812
1220.376	12.808
1221.448	12.809
1222.432	12.813
1223.355	12.821
1224.229	12.830
1225.063	12.841
1225.863	12.854
1226.633	12.868
1227.377	12.882
1228.099	12.898
1228.803	12.915
1229.495	12.932
1230.181	12.949
1230.867	12.967
1231.561	12.984
1232.270	13.001
1233.002	13.017
1233.764	13.032
1234.563	13.046
1235.406	13.058
1236.295	13.068
1237.234	13.076
1238.223	13.082
1239.257	13.087
1240.331	13.089
1241.435	13.091
1242.559	13.091
1243.688	13.091
1244.810	13.091
1245.911	13.092
1246.978	13.094
1248.003	13.097
1248.979	13.103
1249.904	13.110
1250.777	13.119
1251.602	13.131
1252.384	13.144
1253.132	13.158
1253.853	13.174
1254.557	13.191
1255.255	13.208
1255.956	13.225
1256.669	13.242
1257.402	13.258
1258.163	13.273
1258.956	13.287
1259.784	13.299
1260.650	13.310
1261.551	13.320
1262.482	13.328
1263.437	13.335
1264.409	13.341
1265.385	13.347
1266.356	13.353
1267.310	13.360
1268.235	13.367
1269.124	13.376
1269.970	13.387
1270.767	13.399
1271.513	13.414
1272.207	13.430
1272.850	13.449
1273.446	13.470
1273.997	13.493
1274.509	13.517
1274.987	13.543
1275.434	13.571
1275.858	13.599
1276.262	13.629
1276.651	13.659
1277.029	13.690
1277.400	13.721
1277.767	13.753
1278.135	13.785
1278.503	13.817
1278.877	13.849
1279.257	13.881
1279.645	13.912
1280.043	13.943
1280.452	13.974
1280.873	14.005
1281.306	14.035
1281.752	14.064
1282.212	14.093
1282.687	14.122
1283.175	14.150
1283.678	14.177
1284.198	14.204
1284.734	14.230
1285.289	14.255
1285.865	14.279
1286.465	14.303
1287.093	14.325
1287.753	14.346
1288.451	14.365
1289.195	14.382
1289.992	14.397
1290.850	14.409
1291.779	14.418
1292.788	14.424
1293.888	14.425
1295.083	14.422
1296.385	14.415
1297.793	14.402
1299.315	14.385
1300.945	14.362
1302.685	14.335
1304.527	14.303
1306.467	14.267
1308.497	14.227
1310.606	14.184
1312.781	14.138
1315.006	14.090
1317.255	14.041
1319.500	13.992
1321.708	13.945
1323.841	13.900
1325.868	13.861
1327.757	13.826
1329.491	13.799
1331.057	13.778
1332.456	13.764
1333.694	13.757
1334.783	13.756
1335.738	13.761
1336.579	13.770
1337.320	13.784
1337.979	13.802
1338.572	13.822
1339.109	13.845
1339.606	13.870
1340.069	13.897
1340.511	13.924
1340.937	13.953
1341.358	13.981
1341.781	14.010
1342.217	14.039
1342.676	14.067
1343.172	14.093
1343.723	14.118
1344.351	14.140
1345.088	14.157
1345.975	14.169
1347.066	14.173
1348.430	14.166
1350.153	14.146
1352.331	14.107
1355.054	14.048
1358.380	13.964
1362.297	13.857
1366.688	13.732
1371.333	13.595
1375.937	13.460
1380.223	13.337
1383.995	13.232
1387.166	13.151
1389.747	13.092
1391.810	13.054
1393.451	13.031
1394.768	13.021
1395.843	13.020
1396.749	13.026
1397.539	13.037
1398.261	13.051
1398.952	13.066
1399.645	13.082
1400.370	13.096
1401.157	13.109
1402.035	13.119
1403.031	13.126
1404.173	13.127
1405.487	13.123
1406.985	13.113
1408.681	13.095
1410.559	13.071
1412.602	13.041
1414.760	13.007
1416.981	12.970
1419.190	12.933
1421.326	12.898
1423.329	12.867
1425.157	12.842
1426.785	12.823
1428.205	12.811
1429.427	12.806
1430.465	12.807
1431.345	12.814
1432.087	12.825
1432.717	12.841
1433.257	12.859
1433.724	12.881
1434.136	12.904
1434.504	12.929
1434.840	12.956
1435.151	12.983
1435.446	13.011
1435.728	13.040
1436.003	13.069
1436.274	13.098
1436.544	13.128
1436.815	13.157
1437.089	13.187
1437.371	13.216
1437.661	13.246
1437.962	13.275
1438.280	13.304
1438.618	13.332
1438.982	13.359
1439.382	13.385
1439.829	13.410
1440.340	13.433
1440.939	13.453
1441.658	13.470
1442.544	13.481
1443.658	13.484
1445.086	13.478
1446.933	13.457
1449.321	13.420
1452.377	13.360
1456.186	13.276
1460.755	13.167
1465.948	13.036
1471.486	12.894
1476.985	12.753
1482.080	12.623
1486.510	12.515
1490.161	12.431
1493.063	12.371
1495.313	12.332
1497.046	12.310
1498.385	12.301
1499.438	12.301
1500.287	12.308
1500.994	12.319
1501.604	12.334
1502.149	12.351
1502.653	12.369
1503.129	12.388
1503.592	12.408
1504.046	12.429
1504.500	12.449
1504.955	12.469
1505.417	12.490
1505.884	12.510
1506.358	12.530
1506.839	12.550
1507.327	12.570
1507.821	12.589
1508.320	12.608
1508.821	12.628
1509.325	12.647
1509.829	12.667
1510.330	12.686
1510.830	12.705
1511.323	12.725
1511.812	12.745
1512.293	12.765
1512.765	12.786
1513.231	12.806
1513.686	12.828
1514.134	12.849
1514.572	12.871
1515.003	12.893
1515.427	12.915
1515.846	12.937
1516.262	12.960
1516.675	12.983
1517.089	13.006
1517.505	13.029
1517.925	13.052
1518.353	13.075
1518.789	13.097
1519.239	13.119
1519.701	13.141
1520.181	13.163
1520.679	13.183
1521.195	13.204
1521.734	13.223
1522.293	13.242
1522.875	13.261
1523.478	13.278
1524.100	13.295
1524.740	13.312
1525.394	13.327
1526.061	13.343
1526.735	13.358
1527.413	13.373
1528.089	13.388
1528.760	13.403
1529.419	13.418
1530.064	13.434
1530.689	13.451
1531.291	13.468
1531.869	13.487
1532.418	13.506
1532.939	13.526
1533.430	13.547
1533.891	13.569
1534.323	13.593
1534.726	13.617
1535.102	13.643
1535.452	13.669
1535.778	13.697
1536.081	13.725
1536.365	13.754
1536.630	13.784
1536.878	13.815
1537.112	13.846
1537.333	13.878
1537.543	13.910
1537.745	13.943
1537.939	13.976
1538.129	14.010
1538.316	14.044
1538.502	14.078
1538.692	14.112
1538.889	14.146
1539.098	14.180
1539.326	14.213
1539.586	14.246
1539.893	14.277
1540.269	14.305
1540.753	14.331
1541.398	14.351
1542.286	14.363
1543.536	14.362
1545.311	14.344
1547.825	14.301
1551.311	14.225
1555.953	14.108
1561.778	13.951
1568.498	13.762
1575.553	13.560
1582.243	13.370
1588.015	13.210
1592.635	13.088
1596.149	13.004
1598.762	12.951
1600.715	12.920
1602.224	12.905
1603.452	12.900
1604.518	12.901
1605.504	12.905
1606.465	12.910
1607.443	12.915
1608.461	12.919
1609.540	12.921
1610.692	12.921
1611.926	12.919
1613.248	12.915
1614.660	12.907
1616.163	12.897
1617.755	12.885
1619.436	12.870
1621.206	12.852
1623.067	12.832
1625.024	12.809
1627.091	12.784
1629.283	12.755
1631.626	12.722
1634.146	12.685
1636.870	12.643
1639.825	12.595
1643.023	12.541
1646.461	12.481
1650.115	12.416
1653.923	12.346
1657.819	12.275
1661.709	12.204
1665.503	12.135
1669.119	12.071
1672.498	12.014
1675.609	11.963
1678.437	11.920
1680.994	11.884
1683.304	11.854
1685.390	11.830
1687.288	11.811
1689.022	11.796
1690.619	11.785
1692.096	11.776
1693.473	11.770
1694.761	11.767
1695.969	11.765
1697.103	11.765
1698.169	11.767
1699.172	11.770
1700.115	11.774
1701.000	11.780
1701.832	11.788
1702.613	11.796
1703.346	11.806
1704.037	11.816
1704.687	11.828
1705.301	11.840
1705.883	11.854
1706.437	11.868
1706.966	11.882
1707.474	11.898
1707.966	11.913
1708.444	11.929
1708.913	11.946
1709.375	11.962
1709.835	11.979
1710.295	11.996
1710.759	12.013
1711.229	12.029
1711.708	12.046
1712.200	12.062
1712.706	12.078
1713.228	12.093
1713.768	12.109
1714.329	12.123
1714.911	12.138
1715.514	12.151
1716.140	12.165
1716.789	12.177
1717.458	12.189
1718.147	12.201
1718.854	12.212
1719.576	12.223
1720.311	12.233
1721.054	12.244
1721.802	12.254
1722.551	12.264
1723.295	12.274
1724.032	12.284
1724.756	12.295
1725.465	12.305
1726.154	12.317
1726.822	12.329
1727.465	12.341
1728.083	12.354
1728.676	12.368
1729.244	12.382
1729.789	12.398
1730.313	12.413
1730.822	12.429
1731.320	12.446
1731.816	12.463
1732.319	12.479
1732.846	12.495
1733.411	12.511
1734.040	12.525
1734.762	12.537
1735.615	12.546
1736.650	12.551
1737.925	12.550
1739.509	12.542
1741.484	12.525
1743.922	12.496
1746.885	12.455
1750.408	12.401
1754.448	12.333
1758.916	12.255
1763.629	12.170
1768.366	12.084
1772.902	12.002
1777.040	11.929
1780.663	11.869
1783.721	11.821
1786.234	11.786
1788.255	11.763
1789.867	11.750
1791.143	11.744
1792.159	11.746
1792.976	11.752
1793.641	11.762
1794.196	11.774
1794.668	11.789
1795.080	11.805
1795.448	11.822
1795.783	11.840
1796.095	11.859
1796.390	11.878
1796.672	11.898
1796.945	11.918
1797.210	11.938
1797.470	11.958
1797.726	11.979
1797.979	12.000
1798.229	12.020
1798.477	12.041
1798.723	12.062
1798.968	12.083
1799.211	12.105
1799.453	12.126
1799.693	12.147
1799.932	12.169
1800.170	12.190
1800.405	12.212
1800.639	12.234
1800.872	12.256
1801.102	12.277
1801.329	12.300
1801.555	12.322
1801.778	12.344
1801.997	12.367
1802.214	12.389
1802.428	12.412
1802.638	12.435
1802.844	12.458
1803.047	12.481
1803.246	12.505
1803.441	12.528
1803.631	12.552
1803.817	12.576
1803.999	12.600
1804.177	12.624
1804.350	12.649
1804.519	12.674
1804.683	12.698
1804.843	12.724
1804.998	12.749
1805.150	12.774
1805.298	12.800
1805.442	12.826
1805.583	12.852
1805.720	12.878
1805.854	12.904
1805.986	12.931
1806.115	12.958
1806.242	12.984
1806.368	13.011
1806.494	13.039
1806.619	13.066
1806.744	13.093
1806.871	13.120
1806.999	13.148
1807.131	13.175
1807.267	13.203
1807.408	13.230
1807.556	13.258
1807.712	13.285
1807.879	13.312
1808.057	13.339
1808.251	13.365
1808.463	13.391
1808.695	13.417
1808.951	13.442
1809.237	13.466
1809.557	13.490
1809.915	13.512
1810.320	13.533
1810.778	13.553
1811.296	13.571
1811.885	13.588
1812.556	13.602
1813.314	13.613
1814.177	13.622
1815.155	13.627
1816.255	13.629
1817.495	13.627
1818.878	13.620
1820.414	13.610
1822.106	13.594
1823.948	13.575
1825.939	13.551
1828.059	13.523
1830.293	13.493
1832.611	13.459
1834.986	13.424
1837.383	13.388
1839.770	13.353
1842.116	13.318
1844.389	13.286
1846.567	13.256
1848.635	13.229
1850.576	13.206
1852.382	13.186
1854.055	13.170
1855.592	13.158
1856.999	13.150
1858.288	13.144
1859.463	13.142
1860.539	13.142
1861.530	13.145
1862.451	13.150
1863.322	13.157
1864.163	13.164
1865.004	13.172
1865.879	13.179
1866.832	13.185
1867.919	13.188
1869.215	13.186
1870.811	13.176
1872.813	13.158
1875.349	13.126
1878.529	13.079
1882.437	13.014
1887.085	12.931
1892.354	12.832
1898.026	12.722
1903.750	12.610
1909.187	12.505
1914.038	12.413
1918.140	12.338
1921.452	12.283
1924.024	12.245
1925.971	12.222
1927.411	12.212
1928.467	12.211
1929.235	12.218
1929.794	12.229
1930.203	12.245
1930.507	12.263
1930.737	12.283
1930.915	12.304
1931.059	12.326
1931.180	12.349
1931.285	12.373
1931.379	12.397
1931.469	12.421
1931.555	12.445
1931.641	12.470
1931.728	12.494
1931.817	12.518
1931.911	12.543
1932.010	12.567
1932.115	12.592
1932.228	12.616
1932.351	12.640
1932.484	12.664
1932.631	12.688
1932.793	12.712
1932.974	12.735
1933.176	12.758
1933.405	12.780
1933.664	12.801
1933.959	12.822
1934.299	12.842
1934.690	12.861
1935.142	12.878
1935.669	12.894
1936.281	12.908
1936.993	12.919
1937.825	12.928
1938.791	12.933
1939.909	12.935
1941.198	12.933
1942.670	12.926
1944.336	12.915
1946.195	12.898
1948.240	12.878
1950.452	12.853
1952.798	12.825
1955.235	12.794
1957.710	12.762
1960.172	12.730
1962.563	12.700
1964.842	12.672
1966.970	12.647
1968.926	12.627
1970.698	12.611
1972.287	12.599
1973.700	12.591
1974.951	12.587
1976.058	12.587
1977.039	12.589
1977.914	12.595
1978.699	12.602
1979.411	12.611
1980.065	12.622
1980.673	12.634
1981.248	12.647
1981.798	12.660
1982.333	12.674
1982.861	12.689
1983.388	12.703
1983.923	12.717
1984.469	12.731
1985.035	12.745
1985.625	12.758
1986.247	12.770
1986.905	12.782
1987.606	12.792
1988.357	12.802
1989.164	12.810
1990.034	12.817
1990.974	12.822
1991.991	12.826
1993.088	12.828
1994.275	12.827
1995.554	12.825
1996.927	12.820
1998.396	12.813
1999.960	12.803
2001.611	12.792
2003.343	12.779
2005.145	12.764
2007.000	12.748
2008.894	12.730
2010.805	12.713
2012.717	12.695
2014.606	12.677
2016.460	12.661
2018.258	12.645
2019.991	12.631
2021.651	12.619
2023.231	12.608
2024.733	12.599
2026.157	12.592
2027.509	12.587
2028.794	12.583
2030.024	12.581
2031.208	12.580
2032.354	12.579
2033.475	12.579
2034.584	12.580
2035.688	12.581
2036.797	12.582
2037.924	12.582
2039.072	12.582
2040.248	12.582
2041.462	12.581
2042.712	12.578
2043.998	12.576
2045.324	12.572
2046.686	12.567
2048.076	12.562
2049.491	12.556
2050.925	12.550
2052.365	12.543
2053.805	12.537
2055.239	12.530
2056.656	12.524
2058.049	12.518
2059.418	12.513
2060.756	12.509
2062.060	12.505
2063.334	12.502
2064.579	12.499
2065.794	12.498
2066.989	12.496
2068.166	12.496
2069.329	12.495
2070.485	12.495
2071.641	12.495
2072.799	12.494
2073.963	12.494
2075.142	12.493
2076.333	12.492
2077.538	12.491
2078.761	12.490
2079.997	12.488
2081.246	12.486
2082.504	12.483
2083.770	12.481
2085.031	12.478
2086.287	12.476
2087.536	12.473
2088.762	12.471
2089.962	12.470
2091.138	12.469
2092.275	12.469
2093.371	12.469
2094.427	12.471
2095.438	12.473
2096.399	12.477
2097.315	12.481
2098.184	12.487
2099.004	12.493
2099.778	12.501
2100.512	12.509
2101.202	12.519
2101.855	12.529
2102.472	12.540
2103.056	12.552
2103.610	12.564
2104.137	12.577
2104.640	12.591
2105.122	12.605
2105.584	12.619
2106.031	12.634
2106.464	12.649
2106.886	12.665
2107.301	12.681
2107.707	12.697
2108.111	12.713
2108.512	12.729
2108.915	12.745
2109.321	12.762
2109.732	12.778
2110.152	12.794
2110.581	12.810
2111.025	12.825
2111.487	12.840
2111.968	12.855
2112.473	12.870
2113.007	12.883
2113.573	12.896
2114.176	12.909
2114.823	12.920
2115.520	12.930
2116.270	12.940
2117.085	12.947
2117.971	12.954
2118.935	12.958
2119.989	12.961
2121.140	12.961
2122.401	12.959
2123.779	12.955
2125.286	12.947
2126.932	12.937
2128.720	12.923
2130.660	12.906
2132.754	12.886
2134.998	12.863
2137.382	12.836
2139.896	12.807
2142.520	12.775
2145.223	12.741
2147.976	12.707
2150.745	12.672
2153.488	12.637
2156.173	12.604
2158.766	12.573
2161.235	12.544
2163.562	12.518
2165.737	12.495
2167.747	12.476
2169.592	12.461
2171.277	12.448
2172.815	12.439
2174.209	12.433
2175.477	12.430
2176.634	12.429
2177.689	12.430
2178.658	12.433
2179.553	12.437
2180.389	12.443
2181.172	12.450
2181.914	12.458
2182.627	12.467
2183.317	12.476
2183.988	12.485
2184.653	12.495
2185.315	12.505
2185.978	12.515
2186.648	12.525
2187.333	12.534
2188.033	12.543
2188.753	12.552
2189.497	12.561
2190.265	12.569
2191.062	12.576
2191.891	12.583
2192.751	12.589
2193.642	12.594
2194.567	12.599
2195.530	12.603
2196.523	12.606
2197.550	12.609
2198.610	12.611
2199.706	12.612
2200.829	12.613
2201.983	12.613
2203.171	12.612
2204.386	12.610
2205.628	12.609
2206.901	12.606
2208.199	12.603
2209.522	12.599
2210.869	12.595
2212.239	12.591
2213.629	12.586
2215.033	12.581
2216.451	12.575
2217.875	12.569
2219.296	12.564
2220.712	12.558
2222.112	12.553
2223.492	12.548
2224.840	12.543
2226.147	12.539
2227.409	12.537
2228.618	12.535
2229.774	12.534
2230.866	12.535
2231.892	12.537
2232.852	12.540
2233.750	12.544
2234.582	12.550
2235.350	12.557
2236.058	12.565
2236.710	12.575
2237.307	12.585
2237.856	12.597
2238.361	12.610
2238.824	12.623
2239.249	12.638
2239.642	12.653
2240.008	12.668
2240.347	12.685
2240.662	12.701
2240.961	12.719
2241.244	12.736
2241.512	12.754
2241.771	12.772
2242.022	12.791
2242.266	12.810
2242.507	12.828
2242.748	12.847
2242.989	12.866
2243.232	12.885
2243.483	12.904
2243.741	12.923
2244.010	12.941
2244.296	12.960
2244.599	12.978
2244.928	12.995
2245.286	13.012
2245.682	13.028
2246.127	13.044
2246.630	13.058
2247.208	13.071
2247.881	13.081
2248.670	13.090
2249.607	13.095
2250.725	13.097
2252.070	13.094
2253.684	13.086
2255.622	13.071
2257.934	13.049
2260.661	13.018
2263.826	12.978
2267.424	12.929
