<j>	<F>
1.246	20.230
3.002	11.614
4.179	10.899
5.196	11.156
6.054	12.657
7.215	14.244
8.585	11.436
9.532	12.759
11.137	12.035
12.467	10.583
13.346	11.228
14.237	12.121
15.522	12.358
17.083	11.206
18.031	11.225
18.729	12.104
19.440	13.182
20.367	13.904
21.486	13.900
22.550	13.992
23.598	14.074
24.543	14.400
25.496	14.789
26.692	14.889
28.339	13.899
29.759	13.131
30.782	13.117
31.548	13.591
32.242	14.305
32.951	15.017
33.668	15.788
34.659	16.272
36.382	15.425
38.246	13.966
39.354	13.671
40.058	14.153
40.693	14.825
41.311	15.561
41.954	16.348
42.828	16.894
44.396	16.488
47.021	14.592
49.278	12.927
50.306	12.732
50.847	13.227
51.368	13.878
52.136	14.383
53.392	14.399
54.975	13.902
56.180	13.619
56.831	13.932
57.242	14.605
57.644	15.395
58.184	16.123
59.043	16.540
60.413	16.340
62.128	15.617
63.566	15.095
64.501	15.129
65.151	15.527
65.716	16.077
66.315	16.641
67.037	17.098
67.946	17.346
69.090	17.324
70.581	16.948
72.480	16.152
74.343	15.315
75.630	14.992
76.493	15.141
77.473	15.351
79.355	15.035
82.678	13.725
85.950	12.324
87.839	11.757
88.864	11.722
89.525	11.900
90.007	12.186
90.395	12.540
90.742	12.941
91.088	13.369
91.469	13.806
91.919	14.227
92.476	14.602
93.164	14.901
93.977	15.113
94.877	15.255
95.812	15.364
96.766	15.461
97.775	15.532
98.919	15.526
100.275	15.387
101.845	15.110
103.539	14.755
105.236	14.403
106.832	14.111
108.221	13.924
109.327	13.877
110.148	13.980
110.755	14.210
111.248	14.524
111.742	14.869
112.371	15.171
113.303	15.331
114.711	15.234
116.582	14.858
118.546	14.389
120.167	14.072
121.324	13.985
122.117	14.086
122.670	14.318
123.085	14.638
123.439	15.012
123.804	15.407
124.257	15.780
124.911	16.069
125.927	16.174
127.442	16.000
129.326	15.585
131.114	15.176
132.486	14.978
133.537	14.971
134.555	15.027
135.900	14.984
138.002	14.662
141.060	13.964
144.396	13.129
146.953	12.555
148.521	12.336
149.469	12.347
150.136	12.469
150.717	12.634
151.315	12.805
151.990	12.960
152.768	13.084
153.647	13.174
154.591	13.237
155.543	13.290
156.447	13.354
157.284	13.440
158.082	13.546
158.909	13.651
159.864	13.726
161.045	13.734
162.496	13.652
164.133	13.496
165.741	13.329
167.100	13.224
168.120	13.221
168.843	13.314
169.359	13.481
169.750	13.699
170.076	13.948
170.380	14.216
170.692	14.492
171.039	14.767
171.447	15.030
171.947	15.268
172.587	15.462
173.465	15.580
174.788	15.554
176.933	15.266
180.220	14.614
184.168	13.743
187.537	13.035
189.773	12.668
191.169	12.552
192.106	12.572
192.798	12.662
193.351	12.793
193.817	12.950
194.232	13.126
194.621	13.315
195.003	13.510
195.390	13.710
195.788	13.911
196.201	14.113
196.628	14.314
197.074	14.515
197.552	14.712
198.096	14.896
198.783	15.046
199.758	15.122
201.234	15.056
203.389	14.790
206.070	14.352
208.703	13.904
210.798	13.601
212.340	13.459
213.572	13.418
214.717	13.412
215.892	13.404
217.124	13.382
218.371	13.351
219.557	13.328
220.618	13.331
221.525	13.368
222.295	13.441
222.978	13.539
223.648	13.648
224.406	13.746
225.384	13.803
226.751	13.781
228.651	13.641
231.055	13.382
233.631	13.067
235.903	12.801
237.598	12.649
238.750	12.614
239.533	12.662
240.109	12.760
240.586	12.885
241.033	13.021
241.490	13.160
241.989	13.294
242.555	13.417
243.215	13.524
243.992	13.607
244.904	13.662
245.955	13.686
247.132	13.681
248.398	13.654
249.704	13.615
251.005	13.575
252.275	13.541
253.513	13.514
254.734	13.493
255.964	13.472
257.225	13.447
258.530	13.414
259.878	13.372
261.247	13.324
262.596	13.278
263.871	13.242
265.018	13.228
266.001	13.243
266.810	13.292
267.460	13.372
267.979	13.481
268.400	13.613
268.757	13.761
269.077	13.922
269.388	14.089
269.711	14.258
270.070	14.424
270.491	14.581
271.005	14.722
271.660	14.835
272.519	14.907
273.673	14.918
275.219	14.844
277.210	14.673
279.545	14.421
281.943	14.146
284.081	13.918
285.806	13.774
287.167	13.710
288.324	13.695
289.435	13.697
290.618	13.692
291.926	13.665
293.353	13.614
294.840	13.550
296.313	13.484
297.720	13.430
299.043	13.390
300.296	13.365
301.495	13.349
302.647	13.341
303.734	13.343
304.731	13.358
305.613	13.391
306.368	13.445
307.000	13.521
307.527	13.618
307.974	13.730
308.367	13.856
308.731	13.989
309.086	14.128
309.451	14.268
309.841	14.405
310.268	14.538
310.739	14.665
311.258	14.783
311.822	14.893
312.422	14.996
313.042	15.094
313.662	15.191
314.264	15.293
314.829	15.401
315.348	15.521
315.820	15.652
316.248	15.796
316.643	15.949
317.019	16.111
317.392	16.276
317.784	16.441
318.219	16.600
318.732	16.743
319.374	16.860
320.221	16.931
321.381	16.931
322.974	16.830
325.069	16.610
327.575	16.291
330.216	15.940
332.707	15.625
334.965	15.374
337.114	15.165
339.354	14.956
341.822	14.718
344.490	14.448
347.158	14.177
349.576	13.947
351.600	13.783
353.236	13.686
354.575	13.640
355.720	13.628
356.751	13.637
357.711	13.657
358.622	13.686
359.491	13.721
360.321	13.762
361.115	13.808
361.882	13.860
362.637	13.914
363.399	13.969
364.191	14.020
365.039	14.064
365.971	14.096
367.018	14.112
368.211	14.108
369.587	14.077
371.190	14.014
373.070	13.914
375.273	13.771
377.809	13.585
380.597	13.366
383.442	13.138
386.088	12.933
388.326	12.778
390.072	12.684
391.365	12.648
392.305	12.658
393.000	12.702
393.545	12.767
394.010	12.845
394.449	12.929
394.903	13.013
395.403	13.094
395.976	13.167
396.642	13.229
397.418	13.279
398.310	13.314
399.310	13.334
400.400	13.341
401.546	13.340
402.713	13.335
403.868	13.330
404.992	13.328
406.084	13.331
407.162	13.337
408.252	13.342
409.389	13.343
410.596	13.337
411.884	13.320
413.240	13.293
414.629	13.262
415.996	13.230
417.287	13.206
418.461	13.195
419.499	13.200
420.405	13.221
421.202	13.256
421.924	13.302
422.610	13.354
423.302	13.408
424.044	13.457
424.881	13.497
425.863	13.521
427.034	13.524
428.427	13.500
430.046	13.449
431.851	13.374
433.749	13.284
435.615	13.195
437.327	13.120
438.802	13.071
440.013	13.052
440.972	13.061
441.720	13.096
442.303	13.151
442.765	13.222
443.140	13.305
443.457	13.396
443.739	13.493
444.006	13.594
444.276	13.697
444.572	13.798
444.923	13.896
445.372	13.984
445.982	14.056
446.846	14.100
448.083	14.102
449.817	14.045
452.113	13.921
454.875	13.737
457.811	13.525
460.537	13.330
462.777	13.188
464.471	13.108
465.707	13.082
466.631	13.095
467.372	13.131
468.025	13.179
468.654	13.232
469.297	13.285
469.976	13.335
470.699	13.380
471.464	13.421
472.261	13.457
473.072	13.491
473.878	13.525
474.658	13.562
475.395	13.602
476.077	13.649
476.701	13.702
477.267	13.762
477.781	13.829
478.255	13.902
478.700	13.978
479.132	14.058
479.569	14.138
480.035	14.217
480.557	14.291
481.178	14.355
481.951	14.403
482.950	14.426
484.268	14.414
485.990	14.355
488.165	14.244
490.736	14.085
493.515	13.898
496.232	13.715
498.646	13.562
500.642	13.455
502.229	13.394
503.481	13.371
504.491	13.375
505.336	13.399
506.076	13.435
506.750	13.479
507.385	13.528
508.002	13.580
508.613	13.633
509.229	13.686
509.857	13.738
510.502	13.788
511.168	13.837
511.856	13.884
512.564	13.928
513.293	13.970
514.041	14.011
514.807	14.049
515.596	14.085
516.417	14.118
517.290	14.147
518.244	14.167
519.325	14.176
520.594	14.166
522.120	14.130
523.964	14.062
526.145	13.959
528.605	13.826
531.200	13.676
533.734	13.530
536.033	13.406
538.003	13.314
539.639	13.256
540.992	13.227
542.139	13.219
543.150	13.227
544.086	13.243
544.992	13.263
545.901	13.283
546.837	13.302
547.812	13.317
548.836	13.328
549.905	13.334
551.012	13.337
552.143	13.337
553.278	13.335
554.398	13.335
555.485	13.337
556.530	13.343
557.529	13.353
558.488	13.367
559.420	13.384
560.345	13.402
561.286	13.420
562.266	13.434
563.308	13.444
564.428	13.447
565.631	13.442
566.912	13.429
568.249	13.411
569.611	13.390
570.957	13.368
572.251	13.351
573.465	13.340
574.584	13.338
575.608	13.344
576.550	13.357
577.432	13.377
578.279	13.401
579.118	13.427
579.977	13.451
580.880	13.472
581.845	13.489
582.888	13.498
584.014	13.500
585.222	13.495
586.500	13.482
587.827	13.465
589.178	13.445
590.522	13.425
591.831	13.407
593.084	13.394
594.265	13.387
595.367	13.386
596.393	13.392
597.350	13.405
598.254	13.422
599.121	13.443
599.977	13.466
600.846	13.489
601.759	13.509
602.746	13.523
603.835	13.529
605.051	13.525
606.403	13.509
607.884	13.481
609.463	13.444
611.086	13.402
612.689	13.361
614.206	13.324
615.590	13.299
616.814	13.286
617.878	13.286
618.801	13.299
619.616	13.322
620.363	13.352
621.087	13.385
621.838	13.417
622.668	13.445
623.638	13.462
624.814	13.465
626.264	13.446
628.050	13.402
630.202	13.329
632.701	13.228
635.454	13.106
638.308	12.975
641.086	12.848
643.638	12.738
645.879	12.650
647.786	12.588
649.384	12.548
650.717	12.529
651.835	12.526
652.781	12.535
653.591	12.555
654.290	12.583
654.901	12.618
655.439	12.658
655.918	12.703
656.346	12.752
656.733	12.804
657.085	12.860
657.409	12.918
657.710	12.978
657.994	13.040
658.263	13.104
658.523	13.169
658.777	13.235
659.028	13.303
659.280	13.370
659.537	13.438
659.802	13.506
660.080	13.573
660.373	13.640
660.686	13.706
661.025	13.771
661.393	13.833
661.796	13.894
662.239	13.951
662.728	14.005
663.268	14.055
663.862	14.101
664.514	14.142
665.226	14.178
665.996	14.208
666.824	14.234
667.704	14.255
668.630	14.272
669.594	14.285
670.589	14.295
671.608	14.303
672.646	14.310
673.699	14.314
674.765	14.318
675.846	14.321
676.945	14.322
678.068	14.321
679.228	14.317
680.445	14.309
681.754	14.295
683.208	14.270
684.881	14.229
686.863	14.165
689.245	14.071
692.076	13.943
695.310	13.784
698.776	13.606
702.203	13.430
705.320	13.275
707.955	13.155
710.064	13.075
711.703	13.029
712.977	13.012
713.990	13.015
714.836	13.031
715.587	13.055
716.302	13.083
717.026	13.112
717.798	13.138
718.650	13.160
719.612	13.174
720.708	13.180
721.955	13.175
723.360	13.160
724.916	13.134
726.598	13.099
728.368	13.058
730.177	13.013
731.973	12.968
733.706	12.927
735.341	12.891
736.856	12.864
738.241	12.845
739.495	12.834
740.625	12.832
741.641	12.837
742.553	12.849
743.372	12.867
744.106	12.890
744.767	12.919
745.362	12.952
745.898	12.990
746.383	13.030
746.823	13.075
747.225	13.122
747.593	13.171
747.934	13.223
748.251	13.277
748.549	13.333
748.831	13.390
749.102	13.449
749.364	13.509
749.621	13.569
749.878	13.630
750.137	13.692
750.405	13.753
750.688	13.814
750.995	13.874
751.335	13.932
751.725	13.987
752.183	14.038
752.735	14.082
753.417	14.118
754.269	14.143
755.342	14.151
756.688	14.141
758.347	14.107
760.335	14.049
762.621	13.969
765.117	13.872
767.691	13.768
770.195	13.667
772.512	13.579
774.575	13.509
776.375	13.457
777.939	13.423
779.315	13.402
780.552	13.392
781.689	13.389
782.757	13.391
783.774	13.397
784.751	13.406
785.692	13.417
786.596	13.431
787.463	13.447
788.293	13.465
789.089	13.486
789.857	13.508
790.610	13.533
791.362	13.557
792.138	13.581
792.966	13.602
793.883	13.618
794.932	13.626
796.159	13.623
797.610	13.607
799.319	13.574
801.295	13.523
803.506	13.457
805.876	13.379
808.294	13.297
810.633	13.219
812.786	13.151
814.684	13.099
816.306	13.063
817.668	13.044
818.807	13.039
819.769	13.046
820.601	13.061
821.340	13.083
822.020	13.109
822.664	13.137
823.292	13.167
823.916	13.198
824.545	13.228
825.185	13.258
825.837	13.287
826.502	13.316
827.176	13.344
827.855	13.371
828.532	13.399
829.202	13.427
829.855	13.456
830.488	13.486
831.091	13.518
831.660	13.552
832.193	13.588
832.687	13.627
833.141	13.669
833.557	13.713
833.936	13.760
834.282	13.810
834.598	13.862
834.889	13.916
835.158	13.972
835.412	14.029
835.655	14.088
835.893	14.147
836.132	14.208
836.380	14.268
836.644	14.327
836.935	14.385
837.266	14.441
837.654	14.494
838.123	14.542
838.709	14.582
839.463	14.612
840.467	14.626
841.847	14.616
843.787	14.570
846.535	14.474
850.356	14.310
855.387	14.072
861.409	13.771
867.765	13.450
873.609	13.159
878.354	12.934
881.862	12.783
884.314	12.696
885.991	12.656
887.141	12.647
887.945	12.659
888.526	12.685
888.962	12.719
889.303	12.759
889.581	12.804
889.818	12.851
890.027	12.900
890.219	12.950
890.402	13.001
890.581	13.054
890.761	13.106
890.949	13.158
891.148	13.211
891.366	13.262
891.606	13.313
891.877	13.363
892.188	13.411
892.547	13.456
892.965	13.498
893.455	13.537
894.030	13.571
894.703	13.599
895.487	13.622
896.391	13.637
897.417	13.645
898.562	13.645
899.814	13.639
901.146	13.628
902.529	13.613
903.927	13.596
905.301	13.580
906.623	13.567
907.872	13.558
909.038	13.554
910.123	13.554
911.138	13.559
912.102	13.567
913.035	13.578
913.962	13.589
914.907	13.599
915.892	13.608
916.936	13.614
918.054	13.615
919.256	13.612
920.542	13.604
921.910	13.591
923.344	13.574
924.824	13.554
926.324	13.533
927.819	13.511
929.279	13.491
930.683	13.474
932.016	13.461
933.266	13.452
934.431	13.448
935.513	13.448
936.514	13.453
937.445	13.463
938.314	13.476
939.129	13.492
939.900	13.510
940.634	13.531
941.339	13.554
942.021	13.578
942.687	13.603
943.341	13.629
943.990	13.656
944.637	13.682
945.288	13.709
945.948	13.735
946.624	13.761
947.322	13.785
948.052	13.808
948.827	13.829
949.660	13.846
950.574	13.860
951.595	13.867
952.754	13.868
954.088	13.859
955.637	13.838
957.432	13.804
959.493	13.755
961.812	13.692
964.344	13.617
967.008	13.534
969.696	13.449
972.302	13.368
974.741	13.296
976.970	13.235
978.985	13.186
980.823	13.147
982.536	13.116
984.190	13.089
985.844	13.064
987.549	13.037
989.342	13.006
991.232	12.970
993.209	12.931
995.240	12.888
997.270	12.845
999.242	12.804
1001.098	12.768
1002.793	12.739
1004.299	12.719
1005.608	12.707
1006.724	12.705
1007.664	12.712
1008.451	12.725
1009.108	12.745
1009.659	12.771
1010.123	12.801
1010.520	12.834
1010.862	12.870
1011.162	12.909
1011.431	12.950
1011.674	12.992
1011.898	13.035
1012.109	13.079
1012.308	13.124
1012.501	13.170
1012.689	13.216
1012.875	13.263
1013.061	13.310
1013.249	13.357
1013.442	13.405
1013.641	13.452
1013.852	13.499
1014.077	13.546
1014.324	13.592
1014.602	13.636
1014.925	13.679
1015.315	13.719
1015.807	13.755
1016.455	13.783
1017.348	13.801
1018.619	13.801
1020.459	13.774
1023.119	13.710
1026.861	13.594
1031.824	13.421
1037.841	13.196
1044.338	12.947
1050.507	12.710
1055.681	12.517
1059.599	12.381
1062.357	12.298
1064.213	12.258
1065.441	12.246
1066.261	12.255
1066.824	12.275
1067.232	12.303
1067.548	12.336
1067.814	12.372
1068.055	12.409
1068.289	12.447
1068.528	12.484
1068.783	12.522
1069.062	12.559
1069.372	12.595
1069.723	12.629
1070.122	12.662
1070.580	12.692
1071.104	12.720
1071.707	12.744
1072.398	12.765
1073.187	12.782
1074.082	12.794
1075.088	12.802
1076.207	12.804
1077.435	12.802
1078.766	12.795
1080.184	12.784
1081.670	12.770
1083.205	12.754
1084.765	12.736
1086.334	12.717
1087.898	12.699
1089.450	12.681
1090.992	12.664
1092.529	12.647
1094.077	12.631
1095.648	12.613
1097.259	12.595
1098.922	12.574
1100.644	12.551
1102.424	12.526
1104.249	12.499
1106.103	12.470
1107.958	12.442
1109.783	12.414
1111.550	12.388
1113.231	12.366
1114.808	12.347
1116.269	12.333
1117.612	12.324
1118.844	12.319
1119.975	12.318
1121.021	12.321
1122.000	12.327
1122.928	12.335
1123.826	12.344
1124.709	12.354
1125.592	12.364
1126.490	12.374
1127.411	12.384
1128.365	12.392
1129.353	12.398
1130.380	12.404
1131.442	12.407
1132.533	12.410
1133.645	12.411
1134.768	12.412
1135.888	12.413
1136.992	12.414
1138.068	12.417
1139.102	12.420
1140.085	12.426
1141.010	12.433
1141.873	12.443
1142.670	12.456
1143.402	12.471
1144.071	12.489
1144.680	12.509
1145.234	12.531
1145.739	12.555
1146.198	12.582
1146.619	12.610
1147.005	12.639
1147.363	12.670
1147.698	12.702
1148.012	12.735
1148.312	12.769
1148.600	12.804
1148.881	12.839
1149.159	12.874
1149.437	12.910
1149.719	12.945
1150.008	12.981
1150.310	13.016
1150.628	13.051
1150.969	13.085
1151.337	13.118
1151.740	13.149
1152.187	13.179
1152.684	13.208
1153.243	13.233
1153.876	13.256
1154.595	13.275
1155.413	13.290
1156.344	13.301
1157.400	13.306
1158.590	13.305
1159.918	13.298
1161.382	13.285
1162.969	13.267
1164.659	13.244
1166.419	13.218
1168.207	13.189
1169.983	13.161
1171.703	13.135
1173.331	13.112
1174.839	13.094
1176.209	13.082
1177.434	13.076
1178.517	13.076
1179.464	13.082
1180.288	13.093
1181.004	13.108
1181.625	13.128
1182.169	13.152
1182.646	13.178
1183.070	13.207
1183.453	13.238
1183.803	13.271
1184.131	13.305
1184.445	13.339
1184.754	13.375
1185.064	13.410
1185.385	13.445
1185.725	13.480
1186.092	13.514
1186.498	13.546
1186.953	13.576
1187.469	13.604
1188.060	13.629
1188.740	13.650
1189.526	13.667
1190.430	13.678
1191.469	13.684
1192.652	13.683
1193.986	13.676
1195.468	13.662
1197.092	13.641
1198.835	13.615
1200.669	13.584
1202.560	13.551
1204.468	13.516
1206.353	13.483
1208.182	13.451
1209.927	13.423
1211.571	13.399
1213.104	13.380
1214.520	13.366
1215.825	13.357
1217.020	13.352
1218.119	13.352
1219.124	13.355
1220.049	13.363
1220.900	13.373
1221.686	13.386
1222.414	13.402
1223.092	13.420
1223.726	13.440
1224.323	13.462
1224.889	13.485
1225.430	13.510
1225.950	13.535
1226.456	13.561
1226.953	13.588
1227.445	13.615
1227.939	13.642
1228.440	13.669
1228.958	13.696
1229.501	13.721
1230.081	13.746
1230.717	13.768
1231.433	13.787
1232.261	13.801
1233.250	13.810
1234.464	13.809
1235.989	13.797
1237.930	13.767
1240.404	13.717
1243.518	13.640
1247.321	13.536
1251.755	13.407
1256.623	13.259
1261.604	13.106
1266.342	12.962
1270.557	12.838
1274.105	12.740
1276.973	12.668
1279.241	12.621
1281.024	12.592
1282.438	12.578
1283.583	12.575
1284.533	12.580
1285.349	12.590
1286.070	12.604
1286.727	12.620
1287.341	12.638
1287.926	12.658
1288.494	12.678
1289.055	12.699
1289.614	12.720
1290.178	12.740
1290.751	12.761
1291.336	12.781
1291.935	12.801
1292.552	12.820
1293.186	12.838
1293.839	12.856
1294.508	12.874
1295.195	12.890
1295.895	12.906
1296.606	12.922
1297.324	12.938
1298.047	12.953
1298.769	12.968
1299.487	12.983
1300.195	12.999
1300.891	13.015
1301.572	13.031
1302.235	13.049
1302.878	13.067
1303.501	13.086
1304.102	13.105
1304.683	13.126
1305.245	13.147
1305.788	13.169
1306.317	13.192
1306.831	13.215
1307.336	13.239
1307.832	13.263
1308.325	13.287
1308.814	13.312
1309.306	13.337
1309.801	13.361
1310.306	13.386
1310.821	13.410
1311.355	13.433
1311.911	13.456
1312.499	13.478
1313.131	13.498
1313.825	13.516
1314.608	13.531
1315.520	13.541
1316.618	13.545
1317.988	13.539
1319.744	13.520
1322.033	13.483
1325.018	13.420
1328.846	13.328
1333.568	13.203
1339.055	13.051
1344.981	12.882
1350.839	12.715
1356.163	12.564
1360.622	12.444
1364.126	12.356
1366.743	12.299
1368.637	12.268
1369.982	12.256
1370.934	12.258
1371.610	12.270
1372.101	12.289
1372.466	12.313
1372.748	12.339
1372.975	12.368
1373.165	12.398
1373.333	12.430
1373.486	12.461
1373.630	12.494
1373.771	12.527
1373.911	12.560
1374.052	12.593
1374.198	12.626
1374.350	12.659
1374.509	12.692
1374.678	12.724
1374.858	12.757
1375.052	12.789
1375.262	12.821
1375.490	12.853
1375.739	12.884
1376.013	12.914
1376.315	12.943
1376.649	12.971
1377.021	12.999
1377.436	13.025
1377.899	13.049
1378.418	13.071
1379.001	13.092
1379.658	13.109
1380.396	13.125
1381.229	13.136
1382.166	13.145
1383.220	13.149
1384.408	13.149
1385.742	13.143
1387.235	13.132
1388.901	13.115
1390.754	13.092
1392.797	13.063
1395.035	13.026
1397.459	12.984
1400.053	12.935
1402.786	12.882
1405.614	12.826
1408.484	12.769
1411.334	12.712
1414.103	12.657
1416.735	12.607
1419.187	12.563
1421.425	12.525
1423.437	12.495
1425.218	12.472
1426.775	12.457
1428.129	12.448
1429.293	12.446
1430.295	12.448
1431.152	12.455
1431.888	12.467
1432.519	12.482
1433.063	12.499
1433.534	12.520
1433.943	12.542
1434.301	12.566
1434.616	12.592
1434.897	12.619
1435.148	12.647
1435.376	12.676
1435.584	12.705
1435.777	12.736
1435.957	12.767
1436.128	12.798
1436.291	12.830
1436.449	12.862
1436.604	12.895
1436.757	12.927
1436.911	12.960
1437.066	12.993
1437.225	13.026
1437.389	13.059
1437.559	13.092
1437.737	13.124
1437.923	13.157
1438.120	13.189
1438.329	13.221
1438.552	13.253
1438.788	13.285
1439.042	13.316
1439.312	13.346
1439.602	13.376
1439.912	13.405
1440.244	13.434
1440.599	13.462
1440.978	13.489
1441.383	13.516
1441.814	13.541
1442.272	13.565
1442.759	13.589
1443.274	13.612
1443.818	13.633
1444.392	13.654
1444.997	13.673
1445.630	13.691
1446.296	13.709
1446.993	13.725
1447.719	13.740
1448.479	13.753
1449.268	13.766
1450.090	13.777
1450.942	13.788
1451.826	13.797
1452.738	13.805
1453.678	13.811
1454.642	13.817
1455.627	13.822
1456.629	13.827
1457.640	13.831
1458.656	13.834
1459.669	13.838
1460.669	13.842
1461.653	13.847
1462.609	13.852
1463.534	13.859
1464.420	13.867
1465.266	13.876
1466.066	13.888
1466.820	13.901
1467.527	13.915
1468.187	13.932
1468.803	13.950
1469.377	13.970
1469.911	13.992
1470.409	14.015
1470.873	14.039
1471.309	14.065
1471.719	14.091
1472.106	14.119
1472.476	14.148
1472.830	14.177
1473.174	14.207
1473.512	14.237
1473.851	14.267
1474.195	14.298
1474.555	14.328
1474.940	14.357
1475.368	14.385
1475.859	14.410
1476.442	14.433
1477.160	14.451
1478.066	14.461
1479.239	14.462
1480.772	14.450
1482.779	14.421
1485.381	14.369
1488.670	14.291
1492.676	14.187
1497.305	14.059
1502.327	13.916
1507.416	13.770
1512.226	13.633
1516.507	13.516
1520.136	13.422
1523.119	13.352
1525.531	13.303
1527.482	13.271
1529.079	13.252
1530.409	13.242
1531.544	13.240
1532.532	13.243
1533.411	13.250
1534.209	13.260
1534.942	13.272
1535.625	13.286
1536.269	13.302
1536.882	13.318
1537.470	13.336
1538.039	13.354
1538.595	13.373
1539.139	13.392
1539.677	13.412
1540.208	13.431
1540.737	13.451
1541.264	13.471
1541.789	13.492
1542.314	13.512
1542.838	13.532
1543.360	13.552
1543.880	13.573
1544.397	13.594
1544.911	13.614
1545.418	13.635
1545.920	13.656
1546.414	13.678
1546.899	13.700
1547.375	13.722
1547.840	13.745
1548.294	13.768
1548.737	13.791
1549.168	13.815
1549.587	13.840
1549.994	13.865
1550.391	13.890
1550.776	13.916
1551.151	13.942
1551.515	13.969
1551.871	13.996
1552.219	14.024
1552.560	14.052
1552.894	14.080
1553.222	14.109
1553.546	14.138
1553.866	14.167
1554.183	14.196
1554.499	14.226
1554.814	14.255
1555.129	14.285
1555.446	14.315
1555.765	14.345
1556.088	14.374
1556.417	14.404
1556.751	14.434
1557.094	14.463
1557.448	14.492
1557.813	14.521
1558.194	14.549
1558.591	14.576
1559.010	14.603
1559.452	14.630
1559.922	14.655
1560.424	14.679
1560.963	14.701
1561.544	14.722
1562.174	14.742
1562.858	14.759
1563.603	14.774
1564.417	14.786
1565.306	14.795
1566.278	14.801
1567.338	14.804
1568.493	14.802
1569.747	14.797
1571.099	14.788
1572.550	14.775
1574.094	14.758
1575.721	14.738
1577.419	14.715
1579.167	14.690
1580.945	14.664
1582.729	14.637
1584.494	14.611
1586.215	14.586
1587.870	14.564
1589.442	14.545
1590.917	14.529
1592.287	14.518
1593.549	14.510
1594.702	14.507
1595.753	14.508
1596.705	14.512
1597.568	14.520
1598.351	14.531
1599.064	14.545
1599.714	14.562
1600.313	14.580
1600.868	14.600
1601.388	14.622
1601.880	14.645
1602.350	14.669
1602.807	14.694
1603.256	14.719
1603.704	14.744
1604.158	14.769
1604.625	14.794
1605.113	14.818
1605.633	14.841
1606.193	14.863
1606.809	14.882
1607.497	14.899
1608.275	14.913
1609.168	14.922
1610.201	14.927
1611.404	14.925
1612.807	14.915
1614.436	14.897
1616.309	14.869
1618.428	14.832
1620.772	14.786
1623.297	14.732
1625.929	14.675
1628.580	14.615
1631.159	14.559
1633.581	14.507
1635.787	14.464
1637.743	14.430
1639.443	14.405
1640.898	14.390
1642.133	14.382
1643.181	14.383
1644.074	14.388
1644.843	14.399
1645.514	14.414
1646.111	14.432
1646.652	14.451
1647.153	14.473
1647.627	14.496
1648.082	14.519
1648.526	14.543
1648.967	14.567
1649.406	14.592
1649.851	14.616
1650.302	14.640
1650.761	14.664
1651.231	14.688
1651.711	14.711
1652.203	14.734
1652.706	14.757
1653.219	14.779
1653.742	14.801
1654.274	14.822
1654.812	14.844
1655.356	14.865
1655.906	14.886
1656.456	14.907
1657.009	14.927
1657.562	14.948
1658.115	14.969
1658.669	14.990
1659.221	15.011
1659.775	15.032
1660.331	15.053
1660.891	15.074
1661.457	15.094
1662.032	15.115
1662.620	15.135
1663.224	15.154
1663.850	15.173
1664.501	15.191
1665.184	15.207
1665.904	15.222
1666.667	15.236
1667.482	15.247
1668.356	15.257
1669.299	15.263
1670.321	15.267
1671.437	15.267
1672.660	15.263
1674.005	15.254
1675.491	15.240
1677.131	15.220
1678.937	15.194
1680.916	15.161
1683.060	15.121
1685.350	15.076
1687.750	15.027
1690.210	14.975
1692.674	14.923
1695.076	14.873
1697.363	14.827
1699.492	14.786
1701.435	14.753
1703.186	14.727
1704.748	14.708
1706.139	14.695
1707.382	14.689
1708.505	14.686
1709.534	14.688
1710.497	14.692
1711.422	14.698
1712.332	14.705
1713.253	14.712
1714.214	14.717
1715.249	14.720
1716.412	14.720
1717.782	14.713
1719.494	14.696
1721.772	14.661
1724.969	14.599
1729.599	14.495
1736.269	14.329
1745.413	14.090
1756.793	13.784
1769.153	13.448
1780.649	13.137
1789.885	12.892
1796.472	12.725
1800.793	12.625
1803.487	12.573
1805.124	12.553
1806.110	12.552
1806.708	12.563
1807.077	12.581
1807.312	12.603
1807.467	12.627
1807.576	12.653
1807.656	12.680
1807.720	12.707
1807.774	12.735
1807.822	12.763
1807.866	12.791
1807.907	12.820
1807.947	12.848
1807.985	12.877
1808.024	12.906
1808.062	12.935
1808.100	12.964
1808.138	12.993
1808.176	13.023
1808.215	13.052
1808.254	13.082
1808.294	13.112
1808.335	13.141
1808.377	13.171
1808.421	13.201
1808.466	13.231
1808.514	13.261
1808.564	13.291
1808.618	13.321
1808.676	13.352
1808.739	13.382
1808.807	13.412
1808.883	13.442
1808.969	13.472
1809.067	13.501
1809.179	13.531
1809.308	13.560
1809.461	13.588
1809.640	13.616
1809.853	13.643
1810.109	13.669
1810.415	13.694
1810.786	13.717
1811.236	13.738
1811.778	13.756
1812.436	13.771
1813.228	13.782
1814.177	13.789
1815.307	13.790
1816.633	13.786
1818.175	13.775
1819.934	13.758
1821.903	13.735
1824.059	13.706
1826.361	13.672
1828.755	13.635
1831.180	13.597
1833.569	13.560
1835.867	13.525
1838.026	13.494
1840.020	13.467
1841.835	13.446
1843.474	13.430
1844.949	13.418
1846.278	13.411
1847.486	13.408
1848.594	13.407
1849.623	13.409
1850.591	13.413
1851.516	13.418
1852.407	13.424
1853.276	13.431
1854.129	13.438
1854.967	13.446
1855.795	13.454
1856.616	13.463
1857.422	13.471
1858.219	13.480
1859.003	13.490
1859.768	13.500
1860.516	13.510
1861.244	13.521
1861.948	13.532
1862.628	13.544
1863.284	13.557
1863.912	13.571
1864.515	13.585
1865.091	13.600
1865.641	13.616
1866.166	13.633
1866.668	13.650
1867.146	13.669
1867.603	13.687
1868.041	13.707
1868.458	13.727
1868.860	13.747
1869.248	13.768
1869.620	13.790
1869.980	13.812
1870.331	13.834
1870.672	13.857
1871.006	13.880
1871.335	13.903
1871.659	13.926
1871.981	13.950
1872.303	13.973
1872.626	13.997
1872.955	14.021
1873.289	14.044
1873.635	14.067
1873.995	14.090
1874.374	14.113
1874.778	14.135
1875.214	14.156
1875.689	14.175
1876.218	14.194
1876.812	14.210
1877.488	14.225
1878.269	14.236
1879.179	14.243
1880.249	14.246
1881.517	14.243
1883.022	14.233
1884.809	14.215
1886.918	14.188
1889.385	14.150
1892.225	14.101
1895.429	14.042
1898.950	13.973
1902.705	13.898
1906.582	13.818
1910.447	13.739
1914.169	13.664
1917.644	13.595
1920.797	13.536
1923.595	13.487
1926.032	13.448
1928.125	13.419
1929.908	13.399
1931.419	13.386
1932.693	13.380
1933.770	13.379
1934.681	13.384
1935.452	13.392
1936.109	13.403
1936.669	13.417
1937.148	13.434
1937.561	13.452
1937.919	13.472
1938.230	13.494
1938.503	13.516
1938.745	13.540
1938.959	13.564
1939.152	13.589
1939.328	13.615
1939.489	13.641
1939.639	13.668
1939.780	13.695
1939.915	13.722
1940.046	13.750
1940.176	13.777
1940.305	13.805
1940.437	13.833
1940.574	13.861
1940.719	13.888
1940.874	13.916
1941.043	13.943
1941.229	13.970
1941.438	13.996
1941.676	14.022
1941.949	14.047
1942.264	14.070
1942.631	14.093
1943.063	14.113
1943.569	14.132
1944.166	14.148
1944.870	14.161
1945.695	14.170
1946.662	14.176
1947.788	14.177
1949.081	14.173
1950.556	14.164
1952.211	14.150
1954.036	14.130
1956.015	14.106
1958.114	14.078
1960.293	14.047
1962.507	14.016
1964.703	13.984
1966.842	13.954
1968.883	13.927
1970.802	13.903
1972.584	13.883
1974.225	13.866
1975.728	13.854
1977.104	13.846
1978.367	13.841
1979.533	13.838
1980.614	13.839
1981.623	13.841
1982.574	13.845
1983.476	13.850
1984.335	13.857
1985.155	13.865
1985.944	13.874
1986.703	13.883
1987.432	13.894
1988.135	13.905
1988.812	13.917
1989.461	13.929
1990.085	13.943
1990.686	13.957
1991.260	13.972
1991.813	13.987
1992.344	14.003
1992.856	14.020
1993.349	14.037
1993.828	14.055
1994.295	14.073
1994.750	14.092
1995.200	14.111
1995.647	14.130
1996.093	14.149
1996.544	14.168
1997.003	14.187
1997.474	14.205
1997.961	14.223
1998.471	14.241
1999.007	14.258
1999.575	14.274
2000.182	14.289
2000.835	14.303
2001.538	14.315
2002.303	14.325
2003.140	14.334
2004.053	14.340
2005.059	14.344
2006.169	14.345
2007.392	14.343
2008.745	14.337
2010.239	14.326
2011.884	14.312
2013.690	14.293
2015.657	14.270
2017.787	14.241
2020.062	14.209
2022.466	14.173
2024.970	14.134
2027.535	14.093
2030.118	14.052
2032.679	14.011
2035.178	13.972
2037.575	13.936
2039.851	13.903
2041.986	13.874
2043.969	13.849
2045.808	13.828
2047.504	13.811
2049.067	13.798
2050.512	13.788
2051.851	13.781
2053.098	13.777
2054.266	13.775
2055.367	13.775
2056.411	13.776
2057.407	13.779
2058.364	13.783
2059.289	13.788
2060.188	13.793
2061.067	13.799
2061.929	13.806
2062.778	13.813
2063.616	13.820
2064.447	13.827
2065.272	13.835
2066.090	13.843
2066.902	13.851
2067.709	13.859
2068.507	13.867
2069.297	13.876
2070.074	13.885
2070.837	13.894
2071.583	13.903
2072.310	13.914
2073.014	13.924
2073.693	13.936
2074.346	13.948
2074.969	13.961
2075.562	13.974
2076.123	13.989
2076.651	14.004
2077.146	14.021
2077.609	14.038
2078.041	14.056
2078.442	14.075
2078.813	14.095
2079.156	14.116
2079.475	14.138
2079.769	14.160
2080.041	14.183
2080.294	14.207
2080.531	14.231
2080.753	14.255
2080.964	14.280
2081.169	14.306
2081.370	14.331
2081.572	14.357
2081.781	14.382
2082.004	14.408
2082.250	14.433
2082.532	14.457
2082.863	14.479
2083.263	14.500
2083.757	14.519
2084.377	14.534
2085.164	14.545
2086.164	14.550
2087.436	14.548
2089.044	14.537
2091.051	14.514
2093.497	14.480
2096.415	14.432
2099.782	14.371
2103.501	14.301
2107.450	14.223
2111.449	14.143
2115.299	14.067
2118.856	13.999
2122.011	13.941
2124.723	13.895
2127.004	13.862
2128.898	13.838
2130.472	13.824
2131.795	13.817
2132.934	13.815
2133.948	13.816
2134.891	13.820
2135.805	13.825
2136.731	13.831
2137.704	13.835
2138.756	13.837
2139.922	13.837
2141.230	13.833
2142.719	13.825
2144.421	13.812
2146.371	13.793
2148.603	13.767
2151.143	13.734
2154.007	13.693
2157.196	13.644
2160.695	13.588
2164.446	13.526
2168.383	13.459
2172.414	13.390
2176.428	13.322
2180.320	13.256
2184.003	13.195
2187.403	13.141
2190.480	13.094
2193.214	13.056
2195.612	13.025
2197.693	13.001
2199.482	12.985
2201.019	12.974
2202.333	12.968
2203.458	12.967
2204.426	12.970
2205.260	12.975
2205.983	12.983
2206.617	12.994
2207.176	13.006
2207.674	13.019
2208.122	13.034
2208.529	13.050
2208.903	13.066
2209.250	13.083
2209.576	13.101
2209.884	13.119
2210.178	13.138
2210.459	13.157
2210.733	13.176
2210.998	13.195
2211.257	13.215
2211.511	13.235
2211.761	13.255
2212.008	13.275
2212.251	13.295
2212.493	13.315
2212.731	13.336
2212.968	13.356
2213.203	13.377
2213.436	13.397
2213.667	13.418
2213.896	13.439
2214.123	13.460
2214.349	13.481
2214.573	13.502
2214.794	13.523
2215.014	13.545
2215.232	13.566
2215.448	13.588
2215.663	13.609
2215.875	13.631
2216.087	13.653
2216.297	13.675
2216.506	13.697
2216.713	13.719
2216.921	13.741
2217.129	13.764
2217.336	13.786
2217.546	13.808
2217.759	13.831
2217.976	13.853
2218.200	13.875
2218.434	13.897
2218.684	13.919
2218.956	13.940
2219.261	13.961
2219.616	13.980
2220.045	13.998
