<j>	<F>
1.026	23.252
2.514	14.941
3.093	22.603
5.012	12.231
5.750	14.223
6.268	21.440
8.280	12.597
8.858	15.125
9.346	21.077
10.836	16.536
11.179	22.386
13.092	20.111
15.660	11.586
16.545	11.891
17.200	12.909
17.655	14.718
17.951	17.767
18.204	22.538
18.890	25.896
20.486	22.769
22.095	18.638
22.963	19.506
23.894	19.533
24.376	22.172
25.876	21.470
28.283	16.582
29.936	14.738
30.597	15.150
30.855	16.996
31.048	19.545
31.294	22.612
31.926	24.805
33.598	22.521
34.940	20.613
35.575	21.977
36.790	21.712
37.979	20.742
38.785	21.633
40.675	19.883
42.642	17.322
43.550	17.255
43.928	18.477
44.170	20.373
44.765	21.964
47.186	19.595
49.402	16.479
49.826	17.238
49.989	18.835
50.145	20.730
50.379	22.761
50.949	24.284
52.902	22.604
55.419	18.918
56.312	18.907
57.287	19.296
59.132	18.198
60.798	17.065
61.771	17.037
62.431	17.488
62.854	18.320
63.152	19.477
63.524	20.687
64.208	21.456
65.260	21.452
66.279	21.393
67.307	21.483
69.171	20.570
73.382	17.121
77.041	14.114
78.058	13.854
78.402	14.356
78.638	15.023
78.854	15.769
79.078	16.574
79.333	17.417
79.641	18.269
80.011	19.103
80.432	19.918
80.974	20.674
82.489	20.607
87.702	16.970
92.368	13.757
94.723	12.978
96.762	12.499
98.314	12.217
99.288	12.211
99.893	12.403
100.314	12.705
100.639	13.075
100.904	13.497
101.123	13.969
101.307	14.492
101.462	15.068
101.596	15.698
101.717	16.386
101.834	17.130
101.973	17.920
102.198	18.708
102.704	19.330
103.975	19.325
106.339	18.257
108.531	17.158
109.726	16.921
110.514	17.105
111.408	17.293
112.956	17.124
115.738	16.176
118.793	14.915
120.486	14.388
121.122	14.520
121.380	14.920
121.533	15.420
121.653	15.973
121.764	16.569
121.875	17.203
122.000	17.870
122.159	18.557
122.394	19.231
122.777	19.826
123.431	20.223
124.495	20.271
126.020	19.912
127.924	19.248
129.976	18.473
131.714	17.904
132.868	17.751
133.611	17.917
134.219	18.216
134.903	18.496
135.841	18.625
137.209	18.481
139.193	17.966
141.809	17.087
144.402	16.189
146.152	15.727
147.096	15.715
147.664	15.936
148.144	16.232
148.680	16.521
149.372	16.747
150.323	16.850
151.613	16.777
153.165	16.546
154.680	16.298
155.879	16.189
156.739	16.256
157.402	16.438
158.016	16.663
158.691	16.874
159.524	17.018
160.621	17.041
162.048	16.898
163.705	16.623
165.303	16.351
166.601	16.208
167.603	16.213
168.464	16.301
169.349	16.396
170.364	16.438
171.513	16.414
172.686	16.362
173.740	16.349
174.609	16.416
175.321	16.559
175.950	16.750
176.564	16.957
177.217	17.154
177.946	17.321
178.777	17.441
179.710	17.510
180.714	17.540
181.736	17.555
182.736	17.577
183.695	17.618
184.605	17.679
185.442	17.772
186.177	17.912
186.798	18.109
187.326	18.360
187.825	18.640
188.402	18.901
189.242	19.052
190.618	18.952
192.717	18.492
195.206	17.816
197.413	17.261
199.139	16.946
200.601	16.773
202.004	16.643
203.495	16.500
205.307	16.274
207.760	15.863
210.905	15.239
214.118	14.580
216.643	14.121
218.348	13.909
219.493	13.866
220.322	13.918
220.968	14.024
221.502	14.165
221.968	14.328
222.400	14.506
222.825	14.691
223.263	14.878
223.727	15.061
224.227	15.237
224.772	15.403
225.377	15.555
226.073	15.684
226.922	15.773
228.011	15.795
229.427	15.721
231.154	15.547
232.990	15.324
234.618	15.143
235.834	15.072
236.645	15.120
237.184	15.258
237.613	15.443
238.119	15.627
239.005	15.735
240.828	15.629
244.275	15.124
249.046	14.259
253.204	13.491
255.597	13.126
256.714	13.069
257.244	13.159
257.542	13.311
257.746	13.491
257.907	13.686
258.045	13.891
258.168	14.105
258.281	14.328
258.386	14.559
258.486	14.797
258.583	15.043
258.677	15.297
258.770	15.558
258.863	15.827
258.959	16.103
259.060	16.386
259.169	16.675
259.294	16.968
259.450	17.262
259.672	17.546
260.054	17.794
260.827	17.938
262.503	17.828
265.725	17.255
270.068	16.309
273.599	15.549
275.486	15.253
276.349	15.262
276.806	15.400
277.149	15.581
277.494	15.770
277.894	15.951
278.380	16.113
278.967	16.251
279.654	16.361
280.420	16.449
281.225	16.523
282.029	16.594
282.804	16.673
283.547	16.762
284.276	16.856
285.020	16.949
285.799	17.033
286.613	17.106
287.440	17.173
288.239	17.245
288.972	17.335
289.616	17.450
290.166	17.595
290.638	17.766
291.054	17.960
291.438	18.168
291.814	18.384
292.204	18.600
292.625	18.811
293.090	19.010
293.603	19.195
294.154	19.368
294.723	19.534
295.283	19.703
295.807	19.885
296.282	20.087
296.716	20.309
297.134	20.544
297.582	20.774
298.132	20.973
298.891	21.099
300.023	21.091
301.783	20.857
304.500	20.298
308.391	19.384
313.397	18.223
319.391	16.950
325.757	15.714
330.993	14.785
334.294	14.286
336.099	14.105
337.072	14.096
337.629	14.174
337.976	14.296
338.213	14.444
338.390	14.607
338.535	14.780
338.666	14.960
338.793	15.145
338.925	15.333
339.067	15.524
339.227	15.715
339.413	15.904
339.633	16.091
339.896	16.272
340.215	16.444
340.601	16.605
341.064	16.749
341.610	16.876
342.238	16.985
342.940	17.075
343.702	17.150
344.519	17.213
345.408	17.260
346.420	17.281
347.647	17.256
349.184	17.162
351.044	16.991
353.063	16.773
354.936	16.576
356.410	16.462
357.427	16.449
358.079	16.522
358.501	16.654
358.812	16.818
359.107	16.994
359.474	17.161
360.019	17.295
360.881	17.364
362.240	17.328
364.231	17.150
366.794	16.840
369.573	16.474
372.120	16.153
374.196	15.931
375.804	15.807
377.042	15.761
378.001	15.771
378.755	15.823
379.371	15.905
379.924	16.005
380.507	16.105
381.251	16.182
382.347	16.203
384.034	16.121
386.479	15.902
389.519	15.565
392.549	15.211
394.944	14.957
396.504	14.844
397.402	14.850
397.891	14.932
398.157	15.059
398.310	15.209
398.408	15.374
398.478	15.547
398.535	15.727
398.587	15.911
398.637	16.100
398.689	16.292
398.745	16.487
398.809	16.685
398.887	16.884
398.986	17.083
399.119	17.280
399.306	17.470
399.575	17.647
399.968	17.801
400.540	17.920
401.351	17.988
402.439	17.994
403.783	17.939
405.268	17.846
406.720	17.752
407.987	17.693
409.009	17.687
409.807	17.733
410.440	17.817
410.969	17.927
411.441	18.054
411.886	18.188
412.325	18.327
412.773	18.465
413.242	18.600
413.740	18.730
414.271	18.853
414.835	18.969
415.420	19.080
416.008	19.190
416.578	19.304
417.105	19.428
417.573	19.568
417.973	19.726
418.309	19.903
418.591	20.097
418.837	20.306
419.069	20.523
419.325	20.738
419.672	20.937
420.256	21.081
421.439	21.084
423.995	20.755
428.755	19.885
434.625	18.724
438.883	17.925
440.975	17.635
441.869	17.632
442.275	17.748
442.497	17.911
442.652	18.094
442.786	18.286
442.921	18.482
443.071	18.678
443.247	18.872
443.466	19.060
443.749	19.238
444.132	19.397
444.668	19.524
445.432	19.601
446.512	19.608
447.973	19.525
449.780	19.359
451.752	19.147
453.639	18.949
455.302	18.804
456.872	18.695
458.838	18.539
462.156	18.169
467.907	17.400
475.600	16.320
482.666	15.368
487.694	14.771
491.107	14.436
493.495	14.251
495.157	14.162
496.272	14.144
496.995	14.176
497.454	14.244
497.747	14.335
497.937	14.441
498.066	14.557
498.159	14.680
498.231	14.807
498.289	14.939
498.339	15.074
498.384	15.212
498.425	15.352
498.463	15.495
498.499	15.641
498.533	15.789
498.566	15.940
498.597	16.094
498.628	16.250
498.657	16.409
498.686	16.570
498.715	16.735
498.742	16.902
498.770	17.072
498.798	17.245
498.826	17.421
498.855	17.600
498.885	17.782
498.917	17.966
498.955	18.152
499.003	18.341
499.074	18.528
499.201	18.710
499.469	18.873
500.103	18.979
501.656	18.937
505.192	18.566
511.493	17.723
518.730	16.697
523.815	16.009
526.409	15.731
527.677	15.676
528.423	15.709
528.979	15.776
529.465	15.854
529.921	15.938
530.370	16.025
530.826	16.111
531.303	16.196
531.813	16.277
532.370	16.352
532.981	16.420
533.648	16.481
534.364	16.533
535.115	16.581
535.883	16.625
536.646	16.669
537.392	16.715
538.122	16.764
538.857	16.814
539.642	16.859
540.546	16.890
541.661	16.892
543.080	16.852
544.856	16.761
546.943	16.622
549.168	16.459
551.285	16.306
553.098	16.192
554.536	16.129
555.638	16.115
556.494	16.137
557.198	16.183
557.823	16.241
558.421	16.305
559.024	16.369
559.651	16.431
560.306	16.489
560.988	16.543
561.683	16.595
562.375	16.647
563.046	16.702
563.678	16.761
564.259	16.828
564.782	16.904
565.249	16.988
565.671	17.079
566.064	17.177
566.456	17.277
566.889	17.373
567.427	17.457
568.168	17.515
569.256	17.526
570.864	17.465
573.131	17.309
576.000	17.064
579.118	16.776
581.976	16.517
584.231	16.338
585.849	16.248
586.987	16.226
587.835	16.248
588.550	16.292
589.252	16.341
590.045	16.382
591.043	16.401
592.390	16.380
594.250	16.299
596.757	16.142
599.880	15.909
603.314	15.635
606.559	15.376
609.196	15.183
611.093	15.074
612.349	15.039
613.143	15.059
613.640	15.115
613.955	15.194
614.163	15.287
614.310	15.388
614.422	15.496
614.517	15.607
614.606	15.720
614.697	15.835
614.797	15.950
614.915	16.065
615.059	16.178
615.242	16.288
615.479	16.394
615.788	16.492
616.192	16.579
616.719	16.653
617.392	16.708
618.229	16.743
619.230	16.757
620.368	16.751
621.586	16.733
622.809	16.712
623.955	16.698
624.968	16.699
625.818	16.721
626.504	16.765
627.048	16.827
627.478	16.905
627.821	16.997
628.103	17.097
628.343	17.205
628.555	17.318
628.750	17.435
628.933	17.555
629.111	17.678
629.286	17.802
629.460	17.927
629.635	18.054
629.814	18.182
629.996	18.310
630.185	18.440
630.384	18.569
630.597	18.697
630.833	18.824
631.108	18.947
631.449	19.061
631.911	19.160
632.598	19.227
633.708	19.235
635.576	19.135
638.611	18.866
642.940	18.408
647.873	17.855
652.183	17.383
655.194	17.091
657.052	16.962
658.188	16.937
658.955	16.967
659.575	17.020
660.198	17.077
660.943	17.122
661.937	17.141
663.314	17.115
665.198	17.030
667.621	16.879
670.444	16.678
673.337	16.462
675.928	16.277
677.988	16.151
679.484	16.089
680.512	16.083
681.201	16.116
681.662	16.178
681.975	16.258
682.193	16.351
682.349	16.452
682.464	16.560
682.551	16.672
682.619	16.788
682.675	16.907
682.722	17.029
682.763	17.153
682.800	17.278
682.835	17.406
682.869	17.535
682.904	17.666
682.940	17.799
682.980	17.932
683.026	18.067
683.082	18.202
683.156	18.336
683.268	18.468
683.467	18.591
683.883	18.691
684.836	18.730
687.074	18.620
691.899	18.205
700.038	17.389
709.113	16.444
715.528	15.798
718.837	15.515
720.410	15.439
721.283	15.448
721.931	15.487
722.536	15.533
723.163	15.577
723.831	15.618
724.540	15.655
725.279	15.689
726.031	15.721
726.775	15.753
727.490	15.788
728.158	15.827
728.765	15.871
729.303	15.923
729.767	15.982
730.161	16.048
730.491	16.122
730.762	16.202
730.986	16.289
731.171	16.380
731.324	16.476
731.457	16.575
731.577	16.677
731.695	16.780
731.824	16.884
731.980	16.986
732.190	17.084
732.490	17.173
732.937	17.249
733.610	17.301
734.614	17.318
736.056	17.288
738.004	17.201
740.408	17.060
743.047	16.889
745.591	16.723
747.754	16.594
749.416	16.519
750.614	16.494
751.467	16.509
752.111	16.549
752.667	16.602
753.241	16.655
753.930	16.699
754.835	16.723
756.053	16.717
757.664	16.671
759.682	16.583
762.014	16.460
764.453	16.323
766.743	16.196
768.682	16.102
770.189	16.049
771.294	16.037
772.080	16.057
772.645	16.102
773.071	16.161
773.425	16.230
773.756	16.302
774.103	16.374
774.499	16.443
774.972	16.505
775.547	16.557
776.246	16.598
777.081	16.625
778.054	16.638
779.144	16.638
780.312	16.629
781.504	16.616
782.659	16.606
783.725	16.603
784.668	16.612
785.476	16.635
786.160	16.670
786.744	16.717
787.266	16.771
787.767	16.828
788.299	16.884
788.915	16.933
789.678	16.969
790.651	16.985
791.888	16.974
793.420	16.934
795.237	16.863
797.282	16.770
799.493	16.660
801.854	16.538
804.459	16.399
807.527	16.227
811.313	16.001
815.894	15.710
820.929	15.382
825.713	15.071
829.609	14.830
832.392	14.679
834.210	14.607
835.347	14.592
836.055	14.613
836.514	14.656
836.831	14.711
837.071	14.774
837.269	14.841
837.444	14.910
837.607	14.981
837.765	15.053
837.919	15.126
838.073	15.199
838.227	15.274
838.382	15.348
838.536	15.424
838.692	15.499
838.848	15.576
839.004	15.653
839.160	15.731
839.316	15.809
839.473	15.888
839.629	15.967
839.785	16.048
839.942	16.128
840.100	16.210
840.261	16.292
840.426	16.374
840.598	16.456
840.780	16.538
840.979	16.620
841.200	16.700
841.453	16.778
841.752	16.852
842.110	16.922
842.549	16.985
843.091	17.038
843.761	17.080
844.578	17.108
845.555	17.120
846.687	17.116
847.942	17.100
849.268	17.075
850.591	17.048
851.839	17.028
852.951	17.019
853.893	17.026
854.658	17.051
855.258	17.091
855.718	17.147
856.065	17.214
856.326	17.291
856.524	17.375
856.678	17.465
856.804	17.559
856.913	17.655
857.016	17.753
857.121	17.853
857.236	17.952
857.370	18.050
857.534	18.146
857.740	18.239
858.005	18.326
858.351	18.406
858.809	18.474
859.426	18.527
860.278	18.555
861.521	18.546
863.505	18.468
867.048	18.252
873.721	17.768
884.877	16.905
898.313	15.855
908.850	15.050
914.711	14.638
917.465	14.484
918.738	14.454
919.386	14.476
919.775	14.519
920.057	14.572
920.290	14.629
920.499	14.688
920.696	14.749
920.885	14.810
921.066	14.873
921.241	14.936
921.410	15.001
921.574	15.066
921.733	15.132
921.887	15.199
922.035	15.266
922.179	15.335
922.319	15.404
922.454	15.474
922.585	15.545
922.712	15.617
922.836	15.690
922.957	15.764
923.075	15.838
923.189	15.913
923.302	15.989
923.412	16.066
923.521	16.143
923.628	16.221
923.734	16.300
923.839	16.380
923.944	16.460
924.051	16.541
924.158	16.623
924.268	16.705
924.381	16.787
924.498	16.870
924.621	16.952
924.752	17.035
924.891	17.118
925.042	17.201
925.206	17.282
925.386	17.364
925.584	17.444
925.804	17.522
926.049	17.599
926.322	17.674
926.625	17.747
926.962	17.816
927.335	17.883
927.747	17.946
928.197	18.006
928.687	18.062
929.217	18.114
929.784	18.163
930.390	18.208
931.033	18.250
931.714	18.287
932.434	18.321
933.193	18.351
933.993	18.377
934.833	18.399
935.707	18.417
936.609	18.432
937.521	18.446
938.427	18.459
939.304	18.475
940.132	18.496
940.894	18.523
941.575	18.558
942.173	18.602
942.683	18.655
943.114	18.717
943.472	18.787
943.767	18.864
944.010	18.947
944.208	19.036
944.372	19.129
944.507	19.226
944.622	19.327
944.719	19.430
944.805	19.536
944.881	19.643
944.950	19.753
945.015	19.864
945.077	19.976
945.137	20.089
945.198	20.204
945.258	20.319
945.321	20.436
945.385	20.553
945.452	20.671
945.523	20.789
945.598	20.908
945.678	21.027
945.764	21.147
945.855	21.267
945.953	21.387
946.059	21.507
946.176	21.627
946.307	21.746
946.469	21.862
946.707	21.971
947.160	22.057
948.259	22.071
951.243	21.875
958.765	21.174
972.267	19.806
985.819	18.435
993.866	17.680
997.928	17.367
1000.323	17.233
1002.021	17.170
1003.314	17.143
1004.307	17.144
1005.060	17.165
1005.628	17.202
1006.058	17.253
1006.389	17.312
1006.652	17.378
1006.869	17.449
1007.056	17.524
1007.227	17.600
1007.389	17.678
1007.549	17.756
1007.712	17.835
1007.882	17.914
1008.063	17.993
1008.257	18.071
1008.468	18.148
1008.698	18.224
1008.952	18.299
1009.233	18.371
1009.550	18.440
1009.910	18.506
1010.330	18.567
1010.829	18.621
1011.441	18.666
1012.209	18.696
1013.197	18.707
1014.474	18.691
1016.110	18.642
1018.141	18.557
1020.528	18.437
1023.137	18.295
1025.761	18.150
1028.203	18.020
1030.387	17.915
1032.467	17.828
1035.022	17.720
1039.487	17.497
1048.548	16.981
1064.128	16.041
1081.780	14.958
1093.979	14.221
1099.811	13.896
1102.142	13.799
1103.043	13.796
1103.423	13.828
1103.626	13.871
1103.771	13.920
1103.901	13.969
1104.034	14.019
1104.178	14.069
1104.335	14.118
1104.513	14.167
1104.714	14.215
1104.945	14.262
1105.212	14.307
1105.524	14.350
1105.890	14.390
1106.320	14.428
1106.828	14.461
1107.426	14.490
1108.127	14.514
1108.941	14.532
1109.879	14.543
1110.940	14.547
1112.122	14.544
1113.404	14.536
1114.762	14.523
1116.160	14.507
1117.557	14.491
1118.910	14.476
1120.182	14.465
1121.349	14.460
1122.388	14.461
1123.299	14.469
1124.081	14.484
1124.743	14.505
1125.300	14.533
1125.765	14.566
1126.151	14.603
1126.473	14.645
1126.741	14.689
1126.967	14.737
1127.157	14.786
1127.319	14.838
1127.457	14.891
1127.578	14.946
1127.683	15.002
1127.776	15.060
1127.858	15.118
1127.932	15.177
1127.998	15.237
1128.059	15.298
1128.114	15.359
1128.165	15.421
1128.212	15.484
1128.256	15.548
1128.297	15.612
1128.335	15.677
1128.371	15.742
1128.405	15.808
1128.438	15.874
1128.468	15.942
1128.498	16.009
1128.526	16.077
1128.554	16.146
1128.581	16.216
1128.607	16.285
1128.633	16.356
1128.659	16.427
1128.684	16.498
1128.710	16.570
1128.736	16.643
1128.763	16.716
1128.790	16.789
1128.818	16.863
1128.848	16.938
1128.880	17.013
1128.913	17.088
1128.949	17.163
1128.989	17.239
1129.032	17.316
1129.080	17.392
1129.135	17.469
1129.200	17.545
1129.279	17.621
1129.379	17.696
1129.516	17.769
1129.714	17.838
1130.018	17.900
1130.513	17.949
1131.344	17.976
1132.757	17.961
1135.116	17.878
1138.825	17.698
1144.062	17.407
1150.348	17.036
1156.557	16.665
1161.625	16.373
1165.195	16.186
1167.518	16.089
1169.020	16.052
1170.057	16.049
1170.864	16.063
1171.581	16.085
1172.294	16.108
1173.060	16.129
1173.929	16.144
1174.948	16.151
1176.165	16.146
1177.632	16.126
1179.392	16.088
1181.469	16.031
1183.847	15.955
1186.455	15.865
1189.175	15.767
1191.852	15.670
1194.339	15.584
1196.533	15.514
1198.386	15.464
1199.900	15.435
1201.110	15.423
1202.067	15.426
1202.824	15.442
1203.428	15.467
1203.916	15.500
1204.318	15.538
1204.657	15.579
1204.949	15.625
1205.207	15.672
1205.439	15.721
1205.652	15.772
1205.852	15.824
1206.043	15.877
1206.228	15.930
1206.408	15.984
1206.589	16.039
1206.771	16.093
1206.959	16.148
1207.158	16.202
1207.376	16.256
1207.628	16.308
1207.936	16.357
1208.342	16.402
1208.917	16.437
1209.788	16.456
1211.163	16.448
1213.368	16.393
1216.839	16.269
1221.979	16.051
1228.799	15.738
1236.560	15.370
1243.964	15.020
1249.964	14.746
1254.272	14.564
1257.172	14.460
1259.102	14.409
1260.424	14.392
1261.378	14.395
1262.106	14.410
1262.691	14.432
1263.179	14.460
1263.598	14.492
1263.965	14.526
1264.293	14.563
1264.588	14.601
1264.858	14.641
1265.106	14.682
1265.336	14.725
1265.553	14.768
1265.758	14.812
1265.953	14.857
1266.139	14.902
1266.319	14.948
1266.492	14.995
1266.659	15.042
1266.822	15.089
1266.979	15.138
1267.133	15.186
1267.283	15.235
1267.429	15.285
1267.571	15.335
1267.709	15.385
1267.844	15.436
1267.975	15.488
1268.103	15.540
1268.227	15.592
1268.349	15.645
1268.467	15.698
1268.582	15.752
1268.694	15.806
1268.803	15.861
1268.909	15.916
1269.013	15.972
1269.115	16.028
1269.214	16.085
1269.312	16.142
1269.408	16.199
1269.502	16.257
1269.596	16.316
1269.690	16.374
1269.784	16.433
1269.879	16.493
1269.976	16.552
1270.076	16.612
1270.179	16.672
1270.289	16.732
1270.407	16.792
1270.535	16.851
1270.676	16.910
1270.836	16.969
1271.018	17.026
1271.230	17.082
1271.480	17.135
1271.779	17.186
1272.140	17.234
1272.578	17.276
1273.114	17.313
1273.767	17.342
1274.560	17.362
1275.510	17.372
1276.633	17.370
1277.928	17.357
1279.378	17.333
1280.950	17.301
1282.584	17.263
1284.221	17.225
1285.790	17.190
1287.240	17.163
1288.534	17.145
1289.656	17.138
1290.608	17.142
1291.405	17.157
1292.066	17.181
1292.614	17.212
1293.069	17.250
1293.450	17.294
1293.773	17.341
1294.049	17.392
1294.290	17.446
1294.502	17.502
1294.694	17.559
1294.869	17.619
1295.035	17.679
1295.197	17.740
1295.362	17.801
1295.541	17.862
1295.750	17.921
1296.013	17.978
1296.368	18.029
1296.872	18.070
1297.613	18.097
1298.715	18.101
1300.335	18.070
1302.639	17.994
1305.723	17.866
1309.503	17.689
1313.652	17.486
1317.681	17.287
1321.152	17.123
1323.857	17.008
1325.824	16.942
1327.202	16.915
1328.170	16.916
1328.879	16.935
1329.442	16.964
1329.939	16.998
1330.428	17.034
1330.951	17.068
1331.547	17.098
1332.255	17.122
1333.111	17.138
1334.152	17.142
1335.414	17.133
1336.915	17.110
1338.655	17.071
1340.598	17.020
1342.673	16.959
1344.783	16.895
1346.817	16.835
1348.681	16.784
1350.312	16.747
1351.685	16.725
1352.806	16.718
1353.704	16.725
1354.416	16.743
1354.983	16.771
1355.438	16.805
1355.814	16.845
1356.133	16.889
1356.415	16.935
1356.674	16.984
1356.919	17.033
1357.161	17.083
1357.403	17.133
1357.650	17.183
1357.904	17.233
1358.170	17.283
1358.446	17.332
1358.733	17.380
1359.034	17.428
1359.346	17.476
1359.671	17.522
1360.007	17.569
1360.355	17.614
1360.716	17.659
1361.091	17.704
1361.480	17.747
1361.887	17.790
1362.315	17.831
1362.768	17.871
1363.253	17.909
1363.775	17.945
1364.340	17.978
1364.958	18.008
1365.633	18.034
1366.370	18.056
1367.170	18.074
1368.030	18.087
1368.940	18.097
1369.888	18.104
1370.854	18.110
1371.814	18.116
1372.746	18.123
1373.630	18.133
1374.444	18.148
1375.180	18.167
1375.829	18.193
1376.392	18.225
1376.872	18.262
1377.277	18.305
1377.613	18.352
1377.891	18.404
1378.121	18.460
1378.310	18.519
1378.468	18.581
1378.601	18.644
1378.717	18.710
1378.823	18.777
1378.925	18.844
1379.032	18.911
1379.154	18.979
1379.303	19.044
1379.496	19.107
1379.756	19.166
1380.118	19.218
1380.626	19.260
1381.337	19.288
1382.324	19.297
1383.661	19.281
1385.405	19.235
1387.561	19.158
1390.055	19.056
1392.719	18.939
1395.329	18.825
1397.682	18.727
1399.646	18.656
1401.193	18.615
1402.360	18.601
1403.218	18.610
1403.846	18.636
1404.310	18.674
1404.662	18.720
1404.938	18.773
1405.166	18.830
1405.363	18.889
1405.542	18.950
1405.711	19.012
1405.877	19.075
1406.043	19.138
1406.215	19.201
1406.394	19.264
1406.584	19.327
1406.789	19.389
1407.010	19.450
1407.252	19.509
1407.518	19.567
1407.810	19.624
1408.134	19.678
1408.492	19.730
1408.891	19.779
1409.335	19.825
1409.837	19.867
1410.412	19.904
1411.100	19.933
1411.976	19.949
1413.196	19.941
1415.076	19.890
1418.180	19.756
1423.331	19.487
1431.145	19.039
1440.956	18.459
1450.506	17.894
1457.764	17.480
1462.394	17.239
1465.120	17.123
1466.724	17.081
1467.718	17.079
1468.379	17.098
1468.851	17.129
1469.206	17.168
1469.483	17.212
1469.705	17.259
1469.888	17.309
1470.040	17.361
1470.170	17.415
1470.283	17.470
1470.384	17.526
1470.475	17.583
1470.560	17.641
1470.640	17.700
1470.717	17.759
1470.793	17.818
1470.870	17.877
1470.947	17.937
1471.028	17.997
1471.111	18.058
1471.199	18.118
1471.293	18.178
1471.394	18.238
1471.504	18.298
1471.626	18.358
1471.762	18.417
1471.917	18.475
1472.096	18.532
1472.306	18.587
1472.556	18.640
1472.858	18.690
1473.230	18.736
1473.693	18.776
1474.274	18.808
1475.009	18.832
1475.938	18.842
1477.106	18.838
1478.554	18.815
1480.307	18.772
1482.367	18.708
1484.691	18.628
1487.193	18.534
1489.756	18.437
1492.261	18.342
1494.608	18.258
1496.737	18.187
1498.632	18.131
1500.304	18.090
1501.780	18.061
1503.094	18.043
1504.272	18.034
1505.338	18.031
1506.306	18.035
1507.188	18.044
1507.988	18.058
1508.714	18.077
1509.369	18.100
1509.956	18.127
1510.479	18.158
1510.944	18.193
1511.355	18.232
1511.717	18.274
1512.037	18.318
1512.319	18.366
1512.568	18.415
1512.790	18.467
1512.988	18.520
1513.166	18.575
1513.329	18.632
1513.480	18.689
1513.621	18.747
1513.756	18.806
1513.886	18.866
1514.015	18.926
1514.146	18.986
1514.282	19.046
1514.427	19.106
1514.591	19.166
1514.785	19.223
1515.034	19.278
1515.383	19.327
1515.921	19.365
1516.821	19.381
1518.404	19.357
1521.229	19.259
1526.068	19.039
1533.497	18.663
1542.966	18.162
1552.451	17.656
1559.923	17.268
1564.814	17.033
1567.702	16.917
1569.361	16.875
1570.337	16.873
1570.948	16.893
1571.361	16.925
1571.659	16.963
1571.887	17.006
1572.069	17.052
1572.219	17.099
1572.345	17.149
1572.454	17.199
1572.552	17.250
1572.641	17.302
1572.725	17.355
1572.808	17.408
1572.892	17.461
1572.981	17.515
1573.079	17.568
1573.190	17.621
1573.322	17.673
1573.482	17.723
1573.680	17.772
1573.933	17.819
1574.257	17.861
1574.680	17.899
1575.235	17.929
1575.964	17.950
1576.914	17.960
1578.144	17.953
1579.704	17.929
1581.628	17.884
1583.911	17.819
1586.502	17.736
1589.287	17.641
1592.108	17.543
1594.808	17.451
1597.257	17.373
1599.387	17.311
1601.182	17.268
1602.663	17.242
1603.878	17.231
1604.878	17.231
1605.710	17.242
1606.416	17.259
1607.025	17.281
1607.566	17.308
1608.056	17.337
1608.512	17.369
1608.944	17.402
1609.363	17.436
1609.778	17.470
1610.195	17.505
1610.619	17.539
1611.056	17.573
1611.506	17.606
1611.975	17.638
1612.462	17.669
1612.966	17.699
1613.486	17.729
1614.019	17.758
1614.558	17.786
1615.102	17.814
1615.643	17.842
1616.174	17.871
1616.692	17.901
1617.190	17.932
1617.663	17.964
1618.109	17.997
1618.525	18.033
1618.912	18.070
1619.270	18.109
1619.602	18.149
1619.921	18.191
1620.245	18.233
1620.620	18.273
1621.147	18.307
1622.045	18.323
1623.789	18.299
1627.317	18.189
1634.135	17.920
1645.572	17.426
1660.500	16.757
1674.575	16.124
1684.318	15.697
1689.776	15.476
1692.551	15.387
1693.991	15.363
1694.846	15.368
1695.479	15.385
1696.049	15.405
1696.635	15.426
1697.273	15.444
1697.982	15.460
1698.780	15.473
1699.676	15.482
1700.681	15.486
1701.802	15.486
1703.041	15.481
1704.398	15.472
1705.862	15.457
1707.418	15.440
1709.043	15.419
1710.705	15.396
1712.369	15.373
1713.999	15.351
1715.562	15.331
1717.028	15.315
1718.377	15.303
1719.595	15.297
1720.681	15.295
1721.632	15.299
1722.459	15.308
1723.170	15.321
1723.778	15.339
1724.297	15.360
1724.738	15.384
1725.113	15.412
1725.434	15.441
1725.708	15.473
1725.947	15.506
1726.156	15.541
1726.341	15.577
1726.509	15.613
1726.664	15.651
1726.811	15.689
1726.953	15.727
1727.096	15.766
1727.240	15.804
1727.392	15.843
1727.554	15.881
1727.731	15.919
1727.926	15.956
1728.144	15.993
1728.390	16.029
1728.670	16.063
1728.990	16.096
1729.357	16.127
1729.779	16.155
1730.266	16.181
1730.825	16.205
1731.469	16.224
1732.208	16.240
1733.051	16.251
1734.012	16.257
1735.099	16.258
1736.321	16.253
1737.684	16.242
1739.191	16.225
1740.843	16.202
1742.636	16.173
1744.568	16.138
1746.634	16.097
1748.834	16.051
1751.172	16.000
1753.656	15.943
1756.299	15.881
1759.115	15.812
1762.110	15.736
1765.269	15.655
1768.558	15.569
1771.906	15.481
1775.221	15.395
1778.392	15.313
1781.327	15.241
1783.947	15.180
1786.210	15.133
1788.112	15.099
1789.673	15.079
1790.928	15.070
1791.924	15.071
1792.708	15.080
1793.322	15.095
1793.804	15.116
1794.186	15.141
1794.495	15.169
1794.755	15.199
1794.987	15.231
1795.210	15.263
1795.446	15.295
1795.719	15.326
1796.061	15.355
1796.512	15.380
1797.124	15.400
1797.972	15.412
1799.146	15.413
1800.755	15.399
1802.924	15.365
1805.742	15.308
1809.254	15.226
1813.396	15.120
1817.942	15.000
1822.581	14.874
1826.953	14.757
1830.787	14.657
1833.919	14.582
1836.355	14.531
1838.162	14.502
1839.465	14.491
1840.380	14.493
1841.016	14.506
1841.453	14.526
1841.753	14.551
1841.959	14.580
1842.102	14.611
1842.203	14.644
1842.275	14.679
1842.329	14.713
1842.371	14.749
1842.404	14.785
1842.432	14.822
1842.456	14.858
1842.479	14.895
1842.499	14.932
1842.519	14.970
1842.538	15.007
1842.556	15.045
1842.574	15.083
1842.593	15.121
1842.611	15.159
1842.629	15.198
1842.647	15.236
1842.665	15.275
1842.683	15.314
1842.702	15.353
1842.721	15.392
1842.740	15.431
1842.760	15.471
1842.780	15.511
1842.800	15.551
1842.821	15.591
1842.843	15.631
1842.866	15.671
1842.889	15.711
1842.914	15.752
1842.940	15.793
1842.968	15.834
1842.998	15.875
1843.030	15.916
1843.064	15.957
1843.102	15.998
1843.143	16.039
1843.189	16.080
1843.240	16.121
1843.297	16.163
1843.362	16.204
1843.435	16.245
1843.520	16.285
1843.616	16.325
1843.727	16.365
1843.857	16.405
1844.007	16.443
1844.183	16.481
1844.387	16.518
1844.628	16.553
1844.908	16.587
1845.238	16.619
1845.623	16.649
1846.071	16.676
1846.593	16.700
1847.196	16.721
1847.891	16.738
1848.686	16.751
1849.586	16.759
1850.604	16.763
1851.740	16.761
1852.997	16.754
1854.382	16.742
1855.888	16.724
1857.520	16.701
1859.277	16.673
1861.156	16.640
1863.155	16.602
1865.267	16.559
1867.478	16.513
1869.767	16.463
1872.103	16.411
1874.450	16.359
1876.769	16.308
1879.024	16.259
1881.192	16.215
1883.263	16.174
1885.247	16.137
1887.177	16.103
1889.107	16.070
1891.104	16.035
1893.253	15.996
1895.645	15.948
1898.358	15.890
1901.450	15.818
1904.924	15.732
1908.713	15.635
1912.677	15.531
1916.639	15.427
1920.393	15.330
1923.782	15.246
1926.711	15.178
1929.160	15.126
1931.151	15.092
1932.747	15.071
1934.017	15.062
1935.030	15.062
1935.842	15.070
1936.504	15.083
1937.052	15.100
1937.514	15.121
1937.914	15.144
1938.267	15.168
1938.584	15.194
1938.875	15.221
1939.148	15.249
1939.407	15.278
1939.658	15.306
1939.905	15.336
1940.149	15.365
1940.394	15.394
1940.644	15.424
1940.898	15.453
1941.162	15.482
1941.435	15.511
1941.720	15.539
1942.019	15.567
1942.332	15.595
1942.661	15.622
1943.006	15.649
1943.368	15.675
1943.748	15.701
1944.145	15.726
1944.558	15.750
1944.986	15.774
1945.427	15.798
1945.882	15.821
1946.346	15.844
1946.815	15.866
1947.288	15.888
1947.761	15.911
1948.230	15.933
1948.693	15.956
1949.147	15.979
1949.589	16.003
1950.016	16.027
1950.422	16.052
1950.811	16.078
1951.179	16.105
1951.525	16.132
1951.847	16.161
1952.148	16.190
1952.427	16.220
1952.682	16.251
1952.919	16.284
1953.135	16.317
1953.332	16.350
1953.512	16.385
1953.675	16.421
1953.823	16.457
1953.957	16.494
1954.080	16.531
1954.191	16.569
1954.292	16.608
1954.384	16.647
1954.468	16.687
1954.545	16.727
1954.616	16.768
1954.683	16.809
1954.745	16.850
1954.803	16.892
1954.858	16.933
1954.911	16.976
1954.963	17.018
1955.014	17.061
1955.064	17.104
1955.114	17.147
1955.166	17.190
1955.220	17.233
1955.276	17.276
1955.335	17.320
1955.399	17.363
1955.469	17.407
1955.546	17.450
1955.632	17.493
1955.728	17.535
1955.839	17.578
1955.966	17.619
1956.113	17.661
1956.284	17.701
1956.485	17.740
1956.722	17.777
1957.001	17.813
1957.333	17.847
1957.724	17.878
1958.187	17.906
1958.730	17.930
1959.368	17.950
1960.108	17.966
1960.959	17.976
1961.922	17.982
1963.000	17.982
1964.182	17.977
1965.453	17.967
1966.789	17.954
1968.162	17.940
1969.543	17.925
1970.901	17.910
1972.208	17.898
1973.443	17.888
1974.591	17.883
1975.649	17.882
1976.617	17.885
1977.499	17.891
1978.304	17.902
1979.042	17.916
1979.724	17.932
1980.360	17.950
1980.958	17.971
1981.526	17.993
1982.071	18.016
1982.597	18.040
1983.106	18.065
1983.602	18.090
1984.085	18.116
1984.558	18.143
1985.018	18.170
1985.467	18.198
1985.903	18.227
1986.327	18.256
1986.737	18.286
1987.133	18.317
1987.515	18.348
1987.881	18.380
1988.234	18.413
1988.571	18.447
1988.893	18.482
1989.201	18.517
1989.493	18.554
1989.771	18.591
1990.035	18.628
1990.286	18.667
1990.524	18.706
1990.748	18.747
1990.961	18.788
1991.162	18.829
1991.351	18.872
1991.529	18.915
1991.697	18.958
1991.856	19.003
1992.005	19.048
1992.144	19.093
1992.275	19.140
1992.398	19.187
1992.513	19.234
1992.620	19.282
1992.721	19.331
1992.815	19.380
1992.902	19.430
1992.984	19.480
1993.060	19.531
1993.131	19.582
1993.198	19.633
1993.259	19.685
1993.317	19.738
1993.371	19.791
1993.420	19.844
1993.467	19.898
1993.510	19.953
1993.551	20.007
1993.588	20.062
1993.624	20.118
1993.657	20.173
1993.687	20.230
1993.716	20.286
1993.743	20.343
1993.768	20.400
1993.792	20.458
1993.814	20.516
1993.835	20.574
1993.855	20.632
1993.874	20.691
1993.891	20.751
1993.908	20.810
1993.923	20.870
1993.938	20.930
1993.953	20.990
1993.966	21.051
1993.979	21.112
1993.992	21.174
1994.003	21.235
1994.015	21.297
1994.026	21.360
1994.036	21.422
1994.046	21.485
1994.056	21.549
1994.066	21.612
1994.075	21.676
1994.084	21.740
1994.092	21.804
1994.101	21.869
1994.109	21.934
1994.117	22.000
1994.125	22.065
1994.132	22.131
1994.140	22.198
1994.147	22.264
1994.154	22.331
1994.161	22.398
1994.168	22.466
1994.175	22.534
1994.182	22.602
1994.189	22.670
1994.195	22.739
1994.202	22.808
1994.208	22.877
1994.215	22.947
1994.221	23.017
1994.227	23.088
1994.234	23.158
1994.240	23.229
1994.246	23.300
1994.252	23.372
1994.258	23.444
1994.264	23.516
1994.270	23.589
1994.276	23.662
1994.282	23.735
1994.288	23.809
1994.294	23.883
1994.300	23.957
1994.306	24.032
1994.312	24.107
1994.318	24.182
1994.324	24.257
1994.330	24.333
1994.336	24.410
1994.342	24.486
1994.348	24.563
1994.353	24.641
1994.359	24.718
1994.365	24.796
1994.371	24.875
1994.377	24.954
1994.383	25.033
1994.389	25.112
1994.395	25.192
1994.401	25.272
1994.407	25.352
1994.413	25.433
1994.419	25.514
1994.425	25.596
1994.431	25.678
1994.437	25.760
1994.443	25.843
1994.449	25.926
1994.455	26.009
1994.461	26.093
1994.467	26.177
1994.473	26.262
1994.479	26.347
1994.485	26.432
1994.491	26.517
1994.497	26.603
1994.503	26.690
1994.509	26.777
1994.516	26.864
1994.522	26.951
1994.528	27.039
1994.534	27.127
1994.540	27.216
1994.546	27.305
1994.552	27.395
1994.558	27.484
1994.564	27.575
1994.570	27.665
1994.576	27.756
1994.582	27.848
1994.588	27.940
1994.594	28.032
1994.600	28.124
1994.606	28.217
1994.612	28.311
1994.618	28.405
1994.624	28.499
1994.630	28.594
1994.636	28.689
1994.642	28.784
1994.648	28.880
1994.653	28.976
1994.659	29.073
1994.665	29.170
1994.671	29.267
1994.676	29.365
1994.682	29.464
1994.688	29.563
1994.693	29.662
1994.699	29.761
1994.704	29.861
1994.710	29.962
1994.715	30.063
1994.721	30.164
1994.726	30.266
1994.731	30.368
1994.737	30.471
1994.742	30.574
1994.747	30.677
1994.752	30.781
1994.757	30.885
1994.762	30.990
1994.767	31.095
1994.772	31.201
1994.777	31.307
1994.782	31.414
1994.786	31.521
1994.791	31.628
1994.796	31.736
1994.800	31.844
1994.805	31.953
1994.809	32.062
1994.814	32.172
1994.818	32.282
1994.822	32.393
1994.826	32.504
1994.831	32.615
1994.835	32.727
1994.839	32.839
1994.843	32.952
1994.846	33.066
1994.850	33.179
1994.854	33.294
1994.858	33.408
1994.861	33.523
1994.865	33.639
1994.868	33.755
1994.872	33.871
1994.875	33.988
1994.879	34.106
1994.882	34.224
1994.885	34.342
1994.888	34.461
1994.891	34.580
1994.894	34.700
1994.897	34.820
1994.900	34.941
1994.903	35.062
1994.906	35.184
1994.908	35.306
1994.911	35.428
1994.913	35.552
1994.916	35.675
1994.918	35.799
1994.921	35.923
1994.923	36.048
1994.925	36.174
1994.928	36.300
1994.930	36.426
1994.932	36.553
1994.934	36.680
1994.936	36.808
1994.938	36.936
1994.940	37.065
1994.942	37.194
1994.944	37.324
1994.946	37.454
1994.947	37.584
1994.949	37.715
1994.951	37.847
1994.952	37.979
1994.954	38.112
1994.955	38.245
1994.957	38.378
1994.958	38.512
1994.960	38.646
1994.961	38.781
1994.962	38.917
1994.964	39.052
1994.965	39.189
1994.966	39.325
1994.967	39.463
1994.968	39.600
1994.969	39.739
1994.970	39.877
1994.972	40.016
1994.973	40.156
1994.974	40.296
1994.974	40.437
1994.975	40.578
1994.976	40.719
1994.977	40.861
1994.978	41.004
1994.979	41.147
1994.980	41.290
1994.980	41.434
1994.981	41.578
1994.982	41.723
1994.982	41.868
1994.983	42.014
1994.984	42.160
1994.984	42.307
1994.985	42.454
1994.985	42.602
1994.986	42.750
1994.987	42.898
1994.987	43.047
1994.988	43.197
1994.988	43.347
1994.989	43.497
1994.989	43.648
1994.989	43.799
1994.990	43.951
1994.990	44.103
1994.991	44.256
1994.991	44.409
1994.991	44.563
1994.992	44.717
1994.992	44.872
1994.992	45.027
1994.993	45.182
1994.993	45.338
1994.993	45.494
1994.994	45.651
1994.994	45.808
1994.994	45.966
1994.994	46.124
1994.995	46.283
1994.995	46.442
1994.995	46.601
1994.995	46.761
1994.995	46.922
1994.996	47.083
1994.996	47.244
1994.996	47.406
1994.996	47.568
1994.996	47.731
1994.996	47.894
1994.997	48.057
1994.997	48.221
1994.997	48.386
1994.997	48.550
1994.997	48.716
1994.997	48.881
1994.997	49.048
1994.998	49.214
1994.998	49.381
1994.998	49.549
1994.998	49.716
1994.998	49.885
1994.998	50.054
1994.998	50.223
1994.998	50.392
1994.998	50.562
1994.998	50.733
1994.998	50.904
1994.998	51.075
1994.999	51.246
1994.999	51.419
1994.999	51.591
1994.999	51.764
1994.999	51.937
1994.999	52.111
1994.999	52.285
1994.999	52.460
1994.999	52.635
1994.999	52.810
1994.999	52.986
1994.999	53.162
1994.999	53.339
1994.999	53.516
1994.999	53.694
1994.999	53.871
1994.999	54.050
1994.999	54.228
1994.999	54.407
1994.999	54.587
1994.999	54.767
1994.999	54.947
1995.000	55.127
1995.000	55.308
1995.000	55.490
1995.000	55.672
1995.000	55.854
1995.000	56.036
1995.000	56.219
1995.000	56.403
1995.000	56.586
1995.000	56.770
1995.000	56.955
1995.000	57.140
1995.000	57.325
1995.000	57.511
1995.000	57.696
1995.000	57.883
1995.000	58.070
1995.000	58.257
1995.000	58.444
1995.000	58.632
1995.000	58.820
1995.000	59.009
1995.000	59.198
1995.000	59.387
1995.000	59.576
1995.000	59.766
1995.000	59.957
1995.000	60.147
1995.000	60.339
1995.000	60.530
1995.000	60.722
1995.000	60.914
1995.000	61.106
1995.000	61.299
1995.000	61.492
1995.000	61.686
1995.000	61.880
1995.000	62.074
1995.000	62.268
1995.000	62.463
1995.000	62.658
1995.000	62.854
1995.000	63.050
1995.000	63.246
1995.000	63.442
1995.000	63.639
1995.000	63.836
1995.000	64.034
1995.000	64.232
1995.000	64.430
1995.000	64.628
1995.000	64.827
1995.000	65.026
1995.000	65.226
1995.000	65.426
1995.000	65.626
1995.000	65.826
1995.000	66.027
1995.000	66.228
1995.000	66.429
1995.000	66.631
1995.000	66.833
1995.000	67.035
1995.000	67.238
1995.000	67.440
1995.000	67.644
1995.000	67.847
1995.000	68.051
1995.000	68.255
1995.000	68.459
1995.000	68.664
1995.000	68.869
1995.000	69.074
1995.000	69.280
1995.000	69.485
1995.000	69.692
1995.000	69.898
1995.000	70.105
1995.000	70.312
1995.000	70.519
1995.000	70.726
1995.000	70.934
1995.000	71.142
1995.000	71.351
1995.000	71.559
1995.000	71.768
1995.000	71.978
1995.000	72.187
1995.000	72.397
1995.000	72.607
1995.000	72.817
1995.000	73.028
1995.000	73.238
1995.000	73.449
1995.000	73.661
1995.000	73.872
1995.000	74.084
1995.000	74.296
1995.000	74.509
1995.000	74.721
1995.000	74.934
1995.000	75.147
1995.000	75.361
1995.000	75.575
1995.000	75.788
1995.000	76.003
1995.000	76.217
1995.000	76.432
1995.000	76.647
1995.000	76.862
1995.000	77.077
1995.000	77.293
1995.000	77.509
1995.000	77.725
1995.000	77.941
1995.000	78.158
1995.000	78.374
1995.000	78.591
1995.000	78.809
1995.000	79.026
1995.000	79.244
1995.000	79.462
1995.000	79.680
1995.000	79.899
1995.000	80.117
1995.000	80.336
1995.000	80.555
1995.000	80.775
1995.000	80.994
1995.000	81.214
1995.000	81.434
1995.000	81.654
1995.000	81.875
1995.000	82.095
1995.000	82.316
1995.000	82.537
1995.000	82.759
1995.000	82.980
1995.000	83.202
1995.000	83.424
1995.000	83.646
1995.000	83.868
1995.000	84.091
1995.000	84.314
1995.000	84.537
1995.000	84.760
1995.000	84.983
1995.000	85.207
1995.000	85.430
1995.000	85.654
1995.000	85.879
1995.000	86.103
1995.000	86.327
1995.000	86.552
1995.000	86.777
1995.000	87.002
1995.000	87.228
1995.000	87.453
1995.000	87.679
1995.000	87.905
1995.000	88.131
1995.000	88.357
1995.000	88.584
1995.000	88.810
1995.000	89.037
1995.000	89.264
1995.000	89.491
1995.000	89.719
1995.000	89.946
1995.000	90.174
1995.000	90.402
1995.000	90.630
1995.000	90.858
1995.000	91.087
1995.000	91.316
1995.000	91.544
1995.000	91.773
1995.000	92.002
1995.000	92.232
1995.000	92.461
1995.000	92.691
1995.000	92.921
1995.000	93.151
1995.000	93.381
1995.000	93.611
1995.000	93.842
1995.000	94.072
1995.000	94.303
1995.000	94.534
1995.000	94.765
1995.000	94.997
1995.000	95.228
1995.000	95.460
1995.000	95.692
1995.000	95.924
1995.000	96.156
1995.000	96.388
1995.000	96.620
1995.000	96.853
1995.000	97.086
1995.000	97.318
1995.000	97.551
1995.000	97.785
1995.000	98.018
1995.000	98.251
1995.000	98.485
1995.000	98.719
1995.000	98.953
1995.000	99.187
1995.000	99.421
1995.000	99.655
1995.000	99.890
1995.000	100.125
1995.000	100.359
1995.000	100.594
1995.000	100.829
1995.000	101.065
1995.000	101.300
1995.000	101.535
1995.000	101.771
1995.000	102.007
1995.000	102.243
1995.000	102.479
1995.000	102.715
1995.000	102.951
1995.000	103.188
1995.000	103.424
1995.000	103.661
1995.000	103.898
1995.000	104.135
1995.000	104.372
1995.000	104.609
1995.000	104.847
1995.000	105.084
1995.000	105.322
1995.000	105.559
1995.000	105.797
1995.000	106.035
1995.000	106.273
1995.000	106.512
1995.000	106.750
1995.000	106.989
1995.000	107.227
1995.000	107.466
1995.000	107.705
1995.000	107.944
1995.000	108.183
1995.000	108.422
1995.000	108.661
1995.000	108.901
1995.000	109.140
1995.000	109.380
1995.000	109.620
1995.000	109.860
1995.000	110.100
1995.000	110.340
1995.000	110.580
1995.000	110.821
1995.000	111.061
1995.000	111.302
1995.000	111.543
1995.000	111.783
1995.000	112.024
1995.000	112.265
1995.000	112.507
1995.000	112.748
1995.000	112.989
1995.000	113.231
1995.000	113.472
1995.000	113.714
1995.000	113.956
1995.000	114.198
1995.000	114.440
1995.000	114.682
1995.000	114.924
1995.000	115.167
1995.000	115.409
1995.000	115.652
1995.000	115.894
1995.000	116.137
1995.000	116.380
1995.000	116.623
1995.000	116.866
1995.000	117.109
1995.000	117.352
1995.000	117.596
1995.000	117.839
1995.000	118.083
1995.000	118.326
1995.000	118.570
1995.000	118.814
1995.000	119.058
1995.000	119.302
1995.000	119.546
1995.000	119.790
1995.000	120.034
1995.000	120.279
1995.000	120.523
1995.000	120.768
1995.000	121.013
1995.000	121.257
1995.000	121.502
1995.000	121.747
1995.000	121.992
1995.000	122.237
1995.000	122.483
1995.000	122.728
1995.000	122.973
1995.000	123.219
1995.000	123.464
1995.000	123.710
1995.000	123.956
1995.000	124.202
1995.000	124.448
1995.000	124.694
1995.000	124.940
1995.000	125.186
1995.000	125.432
1995.000	125.678
1995.000	125.925
1995.000	126.171
1995.000	126.418
1995.000	126.665
1995.000	126.911
1995.000	127.158
1995.000	127.405
1995.000	127.652
1995.000	127.899
1995.000	128.146
1995.000	128.394
1995.000	128.641
1995.000	128.888
1995.000	129.136
1995.000	129.383
1995.000	129.631
1995.000	129.879
1995.000	130.127
1995.000	130.374
1995.000	130.622
1995.000	130.870
1995.000	131.119
1995.000	131.367
1995.000	131.615
1995.000	131.863
1995.000	132.112
1995.000	132.360
1995.000	132.609
1995.000	132.857
1995.000	133.106
1995.000	133.355
1995.000	133.604
1995.000	133.852
1995.000	134.101
1995.000	134.350
1995.000	134.600
1995.000	134.849
