<j>	var(j)
1.282	0.287
2.455	0.433
3.657	0.585
4.816	0.524
5.783	0.818
7.299	1.463
8.798	1.198
9.728	0.708
10.334	0.478
10.948	0.475
11.706	0.524
12.640	0.504
13.623	1.011
15.705	2.795
17.651	2.155
18.775	1.834
19.723	1.544
20.541	1.276
21.279	1.185
22.064	1.261
22.951	1.187
23.762	0.948
24.490	1.123
25.586	2.151
27.266	2.208
28.387	1.404
29.217	1.842
30.435	2.573
31.771	1.975
32.669	1.763
33.648	2.859
35.198	4.041
36.836	3.721
38.137	3.353
39.243	2.768
40.128	2.476
40.996	3.313
42.249	5.053
43.928	5.279
45.321	3.475
46.173	2.339
46.798	2.170
47.459	2.970
48.483	5.498
50.324	9.204
52.667	9.187
54.449	7.145
55.738	6.514
56.901	6.499
58.043	6.532
59.171	6.483
60.271	6.296
61.326	5.929
62.312	5.386
63.209	4.725
64.005	4.048
64.706	3.470
65.333	3.091
65.926	3.008
66.546	3.356
67.291	4.359
68.306	6.245
69.738	8.596
71.513	9.646
73.232	8.476
74.596	6.717
75.646	5.543
76.523	4.814
77.301	4.166
77.988	3.511
78.587	3.039
79.139	3.073
79.752	4.052
80.638	6.511
82.072	10.047
84.029	11.372
85.864	8.942
87.156	6.435
88.088	5.367
88.897	5.166
89.706	5.452
90.586	6.179
91.601	7.388
92.812	9.154
94.273	11.632
96.032	14.658
98.062	16.798
100.129	16.176
101.911	13.325
103.283	10.345
104.326	8.186
105.158	6.710
105.854	5.622
106.454	4.780
106.982	4.153
107.461	3.756
107.917	3.626
108.382	3.817
108.903	4.405
109.537	5.435
110.347	6.795
111.362	8.055
112.532	8.666
113.742	8.772
114.945	9.672
116.291	13.400
118.162	21.761
120.944	32.140
124.330	34.363
127.262	26.769
129.268	18.993
130.632	14.732
131.690	12.909
132.628	12.355
133.538	12.473
134.467	12.944
135.437	13.535
136.453	14.056
137.506	14.368
138.578	14.397
139.645	14.120
140.686	13.553
141.682	12.735
142.617	11.720
143.479	10.575
144.263	9.381
144.966	8.213
145.592	7.135
146.148	6.194
146.644	5.414
147.091	4.808
147.502	4.378
147.891	4.123
148.274	4.044
148.667	4.148
149.088	4.453
149.560	5.003
150.113	5.902
150.788	7.393
151.659	9.988
152.856	14.501
154.567	21.274
156.900	27.881
159.585	29.131
162.023	24.368
163.877	18.815
165.264	15.908
166.446	15.875
167.645	17.955
169.002	21.118
170.563	23.919
172.260	24.918
173.944	23.806
175.485	21.717
176.856	20.086
178.112	19.554
179.330	19.895
180.563	20.419
181.814	20.390
183.043	19.374
184.191	17.434
185.213	15.017
186.089	12.636
186.830	10.635
187.463	9.136
188.018	8.127
188.526	7.546
189.011	7.342
189.497	7.482
190.008	7.954
190.567	8.747
191.197	9.837
191.919	11.206
192.751	12.901
193.716	15.209
194.858	18.909
196.279	25.371
198.157	35.802
200.683	48.507
203.800	56.181
206.993	51.778
209.619	38.721
211.443	25.647
212.613	16.526
213.368	11.022
213.880	7.817
214.254	5.921
214.547	4.761
214.791	4.025
215.004	3.540
215.199	3.212
215.382	2.987
215.558	2.837
215.732	2.750
215.907	2.727
216.088	2.780
216.279	2.934
216.490	3.234
216.732	3.748
217.025	4.579
217.398	5.866
217.893	7.763
218.564	10.345
219.465	13.408
220.617	16.260
221.969	17.903
223.395	17.860
224.765	16.802
226.029	16.015
227.235	16.510
228.493	18.856
229.939	23.456
231.716	30.366
233.927	38.070
236.505	42.477
239.119	39.782
241.354	31.396
243.010	22.282
244.153	15.603
244.959	11.723
245.581	9.908
246.126	9.488
246.668	10.156
247.268	11.949
247.994	15.161
248.933	20.193
250.189	27.178
251.849	35.269
253.915	42.112
256.234	44.921
258.547	43.043
260.639	38.612
262.444	34.184
264.007	30.868
265.402	28.515
266.679	26.582
267.861	24.656
268.950	22.598
269.945	20.468
270.845	18.409
271.657	16.552
272.392	14.983
273.065	13.744
273.690	12.868
274.285	12.401
274.868	12.431
275.465	13.120
276.109	14.722
276.846	17.604
277.744	22.185
278.883	28.684
280.347	36.550
282.165	43.791
284.250	47.244
286.378	44.728
288.287	37.234
289.810	28.037
290.930	19.925
291.721	13.954
292.280	9.970
292.687	7.426
292.998	5.812
293.249	4.767
293.460	4.067
293.646	3.579
293.815	3.227
293.971	2.971
294.119	2.787
294.262	2.667
294.404	2.613
294.547	2.642
294.697	2.790
294.861	3.141
295.054	3.874
295.305	5.372
295.672	8.467
296.277	14.878
297.371	27.565
299.367	48.990
302.642	72.983
306.841	79.914
310.718	63.157
313.429	41.334
315.117	26.879
316.216	19.243
317.019	15.224
317.667	12.878
318.227	11.380
318.731	10.446
319.204	10.007
319.668	10.074
320.146	10.690
320.667	11.896
321.258	13.698
321.950	15.995
322.764	18.508
323.705	20.738
324.749	22.061
325.844	21.998
326.915	20.521
327.900	18.121
328.763	15.564
329.507	13.544
330.164	12.503
330.787	12.647
331.438	14.008
332.177	16.452
333.056	19.577
334.099	22.598
335.285	24.429
336.536	24.162
337.737	21.683
338.787	17.795
339.633	13.653
340.280	10.111
340.762	7.513
341.128	5.851
341.423	4.995
341.686	4.844
341.956	5.409
342.274	6.854
342.694	9.509
343.296	13.823
344.182	20.063
345.454	27.596
347.140	34.091
349.103	36.286
351.054	33.095
352.735	27.142
354.076	22.005
355.170	19.496
356.167	19.742
357.205	22.222
358.388	26.286
359.783	31.154
361.404	35.746
363.206	38.743
365.085	39.065
366.904	36.513
368.544	31.904
369.938	26.530
371.078	21.463
371.997	17.267
372.739	14.082
373.351	11.843
373.876	10.460
374.352	9.917
374.817	10.329
375.320	11.972
375.923	15.270
376.714	20.656
377.792	28.134
379.242	36.460
381.055	42.593
383.060	43.080
384.966	37.207
386.527	27.954
387.659	19.074
388.420	12.487
388.921	8.314
389.263	5.951
389.517	4.769
389.731	4.333
389.934	4.414
390.150	4.939
390.402	5.971
390.717	7.713
391.136	10.547
391.725	15.086
392.581	22.135
393.837	32.300
395.632	44.870
398.006	56.355
400.778	61.328
403.555	57.239
405.966	47.251
407.862	36.369
409.285	27.357
410.347	20.667
411.152	15.855
411.775	12.407
412.270	9.945
412.673	8.218
413.014	7.056
413.314	6.343
413.591	6.007
413.861	6.019
414.140	6.398
414.446	7.223
414.801	8.665
415.241	11.022
415.815	14.763
416.599	20.498
417.694	28.722
419.211	39.074
421.207	49.245
423.586	55.084
426.069	53.622
428.334	46.281
430.199	37.385
431.674	30.249
432.868	25.842
433.901	23.718
434.863	23.035
435.806	23.013
436.750	23.066
437.696	22.871
438.631	22.445
439.549	22.220
440.465	23.116
441.436	26.613
442.586	34.758
444.116	49.552
446.277	70.594
449.214	90.816
452.691	97.001
456.054	82.794
458.683	57.675
460.408	34.850
461.422	19.614
461.991	11.032
462.316	6.669
462.520	4.638
462.669	3.828
462.799	3.660
462.927	3.858
463.068	4.300
463.228	4.942
463.417	5.784
463.642	6.841
463.913	8.142
464.240	9.724
464.637	11.636
465.117	13.953
465.699	16.816
466.407	20.497
467.277	25.469
468.364	32.445
469.750	42.172
471.534	54.745
473.787	68.446
476.479	79.341
479.421	83.805
482.349	82.889
485.122	82.897
487.837	90.787
490.773	108.969
494.192	131.806
498.093	145.798
502.086	138.833
505.602	112.593
508.280	80.122
510.111	52.517
511.289	33.290
512.034	21.250
512.514	14.085
512.838	9.894
513.070	7.439
513.249	5.988
513.397	5.121
513.526	4.603
513.645	4.299
513.758	4.128
513.869	4.044
513.980	4.020
514.092	4.037
514.207	4.086
514.324	4.164
514.447	4.270
514.574	4.412
514.708	4.604
514.850	4.873
515.003	5.267
515.173	5.869
515.365	6.823
515.595	8.376
515.885	10.942
516.274	15.199
516.827	22.169
517.645	33.170
518.871	49.276
520.666	69.744
523.113	89.692
526.079	100.173
529.162	94.627
531.876	76.052
533.940	53.959
535.358	35.724
536.287	23.570
536.907	16.745
537.361	13.942
537.758	14.434
538.191	18.457
538.772	27.459
539.659	44.321
541.102	72.955
543.441	115.299
546.968	163.551
551.586	194.400
556.541	185.498
560.820	143.889
563.902	97.063
565.900	62.755
567.181	43.117
568.075	34.092
568.801	31.669
569.495	33.369
570.241	37.972
571.100	45.009
572.123	54.339
573.359	65.807
574.849	78.912
576.614	92.504
578.648	104.677
580.897	113.089
583.263	115.779
585.617	112.113
587.837	103.135
589.832	91.059
591.563	78.273
593.033	66.579
594.276	56.949
595.338	49.665
596.268	44.597
597.107	41.419
597.892	39.748
598.651	39.211
599.405	39.454
600.168	40.155
600.948	41.013
601.747	41.755
602.562	42.148
603.386	42.014
604.208	41.248
605.015	39.828
605.795	37.810
606.535	35.316
607.228	32.507
607.867	29.553
608.451	26.613
608.978	23.813
609.453	21.247
609.880	18.969
610.265	17.008
610.613	15.369
610.931	14.048
611.225	13.041
611.501	12.348
611.767	11.993
612.028	12.028
612.295	12.562
612.579	13.791
612.897	16.051
613.274	19.900
613.752	26.226
614.391	36.374
615.289	52.168
616.581	75.554
618.438	107.312
621.016	144.426
624.348	177.527
628.223	193.098
632.178	183.061
635.706	152.606
638.507	115.309
640.556	82.303
641.996	57.861
643.005	41.496
643.733	31.081
644.285	24.554
644.727	20.423
645.101	17.730
645.429	15.911
645.728	14.647
646.007	13.764
646.272	13.179
646.529	12.857
646.784	12.798
647.040	13.025
647.305	13.586
647.585	14.557
647.889	16.050
648.229	18.231
648.621	21.342
649.086	25.737
649.654	31.923
650.364	40.601
651.275	52.666
652.459	69.088
654.007	90.519
656.012	116.463
658.536	144.133
661.561	167.841
664.941	180.461
668.411	177.309
671.668	159.459
674.482	132.980
676.759	104.919
678.520	80.072
679.849	60.345
680.848	45.719
681.607	35.339
682.198	28.199
682.674	23.425
683.075	20.348
683.429	18.483
683.754	17.484
684.067	17.112
684.377	17.193
684.692	17.603
685.019	18.246
685.360	19.041
685.720	19.922
686.100	20.824
686.500	21.689
686.919	22.457
687.356	23.076
687.807	23.496
688.270	23.679
688.738	23.602
689.207	23.254
689.671	22.642
690.125	21.792
690.565	20.742
690.985	19.538
691.383	18.233
691.757	16.878
692.105	15.521
692.428	14.204
692.726	12.960
693.000	11.815
693.252	10.788
693.485	9.890
693.701	9.133
693.902	8.527
694.093	8.089
694.276	7.840
694.457	7.819
694.641	8.084
694.834	8.730
695.047	9.900
695.294	11.810
695.595	14.780
695.978	19.263
696.486	25.877
697.175	35.391
698.123	48.588
699.421	65.926
701.162	86.910
703.406	109.414
706.139	129.691
709.251	143.866
712.554	150.260
715.863	150.274
719.055	146.712
722.077	141.411
724.914	134.551
727.545	125.537
729.942	114.213
732.078	101.287
733.940	88.007
735.539	75.558
736.901	64.693
738.064	55.669
739.064	48.385
739.936	42.560
740.706	37.871
741.394	34.029
742.015	30.807
742.582	28.035
743.100	25.597
743.576	23.416
744.014	21.443
744.419	19.648
744.792	18.013
745.136	16.523
745.455	15.170
745.750	13.948
746.024	12.852
746.278	11.877
746.515	11.021
746.738	10.278
746.948	9.646
747.147	9.124
747.337	8.711
747.521	8.410
747.701	8.226
747.879	8.167
748.059	8.246
748.242	8.484
748.434	8.909
748.638	9.560
748.861	10.487
749.109	11.756
749.390	13.452
749.716	15.670
750.101	18.520
750.560	22.101
751.113	26.485
751.778	31.655
752.575	37.461
753.516	43.545
754.604	49.340
755.826	54.130
757.149	57.232
758.529	58.272
759.915	57.376
761.264	55.198
762.551	52.752
763.779	51.138
764.972	51.311
766.178	53.964
767.456	59.410
768.869	67.535
770.471	77.645
772.296	88.435
774.341	98.151
776.561	105.112
778.880	108.408
781.214	108.313
783.496	106.023
785.689	102.940
787.787	100.004
789.801	97.407
791.739	94.736
793.602	91.369
795.376	86.780
797.039	80.778
798.570	73.565
799.950	65.604
801.172	57.455
802.235	49.633
803.152	42.507
803.937	36.298
804.610	31.092
805.188	26.883
805.693	23.610
806.140	21.196
806.546	19.561
806.925	18.629
807.292	18.351
807.658	18.697
808.036	19.652
808.439	21.221
808.879	23.424
809.369	26.294
809.925	29.862
810.560	34.154
811.289	39.182
812.128	44.925
813.092	51.332
814.190	58.297
815.432	65.678
816.824	73.287
818.365	80.888
820.049	88.198
821.863	94.877
823.789	100.524
825.799	104.738
827.861	107.221
829.937	107.910
831.994	107.086
834.007	105.384
835.963	103.682
837.869	102.868
839.745	103.638
841.623	106.259
843.536	110.459
845.507	115.348
847.542	119.566
849.621	121.566
851.700	120.083
853.718	114.554
855.610	105.344
857.323	93.566
858.826	80.647
860.108	67.908
861.182	56.301
862.070	46.319
862.802	38.107
863.406	31.578
863.910	26.525
864.336	22.707
864.705	19.902
865.032	17.925
865.330	16.631
865.610	15.931
865.882	15.779
866.156	16.171
866.440	17.158
866.746	18.847
867.086	21.403
867.478	25.073
867.943	30.188
868.508	37.157
869.209	46.453
870.089	58.529
871.199	73.625
872.591	91.528
874.304	111.218
876.355	130.680
878.715	147.147
881.306	158.005
884.015	162.017
886.721	160.094
889.333	154.916
891.815	149.703
894.183	146.982
896.484	147.899
898.780	152.127
901.118	158.212
903.518	163.888
905.963	166.709
908.405	164.774
910.773	157.257
912.991	144.585
914.995	128.263
916.748	110.242
918.239	92.320
919.477	75.802
920.490	61.421
921.309	49.413
921.970	39.693
922.502	32.015
922.934	26.056
923.287	21.505
923.582	18.078
923.832	15.546
924.050	13.713
924.244	12.435
924.423	11.599
924.591	11.114
924.754	10.922
924.917	10.974
925.082	11.236
925.253	11.685
925.433	12.306
925.624	13.089
925.830	14.026
926.052	15.112
926.293	16.342
926.556	17.709
926.843	19.200
927.156	20.806
927.498	22.498
927.870	24.247
928.272	26.017
928.707	27.757
929.172	29.410
929.667	30.918
930.189	32.222
930.734	33.266
931.299	34.007
931.877	34.427
932.463	34.522
933.053	34.328
933.640	33.906
934.222	33.347
934.796	32.786
935.363	32.384
935.927	32.353
936.494	32.980
937.078	34.623
937.697	37.814
938.382	43.291
939.177	52.084
940.145	65.604
941.373	85.587
942.977	113.784
945.095	151.062
947.858	195.672
951.334	241.509
955.456	278.100
959.975	295.018
964.533	288.420
968.783	263.599
972.519	230.540
975.695	197.650
978.365	169.165
980.622	145.895
982.552	127.055
984.223	111.569
985.684	98.559
986.971	87.473
988.111	77.956
989.128	69.788
990.038	62.788
990.859	56.795
991.604	51.659
992.283	47.227
992.906	43.376
993.481	39.995
994.014	36.992
994.508	34.313
994.969	31.906
995.400	29.743
995.804	27.816
996.185	26.114
996.544	24.644
996.885	23.411
997.211	22.426
997.526	21.703
997.834	21.254
998.137	21.096
998.441	21.237
998.750	21.704
999.068	22.491
999.401	23.622
999.754	25.094
1000.131	26.894
1000.539	29.011
1000.981	31.402
1001.462	34.004
1001.985	36.735
1002.552	39.486
1003.163	42.131
1003.816	44.534
1004.508	46.576
1005.230	48.176
1005.979	49.333
1006.744	50.170
1007.525	50.969
1008.319	52.265
1009.138	54.899
1010.005	60.158
1010.965	69.909
1012.095	86.718
1013.510	113.747
1015.373	153.986
1017.875	208.133
1021.186	270.837
1025.342	327.507
1030.131	357.367
1035.072	346.006
1039.597	297.432
1043.309	230.749
1046.087	165.901
1048.042	113.666
1049.365	76.294
1050.250	51.377
1050.850	35.473
1051.267	25.583
1051.573	19.510
1051.810	15.813
1052.004	13.581
1052.175	12.253
1052.330	11.493
1052.479	11.103
1052.623	10.969
1052.768	11.023
1052.914	11.232
1053.065	11.575
1053.222	12.051
1053.386	12.658
1053.561	13.400
1053.747	14.288
1053.948	15.326
1054.164	16.529
1054.400	17.899
1054.656	19.442
1054.937	21.155
1055.245	23.035
1055.581	25.053
1055.950	27.191
1056.352	29.392
1056.787	31.606
1057.258	33.755
1057.762	35.749
1058.297	37.497
1058.859	38.899
1059.443	39.868
1060.042	40.333
1060.648	40.251
1061.254	39.611
1061.850	38.440
1062.428	36.797
1062.983	34.765
1063.507	32.453
1063.998	29.963
1064.451	27.406
1064.867	24.878
1065.247	22.453
1065.590	20.197
1065.901	18.149
1066.182	16.339
1066.437	14.782
1066.669	13.486
1066.883	12.456
1067.083	11.693
1067.272	11.208
1067.456	11.017
1067.639	11.153
1067.827	11.673
1068.027	12.674
1068.247	14.304
1068.500	16.818
1068.802	20.609
1069.178	26.338
1069.666	35.080
1070.324	48.631
1071.247	69.992
1072.585	104.190
1074.578	159.438
1077.601	248.284
1082.197	386.354
1089.021	581.673
1098.537	806.927
1110.392	976.667
1123.049	996.136
1134.495	861.477
1143.489	658.029
1149.921	467.990
1154.319	325.143
1157.314	229.611
1159.413	169.800
1160.969	134.118
1162.205	113.769
1163.263	103.002
1164.227	98.158
1165.152	97.011
1166.070	98.204
1167.002	100.852
1167.961	104.422
1168.955	108.459
1169.988	112.681
1171.060	116.731
1172.171	120.403
1173.313	123.381
1174.483	125.499
1175.670	126.565
1176.864	126.483
1178.054	125.235
1179.230	122.867
1180.380	119.511
1181.497	115.348
1182.574	110.591
1183.605	105.471
1184.587	100.196
1185.520	94.959
1186.405	89.911
1187.243	85.156
1188.038	80.765
1188.794	76.766
1189.513	73.159
1190.201	69.927
1190.859	67.023
1191.493	64.417
1192.103	62.041
1192.693	59.870
1193.264	57.836
1193.817	55.924
1194.354	54.081
1194.875	52.303
1195.380	50.559
1195.870	48.843
1196.345	47.153
1196.806	45.482
1197.252	43.841
1197.683	42.224
1198.100	40.653
1198.504	39.117
1198.893	37.641
1199.270	36.215
1199.634	34.859
1199.986	33.568
1200.327	32.348
1200.657	31.205
1200.976	30.132
1201.287	29.134
1201.588	28.206
1201.882	27.348
1202.168	26.554
1202.447	25.820
1202.720	25.143
1202.987	24.515
1203.250	23.934
1203.507	23.392
1203.760	22.884
1204.009	22.404
1204.254	21.950
1204.495	21.513
1204.733	21.091
1204.967	20.678
1205.198	20.274
1205.427	19.871
1205.651	19.471
1205.873	19.069
1206.091	18.669
1206.306	18.267
1206.516	17.868
1206.725	17.472
1206.929	17.087
1207.130	16.718
1207.328	16.375
1207.523	16.074
1207.716	15.829
1207.907	15.673
1208.098	15.630
1208.289	15.759
1208.484	16.112
1208.685	16.790
1208.897	17.904
1209.125	19.627
1209.378	22.177
1209.667	25.864
1210.008	31.080
1210.422	38.333
1210.937	48.248
1211.589	61.514
1212.425	78.795
1213.496	100.498
1214.857	126.409
1216.555	155.201
1218.615	184.050
1221.015	208.673
1223.678	224.253
1226.470	227.156
1229.228	216.587
1231.794	195.045
1234.057	167.175
1235.965	137.874
1237.520	110.854
1238.761	88.151
1239.747	70.303
1240.535	57.068
1241.179	47.694
1241.723	41.411
1242.199	37.490
1242.636	35.356
1243.053	34.545
1243.464	34.738
1243.881	35.689
1244.313	37.222
1244.767	39.203
1245.247	41.523
1245.757	44.088
1246.302	46.797
1246.881	49.552
1247.496	52.239
1248.145	54.745
1248.826	56.943
1249.535	58.718
1250.266	59.958
1251.012	60.588
1251.766	60.541
1252.519	59.821
1253.262	58.440
1253.988	56.482
1254.690	54.032
1255.360	51.230
1255.998	48.200
1256.597	45.094
1257.160	42.041
1257.685	39.169
1258.177	36.583
1258.638	34.402
1259.075	32.703
1259.492	31.599
1259.899	31.182
1260.304	31.572
1260.719	32.910
1261.155	35.357
1261.629	39.099
1262.158	44.339
1262.763	51.276
1263.466	60.052
1264.293	70.695
1265.268	83.031
1266.410	96.560
1267.731	110.395
1269.231	123.262
1270.889	133.662
1272.664	140.131
1274.497	141.728
1276.328	138.263
1278.089	130.500
1279.732	119.784
1281.225	107.847
1282.561	96.230
1283.750	86.145
1284.816	78.343
1285.789	73.165
1286.704	70.668
1287.595	70.694
1288.493	72.946
1289.425	77.043
1290.414	82.496
1291.474	88.717
1292.612	95.041
1293.828	100.749
1295.111	105.125
1296.441	107.569
1297.793	107.702
1299.137	105.401
1300.442	100.869
1301.682	94.542
1302.837	87.026
1303.897	78.956
1304.856	70.902
1305.715	63.363
1306.484	56.617
1307.172	50.903
1307.794	46.276
1308.362	42.774
1308.891	40.365
1309.394	39.015
1309.885	38.689
1310.376	39.380
1310.880	41.101
1311.411	43.922
1311.983	47.961
1312.612	53.398
1313.316	60.498
1314.119	69.611
1315.045	81.150
1316.128	95.579
1317.405	113.284
1318.914	134.465
1320.696	158.751
1322.781	185.097
1325.182	211.392
1327.879	234.787
1330.814	252.242
1333.900	261.842
1337.034	263.689
1340.126	260.366
1343.127	256.261
1346.046	256.135
1348.937	263.826
1351.896	280.973
1355.021	306.301
1358.384	335.175
1361.998	360.134
1365.791	372.849
1369.613	367.248
1373.275	342.223
1376.598	302.056
1379.465	254.159
1381.834	205.932
1383.729	162.558
1385.213	126.643
1386.365	98.603
1387.262	77.569
1387.970	62.362
1388.543	51.593
1389.022	44.141
1389.435	39.086
1389.804	35.738
1390.145	33.601
1390.468	32.316
1390.780	31.656
1391.089	31.438
1391.398	31.581
1391.710	32.005
1392.028	32.685
1392.354	33.604
1392.692	34.763
1393.043	36.169
1393.410	37.841
1393.796	39.796
1394.204	42.055
1394.637	44.632
1395.099	47.536
1395.592	50.772
1396.121	54.323
1396.689	58.157
1397.298	62.222
1397.952	66.438
1398.650	70.693
1399.395	74.859
1400.184	78.772
1401.014	82.268
1401.880	85.169
1402.776	87.315
1403.693	88.579
1404.621	88.873
1405.552	88.185
1406.473	86.533
1407.376	84.032
1408.251	80.828
1409.093	77.107
1409.895	73.090
1410.656	68.980
1411.374	65.009
1412.053	61.363
1412.695	58.229
1413.306	55.792
1413.895	54.211
1414.471	53.664
1415.044	54.335
1415.629	56.433
1416.241	60.199
1416.899	65.890
1417.624	73.795
1418.440	84.178
1419.375	97.239
1420.457	113.032
1421.713	131.324
1423.168	151.508
1424.839	172.490
1426.723	192.640
1428.806	210.012
1431.048	222.643
1433.391	229.062
1435.767	228.651
1438.104	221.936
1440.343	210.254
1442.439	195.549
1444.370	179.672
1446.132	164.175
1447.734	150.081
1449.194	137.823
1450.534	127.524
1451.772	118.979
1452.927	111.904
1454.014	105.947
1455.044	100.826
1456.025	96.283
1456.962	92.175
1457.860	88.397
1458.722	84.899
1459.550	81.712
1460.349	78.859
1461.121	76.365
1461.870	74.321
1462.602	72.703
1463.319	71.599
1464.027	70.968
1464.731	70.839
1465.436	71.147
1466.146	71.869
1466.865	72.918
1467.597	74.228
1468.342	75.695
1469.104	77.225
1469.883	78.724
1470.677	80.106
1471.486	81.293
1472.307	82.255
1473.138	82.972
1473.977	83.473
1474.821	83.850
1475.670	84.200
1476.522	84.727
1477.382	85.619
1478.252	87.175
1479.140	89.709
1480.057	93.601
1481.016	99.312
1482.038	107.314
1483.145	118.191
1484.367	132.483
1485.739	150.710
1487.298	173.164
1489.085	199.729
1491.135	229.620
1493.470	261.045
1496.093	291.183
1498.976	316.321
1502.051	332.567
1505.224	336.978
1508.374	328.378
1511.384	307.969
1514.156	278.748
1516.625	244.595
1518.765	209.244
1520.578	175.539
1522.087	145.233
1523.332	119.104
1524.349	97.257
1525.180	79.352
1525.859	64.900
1526.416	53.333
1526.875	44.132
1527.257	36.830
1527.577	31.046
1527.849	26.461
1528.081	22.823
1528.284	19.932
1528.461	17.630
1528.620	15.791
1528.762	14.320
1528.893	13.138
1529.014	12.184
1529.126	11.413
1529.232	10.785
1529.333	10.269
1529.430	9.844
1529.524	9.490
1529.614	9.191
1529.702	8.937
1529.789	8.718
1529.874	8.525
1529.956	8.356
1530.039	8.200
1530.120	8.060
1530.200	7.928
1530.280	7.805
1530.358	7.686
1530.436	7.574
1530.513	7.465
1530.589	7.359
1530.665	7.255
1530.740	7.155
1530.815	7.056
1530.888	6.961
1530.962	6.869
1531.034	6.780
1531.106	6.696
1531.178	6.618
1531.249	6.548
1531.320	6.486
1531.391	6.437
1531.461	6.403
1531.532	6.388
1531.603	6.398
1531.674	6.443
1531.747	6.531
1531.821	6.678
1531.897	6.903
1531.977	7.234
1532.061	7.712
1532.151	8.390
1532.251	9.346
1532.363	10.694
1532.493	12.602
1532.648	15.306
1532.839	19.178
1533.080	24.788
1533.396	33.022
1533.823	45.314
1534.412	63.958
1535.253	92.811
1536.477	137.872
1538.302	208.453
1541.043	316.603
1545.137	472.615
1551.049	671.610
1559.009	872.802
1568.626	998.723
1578.740	986.417
1587.951	848.693
1595.368	658.165
1600.862	480.510
1604.765	343.258
1607.513	246.606
1609.479	181.045
1610.923	136.856
1612.018	106.760
1612.877	85.849
1613.573	70.992
1614.151	60.216
1614.645	52.226
1615.076	46.200
1615.460	41.599
1615.808	38.050
1616.128	35.306
1616.426	33.174
1616.709	31.531
1616.979	30.285
1617.240	29.352
1617.494	28.674
1617.744	28.206
1617.991	27.905
1618.236	27.736
1618.481	27.671
1618.727	27.685
1618.974	27.755
1619.223	27.858
1619.474	27.978
1619.727	28.099
1619.982	28.205
1620.239	28.283
1620.498	28.320
1620.759	28.305
1621.019	28.237
1621.281	28.104
1621.542	27.897
1621.802	27.622
1622.060	27.270
1622.317	26.845
1622.569	26.348
1622.819	25.780
1623.063	25.150
1623.302	24.462
1623.537	23.723
1623.765	22.938
1623.985	22.120
1624.199	21.282
1624.406	20.422
1624.605	19.566
1624.796	18.725
1624.981	17.910
1625.157	17.159
1625.328	16.501
1625.493	16.000
1625.653	15.749
1625.814	15.898
1625.977	16.706
1626.151	18.597
1626.348	22.285
1626.591	28.964
1626.912	40.619
1627.370	60.489
1628.062	93.725
1629.142	147.956
1630.845	233.225
1633.506	359.296
1637.519	527.252
1643.200	714.645
1650.509	865.798
1658.802	913.283
1666.960	831.720
1673.927	663.012
1679.210	477.115
1682.886	321.966
1685.319	211.624
1686.909	140.405
1687.966	97.138
1688.706	71.871
1689.261	57.525
1689.713	49.582
1690.108	45.295
1690.474	43.069
1690.824	41.978
1691.167	41.502
1691.509	41.356
1691.851	41.379
1692.195	41.495
1692.541	41.661
1692.889	41.867
1693.240	42.115
1693.595	42.407
1693.954	42.764
1694.316	43.200
1694.684	43.732
1695.058	44.376
1695.439	45.158
1695.828	46.085
1696.226	47.178
1696.636	48.446
1697.058	49.903
1697.494	51.547
1697.946	53.376
1698.416	55.393
1698.905	57.576
1699.415	59.905
1699.947	62.354
1700.501	64.886
1701.080	67.457
1701.683	70.014
1702.310	72.518
1702.960	74.903
1703.632	77.126
1704.325	79.147
1705.036	80.927
1705.765	82.454
1706.507	83.726
1707.262	84.756
1708.026	85.580
1708.797	86.267
1709.577	86.868
1710.362	87.474
1711.153	88.183
1711.953	89.065
1712.761	90.211
1713.580	91.692
1714.416	93.548
1715.268	95.802
1716.143	98.449
1717.043	101.426
1717.970	104.651
1718.927	107.992
1719.916	111.290
1720.933	114.347
1721.977	116.973
1723.045	118.949
1724.128	120.098
1725.218	120.279
1726.309	119.397
1727.388	117.444
1728.447	114.461
1729.478	110.552
1730.470	105.889
1731.420	100.660
1732.322	95.063
1733.172	89.324
1733.972	83.605
1734.720	78.078
1735.420	72.862
1736.074	68.056
1736.687	63.703
1737.261	59.851
1737.803	56.500
1738.316	53.644
1738.805	51.257
1739.274	49.316
1739.727	47.782
1740.168	46.626
1740.601	45.808
1741.028	45.287
1741.450	45.034
1741.873	45.025
1742.298	45.241
1742.727	45.652
1743.160	46.252
1743.601	47.036
1744.052	47.998
1744.512	49.146
1744.987	50.504
1745.475	52.088
1745.980	53.927
1746.506	56.077
1747.054	58.568
1747.628	61.463
1748.233	64.844
1748.873	68.763
1749.553	73.284
1750.281	78.516
1751.062	84.519
1751.904	91.327
1752.815	99.044
1753.804	107.669
1754.879	117.185
1756.049	127.585
1757.321	138.712
1758.700	150.397
1760.190	162.348
1761.792	174.164
1763.501	185.312
1765.309	195.197
1767.199	203.143
1769.150	208.461
1771.135	210.627
1773.124	209.245
1775.079	204.155
1776.971	195.619
1778.769	184.090
1780.447	170.226
1781.986	154.852
1783.381	138.761
1784.623	122.686
1785.717	107.207
1786.672	92.749
1787.495	79.592
1788.202	67.852
1788.804	57.564
1789.316	48.673
1789.750	41.084
1790.117	34.671
1790.428	29.297
1790.692	24.832
1790.916	21.150
1791.109	18.138
1791.274	15.701
1791.419	13.753
1791.547	12.218
1791.661	11.037
1791.765	10.171
1791.861	9.585
1791.954	9.250
1792.043	9.153
1792.133	9.296
1792.225	9.683
1792.322	10.330
1792.427	11.278
1792.542	12.562
1792.672	14.258
1792.820	16.445
1792.992	19.234
1793.195	22.768
1793.437	27.211
1793.728	32.774
1794.081	39.692
1794.509	48.224
1795.031	58.638
1795.668	71.146
1796.440	85.880
1797.372	102.775
1798.484	121.460
1799.792	141.162
1801.301	160.634
1803.003	178.206
1804.871	191.989
1806.858	200.250
1808.902	201.846
1810.934	196.505
1812.886	185.026
1814.701	168.971
1816.342	150.234
1817.787	130.755
1819.037	112.079
1820.106	95.285
1821.013	81.043
1821.786	69.802
1822.455	61.892
1823.057	57.748
1823.628	58.330
1824.217	65.322
1824.896	81.610
1825.766	112.032
1826.981	163.940
1828.772	246.978
1831.457	370.900
1835.423	538.217
1840.996	729.748
1848.190	893.799
1856.485	962.332
1864.825	899.509
1872.139	736.252
1877.825	541.273
1881.854	369.335
1884.542	241.539
1886.281	155.840
1887.401	101.755
1888.136	68.830
1888.638	49.154
1889.002	37.509
1889.285	30.620
1889.519	26.538
1889.725	24.104
1889.913	22.644
1890.093	21.774
1890.266	21.267
1890.437	20.996
1890.606	20.890
1890.776	20.908
1890.947	21.029
1891.119	21.246
1891.294	21.559
1891.472	21.973
1891.655	22.500
1891.843	23.158
1892.037	23.967
1892.240	24.959
1892.452	26.172
1892.675	27.653
1892.912	29.461
1893.166	31.675
1893.441	34.390
1893.740	37.714
1894.071	41.801
1894.440	46.826
1894.855	52.979
1895.327	60.526
1895.868	69.737
1896.494	80.898
1897.222	94.348
1898.073	110.347
1899.069	129.101
1900.234	150.684
1901.590	174.887
1903.157	201.222
1904.951	228.755
1906.976	256.206
1909.221	281.947
1911.665	304.332
1914.274	321.996
1916.999	334.053
1919.790	340.407
1922.599	341.766
1925.389	339.199
1928.126	334.004
1930.796	327.314
1933.391	319.753
1935.904	311.569
1938.335	302.570
1940.677	292.397
1942.924	280.634
1945.065	266.954
1947.087	251.407
1948.977	234.182
1950.729	215.733
1952.334	196.600
1953.789	177.427
1955.096	158.764
1956.265	141.028
1957.301	124.553
1958.214	109.571
1959.017	96.119
1959.724	84.181
1960.341	73.745
1960.883	64.656
1961.362	56.791
1961.781	50.048
1962.153	44.262
1962.483	39.333
1962.777	35.150
1963.042	31.603
1963.280	28.629
1963.497	26.141
1963.697	24.089
1963.881	22.423
1964.055	21.101
1964.218	20.094
1964.375	19.376
1964.528	18.934
1964.677	18.747
1964.827	18.818
1964.978	19.146
1965.132	19.727
1965.292	20.569
1965.461	21.692
1965.639	23.105
1965.830	24.819
1966.037	26.867
1966.262	29.261
1966.507	32.016
1966.778	35.165
1967.076	38.707
1967.405	42.655
1967.769	47.004
1968.171	51.729
1968.614	56.794
1969.102	62.137
1969.637	67.661
1970.220	73.252
1970.851	78.761
1971.530	84.011
1972.253	88.807
1973.017	92.954
1973.816	96.253
1974.642	98.534
1975.486	99.666
1976.337	99.575
1977.187	98.247
1978.023	95.737
1978.836	92.158
1979.617	87.671
1980.360	82.476
1981.057	76.781
1981.706	70.803
1982.304	64.725
1982.851	58.729
1983.347	52.939
1983.795	47.462
1984.197	42.366
1984.557	37.686
1984.878	33.455
1985.163	29.667
1985.417	26.297
1985.643	23.323
1985.844	20.723
1986.024	18.460
1986.184	16.494
1986.329	14.796
1986.459	13.337
1986.576	12.082
1986.684	11.004
1986.782	10.083
1986.873	9.295
1986.956	8.622
1987.035	8.047
1987.108	7.557
1987.178	7.139
1987.244	6.782
1987.307	6.478
1987.367	6.220
1987.426	6.001
1987.482	5.816
1987.538	5.659
1987.592	5.526
1987.645	5.416
1987.697	5.325
1987.749	5.252
1987.800	5.191
1987.851	5.144
1987.902	5.109
1987.952	5.085
1988.003	5.070
1988.054	5.065
1988.105	5.066
1988.156	5.075
1988.208	5.094
1988.260	5.116
1988.312	5.146
1988.365	5.182
1988.419	5.224
1988.473	5.271
1988.529	5.324
1988.585	5.381
1988.642	5.444
1988.699	5.511
1988.758	5.584
1988.818	5.660
1988.879	5.741
1988.941	5.825
1989.005	5.914
1989.069	6.005
1989.135	6.101
1989.202	6.199
1989.271	6.300
1989.341	6.403
1989.412	6.507
1989.486	6.614
1989.560	6.721
1989.636	6.829
1989.714	6.936
1989.794	7.043
1989.875	7.148
1989.957	7.251
1990.041	7.351
1990.126	7.447
1990.214	7.540
1990.302	7.628
1990.392	7.710
1990.483	7.786
1990.576	7.854
1990.670	7.915
1990.765	7.966
1990.861	8.007
1990.957	8.039
1991.054	8.059
1991.153	8.069
1991.251	8.068
1991.350	8.054
1991.450	8.027
1991.550	7.988
1991.649	7.937
1991.747	7.872
1991.846	7.796
1991.945	7.707
1992.042	7.606
1992.138	7.493
1992.234	7.370
1992.328	7.236
1992.421	7.092
1992.512	6.940
1992.602	6.778
1992.690	6.610
1992.776	6.435
1992.860	6.255
1992.943	6.070
1993.023	5.882
1993.101	5.690
1993.176	5.497
1993.250	5.302
1993.321	5.108
1993.390	4.914
1993.456	4.721
1993.521	4.530
1993.582	4.342
1993.642	4.157
1993.699	3.975
1993.754	3.798
1993.807	3.624
1993.857	3.456
1993.906	3.292
1993.952	3.135
1993.996	2.982
1994.039	2.835
1994.079	2.694
1994.118	2.558
1994.155	2.428
1994.190	2.303
1994.223	2.184
1994.255	2.070
1994.286	1.962
1994.315	1.859
1994.342	1.761
1994.368	1.668
1994.393	1.579
1994.417	1.496
1994.440	1.416
1994.461	1.341
1994.481	1.270
1994.501	1.203
1994.519	1.139
1994.537	1.079
1994.554	1.023
1994.570	0.970
1994.585	0.919
1994.599	0.872
1994.614	0.827
1994.627	0.785
1994.639	0.746
1994.651	0.708
1994.663	0.673
1994.674	0.640
1994.684	0.609
1994.694	0.579
1994.704	0.552
1994.713	0.526
1994.722	0.501
1994.730	0.478
1994.738	0.456
1994.746	0.435
1994.753	0.416
1994.760	0.398
1994.767	0.380
1994.774	0.364
1994.780	0.349
1994.786	0.334
1994.792	0.320
1994.798	0.307
1994.803	0.295
1994.809	0.283
1994.814	0.272
1994.819	0.262
1994.823	0.252
