<j>	var(j)
1.246	0.387
3.002	0.921
4.179	0.875
5.196	0.705
6.054	0.711
7.215	1.332
8.585	0.975
9.532	1.532
11.137	2.247
12.467	1.536
13.346	1.420
14.237	1.855
15.522	2.821
17.083	2.218
18.031	1.476
18.729	1.284
19.440	1.445
20.367	1.813
21.486	1.844
22.550	1.870
23.598	1.727
24.543	1.681
25.496	1.971
26.692	3.106
28.339	3.566
29.759	2.826
30.782	2.091
31.548	1.697
32.242	1.605
32.951	1.500
33.668	1.754
34.659	3.159
36.382	4.929
38.246	3.751
39.354	2.254
40.058	1.820
40.693	1.646
41.311	1.533
41.954	1.802
42.828	3.072
44.396	6.558
47.021	9.179
49.278	5.271
50.306	2.556
50.847	2.083
51.368	2.686
52.136	4.268
53.392	6.135
54.975	5.628
56.180	3.194
56.831	1.790
57.242	1.473
57.644	1.710
58.184	2.470
59.043	3.985
60.413	5.858
62.128	5.995
63.566	4.223
64.501	2.795
65.151	2.202
65.716	2.118
66.315	2.367
67.037	2.875
67.946	3.613
69.090	4.820
70.581	6.850
72.480	8.304
74.343	6.766
75.630	4.489
76.493	4.392
77.473	7.979
79.355	17.198
82.678	24.597
85.950	17.998
87.839	10.212
88.864	6.416
89.525	4.486
90.007	3.402
90.395	2.836
90.742	2.622
91.088	2.673
91.469	2.953
91.919	3.441
92.476	4.087
93.164	4.760
93.977	5.266
94.877	5.497
95.812	5.583
96.766	5.832
97.775	6.550
98.919	7.879
100.275	9.604
101.845	11.156
103.539	12.081
105.236	12.203
106.832	11.306
108.221	9.409
109.327	7.104
110.148	5.143
110.755	3.951
111.248	3.634
111.742	4.248
112.371	5.998
113.303	9.142
114.711	13.166
116.582	15.679
118.546	14.469
120.167	10.951
121.324	7.573
122.117	5.169
122.670	3.688
123.085	2.935
123.439	2.768
123.804	3.159
124.257	4.260
124.911	6.416
125.927	9.863
127.442	13.573
129.326	14.666
131.114	12.250
132.486	9.408
133.537	8.627
134.555	10.840
135.900	17.228
138.002	28.217
141.060	37.490
144.396	34.457
146.953	23.237
148.521	14.266
149.469	9.732
150.136	8.081
150.717	7.982
151.315	8.719
151.990	9.871
152.768	11.069
153.647	11.917
154.591	12.093
155.543	11.562
156.447	10.673
157.284	10.002
158.082	10.102
158.909	11.369
159.864	13.943
161.045	17.444
162.496	20.577
164.133	21.423
165.741	19.087
167.100	14.794
168.120	10.531
168.843	7.366
169.359	5.379
169.750	4.279
170.076	3.778
170.380	3.684
170.692	3.897
171.039	4.380
171.447	5.161
171.947	6.384
172.587	8.468
173.465	12.482
174.788	20.594
176.933	34.913
180.220	50.538
184.168	52.486
187.537	39.391
189.773	25.677
191.169	17.207
192.106	12.507
192.798	9.741
193.351	8.003
193.817	6.912
194.232	6.273
194.621	5.951
195.003	5.836
195.390	5.836
195.788	5.881
196.201	5.938
196.628	6.026
197.074	6.252
197.552	6.857
198.096	8.303
198.783	11.380
199.758	17.173
201.234	26.217
203.389	36.000
206.070	39.969
208.703	35.040
210.798	26.918
212.340	21.471
213.572	19.643
214.717	20.068
215.892	21.205
217.124	21.825
218.371	21.192
219.557	19.253
220.618	16.586
221.525	14.006
222.295	12.192
222.978	11.607
223.648	12.662
224.406	15.911
225.384	22.063
226.751	31.382
228.651	42.075
231.055	49.016
233.631	47.046
235.903	37.360
237.598	26.156
238.750	17.743
239.533	12.749
240.109	10.239
240.586	9.250
241.033	9.185
241.490	9.748
241.989	10.823
242.555	12.375
243.215	14.383
243.992	16.775
244.904	19.371
245.955	21.859
247.132	23.845
248.398	25.021
249.704	25.338
251.005	25.064
252.275	24.637
253.513	24.455
254.734	24.736
255.964	25.502
257.225	26.615
258.530	27.808
259.878	28.681
261.247	28.765
262.596	27.669
263.871	25.293
265.018	21.929
266.001	18.141
266.810	14.515
267.460	11.452
267.979	9.119
268.400	7.513
268.757	6.547
269.077	6.118
269.388	6.152
269.711	6.611
270.070	7.514
270.491	8.955
271.005	11.126
271.660	14.369
272.519	19.172
273.673	25.988
275.219	34.587
277.210	42.989
279.545	47.438
281.943	45.299
284.081	38.278
285.806	30.784
287.167	25.958
288.324	24.535
289.435	25.845
290.618	28.699
291.926	31.761
293.353	33.838
294.840	34.305
296.313	33.363
297.720	31.786
299.043	30.306
300.296	29.180
301.495	28.167
302.647	26.806
303.734	24.762
304.731	22.019
305.613	18.871
306.368	15.740
307.000	12.989
307.527	10.824
307.974	9.302
308.367	8.377
308.731	7.965
309.086	7.972
309.451	8.309
309.841	8.899
310.268	9.657
310.739	10.489
311.258	11.280
311.822	11.905
312.422	12.241
313.042	12.205
313.662	11.778
314.264	11.017
314.829	10.046
315.349	9.013
315.821	8.062
316.250	7.309
316.648	6.860
317.032	6.877
317.433	7.793
317.913	11.021
318.647	21.330
320.173	53.667
323.983	139.477
332.289	258.052
343.007	236.516
350.051	119.789
353.136	54.485
354.522	31.497
355.351	23.802
355.996	20.895
356.575	19.605
357.126	18.964
357.666	18.624
358.203	18.425
358.739	18.282
359.278	18.151
359.819	18.021
360.361	17.908
360.906	17.847
361.455	17.884
362.012	18.073
362.581	18.459
363.169	19.074
363.783	19.918
364.431	20.963
365.119	22.144
365.852	23.358
366.628	24.488
367.446	25.424
368.297	26.093
369.171	26.491
370.059	26.695
370.957	26.858
371.861	27.172
372.780	27.834
373.724	29.012
374.712	30.811
375.764	33.271
376.900	36.359
378.139	39.958
379.491	43.871
380.962	47.788
382.542	51.286
384.210	53.849
385.927	54.971
387.645	54.351
389.309	52.074
390.874	48.673
392.316	45.010
393.638	42.032
394.867	40.574
396.056	41.233
397.268	44.297
398.573	49.656
400.031	56.623
401.678	63.773
403.499	69.073
405.426	70.520
407.340	67.145
409.113	59.610
410.653	49.814
411.919	39.851
412.923	31.191
413.710	24.471
414.330	19.735
414.838	16.738
415.275	15.170
415.681	14.767
416.083	15.340
416.510	16.764
416.985	18.954
417.530	21.818
418.164	25.225
418.902	28.939
419.752	32.621
420.708	35.819
421.755	38.081
422.861	39.079
423.987	38.781
425.096	37.505
426.163	35.902
427.182	34.807
428.174	35.154
429.184	37.888
430.282	43.954
431.565	54.120
433.145	68.523
435.119	85.772
437.527	102.103
440.285	111.973
443.168	111.068
445.894	99.665
448.240	82.469
450.123	64.956
451.581	50.494
452.708	39.973
453.603	32.889
454.345	28.331
454.991	25.457
455.578	23.658
456.130	22.522
456.662	21.799
457.181	21.332
457.695	21.027
458.206	20.830
458.718	20.703
459.230	20.625
459.746	20.584
460.266	20.572
460.790	20.589
461.319	20.638
461.854	20.722
462.396	20.850
462.947	21.031
463.507	21.276
464.078	21.613
464.663	22.088
465.267	22.793
465.895	23.904
466.561	25.730
467.285	28.792
468.104	33.911
469.080	42.260
470.305	55.234
471.905	73.841
474.016	97.216
476.713	120.621
479.907	135.350
483.288	133.598
486.430	115.458
489.010	89.124
490.931	63.778
492.279	44.286
493.210	31.294
493.874	23.505
494.381	19.319
494.806	17.474
495.200	17.116
495.593	17.715
496.007	18.944
496.455	20.589
496.947	22.491
497.490	24.503
498.086	26.476
498.733	28.249
499.426	29.676
500.156	30.638
500.911	31.087
501.678	31.078
502.447	30.790
503.210	30.539
503.972	30.769
504.744	32.053
505.557	35.082
506.457	40.622
507.508	49.376
508.792	61.686
510.388	76.915
512.349	92.749
514.654	105.091
517.177	109.472
519.704	103.769
522.011	89.882
523.947	72.462
525.476	56.001
526.645	43.086
527.545	34.401
528.271	29.572
528.906	27.902
529.516	28.738
530.155	31.577
530.867	36.027
531.686	41.703
532.637	48.107
533.732	54.558
534.968	60.188
536.320	64.070
537.742	65.471
539.177	64.114
540.565	60.297
541.855	54.796
543.019	48.576
544.045	42.514
544.942	37.224
545.730	33.022
546.434	29.990
547.078	28.072
547.688	27.144
548.284	27.078
548.885	27.756
549.506	29.089
550.164	31.027
550.870	33.548
551.639	36.663
552.483	40.410
553.416	44.830
554.453	49.942
555.607	55.694
556.889	61.888
558.305	68.117
559.850	73.739
561.502	77.938
563.223	79.918
564.959	79.170
566.651	75.701
568.244	70.061
569.700	63.183
571.001	56.093
572.150	49.665
573.166	44.510
574.079	40.983
574.925	39.259
575.743	39.430
576.572	41.572
577.454	45.808
578.433	52.321
579.556	61.341
580.873	73.090
582.435	87.646
584.290	104.725
586.472	123.388
588.989	141.809
591.802	157.374
594.826	167.290
597.931	169.647
600.972	164.288
603.824	152.893
606.406	138.200
608.687	122.932
610.684	109.107
612.435	97.833
613.995	89.479
615.415	83.923
616.744	80.771
618.022	79.495
619.278	79.505
620.532	80.205
621.794	81.023
623.065	81.445
624.338	81.073
625.599	79.661
626.833	77.140
628.024	73.609
629.156	69.302
630.219	64.525
631.208	59.595
632.120	54.797
632.961	50.348
633.734	46.388
634.450	42.988
635.116	40.168
635.742	37.910
636.336	36.183
636.907	34.946
637.462	34.170
638.009	33.840
638.554	33.962
639.105	34.565
639.671	35.708
640.259	37.476
640.880	39.985
641.548	43.382
642.277	47.833
643.085	53.508
643.992	60.553
645.021	69.044
646.194	78.908
647.531	89.847
649.044	101.248
650.736	112.163
652.588	121.393
654.565	127.706
656.612	130.155
658.665	128.379
660.657	122.726
662.533	114.118
664.255	103.766
665.805	92.847
667.182	82.294
668.397	72.717
669.469	64.422
670.418	57.500
671.267	51.900
672.036	47.495
672.743	44.129
673.404	41.635
674.031	39.847
674.634	38.614
675.223	37.794
675.803	37.264
676.378	36.909
676.951	36.638
677.523	36.377
678.094	36.075
678.663	35.705
679.228	35.267
679.790	34.789
680.347	34.326
680.900	33.961
681.450	33.806
682.001	33.993
682.559	34.687
683.133	36.073
683.735	38.363
684.379	41.786
685.087	46.564
685.880	52.889
686.785	60.849
687.828	70.344
689.033	80.965
690.414	91.896
691.970	101.918
693.677	109.549
695.488	113.409
697.333	112.663
699.139	107.355
700.834	98.404
702.369	87.284
703.718	75.542
704.879	64.429
705.866	54.725
706.704	46.773
707.424	40.592
708.052	36.018
708.614	32.808
709.131	30.700
709.618	29.463
710.091	28.892
710.559	28.820
711.029	29.111
711.508	29.653
711.999	30.351
712.505	31.128
713.027	31.916
713.566	32.662
714.120	33.323
714.688	33.870
715.268	34.286
715.857	34.571
716.454	34.740
717.057	34.819
717.664	34.847
718.273	34.865
718.886	34.922
719.504	35.063
720.127	35.324
720.757	35.729
721.398	36.288
722.053	36.997
722.723	37.833
723.411	38.767
724.119	39.769
724.848	40.826
725.599	41.964
726.373	43.278
727.174	44.962
728.009	47.355
728.893	50.977
729.849	56.550
730.916	64.978
732.147	77.225
733.612	94.019
735.387	115.227
737.537	139.060
740.080	161.459
742.951	176.651
745.988	179.490
748.966	168.428
751.666	146.688
753.952	120.290
755.789	94.890
757.220	73.902
758.332	58.438
759.214	48.170
759.948	42.191
760.600	39.510
761.218	39.281
761.840	40.854
762.493	43.723
763.197	47.484
763.965	51.779
764.805	56.261
765.718	60.583
766.700	64.414
767.742	67.484
768.831	69.629
769.950	70.867
771.086	71.428
772.227	71.781
773.372	72.627
774.530	74.881
775.726	79.642
777.001	88.154
778.416	101.710
780.049	121.466
781.991	147.948
784.332	180.347
787.135	215.649
790.405	248.353
794.051	271.644
797.897	280.235
801.720	273.078
805.318	253.864
808.564	228.664
811.419	202.955
813.908	180.006
816.088	160.904
818.018	145.370
819.749	132.567
821.319	121.628
822.753	111.903
824.069	102.978
825.276	94.644
826.383	86.828
827.399	79.539
828.329	72.823
829.181	66.722
829.964	61.257
830.684	56.442
831.350	52.251
831.969	48.661
832.548	45.629
833.093	43.095
833.611	40.996
834.107	39.282
834.584	37.894
835.047	36.778
835.500	35.883
835.944	35.164
836.382	34.592
836.815	34.139
837.245	33.783
837.674	33.515
838.101	33.335
838.529	33.254
838.958	33.292
839.390	33.475
839.828	33.845
840.273	34.455
840.729	35.369
841.200	36.660
841.692	38.416
842.210	40.730
842.763	43.710
843.361	47.457
844.013	52.066
844.732	57.595
845.530	64.064
846.419	71.391
847.412	79.393
848.515	87.717
849.730	95.857
851.053	103.173
852.469	108.962
853.954	112.563
855.475	113.517
856.996	111.685
858.481	107.268
859.896	100.795
861.216	92.977
862.429	84.579
863.529	76.288
864.518	68.645
865.409	62.005
866.216	56.572
866.955	52.423
867.643	49.557
868.297	47.928
868.934	47.456
869.569	48.056
870.216	49.633
870.889	52.074
871.598	55.248
872.354	58.977
873.162	63.049
874.028	67.192
874.952	71.094
875.928	74.410
876.948	76.807
877.999	78.016
879.063	77.852
880.121	76.266
881.154	73.362
882.146	69.363
883.081	64.583
883.951	59.374
884.750	54.081
885.479	48.992
886.141	44.333
886.742	40.258
887.290	36.840
887.795	34.118
888.265	32.067
888.711	30.656
889.141	29.825
889.562	29.510
889.982	29.638
890.408	30.149
890.844	30.965
891.294	32.019
891.764	33.251
892.254	34.601
892.766	36.016
893.302	37.464
893.862	38.941
894.446	40.476
895.056	42.166
895.695	44.205
896.367	46.920
897.084	50.845
897.867	56.834
898.749	66.187
899.784	80.785
901.055	103.228
902.684	136.602
904.832	183.509
907.678	243.737
911.363	310.590
915.882	368.490
920.986	397.289
926.195	384.757
930.978	336.383
934.976	270.932
938.092	207.201
940.425	155.552
942.159	118.319
943.476	93.558
944.522	78.125
945.402	69.151
946.188	64.480
946.926	62.599
947.649	62.516
948.373	63.570
949.113	65.338
949.877	67.565
950.669	70.098
951.491	72.897
952.349	76.009
953.244	79.561
954.182	83.786
955.172	88.987
956.224	95.577
957.354	104.008
958.585	114.779
959.943	128.331
961.457	144.924
963.161	164.498
965.083	186.426
967.241	209.321
969.634	231.051
972.238	248.909
974.995	260.174
977.824	262.933
980.628	256.657
983.316	242.433
985.812	222.580
988.072	199.829
990.076	176.738
991.834	155.128
993.368	136.005
994.708	119.791
995.886	106.397
996.933	95.472
997.873	86.622
998.728	79.407
999.514	73.438
1000.242	68.407
1000.923	64.060
1001.562	60.199
1002.165	56.692
1002.735	53.434
1003.274	50.365
1003.784	47.444
1004.267	44.639
1004.723	41.948
1005.152	39.367
1005.558	36.894
1005.940	34.539
1006.299	32.309
1006.637	30.214
1006.955	28.259
1007.254	26.450
1007.535	24.796
1007.800	23.302
1008.051	21.970
1008.290	20.811
1008.517	19.829
1008.735	19.027
1008.946	18.424
1009.151	18.031
1009.354	17.868
1009.557	17.967
1009.763	18.365
1009.975	19.116
1010.198	20.296
1010.437	21.996
1010.698	24.345
1010.990	27.501
1011.323	31.678
1011.709	37.110
1012.165	44.118
1012.711	53.015
1013.369	64.122
1014.169	77.738
1015.140	93.904
1016.311	112.385
1017.708	132.436
1019.342	152.598
1021.208	170.875
1023.272	184.813
1025.470	192.186
1027.721	191.681
1029.929	183.312
1032.007	168.530
1033.892	149.678
1035.548	129.302
1036.967	109.576
1038.163	91.971
1039.165	77.251
1040.008	65.676
1040.727	57.164
1041.357	51.516
1041.930	48.526
1042.475	48.058
1043.021	50.122
1043.595	54.862
1044.231	62.575
1044.962	73.701
1045.827	88.736
1046.873	108.139
1048.147	132.060
1049.698	160.064
1051.566	190.723
1053.766	221.252
1056.284	247.750
1059.049	265.745
1061.955	271.687
1064.864	264.240
1067.631	244.918
1070.149	217.407
1072.347	186.271
1074.207	155.451
1075.747	127.608
1077.003	104.062
1078.028	85.008
1078.864	70.137
1079.557	58.783
1080.141	50.288
1080.642	44.042
1081.086	39.538
1081.486	36.407
1081.858	34.375
1082.212	33.245
1082.557	32.906
1082.902	33.293
1083.253	34.384
1083.618	36.192
1084.006	38.753
1084.424	42.114
1084.881	46.339
1085.386	51.474
1085.951	57.558
1086.585	64.577
1087.299	72.467
1088.101	81.054
1088.998	90.073
1089.996	99.120
1091.091	107.664
1092.279	115.119
1093.542	120.832
1094.862	124.262
1096.213	125.025
1097.562	123.004
1098.885	118.336
1100.147	111.461
1101.332	102.958
1102.422	93.495
1103.409	83.737
1104.292	74.217
1105.074	65.361
1105.764	57.430
1106.372	50.569
1106.908	44.826
1107.387	40.181
1107.818	36.580
1108.214	33.952
1108.584	32.227
1108.938	31.352
1109.285	31.292
1109.635	32.037
1109.996	33.614
1110.379	36.079
1110.793	39.526
1111.249	44.076
1111.762	49.887
1112.346	57.143
1113.017	66.009
1113.796	76.646
1114.702	89.093
1115.756	103.267
1116.974	118.791
1118.372	135.004
1119.949	150.802
1121.698	164.830
1123.591	175.528
1125.583	181.523
1127.617	181.946
1129.629	176.662
1131.561	166.364
1133.356	152.339
1134.987	136.163
1136.432	119.340
1137.692	103.084
1138.777	88.201
1139.703	75.123
1140.493	63.993
1141.167	54.763
1141.746	47.269
1142.248	41.317
1142.690	36.709
1143.085	33.284
1143.446	30.911
1143.785	29.521
1144.111	29.089
1144.436	29.655
1144.770	31.321
1145.128	34.265
1145.522	38.742
1145.973	45.115
1146.502	53.819
1147.138	65.410
1147.914	80.475
1148.872	99.561
1150.057	122.999
1151.517	150.628
1153.292	181.434
1155.410	213.244
1157.865	242.670
1160.608	265.577
1163.551	278.185
1166.565	278.407
1169.517	266.656
1172.287	245.702
1174.795	219.572
1177.004	192.221
1178.918	166.627
1180.567	144.531
1181.992	126.693
1183.241	113.155
1184.358	103.771
1185.386	98.251
1186.364	96.540
1187.330	98.663
1188.323	104.978
1189.386	115.948
1190.564	132.228
1191.910	154.387
1193.482	182.752
1195.336	216.854
1197.520	255.045
1200.060	294.028
1202.944	328.806
1206.112	353.583
1209.446	363.260
1212.797	355.416
1216.003	331.227
1218.931	295.077
1221.494	252.857
1223.660	210.056
1225.440	170.637
1226.877	136.717
1228.025	108.936
1228.938	86.991
1229.669	70.105
1230.260	57.366
1230.746	47.910
1231.154	41.003
1231.506	36.051
1231.818	32.607
1232.103	30.331
1232.369	28.983
1232.626	28.385
1232.880	28.433
1233.136	29.045
1233.400	30.184
1233.676	31.833
1233.969	33.990
1234.284	36.664
1234.625	39.884
1234.999	43.655
1235.410	48.008
1235.864	52.940
1236.366	58.438
1236.924	64.468
1237.539	70.937
1238.219	77.737
1238.965	84.668
1239.777	91.517
1240.656	97.983
1241.596	103.756
1242.591	108.512
1243.629	111.934
1244.697	113.790
1245.780	113.912
1246.861	112.278
1247.924	108.961
1248.953	104.180
1249.934	98.212
1250.859	91.406
1251.717	84.109
1252.507	76.668
1253.227	69.354
1253.880	62.405
1254.467	55.986
1254.996	50.209
1255.472	45.122
1255.901	40.770
1256.292	37.122
1256.648	34.191
1256.979	31.924
1257.290	30.319
1257.588	29.336
1257.878	28.982
1258.167	29.232
1258.461	30.117
1258.767	31.637
1259.089	33.833
1259.438	36.737
1259.818	40.389
1260.239	44.829
1260.708	50.079
1261.235	56.145
1261.828	63.008
1262.496	70.581
1263.244	78.717
1264.080	87.204
1265.005	95.731
1266.020	103.931
1267.118	111.382
1268.292	117.657
1269.526	122.385
1270.806	125.288
1272.109	126.277
1273.416	125.388
1274.708	122.895
1275.970	119.146
1277.189	114.603
1278.359	109.714
1279.477	104.933
1280.545	100.600
1281.570	96.993
1282.558	94.353
1283.522	92.829
1284.472	92.590
1285.422	93.805
1286.388	96.728
1287.386	101.692
1288.439	109.170
1289.573	119.765
1290.819	134.256
1292.218	153.458
1293.816	178.206
1295.667	209.027
1297.826	245.868
1300.342	287.650
1303.247	331.781
1306.543	374.336
1310.187	410.433
1314.090	435.430
1318.132	446.615
1322.175	443.760
1326.099	429.261
1329.813	406.766
1333.267	379.972
1336.440	351.556
1339.337	323.154
1341.967	295.420
1344.349	268.554
1346.495	242.619
1348.419	217.698
1350.136	194.017
1351.658	171.795
1353.003	151.327
1354.182	132.765
1355.218	116.205
1356.122	101.648
1356.916	88.999
1357.611	78.124
1358.222	68.831
1358.763	60.936
1359.243	54.243
1359.672	48.575
1360.059	43.769
1360.408	39.687
1360.726	36.203
1361.018	33.217
1361.287	30.642
1361.537	28.411
1361.769	26.465
1361.987	24.757
1362.192	23.248
1362.385	21.908
1362.569	20.713
1362.743	19.642
1362.909	18.680
1363.068	17.814
1363.220	17.035
1363.367	16.336
1363.508	15.712
1363.645	15.159
1363.778	14.678
1363.907	14.269
1364.033	13.935
1364.158	13.681
1364.280	13.518
1364.402	13.451
1364.525	13.501
1364.648	13.685
1364.774	14.028
1364.905	14.564
1365.041	15.329
1365.185	16.384
1365.342	17.784
1365.511	19.613
1365.701	21.976
1365.915	24.988
1366.160	28.812
1366.445	33.621
1366.779	39.634
1367.175	47.110
1367.648	56.310
1368.216	67.579
1368.900	81.187
1369.722	97.474
1370.711	116.662
1371.893	138.975
1373.297	164.497
1374.951	193.308
1376.883	225.522
1379.118	261.366
1381.684	301.433
1384.607	346.470
1387.920	397.220
1391.657	453.415
1395.840	512.657
1400.461	569.310
1405.458	614.680
1410.695	638.935
1415.970	634.990
1421.050	601.834
1425.724	545.381
1429.854	475.593
1433.379	403.050
1436.319	335.419
1438.737	277.144
1440.722	229.357
1442.356	191.568
1443.719	162.213
1444.874	139.546
1445.869	122.021
1446.741	108.254
1447.515	97.274
1448.214	88.274
1448.851	80.743
1449.434	74.278
1449.972	68.618
1450.471	63.590
1450.935	59.043
1451.366	54.930
1451.771	51.151
1452.147	47.699
1452.500	44.517
1452.831	41.593
1453.140	38.902
1453.432	36.424
1453.705	34.147
1453.964	32.052
1454.206	30.130
1454.436	28.362
1454.653	26.743
1454.859	25.258
1455.054	23.898
1455.240	22.656
1455.417	21.518
1455.585	20.481
1455.747	19.536
1455.901	18.675
1456.050	17.896
1456.194	17.190
1456.332	16.553
1456.466	15.984
1456.596	15.477
1456.723	15.027
1456.846	14.634
1456.967	14.295
1457.086	14.010
1457.204	13.778
1457.320	13.598
1457.435	13.473
1457.549	13.407
1457.664	13.407
1457.780	13.484
1457.897	13.652
1458.016	13.936
1458.138	14.373
1458.266	15.018
1458.400	15.955
1458.543	17.310
1458.700	19.276
1458.876	22.143
1459.081	26.358
1459.327	32.598
1459.635	41.887
1460.035	55.754
1460.572	76.438
1461.312	107.101
1462.353	151.986
1463.832	216.128
1465.922	304.060
1468.833	417.234
1472.755	548.827
1477.761	678.701
1483.734	775.147
1490.256	806.690
1496.741	761.717
1502.598	657.095
1507.467	526.234
1511.259	399.702
1514.085	294.836
1516.147	215.889
1517.651	160.263
1518.768	122.600
1519.627	97.831
1520.317	81.883
1520.899	71.784
1521.414	65.605
1521.888	62.021
1522.339	60.270
1522.781	59.849
1523.222	60.506
1523.669	62.132
1524.132	64.663
1524.614	68.183
1525.126	72.732
1525.675	78.435
1526.268	85.414
1526.916	93.751
1527.630	103.580
1528.420	114.868
1529.298	127.642
1530.274	141.680
1531.357	156.714
1532.554	172.215
1533.866	187.523
1535.290	201.796
1536.816	214.059
1538.426	223.381
1540.098	228.920
1541.800	230.090
1543.500	226.683
1545.164	218.860
1546.760	207.232
1548.264	192.612
1549.655	176.007
1550.921	158.429
1552.056	140.779
1553.063	123.782
1553.948	107.931
1554.719	93.603
1555.388	80.911
1555.968	69.874
1556.469	60.475
1556.905	52.530
1557.284	45.948
1557.618	40.558
1557.914	36.196
1558.179	32.768
1558.421	30.120
1558.645	28.206
1558.856	26.936
1559.059	26.309
1559.258	26.299
1559.460	26.976
1559.667	28.397
1559.888	30.724
1560.129	34.161
1560.399	39.014
1560.710	45.725
1561.076	54.868
1561.519	67.257
1562.065	83.960
1562.750	106.315
1563.619	135.998
1564.734	174.916
1566.166	224.907
1568.001	287.280
1570.329	361.858
1573.230	445.704
1576.748	532.097
1580.866	610.266
1585.475	667.430
1590.384	692.774
1595.338	681.926
1600.083	638.997
1604.420	574.530
1608.240	501.287
1611.518	429.857
1614.295	366.927
1616.647	315.318
1618.658	275.208
1620.410	245.248
1621.969	223.634
1623.391	208.506
1624.718	198.256
1625.980	191.596
1627.200	187.487
1628.395	185.151
1629.575	183.998
1630.747	183.537
1631.916	183.409
1633.083	183.305
1634.248	183.003
1635.410	182.308
1636.568	181.064
1637.715	179.185
1638.850	176.592
1639.967	173.267
1641.062	169.219
1642.131	164.484
1643.168	159.157
1644.172	153.290
1645.138	147.009
1646.064	140.438
1646.949	133.665
1647.792	126.818
1648.592	119.982
1649.349	113.254
1650.064	106.729
1650.740	100.432
1651.376	94.446
1651.976	88.790
1652.541	83.493
1653.073	78.576
1653.575	74.034
1654.049	69.879
1654.498	66.096
1654.924	62.675
1655.330	59.618
1655.717	56.893
1656.087	54.499
1656.444	52.419
1656.788	50.630
1657.121	49.143
1657.446	47.927
1657.764	46.983
1658.077	46.310
1658.388	45.895
1658.696	45.748
1659.005	45.866
1659.316	46.261
1659.631	46.949
1659.952	47.938
1660.281	49.253
1660.620	50.915
1660.974	52.956
1661.341	55.416
1661.729	58.326
1662.137	61.722
1662.571	65.669
1663.036	70.209
1663.532	75.371
1664.068	81.213
1664.648	87.776
1665.273	95.054
1665.955	103.076
1666.694	111.793
1667.496	121.151
1668.368	131.068
1669.309	141.317
1670.325	151.767
1671.414	162.129
1672.576	172.065
1673.808	181.309
1675.103	189.465
1676.451	196.250
1677.846	201.416
1679.269	204.761
1680.713	206.254
1682.162	205.916
1683.603	203.926
1685.026	200.558
1686.421	196.115
1687.782	190.986
1689.104	185.513
1690.385	180.076
1691.629	174.961
1692.834	170.381
1694.008	166.544
1695.156	163.562
1696.282	161.465
1697.394	160.267
1698.499	159.921
1699.600	160.343
1700.706	161.421
1701.818	163.032
1702.941	165.056
1704.079	167.346
1705.230	169.775
1706.398	172.219
1707.582	174.614
1708.780	176.881
1709.994	179.000
1711.220	180.957
1712.457	182.815
1713.707	184.609
1714.965	186.419
1716.236	188.318
1717.519	190.388
1718.812	192.661
1720.120	195.132
1721.442	197.763
1722.780	200.465
1724.135	203.048
1725.504	205.329
1726.885	207.041
1728.276	207.952
1729.668	207.784
1731.055	206.292
1732.429	203.325
1733.779	198.807
1735.097	192.711
1736.369	185.154
1737.589	176.311
1738.750	166.407
1739.840	155.780
1740.861	144.702
1741.810	133.465
1742.682	122.406
1743.483	111.698
1744.215	101.561
1744.880	92.161
1745.485	83.555
1746.034	75.860
1746.534	69.067
1746.991	63.203
1747.410	58.268
1747.798	54.238
1748.162	51.100
1748.505	48.853
1748.835	47.481
1749.158	46.991
1749.479	47.407
1749.806	48.745
1750.143	51.070
1750.499	54.446
1750.880	58.957
1751.295	64.702
1751.752	71.774
1752.262	80.288
1752.833	90.364
1753.479	102.107
1754.210	115.530
1755.037	130.652
1755.975	147.448
1757.032	165.684
1758.217	185.074
1759.542	205.270
1761.002	225.630
1762.603	245.585
1764.340	264.511
1766.195	281.720
1768.163	296.781
1770.221	309.382
1772.353	319.448
1774.539	327.127
1776.761	332.704
1779.006	336.536
1781.261	338.957
1783.518	340.155
1785.768	340.098
1788.003	338.614
1790.214	335.349
1792.389	329.959
1794.516	322.047
1796.579	311.433
1798.562	298.079
1800.448	282.209
1802.223	264.254
1803.879	244.747
1805.406	224.377
1806.800	203.809
1808.063	183.598
1809.198	164.276
1810.213	146.188
1811.116	129.553
1811.916	114.561
1812.623	101.203
1813.250	89.432
1813.804	79.213
1814.296	70.388
1814.735	62.838
1815.128	56.441
1815.482	51.053
1815.804	46.561
1816.099	42.871
1816.372	39.875
1816.627	37.503
1816.868	35.689
1817.098	34.377
1817.321	33.539
1817.540	33.145
1817.758	33.178
1817.977	33.641
1818.200	34.542
1818.430	35.900
1818.671	37.752
1818.926	40.141
1819.198	43.124
1819.491	46.774
1819.812	51.168
1820.163	56.406
1820.553	62.583
1820.986	69.805
1821.471	78.187
1822.017	87.823
1822.631	98.768
1823.322	111.048
1824.100	124.659
1824.976	139.459
1825.954	155.184
1827.040	171.472
1828.240	187.823
1829.552	203.541
1830.965	217.863
1832.474	229.973
1834.060	239.077
1835.697	244.557
1837.366	245.977
1839.032	243.244
1840.671	236.557
1842.258	226.413
1843.767	213.552
1845.184	198.781
1846.500	182.982
1847.707	166.926
1848.805	151.291
1849.801	136.558
1850.698	123.117
1851.508	111.171
1852.240	100.837
1852.905	92.179
1853.516	85.186
1854.082	79.859
1854.615	76.207
1855.126	74.272
1855.628	74.161
1856.131	76.080
1856.651	80.332
1857.204	87.367
1857.808	97.825
1858.490	112.540
1859.278	132.568
1860.209	159.234
1861.332	194.003
1862.701	238.398
1864.379	293.510
1866.439	359.726
1868.944	435.515
1871.946	517.139
1875.464	597.666
1879.463	667.600
1883.836	716.637
1888.432	736.726
1893.054	724.800
1897.494	684.278
1901.606	623.338
1905.290	552.329
1908.502	480.945
1911.273	415.732
1913.650	360.349
1915.700	316.100
1917.495	282.283
1919.097	257.523
1920.560	240.118
1921.924	228.270
1923.223	220.437
1924.478	215.296
1925.703	211.713
1926.908	208.835
1928.095	205.966
1929.266	202.645
1930.417	198.510
1931.542	193.399
1932.636	187.240
1933.696	180.062
1934.713	172.009
1935.685	163.224
1936.605	153.934
1937.474	144.359
1938.288	134.707
1939.048	125.182
1939.755	115.955
1940.410	107.170
1941.017	98.924
1941.577	91.313
1942.096	84.380
1942.576	78.144
1943.022	72.625
1943.438	67.818
1943.827	63.695
1944.194	60.250
1944.543	57.454
1944.876	55.277
1945.198	53.712
1945.513	52.715
1945.823	52.299
1946.132	52.437
1946.443	53.130
1946.760	54.373
1947.085	56.180
1947.423	58.549
1947.776	61.508
1948.148	65.035
1948.544	69.178
1948.966	73.918
1949.418	79.267
1949.904	85.200
1950.429	91.711
1950.994	98.720
1951.604	106.184
1952.261	113.997
1952.966	122.013
1953.723	130.101
1954.530	138.043
1955.386	145.638
1956.289	152.657
1957.234	158.839
1958.218	163.980
1959.232	167.876
1960.269	170.363
1961.319	171.356
1962.374	170.828
1963.425	168.822
1964.460	165.463
1965.475	160.927
1966.461	155.459
1967.412	149.318
1968.324	142.803
1969.198	136.157
1970.031	129.685
1970.825	123.604
1971.582	118.136
1972.307	113.481
1973.005	109.742
1973.682	107.087
1974.344	105.622
1974.999	105.414
1975.655	106.560
1976.320	109.134
1977.005	113.238
1977.716	118.934
1978.466	126.335
1979.264	135.557
1980.123	146.707
1981.053	159.915
1982.069	175.255
1983.183	192.809
1984.408	212.580
1985.757	234.464
1987.242	258.219
1988.874	283.369
1990.658	309.242
1992.596	334.925
1994.682	359.145
1996.907	380.626
1999.245	397.777
2001.671	409.359
2004.144	414.290
2006.627	412.053
2009.072	402.600
2011.443	386.570
2013.700	365.010
2015.818	339.329
2017.771	311.068
2019.553	281.687
2021.158	252.457
2022.592	224.345
2023.864	198.034
2024.983	174.014
2025.967	152.450
2026.827	133.378
2027.582	116.715
2028.242	102.297
2028.822	89.926
2029.333	79.365
2029.785	70.405
2030.188	62.842
2030.548	56.470
2030.874	51.136
2031.169	46.683
2031.440	42.977
2031.691	39.913
2031.924	37.394
2032.144	35.341
2032.353	33.685
2032.553	32.375
2032.746	31.363
2032.934	30.614
2033.118	30.091
2033.300	29.782
2033.481	29.664
2033.662	29.730
2033.844	29.977
2034.028	30.396
2034.216	31.002
2034.408	31.812
2034.607	32.844
2034.812	34.129
2035.027	35.712
2035.253	37.648
2035.491	40.005
2035.746	42.872
2036.021	46.362
2036.319	50.618
2036.646	55.803
2037.008	62.126
2037.413	69.831
2037.870	79.202
2038.390	90.565
2038.987	104.276
2039.676	120.699
2040.475	140.192
2041.404	163.044
2042.485	189.376
2043.739	219.102
2045.186	251.739
2046.842	286.371
2048.718	321.540
2050.808	355.210
2053.102	385.033
2055.564	408.498
2058.151	423.458
2060.804	428.513
2063.459	423.358
2066.053	408.832
2068.534	386.769
2070.862	359.571
2073.008	329.867
2074.964	300.096
2076.735	272.051
2078.336	247.029
2079.787	225.877
2081.113	208.881
2082.342	196.070
2083.495	187.234
2084.600	182.118
2085.677	180.305
2086.745	181.464
2087.823	185.253
2088.925	191.272
2090.063	199.145
2091.249	208.550
2092.491	219.068
2093.794	230.235
2095.162	241.621
2096.594	252.712
2098.089	263.026
2099.640	272.015
2101.238	279.259
2102.874	284.401
2104.532	287.135
2106.202	287.365
2107.864	285.112
2109.506	280.495
2111.117	273.844
2112.683	265.500
2114.198	255.881
2115.652	245.456
2117.045	234.591
2118.373	223.705
2119.638	213.069
2120.841	202.936
2121.987	193.481
2123.078	184.799
2124.120	176.964
2125.119	169.991
2126.079	163.891
2127.005	158.617
2127.902	154.168
2128.774	150.523
2129.628	147.649
2130.466	145.571
2131.293	144.299
2132.114	143.857
2132.935	144.323
2133.758	145.786
2134.593	148.320
2135.442	152.088
2136.315	157.219
2137.219	163.878
2138.162	172.249
2139.156	182.448
2140.208	194.679
2141.333	209.038
2142.540	225.509
2143.842	244.107
2145.252	264.643
2146.774	286.623
2148.419	309.543
2150.193	332.723
2152.090	354.951
2154.101	375.118
2156.219	392.103
2158.418	404.669
2160.669	411.819
2162.945	412.983
2165.214	408.051
2167.437	397.185
2169.585	381.120
2171.638	360.958
2173.569	337.771
2175.364	312.861
2177.024	287.297
2178.541	262.091
2179.920	237.941
2181.172	215.367
2182.303	194.715
2183.325	176.106
2184.250	159.568
2185.088	145.064
2185.852	132.432
2186.549	121.563
2187.190	112.249
2187.785	104.373
2188.338	97.737
2188.859	92.221
2189.351	87.705
2189.820	84.057
2190.271	81.198
2190.709	79.035
2191.136	77.515
2191.557	76.571
2191.973	76.137
2192.389	76.221
2192.806	76.752
2193.227	77.708
2193.656	79.099
2194.093	80.896
2194.541	83.090
2195.003	85.705
2195.480	88.766
2195.976	92.296
2196.493	96.393
2197.034	101.149
2197.603	106.748
2198.206	113.448
2198.847	121.620
2199.537	131.796
2200.288	144.757
2201.112	161.541
2202.037	183.620
2203.091	212.923
2204.315	251.870
2205.767	303.520
2207.516	371.194
2209.650	458.043
2212.273	566.176
2215.491	694.683
2219.396	838.073
2224.033	983.782
2229.373	1112.820
2235.275	1202.563
2241.494	1233.943
2247.705	1198.813
2253.585	1103.633
2258.871	966.827
2263.406	811.459
2267.151	657.711
2270.147	519.175
2272.490	402.376
2274.295	308.462
2275.675	235.411
2276.726	179.996
2277.531	138.680
2278.152	108.236
2278.638	86.017
2279.027	69.863
2279.344	58.154
2279.609	49.712
2279.837	43.638
2280.039	39.278
2280.222	36.153
2280.389	33.930
2280.548	32.367
2280.702	31.284
2280.851	30.546
2280.995	30.066
2281.138	29.786
2281.282	29.656
2281.425	29.627
2281.567	29.688
2281.711	29.826
2281.857	30.031
