<j>	<Ffjc>
1041.491	13.636
1042.460	13.645
1043.535	13.649
1044.758	13.646
1046.175	13.635
1047.834	13.614
1049.778	13.579
1052.034	13.530
1054.598	13.467
1057.421	13.391
1060.402	13.307
1063.406	13.222
1066.283	13.141
1068.906	13.071
1071.193	13.015
1073.113	12.976
1074.679	12.952
1075.931	12.942
1076.924	12.945
1077.713	12.957
1078.348	12.976
1078.874	13.001
1079.327	13.029
1079.737	13.059
1080.132	13.091
1080.533	13.123
1080.965	13.154
1081.451	13.183
1082.016	13.209
1082.689	13.231
1083.501	13.248
1084.487	13.257
1085.683	13.257
1087.121	13.247
1088.823	13.226
1090.793	13.193
1093.010	13.149
1095.422	13.097
1097.949	13.038
1100.492	12.978
1102.951	12.921
1105.245	12.871
1107.318	12.829
1109.145	12.797
1110.730	12.776
1112.094	12.764
1113.267	12.760
1114.283	12.763
1115.174	12.771
1115.965	12.783
1116.681	12.799
1117.336	12.818
1117.945	12.838
1118.516	12.861
1119.054	12.884
1119.565	12.909
1120.051	12.935
1120.513	12.963
1120.953	12.991
1121.371	13.020
1121.767	13.050
1122.143	13.081
1122.498	13.113
1122.834	13.146
1123.151	13.180
1123.451	13.215
1123.734	13.251
1124.003	13.287
1124.258	13.325
1124.502	13.363
1124.736	13.401
1124.963	13.440
1125.183	13.480
1125.400	13.520
1125.616	13.560
1125.833	13.601
1126.054	13.641
1126.281	13.682
1126.518	13.722
1126.768	13.762
1127.034	13.801
1127.320	13.840
1127.631	13.878
1127.971	13.914
1128.345	13.950
1128.758	13.983
1129.215	14.015
1129.722	14.044
1130.286	14.071
1130.910	14.096
1131.602	14.117
1132.365	14.134
1133.204	14.148
1134.122	14.159
1135.122	14.165
1136.204	14.168
1137.369	14.166
1138.615	14.161
1139.941	14.151
1141.343	14.138
1142.820	14.122
1144.366	14.102
1145.979	14.079
1147.654	14.053
1149.390	14.025
1151.184	13.994
1153.041	13.960
1154.967	13.924
1156.981	13.884
1159.111	13.840
1161.398	13.790
1163.895	13.732
1166.661	13.664
1169.751	13.583
1173.197	13.489
1176.985	13.382
1181.036	13.264
1185.209	13.142
1189.318	13.022
1193.179	12.912
1196.650	12.818
1199.653	12.741
1202.178	12.684
1204.260	12.644
1205.960	12.619
1207.348	12.606
1208.490	12.603
1209.441	12.608
1210.248	12.618
1210.948	12.633
1211.567	12.651
1212.127	12.671
1212.643	12.694
1213.129	12.717
1213.592	12.742
1214.041	12.767
1214.479	12.792
1214.911	12.818
1215.341	12.845
1215.770	12.871
1216.200	12.898
1216.632	12.924
1217.067	12.950
1217.506	12.977
1217.949	13.003
1218.396	13.029
1218.848	13.055
1219.305	13.081
1219.767	13.107
1220.235	13.133
1220.709	13.158
1221.192	13.184
1221.684	13.209
1222.187	13.233
1222.704	13.257
1223.238	13.281
1223.791	13.304
1224.369	13.326
1224.974	13.347
1225.611	13.367
1226.284	13.386
1226.998	13.403
1227.757	13.418
1228.562	13.431
1229.416	13.443
1230.319	13.452
1231.269	13.460
1232.262	13.466
1233.293	13.470
1234.352	13.473
1235.430	13.475
1236.516	13.476
1237.599	13.477
1238.666	13.479
1239.708	13.482
1240.715	13.486
1241.682	13.492
1242.604	13.499
1243.479	13.508
1244.306	13.519
1245.088	13.532
1245.828	13.547
1246.529	13.564
1247.197	13.582
1247.837	13.601
1248.454	13.621
1249.055	13.642
1249.644	13.663
1250.227	13.685
1250.809	13.707
1251.395	13.729
1251.992	13.751
1252.605	13.772
1253.240	13.792
1253.904	13.812
1254.606	13.829
1255.354	13.845
1256.161	13.859
1257.038	13.870
1258.002	13.878
1259.067	13.881
1260.253	13.880
1261.579	13.873
1263.061	13.860
1264.712	13.840
1266.536	13.813
1268.528	13.779
1270.665	13.738
1272.910	13.694
1275.212	13.646
1277.510	13.599
1279.746	13.553
1281.864	13.512
1283.823	13.477
1285.601	13.449
1287.188	13.429
1288.589	13.415
1289.819	13.409
1290.897	13.409
1291.845	13.414
1292.686	13.424
1293.438	13.437
1294.122	13.453
1294.753	13.471
1295.345	13.491
1295.911	13.512
1296.465	13.534
1297.018	13.556
1297.585	13.578
1298.186	13.599
1298.844	13.618
1299.592	13.634
1300.475	13.646
1301.554	13.650
1302.910	13.645
1304.644	13.627
1306.870	13.591
1309.698	13.533
1313.196	13.451
1317.342	13.346
1321.987	13.221
1326.849	13.088
1331.578	12.958
1335.859	12.843
1339.490	12.750
1342.407	12.683
1344.659	12.639
1346.352	12.615
1347.610	12.606
1348.546	12.610
1349.255	12.621
1349.809	12.639
1350.263	12.660
1350.658	12.684
1351.027	12.710
1351.396	12.735
1351.786	12.760
1352.221	12.784
1352.722	12.807
1353.313	12.826
1354.022	12.842
1354.877	12.853
1355.908	12.859
1357.147	12.858
1358.620	12.850
1360.345	12.833
1362.326	12.808
1364.544	12.775
1366.958	12.735
1369.503	12.691
1372.094	12.644
1374.642	12.598
1377.064	12.555
1379.293	12.519
1381.289	12.489
1383.035	12.468
1384.534	12.454
1385.806	12.447
1386.879	12.447
1387.782	12.453
1388.545	12.463
1389.196	12.477
1389.757	12.495
1390.248	12.514
1390.685	12.536
1391.080	12.558
1391.442	12.583
1391.779	12.608
1392.097	12.633
1392.399	12.660
1392.691	12.687
1392.973	12.714
1393.249	12.742
1393.520	12.770
1393.786	12.798
1394.050	12.826
1394.313	12.855
1394.574	12.883
1394.836	12.912
1395.098	12.941
1395.362	12.970
1395.628	12.999
1395.898	13.027
1396.172	13.056
1396.451	13.085
1396.737	13.114
1397.030	13.142
1397.331	13.171
1397.643	13.199
1397.966	13.227
1398.302	13.254
1398.653	13.282
1399.021	13.308
1399.408	13.334
1399.816	13.360
1400.248	13.384
1400.707	13.408
1401.196	13.431
1401.717	13.453
1402.276	13.473
1402.877	13.493
1403.526	13.510
1404.231	13.526
1405.000	13.539
1405.846	13.550
1406.789	13.558
1407.852	13.562
1409.071	13.560
1410.495	13.552
1412.188	13.535
1414.237	13.507
1416.741	13.464
1419.808	13.403
1423.525	13.322
1427.923	13.218
1432.927	13.095
1438.336	12.959
1443.839	12.819
1449.089	12.687
1453.799	12.572
1457.799	12.479
1461.052	12.409
1463.613	12.361
1465.592	12.331
1467.107	12.316
1468.270	12.312
1469.174	12.317
1469.890	12.328
1470.473	12.343
1470.965	12.361
1471.396	12.381
1471.789	12.402
1472.162	12.424
1472.528	12.447
1472.898	12.470
1473.283	12.492
1473.690	12.514
1474.127	12.535
1474.603	12.555
1475.124	12.574
1475.698	12.592
1476.330	12.608
1477.027	12.621
1477.795	12.633
1478.638	12.643
1479.558	12.651
1480.557	12.656
1481.632	12.658
1482.780	12.659
1483.994	12.657
1485.266	12.654
1486.585	12.649
1487.939	12.643
1489.316	12.636
1490.704	12.629
1492.093	12.622
1493.475	12.614
1494.845	12.607
1496.201	12.601
1497.544	12.595
1498.877	12.589
1500.205	12.584
1501.534	12.578
1502.871	12.573
1504.221	12.567
1505.589	12.561
1506.977	12.554
1508.383	12.546
1509.805	12.538
1511.236	12.530
1512.666	12.522
1514.085	12.514
1515.480	12.506
1516.838	12.499
1518.148	12.494
1519.398	12.490
1520.581	12.489
1521.690	12.489
1522.722	12.491
1523.677	12.496
1524.554	12.502
1525.359	12.511
1526.094	12.522
1526.767	12.535
1527.383	12.549
1527.949	12.565
1528.472	12.583
1528.958	12.601
1529.414	12.620
1529.847	12.641
1530.262	12.662
1530.665	12.683
1531.062	12.704
1531.459	12.726
1531.862	12.748
1532.274	12.769
1532.704	12.790
1533.155	12.811
1533.634	12.831
1534.147	12.850
1534.699	12.868
1535.298	12.884
1535.947	12.899
1536.654	12.913
1537.423	12.924
1538.257	12.934
1539.161	12.942
1540.135	12.947
1541.177	12.951
1542.286	12.952
1543.455	12.952
1544.675	12.950
1545.937	12.946
1547.228	12.942
1548.533	12.937
1549.838	12.931
1551.128	12.926
1552.391	12.922
1553.616	12.919
1554.793	12.917
1555.916	12.917
1556.981	12.918
1557.987	12.921
1558.934	12.926
1559.826	12.933
1560.666	12.941
1561.458	12.951
1562.208	12.962
1562.920	12.974
1563.601	12.987
1564.254	13.001
1564.886	13.016
1565.501	13.031
1566.101	13.047
1566.692	13.063
1567.276	13.080
1567.856	13.096
1568.434	13.113
1569.013	13.130
1569.594	13.146
1570.181	13.163
1570.775	13.179
1571.380	13.196
1571.998	13.211
1572.635	13.227
1573.295	13.241
1573.988	13.255
1574.723	13.268
1575.516	13.279
1576.382	13.288
1577.346	13.294
1578.436	13.297
1579.686	13.295
1581.135	13.287
1582.828	13.272
1584.804	13.249
1587.098	13.217
1589.728	13.175
1592.685	13.123
1595.924	13.063
1599.365	12.997
1602.895	12.927
1606.388	12.859
1609.724	12.794
1612.809	12.737
1615.583	12.688
1618.025	12.649
1620.145	12.619
1621.972	12.597
1623.547	12.583
1624.915	12.575
1626.117	12.572
1627.189	12.573
1628.162	12.577
1629.060	12.582
1629.902	12.590
1630.701	12.599
1631.467	12.609
1632.208	12.619
1632.929	12.631
1633.631	12.642
1634.316	12.654
1634.986	12.667
1635.638	12.680
1636.274	12.694
1636.892	12.708
1637.490	12.722
1638.069	12.738
1638.627	12.753
1639.164	12.770
1639.679	12.787
1640.172	12.804
1640.643	12.822
1641.092	12.841
1641.521	12.861
1641.930	12.881
1642.319	12.902
1642.690	12.923
1643.044	12.945
1643.383	12.967
1643.708	12.990
1644.021	13.013
1644.324	13.037
1644.618	13.061
1644.905	13.085
1645.187	13.110
1645.466	13.135
1645.745	13.159
1646.026	13.184
1646.310	13.209
1646.601	13.234
1646.900	13.258
1647.212	13.283
1647.537	13.307
1647.880	13.330
1648.243	13.353
1648.630	13.376
1649.044	13.397
1649.487	13.418
1649.964	13.438
1650.479	13.457
1651.033	13.475
1651.630	13.491
1652.273	13.506
1652.964	13.520
1653.706	13.532
1654.499	13.543
1655.344	13.552
1656.241	13.559
1657.190	13.565
1658.188	13.569
1659.235	13.572
1660.327	13.573
1661.462	13.573
1662.637	13.572
1663.849	13.569
1665.096	13.566
1666.373	13.561
1667.680	13.556
1669.014	13.549
1670.371	13.542
1671.749	13.535
1673.145	13.526
1674.554	13.518
1675.972	13.509
1677.394	13.500
1678.813	13.491
1680.225	13.482
1681.624	13.473
1683.008	13.465
1684.374	13.458
1685.724	13.451
1687.060	13.444
1688.392	13.438
1689.730	13.432
1691.089	13.425
1692.488	13.417
1693.948	13.408
1695.495	13.397
1697.150	13.382
1698.937	13.364
1700.873	13.342
1702.966	13.315
1705.213	13.285
1707.595	13.250
1710.082	13.212
1712.626	13.172
1715.172	13.132
1717.665	13.093
1720.052	13.057
1722.292	13.025
1724.359	12.998
1726.243	12.976
1727.948	12.959
1729.491	12.946
1730.898	12.937
1732.199	12.932
1733.428	12.929
1734.622	12.927
1735.817	12.926
1737.049	12.924
1738.350	12.920
1739.754	12.914
1741.288	12.905
1742.975	12.891
1744.827	12.874
1746.849	12.852
1749.027	12.826
1751.339	12.797
1753.743	12.765
1756.189	12.731
1758.620	12.698
1760.978	12.666
1763.211	12.637
1765.279	12.612
1767.154	12.591
1768.823	12.576
1770.286	12.566
1771.552	12.562
1772.635	12.561
1773.556	12.566
1774.333	12.573
1774.989	12.584
1775.542	12.598
1776.007	12.614
1776.401	12.632
1776.736	12.652
1777.021	12.673
1777.267	12.695
1777.481	12.718
1777.667	12.742
1777.831	12.767
1777.978	12.792
1778.109	12.818
1778.229	12.844
1778.338	12.870
1778.438	12.897
1778.532	12.924
1778.620	12.951
1778.703	12.979
1778.783	13.007
1778.859	13.035
1778.932	13.063
1779.004	13.091
1779.074	13.120
1779.143	13.148
1779.211	13.177
1779.279	13.206
1779.347	13.235
1779.415	13.264
1779.485	13.293
1779.556	13.322
1779.629	13.352
1779.704	13.381
1779.781	13.410
1779.863	13.440
1779.948	13.469
1780.038	13.499
1780.133	13.528
1780.235	13.557
1780.344	13.586
1780.462	13.615
1780.589	13.644
1780.728	13.673
1780.879	13.701
1781.045	13.729
1781.228	13.757
1781.430	13.784
1781.653	13.811
1781.901	13.837
1782.177	13.863
1782.484	13.887
1782.827	13.911
1783.210	13.933
1783.637	13.954
1784.112	13.974
1784.642	13.993
1785.230	14.009
1785.880	14.024
1786.597	14.037
1787.384	14.047
1788.242	14.056
1789.172	14.062
1790.171	14.066
1791.236	14.068
1792.361	14.068
1793.537	14.066
1794.754	14.063
1796.001	14.059
1797.264	14.055
1798.532	14.050
1799.793	14.045
1801.037	14.041
1802.256	14.037
1803.447	14.034
1804.607	14.032
1805.738	14.032
1806.846	14.031
1807.940	14.032
1809.030	14.032
1810.133	14.033
