<j>	<F>
1.246	20.230
3.002	11.614
4.179	10.899
5.196	11.156
6.054	12.657
7.215	14.244
8.585	11.436
9.532	12.759
11.137	12.035
12.467	10.583
13.346	11.228
14.237	12.121
15.522	12.358
17.083	11.206
18.031	11.225
18.729	12.104
19.440	13.182
20.367	13.904
21.486	13.900
22.550	13.992
23.598	14.074
24.543	14.400
25.496	14.789
26.692	14.889
28.339	13.899
29.759	13.131
30.782	13.117
31.548	13.591
32.242	14.305
32.951	15.017
33.668	15.788
34.659	16.272
36.382	15.425
38.246	13.966
39.354	13.671
40.058	14.153
40.693	14.825
41.311	15.561
41.954	16.348
42.828	16.894
44.396	16.488
47.021	14.592
49.278	12.927
50.306	12.732
50.847	13.227
51.368	13.878
52.136	14.383
53.392	14.399
54.975	13.902
56.180	13.619
56.831	13.932
57.242	14.605
57.644	15.395
58.184	16.123
59.043	16.540
60.413	16.340
62.128	15.617
63.566	15.095
64.501	15.129
65.151	15.527
65.716	16.077
66.315	16.641
67.037	17.098
67.946	17.346
69.090	17.324
70.581	16.948
72.480	16.152
74.343	15.315
75.630	14.992
76.493	15.141
77.473	15.351
79.355	15.035
82.678	13.725
85.950	12.324
87.839	11.757
88.864	11.722
89.525	11.900
90.007	12.186
90.395	12.540
90.742	12.941
91.088	13.369
91.469	13.806
91.919	14.227
92.476	14.602
93.164	14.901
93.977	15.113
94.877	15.255
95.812	15.364
96.766	15.461
97.775	15.532
98.919	15.526
100.275	15.387
101.845	15.110
103.539	14.755
105.236	14.403
106.832	14.111
108.221	13.924
109.327	13.877
110.148	13.980
110.755	14.210
111.248	14.524
111.742	14.869
112.371	15.171
113.303	15.331
114.711	15.234
116.582	14.858
118.546	14.389
120.167	14.072
121.324	13.985
122.117	14.086
122.670	14.318
123.085	14.638
123.439	15.012
123.804	15.407
124.257	15.780
124.911	16.069
125.927	16.174
127.442	16.000
129.326	15.585
131.114	15.176
132.486	14.978
133.537	14.971
134.555	15.027
135.900	14.984
138.002	14.662
141.060	13.964
144.396	13.129
146.953	12.555
148.521	12.336
149.469	12.347
150.136	12.469
150.717	12.634
151.315	12.805
151.990	12.960
152.768	13.084
153.647	13.174
154.591	13.237
155.543	13.290
156.447	13.354
157.284	13.440
158.082	13.546
158.909	13.651
159.864	13.726
161.045	13.734
162.496	13.652
164.133	13.496
165.741	13.329
167.100	13.224
168.120	13.221
168.843	13.314
169.359	13.481
169.750	13.699
170.076	13.948
170.380	14.216
170.692	14.492
171.039	14.767
171.447	15.030
171.947	15.268
172.587	15.462
173.465	15.580
174.788	15.554
176.933	15.266
180.220	14.614
184.168	13.743
187.537	13.035
189.773	12.668
191.169	12.552
192.106	12.572
192.798	12.662
193.351	12.793
193.817	12.950
194.232	13.126
194.621	13.315
195.003	13.510
195.390	13.710
195.788	13.911
196.201	14.113
196.628	14.314
197.074	14.515
197.552	14.712
198.096	14.896
198.783	15.046
199.758	15.122
201.234	15.056
203.389	14.790
206.070	14.352
208.703	13.904
210.798	13.601
212.340	13.459
213.572	13.418
214.717	13.412
215.892	13.404
217.124	13.382
218.371	13.351
219.557	13.328
220.618	13.331
221.525	13.368
222.295	13.441
222.978	13.539
223.648	13.648
224.406	13.746
225.384	13.803
226.751	13.781
228.651	13.641
231.055	13.382
233.631	13.067
235.903	12.801
237.598	12.649
238.750	12.614
239.533	12.662
240.109	12.760
240.586	12.885
241.033	13.021
241.490	13.160
241.989	13.294
242.555	13.417
243.215	13.524
243.992	13.607
244.904	13.662
245.955	13.686
247.132	13.681
248.398	13.654
249.704	13.615
251.005	13.575
252.275	13.541
253.513	13.514
254.734	13.493
255.964	13.472
257.225	13.447
258.530	13.414
259.878	13.372
261.247	13.324
262.596	13.278
263.871	13.242
265.018	13.228
266.001	13.243
266.810	13.292
267.460	13.372
267.979	13.481
268.400	13.613
268.757	13.761
269.077	13.922
269.388	14.089
269.711	14.258
270.070	14.424
270.491	14.581
271.005	14.722
271.660	14.835
272.519	14.907
273.673	14.918
275.219	14.844
277.210	14.673
279.545	14.421
281.943	14.146
284.081	13.918
285.806	13.774
287.167	13.710
288.324	13.695
289.435	13.697
290.618	13.692
291.926	13.665
293.353	13.614
294.840	13.550
296.313	13.484
297.720	13.430
299.043	13.390
300.296	13.365
301.495	13.349
302.647	13.341
303.734	13.343
304.731	13.358
305.613	13.391
306.368	13.445
307.000	13.521
307.527	13.618
307.974	13.730
308.367	13.856
308.731	13.989
309.086	14.128
309.451	14.268
309.841	14.405
310.268	14.538
310.739	14.665
311.258	14.783
311.822	14.893
312.422	14.996
313.042	15.094
313.662	15.191
314.264	15.293
314.829	15.401
315.349	15.521
315.821	15.652
316.250	15.795
316.648	15.948
317.033	16.108
317.434	16.269
317.904	16.420
318.572	16.538
319.764	16.561
322.249	16.344
327.201	15.663
334.384	14.543
340.656	13.564
344.169	13.084
345.819	12.951
346.694	12.965
347.323	13.030
347.919	13.106
348.584	13.177
349.387	13.232
350.399	13.261
351.701	13.253
353.367	13.196
355.432	13.086
357.841	12.926
360.418	12.741
362.914	12.561
365.119	12.414
366.941	12.316
368.403	12.265
369.595	12.251
370.620	12.260
371.570	12.281
372.514	12.306
373.500	12.327
374.555	12.342
375.686	12.347
376.880	12.344
378.108	12.335
379.333	12.325
380.515	12.319
381.626	12.319
382.647	12.330
383.578	12.350
384.424	12.381
385.202	12.421
385.928	12.467
386.618	12.518
387.284	12.573
387.937	12.629
388.584	12.687
389.231	12.746
389.882	12.805
390.545	12.862
391.231	12.918
391.959	12.970
392.757	13.015
393.663	13.049
394.731	13.065
396.021	13.057
397.593	13.016
399.474	12.939
401.635	12.828
403.965	12.695
406.296	12.558
408.462	12.437
410.361	12.344
411.970	12.284
413.327	12.254
414.499	12.246
415.548	12.252
416.527	12.268
417.468	12.288
418.391	12.311
419.301	12.335
420.197	12.361
421.070	12.388
421.911	12.418
422.709	12.453
423.459	12.492
424.157	12.537
424.806	12.588
425.410	12.644
425.976	12.704
426.515	12.768
427.037	12.836
427.554	12.904
428.076	12.973
428.616	13.041
429.185	13.107
429.795	13.168
430.463	13.224
431.206	13.272
432.048	13.310
433.021	13.334
434.163	13.340
435.518	13.323
437.121	13.278
438.979	13.204
441.048	13.105
443.221	12.991
445.349	12.880
447.286	12.786
448.938	12.720
450.275	12.688
451.326	12.687
452.145	12.712
452.794	12.757
453.326	12.816
453.787	12.884
454.211	12.958
454.627	13.035
455.059	13.111
455.527	13.185
456.054	13.253
456.662	13.314
457.379	13.364
458.231	13.401
459.249	13.419
460.456	13.418
461.869	13.393
463.482	13.346
465.265	13.280
467.160	13.200
469.088	13.115
470.972	13.034
472.746	12.963
474.369	12.908
475.829	12.869
477.131	12.847
478.292	12.840
479.332	12.845
480.274	12.861
481.134	12.885
481.926	12.917
482.663	12.954
483.352	12.997
483.997	13.044
484.602	13.096
485.169	13.152
485.701	13.212
486.197	13.276
486.661	13.344
487.095	13.415
487.504	13.490
487.893	13.568
488.270	13.649
488.647	13.731
489.041	13.812
489.474	13.890
489.981	13.963
490.615	14.023
491.450	14.064
492.589	14.075
494.153	14.041
496.249	13.950
498.902	13.799
501.973	13.601
505.158	13.385
508.113	13.190
510.612	13.041
512.607	12.943
514.172	12.890
515.416	12.871
516.440	12.875
517.310	12.895
518.071	12.927
518.747	12.966
519.355	13.013
519.904	13.066
520.404	13.124
520.866	13.186
521.298	13.252
521.712	13.321
522.121	13.391
522.536	13.461
522.973	13.531
523.444	13.597
523.966	13.660
524.552	13.717
525.216	13.766
525.967	13.807
526.813	13.838
527.750	13.860
528.769	13.872
529.850	13.877
530.968	13.877
532.095	13.876
533.205	13.875
534.279	13.877
535.309	13.884
536.298	13.896
537.256	13.911
538.204	13.928
539.169	13.944
540.181	13.957
541.277	13.962
542.491	13.956
543.856	13.935
545.393	13.898
547.102	13.843
548.952	13.774
550.885	13.695
552.823	13.614
554.691	13.540
556.439	13.476
558.051	13.426
559.544	13.389
560.958	13.361
562.344	13.337
563.746	13.313
565.199	13.285
566.713	13.253
568.277	13.215
569.856	13.175
571.406	13.137
572.880	13.104
574.243	13.080
575.477	13.067
576.586	13.066
577.587	13.074
578.509	13.089
579.386	13.110
580.253	13.132
581.147	13.154
582.108	13.171
583.173	13.180
584.385	13.178
585.783	13.161
587.405	13.127
589.274	13.072
591.393	12.998
593.727	12.906
596.205	12.803
598.723	12.695
601.167	12.592
603.441	12.502
605.480	12.429
607.262	12.376
608.793	12.342
610.103	12.325
611.227	12.322
612.203	12.330
613.063	12.348
613.833	12.373
614.535	12.403
615.186	12.437
615.795	12.475
616.373	12.515
616.926	12.558
617.458	12.602
617.971	12.648
618.470	12.695
618.956	12.743
619.432	12.793
619.899	12.844
620.359	12.895
620.817	12.947
621.274	13.000
621.735	13.052
622.203	13.105
622.684	13.157
623.182	13.208
623.704	13.257
624.256	13.305
624.846	13.349
625.483	13.391
626.176	13.428
626.932	13.460
627.759	13.487
628.665	13.507
629.650	13.520
630.714	13.527
631.846	13.528
633.033	13.523
634.251	13.516
635.477	13.507
636.682	13.499
637.844	13.494
638.944	13.494
639.970	13.499
640.922	13.511
641.804	13.529
642.630	13.551
643.418	13.578
644.193	13.606
644.985	13.634
645.826	13.659
646.755	13.677
647.809	13.686
649.028	13.683
650.438	13.664
652.047	13.629
653.836	13.579
655.750	13.518
657.708	13.452
659.618	13.387
661.402	13.332
663.010	13.290
664.427	13.263
665.669	13.250
666.771	13.248
667.779	13.255
668.743	13.267
669.713	13.279
670.742	13.289
671.884	13.291
673.194	13.283
674.724	13.259
676.516	13.217
678.589	13.155
680.916	13.074
683.422	12.979
685.986	12.879
688.467	12.783
690.741	12.700
692.727	12.636
694.400	12.594
695.775	12.572
696.893	12.568
697.804	12.578
698.559	12.600
699.200	12.630
699.766	12.666
700.287	12.706
700.794	12.748
701.314	12.790
701.879	12.830
702.527	12.865
703.305	12.893
704.272	12.910
705.499	12.911
707.063	12.891
709.031	12.846
711.429	12.773
714.214	12.674
717.247	12.558
720.317	12.437
723.196	12.325
725.709	12.234
727.776	12.170
729.402	12.133
730.648	12.120
731.594	12.126
732.315	12.147
732.876	12.178
733.326	12.217
733.698	12.261
734.016	12.309
734.299	12.359
734.556	12.412
734.796	12.466
735.024	12.522
735.244	12.578
735.458	12.635
735.669	12.693
735.880	12.752
736.091	12.811
736.306	12.870
736.526	12.930
736.756	12.989
736.999	13.048
737.263	13.106
737.557	13.163
737.896	13.218
738.301	13.269
738.808	13.314
739.469	13.351
740.360	13.374
741.592	13.376
743.306	13.349
745.657	13.282
748.762	13.168
752.604	13.007
756.957	12.812
761.403	12.609
765.501	12.424
768.970	12.278
771.763	12.173
773.997	12.104
775.864	12.060
777.552	12.030
779.219	12.004
780.982	11.975
782.918	11.939
785.060	11.892
787.391	11.836
789.854	11.773
792.358	11.706
794.798	11.641
797.077	11.584
799.127	11.537
800.916	11.502
802.445	11.481
803.739	11.471
804.831	11.471
805.762	11.479
806.566	11.494
807.276	11.514
807.915	11.538
808.504	11.565
809.057	11.593
809.582	11.623
810.088	11.654
810.580	11.686
811.059	11.719
811.528	11.753
811.988	11.787
812.439	11.822
812.883	11.857
813.319	11.893
813.749	11.929
814.176	11.965
814.600	12.002
815.027	12.039
815.460	12.076
815.907	12.113
816.375	12.149
816.874	12.184
817.416	12.216
818.018	12.246
818.695	12.273
819.466	12.295
820.353	12.312
821.373	12.321
822.544	12.323
823.873	12.317
825.358	12.302
826.981	12.280
828.708	12.252
830.489	12.220
832.267	12.187
833.983	12.157
835.586	12.131
837.042	12.113
838.332	12.103
839.453	12.101
840.414	12.108
841.232	12.122
841.928	12.143
842.524	12.169
843.038	12.199
843.490	12.234
843.894	12.271
844.263	12.310
844.608	12.351
844.936	12.393
845.256	12.437
845.573	12.480
845.892	12.524
846.218	12.567
846.556	12.611
846.910	12.654
847.283	12.696
847.679	12.737
848.104	12.777
848.561	12.815
849.059	12.851
849.601	12.886
850.197	12.917
850.857	12.945
851.590	12.969
852.409	12.989
853.328	13.003
854.361	13.011
855.521	13.012
856.818	13.006
858.257	12.991
859.835	12.969
861.536	12.940
863.333	12.904
865.188	12.865
867.057	12.825
868.891	12.786
870.650	12.751
872.304	12.721
873.834	12.698
875.236	12.682
876.516	12.672
877.691	12.668
878.780	12.669
879.806	12.674
880.796	12.682
881.778	12.690
882.779	12.698
883.829	12.704
884.961	12.706
886.206	12.703
887.596	12.693
889.157	12.675
890.903	12.647
892.834	12.610
894.924	12.565
897.124	12.513
899.362	12.459
901.553	12.406
903.619	12.358
905.496	12.319
907.147	12.291
908.558	12.274
909.739	12.268
910.716	12.273
911.517	12.287
912.177	12.307
912.726	12.334
913.195	12.365
913.606	12.400
913.982	12.437
914.341	12.475
914.701	12.513
915.074	12.551
915.477	12.589
915.922	12.624
916.424	12.657
916.995	12.687
917.648	12.713
918.394	12.735
919.239	12.752
920.189	12.763
921.240	12.769
922.382	12.771
923.598	12.768
924.863	12.762
926.149	12.755
927.422	12.747
928.651	12.742
929.812	12.739
930.884	12.740
931.858	12.747
932.730	12.758
933.502	12.775
934.183	12.796
934.782	12.821
935.311	12.851
935.783	12.883
936.206	12.919
936.592	12.957
936.950	12.996
937.286	13.037
937.609	13.079
937.923	13.122
938.233	13.165
938.545	13.208
938.863	13.252
939.193	13.295
939.539	13.337
939.911	13.379
940.316	13.419
940.768	13.457
941.287	13.492
941.899	13.522
942.647	13.546
943.591	13.560
944.820	13.561
946.458	13.541
948.662	13.494
951.594	13.410
955.371	13.285
959.961	13.118
965.096	12.923
970.316	12.722
975.103	12.540
979.100	12.395
982.198	12.294
984.470	12.232
986.083	12.202
987.214	12.196
988.010	12.207
988.577	12.229
988.993	12.259
989.308	12.294
989.556	12.333
989.758	12.374
989.929	12.417
990.078	12.461
990.212	12.506
990.334	12.553
990.449	12.599
990.558	12.647
990.661	12.695
990.762	12.744
990.859	12.793
990.955	12.842
991.049	12.892
991.142	12.942
991.235	12.993
991.327	13.044
991.420	13.095
991.514	13.147
991.609	13.199
991.706	13.251
991.805	13.303
991.907	13.356
992.013	13.409
992.124	13.462
992.240	13.515
992.363	13.568
992.494	13.621
992.635	13.673
992.788	13.726
992.956	13.778
993.142	13.830
993.350	13.880
993.586	13.930
993.856	13.978
994.169	14.024
994.536	14.067
994.970	14.108
995.487	14.143
996.109	14.173
996.861	14.197
997.767	14.212
998.859	14.216
1000.162	14.209
1001.692	14.189
1003.453	14.155
1005.422	14.110
1007.553	14.054
1009.773	13.993
1011.995	13.931
1014.135	13.872
1016.121	13.822
1017.911	13.782
1019.486	13.753
1020.853	13.736
1022.032	13.730
1023.051	13.732
1023.941	13.742
1024.732	13.758
1025.449	13.778
1026.119	13.801
1026.761	13.826
1027.397	13.851
1028.047	13.877
1028.732	13.901
1029.474	13.922
1030.299	13.939
1031.237	13.951
1032.325	13.955
1033.598	13.950
1035.101	13.933
1036.869	13.903
1038.932	13.858
1041.296	13.797
1043.938	13.722
1046.806	13.636
1049.813	13.542
1052.866	13.446
1055.880	13.353
1058.800	13.265
1061.603	13.184
1064.302	13.109
1066.927	13.039
1069.509	12.973
1072.073	12.909
1074.621	12.846
1077.138	12.785
1079.584	12.727
1081.915	12.674
1084.086	12.627
1086.057	12.589
1087.815	12.560
1089.350	12.541
1090.679	12.530
1091.819	12.527
1092.797	12.532
1093.643	12.542
1094.380	12.557
1095.035	12.576
1095.627	12.598
1096.173	12.622
1096.688	12.648
1097.182	12.675
1097.664	12.702
1098.142	12.730
1098.621	12.758
1099.107	12.786
1099.601	12.813
1100.109	12.841
1100.632	12.867
1101.173	12.893
1101.733	12.918
1102.314	12.943
1102.919	12.966
1103.548	12.989
1104.204	13.010
1104.887	13.030
1105.600	13.049
1106.344	13.067
1107.121	13.083
1107.933	13.097
1108.780	13.111
1109.666	13.122
1110.590	13.132
1111.557	13.140
1112.565	13.146
1113.618	13.150
1114.714	13.152
1115.854	13.152
1117.040	13.150
1118.266	13.146
1119.535	13.141
1120.839	13.133
1122.175	13.125
1123.537	13.115
1124.914	13.104
1126.300	13.093
1127.679	13.082
1129.042	13.071
1130.373	13.062
1131.664	13.054
1132.900	13.049
1134.072	13.046
1135.173	13.046
1136.198	13.049
1137.145	13.056
1138.011	13.066
1138.802	13.080
1139.519	13.096
1140.168	13.116
1140.754	13.139
1141.285	13.164
1141.765	13.191
1142.203	13.221
1142.604	13.252
1142.974	13.285
1143.319	13.320
1143.644	13.355
1143.955	13.391
1144.256	13.428
1144.552	13.466
1144.847	13.503
1145.145	13.541
1145.450	13.579
1145.766	13.616
1146.097	13.653
1146.446	13.689
1146.817	13.725
1147.213	13.759
1147.638	13.793
1148.092	13.825
1148.578	13.855
1149.098	13.884
1149.651	13.912
1150.237	13.938
1150.853	13.962
1151.498	13.985
1152.167	14.007
1152.858	14.028
1153.566	14.048
1154.289	14.067
1155.028	14.086
1155.786	14.103
1156.570	14.120
1157.395	14.135
1158.282	14.147
1159.264	14.155
1160.384	14.157
1161.699	14.150
1163.276	14.132
1165.188	14.098
1167.496	14.047
1170.231	13.975
1173.376	13.884
1176.833	13.779
1180.444	13.666
1184.015	13.554
1187.372	13.451
1190.400	13.363
1193.057	13.292
1195.368	13.237
1197.392	13.196
1199.205	13.165
1200.878	13.141
1202.473	13.121
1204.034	13.103
1205.591	13.085
1207.162	13.068
1208.752	13.049
1210.357	13.030
1211.970	13.011
1213.578	12.992
1215.168	12.973
1216.729	12.956
1218.249	12.940
1219.723	12.926
1221.145	12.914
1222.511	12.904
1223.822	12.896
1225.075	12.891
1226.272	12.887
1227.411	12.886
1228.492	12.888
1229.516	12.891
1230.483	12.897
1231.392	12.905
1232.245	12.915
1233.042	12.927
1233.786	12.941
1234.479	12.958
1235.125	12.976
1235.725	12.996
1236.286	13.018
1236.810	13.042
1237.301	13.066
1237.764	13.093
1238.202	13.120
1238.620	13.148
1239.021	13.177
1239.409	13.206
1239.788	13.237
1240.161	13.267
1240.533	13.298
1240.906	13.329
1241.284	13.360
1241.670	13.390
1242.070	13.420
1242.487	13.450
1242.924	13.479
1243.385	13.507
1243.876	13.534
1244.399	13.560
1244.958	13.584
1245.557	13.607
1246.197	13.628
1246.879	13.647
1247.604	13.665
1248.370	13.681
1249.175	13.694
1250.010	13.707
1250.874	13.718
1251.753	13.729
1252.643	13.738
1253.530	13.748
1254.408	13.758
1255.267	13.769
1256.101	13.781
1256.904	13.794
1257.674	13.808
1258.409	13.824
1259.112	13.842
1259.786	13.861
1260.439	13.880
1261.077	13.901
1261.714	13.922
1262.363	13.943
1263.045	13.963
1263.781	13.980
1264.607	13.994
1265.562	14.004
1266.703	14.005
1268.099	13.997
1269.837	13.975
1272.011	13.935
1274.709	13.874
1277.985	13.790
1281.822	13.682
1286.095	13.557
1290.575	13.422
1294.980	13.289
1299.045	13.170
1302.593	13.070
1305.561	12.994
1307.974	12.940
1309.914	12.905
1311.478	12.885
1312.763	12.876
1313.847	12.876
1314.795	12.881
1315.655	12.890
1316.463	12.902
1317.247	12.914
1318.025	12.927
1318.815	12.940
1319.629	12.952
1320.476	12.963
1321.367	12.972
1322.307	12.980
1323.307	12.985
1324.371	12.989
1325.508	12.990
1326.723	12.988
1328.024	12.983
1329.415	12.975
1330.905	12.963
1332.495	12.948
1334.197	12.929
1336.010	12.906
1337.938	12.879
1339.982	12.848
1342.133	12.814
1344.383	12.776
1346.707	12.736
1349.084	12.694
1351.470	12.651
1353.834	12.609
1356.125	12.570
1358.312	12.534
1360.356	12.502
1362.239	12.476
1363.943	12.455
1365.471	12.440
1366.824	12.432
1368.015	12.428
1369.061	12.430
1369.976	12.436
1370.782	12.445
1371.493	12.458
1372.128	12.474
1372.697	12.492
1373.215	12.512
1373.690	12.533
1374.132	12.556
1374.546	12.579
1374.938	12.604
1375.313	12.629
1375.673	12.655
1376.021	12.681
1376.359	12.708
1376.688	12.735
1377.009	12.763
1377.322	12.791
1377.629	12.819
1377.928	12.848
1378.221	12.876
1378.508	12.906
1378.788	12.935
1379.063	12.965
1379.332	12.995
1379.598	13.026
1379.860	13.056
1380.121	13.087
1380.383	13.118
1380.648	13.149
1380.922	13.180
1381.208	13.211
1381.512	13.241
1381.844	13.271
1382.212	13.299
1382.629	13.326
1383.112	13.350
1383.676	13.372
1384.346	13.390
1385.145	13.404
1386.101	13.413
1387.238	13.415
1388.583	13.409
1390.146	13.396
1391.935	13.374
1393.931	13.344
1396.089	13.308
1398.362	13.268
1400.661	13.225
1402.916	13.184
1405.051	13.147
1407.010	13.115
1408.760	13.090
1410.291	13.074
1411.609	13.065
1412.738	13.062
1413.705	13.066
1414.542	13.075
1415.281	13.088
1415.950	13.103
1416.574	13.120
1417.175	13.138
1417.771	13.157
1418.377	13.175
1419.005	13.193
1419.663	13.210
1420.358	13.226
1421.093	13.240
1421.868	13.253
1422.681	13.265
1423.529	13.275
1424.402	13.284
1425.292	13.293
1426.187	13.301
1427.078	13.309
1427.953	13.318
1428.801	13.327
1429.611	13.338
1430.380	13.350
1431.098	13.364
1431.764	13.380
1432.379	13.397
1432.940	13.417
1433.455	13.438
1433.925	13.461
1434.358	13.486
1434.759	13.512
1435.139	13.539
1435.508	13.566
1435.879	13.594
1436.271	13.621
1436.708	13.647
1437.227	13.671
1437.877	13.690
1438.734	13.703
1439.906	13.706
1441.543	13.694
1443.841	13.660
1447.026	13.596
1451.308	13.496
1456.755	13.357
1463.199	13.183
1470.164	12.991
1476.969	12.802
1483.019	12.638
1487.955	12.509
1491.754	12.418
1494.574	12.359
1496.659	12.325
1498.241	12.308
1499.516	12.301
1500.628	12.301
1501.692	12.304
1502.786	12.306
1503.977	12.306
1505.316	12.303
1506.838	12.294
1508.581	12.280
1510.547	12.259
1512.745	12.232
1515.143	12.199
1517.706	12.161
1520.364	12.120
1523.050	12.077
1525.678	12.036
1528.183	11.998
1530.505	11.965
1532.609	11.937
1534.477	11.916
1536.113	11.901
1537.529	11.892
1538.749	11.888
1539.800	11.890
1540.710	11.895
1541.506	11.903
1542.211	11.914
1542.846	11.927
1543.431	11.942
1543.979	11.958
1544.505	11.975
1545.019	11.992
1545.530	12.009
1546.046	12.026
1546.574	12.043
1547.119	12.060
1547.688	12.076
1548.283	12.091
1548.910	12.106
1549.571	12.119
1550.269	12.132
1551.009	12.144
1551.789	12.154
1552.612	12.164
1553.479	12.172
1554.389	12.179
1555.339	12.185
1556.328	12.190
1557.354	12.194
1558.408	12.197
1559.490	12.199
1560.592	12.200
1561.703	12.202
1562.824	12.202
1563.939	12.203
1565.046	12.204
1566.135	12.206
1567.200	12.208
1568.236	12.211
1569.237	12.214
1570.198	12.219
1571.115	12.225
1571.989	12.232
1572.815	12.240
1573.594	12.250
1574.328	12.261
1575.015	12.273
1575.658	12.286
1576.258	12.301
1576.818	12.317
1577.341	12.334
1577.827	12.352
1578.282	12.370
1578.706	12.390
1579.103	12.411
1579.476	12.432
1579.827	12.454
1580.159	12.477
1580.475	12.500
1580.777	12.524
1581.069	12.548
1581.353	12.573
1581.633	12.597
1581.911	12.622
1582.193	12.647
1582.482	12.672
1582.784	12.697
1583.105	12.721
1583.452	12.744
1583.836	12.767
1584.268	12.788
1584.762	12.808
1585.337	12.826
1586.013	12.841
1586.819	12.852
1587.789	12.859
1588.961	12.860
1590.381	12.855
1592.100	12.841
1594.174	12.818
1596.649	12.783
1599.567	12.736
1602.947	12.676
1606.775	12.604
1611.006	12.522
1615.545	12.431
1620.281	12.335
1625.079	12.238
1629.814	12.143
1634.383	12.054
1638.709	11.972
1642.754	11.897
1646.494	11.831
1649.933	11.774
1653.084	11.724
1655.964	11.681
1658.598	11.644
1661.015	11.613
1663.232	11.587
1665.281	11.565
1667.178	11.547
1668.947	11.533
1670.607	11.521
1672.171	11.511
1673.654	11.503
1675.068	11.497
1676.419	11.492
1677.719	11.489
1678.967	11.487
1680.170	11.486
1681.332	11.486
1682.453	11.486
1683.534	11.488
1684.577	11.491
1685.581	11.494
1686.548	11.498
1687.476	11.503
1688.366	11.509
1689.219	11.516
1690.035	11.524
1690.815	11.532
1691.559	11.541
1692.269	11.551
1692.944	11.562
1693.587	11.574
1694.198	11.586
1694.781	11.599
1695.333	11.613
1695.859	11.627
1696.358	11.642
1696.833	11.658
1697.284	11.674
1697.714	11.690
1698.123	11.708
1698.513	11.725
1698.885	11.744
1699.240	11.762
1699.579	11.781
1699.903	11.801
1700.213	11.821
1700.510	11.841
1700.795	11.861
1701.069	11.882
1701.331	11.903
1701.583	11.925
1701.827	11.947
1702.061	11.969
1702.286	11.991
1702.502	12.014
1702.712	12.037
1702.914	12.060
1703.109	12.084
1703.298	12.107
1703.480	12.131
1703.656	12.155
1703.826	12.180
1703.990	12.204
1704.149	12.229
1704.303	12.254
1704.452	12.279
1704.596	12.305
1704.735	12.330
1704.870	12.356
1705.000	12.382
1705.127	12.409
1705.249	12.435
1705.367	12.462
1705.482	12.489
1705.593	12.516
1705.701	12.543
1705.806	12.571
1705.908	12.598
1706.007	12.626
1706.103	12.654
1706.196	12.682
1706.287	12.711
1706.376	12.739
1706.463	12.768
1706.548	12.797
1706.631	12.826
1706.712	12.855
1706.792	12.884
1706.871	12.914
1706.949	12.944
1707.026	12.973
1707.103	13.003
1707.179	13.033
1707.254	13.064
1707.331	13.094
1707.406	13.124
1707.483	13.155
1707.561	13.185
1707.639	13.216
1707.720	13.247
1707.802	13.278
1707.886	13.309
1707.973	13.340
1708.064	13.371
1708.158	13.402
1708.256	13.433
1708.360	13.464
1708.470	13.495
1708.585	13.526
1708.710	13.557
1708.842	13.587
1708.986	13.618
1709.141	13.648
1709.309	13.678
1709.493	13.707
1709.694	13.737
1709.914	13.765
1710.159	13.793
1710.429	13.821
1710.728	13.847
1711.062	13.873
1711.433	13.897
1711.848	13.920
1712.311	13.942
1712.828	13.962
1713.406	13.980
1714.050	13.996
1714.765	14.010
1715.562	14.021
1716.444	14.029
1717.419	14.035
1718.498	14.037
1719.682	14.036
1720.991	14.031
1722.435	14.021
1724.033	14.007
1725.815	13.987
1727.812	13.961
1730.067	13.927
1732.625	13.884
1735.528	13.831
1738.804	13.767
1742.453	13.692
1746.425	13.608
1750.621	13.517
1754.895	13.423
1759.074	13.332
1762.994	13.249
1766.530	13.176
1769.609	13.117
1772.211	13.071
1774.363	13.039
1776.115	13.018
1777.529	13.007
1778.668	13.005
1779.589	13.008
1780.340	13.017
1780.960	13.030
1781.480	13.046
1781.925	13.064
1782.313	13.084
1782.658	13.105
1782.970	13.128
1783.258	13.151
1783.526	13.175
1783.780	13.199
1784.024	13.224
1784.259	13.249
1784.488	13.274
1784.713	13.300
1784.934	13.325
1785.154	13.351
1785.373	13.377
1785.592	13.403
1785.814	13.429
1786.037	13.456
1786.263	13.482
1786.495	13.508
1786.730	13.534
1786.973	13.560
1787.224	13.586
1787.483	13.611
1787.753	13.637
1788.035	13.662
1788.330	13.687
1788.640	13.711
1788.968	13.735
1789.313	13.759
1789.679	13.782
1790.067	13.804
1790.480	13.826
1790.918	13.847
1791.385	13.867
1791.880	13.886
1792.406	13.905
1792.962	13.922
1793.551	13.939
1794.170	13.955
1794.821	13.969
1795.500	13.983
1796.206	13.996
1796.938	14.008
1797.690	14.019
1798.460	14.030
1799.245	14.041
1800.038	14.051
1800.838	14.060
1801.644	14.070
1802.451	14.080
1803.261	14.089
1804.083	14.098
1804.918	14.107
1805.785	14.115
1806.704	14.122
1807.705	14.126
1808.835	14.127
1810.156	14.123
1811.748	14.111
1813.714	14.088
1816.175	14.052
1819.251	13.997
1823.037	13.923
1827.556	13.827
1832.717	13.712
1838.294	13.585
1843.951	13.455
1849.334	13.333
1854.156	13.226
1858.256	13.139
1861.610	13.073
1864.284	13.027
1866.393	12.996
1868.061	12.979
1869.400	12.971
1870.504	12.970
1871.443	12.974
1872.270	12.981
1873.024	12.990
1873.733	13.000
1874.416	13.012
1875.086	13.024
1875.755	13.036
1876.429	13.048
1877.115	13.059
1877.814	13.071
1878.532	13.082
1879.270	13.092
1880.029	13.102
1880.811	13.111
1881.616	13.120
1882.445	13.128
1883.297	13.136
1884.171	13.143
1885.066	13.149
1885.980	13.155
1886.911	13.160
1887.857	13.165
1888.814	13.170
1889.780	13.174
1890.750	13.178
1891.723	13.182
1892.695	13.186
1893.664	13.190
1894.628	13.195
1895.587	13.199
1896.542	13.203
1897.495	13.208
1898.452	13.213
1899.418	13.217
1900.399	13.221
1901.407	13.224
1902.453	13.227
1903.551	13.228
1904.717	13.228
1905.966	13.225
1907.313	13.221
1908.775	13.213
1910.361	13.202
1912.078	13.188
1913.924	13.170
1915.888	13.150
1917.953	13.126
1920.086	13.101
1922.250	13.075
1924.403	13.048
1926.500	13.023
1928.499	13.000
1930.369	12.980
1932.083	12.964
1933.626	12.952
1934.994	12.945
1936.190	12.942
1937.223	12.943
1938.105	12.948
1938.856	12.956
1939.489	12.968
1940.021	12.982
1940.467	12.998
1940.842	13.017
1941.157	13.037
1941.422	13.058
1941.648	13.080
1941.841	13.104
1942.007	13.128
1942.154	13.153
1942.284	13.178
1942.402	13.204
1942.511	13.231
1942.614	13.257
1942.713	13.284
1942.811	13.311
1942.909	13.337
1943.010	13.364
1943.115	13.391
1943.227	13.418
1943.346	13.445
1943.475	13.472
1943.616	13.498
1943.771	13.525
1943.944	13.550
1944.137	13.576
1944.352	13.601
1944.596	13.625
1944.871	13.648
1945.183	13.671
1945.539	13.692
1945.947	13.712
1946.416	13.731
1946.957	13.748
1947.584	13.762
1948.315	13.774
1949.170	13.783
1950.174	13.787
1951.353	13.787
1952.744	13.782
1954.383	13.770
1956.308	13.750
1958.543	13.722
1961.122	13.685
1964.050	13.639
1967.296	13.584
1970.815	13.522
1974.523	13.455
1978.302	13.385
1982.035	13.317
1985.609	13.253
1988.923	13.195
1991.927	13.145
1994.586	13.104
1996.905	13.072
1998.907	13.048
2000.627	13.031
2002.106	13.021
2003.384	13.016
2004.501	13.015
2005.490	13.017
2006.382	13.022
2007.204	13.029
2007.977	13.038
2008.722	13.047
2009.459	13.056
2010.207	13.066
2010.982	13.075
2011.807	13.083
2012.704	13.089
2013.696	13.094
2014.809	13.095
2016.075	13.093
2017.523	13.087
2019.179	13.076
2021.075	13.060
2023.223	13.038
2025.624	13.009
2028.275	12.975
2031.129	12.936
2034.132	12.893
2037.214	12.848
2040.276	12.803
2043.245	12.760
2046.034	12.720
2048.591	12.686
2050.879	12.658
2052.882	12.636
2054.610	12.621
2056.074	12.612
2057.307	12.608
2058.333	12.609
2059.188	12.614
2059.895	12.622
2060.483	12.634
2060.974	12.647
2061.385	12.663
2061.733	12.680
2062.031	12.699
2062.288	12.718
2062.513	12.738
2062.712	12.759
2062.892	12.781
2063.056	12.803
2063.207	12.825
2063.349	12.848
2063.484	12.871
2063.614	12.894
2063.740	12.918
2063.863	12.941
2063.985	12.965
2064.106	12.988
2064.229	13.012
2064.352	13.036
2064.477	13.060
2064.605	13.083
2064.736	13.107
2064.871	13.131
2065.010	13.155
2065.155	13.179
2065.306	13.202
2065.463	13.226
2065.628	13.249
2065.803	13.273
2065.986	13.296
2066.180	13.319
2066.387	13.342
2066.608	13.364
2066.845	13.386
2067.102	13.408
2067.380	13.429
2067.683	13.450
2068.016	13.470
2068.384	13.490
2068.794	13.508
2069.255	13.525
2069.774	13.541
2070.365	13.555
2071.041	13.567
2071.816	13.577
2072.711	13.584
2073.746	13.587
2074.940	13.587
2076.317	13.582
2077.895	13.572
2079.688	13.557
2081.703	13.536
2083.933	13.510
2086.357	13.479
2088.937	13.444
2091.622	13.406
2094.345	13.366
2097.041	13.327
2099.640	13.291
2102.088	13.257
2104.341	13.229
2106.375	13.205
2108.179	13.187
2109.758	13.175
2111.126	13.167
2112.303	13.165
2113.313	13.166
2114.179	13.171
2114.925	13.179
2115.570	13.190
2116.135	13.202
2116.633	13.217
2117.081	13.233
2117.487	13.249
2117.864	13.267
2118.217	13.285
2118.554	13.304
2118.881	13.323
2119.201	13.342
2119.521	13.362
2119.841	13.381
2120.167	13.401
2120.500	13.420
2120.843	13.439
2121.200	13.458
2121.571	13.477
2121.962	13.495
2122.373	13.512
2122.809	13.530
2123.275	13.546
2123.775	13.562
2124.315	13.577
2124.903	13.590
2125.547	13.603
2126.257	13.613
2127.047	13.622
2127.931	13.629
2128.927	13.633
2130.052	13.634
2131.326	13.632
2132.770	13.625
2134.399	13.614
2136.230	13.598
2138.266	13.577
2140.505	13.551
2142.926	13.520
2145.500	13.486
2148.178	13.449
2150.902	13.410
2153.611	13.372
2156.242	13.335
2158.741	13.302
2161.067	13.272
2163.192	13.247
2165.106	13.227
2166.807	13.212
2168.311	13.202
2169.631	13.196
2170.791	13.194
2171.812	13.195
2172.716	13.199
2173.524	13.206
2174.253	13.215
2174.919	13.225
2175.537	13.236
2176.115	13.249
2176.664	13.262
2177.190	13.276
2177.702	13.290
2178.200	13.304
2178.692	13.319
2179.178	13.334
2179.661	13.349
2180.143	13.364
2180.625	13.379
2181.106	13.394
2181.589	13.409
2182.073	13.424
2182.558	13.440
2183.044	13.455
2183.531	13.470
2184.018	13.485
2184.507	13.500
2184.997	13.515
2185.487	13.530
2185.979	13.545
2186.473	13.561
2186.969	13.576
2187.471	13.591
2187.979	13.606
2188.496	13.620
2189.025	13.635
2189.570	13.649
2190.138	13.662
2190.734	13.676
2191.365	13.688
2192.043	13.699
2192.780	13.709
2193.589	13.717
2194.489	13.723
2195.500	13.727
2196.647	13.727
2197.958	13.724
2199.464	13.716
2201.197	13.703
2203.192	13.684
2205.476	13.658
2208.076	13.625
2210.999	13.584
2214.236	13.536
2217.752	13.481
2221.498	13.422
2225.391	13.358
2229.329	13.294
2233.213	13.231
2236.961	13.171
2240.486	13.116
2243.729	13.067
2246.667	13.025
2249.297	12.991
2251.613	12.963
2253.637	12.942
2255.408	12.926
2256.939	12.916
2258.261	12.911
2259.410	12.909
2260.404	12.911
2261.264	12.916
2262.014	12.923
2262.669	12.932
2263.244	12.944
2263.749	12.957
2264.198	12.971
