<j>	<Fwlc>
1040.885	13.656
1041.596	13.678
1042.443	13.693
1043.458	13.701
1044.680	13.700
1046.155	13.687
1047.936	13.660
1050.082	13.617
1052.656	13.555
1055.716	13.472
1059.299	13.366
1063.398	13.239
1067.940	13.094
1072.766	12.937
1077.652	12.779
1082.347	12.630
1086.635	12.498
1090.379	12.389
1093.534	12.304
1096.128	12.242
1098.233	12.200
1099.940	12.175
1101.337	12.162
1102.501	12.159
1103.497	12.163
1104.373	12.171
1105.167	12.183
1105.909	12.198
1106.619	12.214
1107.313	12.231
1108.002	12.248
1108.695	12.265
1109.398	12.281
1110.113	12.298
1110.843	12.314
1111.588	12.329
1112.349	12.344
1113.123	12.358
1113.908	12.371
1114.702	12.385
1115.501	12.398
1116.302	12.411
1117.099	12.424
1117.891	12.437
1118.673	12.451
1119.443	12.465
1120.196	12.480
1120.932	12.495
1121.649	12.511
1122.344	12.528
1123.019	12.545
1123.672	12.564
1124.303	12.583
1124.913	12.603
1125.503	12.624
1126.074	12.646
1126.627	12.669
1127.163	12.692
1127.683	12.716
1128.189	12.741
1128.682	12.766
1129.164	12.792
1129.635	12.818
1130.097	12.845
1130.552	12.872
1131.001	12.900
1131.447	12.927
1131.890	12.955
1132.333	12.983
1132.779	13.011
1133.230	13.039
1133.688	13.067
1134.158	13.095
1134.644	13.122
1135.149	13.148
1135.679	13.173
1136.239	13.197
1136.836	13.220
1137.476	13.242
1138.166	13.261
1138.913	13.278
1139.724	13.292
1140.604	13.303
1141.556	13.312
1142.583	13.317
1143.682	13.319
1144.850	13.318
1146.077	13.315
1147.349	13.309
1148.653	13.302
1149.970	13.294
1151.284	13.285
1152.578	13.278
1153.840	13.272
1155.062	13.267
1156.240	13.264
1157.376	13.263
1158.478	13.264
1159.557	13.265
1160.629	13.268
1161.711	13.270
1162.824	13.271
1163.988	13.270
1165.225	13.267
1166.555	13.260
1167.994	13.248
1169.559	13.232
1171.257	13.211
1173.094	13.184
1175.070	13.152
1177.176	13.114
1179.405	13.072
1181.743	13.026
1184.177	12.976
1186.690	12.923
1189.265	12.869
1191.881	12.813
1194.510	12.757
1197.120	12.702
1199.674	12.649
1202.135	12.599
1204.463	12.554
1206.630	12.515
1208.614	12.483
1210.403	12.458
1211.997	12.439
1213.404	12.428
1214.636	12.422
1215.712	12.423
1216.650	12.428
1217.469	12.438
1218.186	12.452
1218.816	12.469
1219.374	12.489
1219.871	12.511
1220.316	12.535
1220.719	12.560
1221.085	12.588
1221.421	12.616
1221.731	12.646
1222.019	12.676
1222.289	12.707
1222.543	12.739
1222.784	12.772
1223.015	12.805
1223.238	12.839
1223.454	12.873
1223.666	12.907
1223.875	12.942
1224.085	12.977
1224.296	13.012
1224.512	13.047
1224.736	13.081
1224.971	13.116
1225.221	13.150
1225.491	13.184
1225.790	13.217
1226.126	13.248
1226.512	13.278
1226.963	13.306
1227.502	13.331
1228.158	13.351
1228.968	13.366
1229.983	13.374
1231.265	13.372
1232.886	13.357
1234.928	13.327
1237.466	13.279
1240.550	13.210
1244.177	13.121
1248.271	13.015
1252.666	12.898
1257.142	12.777
1261.460	12.661
1265.430	12.558
1268.933	12.472
1271.932	12.404
1274.449	12.353
1276.540	12.317
1278.271	12.294
1279.707	12.281
1280.905	12.277
1281.910	12.279
1282.758	12.287
1283.480	12.300
1284.096	12.316
1284.626	12.335
1285.084	12.357
1285.482	12.380
1285.830	12.406
1286.137	12.433
1286.410	12.462
1286.654	12.492
1286.875	12.522
1287.078	12.554
1287.265	12.586
1287.441	12.618
1287.608	12.652
1287.767	12.685
1287.922	12.719
1288.074	12.753
1288.225	12.788
1288.375	12.822
1288.527	12.857
1288.682	12.892
1288.840	12.927
1289.004	12.961
1289.174	12.996
1289.352	13.031
1289.539	13.065
1289.738	13.099
1289.951	13.133
1290.181	13.167
1290.432	13.200
1290.709	13.232
1291.020	13.263
1291.373	13.292
1291.782	13.320
1292.266	13.346
1292.849	13.368
1293.565	13.385
1294.462	13.397
1295.599	13.400
1297.055	13.392
1298.921	13.369
1301.296	13.330
1304.265	13.269
1307.876	13.186
1312.097	13.081
1316.801	12.959
1321.765	12.828
1326.725	12.697
1331.443	12.575
1335.765	12.467
1339.636	12.375
1343.082	12.299
1346.175	12.235
1348.995	12.182
1351.613	12.136
1354.078	12.095
1356.415	12.058
1358.631	12.026
1360.722	11.997
1362.675	11.972
1364.477	11.952
1366.120	11.936
1367.597	11.925
1368.912	11.919
1370.070	11.917
1371.082	11.919
1371.961	11.926
1372.721	11.936
1373.378	11.949
1373.944	11.965
1374.433	11.984
1374.855	12.004
1375.222	12.027
1375.541	12.050
1375.821	12.076
1376.067	12.102
1376.285	12.129
1376.479	12.157
1376.653	12.186
1376.810	12.216
1376.953	12.246
1377.085	12.276
1377.206	12.307
1377.320	12.339
1377.427	12.370
1377.529	12.403
1377.627	12.435
1377.723	12.467
1377.819	12.500
1377.915	12.533
1378.015	12.566
1378.121	12.599
1378.235	12.632
1378.364	12.665
1378.511	12.697
1378.686	12.728
1378.899	12.759
1379.167	12.788
1379.508	12.815
1379.953	12.840
1380.539	12.860
1381.317	12.874
1382.355	12.881
1383.731	12.878
1385.541	12.861
1387.879	12.828
1390.819	12.777
1394.386	12.706
1398.522	12.617
1403.062	12.515
1407.754	12.407
1412.307	12.303
1416.465	12.209
1420.060	12.132
1423.033	12.073
1425.406	12.033
1427.258	12.008
1428.686	11.996
1429.783	11.995
1430.633	12.001
1431.299	12.013
1431.833	12.029
1432.270	12.048
1432.637	12.070
1432.953	12.093
1433.233	12.117
1433.484	12.143
1433.713	12.169
1433.927	12.195
1434.127	12.223
1434.318	12.250
1434.500	12.278
1434.675	12.306
1434.844	12.335
1435.009	12.364
1435.171	12.393
1435.329	12.422
1435.484	12.452
1435.638	12.481
1435.790	12.511
1435.942	12.541
1436.092	12.571
1436.242	12.601
1436.393	12.632
1436.543	12.662
1436.695	12.693
1436.847	12.724
1437.000	12.754
1437.155	12.785
1437.312	12.816
1437.470	12.847
1437.630	12.878
1437.792	12.909
1437.957	12.941
1438.125	12.972
1438.296	13.003
1438.469	13.034
1438.646	13.066
1438.826	13.097
1439.010	13.128
1439.199	13.159
1439.391	13.191
1439.589	13.222
1439.791	13.253
1439.999	13.284
1440.213	13.315
1440.433	13.346
1440.660	13.377
1440.896	13.408
1441.140	13.438
1441.393	13.468
1441.658	13.498
1441.934	13.528
1442.224	13.558
1442.529	13.586
1442.852	13.615
1443.195	13.643
1443.561	13.670
1443.953	13.696
1444.376	13.722
1444.835	13.746
1445.334	13.769
1445.882	13.790
1446.485	13.809
1447.153	13.826
1447.895	13.841
1448.721	13.852
1449.643	13.861
1450.672	13.865
1451.817	13.865
1453.085	13.861
1454.481	13.852
1456.003	13.839
1457.641	13.821
1459.380	13.800
1461.196	13.775
1463.059	13.749
1464.934	13.721
1466.786	13.695
1468.583	13.670
1470.298	13.648
1471.911	13.629
1473.412	13.615
1474.797	13.604
1476.070	13.597
1477.240	13.594
1478.319	13.595
1479.322	13.598
1480.263	13.603
1481.158	13.611
1482.019	13.619
1482.860	13.629
1483.690	13.638
1484.520	13.649
1485.356	13.658
1486.203	13.668
1487.066	13.677
1487.944	13.685
1488.838	13.693
1489.746	13.701
1490.663	13.708
1491.585	13.715
1492.506	13.721
1493.421	13.728
1494.322	13.735
1495.205	13.743
1496.065	13.752
1496.898	13.761
1497.703	13.772
1498.478	13.784
1499.226	13.796
1499.948	13.810
1500.652	13.824
1501.342	13.839
1502.029	13.854
1502.724	13.869
1503.440	13.883
1504.192	13.897
1505.001	13.908
1505.886	13.917
1506.873	13.923
1507.984	13.925
1509.246	13.921
1510.682	13.912
1512.307	13.896
1514.130	13.873
1516.140	13.844
1518.313	13.808
1520.604	13.769
1522.952	13.726
1525.289	13.684
1527.545	13.644
1529.659	13.609
1531.588	13.579
1533.305	13.557
1534.803	13.542
1536.089	13.534
1537.181	13.533
1538.100	13.538
1538.871	13.548
1539.519	13.562
1540.065	13.580
1540.530	13.601
1540.930	13.624
1541.279	13.650
1541.590	13.676
1541.873	13.704
1542.137	13.733
1542.390	13.762
1542.639	13.792
1542.892	13.821
1543.158	13.851
1543.444	13.879
1543.762	13.907
1544.124	13.934
1544.544	13.959
1545.042	13.981
1545.638	14.001
1546.361	14.016
1547.241	14.026
1548.312	14.030
1549.611	14.026
1551.174	14.013
1553.026	13.991
1555.182	13.958
1557.631	13.915
1560.340	13.862
1563.246	13.803
1566.266	13.740
1569.312	13.676
1572.307	13.613
1575.194	13.555
1577.949	13.500
1580.575	13.451
1583.099	13.406
1585.557	13.364
1587.989	13.323
1590.427	13.282
1592.889	13.242
1595.374	13.201
1597.866	13.159
1600.334	13.119
1602.738	13.080
1605.035	13.044
1607.188	13.013
1609.169	12.986
1610.962	12.965
1612.563	12.949
1613.979	12.939
1615.223	12.934
1616.314	12.934
1617.271	12.938
1618.117	12.945
1618.869	12.955
1619.545	12.967
1620.162	12.982
1620.732	12.998
1621.266	13.015
1621.775	13.032
1622.265	13.051
1622.745	13.070
1623.220	13.089
1623.695	13.108
1624.176	13.127
1624.667	13.146
1625.173	13.165
1625.699	13.183
1626.249	13.200
1626.828	13.217
1627.441	13.233
1628.094	13.247
1628.791	13.261
1629.538	13.273
1630.341	13.283
1631.202	13.292
1632.126	13.298
1633.114	13.303
1634.168	13.306
1635.284	13.307
1636.459	13.306
1637.686	13.303
1638.954	13.299
1640.252	13.294
1641.564	13.289
1642.876	13.283
1644.170	13.278
1645.432	13.273
1646.646	13.270
1647.802	13.268
1648.890	13.269
1649.902	13.271
1650.836	13.276
1651.690	13.283
1652.465	13.293
1653.165	13.305
1653.793	13.319
1654.355	13.335
1654.856	13.353
1655.302	13.373
1655.698	13.394
1656.050	13.417
1656.363	13.441
1656.641	13.466
1656.890	13.493
1657.113	13.520
1657.312	13.548
1657.492	13.577
1657.656	13.606
1657.804	13.636
1657.941	13.667
1658.067	13.698
1658.185	13.729
1658.297	13.761
1658.404	13.793
1658.508	13.825
1658.611	13.858
1658.716	13.890
1658.826	13.923
1658.946	13.955
1659.082	13.987
1659.244	14.019
1659.446	14.049
1659.709	14.078
1660.068	14.104
1660.574	14.126
1661.304	14.142
1662.375	14.148
1663.955	14.138
1666.270	14.108
1669.595	14.047
1674.195	13.948
1680.208	13.807
1687.477	13.627
1695.459	13.425
1703.338	13.224
1710.336	13.048
1716.000	12.911
1720.260	12.814
1723.305	12.754
1725.419	12.720
1726.871	12.707
1727.878	12.707
1728.591	12.716
1729.115	12.730
1729.518	12.749
1729.844	12.769
1730.121	12.792
1730.366	12.815
1730.592	12.839
1730.805	12.863
1731.011	12.888
1731.214	12.913
1731.418	12.938
1731.625	12.963
1731.838	12.988
1732.061	13.013
1732.297	13.037
1732.550	13.061
1732.827	13.085
1733.133	13.108
1733.478	13.130
1733.872	13.151
1734.327	13.170
1734.859	13.188
1735.488	13.203
1736.235	13.215
1737.128	13.223
1738.196	13.226
1739.469	13.225
1740.978	13.216
1742.748	13.201
1744.795	13.178
1747.116	13.148
1749.690	13.110
1752.467	13.067
1755.375	13.020
1758.324	12.971
1761.218	12.924
1763.968	12.880
1766.503	12.841
1768.777	12.809
1770.768	12.784
1772.477	12.767
1773.924	12.756
1775.134	12.752
1776.141	12.754
1776.975	12.760
1777.667	12.770
1778.243	12.784
1778.727	12.800
1779.136	12.818
1779.485	12.838
1779.788	12.859
1780.053	12.881
1780.288	12.904
1780.499	12.928
1780.691	12.952
1780.867	12.977
1781.030	13.003
1781.182	13.029
1781.326	13.055
1781.462	13.081
1781.591	13.108
1781.716	13.135
1781.835	13.163
1781.951	13.190
1782.064	13.218
1782.174	13.245
1782.282	13.273
1782.388	13.301
1782.493	13.330
1782.598	13.358
1782.703	13.387
1782.809	13.415
1782.916	13.444
1783.025	13.472
1783.138	13.501
1783.254	13.530
1783.375	13.559
1783.504	13.587
1783.640	13.616
1783.786	13.644
1783.944	13.672
1784.117	13.700
1784.308	13.727
1784.520	13.754
1784.758	13.780
1785.027	13.806
1785.333	13.830
1785.683	13.853
1786.085	13.875
1786.549	13.895
1787.084	13.914
1787.702	13.929
1788.415	13.942
1789.235	13.952
1790.173	13.959
1791.238	13.962
1792.437	13.960
1793.771	13.955
1795.234	13.945
1796.815	13.932
1798.494	13.916
1800.243	13.898
1802.030	13.878
1803.818	13.857
1805.572	13.838
1807.260	13.820
1808.857	13.805
1810.344	13.793
1811.711	13.784
1812.956	13.779
1814.082	13.778
1815.098	13.780
1816.015	13.785
1816.847	13.792
1817.606	13.802
