<j>	<Ffjc>
1031.093	14.190
1033.947	14.111
1037.655	13.992
1042.302	13.829
1047.769	13.627
1053.679	13.404
1059.475	13.186
1064.645	12.996
1068.901	12.849
1072.209	12.745
1074.703	12.678
1076.572	12.641
1077.996	12.624
1079.116	12.621
1080.036	12.627
1080.829	12.640
1081.546	12.656
1082.224	12.675
1082.889	12.694
1083.562	12.713
1084.262	12.731
1085.004	12.748
1085.804	12.763
1086.678	12.775
1087.642	12.784
1088.711	12.788
1089.897	12.788
1091.210	12.783
1092.656	12.772
1094.231	12.756
1095.923	12.735
1097.709	12.710
1099.558	12.682
1101.432	12.653
1103.288	12.624
1105.088	12.597
1106.798	12.574
1108.396	12.554
1109.866	12.539
1111.208	12.530
1112.425	12.525
1113.528	12.525
1114.533	12.529
1115.455	12.537
1116.310	12.547
1117.112	12.559
1117.874	12.574
1118.606	12.589
1119.316	12.606
1120.011	12.623
1120.693	12.640
1121.366	12.659
1122.030	12.677
1122.683	12.696
1123.324	12.715
1123.952	12.735
1124.562	12.756
1125.152	12.777
1125.720	12.799
1126.263	12.823
1126.780	12.847
1127.268	12.873
1127.728	12.899
1128.160	12.927
1128.564	12.957
1128.941	12.987
1129.293	13.019
1129.622	13.051
1129.931	13.085
1130.223	13.120
1130.503	13.155
1130.775	13.191
1131.046	13.227
1131.323	13.263
1131.619	13.299
1131.949	13.334
1132.334	13.367
1132.806	13.396
1133.410	13.421
1134.209	13.439
1135.290	13.446
1136.768	13.437
1138.781	13.408
1141.478	13.351
1144.967	13.263
1149.260	13.143
1154.201	12.996
1159.458	12.835
1164.608	12.678
1169.272	12.538
1173.234	12.425
1176.460	12.342
1179.043	12.283
1181.132	12.245
1182.878	12.221
1184.413	12.205
1185.838	12.195
1187.226	12.187
1188.630	12.179
1190.085	12.169
1191.611	12.158
1193.218	12.143
1194.906	12.126
1196.666	12.107
1198.479	12.085
1200.322	12.063
1202.167	12.040
1203.984	12.017
1205.743	11.997
1207.421	11.978
1208.995	11.963
1210.453	11.952
1211.787	11.945
1212.996	11.942
1214.082	11.942
1215.054	11.947
1215.921	11.955
1216.694	11.966
1217.383	11.981
1218.000	11.997
1218.556	12.016
1219.059	12.037
1219.519	12.059
1219.942	12.082
1220.336	12.107
1220.705	12.133
1221.055	12.159
1221.389	12.186
1221.711	12.214
1222.023	12.242
1222.329	12.270
1222.630	12.299
1222.927	12.328
1223.223	12.357
1223.518	12.386
1223.813	12.416
1224.110	12.445
1224.410	12.475
1224.712	12.504
1225.017	12.534
1225.327	12.563
1225.641	12.593
1225.960	12.622
1226.285	12.651
1226.614	12.680
1226.949	12.709
1227.290	12.738
1227.637	12.767
1227.989	12.796
1228.347	12.825
1228.710	12.853
1229.078	12.882
1229.450	12.910
1229.827	12.938
1230.208	12.966
1230.593	12.995
1230.983	13.023
1231.376	13.051
1231.776	13.079
1232.184	13.106
1232.603	13.134
1233.039	13.161
1233.498	13.187
1233.992	13.212
1234.536	13.236
1235.151	13.257
1235.869	13.274
1236.728	13.287
1237.784	13.293
1239.104	13.289
1240.767	13.274
1242.861	13.242
1245.460	13.193
1248.604	13.123
1252.269	13.035
1256.334	12.931
1260.595	12.819
1264.796	12.708
1268.694	12.607
1272.119	12.522
1274.994	12.457
1277.325	12.411
1279.175	12.382
1280.626	12.368
1281.766	12.365
1282.669	12.370
1283.396	12.382
1283.996	12.399
1284.501	12.419
1284.940	12.442
1285.329	12.466
1285.684	12.492
1286.014	12.519
1286.328	12.547
1286.632	12.575
1286.931	12.604
1287.231	12.632
1287.536	12.661
1287.851	12.689
1288.180	12.718
1288.531	12.745
1288.909	12.772
1289.322	12.798
1289.778	12.822
1290.289	12.845
1290.866	12.865
1291.523	12.883
1292.276	12.898
1293.143	12.909
1294.141	12.916
1295.288	12.917
1296.599	12.913
1298.085	12.903
1299.747	12.887
1301.575	12.864
1303.548	12.837
1305.628	12.805
1307.767	12.771
1309.909	12.736
1311.998	12.703
1313.983	12.673
1315.824	12.647
1317.496	12.627
1318.987	12.614
1320.299	12.606
1321.440	12.604
1322.429	12.607
1323.285	12.615
1324.030	12.627
1324.682	12.642
1325.263	12.660
1325.788	12.680
1326.275	12.701
1326.738	12.724
1327.189	12.747
1327.643	12.770
1328.110	12.793
1328.603	12.815
1329.134	12.836
1329.716	12.856
1330.361	12.874
1331.084	12.889
1331.896	12.901
1332.809	12.910
1333.835	12.915
1334.982	12.916
1336.252	12.913
1337.643	12.906
1339.148	12.894
1340.748	12.879
1342.423	12.862
1344.142	12.842
1345.876	12.822
1347.593	12.802
1349.264	12.784
1350.866	12.767
1352.385	12.753
1353.811	12.743
1355.143	12.735
1356.386	12.731
1357.547	12.729
1358.637	12.730
1359.669	12.733
1360.652	12.737
1361.599	12.743
1362.519	12.750
1363.419	12.758
1364.303	12.766
1365.177	12.774
1366.041	12.783
1366.895	12.792
1367.737	12.802
1368.567	12.812
1369.379	12.822
1370.171	12.833
1370.939	12.845
1371.680	12.858
1372.391	12.872
1373.069	12.887
1373.712	12.903
1374.320	12.920
1374.893	12.938
1375.429	12.958
1375.932	12.979
1376.401	13.001
1376.839	13.024
1377.248	13.048
1377.630	13.073
1377.988	13.099
1378.325	13.126
1378.643	13.154
1378.946	13.183
1379.236	13.212
1379.518	13.241
1379.795	13.271
1380.073	13.301
1380.358	13.331
1380.658	13.361
1380.983	13.390
1381.349	13.417
1381.777	13.443
1382.295	13.466
1382.943	13.486
1383.777	13.499
1384.869	13.503
1386.315	13.497
1388.226	13.475
1390.720	13.433
1393.892	13.369
1397.773	13.281
1402.283	13.171
1407.200	13.046
1412.196	12.918
1416.917	12.797
1421.081	12.694
1424.543	12.614
1427.290	12.557
1429.400	12.521
1430.991	12.502
1432.186	12.497
1433.095	12.501
1433.803	12.513
1434.376	12.529
1434.862	12.548
1435.295	12.569
1435.700	12.591
1436.095	12.614
1436.492	12.637
1436.902	12.659
1437.330	12.682
1437.783	12.703
1438.264	12.724
1438.776	12.744
1439.321	12.763
1439.900	12.780
1440.513	12.797
1441.159	12.813
1441.836	12.828
1442.542	12.842
1443.272	12.855
1444.022	12.867
1444.787	12.879
1445.561	12.891
1446.336	12.902
1447.108	12.913
1447.870	12.925
1448.615	12.937
1449.340	12.950
1450.039	12.964
1450.710	12.978
1451.351	12.993
1451.960	13.010
1452.537	13.027
1453.084	13.046
1453.601	13.066
1454.092	13.086
1454.558	13.107
1455.005	13.129
1455.436	13.152
1455.856	13.175
1456.271	13.199
1456.686	13.223
1457.109	13.246
1457.548	13.269
1458.015	13.292
1458.520	13.313
1459.082	13.333
1459.721	13.350
1460.467	13.364
1461.358	13.374
1462.448	13.378
1463.809	13.374
1465.536	13.358
1467.750	13.328
1470.595	13.279
1474.217	13.207
1478.727	13.108
1484.142	12.982
1490.323	12.833
1496.955	12.671
1503.601	12.509
1509.826	12.359
1515.314	12.230
1519.928	12.128
1523.684	12.050
1526.689	11.995
1529.086	11.957
1531.014	11.933
1532.592	11.919
1533.910	11.913
1535.038	11.912
1536.027	11.915
1536.912	11.921
1537.719	11.930
1538.467	11.940
1539.170	11.951
1539.837	11.963
1540.476	11.976
1541.090	11.990
1541.685	12.004
1542.262	12.019
1542.823	12.034
1543.370	12.050
1543.903	12.066
1544.422	12.083
1544.928	12.100
1545.420	12.117
1545.898	12.134
1546.363	12.152
1546.813	12.171
1547.249	12.190
1547.670	12.209
1548.076	12.229
1548.468	12.249
1548.845	12.270
1549.208	12.291
1549.557	12.312
1549.892	12.334
1550.214	12.356
1550.523	12.379
1550.821	12.402
1551.107	12.426
1551.383	12.450
1551.649	12.474
1551.906	12.499
1552.155	12.524
1552.398	12.549
1552.633	12.574
1552.864	12.600
1553.089	12.626
1553.311	12.652
1553.530	12.678
1553.747	12.705
1553.962	12.732
1554.176	12.758
1554.390	12.785
1554.604	12.812
1554.820	12.839
1555.038	12.866
1555.259	12.893
1555.482	12.920
1555.709	12.947
1555.940	12.974
1556.175	13.001
1556.416	13.028
1556.662	13.055
1556.913	13.082
1557.171	13.109
1557.436	13.135
1557.707	13.162
1557.985	13.188
1558.270	13.214
1558.563	13.240
1558.863	13.266
1559.170	13.292
1559.484	13.318
1559.806	13.343
1560.135	13.368
1560.471	13.393
1560.813	13.418
1561.162	13.443
1561.518	13.468
1561.879	13.492
1562.246	13.517
1562.618	13.541
1562.995	13.565
1563.377	13.590
1563.764	13.614
1564.154	13.638
1564.550	13.662
1564.949	13.685
1565.354	13.709
1565.764	13.733
1566.181	13.756
1566.606	13.779
1567.041	13.802
1567.489	13.825
1567.953	13.847
1568.440	13.869
1568.957	13.889
1569.514	13.909
1570.126	13.927
1570.811	13.942
1571.598	13.955
1572.522	13.963
1573.634	13.965
1574.998	13.960
1576.697	13.944
1578.829	13.915
1581.496	13.869
1584.787	13.803
1588.743	13.717
1593.319	13.610
1598.356	13.489
1603.592	13.362
1608.713	13.237
1613.433	13.124
1617.565	13.030
1621.035	12.955
1623.868	12.901
1626.148	12.863
1627.981	12.839
1629.472	12.826
1630.711	12.821
1631.771	12.822
1632.707	12.827
1633.561	12.834
1634.364	12.843
1635.136	12.853
1635.895	12.863
1636.651	12.874
1637.411	12.884
1638.181	12.895
1638.964	12.905
1639.762	12.914
1640.576	12.924
1641.407	12.932
1642.253	12.941
1643.115	12.948
1643.992	12.956
1644.883	12.963
1645.786	12.969
1646.701	12.976
1647.626	12.982
1648.560	12.987
1649.501	12.993
1650.448	12.998
1651.399	13.003
1652.352	13.008
1653.304	13.013
1654.254	13.018
1655.197	13.024
1656.132	13.029
1657.056	13.035
1657.964	13.041
1658.855	13.048
1659.726	13.055
1660.573	13.063
1661.395	13.071
1662.190	13.081
1662.957	13.091
1663.695	13.102
1664.404	13.113
1665.085	13.126
1665.739	13.139
1666.368	13.153
1666.974	13.168
1667.562	13.184
1668.134	13.200
1668.697	13.216
1669.256	13.233
1669.819	13.249
1670.395	13.265
1670.995	13.281
1671.634	13.296
1672.328	13.309
1673.100	13.320
1673.975	13.329
1674.984	13.334
1676.165	13.334
1677.559	13.329
1679.210	13.316
1681.158	13.295
1683.434	13.265
1686.052	13.225
1688.994	13.176
1692.206	13.120
1695.599	13.057
1699.052	12.993
1702.434	12.930
1705.623	12.872
1708.525	12.821
1711.084	12.780
1713.281	12.748
1715.128	12.726
1716.659	12.713
1717.918	12.708
1718.949	12.708
1719.798	12.714
1720.504	12.724
1721.100	12.738
1721.615	12.753
1722.071	12.771
1722.487	12.790
1722.878	12.809
1723.257	12.829
1723.634	12.849
1724.017	12.869
1724.416	12.889
1724.837	12.909
1725.287	12.927
1725.772	12.945
1726.298	12.962
1726.869	12.978
1727.492	12.992
1728.169	13.005
1728.905	13.016
1729.700	13.026
1730.556	13.034
1731.471	13.041
1732.440	13.046
1733.460	13.049
1734.521	13.051
1735.614	13.053
1736.727	13.053
1737.849	13.053
1738.965	13.054
1740.062	13.054
1741.130	13.056
1742.156	13.058
1743.133	13.062
1744.053	13.067
1744.912	13.074
1745.709	13.082
1746.443	13.092
1747.115	13.104
1747.729	13.118
1748.287	13.133
1748.795	13.149
1749.256	13.167
1749.677	13.187
1750.061	13.207
1750.415	13.228
1750.742	13.250
1751.046	13.273
1751.333	13.296
1751.605	13.320
1751.867	13.344
1752.122	13.369
1752.374	13.394
1752.625	13.419
1752.878	13.443
1753.137	13.468
1753.405	13.493
1753.684	13.518
1753.978	13.542
1754.290	13.565
1754.623	13.589
1754.980	13.611
1755.365	13.633
1755.780	13.654
1756.229	13.674
1756.715	13.693
1757.240	13.711
1757.807	13.728
1758.417	13.744
1759.071	13.758
1759.771	13.771
1760.515	13.782
1761.302	13.793
1762.130	13.802
1762.997	13.809
1763.901	13.816
1764.839	13.822
1765.811	13.826
1766.815	13.830
1767.857	13.832
1768.942	13.834
1770.082	13.834
1771.295	13.831
1772.604	13.827
1774.040	13.818
1775.639	13.806
1777.443	13.787
1779.495	13.762
1781.830	13.729
1784.470	13.688
1787.411	13.637
1790.618	13.579
1794.013	13.516
1797.491	13.450
1800.924	13.384
1804.189	13.323
1807.184	13.269
1809.841	13.225
1812.131	13.190
1814.059	13.165
1815.652	13.150
1816.951	13.143
1818.004	13.143
1818.855	13.149
1819.545	13.159
1820.109	13.173
1820.577	13.190
1820.971	13.209
1821.311	13.229
1821.611	13.251
1821.883	13.274
1822.136	13.297
1822.379	13.321
1822.619	13.345
1822.863	13.369
1823.117	13.393
1823.391	13.417
1823.693	13.439
1824.038	13.461
1824.443	13.482
1824.932	13.500
1825.537	13.516
1826.302	13.528
1827.286	13.534
