<j>	var(j)
1.246	0.387
3.002	0.921
4.179	0.875
5.196	0.705
6.054	0.711
7.215	1.332
8.585	0.975
9.532	1.532
11.137	2.247
12.467	1.536
13.346	1.420
14.237	1.855
15.522	2.821
17.083	2.218
18.031	1.476
18.729	1.284
19.440	1.445
20.367	1.813
21.486	1.844
22.550	1.870
23.598	1.727
24.543	1.681
25.496	1.971
26.692	3.106
28.339	3.566
29.759	2.826
30.782	2.091
31.548	1.697
32.242	1.605
32.951	1.500
33.668	1.754
34.659	3.159
36.382	4.929
38.246	3.751
39.354	2.254
40.058	1.820
40.693	1.646
41.311	1.533
41.954	1.802
42.828	3.072
44.396	6.558
47.021	9.179
49.278	5.271
50.306	2.556
50.847	2.083
51.368	2.686
52.136	4.268
53.392	6.135
54.975	5.628
56.180	3.194
56.831	1.790
57.242	1.473
57.644	1.710
58.184	2.470
59.043	3.985
60.413	5.858
62.128	5.995
63.566	4.223
64.501	2.795
65.151	2.202
65.716	2.118
66.315	2.367
67.037	2.875
67.946	3.613
69.090	4.820
70.581	6.850
72.480	8.304
74.343	6.766
75.630	4.489
76.493	4.392
77.473	7.979
79.355	17.198
82.678	24.597
85.950	17.998
87.839	10.212
88.864	6.416
89.525	4.486
90.007	3.402
90.395	2.836
90.742	2.622
91.088	2.673
91.469	2.953
91.919	3.441
92.476	4.087
93.164	4.760
93.977	5.266
94.877	5.497
95.812	5.583
96.766	5.832
97.775	6.550
98.919	7.879
100.275	9.604
101.845	11.156
103.539	12.081
105.236	12.203
106.832	11.306
108.221	9.409
109.327	7.104
110.148	5.143
110.755	3.951
111.248	3.634
111.742	4.248
112.371	5.998
113.303	9.142
114.711	13.166
116.582	15.679
118.546	14.469
120.167	10.951
121.324	7.573
122.117	5.169
122.670	3.688
123.085	2.935
123.439	2.768
123.804	3.159
124.257	4.260
124.911	6.416
125.927	9.863
127.442	13.573
129.326	14.666
131.114	12.250
132.486	9.408
133.537	8.627
134.555	10.840
135.900	17.228
138.002	28.217
141.060	37.490
144.396	34.457
146.953	23.237
148.521	14.266
149.469	9.732
150.136	8.081
150.717	7.982
151.315	8.719
151.990	9.871
152.768	11.069
153.647	11.917
154.591	12.093
155.543	11.562
156.447	10.673
157.284	10.002
158.082	10.102
158.909	11.369
159.864	13.943
161.045	17.444
162.496	20.577
164.133	21.423
165.741	19.087
167.100	14.794
168.120	10.531
168.843	7.366
169.359	5.379
169.750	4.279
170.076	3.778
170.380	3.684
170.692	3.897
171.039	4.380
171.447	5.161
171.947	6.384
172.587	8.468
173.465	12.482
174.788	20.594
176.933	34.913
180.220	50.538
184.168	52.486
187.537	39.391
189.773	25.677
191.169	17.207
192.106	12.507
192.798	9.741
193.351	8.003
193.817	6.912
194.232	6.273
194.621	5.951
195.003	5.836
195.390	5.836
195.788	5.881
196.201	5.938
196.628	6.026
197.074	6.252
197.552	6.857
198.096	8.303
198.783	11.380
199.758	17.173
201.234	26.217
203.389	36.000
206.070	39.969
208.703	35.040
210.798	26.918
212.340	21.471
213.572	19.643
214.717	20.068
215.892	21.205
217.124	21.825
218.371	21.192
219.557	19.253
220.618	16.586
221.525	14.006
222.295	12.192
222.978	11.607
223.648	12.662
224.406	15.911
225.384	22.063
226.751	31.382
228.651	42.075
231.055	49.016
233.631	47.046
235.903	37.360
237.598	26.156
238.750	17.743
239.533	12.749
240.109	10.239
240.586	9.250
241.033	9.185
241.490	9.748
241.989	10.823
242.555	12.375
243.215	14.383
243.992	16.775
244.904	19.371
245.955	21.859
247.132	23.845
248.398	25.021
249.704	25.338
251.005	25.064
252.275	24.637
253.513	24.455
254.734	24.736
255.964	25.502
257.225	26.615
258.530	27.808
259.878	28.681
261.247	28.765
262.596	27.669
263.871	25.293
265.018	21.929
266.001	18.141
266.810	14.515
267.460	11.452
267.979	9.119
268.400	7.513
268.757	6.547
269.077	6.118
269.388	6.152
269.711	6.611
270.070	7.514
270.491	8.955
271.005	11.126
271.660	14.369
272.519	19.172
273.673	25.988
275.219	34.587
277.210	42.989
279.545	47.438
281.943	45.299
284.081	38.278
285.806	30.784
287.167	25.958
288.324	24.535
289.435	25.845
290.618	28.699
291.926	31.761
293.353	33.838
294.840	34.305
296.313	33.363
297.720	31.786
299.043	30.306
300.296	29.180
301.495	28.167
302.647	26.806
303.734	24.762
304.731	22.019
305.613	18.871
306.368	15.740
307.000	12.989
307.527	10.824
307.974	9.302
308.367	8.377
308.731	7.965
309.086	7.972
309.451	8.309
309.841	8.899
310.268	9.657
310.739	10.489
311.258	11.280
311.822	11.905
312.422	12.241
313.042	12.205
313.662	11.777
314.264	11.017
314.829	10.045
315.349	9.009
315.820	8.051
316.249	7.275
316.644	6.755
317.021	6.543
317.397	6.693
317.795	7.299
318.243	8.554
318.786	10.843
319.497	14.907
320.497	22.051
321.989	34.114
324.242	52.186
327.465	72.905
331.489	86.338
335.662	84.697
339.303	71.721
342.143	55.933
344.253	42.366
345.813	32.541
347.007	26.431
347.985	23.480
348.871	23.014
349.755	24.380
350.703	26.942
351.755	30.014
352.923	32.859
354.190	34.816
355.513	35.541
356.843	35.222
358.146	34.550
359.415	34.475
360.679	35.887
361.996	39.391
363.440	45.161
365.085	52.799
366.975	61.209
369.107	68.739
371.421	73.753
373.809	75.435
376.160	74.149
378.393	71.038
380.472	67.286
382.397	63.681
384.185	60.574
385.861	58.022
387.445	55.944
388.957	54.195
390.408	52.602
391.803	51.024
393.147	49.356
394.437	47.547
395.672	45.621
396.853	43.640
397.978	41.704
399.051	39.918
400.077	38.369
401.064	37.117
402.020	36.176
402.954	35.511
403.873	35.045
404.782	34.664
405.683	34.241
406.575	33.644
407.453	32.776
408.310	31.574
409.136	30.032
409.924	28.193
410.666	26.141
411.357	23.977
411.994	21.810
412.577	19.729
413.109	17.810
413.594	16.099
414.037	14.624
414.444	13.393
414.822	12.402
415.178	11.643
415.517	11.100
415.845	10.761
416.168	10.617
416.493	10.669
416.825	10.931
417.171	11.441
417.539	12.273
417.941	13.563
418.394	15.533
418.922	18.538
419.562	23.096
420.371	29.886
421.426	39.590
422.821	52.431
424.642	67.281
426.911	80.883
429.520	88.516
432.229	87.063
434.761	77.854
436.934	65.633
438.719	54.952
440.198	48.073
441.494	45.233
442.722	45.655
443.966	48.226
445.280	51.699
446.680	54.802
448.148	56.368
449.635	55.603
451.081	52.339
452.422	47.065
453.613	40.704
454.636	34.225
455.493	28.389
456.206	23.626
456.804	20.098
457.319	17.798
457.782	16.655
458.224	16.609
458.674	17.655
459.161	19.850
459.718	23.336
460.383	28.304
461.196	34.932
462.205	43.283
463.452	53.101
464.968	63.612
466.754	73.453
468.770	80.925
470.929	84.644
473.123	84.212
475.244	80.355
477.218	74.424
479.012	67.682
480.619	60.928
482.050	54.504
483.322	48.491
484.448	42.907
485.442	37.803
486.318	33.267
487.092	29.398
487.779	26.287
488.398	23.998
488.968	22.574
489.512	22.058
490.051	22.493
490.608	23.950
491.209	26.526
491.883	30.328
492.661	35.436
493.576	41.847
494.657	49.344
495.927	57.410
497.393	65.147
499.033	71.396
500.800	75.039
502.618	75.446
504.410	72.745
506.106	67.771
507.662	61.667
509.063	55.464
510.314	49.838
511.435	45.093
512.449	41.266
513.379	38.251
514.244	35.900
515.059	34.072
515.836	32.654
516.585	31.557
517.312	30.725
518.024	30.123
518.727	29.740
519.424	29.584
520.122	29.693
520.827	30.135
521.548	31.004
522.294	32.419
523.079	34.495
523.920	37.323
524.834	40.914
525.838	45.142
526.946	49.678
528.161	53.955
529.471	57.243
530.847	58.799
532.244	58.113
533.607	55.120
534.885	50.252
536.038	44.291
537.047	38.110
537.914	32.451
538.654	27.826
539.292	24.519
539.862	22.669
540.397	22.352
540.934	23.660
541.514	26.721
542.179	31.698
542.976	38.696
543.956	47.613
545.159	57.885
546.610	68.261
548.296	76.800
550.153	81.369
552.071	80.563
553.923	74.509
555.596	64.836
557.026	53.823
558.199	43.408
559.141	34.703
559.895	28.056
560.510	23.331
561.027	20.187
561.481	18.258
561.898	17.224
562.298	16.838
562.695	16.917
563.098	17.327
563.517	17.969
563.956	18.767
564.418	19.653
564.906	20.573
565.422	21.474
565.963	22.315
566.529	23.068
567.118	23.723
567.727	24.301
568.354	24.856
568.999	25.480
569.664	26.302
570.355	27.482
571.083	29.197
571.862	31.613
572.710	34.848
573.650	38.916
574.702	43.664
575.880	48.713
577.185	53.464
578.604	57.197
580.101	59.286
581.630	59.430
583.141	57.787
584.590	54.892
585.952	51.427
587.220	47.969
588.397	44.848
589.497	42.146
590.529	39.776
591.504	37.597
592.425	35.510
593.296	33.523
594.121	31.789
594.905	30.639
595.668	30.627
596.440	32.629
597.277	38.026
598.272	48.928
599.572	68.272
601.394	99.134
603.999	142.003
607.589	189.450
612.086	223.286
616.980	224.958
621.527	194.296
625.200	149.652
627.906	109.052
629.836	79.594
631.236	60.476
632.303	48.511
633.167	40.858
633.900	35.636
634.545	31.752
635.124	28.625
635.649	25.960
636.129	23.615
636.569	21.528
636.973	19.669
637.345	18.024
637.689	16.588
638.009	15.353
638.308	14.312
638.590	13.457
638.858	12.783
639.116	12.285
639.366	11.962
639.613	11.816
639.860	11.855
640.112	12.096
640.371	12.562
640.645	13.289
640.938	14.326
641.258	15.737
641.614	17.600
642.018	20.006
642.481	23.061
643.020	26.861
643.653	31.482
644.399	36.936
645.277	43.132
646.301	49.826
647.478	56.598
648.807	62.892
650.267	68.119
651.830	71.838
653.455	73.910
655.105	74.556
656.750	74.263
658.370	73.589
659.961	72.962
661.527	72.566
663.072	72.327
664.602	71.995
666.112	71.262
667.594	69.875
669.035	67.737
670.421	64.919
671.741	61.643
672.987	58.216
674.159	54.957
675.264	52.134
676.312	49.939
677.317	48.457
678.295	47.685
679.260	47.525
680.223	47.797
681.194	48.264
682.175	48.655
683.162	48.694
684.149	48.151
685.123	46.876
686.068	44.829
686.969	42.089
687.814	38.828
688.592	35.284
689.301	31.710
689.938	28.354
690.511	25.430
691.029	23.129
691.504	21.631
691.954	21.139
692.402	21.924
692.875	24.360
693.412	28.981
694.062	36.485
694.890	47.685
695.979	63.269
697.420	83.275
699.294	106.226
701.631	128.443
704.368	144.500
707.329	149.672
710.274	143.091
712.987	128.500
715.356	111.714
717.379	97.396
719.129	87.676
720.702	82.563
722.185	80.929
723.638	81.278
725.092	82.201
726.555	82.616
728.014	81.918
729.449	80.049
730.842	77.442
732.181	74.936
733.473	73.580
734.741	74.498
736.028	78.786
737.394	87.380
738.912	100.858
740.660	119.067
742.708	140.633
745.089	162.516
747.782	180.229
750.686	189.141
753.644	186.574
756.474	173.257
759.032	152.956
761.241	130.473
763.097	109.701
764.644	92.816
765.949	80.426
767.081	72.227
768.102	67.542
769.061	65.636
769.998	65.887
770.943	67.827
771.920	71.106
772.945	75.462
774.034	80.654
775.197	86.434
776.442	92.469
777.769	98.341
779.174	103.524
780.645	107.446
782.160	109.565
783.693	109.464
785.213	106.972
786.686	102.185
788.083	95.470
789.380	87.388
790.560	78.580
791.618	69.651
792.555	61.098
793.376	53.266
794.093	46.353
794.719	40.441
795.267	35.522
795.752	31.536
796.186	28.394
796.579	25.997
796.942	24.255
797.284	23.087
797.613	22.434
797.936	22.248
798.259	22.499
798.589	23.173
798.933	24.276
799.295	25.824
799.685	27.840
800.108	30.353
800.574	33.397
801.089	36.997
801.664	41.163
802.305	45.872
803.024	51.057
803.826	56.596
804.715	62.301
805.694	67.914
806.759	73.129
807.903	77.619
809.112	81.100
810.368	83.372
811.653	84.363
812.946	84.142
814.229	82.915
815.488	80.979
816.712	78.645
817.898	76.194
819.045	73.838
820.154	71.719
821.231	69.887
822.280	68.334
823.306	67.010
824.313	65.864
825.302	64.846
826.276	63.923
827.237	63.083
828.186	62.338
829.124	61.721
830.053	61.258
830.977	60.949
831.898	60.791
832.817	60.748
833.736	60.748
834.656	60.692
835.576	60.467
836.492	59.960
837.401	59.074
838.296	57.742
839.171	55.941
840.018	53.705
840.831	51.107
841.606	48.252
842.339	45.271
843.027	42.310
843.672	39.496
844.277	36.943
844.845	34.748
845.383	32.987
845.896	31.722
846.394	31.007
846.884	30.908
847.378	31.506
847.885	32.917
848.420	35.318
848.999	38.958
849.644	44.185
850.381	51.455
851.246	61.312
852.280	74.304
853.535	90.820
855.063	110.719
856.911	132.875
859.097	154.824
861.594	172.773
864.311	182.566
867.103	181.395
869.799	169.235
872.250	148.937
874.359	124.776
876.096	100.730
877.484	79.390
878.572	61.880
879.418	48.255
880.081	38.024
880.606	30.527
881.031	25.111
881.384	21.245
881.686	18.520
881.953	16.634
882.195	15.377
882.422	14.618
882.640	14.272
882.856	14.296
883.074	14.683
883.301	15.454
883.543	16.659
883.807	18.372
884.101	20.694
884.436	23.757
884.825	27.715
885.282	32.748
885.826	39.034
886.478	46.724
887.261	55.901
888.199	66.487
889.312	78.168
890.616	90.333
892.111	102.031
893.781	112.095
895.593	119.386
897.494	123.109
899.425	123.080
901.328	119.785
903.155	114.223
904.879	107.559
906.488	100.806
907.988	94.655
909.390	89.447
910.713	85.190
911.970	81.719
913.174	78.774
914.333	76.070
915.452	73.356
916.528	70.469
917.560	67.306
918.545	63.844
919.478	60.134
920.356	56.259
921.178	52.319
921.943	48.438
922.652	44.722
923.309	41.246
923.917	38.093
924.480	35.309
925.005	32.921
925.498	30.959
925.964	29.440
926.410	28.384
926.844	27.831
927.273	27.839
927.707	28.507
928.155	29.988
928.632	32.532
929.154	36.525
929.748	42.581
930.447	51.683
931.304	65.382
932.396	86.110
933.842	117.515
935.812	164.427
938.543	231.713
942.305	320.156
947.307	418.996
953.501	500.743
960.404	530.939
967.200	494.864
973.123	411.085
977.788	313.618
981.220	227.430
983.656	161.614
985.369	115.182
986.586	83.706
987.473	62.702
988.141	48.738
988.665	39.397
989.092	33.083
989.455	28.752
989.773	25.718
990.060	23.541
990.325	21.928
990.574	20.689
990.811	19.705
991.038	18.894
991.258	18.205
991.470	17.613
991.678	17.099
991.881	16.657
992.080	16.287
992.277	16.001
992.471	15.808
992.665	15.730
992.859	15.800
993.055	16.047
993.257	16.530
993.466	17.319
993.688	18.509
993.927	20.231
994.192	22.669
994.491	26.065
994.838	30.750
995.252	37.153
995.756	45.818
996.383	57.410
997.172	72.637
998.172	92.133
999.440	116.173
1001.031	144.215
1002.987	174.441
1005.318	203.376
1007.983	226.221
1010.880	238.195
1013.850	236.384
1016.724	221.218
1019.349	196.289
1021.632	166.685
1023.541	137.098
1025.095	110.667
1026.343	88.825
1027.343	71.761
1028.152	58.980
1028.821	49.720
1029.389	43.244
1029.887	38.901
1030.340	36.215
1030.765	34.832
1031.177	34.531
1031.591	35.200
1032.015	36.794
1032.463	39.374
1032.946	43.051
1033.478	48.008
1034.075	54.513
1034.757	62.837
1035.547	73.328
1036.472	86.258
1037.560	101.749
1038.843	119.708
1040.345	139.480
1042.085	159.879
1044.059	178.997
1046.239	194.456
1048.574	203.985
1050.981	205.913
1053.369	199.927
1055.649	187.116
1057.750	169.612
1059.632	149.990
1061.280	130.516
1062.705	112.868
1063.934	97.990
1065.000	86.250
1065.941	77.656
1066.792	71.982
1067.585	68.966
1068.350	68.327
1069.113	69.839
1069.898	73.324
1070.725	78.626
1071.616	85.589
1072.589	94.000
1073.657	103.566
1074.834	113.854
1076.124	124.258
1077.528	134.027
1079.034	142.303
1080.620	148.209
1082.263	151.064
1083.919	150.425
1085.559	146.276
1087.137	138.970
1088.627	129.199
1090.003	117.804
1091.250	105.683
1092.365	93.587
1093.351	82.105
1094.215	71.627
1094.969	62.361
1095.627	54.373
1096.203	47.630
1096.709	42.048
1097.158	37.506
1097.561	33.890
1097.928	31.085
1098.267	28.992
1098.585	27.530
1098.890	26.642
1099.188	26.285
1099.484	26.438
1099.784	27.094
1100.094	28.264
1100.421	29.973
1100.769	32.261
1101.147	35.190
1101.562	38.826
1102.024	43.261
1102.540	48.585
1103.123	54.929
1103.785	62.423
1104.539	71.212
1105.402	81.491
1106.389	93.419
1107.522	107.229
1108.820	123.083
1110.306	141.122
1112.000	161.309
1113.924	183.302
1116.090	206.307
1118.499	228.847
1121.133	248.816
1123.947	263.609
1126.875	270.796
1129.823	268.701
1132.689	257.091
1135.382	237.307
1137.823	211.894
1139.974	183.745
1141.815	155.637
1143.364	129.433
1144.643	106.406
1145.692	86.925
1146.549	70.994
1147.250	58.295
1147.828	48.354
1148.309	40.721
1148.717	34.952
1149.070	30.664
1149.382	27.545
1149.664	25.338
1149.927	23.846
1150.176	22.909
1150.417	22.406
1150.656	22.246
1150.893	22.352
1151.135	22.677
1151.381	23.177
1151.634	23.827
1151.896	24.608
1152.169	25.511
1152.453	26.542
1152.750	27.714
1153.063	29.061
1153.392	30.636
1153.742	32.521
1154.115	34.834
1154.517	37.751
1154.956	41.509
1155.442	46.450
1155.989	53.018
1156.619	61.819
1157.356	73.602
1158.240	89.264
1159.313	109.762
1160.635	135.902
1162.266	167.950
1164.268	205.050
1166.683	244.549
1169.516	281.732
1172.709	310.324
1176.139	324.400
1179.631	320.690
1182.990	300.306
1186.060	268.085
1188.744	230.588
1191.017	193.595
1192.906	160.976
1194.466	134.453
1195.768	114.278
1196.875	99.927
1197.848	90.547
1198.735	85.388
1199.577	83.821
1200.409	85.508
1201.263	90.281
1202.169	98.221
1203.160	109.488
1204.267	124.392
1205.526	143.125
1206.974	165.773
1208.646	191.986
1210.570	220.820
1212.766	250.589
1215.228	278.772
1217.930	302.362
1220.814	318.415
1223.799	324.835
1226.790	320.979
1229.694	307.868
1232.436	287.831
1234.962	263.700
1237.250	238.226
1239.298	213.448
1241.119	190.655
1242.738	170.412
1244.180	152.786
1245.470	137.542
1246.630	124.345
1247.679	112.813
1248.631	102.637
1249.498	93.546
1250.288	85.361
1251.011	77.932
1251.672	71.184
1252.278	65.038
1252.833	59.470
1253.341	54.437
1253.809	49.923
1254.239	45.901
1254.636	42.349
1255.004	39.253
1255.347	36.585
1255.669	34.334
1255.972	32.480
1256.260	31.011
1256.537	29.915
1256.806	29.193
1257.070	28.842
1257.333	28.875
1257.598	29.302
1257.868	30.149
1258.149	31.433
1258.442	33.200
1258.755	35.484
1259.091	38.322
1259.457	41.772
1259.857	45.851
1260.299	50.613
1260.788	56.043
1261.333	62.152
1261.938	68.853
1262.612	76.073
1263.355	83.595
1264.174	91.226
1265.067	98.611
1266.031	105.414
1267.061	111.215
1268.145	115.645
1269.268	118.352
1270.414	119.128
1271.563	117.867
1272.696	114.655
1273.795	109.702
1274.843	103.361
1275.828	96.038
1276.742	88.157
1277.579	80.127
1278.341	72.309
1279.029	64.932
1279.647	58.234
1280.203	52.288
1280.704	47.183
1281.158	42.908
1281.573	39.466
1281.958	36.804
1282.318	34.914
1282.663	33.735
1282.998	33.265
1283.332	33.491
1283.670	34.421
1284.020	36.092
1284.390	38.556
1284.788	41.877
1285.223	46.159
1285.706	51.499
1286.247	58.002
1286.860	65.762
1287.557	74.830
1288.351	85.184
1289.256	96.683
1290.283	109.041
1291.439	121.768
1292.726	134.179
1294.138	145.412
1295.657	154.523
1297.260	160.642
1298.914	163.129
1300.579	161.695
1302.214	156.548
1303.786	148.230
1305.262	137.675
1306.626	125.824
1307.866	113.691
1308.985	102.003
1309.986	91.403
1310.884	82.172
1311.692	74.534
1312.428	68.457
1313.106	63.913
1313.743	60.753
1314.351	58.831
1314.944	57.985
1315.532	58.073
1316.123	58.924
1316.726	60.407
1317.346	62.373
1317.990	64.684
1318.658	67.196
1319.354	69.763
1320.078	72.238
1320.829	74.470
1321.602	76.325
1322.397	77.680
1323.204	78.429
1324.020	78.505
1324.836	77.873
1325.646	76.546
1326.440	74.564
1327.215	72.020
1327.962	69.035
1328.679	65.739
1329.363	62.300
1330.011	58.892
1330.626	55.689
1331.209	52.904
1331.765	50.769
1332.301	49.574
1332.829	49.692
1333.362	51.645
1333.922	56.154
1334.538	64.245
1335.250	77.356
1336.117	97.417
1337.217	126.901
1338.654	168.602
1340.560	225.007
1343.080	296.836
1346.354	380.862
1350.453	467.741
1355.330	542.413
1360.773	589.085
1366.447	599.518
1371.995	577.999
1377.159	538.070
1381.830	494.214
1386.028	455.546
1389.832	424.580
1393.322	399.409
1396.567	376.691
1399.583	353.661
1402.384	329.051
1404.958	303.310
1407.306	277.926
1409.443	254.801
1411.389	235.785
1413.183	222.298
1414.872	215.204
1416.507	214.859
1418.138	221.167
1419.818	233.573
1421.588	251.045
1423.486	272.102
1425.533	294.696
1427.736	316.383
1430.081	334.498
1432.536	346.528
1435.052	350.589
1437.570	345.794
1440.026	332.443
1442.362	311.990
1444.532	286.559
1446.510	258.599
1448.282	230.353
1449.854	203.638
1451.238	179.683
1452.457	159.160
1453.536	142.308
1454.502	129.070
1455.381	119.184
1456.193	112.288
1456.962	108.006
1457.704	105.965
1458.434	105.816
1459.166	107.229
1459.909	109.927
1460.674	113.623
1461.465	118.060
1462.291	122.995
1463.149	128.140
1464.046	133.258
1464.977	138.071
1465.943	142.342
1466.939	145.817
1467.958	148.289
1468.995	149.606
1470.037	149.626
1471.081	148.329
1472.113	145.708
1473.127	141.868
1474.112	136.931
1475.063	131.090
1475.973	124.553
1476.837	117.543
1477.652	110.294
1478.417	102.997
1479.134	95.835
1479.800	88.960
1480.421	82.503
1480.997	76.530
1481.532	71.111
1482.032	66.289
1482.499	62.068
1482.938	58.461
1483.353	55.445
1483.748	53.030
1484.128	51.174
1484.495	49.878
1484.856	49.127
1485.213	48.879
1485.569	49.169
1485.930	49.935
1486.298	51.223
1486.677	52.991
1487.071	55.260
1487.483	58.020
1487.919	61.260
1488.379	64.979
1488.871	69.141
1489.394	73.727
1489.955	78.682
1490.554	83.952
1491.195	89.452
1491.880	95.069
1492.608	100.688
1493.380	106.151
1494.195	111.335
1495.050	116.055
1495.940	120.173
1496.863	123.570
1497.811	126.137
1498.776	127.840
1499.757	128.655
1500.740	128.673
1501.725	127.978
1502.704	126.741
1503.671	125.176
1504.628	123.464
1505.570	121.893
1506.503	120.605
1507.426	119.890
1508.345	119.830
1509.264	120.618
1510.190	122.267
1511.130	124.816
1512.091	128.212
1513.080	132.308
1514.100	136.944
1515.156	141.828
1516.249	146.675
1517.380	151.158
1518.543	154.886
1519.731	157.547
1520.940	158.851
1522.154	158.601
1523.363	156.703
1524.556	153.146
1525.716	148.116
1526.838	141.747
1527.909	134.416
1528.923	126.386
1529.875	118.023
1530.764	109.614
1531.589	101.410
1532.353	93.631
1533.060	86.420
1533.713	79.866
1534.318	74.037
1534.881	68.916
1535.405	64.507
1535.900	60.755
1536.365	57.616
1536.810	55.037
1537.235	52.954
1537.647	51.314
1538.047	50.079
1538.440	49.187
1538.827	48.626
1539.212	48.355
1539.596	48.368
1539.982	48.657
1540.371	49.221
1540.767	50.074
1541.172	51.229
1541.587	52.719
1542.016	54.566
1542.463	56.802
1542.929	59.480
1543.420	62.607
1543.937	66.233
1544.488	70.383
1545.073	75.039
1545.700	80.234
1546.371	85.881
1547.092	91.962
1547.864	98.341
1548.690	104.893
1549.573	111.444
1550.510	117.775
1551.499	123.661
1552.537	128.862
1553.616	133.160
1554.730	136.391
1555.868	138.419
1557.020	139.242
1558.176	138.873
1559.327	137.480
1560.464	135.282
1561.581	132.533
1562.675	129.569
1563.742	126.692
1564.786	124.194
1565.809	122.372
1566.819	121.431
1567.822	121.595
1568.828	122.954
1569.846	125.598
1570.888	129.586
1571.963	134.856
1573.085	141.373
1574.259	148.977
1575.497	157.499
1576.805	166.700
1578.185	176.288
1579.642	185.961
1581.173	195.348
1582.775	204.186
1584.443	212.252
1586.167	219.445
1587.942	225.885
1589.759	231.984
1591.617	238.541
1593.519	246.767
1595.477	258.486
1597.525	276.062
1599.703	302.544
1602.083	341.413
1604.760	396.112
1607.844	469.143
1611.461	559.843
1615.713	662.606
1620.640	764.450
1626.178	846.075
1632.124	887.209
1638.153	874.643
1643.908	809.559
1649.074	706.463
1653.467	586.296
1657.039	467.899
1659.846	363.401
1662.006	277.849
1663.646	211.416
1664.892	161.611
1665.844	125.174
1666.583	98.942
1667.170	80.222
1667.648	66.930
1668.049	57.501
1668.397	50.797
1668.705	46.013
1668.986	42.580
1669.248	40.093
1669.496	38.280
1669.734	36.949
1669.964	35.966
1670.189	35.239
1670.411	34.705
1670.631	34.324
1670.849	34.066
1671.067	33.911
1671.284	33.851
1671.502	33.875
1671.721	33.981
1671.942	34.165
1672.164	34.430
1672.389	34.776
1672.618	35.202
1672.851	35.709
1673.087	36.302
1673.329	36.983
1673.576	37.751
1673.829	38.603
1674.089	39.548
1674.356	40.584
1674.632	41.702
1674.916	42.902
1675.209	44.182
1675.513	45.530
1675.827	46.949
1676.152	48.415
1676.488	49.919
1676.835	51.461
1677.196	53.009
1677.566	54.544
1677.949	56.059
1678.346	57.531
1678.751	58.922
1679.169	60.228
1679.599	61.421
1680.035	62.474
1680.483	63.370
1680.936	64.088
1681.396	64.618
1681.861	64.952
1682.329	65.058
1682.800	64.962
1683.271	64.650
1683.740	64.124
1684.207	63.413
1684.670	62.505
1685.126	61.439
1685.577	60.240
1686.020	58.899
1686.453	57.485
1686.877	55.995
1687.293	54.456
1687.696	52.916
1688.091	51.375
1688.475	49.868
1688.848	48.423
1689.213	47.037
1689.567	45.755
1689.913	44.565
1690.252	43.505
1690.584	42.570
1690.910	41.784
1691.231	41.148
1691.548	40.680
1691.864	40.397
1692.178	40.313
1692.494	40.460
1692.812	40.882
1693.134	41.629
1693.464	42.798
1693.806	44.517
1694.162	46.984
1694.542	50.508
1694.951	55.517
1695.405	62.685
1695.922	72.983
1696.527	87.808
1697.261	109.165
1698.180	139.804
1699.362	183.268
1700.912	243.706
1702.969	325.010
1705.692	429.031
1709.239	552.284
1713.709	682.040
1719.078	795.361
1725.130	864.038
1731.456	867.086
1737.562	803.013
1743.018	690.874
1747.574	559.156
1751.175	432.503
1753.916	325.066
1755.956	241.235
1757.463	179.443
1758.583	135.655
1759.432	105.506
1760.097	85.253
1760.638	72.021
1761.099	63.735
1761.510	58.962
1761.894	56.739
1762.267	56.444
1762.640	57.682
1763.024	60.216
1763.427	63.915
1763.857	68.714
1764.321	74.585
1764.827	81.528
1765.381	89.520
1765.992	98.555
1766.665	108.557
1767.408	119.419
1768.226	130.963
1769.123	142.916
1770.103	154.964
1771.163	166.655
1772.302	177.495
1773.512	186.977
1774.782	194.600
1776.102	199.890
1777.451	202.508
1778.812	202.323
1780.171	199.314
1781.502	193.710
1782.790	185.896
1784.025	176.338
1785.191	165.675
1786.285	154.441
1787.305	143.199
1788.248	132.477
1789.122	122.616
1789.932	113.962
1790.685	106.731
1791.393	101.060
1792.064	97.050
1792.712	94.734
1793.347	94.125
1793.981	95.195
1794.625	97.928
1795.289	102.248
1795.985	108.087
1796.724	115.335
1797.515	123.841
1798.364	133.381
1799.279	143.671
1800.266	154.418
1801.326	165.221
1802.460	175.610
1803.660	185.055
1804.922	193.121
1806.238	199.340
1807.592	203.320
1808.964	204.847
1810.345	203.800
1811.714	200.254
1813.052	194.480
1814.350	186.753
1815.591	177.560
1816.767	167.358
1817.877	156.563
1818.910	145.678
1819.873	134.949
1820.763	124.717
1821.587	115.125
1822.348	106.316
1823.052	98.328
1823.703	91.185
1824.309	84.849
1824.874	79.281
1825.404	74.411
1825.903	70.183
1826.374	66.522
1826.822	63.385
1827.252	60.700
1827.664	58.420
1828.061	56.529
1828.448	54.972
1828.826	53.737
1829.195	52.826
1829.561	52.208
1829.923	51.885
1830.285	51.870
1830.648	52.164
1831.014	52.796
1831.386	53.776
1831.768	55.116
1832.159	56.842
1832.565	58.999
1832.988	61.624
1833.431	64.708
1833.897	68.318
1834.393	72.509
1834.919	77.281
1835.481	82.673
1836.086	88.758
1836.735	95.507
1837.436	102.967
1838.193	111.168
1839.010	120.020
1839.894	129.566
1840.848	139.714
1841.876	150.352
1842.982	161.384
1844.168	172.645
1845.435	183.902
1846.780	194.963
1848.204	205.609
1849.700	215.547
1851.262	224.663
1852.885	232.767
1854.559	239.774
1856.276	245.782
1858.030	250.966
1859.811	255.540
1861.618	260.008
1863.450	264.877
1865.308	270.683
1867.201	278.082
1869.140	287.610
1871.136	299.670
1873.210	314.460
1875.376	331.834
1877.651	351.217
1880.044	371.544
1882.558	391.247
1885.182	408.411
1887.899	420.947
1890.669	426.883
1893.446	424.873
1896.182	414.344
1898.823	395.705
1901.316	370.281
1903.629	339.909
1905.736	306.740
1907.622	272.934
1909.291	240.157
1910.755	209.732
1912.030	182.566
1913.138	159.098
1914.104	139.622
1914.953	124.236
1915.711	113.053
1916.404	106.376
1917.060	104.816
1917.713	109.499
1918.401	122.440
1919.179	146.895
1920.121	187.965
1921.337	253.291
1922.980	353.549
1925.275	502.272
1928.515	713.276
1933.058	993.394
1939.249	1329.084
1947.276	1670.821
1956.955	1932.167
1967.612	2023.261
1978.207	1907.660
1987.718	1630.222
1995.515	1283.784
2001.464	952.015
2005.779	679.897
2008.818	477.308
2010.936	335.353
2012.420	239.481
2013.481	176.039
2014.263	134.436
2014.863	107.149
2015.345	89.135
2015.747	77.107
2016.098	68.923
2016.414	63.206
2016.704	59.104
2016.976	56.062
2017.236	53.707
2017.486	51.811
2017.727	50.230
2017.963	48.858
2018.193	47.626
2018.416	46.501
2018.637	45.436
2018.854	44.414
2019.063	43.429
2019.271	42.470
2019.475	41.523
2019.674	40.577
2019.869	39.645
2020.061	38.734
2020.249	37.802
2020.434	36.882
2020.612	35.985
2020.790	35.071
2020.962	34.170
2021.129	33.287
2021.295	32.398
2021.456	31.525
2021.612	30.669
2021.766	29.814
2021.916	28.978
2022.061	28.164
2022.203	27.350
2022.342	26.568
2022.476	25.796
2022.609	25.043
2022.737	24.315
2022.861	23.599
2022.984	22.911
2023.101	22.241
2023.218	21.592
2023.330	20.968
2023.439	20.363
2023.547	19.784
2023.651	19.224
2023.753	18.688
2023.851	18.175
2023.948	17.682
2024.043	17.214
2024.135	16.765
2024.226	16.340
2024.314	15.935
2024.401	15.554
2024.485	15.190
2024.569	14.851
2024.650	14.530
2024.730	14.231
2024.809	13.951
2024.887	13.690
2024.963	13.452
2025.039	13.230
2025.113	13.030
2025.187	12.850
2025.260	12.689
2025.332	12.550
2025.404	12.430
2025.475	12.331
2025.546	12.256
2025.617	12.203
2025.688	12.172
2025.759	12.168
2025.831	12.192
2025.902	12.244
2025.975	12.327
2026.048	12.446
2026.122	12.602
2026.198	12.802
2026.275	13.047
2026.354	13.350
2026.435	13.712
2026.519	14.145
2026.605	14.662
2026.696	15.273
2026.790	15.996
2026.889	16.853
2026.995	17.862
2027.107	19.059
2027.227	20.479
2027.357	22.169
2027.498	24.183
2027.653	26.593
2027.824	29.482
2028.015	32.962
2028.229	37.164
2028.471	42.259
2028.748	48.452
2029.067	56.006
2029.438	65.236
2029.871	76.528
2030.381	90.354
2030.984	107.233
2031.703	127.809
2032.560	152.714
2033.585	182.580
2034.810	217.931
2036.270	258.983
2037.998	305.450
2040.027	356.302
2042.376	409.431
2045.052	461.696
2048.035	508.902
2051.281	546.463
2054.716	570.183
2058.247	577.317
2061.766	567.169
2065.173	541.448
2068.380	503.583
2071.326	458.067
2073.976	409.325
2076.324	360.936
2078.381	315.524
2080.170	274.620
2081.722	238.943
2083.070	208.428
2084.245	182.730
2085.275	161.395
2086.187	143.773
2087.000	129.302
2087.733	117.506
2088.401	107.907
2089.017	100.153
2089.590	93.954
2090.129	89.050
2090.642	85.255
2091.134	82.416
2091.613	80.400
2092.080	79.111
2092.542	78.479
2093.002	78.434
2093.463	78.931
2093.928	79.935
2094.401	81.428
2094.884	83.379
2095.381	85.776
2095.892	88.617
2096.422	91.906
2096.974	95.626
2097.548	99.779
2098.149	104.375
2098.779	109.401
2099.441	114.851
2100.136	120.716
2100.868	126.958
2101.639	133.565
2102.450	140.465
2103.304	147.629
2104.202	154.962
2105.145	162.382
2106.133	169.782
2107.165	177.062
2108.240	184.102
2109.358	190.789
2110.515	197.005
2111.708	202.694
2112.933	207.787
2114.188	212.254
2115.468	216.156
2116.768	219.523
2118.087	222.519
2119.422	225.283
2120.771	228.030
2122.134	230.999
2123.514	234.435
2124.912	238.547
2126.332	243.567
2127.782	249.655
2129.264	256.862
2130.788	265.265
2132.359	274.707
2133.982	284.975
2135.663	295.832
2137.401	306.790
2139.199	317.434
2141.051	327.264
2142.952	335.839
2144.896	342.835
2146.870	348.043
2148.864	351.465
2150.868	353.295
2152.874	354.010
2154.875	354.084
2156.867	354.172
2158.852	354.861
2160.835	356.819
2162.821	360.283
2164.819	365.448
2166.841	372.201
2168.893	380.065
2170.976	388.335
2173.099	396.164
2175.256	402.464
2177.430	406.068
2179.612	406.063
2181.788	401.818
2183.922	392.878
2185.996	379.227
2187.988	361.390
2189.878	340.072
2191.645	316.149
2193.278	290.767
2194.781	264.790
2196.143	239.216
2197.367	214.732
2198.469	191.784
2199.451	170.807
2200.323	151.891
2201.102	135.118
2201.795	120.411
2202.412	107.659
2202.967	96.662
2203.465	87.304
2203.916	79.338
2204.328	72.611
2204.705	66.970
2205.056	62.235
2205.381	58.316
2205.689	55.060
2205.979	52.413
2206.257	50.264
2206.524	48.563
2206.784	47.260
2207.037	46.309
2207.286	45.686
2207.533	45.351
2207.779	45.317
2208.026	45.553
2208.275	46.054
2208.528	46.838
2208.786	47.897
2209.050	49.235
2209.323	50.868
2209.606	52.812
2209.902	55.062
2210.210	57.657
2210.534	60.579
2210.876	63.864
2211.238	67.510
2211.620	71.518
2212.028	75.906
2212.461	80.634
2212.922	85.718
2213.413	91.119
2213.936	96.796
2214.492	102.706
2215.085	108.800
2215.711	114.971
2216.376	121.175
2217.076	127.276
2217.812	133.199
2218.582	138.829
2219.385	144.069
2220.219	148.846
2221.080	153.077
2221.966	156.748
2222.872	159.865
2223.796	162.477
2224.735	164.727
2225.686	166.788
2226.651	168.924
2227.627	171.533
2228.619	175.041
2229.633	180.069
2230.676	187.385
2231.765	197.981
2232.917	213.055
2234.158	234.116
2235.527	263.235
2237.069	302.739
2238.842	355.320
2240.922	424.153
