<j>	<Ffjc>
1050.977	13.191
1051.785	13.203
1052.491	13.221
1053.121	13.242
1053.698	13.266
1054.237	13.293
1054.753	13.320
1055.256	13.349
1055.756	13.378
1056.263	13.406
1056.785	13.434
1057.331	13.462
1057.911	13.488
1058.532	13.512
1059.206	13.534
1059.940	13.553
1060.745	13.569
1061.630	13.581
1062.606	13.590
1063.680	13.593
1064.863	13.592
1066.162	13.586
1067.585	13.573
1069.140	13.555
1070.830	13.530
1072.658	13.500
1074.622	13.463
1076.714	13.420
1078.915	13.373
1081.201	13.322
1083.537	13.268
1085.882	13.214
1088.190	13.162
1090.421	13.113
1092.538	13.069
1094.515	13.030
1096.340	12.999
1098.008	12.974
1099.526	12.955
1100.904	12.943
1102.157	12.937
1103.302	12.935
1104.355	12.937
1105.330	12.942
1106.240	12.950
1107.096	12.961
1107.907	12.974
1108.681	12.988
1109.424	13.004
1110.143	13.021
1110.840	13.039
1111.521	13.057
1112.188	13.077
1112.845	13.096
1113.495	13.117
1114.140	13.137
1114.783	13.157
1115.427	13.178
1116.072	13.199
1116.720	13.219
1117.375	13.240
1118.036	13.260
1118.704	13.279
1119.382	13.299
1120.069	13.318
1120.767	13.337
1121.477	13.355
1122.198	13.372
1122.934	13.389
1123.685	13.406
1124.453	13.422
1125.240	13.437
1126.048	13.451
1126.881	13.464
1127.739	13.476
1128.626	13.487
1129.541	13.496
1130.486	13.504
1131.458	13.511
1132.454	13.517
1133.469	13.522
1134.496	13.526
1135.526	13.530
1136.550	13.534
1137.557	13.539
1138.539	13.544
1139.486	13.551
1140.392	13.560
1141.250	13.571
1142.059	13.584
1142.819	13.599
1143.530	13.616
1144.198	13.635
1144.826	13.657
1145.422	13.680
1145.992	13.704
1146.546	13.729
1147.091	13.754
1147.637	13.780
1148.194	13.806
1148.772	13.830
1149.384	13.854
1150.045	13.876
1150.772	13.894
1151.589	13.909
1152.529	13.920
1153.638	13.923
1154.980	13.916
1156.641	13.897
1158.737	13.859
1161.404	13.799
1164.778	13.710
1168.945	13.589
1173.875	13.437
1179.362	13.262
1185.037	13.079
1190.467	12.906
1195.303	12.757
1199.370	12.639
1202.665	12.551
1205.296	12.490
1207.410	12.450
1209.150	12.425
1210.635	12.410
1211.954	12.403
1213.169	12.399
1214.323	12.398
1215.441	12.399
1216.540	12.400
1217.624	12.402
1218.695	12.405
1219.749	12.408
1220.780	12.411
1221.780	12.416
1222.743	12.422
1223.662	12.429
1224.532	12.438
1225.348	12.448
1226.110	12.461
1226.817	12.475
1227.470	12.492
1228.073	12.510
1228.629	12.530
1229.142	12.552
1229.617	12.575
1230.060	12.599
1230.476	12.625
1230.871	12.651
1231.249	12.678
1231.615	12.706
1231.976	12.734
1232.335	12.762
1232.698	12.790
1233.070	12.818
1233.457	12.846
1233.862	12.873
1234.292	12.900
1234.751	12.925
1235.247	12.949
1235.785	12.972
1236.369	12.993
1237.006	13.013
1237.701	13.030
1238.458	13.045
1239.278	13.057
1240.163	13.067
1241.111	13.075
1242.118	13.080
1243.177	13.084
1244.277	13.085
1245.406	13.086
1246.550	13.085
1247.694	13.085
1248.822	13.084
1249.922	13.085
1250.982	13.087
1251.995	13.091
1252.959	13.096
1253.874	13.104
1254.746	13.113
1255.587	13.123
1256.411	13.135
1257.242	13.146
1258.107	13.157
1259.039	13.165
1260.082	13.170
1261.282	13.170
1262.694	13.163
1264.372	13.146
1266.362	13.118
1268.692	13.078
1271.357	13.025
1274.305	12.962
1277.436	12.892
1280.614	12.819
1283.686	12.749
1286.519	12.687
1289.019	12.636
1291.141	12.598
1292.885	12.573
1294.284	12.560
1295.385	12.558
1296.243	12.565
1296.908	12.579
1297.424	12.598
1297.828	12.622
1298.148	12.649
1298.406	12.678
1298.618	12.709
1298.797	12.742
1298.952	12.775
1299.090	12.810
1299.215	12.845
1299.331	12.881
1299.440	12.917
1299.545	12.953
1299.646	12.990
1299.745	13.027
1299.843	13.064
1299.940	13.101
1300.037	13.139
1300.135	13.177
1300.233	13.215
1300.332	13.253
1300.433	13.291
1300.537	13.330
1300.645	13.368
1300.758	13.406
1300.878	13.445
1301.008	13.483
1301.152	13.521
1301.315	13.558
1301.506	13.595
1301.737	13.630
1302.023	13.664
1302.389	13.695
1302.865	13.722
1303.498	13.744
1304.345	13.758
1305.484	13.761
1307.006	13.751
1309.007	13.723
1311.572	13.673
1314.739	13.601
1318.461	13.508
1322.579	13.399
1326.838	13.283
1330.945	13.171
1334.646	13.074
1337.788	12.996
1340.333	12.940
1342.326	12.904
1343.863	12.885
1345.046	12.880
1345.974	12.884
1346.728	12.896
1347.371	12.911
1347.949	12.930
1348.498	12.950
1349.042	12.970
1349.602	12.990
1350.189	13.009
1350.813	13.027
1351.481	13.044
1352.194	13.059
1352.953	13.072
1353.757	13.084
1354.602	13.095
1355.480	13.104
1356.384	13.112
1357.304	13.119
1358.229	13.126
1359.149	13.133
1360.052	13.141
1360.929	13.150
1361.772	13.159
1362.574	13.170
1363.331	13.182
1364.039	13.197
1364.698	13.212
1365.310	13.230
1365.874	13.249
1366.396	13.270
1366.877	13.293
1367.323	13.317
1367.737	13.342
1368.123	13.368
1368.486	13.395
1368.830	13.423
1369.157	13.452
1369.472	13.481
1369.776	13.511
1370.074	13.541
1370.367	13.572
1370.658	13.602
1370.948	13.633
1371.240	13.664
1371.536	13.695
1371.837	13.726
1372.146	13.757
1372.463	13.787
1372.792	13.818
1373.134	13.848
1373.491	13.877
1373.866	13.906
1374.263	13.934
1374.683	13.961
1375.130	13.987
1375.609	14.013
1376.123	14.037
1376.678	14.059
1377.277	14.080
1377.927	14.099
1378.633	14.116
1379.400	14.130
1380.234	14.142
1381.139	14.151
1382.118	14.157
1383.176	14.160
1384.312	14.160
1385.526	14.156
1386.814	14.150
1388.171	14.141
1389.589	14.129
1391.057	14.116
1392.564	14.100
1394.098	14.084
1395.644	14.067
1397.191	14.050
1398.728	14.033
1400.246	14.017
1401.737	14.002
1403.197	13.988
1404.624	13.975
1406.018	13.964
1407.382	13.954
1408.720	13.945
1410.037	13.937
1411.339	13.929
1412.633	13.922
1413.926	13.916
1415.224	13.909
1416.535	13.901
1417.865	13.893
1419.219	13.885
1420.601	13.875
1422.018	13.864
1423.473	13.852
1424.973	13.838
1426.521	13.823
1428.126	13.805
1429.794	13.786
1431.532	13.764
1433.349	13.739
1435.253	13.712
1437.248	13.681
1439.337	13.647
1441.516	13.611
1443.774	13.571
1446.093	13.530
1448.446	13.487
1450.802	13.444
1453.123	13.402
1455.370	13.363
1457.510	13.327
1459.514	13.296
1461.361	13.270
1463.040	13.250
1464.549	13.235
1465.891	13.226
1467.077	13.222
1468.121	13.223
1469.037	13.229
1469.842	13.238
1470.551	13.251
1471.180	13.267
1471.742	13.285
1472.249	13.305
1472.713	13.326
1473.142	13.349
1473.545	13.373
1473.930	13.398
1474.304	13.423
1474.672	13.448
1475.041	13.474
1475.415	13.499
1475.800	13.525
1476.201	13.550
1476.623	13.574
1477.071	13.597
1477.551	13.620
1478.067	13.641
1478.627	13.661
1479.236	13.680
1479.900	13.696
1480.627	13.711
1481.423	13.723
1482.293	13.732
1483.243	13.739
1484.278	13.743
1485.399	13.744
1486.608	13.741
1487.902	13.736
1489.276	13.728
1490.722	13.717
1492.228	13.704
1493.782	13.689
1495.367	13.674
1496.968	13.657
1498.569	13.640
1500.157	13.624
1501.719	13.608
1503.247	13.594
1504.736	13.581
1506.182	13.569
1507.586	13.559
1508.949	13.550
1510.275	13.543
1511.566	13.537
1512.828	13.532
1514.064	13.528
1515.278	13.524
1516.470	13.522
1517.643	13.520
1518.797	13.518
1519.934	13.517
1521.051	13.517
1522.150	13.518
1523.229	13.519
1524.291	13.521
1525.336	13.523
1526.367	13.526
1527.389	13.529
1528.408	13.532
1529.431	13.536
1530.468	13.539
1531.531	13.541
1532.635	13.542
1533.794	13.541
1535.030	13.538
1536.365	13.533
1537.824	13.523
1539.438	13.509
1541.239	13.489
1543.261	13.462
1545.542	13.427
1548.111	13.384
1550.992	13.332
1554.187	13.270
1557.674	13.199
1561.397	13.122
1565.267	13.040
1569.172	12.957
1572.985	12.876
1576.593	12.802
1579.906	12.736
1582.870	12.681
1585.464	12.636
1587.701	12.602
1589.609	12.578
1591.231	12.562
1592.612	12.553
1593.797	12.550
1594.824	12.552
1595.729	12.557
1596.540	12.566
1597.281	12.576
1597.971	12.588
1598.624	12.601
1599.252	12.615
1599.865	12.629
1600.468	12.644
1601.067	12.659
1601.663	12.674
1602.261	12.689
1602.859	12.704
1603.459	12.719
1604.060	12.735
1604.659	12.750
1605.256	12.765
1605.849	12.780
1606.435	12.796
1607.011	12.811
1607.577	12.827
1608.129	12.844
1608.665	12.861
1609.185	12.878
1609.686	12.896
1610.167	12.915
1610.628	12.934
1611.068	12.953
1611.487	12.974
1611.885	12.995
1612.263	13.017
1612.621	13.039
1612.960	13.062
1613.281	13.086
1613.586	13.110
1613.876	13.135
1614.151	13.160
1614.414	13.185
1614.667	13.212
1614.909	13.238
1615.144	13.265
1615.373	13.292
1615.597	13.319
1615.819	13.347
1616.042	13.375
1616.269	13.402
1616.503	13.430
1616.750	13.457
1617.017	13.484
1617.313	13.510
1617.651	13.535
1618.051	13.559
1618.539	13.580
1619.152	13.597
1619.941	13.610
1620.976	13.616
1622.349	13.612
1624.173	13.595
1626.577	13.562
1629.683	13.508
1633.571	13.431
1638.226	13.331
1643.493	13.213
1649.073	13.085
1654.578	12.958
1659.640	12.843
1664.003	12.747
1667.563	12.674
1670.347	12.623
1672.460	12.591
1674.036	12.575
1675.202	12.571
1676.068	12.576
1676.720	12.587
1677.220	12.602
1677.615	12.621
1677.936	12.642
1678.206	12.665
1678.441	12.689
1678.650	12.713
1678.841	12.739
1679.019	12.764
1679.187	12.790
1679.349	12.817
1679.505	12.843
1679.656	12.870
1679.805	12.897
1679.951	12.925
1680.096	12.952
1680.240	12.979
1680.384	13.007
1680.528	13.035
1680.675	13.062
1680.826	13.090
1680.981	13.118
1681.143	13.146
1681.314	13.173
1681.498	13.200
1681.698	13.227
1681.918	13.254
1682.166	13.280
1682.446	13.305
1682.770	13.329
1683.148	13.351
1683.592	13.372
1684.120	13.391
1684.751	13.406
1685.506	13.419
1686.410	13.427
1687.492	13.430
1688.777	13.427
1690.293	13.418
1692.060	13.402
1694.089	13.378
1696.380	13.346
1698.913	13.307
1701.654	13.263
1704.551	13.213
1707.546	13.161
1710.576	13.108
1713.586	13.055
1716.533	13.005
1719.390	12.957
1722.141	12.912
1724.782	12.870
1727.317	12.832
1729.746	12.797
1732.071	12.765
1734.290	12.736
1736.395	12.709
1738.379	12.686
1740.233	12.667
1741.948	12.651
1743.521	12.638
1744.951	12.630
1746.240	12.625
1747.394	12.623
1748.424	12.625
1749.341	12.629
1750.156	12.637
1750.884	12.646
1751.536	12.658
1752.125	12.672
1752.662	12.686
1753.156	12.703
1753.616	12.720
1754.050	12.738
1754.464	12.756
1754.864	12.775
1755.254	12.794
1755.637	12.814
1756.018	12.833
1756.398	12.853
1756.780	12.873
1757.164	12.893
1757.552	12.912
1757.945	12.932
1758.344	12.952
1758.748	12.971
1759.159	12.990
1759.576	13.009
1760.001	13.028
1760.433	13.047
1760.873	13.066
1761.324	13.084
1761.786	13.103
1762.263	13.121
1762.758	13.138
1763.277	13.155
1763.826	13.171
1764.415	13.186
1765.057	13.200
1765.767	13.212
1766.565	13.222
1767.477	13.230
1768.534	13.233
1769.771	13.232
1771.228	13.225
1772.949	13.212
1774.972	13.190
1777.328	13.160
1780.027	13.121
1783.052	13.073
1786.351	13.018
1789.834	12.957
1793.386	12.895
1796.876	12.833
1800.183	12.776
1803.210	12.726
1805.898	12.684
1808.223	12.651
1810.191	12.628
1811.833	12.613
1813.188	12.605
1814.300	12.604
1815.213	12.607
1815.965	12.616
1816.590	12.627
1817.114	12.642
1817.560	12.658
1817.946	12.676
1818.285	12.695
1818.587	12.716
1818.862	12.737
1819.115	12.759
1819.351	12.781
1819.575	12.804
1819.789	12.827
1819.996	12.850
1820.198	12.874
1820.397	12.898
1820.596	12.922
1820.795	12.945
1820.997	12.969
1821.204	12.993
1821.419	13.017
1821.646	13.041
1821.888	13.064
1822.151	13.087
1822.441	13.109
1822.767	13.131
1823.140	13.151
1823.571	13.170
1824.078	13.188
1824.680	13.203
1825.400	13.215
1826.267	13.223
1827.310	13.227
1828.564	13.226
1830.060	13.218
1831.826	13.204
1833.879	13.182
1836.222	13.153
1838.833	13.116
1841.662	13.074
1844.639	13.027
1847.669	12.979
1850.654	12.931
