<j>	<Fwlc>
1047.851	13.323
1048.370	13.351
1048.869	13.379
1049.357	13.409
1049.838	13.439
1050.318	13.469
1050.803	13.499
1051.295	13.529
1051.799	13.559
1052.318	13.587
1052.853	13.616
1053.408	13.643
1053.984	13.670
1054.582	13.695
1055.207	13.719
1055.861	13.742
1056.551	13.764
1057.289	13.783
1058.090	13.800
1058.984	13.812
1060.014	13.819
1061.248	13.817
1062.783	13.802
1064.760	13.769
1067.356	13.709
1070.763	13.615
1075.129	13.479
1080.448	13.303
1086.467	13.097
1092.692	12.881
1098.550	12.680
1103.609	12.513
1107.700	12.386
1110.873	12.298
1113.291	12.242
1115.143	12.210
1116.588	12.194
1117.747	12.191
1118.705	12.195
1119.519	12.206
1120.229	12.221
1120.858	12.239
1121.426	12.259
1121.943	12.282
1122.418	12.306
1122.859	12.332
1123.270	12.359
1123.654	12.387
1124.016	12.416
1124.358	12.446
1124.683	12.477
1124.993	12.508
1125.289	12.540
1125.573	12.573
1125.848	12.607
1126.115	12.640
1126.376	12.674
1126.632	12.709
1126.885	12.744
1127.138	12.779
1127.394	12.814
1127.655	12.849
1127.924	12.884
1128.208	12.919
1128.510	12.953
1128.839	12.986
1129.203	13.018
1129.614	13.048
1130.087	13.077
1130.640	13.102
1131.296	13.123
1132.082	13.140
1133.032	13.150
1134.181	13.152
1135.566	13.145
1137.220	13.127
1139.164	13.098
1141.397	13.057
1143.889	13.005
1146.576	12.945
1149.366	12.879
1152.148	12.814
1154.815	12.752
1157.283	12.698
1159.497	12.653
1161.438	12.619
1163.115	12.596
1164.555	12.582
1165.798	12.575
1166.883	12.576
1167.850	12.581
1168.734	12.589
1169.569	12.600
1170.380	12.612
1171.193	12.625
1172.030	12.637
1172.911	12.647
1173.853	12.655
1174.872	12.661
1175.979	12.663
1177.182	12.662
1178.485	12.658
1179.883	12.649
1181.365	12.638
1182.913	12.623
1184.501	12.607
1186.099	12.590
1187.674	12.574
1189.198	12.559
1190.642	12.547
1191.986	12.538
1193.216	12.533
1194.328	12.533
1195.320	12.537
1196.198	12.545
1196.971	12.557
1197.649	12.572
1198.244	12.591
1198.768	12.613
1199.230	12.637
1199.640	12.663
1200.008	12.691
1200.339	12.720
1200.641	12.751
1200.919	12.782
1201.177	12.815
1201.417	12.849
1201.644	12.883
1201.860	12.917
1202.065	12.953
1202.263	12.989
1202.453	13.025
1202.638	13.062
1202.817	13.099
1202.991	13.136
1203.162	13.174
1203.328	13.212
1203.492	13.251
1203.652	13.289
1203.809	13.328
1203.965	13.368
1204.118	13.407
1204.269	13.447
1204.418	13.487
1204.567	13.528
1204.714	13.569
1204.861	13.609
1205.008	13.651
1205.156	13.692
1205.304	13.733
1205.455	13.775
1205.609	13.817
1205.767	13.858
1205.931	13.900
1206.103	13.942
1206.284	13.983
1206.479	14.024
1206.691	14.065
1206.924	14.104
1207.186	14.143
1207.484	14.181
1207.830	14.216
1208.235	14.250
1208.718	14.280
1209.300	14.305
1210.007	14.326
1210.869	14.340
1211.920	14.345
1213.195	14.341
1214.727	14.325
1216.534	14.296
1218.616	14.255
1220.947	14.203
1223.465	14.141
1226.083	14.075
1228.699	14.008
1231.216	13.944
1233.557	13.889
1235.675	13.842
1237.556	13.806
1239.213	13.781
1240.671	13.764
1241.966	13.754
1243.134	13.750
1244.210	13.751
1245.223	13.755
1246.197	13.760
1247.154	13.766
1248.109	13.773
1249.075	13.780
1250.062	13.785
1251.077	13.790
1252.125	13.793
1253.209	13.795
1254.328	13.795
1255.479	13.794
1256.659	13.792
1257.860	13.788
1259.073	13.784
1260.287	13.780
1261.491	13.776
1262.674	13.773
1263.825	13.771
1264.933	13.770
1265.992	13.772
1266.994	13.776
1267.937	13.782
1268.820	13.791
1269.643	13.802
1270.411	13.815
1271.129	13.831
1271.802	13.849
1272.439	13.868
1273.049	13.889
1273.641	13.910
1274.226	13.932
1274.816	13.954
1275.423	13.976
1276.059	13.996
1276.739	14.015
1277.475	14.032
1278.282	14.046
1279.172	14.056
1280.155	14.063
1281.240	14.065
1282.431	14.063
1283.725	14.057
1285.114	14.046
1286.586	14.032
1288.121	14.015
1289.696	13.996
1291.289	13.976
1292.877	13.956
1294.444	13.936
1295.978	13.919
1297.473	13.902
1298.929	13.888
1300.350	13.875
1301.742	13.863
1303.110	13.852
1304.460	13.842
1305.792	13.833
1307.106	13.825
1308.396	13.818
1309.655	13.811
1310.875	13.806
1312.044	13.803
1313.153	13.803
1314.196	13.805
1315.167	13.809
1316.062	13.817
1316.883	13.828
1317.631	13.842
1318.311	13.858
1318.928	13.877
1319.490	13.899
1320.004	13.922
1320.479	13.948
1320.924	13.974
1321.349	14.002
1321.768	14.030
1322.195	14.059
1322.653	14.086
1323.168	14.112
1323.781	14.134
1324.548	14.150
1325.548	14.159
1326.886	14.154
1328.696	14.133
1331.130	14.087
1334.329	14.013
1338.357	13.907
1343.136	13.771
1348.391	13.616
1353.696	13.458
1358.603	13.313
1362.791	13.194
1366.133	13.106
1368.670	13.049
1370.535	13.016
1371.885	13.004
1372.862	13.005
1373.579	13.017
1374.120	13.035
1374.541	13.058
1374.882	13.084
1375.170	13.113
1375.421	13.143
1375.649	13.174
1375.860	13.206
1376.059	13.238
1376.251	13.271
1376.438	13.304
1376.621	13.338
1376.803	13.371
1376.983	13.405
1377.163	13.439
1377.344	13.473
1377.526	13.508
1377.709	13.542
1377.895	13.577
1378.082	13.611
1378.272	13.646
1378.464	13.680
1378.659	13.715
1378.857	13.750
1379.058	13.784
1379.262	13.819
1379.468	13.854
1379.678	13.889
1379.890	13.924
1380.104	13.959
1380.322	13.993
1380.541	14.028
1380.763	14.063
1380.986	14.099
1381.212	14.134
1381.439	14.169
1381.668	14.204
1381.898	14.240
1382.130	14.275
1382.363	14.311
1382.598	14.346
1382.834	14.382
1383.073	14.418
1383.313	14.453
1383.556	14.489
1383.801	14.525
1384.051	14.561
1384.304	14.597
1384.563	14.633
1384.827	14.668
1385.099	14.704
1385.380	14.739
1385.672	14.774
1385.977	14.809
1386.298	14.843
1386.639	14.876
1387.006	14.908
1387.407	14.939
1387.851	14.969
1388.356	14.996
1388.944	15.020
1389.651	15.039
1390.530	15.051
1391.660	15.053
1393.155	15.041
1395.175	15.008
1397.923	14.946
1401.619	14.846
1406.418	14.703
1412.296	14.517
1418.933	14.300
1425.738	14.076
1432.061	13.871
1437.439	13.702
1441.718	13.577
1444.984	13.491
1447.437	13.436
1449.294	13.405
1450.732	13.390
1451.888	13.387
1452.856	13.390
1453.703	13.398
1454.474	13.410
1455.203	13.423
1455.916	13.437
1456.631	13.451
1457.367	13.464
1458.140	13.477
1458.968	13.488
1459.867	13.496
1460.858	13.502
1461.961	13.504
1463.198	13.502
1464.590	13.494
1466.157	13.481
1467.915	13.462
1469.870	13.436
1472.019	13.403
1474.340	13.364
1476.795	13.321
1479.332	13.275
1481.884	13.228
1484.384	13.182
1486.768	13.140
1488.983	13.103
1490.995	13.073
1492.786	13.049
1494.354	13.033
1495.709	13.024
1496.870	13.021
1497.859	13.023
1498.699	13.031
1499.412	13.043
1500.020	13.058
1500.540	13.076
1500.989	13.097
1501.378	13.120
1501.719	13.145
1502.021	13.171
1502.291	13.198
1502.536	13.226
1502.760	13.255
1502.968	13.285
1503.164	13.315
1503.349	13.345
1503.528	13.376
1503.702	13.408
1503.873	13.439
1504.044	13.471
1504.216	13.503
1504.390	13.535
1504.570	13.567
1504.755	13.598
1504.950	13.630
1505.154	13.662
1505.372	13.693
1505.604	13.723
1505.854	13.754
1506.123	13.783
1506.416	13.812
1506.736	13.841
1507.086	13.868
1507.470	13.894
1507.892	13.919
1508.357	13.943
1508.869	13.965
1509.433	13.985
1510.054	14.003
1510.735	14.019
1511.481	14.033
1512.296	14.045
1513.180	14.054
1514.134	14.060
1515.159	14.064
1516.251	14.065
1517.406	14.064
1518.619	14.061
1519.883	14.056
1521.188	14.049
1522.527	14.042
1523.891	14.033
1525.272	14.023
1526.663	14.013
1528.058	14.003
1529.452	13.993
1530.842	13.983
1532.227	13.973
1533.604	13.964
1534.973	13.954
1536.334	13.946
1537.686	13.937
1539.028	13.929
1540.359	13.921
1541.678	13.914
1542.984	13.907
1544.276	13.900
1545.551	13.894
1546.809	13.889
1548.049	13.885
1549.270	13.881
1550.473	13.877
1551.659	13.875
1552.829	13.872
1553.986	13.871
1555.131	13.870
1556.269	13.869
1557.405	13.868
1558.542	13.867
1559.688	13.866
1560.848	13.865
1562.028	13.862
1563.238	13.860
1564.483	13.855
1565.771	13.850
1567.109	13.843
1568.501	13.834
1569.951	13.823
1571.460	13.811
1573.025	13.796
1574.642	13.780
1576.300	13.762
1577.987	13.743
1579.690	13.724
1581.390	13.705
1583.072	13.686
1584.721	13.668
1586.325	13.651
1587.876	13.637
1589.372	13.624
1590.817	13.613
1592.219	13.603
1593.593	13.595
1594.960	13.587
1596.347	13.578
1597.785	13.569
1599.310	13.557
1600.957	13.542
1602.763	13.522
1604.759	13.496
1606.966	13.465
1609.387	13.426
1612.002	13.382
1614.769	13.333
1617.619	13.281
1620.469	13.229
1623.233	13.178
1625.830	13.133
1628.201	13.094
1630.311	13.062
1632.149	13.039
1633.722	13.024
1635.053	13.016
1636.172	13.014
1637.112	13.018
1637.905	13.026
1638.580	13.038
1639.162	13.053
1639.672	13.070
1640.127	13.089
1640.542	13.110
1640.928	13.131
1641.294	13.153
1641.647	13.176
1641.992	13.199
1642.335	13.222
1642.679	13.245
1643.027	13.269
1643.382	13.292
1643.747	13.315
1644.125	13.337
1644.519	13.359
1644.932	13.381
1645.368	13.402
1645.833	13.422
1646.334	13.442
1646.880	13.460
1647.480	13.476
1648.149	13.491
1648.904	13.503
1649.767	13.512
1650.763	13.518
1651.921	13.518
1653.275	13.513
1654.857	13.502
1656.699	13.483
1658.823	13.455
1661.234	13.419
1663.918	13.375
1666.827	13.324
1669.891	13.268
1673.015	13.210
1676.094	13.153
1679.030	13.099
1681.745	13.052
1684.188	13.012
1686.338	12.981
1688.198	12.958
1689.790	12.943
1691.145	12.934
1692.299	12.932
1693.289	12.934
1694.145	12.941
1694.897	12.950
1695.568	12.962
1696.177	12.976
1696.740	12.992
1697.268	13.008
1697.771	13.025
1698.256	13.043
1698.729	13.061
1699.194	13.080
1699.655	13.099
1700.114	13.117
1700.573	13.136
1701.036	13.155
1701.504	13.174
1701.980	13.193
1702.469	13.211
1702.974	13.229
1703.502	13.246
1704.062	13.263
1704.667	13.278
1705.333	13.292
1706.081	13.304
1706.939	13.313
1707.945	13.318
1709.141	13.318
1710.584	13.312
1712.334	13.297
1714.454	13.273
1717.002	13.237
1720.011	13.188
1723.481	13.127
1727.353	13.055
1731.512	12.975
1735.792	12.891
1740.003	12.808
1743.972	12.731
1747.568	12.664
1750.718	12.609
1753.409	12.566
1755.668	12.534
1757.548	12.512
1759.113	12.499
1760.424	12.493
1761.536	12.492
1762.493	12.496
1763.334	12.502
1764.084	12.511
1764.766	12.522
1765.393	12.534
1765.977	12.548
1766.527	12.562
1767.046	12.577
1767.540	12.593
1768.011	12.610
1768.462	12.627
1768.893	12.645
1769.306	12.663
1769.703	12.681
1770.083	12.700
1770.449	12.720
1770.802	12.740
1771.142	12.760
1771.470	12.781
1771.789	12.802
1772.099	12.823
1772.401	12.844
1772.697	12.866
1772.989	12.888
1773.278	12.910
1773.566	12.932
1773.855	12.955
1774.147	12.977
1774.445	12.999
1774.752	13.021
1775.070	13.043
1775.405	13.064
1775.760	13.085
1776.142	13.106
1776.559	13.125
1777.019	13.144
1777.535	13.161
1778.121	13.176
1778.797	13.190
1779.586	13.200
1780.521	13.207
1781.639	13.209
1782.991	13.206
1784.636	13.195
1786.647	13.175
1789.103	13.143
1792.086	13.099
1795.669	13.040
1799.896	12.965
1804.760	12.875
1810.184	12.771
1816.018	12.658
1822.051	12.540
1828.049	12.423
1833.802	12.314
1839.156	12.214
1844.028	12.127
1848.398	12.052
1852.292	11.988
1855.763	11.935
1858.868	11.891
1861.665	11.854
1864.202	11.823
1866.518	11.798
1868.642	11.776
1870.596	11.759
1872.396	11.744
1874.053	11.733
1875.577	11.725
1876.976	11.719
1878.255	11.716
1879.422	11.715
1880.482	11.716
1881.443	11.719
1882.312	11.725
1883.095	11.732
1883.799	11.740
1884.432	11.751
1885.000	11.762
1885.509	11.775
1885.966	11.789
1886.376	11.804
1886.745	11.820
1887.076	11.837
1887.375	11.855
1887.644	11.873
1887.888	11.892
1888.110	11.912
1888.311	11.931
1888.496	11.952
1888.665	11.973
1888.820	11.994
1888.963	12.015
