<j>	<F>
1.246	20.230
3.002	11.614
4.179	10.899
5.196	11.156
6.054	12.657
7.215	14.244
8.585	11.436
9.532	12.759
11.137	12.035
12.467	10.583
13.346	11.228
14.237	12.121
15.522	12.358
17.083	11.206
18.031	11.225
18.729	12.104
19.440	13.182
20.367	13.904
21.486	13.900
22.550	13.992
23.598	14.074
24.543	14.400
25.496	14.789
26.692	14.889
28.339	13.899
29.759	13.131
30.782	13.117
31.548	13.591
32.242	14.305
32.951	15.017
33.668	15.788
34.659	16.272
36.382	15.425
38.246	13.966
39.354	13.671
40.058	14.153
40.693	14.825
41.311	15.561
41.954	16.348
42.828	16.894
44.396	16.488
47.021	14.592
49.278	12.927
50.306	12.732
50.847	13.227
51.368	13.878
52.136	14.383
53.392	14.399
54.975	13.902
56.180	13.619
56.831	13.932
57.242	14.605
57.644	15.395
58.184	16.123
59.043	16.540
60.413	16.340
62.128	15.617
63.566	15.095
64.501	15.129
65.151	15.527
65.716	16.077
66.315	16.641
67.037	17.098
67.946	17.346
69.090	17.324
70.581	16.948
72.480	16.152
74.343	15.315
75.630	14.992
76.493	15.141
77.473	15.351
79.355	15.035
82.678	13.725
85.950	12.324
87.839	11.757
88.864	11.722
89.525	11.900
90.007	12.186
90.395	12.540
90.742	12.941
91.088	13.369
91.469	13.806
91.919	14.227
92.476	14.602
93.164	14.901
93.977	15.113
94.877	15.255
95.812	15.364
96.766	15.461
97.775	15.532
98.919	15.526
100.275	15.387
101.845	15.110
103.539	14.755
105.236	14.403
106.832	14.111
108.221	13.924
109.327	13.877
110.148	13.980
110.755	14.210
111.248	14.524
111.742	14.869
112.371	15.171
113.303	15.331
114.711	15.234
116.582	14.858
118.546	14.389
120.167	14.072
121.324	13.985
122.117	14.086
122.670	14.318
123.085	14.638
123.439	15.012
123.804	15.407
124.257	15.780
124.911	16.069
125.927	16.174
127.442	16.000
129.326	15.585
131.114	15.176
132.486	14.978
133.537	14.971
134.555	15.027
135.900	14.984
138.002	14.662
141.060	13.964
144.396	13.129
146.953	12.555
148.521	12.336
149.469	12.347
150.136	12.469
150.717	12.634
151.315	12.805
151.990	12.960
152.768	13.084
153.647	13.174
154.591	13.237
155.543	13.290
156.447	13.354
157.284	13.440
158.082	13.546
158.909	13.651
159.864	13.726
161.045	13.734
162.496	13.652
164.133	13.496
165.741	13.329
167.100	13.224
168.120	13.221
168.843	13.314
169.359	13.481
169.750	13.699
170.076	13.948
170.380	14.216
170.692	14.492
171.039	14.767
171.447	15.030
171.947	15.268
172.587	15.462
173.465	15.580
174.788	15.554
176.933	15.266
180.220	14.614
184.168	13.743
187.537	13.035
189.773	12.668
191.169	12.552
192.106	12.572
192.798	12.662
193.351	12.793
193.817	12.950
194.232	13.126
194.621	13.315
195.003	13.510
195.390	13.710
195.788	13.911
196.201	14.113
196.628	14.314
197.074	14.515
197.552	14.712
198.096	14.896
198.783	15.046
199.758	15.122
201.234	15.056
203.389	14.790
206.070	14.352
208.703	13.904
210.798	13.601
212.340	13.459
213.572	13.418
214.717	13.412
215.892	13.404
217.124	13.382
218.371	13.351
219.557	13.328
220.618	13.331
221.525	13.368
222.295	13.441
222.978	13.539
223.648	13.648
224.406	13.746
225.384	13.803
226.751	13.781
228.651	13.641
231.055	13.382
233.631	13.067
235.903	12.801
237.598	12.649
238.750	12.614
239.533	12.662
240.109	12.760
240.586	12.885
241.033	13.021
241.490	13.160
241.989	13.294
242.555	13.417
243.215	13.524
243.992	13.607
244.904	13.662
245.955	13.686
247.132	13.681
248.398	13.654
249.704	13.615
251.005	13.575
252.275	13.541
253.513	13.514
254.734	13.493
255.964	13.472
257.225	13.447
258.530	13.414
259.878	13.372
261.247	13.324
262.596	13.278
263.871	13.242
265.018	13.228
266.001	13.243
266.810	13.292
267.460	13.372
267.979	13.481
268.400	13.613
268.757	13.761
269.077	13.922
269.388	14.089
269.711	14.258
270.070	14.424
270.491	14.581
271.005	14.722
271.660	14.835
272.519	14.907
273.673	14.918
275.219	14.844
277.210	14.673
279.545	14.421
281.943	14.146
284.081	13.918
285.806	13.774
287.167	13.710
288.324	13.695
289.435	13.697
290.618	13.692
291.926	13.665
293.353	13.614
294.840	13.550
296.313	13.484
297.720	13.430
299.043	13.390
300.296	13.365
301.495	13.349
302.647	13.341
303.734	13.343
304.731	13.358
305.613	13.391
306.368	13.445
307.000	13.521
307.527	13.618
307.974	13.730
308.367	13.856
308.731	13.989
309.086	14.128
309.451	14.268
309.841	14.405
310.268	14.538
310.739	14.665
311.258	14.783
311.822	14.893
312.422	14.996
313.042	15.094
313.662	15.191
314.264	15.293
314.829	15.401
315.349	15.521
315.820	15.652
316.249	15.796
316.644	15.949
317.021	16.110
317.398	16.275
317.796	16.439
318.246	16.594
318.795	16.731
319.519	16.831
320.549	16.866
322.094	16.787
324.405	16.541
327.583	16.104
331.271	15.553
334.746	15.047
337.503	14.691
339.507	14.492
340.946	14.407
342.009	14.398
342.827	14.437
343.489	14.507
344.060	14.597
344.594	14.697
345.142	14.798
345.756	14.891
346.498	14.965
347.459	15.005
348.780	14.988
350.684	14.881
353.460	14.640
357.287	14.240
361.871	13.726
366.362	13.223
369.986	12.848
372.578	12.624
374.403	12.515
375.781	12.473
376.939	12.465
378.004	12.472
379.035	12.484
380.053	12.499
381.059	12.514
382.040	12.531
382.979	12.553
383.861	12.581
384.672	12.616
385.404	12.661
386.055	12.716
386.627	12.781
387.129	12.855
387.571	12.937
387.964	13.028
388.321	13.124
388.654	13.225
388.975	13.329
389.295	13.435
389.626	13.542
389.978	13.648
390.360	13.750
390.781	13.849
391.247	13.943
391.762	14.031
392.327	14.112
392.937	14.187
393.587	14.256
394.265	14.320
394.961	14.381
395.670	14.441
396.389	14.500
397.123	14.556
397.887	14.610
398.702	14.656
399.592	14.693
400.576	14.715
401.665	14.721
402.850	14.711
404.098	14.690
405.360	14.664
406.584	14.642
407.734	14.630
408.799	14.632
409.798	14.644
410.778	14.663
411.806	14.677
412.964	14.676
414.338	14.647
416.002	14.578
417.976	14.465
420.196	14.316
422.503	14.150
424.700	13.996
426.633	13.875
428.240	13.798
429.539	13.763
430.593	13.762
431.474	13.785
432.254	13.825
432.998	13.872
433.777	13.917
434.672	13.952
435.783	13.964
437.227	13.938
439.117	13.860
441.498	13.724
444.280	13.537
447.207	13.328
449.953	13.135
452.278	12.987
454.105	12.895
455.490	12.854
456.540	12.852
457.360	12.878
458.029	12.922
458.606	12.977
459.134	13.040
459.648	13.106
460.185	13.171
460.784	13.232
461.499	13.282
462.394	13.316
463.548	13.324
465.037	13.298
466.904	13.233
469.116	13.129
471.531	12.999
473.925	12.867
476.072	12.755
477.830	12.680
479.172	12.646
480.149	12.650
480.846	12.684
481.346	12.739
481.716	12.810
482.001	12.891
482.236	12.979
482.442	13.072
482.631	13.168
482.814	13.265
482.997	13.365
483.185	13.465
483.381	13.566
483.588	13.666
483.811	13.767
484.053	13.866
484.320	13.965
484.619	14.060
484.959	14.153
485.352	14.240
485.819	14.320
486.385	14.390
487.084	14.445
487.960	14.481
489.062	14.490
490.431	14.468
492.083	14.412
493.983	14.325
496.031	14.217
498.089	14.104
500.019	14.005
501.736	13.929
503.220	13.880
504.505	13.854
505.650	13.847
506.721	13.850
507.776	13.857
508.869	13.861
510.046	13.858
511.353	13.843
512.836	13.810
514.530	13.757
516.453	13.681
518.577	13.583
520.824	13.472
523.065	13.359
525.161	13.258
527.004	13.180
528.546	13.131
529.791	13.111
530.786	13.116
531.589	13.141
532.257	13.180
532.838	13.230
533.370	13.285
533.883	13.343
534.398	13.401
534.930	13.459
535.492	13.515
536.094	13.567
536.742	13.615
537.444	13.658
538.204	13.696
539.025	13.728
539.914	13.753
540.875	13.771
541.915	13.781
543.043	13.783
544.272	13.775
545.616	13.756
547.091	13.725
548.705	13.681
550.457	13.624
552.328	13.555
554.282	13.478
556.266	13.398
558.220	13.320
560.089	13.249
561.833	13.190
563.429	13.144
564.871	13.112
566.165	13.093
567.323	13.086
568.364	13.091
569.304	13.104
570.162	13.125
570.954	13.153
571.699	13.185
572.412	13.220
573.111	13.257
573.811	13.295
574.530	13.332
575.285	13.366
576.091	13.396
576.964	13.421
577.912	13.439
578.942	13.450
580.050	13.453
581.228	13.450
582.459	13.441
583.721	13.430
584.998	13.416
586.276	13.402
587.554	13.389
588.843	13.375
590.161	13.359
591.529	13.340
592.965	13.315
594.475	13.285
596.045	13.248
597.641	13.209
599.215	13.170
600.715	13.137
602.097	13.112
603.334	13.099
604.422	13.098
605.375	13.108
606.221	13.129
606.995	13.156
607.739	13.187
608.495	13.219
609.305	13.247
610.213	13.269
611.255	13.280
612.460	13.278
613.840	13.262
615.384	13.232
617.051	13.191
618.775	13.144
620.476	13.097
622.082	13.055
623.538	13.025
624.821	13.009
625.936	13.005
626.909	13.014
627.777	13.032
628.581	13.056
629.361	13.083
630.157	13.110
631.004	13.134
631.929	13.153
632.955	13.164
634.096	13.166
635.350	13.159
636.702	13.144
638.123	13.123
639.572	13.098
641.004	13.074
642.379	13.053
643.666	13.039
644.851	13.032
645.933	13.033
646.926	13.041
647.850	13.055
648.728	13.073
649.589	13.093
650.458	13.114
651.359	13.132
652.313	13.147
653.339	13.157
654.453	13.160
655.665	13.157
656.982	13.145
658.406	13.126
659.937	13.099
661.565	13.064
663.278	13.023
665.055	12.978
666.867	12.929
668.680	12.880
670.451	12.834
672.141	12.792
673.716	12.759
675.151	12.734
676.432	12.721
677.558	12.717
678.541	12.725
679.395	12.741
680.142	12.765
680.804	12.796
681.402	12.832
681.954	12.871
682.478	12.914
682.990	12.957
683.502	13.001
684.027	13.045
684.575	13.087
685.155	13.127
685.775	13.165
686.443	13.200
687.165	13.231
687.945	13.258
688.786	13.280
689.686	13.298
690.643	13.312
691.647	13.322
692.688	13.329
693.749	13.334
694.814	13.338
695.865	13.342
696.884	13.349
697.859	13.359
698.778	13.372
699.636	13.390
700.434	13.412
701.174	13.439
701.864	13.470
702.514	13.504
703.136	13.541
703.745	13.579
704.360	13.617
705.003	13.654
705.702	13.688
706.493	13.716
707.425	13.734
708.558	13.739
709.965	13.725
711.725	13.686
713.901	13.618
716.508	13.519
719.473	13.393
722.627	13.252
725.733	13.112
728.565	12.989
730.974	12.895
732.913	12.832
734.416	12.799
735.558	12.791
736.424	12.802
737.088	12.829
737.608	12.865
738.027	12.909
738.378	12.959
738.683	13.012
738.958	13.068
739.214	13.126
739.460	13.185
739.703	13.245
739.951	13.305
740.209	13.365
740.485	13.425
740.786	13.483
741.124	13.539
741.509	13.593
741.958	13.643
742.489	13.687
743.123	13.725
743.884	13.754
744.798	13.773
745.885	13.780
747.156	13.773
748.609	13.752
750.215	13.720
751.925	13.679
753.671	13.635
755.378	13.591
756.981	13.554
758.433	13.527
759.712	13.512
760.818	13.509
761.767	13.517
762.582	13.536
763.290	13.562
763.917	13.594
764.484	13.631
765.007	13.672
765.503	13.715
765.980	13.760
766.447	13.806
766.912	13.852
767.379	13.899
767.854	13.945
768.341	13.991
768.847	14.036
769.376	14.080
769.937	14.121
770.539	14.160
771.192	14.195
771.906	14.226
772.695	14.252
773.570	14.272
774.539	14.284
775.607	14.289
776.770	14.287
778.019	14.278
779.331	14.264
780.677	14.246
782.024	14.228
783.339	14.211
784.596	14.198
785.775	14.191
786.870	14.190
787.884	14.195
788.826	14.205
789.713	14.220
790.565	14.238
791.401	14.258
792.242	14.278
793.109	14.296
794.020	14.312
794.991	14.323
796.034	14.329
797.160	14.330
798.372	14.324
799.668	14.312
801.039	14.294
802.468	14.271
803.934	14.245
805.414	14.218
806.883	14.192
808.323	14.167
809.720	14.145
811.070	14.127
812.375	14.112
813.646	14.100
814.899	14.090
816.152	14.080
817.426	14.069
818.737	14.056
820.096	14.040
821.509	14.021
822.970	13.997
824.464	13.972
825.970	13.945
827.465	13.919
828.926	13.894
830.342	13.873
831.713	13.855
833.059	13.840
834.422	13.824
835.866	13.805
837.482	13.777
839.387	13.734
841.715	13.667
844.590	13.570
848.083	13.437
852.146	13.271
856.580	13.084
861.076	12.893
865.315	12.717
869.084	12.569
872.309	12.452
875.028	12.363
877.332	12.299
879.319	12.253
881.070	12.220
882.645	12.197
884.085	12.181
885.417	12.170
886.660	12.164
887.826	12.162
888.925	12.164
889.963	12.168
890.945	12.175
891.874	12.185
892.755	12.197
893.589	12.211
894.380	12.227
895.128	12.246
895.835	12.266
896.505	12.289
897.139	12.313
897.739	12.339
898.309	12.366
898.850	12.395
899.367	12.426
899.864	12.457
900.345	12.490
900.814	12.523
901.277	12.557
901.740	12.592
902.211	12.626
902.700	12.659
903.218	12.691
903.779	12.722
904.400	12.750
905.103	12.774
905.911	12.793
906.853	12.806
907.958	12.811
909.253	12.807
910.759	12.792
912.485	12.766
914.414	12.729
916.510	12.683
918.706	12.632
920.922	12.578
923.070	12.527
925.076	12.482
926.889	12.446
928.481	12.421
929.855	12.406
931.027	12.402
932.025	12.406
932.882	12.417
933.629	12.434
934.295	12.456
934.905	12.480
935.482	12.507
936.044	12.535
936.610	12.563
937.193	12.590
937.812	12.616
938.481	12.640
939.217	12.662
940.037	12.679
940.961	12.692
942.004	12.699
943.183	12.699
944.506	12.693
945.976	12.679
947.582	12.659
949.301	12.633
951.095	12.602
952.916	12.570
954.712	12.538
956.429	12.509
958.028	12.486
959.477	12.469
960.763	12.459
961.884	12.458
962.847	12.463
963.670	12.476
964.369	12.494
964.964	12.518
965.473	12.546
965.913	12.578
966.295	12.613
966.634	12.650
966.937	12.689
967.213	12.730
967.468	12.772
967.706	12.816
967.932	12.860
968.148	12.905
968.357	12.951
968.562	12.997
968.764	13.044
968.965	13.091
969.165	13.138
969.367	13.185
969.572	13.233
969.781	13.281
969.996	13.329
970.219	13.376
970.451	13.424
970.697	13.471
970.957	13.518
971.237	13.564
971.540	13.609
971.871	13.652
972.235	13.695
972.641	13.735
973.094	13.773
973.603	13.808
974.179	13.840
974.830	13.867
975.567	13.890
976.399	13.908
977.334	13.920
978.381	13.926
979.542	13.925
980.819	13.918
982.211	13.904
983.714	13.884
985.322	13.858
987.033	13.827
988.841	13.790
990.745	13.749
992.742	13.702
994.823	13.652
996.977	13.598
999.178	13.541
1001.392	13.484
1003.575	13.428
1005.682	13.375
1007.670	13.329
1009.507	13.290
1011.173	13.260
1012.664	13.239
1013.987	13.226
1015.159	13.222
1016.203	13.224
1017.143	13.231
1018.003	13.243
1018.806	13.258
1019.573	13.276
1020.320	13.294
1021.064	13.313
1021.816	13.332
1022.588	13.350
1023.387	13.367
1024.220	13.382
1025.091	13.395
1026.004	13.407
1026.958	13.416
1027.953	13.423
1028.987	13.428
1030.057	13.431
1031.157	13.433
1032.282	13.433
1033.425	13.432
1034.578	13.431
1035.731	13.429
1036.877	13.428
1038.007	13.427
1039.111	13.427
1040.179	13.429
1041.204	13.433
1042.179	13.440
1043.098	13.449
1043.958	13.461
1044.757	13.476
1045.497	13.494
1046.179	13.515
1046.808	13.538
1047.390	13.565
1047.933	13.593
1048.448	13.623
1048.944	13.655
1049.438	13.687
1049.946	13.718
1050.489	13.749
1051.093	13.776
1051.789	13.800
1052.615	13.818
1053.614	13.827
1054.835	13.826
1056.322	13.811
1058.110	13.782
1060.209	13.737
1062.595	13.677
1065.197	13.605
1067.909	13.527
1070.609	13.449
1073.187	13.376
1075.570	13.313
1077.739	13.261
1079.722	13.218
1081.586	13.183
1083.428	13.151
1085.355	13.116
1087.486	13.075
1089.925	13.023
1092.760	12.954
1096.013	12.868
1099.641	12.767
1103.500	12.655
1107.383	12.541
1111.061	12.435
1114.345	12.343
1117.130	12.272
1119.390	12.222
1121.167	12.191
1122.533	12.178
1123.570	12.178
1124.354	12.188
1124.948	12.207
1125.401	12.232
1125.752	12.261
1126.028	12.294
1126.249	12.329
1126.431	12.366
1126.583	12.404
1126.715	12.443
1126.830	12.484
1126.934	12.525
1127.029	12.567
1127.118	12.609
1127.203	12.652
1127.285	12.695
1127.365	12.739
1127.446	12.783
1127.527	12.827
1127.609	12.871
1127.693	12.915
1127.780	12.960
1127.872	13.005
1127.967	13.049
1128.069	13.094
1128.177	13.139
1128.293	13.184
1128.418	13.228
1128.553	13.273
1128.699	13.317
1128.860	13.361
1129.036	13.404
1129.229	13.447
1129.443	13.489
1129.679	13.531
1129.942	13.571
1130.234	13.611
1130.560	13.648
1130.924	13.685
1131.330	13.719
1131.785	13.752
1132.293	13.782
1132.861	13.809
1133.495	13.834
1134.203	13.855
1134.991	13.872
1135.868	13.885
1136.844	13.893
1137.930	13.896
1139.136	13.894
1140.479	13.885
1141.975	13.869
1143.642	13.845
1145.498	13.813
1147.555	13.771
1149.817	13.720
1152.268	13.661
1154.873	13.594
1157.574	13.523
1160.290	13.451
1162.939	13.381
1165.437	13.318
1167.730	13.264
1169.778	13.220
1171.579	13.188
1173.143	13.166
1174.501	13.153
1175.691	13.149
1176.752	13.150
1177.725	13.155
1178.648	13.164
1179.563	13.173
1180.507	13.181
1181.526	13.187
1182.668	13.189
1183.996	13.184
1185.579	13.169
1187.499	13.142
1189.845	13.098
1192.689	13.036
1196.071	12.952
1199.956	12.850
1204.216	12.732
1208.633	12.608
1212.941	12.487
1216.898	12.379
1220.337	12.289
1223.193	12.221
1225.483	12.175
1227.276	12.146
1228.662	12.134
1229.731	12.133
1230.559	12.141
1231.207	12.156
1231.725	12.177
1232.146	12.201
1232.497	12.228
1232.797	12.257
1233.060	12.287
1233.295	12.319
1233.510	12.352
1233.709	12.385
1233.898	12.419
1234.077	12.454
1234.250	12.489
1234.418	12.524
1234.582	12.560
1234.744	12.596
1234.904	12.632
1235.063	12.668
1235.222	12.705
1235.381	12.742
1235.541	12.779
1235.703	12.816
1235.867	12.853
1236.034	12.890
1236.206	12.928
1236.382	12.965
1236.566	13.002
1236.759	13.039
1236.962	13.076
1237.178	13.113
1237.411	13.149
1237.663	13.184
1237.940	13.219
1238.247	13.253
1238.591	13.285
1238.981	13.316
1239.426	13.345
1239.939	13.371
1240.533	13.394
1241.226	13.414
1242.035	13.429
1242.979	13.438
1244.077	13.442
1245.344	13.438
1246.791	13.427
1248.420	13.409
1250.219	13.383
1252.163	13.351
1254.212	13.315
1256.317	13.276
1258.422	13.236
1260.475	13.198
1262.432	13.164
1264.265	13.134
1265.962	13.110
1267.528	13.092
1268.979	13.078
1270.341	13.068
1271.648	13.060
1272.937	13.054
1274.246	13.048
1275.616	13.040
1277.083	13.029
1278.684	13.013
1280.442	12.991
1282.377	12.964
1284.486	12.929
1286.754	12.889
1289.135	12.845
1291.581	12.797
1294.017	12.750
1296.380	12.704
1298.605	12.664
1300.652	12.629
1302.494	12.602
1304.125	12.582
1305.554	12.569
1306.800	12.564
1307.886	12.564
1308.840	12.569
1309.685	12.578
1310.447	12.590
1311.143	12.604
1311.793	12.621
1312.408	12.639
1313.001	12.658
1313.580	12.677
1314.153	12.697
1314.723	12.717
1315.296	12.737
1315.872	12.757
1316.455	12.777
1317.045	12.796
1317.642	12.816
1318.245	12.835
1318.855	12.854
1319.470	12.873
1320.089	12.891
1320.712	12.910
1321.337	12.928
1321.965	12.946
1322.592	12.965
1323.221	12.983
1323.850	13.002
1324.482	13.020
1325.113	13.038
1325.749	13.057
1326.385	13.075
1327.026	13.093
1327.672	13.111
1328.322	13.129
1328.977	13.147
1329.639	13.164
1330.305	13.181
1330.975	13.199
1331.649	13.216
1332.325	13.233
1333.000	13.250
1333.671	13.267
1334.338	13.284
1334.994	13.302
1335.641	13.320
1336.271	13.338
1336.885	13.358
1337.478	13.378
1338.051	13.399
1338.599	13.420
1339.125	13.443
1339.627	13.467
1340.106	13.492
1340.565	13.517
1341.005	13.544
1341.432	13.571
1341.848	13.598
1342.263	13.626
1342.684	13.654
1343.122	13.682
1343.592	13.708
1344.114	13.733
1344.712	13.755
1345.416	13.773
1346.268	13.786
1347.313	13.792
1348.608	13.788
1350.211	13.773
1352.177	13.744
1354.543	13.700
1357.309	13.640
1360.428	13.566
1363.794	13.482
1367.255	13.393
1370.645	13.307
1373.815	13.228
1376.664	13.161
1379.149	13.108
1381.276	13.068
1383.083	13.040
1384.625	13.023
1385.958	13.013
1387.132	13.010
1388.188	13.012
1389.160	13.016
1390.070	13.023
1390.936	13.032
1391.769	13.042
1392.575	13.053
1393.361	13.065
1394.129	13.078
1394.882	13.091
1395.619	13.104
1396.344	13.118
1397.056	13.133
1397.759	13.148
1398.453	13.163
1399.140	13.179
1399.825	13.195
1400.507	13.211
1401.191	13.226
1401.879	13.242
1402.575	13.258
1403.281	13.273
1404.001	13.288
1404.739	13.302
1405.496	13.316
1406.278	13.328
1407.086	13.340
1407.926	13.351
1408.801	13.360
1409.715	13.369
1410.672	13.375
1411.676	13.380
1412.732	13.383
1413.842	13.384
1415.016	13.383
1416.252	13.380
1417.559	13.374
1418.942	13.366
1420.408	13.355
1421.963	13.340
1423.618	13.323
1425.384	13.301
1427.272	13.276
1429.300	13.246
1431.476	13.211
1433.814	13.171
1436.317	13.125
1438.980	13.075
1441.787	13.019
1444.701	12.961
1447.680	12.900
1450.662	12.839
1453.589	12.780
1456.398	12.725
1459.042	12.675
1461.484	12.632
1463.703	12.596
1465.696	12.567
1467.465	12.545
1469.026	12.530
1470.398	12.521
1471.601	12.517
1472.655	12.518
1473.581	12.523
1474.397	12.532
1475.118	12.544
1475.758	12.559
1476.327	12.575
1476.839	12.594
1477.298	12.615
1477.714	12.636
1478.094	12.660
1478.439	12.684
1478.760	12.709
1479.054	12.736
1479.330	12.763
1479.587	12.790
1479.829	12.818
1480.058	12.847
1480.276	12.876
1480.484	12.906
1480.684	12.936
1480.877	12.967
1481.063	12.998
1481.244	13.029
1481.420	13.060
1481.593	13.092
1481.762	13.124
1481.928	13.156
1482.092	13.188
1482.255	13.221
1482.416	13.254
1482.576	13.286
1482.737	13.320
1482.898	13.353
1483.060	13.386
1483.224	13.419
1483.390	13.453
1483.561	13.486
1483.737	13.520
1483.921	13.553
1484.113	13.586
1484.319	13.619
1484.542	13.651
1484.788	13.683
1485.066	13.714
1485.387	13.744
1485.769	13.771
1486.235	13.796
1486.821	13.818
1487.572	13.833
1488.552	13.842
1489.845	13.840
1491.558	13.823
1493.804	13.789
1496.695	13.733
1500.293	13.653
1504.568	13.549
1509.362	13.427
1514.373	13.296
1519.251	13.168
1523.667	13.055
1527.418	12.964
1530.438	12.896
1532.770	12.852
1534.527	12.827
1535.825	12.818
1536.783	12.820
1537.493	12.830
1538.026	12.847
1538.437	12.868
1538.762	12.893
1539.030	12.919
1539.258	12.947
1539.460	12.976
1539.645	13.005
1539.820	13.036
1539.992	13.066
1540.163	13.097
1540.339	13.127
1540.523	13.158
1540.719	13.188
1540.930	13.218
1541.164	13.247
1541.426	13.276
1541.723	13.304
1542.067	13.330
1542.469	13.355
1542.944	13.377
1543.514	13.397
1544.201	13.413
1545.034	13.425
1546.046	13.431
1547.274	13.430
1548.755	13.421
1550.522	13.403
1552.594	13.375
1554.973	13.337
1557.631	13.290
1560.506	13.235
1563.505	13.176
1566.517	13.116
1569.427	13.059
1572.134	13.007
1574.567	12.964
1576.693	12.930
1578.508	12.906
1580.029	12.891
1581.293	12.885
1582.341	12.885
1583.213	12.891
1583.952	12.902
1584.593	12.916
1585.168	12.932
1585.707	12.950
1586.235	12.968
1586.781	12.987
1587.368	13.004
1588.022	13.019
1588.773	13.032
1589.648	13.042
1590.680	13.047
1591.897	13.046
1593.328	13.039
1594.992	13.026
1596.898	13.005
1599.038	12.977
1601.381	12.942
1603.875	12.903
1606.447	12.861
1609.014	12.818
1611.494	12.778
1613.812	12.741
1615.915	12.711
1617.774	12.688
1619.378	12.672
1620.738	12.663
1621.874	12.661
1622.813	12.665
1623.585	12.674
1624.219	12.687
1624.739	12.703
1625.171	12.722
1625.531	12.744
1625.837	12.767
1626.101	12.792
1626.332	12.818
1626.540	12.845
1626.731	12.872
1626.909	12.900
1627.079	12.928
1627.245	12.957
1627.409	12.986
1627.574	13.014
1627.740	13.043
1627.912	13.072
1628.089	13.101
1628.274	13.130
1628.467	13.158
1628.672	13.187
1628.890	13.215
1629.124	13.243
1629.375	13.270
1629.647	13.297
1629.946	13.323
1630.275	13.348
1630.643	13.372
1631.059	13.395
1631.535	13.416
1632.090	13.435
1632.745	13.451
1633.529	13.464
1634.483	13.471
1635.654	13.472
1637.103	13.465
1638.895	13.448
1641.099	13.419
1643.776	13.376
1646.952	13.317
1650.603	13.245
1654.639	13.160
1658.898	13.068
1663.170	12.976
1667.240	12.888
1670.930	12.811
1674.131	12.748
1676.806	12.700
1678.975	12.667
1680.697	12.647
1682.045	12.638
1683.093	12.637
1683.907	12.644
1684.542	12.656
1685.043	12.673
1685.444	12.692
1685.770	12.714
1686.042	12.737
1686.273	12.762
1686.475	12.787
1686.655	12.814
1686.819	12.841
1686.971	12.868
1687.115	12.896
1687.253	12.924
1687.387	12.953
1687.518	12.982
1687.647	13.010
1687.776	13.039
1687.904	13.068
1688.033	13.097
1688.163	13.127
1688.294	13.156
1688.427	13.185
1688.563	13.215
1688.699	13.244
1688.840	13.274
1688.983	13.303
1689.130	13.333
1689.281	13.362
1689.437	13.392
1689.598	13.421
1689.764	13.451
1689.939	13.480
1690.121	13.509
1690.313	13.538
1690.516	13.567
1690.732	13.595
1690.965	13.623
1691.217	13.651
1691.492	13.678
1691.797	13.704
1692.136	13.729
1692.517	13.753
1692.952	13.776
1693.451	13.796
1694.028	13.815
1694.701	13.830
1695.491	13.842
1696.419	13.849
1697.512	13.852
1698.795	13.849
1700.294	13.839
1702.028	13.821
1704.009	13.796
1706.235	13.763
1708.682	13.723
1711.312	13.677
1714.065	13.627
1716.865	13.575
1719.638	13.524
1722.307	13.475
1724.815	13.431
1727.123	13.394
1729.211	13.363
1731.075	13.339
1732.728	13.321
1734.187	13.309
1735.476	13.303
1736.620	13.301
1737.644	13.303
1738.569	13.308
1739.420	13.315
1740.215	13.324
1740.975	13.334
1741.720	13.346
1742.470	13.357
1743.248	13.367
1744.080	13.377
1744.991	13.384
1746.014	13.388
1747.184	13.388
1748.534	13.384
1750.104	13.373
1751.926	13.355
1754.022	13.330
1756.404	13.296
1759.052	13.255
1761.934	13.207
1764.977	13.154
1768.096	13.099
1771.194	13.044
1774.183	12.991
1776.986	12.944
1779.559	12.903
1781.882	12.868
1783.958	12.841
1785.810	12.820
1787.470	12.805
1788.972	12.794
1790.353	12.786
1791.643	12.781
1792.870	12.779
1794.055	12.777
1795.214	12.776
1796.355	12.776
1797.486	12.776
1798.607	12.776
1799.717	12.777
1800.813	12.778
1801.890	12.779
1802.940	12.781
1803.959	12.784
1804.939	12.788
1805.875	12.792
1806.763	12.798
1807.602	12.806
1808.387	12.814
1809.119	12.824
1809.799	12.836
1810.429	12.848
1811.009	12.862
1811.542	12.878
1812.034	12.894
1812.486	12.912
1812.902	12.930
1813.285	12.950
1813.638	12.970
1813.966	12.992
1814.270	13.014
1814.554	13.036
1814.820	13.059
1815.071	13.083
1815.310	13.107
1815.538	13.131
1815.759	13.156
1815.975	13.181
1816.189	13.206
1816.404	13.231
1816.624	13.256
1816.853	13.282
1817.098	13.306
1817.366	13.331
1817.667	13.354
1818.011	13.377
1818.415	13.398
1818.899	13.417
1819.485	13.433
1820.206	13.446
1821.099	13.454
1822.206	13.457
1823.578	13.453
1825.262	13.440
1827.299	13.418
1829.722	13.385
1832.531	13.342
1835.678	13.289
1839.093	13.228
1842.646	13.163
1846.183	13.097
1849.574	13.035
1852.682	12.981
1855.435	12.935
1857.799	12.899
1859.773	12.874
1861.392	12.859
1862.703	12.852
1863.758	12.852
1864.604	12.857
1865.289	12.867
1865.847	12.881
1866.310	12.897
1866.703	12.916
1867.045	12.936
1867.351	12.957
1867.633	12.979
1867.901	13.001
1868.164	13.024
1868.429	13.046
1868.705	13.069
1868.998	13.091
1869.317	13.113
1869.673	13.133
1870.078	13.153
1870.546	13.171
1871.095	13.188
1871.747	13.201
1872.528	13.212
1873.469	13.219
1874.604	13.220
1875.972	13.216
1877.609	13.205
1879.551	13.187
1881.817	13.160
1884.414	13.124
1887.319	13.081
1890.475	13.030
1893.801	12.975
1897.192	12.918
1900.537	12.862
1903.730	12.809
1906.694	12.762
1909.378	12.721
1911.765	12.688
1913.866	12.663
1915.710	12.644
1917.334	12.630
1918.787	12.622
1920.111	12.616
1921.344	12.613
1922.529	12.612
1923.693	12.611
1924.864	12.611
1926.062	12.610
1927.302	12.608
1928.599	12.605
1929.951	12.600
1931.365	12.594
1932.830	12.587
1934.340	12.579
1935.879	12.570
1937.430	12.560
1938.974	12.551
1940.491	12.542
1941.960	12.534
1943.366	12.527
1944.694	12.522
1945.936	12.519
1947.081	12.518
1948.131	12.519
1949.082	12.523
1949.940	12.529
1950.710	12.536
1951.397	12.546
1952.011	12.558
1952.559	12.571
1953.049	12.586
1953.488	12.602
1953.884	12.619
1954.244	12.637
1954.574	12.656
1954.879	12.675
1955.165	12.695
1955.436	12.715
1955.695	12.736
1955.947	12.757
1956.195	12.778
1956.440	12.800
1956.687	12.821
1956.936	12.843
1957.190	12.864
1957.451	12.885
1957.721	12.906
1958.001	12.927
1958.292	12.948
1958.597	12.969
1958.915	12.989
1959.249	13.009
1959.600	13.028
1959.969	13.047
1960.355	13.066
1960.762	13.084
1961.188	13.102
1961.636	13.120
1962.105	13.136
1962.597	13.153
1963.111	13.168
1963.648	13.184
1964.208	13.198
1964.792	13.212
1965.400	13.226
1966.032	13.239
1966.688	13.251
1967.369	13.263
1968.077	13.274
1968.811	13.284
1969.574	13.293
1970.368	13.302
1971.196	13.310
1972.062	13.317
1972.971	13.323
1973.928	13.328
1974.942	13.331
1976.021	13.333
1977.175	13.333
1978.416	13.331
1979.758	13.326
1981.214	13.319
1982.797	13.308
1984.518	13.294
1986.389	13.277
1988.417	13.255
1990.598	13.230
1992.928	13.201
1995.390	13.169
1997.961	13.134
2000.605	13.097
2003.287	13.059
2005.962	13.021
2008.589	12.984
2011.131	12.950
2013.554	12.918
2015.834	12.889
2017.959	12.864
2019.917	12.844
2021.712	12.827
2023.345	12.814
2024.829	12.805
2026.173	12.799
2027.388	12.796
2028.490	12.796
2029.490	12.798
2030.399	12.802
2031.226	12.809
2031.985	12.817
2032.680	12.827
2033.322	12.838
2033.915	12.850
2034.468	12.863
2034.982	12.878
2035.465	12.893
2035.918	12.908
2036.346	12.925
2036.753	12.942
2037.138	12.959
2037.506	12.977
2037.857	12.995
2038.195	13.014
2038.518	13.033
2038.829	13.053
2039.129	13.073
2039.419	13.093
2039.698	13.113
2039.969	13.134
2040.230	13.155
2040.483	13.176
2040.728	13.198
2040.966	13.220
2041.196	13.242
2041.418	13.264
2041.634	13.286
2041.843	13.309
2042.045	13.332
2042.241	13.355
2042.431	13.379
2042.615	13.402
2042.794	13.426
2042.967	13.450
2043.134	13.474
2043.297	13.499
2043.455	13.524
2043.609	13.548
2043.759	13.573
2043.904	13.599
2044.047	13.624
2044.186	13.650
2044.322	13.675
2044.457	13.701
2044.590	13.727
2044.721	13.753
2044.852	13.779
2044.982	13.806
2045.114	13.832
2045.247	13.858
2045.382	13.885
2045.521	13.911
2045.664	13.938
2045.814	13.964
2045.971	13.990
2046.138	14.016
2046.317	14.042
2046.510	14.068
2046.720	14.093
2046.952	14.118
2047.208	14.142
2047.495	14.165
2047.817	14.188
2048.181	14.209
2048.596	14.229
2049.069	14.248
2049.611	14.264
2050.234	14.279
2050.951	14.291
2051.780	14.300
2052.733	14.306
2053.831	14.307
2055.096	14.304
2056.550	14.296
2058.209	14.282
2060.102	14.262
2062.253	14.235
2064.672	14.200
2067.376	14.158
2070.374	14.109
2073.644	14.052
2077.164	13.988
2080.886	13.920
2084.734	13.848
2088.623	13.775
2092.455	13.704
2096.138	13.636
2099.585	13.575
2102.741	13.521
2105.567	13.476
2108.051	13.440
2110.202	13.412
2112.044	13.392
2113.609	13.379
2114.929	13.372
2116.044	13.370
2116.986	13.373
2117.783	13.380
2118.463	13.390
2119.047	13.403
2119.554	13.417
2120.000	13.433
2120.395	13.450
2120.751	13.469
2121.075	13.488
2121.374	13.508
2121.653	13.529
2121.915	13.550
2122.165	13.572
2122.405	13.594
2122.636	13.616
2122.862	13.638
2123.081	13.661
2123.297	13.683
2123.510	13.706
2123.721	13.729
2123.931	13.752
2124.139	13.776
2124.349	13.799
2124.559	13.822
2124.770	13.846
2124.985	13.869
2125.203	13.892
2125.428	13.916
2125.662	13.939
2125.907	13.962
2126.167	13.984
2126.448	14.006
2126.756	14.028
2127.100	14.049
2127.491	14.068
2127.944	14.086
2128.479	14.103
2129.119	14.116
2129.895	14.127
2130.844	14.133
2132.013	14.133
2133.451	14.127
2135.215	14.112
2137.354	14.088
2139.911	14.053
2142.898	14.008
2146.296	13.951
2150.032	13.886
2153.991	13.814
2158.026	13.740
2161.977	13.668
2165.702	13.602
2169.104	13.543
2172.133	13.494
2174.781	13.454
2177.083	13.423
2179.093	13.400
2180.873	13.383
2182.488	13.370
2184.002	13.361
2185.473	13.352
2186.945	13.344
2188.463	13.336
2190.068	13.325
2191.785	13.313
2193.631	13.297
2195.625	13.278
2197.768	13.256
2200.043	13.231
2202.436	13.203
2204.912	13.173
2207.429	13.141
2209.940	13.110
2212.401	13.080
2214.771	13.052
2217.006	13.026
2219.087	13.004
2221.001	12.986
2222.736	12.971
2224.299	12.961
2225.702	12.954
2226.958	12.950
2228.083	12.949
2229.098	12.951
2230.021	12.955
2230.868	12.960
2231.659	12.967
2232.410	12.975
2233.136	12.984
2233.854	12.993
2234.579	13.002
2235.329	13.010
2236.121	13.018
2236.975	13.025
2237.914	13.030
2238.964	13.032
2240.152	13.032
2241.512	13.029
2243.078	13.021
2244.886	13.009
2246.968	12.990
2249.353	12.966
2252.056	12.935
2255.077	12.897
2258.388	12.853
2261.939	12.805
2265.652	12.752
2269.430	12.698
2273.169	12.645
2276.771	12.594
2280.148	12.548
2283.244	12.507
2286.023	12.473
2288.477	12.445
2290.618	12.424
2292.470	12.408
