<j>	<F>
1.246	20.230
3.002	11.614
4.179	10.899
5.196	11.156
6.054	12.657
7.215	14.244
8.585	11.436
9.532	12.759
11.137	12.035
12.467	10.583
13.346	11.228
14.237	12.121
15.522	12.358
17.083	11.206
18.031	11.225
18.729	12.104
19.440	13.182
20.367	13.904
21.486	13.900
22.550	13.992
23.598	14.074
24.543	14.400
25.496	14.789
26.692	14.889
28.339	13.899
29.759	13.131
30.782	13.117
31.548	13.591
32.242	14.305
32.951	15.017
33.668	15.788
34.659	16.272
36.382	15.425
38.246	13.966
39.354	13.671
40.058	14.153
40.693	14.825
41.311	15.561
41.954	16.348
42.828	16.894
44.396	16.488
47.021	14.592
49.278	12.927
50.306	12.732
50.847	13.227
51.368	13.878
52.136	14.383
53.392	14.399
54.975	13.902
56.180	13.619
56.831	13.932
57.242	14.605
57.644	15.395
58.184	16.123
59.043	16.540
60.413	16.340
62.128	15.617
63.566	15.095
64.501	15.129
65.151	15.527
65.716	16.077
66.315	16.641
67.037	17.098
67.946	17.346
69.090	17.324
70.581	16.948
72.480	16.152
74.343	15.315
75.630	14.992
76.493	15.141
77.473	15.351
79.355	15.035
82.678	13.725
85.950	12.324
87.839	11.757
88.864	11.722
89.525	11.900
90.007	12.186
90.395	12.540
90.742	12.941
91.088	13.369
91.469	13.806
91.919	14.227
92.476	14.602
93.164	14.901
93.977	15.113
94.877	15.255
95.812	15.364
96.766	15.461
97.775	15.532
98.919	15.526
100.275	15.387
101.845	15.110
103.539	14.755
105.236	14.403
106.832	14.111
108.221	13.924
109.327	13.877
110.148	13.980
110.755	14.210
111.248	14.524
111.742	14.869
112.371	15.171
113.303	15.331
114.711	15.234
116.582	14.858
118.546	14.389
120.167	14.072
121.324	13.985
122.117	14.086
122.670	14.318
123.085	14.638
123.439	15.012
123.804	15.407
124.257	15.780
124.911	16.069
125.927	16.174
127.442	16.000
129.326	15.585
131.114	15.176
132.486	14.978
133.537	14.971
134.555	15.027
135.900	14.984
138.002	14.662
141.060	13.964
144.396	13.129
146.953	12.555
148.521	12.336
149.469	12.347
150.136	12.469
150.717	12.634
151.315	12.805
151.990	12.960
152.768	13.084
153.647	13.174
154.591	13.237
155.543	13.290
156.447	13.354
157.284	13.440
158.082	13.546
158.909	13.651
159.864	13.726
161.045	13.734
162.496	13.652
164.133	13.496
165.741	13.329
167.100	13.224
168.120	13.221
168.843	13.314
169.359	13.481
169.750	13.699
170.076	13.948
170.380	14.216
170.692	14.492
171.039	14.767
171.447	15.030
171.947	15.268
172.587	15.462
173.465	15.580
174.788	15.554
176.933	15.266
180.220	14.614
184.168	13.743
187.537	13.035
189.773	12.668
191.169	12.552
192.106	12.572
192.798	12.662
193.351	12.793
193.817	12.950
194.232	13.126
194.621	13.315
195.003	13.510
195.390	13.710
195.788	13.911
196.201	14.113
196.628	14.314
197.074	14.515
197.552	14.712
198.096	14.896
198.783	15.046
199.758	15.122
201.234	15.056
203.389	14.790
206.070	14.352
208.703	13.904
210.798	13.601
212.340	13.459
213.572	13.418
214.717	13.412
215.892	13.404
217.124	13.382
218.371	13.351
219.557	13.328
220.618	13.331
221.525	13.368
222.295	13.441
222.978	13.539
223.648	13.648
224.406	13.746
225.384	13.803
226.751	13.781
228.651	13.641
231.055	13.382
233.631	13.067
235.903	12.801
237.598	12.649
238.750	12.614
239.533	12.662
240.109	12.760
240.586	12.885
241.033	13.021
241.490	13.160
241.989	13.294
242.555	13.417
243.215	13.524
243.992	13.607
244.904	13.662
245.955	13.686
247.132	13.681
248.398	13.654
249.704	13.615
251.005	13.575
252.275	13.541
253.513	13.514
254.734	13.493
255.964	13.472
257.225	13.447
258.530	13.414
259.878	13.372
261.247	13.324
262.596	13.278
263.871	13.242
265.018	13.228
266.001	13.243
266.810	13.292
267.460	13.372
267.979	13.481
268.400	13.613
268.757	13.761
269.077	13.922
269.388	14.089
269.711	14.258
270.070	14.424
270.491	14.581
271.005	14.722
271.660	14.835
272.519	14.907
273.673	14.918
275.219	14.844
277.210	14.673
279.545	14.421
281.943	14.146
284.081	13.918
285.806	13.774
287.167	13.710
288.324	13.695
289.435	13.697
290.618	13.692
291.926	13.665
293.353	13.614
294.840	13.550
296.313	13.484
297.720	13.430
299.043	13.390
300.296	13.365
301.495	13.349
302.647	13.341
303.734	13.343
304.731	13.358
305.613	13.391
306.368	13.445
307.000	13.521
307.527	13.618
307.974	13.730
308.367	13.856
308.731	13.989
309.086	14.128
309.451	14.268
309.841	14.405
310.268	14.538
310.739	14.665
311.258	14.783
311.822	14.893
312.422	14.996
313.042	15.094
313.662	15.191
314.264	15.293
314.829	15.401
315.349	15.521
315.820	15.652
316.249	15.796
316.644	15.949
317.021	16.110
317.398	16.275
317.797	16.438
318.252	16.593
318.816	16.728
319.599	16.818
320.839	16.817
323.081	16.622
327.327	16.052
334.272	14.999
342.191	13.798
348.207	12.955
351.835	12.534
354.011	12.358
355.480	12.296
356.615	12.288
357.591	12.303
358.495	12.331
359.372	12.363
360.249	12.396
361.138	12.429
362.047	12.458
362.974	12.486
363.914	12.511
364.859	12.535
365.796	12.560
366.713	12.587
367.601	12.616
368.450	12.650
369.256	12.690
370.013	12.735
370.722	12.787
371.382	12.845
371.993	12.909
372.560	12.980
373.085	13.057
373.573	13.140
374.031	13.228
374.468	13.320
374.893	13.416
375.319	13.512
375.766	13.608
376.259	13.700
376.841	13.783
377.578	13.847
378.575	13.880
379.997	13.861
382.063	13.761
384.973	13.556
388.728	13.242
392.944	12.868
396.979	12.512
400.346	12.238
402.951	12.058
404.955	11.952
406.573	11.895
407.969	11.865
409.243	11.850
410.448	11.844
411.606	11.843
412.720	11.845
413.784	11.853
414.790	11.865
415.724	11.884
416.579	11.910
417.350	11.945
418.034	11.988
418.636	12.039
419.159	12.099
419.613	12.166
420.006	12.241
420.348	12.322
420.647	12.409
420.913	12.500
421.155	12.596
421.380	12.695
421.595	12.797
421.809	12.900
422.028	13.005
422.260	13.110
422.515	13.214
422.804	13.315
423.137	13.413
423.529	13.506
423.997	13.590
424.557	13.664
425.227	13.726
426.020	13.772
426.942	13.802
427.987	13.816
429.137	13.815
430.358	13.804
431.614	13.787
432.868	13.768
434.098	13.753
435.297	13.741
436.473	13.733
437.640	13.726
438.819	13.720
440.022	13.710
441.253	13.697
442.505	13.681
443.761	13.664
444.996	13.648
446.187	13.637
447.309	13.633
448.350	13.639
449.301	13.655
450.163	13.682
450.944	13.719
451.655	13.765
452.310	13.818
452.924	13.878
453.514	13.941
454.096	14.006
454.687	14.071
455.301	14.135
455.956	14.194
456.665	14.247
457.444	14.291
458.309	14.326
459.275	14.348
460.358	14.356
461.572	14.347
462.925	14.321
464.413	14.278
466.014	14.220
467.686	14.152
469.366	14.081
470.993	14.015
472.516	13.962
473.909	13.923
475.172	13.901
476.328	13.892
477.410	13.894
478.452	13.901
479.483	13.910
480.522	13.919
481.578	13.926
482.642	13.932
483.698	13.937
484.723	13.945
485.691	13.959
486.583	13.981
487.387	14.013
488.100	14.056
488.727	14.109
489.280	14.171
489.776	14.241
490.233	14.318
490.675	14.397
491.130	14.477
491.639	14.553
492.260	14.618
493.086	14.663
494.264	14.670
495.998	14.617
498.515	14.479
501.924	14.240
506.009	13.922
510.182	13.589
513.818	13.310
516.626	13.119
518.678	13.010
520.200	12.960
521.403	12.945
522.434	12.951
523.382	12.966
524.298	12.985
525.209	13.006
526.132	13.026
527.078	13.044
528.054	13.059
529.062	13.071
530.104	13.081
531.174	13.087
532.265	13.091
533.367	13.094
534.467	13.096
535.551	13.099
536.608	13.105
537.630	13.113
538.611	13.126
539.550	13.142
540.449	13.161
541.312	13.185
542.145	13.211
542.953	13.239
543.745	13.270
544.527	13.302
545.306	13.334
546.088	13.366
546.878	13.398
547.679	13.428
548.495	13.458
549.326	13.486
550.174	13.512
551.039	13.537
551.919	13.560
552.813	13.582
553.720	13.603
554.638	13.622
555.564	13.641
556.494	13.659
557.424	13.677
558.348	13.695
559.257	13.714
560.144	13.735
561.000	13.759
561.819	13.787
562.596	13.818
563.332	13.853
564.029	13.893
564.699	13.936
565.357	13.981
566.030	14.025
566.757	14.066
567.597	14.098
568.634	14.113
569.984	14.102
571.795	14.049
574.215	13.943
577.330	13.774
581.055	13.550
585.097	13.297
589.042	13.051
592.552	12.843
595.486	12.685
597.875	12.576
599.827	12.505
601.457	12.461
602.856	12.437
604.087	12.426
605.198	12.426
606.222	12.433
607.187	12.445
608.118	12.460
609.035	12.476
609.956	12.493
610.897	12.509
611.870	12.522
612.886	12.533
613.951	12.540
615.072	12.543
616.251	12.542
617.495	12.536
618.805	12.526
620.188	12.511
621.646	12.490
623.181	12.465
624.788	12.434
626.455	12.398
628.159	12.360
629.867	12.321
631.543	12.283
633.145	12.250
634.640	12.224
636.005	12.206
637.227	12.197
638.307	12.198
639.256	12.209
640.091	12.227
640.830	12.252
641.496	12.283
642.107	12.318
642.683	12.356
643.240	12.396
643.794	12.437
644.360	12.477
644.948	12.516
645.572	12.554
646.239	12.588
646.959	12.619
647.736	12.647
648.573	12.670
649.464	12.688
650.405	12.704
651.381	12.716
652.376	12.726
653.370	12.736
654.343	12.747
655.277	12.760
656.157	12.777
656.974	12.798
657.724	12.824
658.410	12.855
659.040	12.890
659.625	12.928
660.181	12.970
660.725	13.013
661.278	13.056
661.862	13.098
662.502	13.136
663.222	13.169
664.048	13.195
665.003	13.211
666.103	13.217
667.354	13.212
668.747	13.195
670.258	13.170
671.850	13.137
673.481	13.101
675.114	13.064
676.730	13.028
678.330	12.994
679.943	12.961
681.617	12.925
683.409	12.883
685.377	12.831
687.555	12.765
689.940	12.686
692.481	12.597
695.078	12.502
697.608	12.411
699.956	12.330
702.045	12.266
703.844	12.219
705.365	12.191
706.648	12.178
707.743	12.178
708.701	12.187
709.567	12.202
710.381	12.221
711.174	12.243
711.970	12.264
712.790	12.285
713.648	12.304
714.558	12.320
715.528	12.332
716.564	12.340
717.670	12.345
718.848	12.344
720.096	12.340
721.409	12.331
722.779	12.319
724.195	12.304
725.642	12.287
727.104	12.269
728.563	12.250
730.001	12.232
731.401	12.217
732.751	12.204
734.039	12.195
735.261	12.189
736.413	12.187
737.499	12.190
738.524	12.196
739.493	12.205
740.416	12.217
741.300	12.232
742.154	12.248
742.984	12.266
743.796	12.286
744.592	12.306
745.377	12.327
746.150	12.348
746.912	12.371
747.662	12.394
748.397	12.417
749.117	12.442
749.820	12.468
750.506	12.495
751.173	12.523
751.825	12.552
752.463	12.582
753.092	12.613
753.718	12.644
754.347	12.675
754.989	12.706
755.654	12.736
756.354	12.764
757.103	12.789
757.917	12.810
758.811	12.827
759.801	12.839
760.903	12.844
762.126	12.841
763.475	12.831
764.945	12.813
766.516	12.788
768.160	12.758
769.837	12.726
771.498	12.694
773.101	12.664
774.606	12.640
775.987	12.623
777.233	12.614
778.342	12.613
779.328	12.619
780.206	12.633
780.999	12.651
781.730	12.674
782.421	12.700
783.095	12.727
783.772	12.755
784.471	12.782
785.209	12.807
786.000	12.828
786.854	12.847
787.777	12.861
788.771	12.871
789.830	12.877
790.943	12.879
792.095	12.879
793.264	12.877
794.428	12.875
795.566	12.874
796.658	12.875
797.692	12.880
798.661	12.888
799.563	12.900
800.406	12.917
801.198	12.936
801.957	12.958
802.702	12.981
803.458	13.004
804.251	13.026
805.116	13.044
806.087	13.056
807.204	13.061
808.502	13.055
810.011	13.037
811.741	13.006
813.678	12.962
815.773	12.908
817.947	12.848
820.103	12.788
822.141	12.734
823.986	12.690
825.594	12.658
826.953	12.641
828.082	12.637
829.011	12.645
829.781	12.663
830.429	12.688
830.995	12.718
831.509	12.752
832.000	12.788
832.495	12.825
833.019	12.861
833.594	12.894
834.247	12.923
835.000	12.948
835.880	12.965
836.909	12.974
838.103	12.974
839.471	12.964
841.006	12.945
842.687	12.916
844.470	12.881
846.300	12.842
848.119	12.804
849.872	12.768
851.519	12.737
853.044	12.714
854.450	12.697
855.760	12.686
857.008	12.680
858.237	12.675
859.495	12.670
860.826	12.661
862.269	12.648
863.851	12.627
865.586	12.599
867.461	12.563
869.447	12.521
871.491	12.476
873.533	12.429
875.513	12.386
877.382	12.347
879.113	12.316
880.700	12.291
882.156	12.274
883.507	12.263
884.786	12.255
886.029	12.251
887.269	12.246
888.537	12.241
889.853	12.235
891.230	12.225
892.672	12.212
894.174	12.196
895.718	12.178
897.281	12.159
898.834	12.140
900.348	12.122
901.794	12.107
903.149	12.096
904.400	12.089
905.538	12.088
906.560	12.092
907.472	12.101
908.282	12.115
908.998	12.134
909.633	12.157
910.196	12.183
910.699	12.212
911.149	12.244
911.556	12.278
911.926	12.315
912.264	12.353
912.575	12.393
912.864	12.434
913.133	12.476
913.386	12.519
913.624	12.564
913.850	12.609
914.066	12.655
914.273	12.702
914.473	12.749
914.669	12.798
914.862	12.846
915.056	12.895
915.254	12.944
915.463	12.993
915.690	13.042
915.947	13.089
916.248	13.135
916.618	13.177
917.090	13.215
917.712	13.247
918.546	13.267
919.678	13.274
921.211	13.260
923.248	13.221
925.868	13.153
929.073	13.053
932.746	12.928
936.631	12.790
940.411	12.655
943.792	12.538
946.599	12.449
948.798	12.389
950.449	12.357
951.659	12.348
952.537	12.355
953.180	12.375
953.658	12.403
954.026	12.438
954.318	12.476
954.561	12.518
954.771	12.561
954.957	12.606
955.129	12.653
955.291	12.700
955.447	12.747
955.598	12.795
955.748	12.844
955.898	12.893
956.049	12.942
956.203	12.992
956.360	13.041
956.522	13.091
956.690	13.141
956.865	13.190
957.050	13.240
957.244	13.289
957.452	13.338
957.673	13.387
957.911	13.435
958.168	13.482
958.447	13.529
958.751	13.574
959.083	13.618
959.447	13.661
959.846	13.702
960.284	13.741
960.765	13.777
961.292	13.812
961.867	13.843
962.492	13.872
963.168	13.898
963.893	13.921
964.664	13.942
965.477	13.960
966.325	13.976
967.203	13.990
968.102	14.002
969.016	14.014
969.939	14.025
970.872	14.035
971.813	14.045
972.768	14.055
973.745	14.063
974.756	14.069
975.818	14.073
976.945	14.074
978.154	14.069
979.458	14.060
980.866	14.045
982.376	14.023
983.976	13.997
985.644	13.966
987.347	13.933
989.047	13.899
990.701	13.868
992.276	13.841
993.745	13.819
995.091	13.804
996.310	13.795
997.404	13.794
998.383	13.800
999.260	13.811
1000.052	13.827
1000.776	13.848
1001.448	13.871
1002.090	13.897
1002.721	13.923
1003.370	13.950
1004.072	13.974
1004.876	13.994
1005.852	14.005
1007.095	14.004
1008.727	13.983
1010.897	13.936
1013.737	13.854
1017.319	13.735
1021.556	13.582
1026.168	13.407
1030.734	13.233
1034.837	13.080
1038.226	12.961
1040.842	12.881
1042.772	12.834
1044.168	12.815
1045.179	12.815
1045.929	12.829
1046.510	12.852
1046.984	12.881
1047.396	12.913
1047.775	12.947
1048.141	12.982
1048.507	13.018
1048.884	13.053
1049.281	13.087
1049.708	13.121
1050.170	13.153
1050.681	13.183
1051.248	13.211
1051.886	13.236
1052.607	13.256
1053.426	13.273
1054.360	13.284
1055.420	13.290
1056.618	13.288
1057.957	13.281
1059.430	13.266
1061.026	13.246
1062.710	13.220
1064.447	13.192
1066.191	13.163
1067.894	13.135
1069.517	13.111
1071.027	13.091
1072.407	13.078
1073.651	13.070
1074.764	13.069
1075.761	13.073
1076.657	13.082
1077.476	13.095
1078.237	13.111
1078.961	13.130
1079.665	13.149
1080.364	13.169
1081.074	13.188
1081.803	13.207
1082.561	13.224
1083.352	13.241
1084.175	13.255
1085.034	13.268
1085.920	13.280
1086.830	13.290
1087.752	13.300
1088.677	13.309
1089.595	13.318
1090.494	13.328
1091.366	13.340
1092.205	13.352
1093.005	13.367
1093.767	13.383
1094.490	13.401
1095.179	13.421
1095.838	13.443
1096.478	13.465
1097.104	13.489
1097.729	13.512
1098.363	13.536
1099.017	13.559
1099.702	13.580
1100.427	13.600
1101.206	13.617
1102.044	13.632
1102.950	13.643
1103.928	13.651
1104.980	13.655
1106.105	13.656
1107.297	13.654
1108.551	13.648
1109.858	13.640
1111.208	13.629
1112.593	13.617
1114.006	13.603
1115.443	13.588
1116.900	13.572
1118.379	13.556
1119.876	13.538
1121.394	13.520
1122.926	13.501
1124.467	13.481
1126.007	13.462
1127.526	13.443
1129.013	13.426
1130.445	13.411
1131.809	13.398
1133.089	13.390
1134.278	13.385
1135.370	13.385
1136.368	13.389
1137.277	13.398
1138.105	13.410
1138.866	13.425
1139.571	13.443
1140.239	13.464
1140.884	13.485
1141.526	13.507
1142.185	13.529
1142.884	13.549
1143.650	13.567
1144.513	13.580
1145.508	13.588
1146.674	13.589
1148.055	13.581
1149.691	13.561
1151.618	13.529
1153.849	13.484
1156.379	13.425
1159.153	13.355
1162.093	13.277
1165.082	13.196
1168.002	13.118
1170.748	13.047
1173.241	12.987
1175.449	12.938
1177.368	12.902
1179.018	12.878
1180.437	12.863
1181.661	12.857
1182.729	12.858
1183.675	12.864
1184.525	12.874
1185.304	12.887
1186.028	12.903
1186.712	12.920
1187.365	12.939
1187.997	12.959
1188.614	12.980
1189.219	13.001
1189.816	13.023
1190.408	13.045
1190.995	13.067
1191.579	13.090
1192.160	13.112
1192.738	13.135
1193.313	13.158
1193.885	13.181
1194.453	13.205
1195.018	13.228
1195.579	13.252
1196.139	13.276
1196.696	13.300
1197.252	13.324
1197.808	13.348
1198.367	13.372
1198.929	13.396
1199.497	13.420
1200.074	13.444
1200.662	13.467
1201.266	13.490
1201.887	13.512
1202.531	13.533
1203.204	13.553
1203.913	13.572
1204.666	13.589
1205.477	13.603
1206.361	13.615
1207.340	13.623
1208.442	13.625
1209.701	13.622
1211.159	13.610
1212.862	13.589
1214.855	13.555
1217.174	13.508
1219.832	13.448
1222.801	13.374
1226.011	13.290
1229.347	13.200
1232.671	13.111
1235.844	13.027
1238.761	12.953
1241.362	12.892
1243.634	12.844
1245.599	12.809
1247.303	12.784
1248.798	12.768
1250.138	12.759
1251.368	12.754
1252.527	12.752
1253.647	12.753
1254.748	12.754
1255.849	12.755
1256.957	12.756
1258.078	12.757
1259.212	12.757
1260.357	12.757
1261.503	12.757
1262.646	12.757
1263.771	12.757
1264.871	12.758
1265.934	12.760
1266.951	12.764
1267.914	12.769
1268.818	12.777
1269.656	12.787
1270.430	12.800
1271.137	12.815
1271.781	12.832
1272.363	12.852
1272.887	12.874
1273.358	12.898
1273.781	12.924
1274.159	12.952
1274.498	12.981
1274.802	13.012
1275.076	13.045
1275.323	13.078
1275.548	13.113
1275.753	13.148
1275.941	13.185
1276.116	13.222
1276.280	13.260
1276.434	13.298
1276.582	13.337
1276.725	13.376
1276.864	13.416
1277.002	13.456
1277.141	13.496
1277.281	13.536
1277.425	13.577
1277.575	13.617
1277.732	13.657
1277.899	13.698
1278.077	13.737
1278.270	13.777
1278.480	13.816
1278.711	13.854
1278.967	13.892
1279.252	13.928
1279.571	13.963
1279.932	13.997
1280.340	14.028
1280.805	14.058
1281.340	14.084
1281.957	14.107
1282.677	14.126
1283.524	14.140
1284.535	14.147
1285.759	14.146
1287.268	14.132
1289.159	14.104
1291.568	14.055
1294.658	13.980
1298.606	13.872
1303.547	13.726
1309.477	13.544
1316.180	13.332
1323.209	13.110
1330.014	12.897
1336.129	12.712
1341.314	12.561
1345.535	12.448
1348.907	12.365
1351.591	12.308
1353.741	12.271
1355.493	12.247
1356.938	12.235
1358.153	12.230
1359.186	12.232
1360.079	12.238
1360.856	12.249
1361.543	12.262
1362.153	12.279
1362.703	12.297
1363.203	12.317
1363.664	12.339
1364.093	12.361
1364.497	12.385
1364.881	12.409
1365.251	12.434
1365.611	12.460
1365.965	12.485
1366.315	12.511
1366.663	12.537
1367.012	12.564
1367.362	12.590
1367.716	12.616
1368.074	12.642
1368.436	12.669
1368.803	12.695
1369.174	12.721
1369.549	12.747
1369.927	12.773
1370.309	12.798
1370.692	12.824
1371.077	12.850
1371.462	12.876
1371.845	12.902
1372.227	12.928
1372.604	12.955
1372.978	12.981
1373.345	13.008
1373.707	13.035
1374.061	13.063
1374.406	13.091
1374.743	13.119
1375.070	13.148
1375.388	13.177
1375.696	13.207
1375.994	13.237
1376.282	13.267
1376.560	13.298
1376.829	13.330
1377.088	13.362
1377.339	13.394
1377.581	13.427
1377.816	13.461
1378.043	13.494
1378.264	13.528
1378.479	13.563
1378.689	13.598
1378.894	13.633
1379.095	13.669
1379.293	13.704
1379.489	13.740
1379.682	13.777
1379.875	13.813
1380.067	13.850
1380.259	13.887
1380.452	13.924
1380.647	13.961
1380.843	13.998
1381.042	14.035
1381.245	14.073
1381.452	14.110
1381.663	14.147
1381.879	14.184
1382.102	14.222
1382.330	14.259
1382.566	14.296
1382.810	14.332
1383.062	14.369
1383.324	14.405
1383.595	14.441
1383.877	14.477
1384.171	14.512
1384.479	14.547
1384.800	14.582
1385.138	14.615
1385.494	14.649
1385.871	14.681
1386.273	14.712
1386.704	14.743
1387.172	14.772
1387.684	14.799
1388.252	14.824
1388.891	14.845
1389.620	14.863
1390.466	14.877
1391.459	14.883
1392.643	14.882
1394.068	14.871
1395.792	14.847
1397.888	14.807
1400.427	14.749
1403.477	14.671
1407.088	14.569
1411.266	14.445
1415.961	14.301
1421.039	14.143
1426.301	13.978
1431.500	13.818
1436.403	13.670
1440.820	13.542
1444.648	13.436
1447.864	13.354
1450.500	13.295
1452.630	13.254
1454.339	13.229
1455.713	13.217
1456.825	13.215
1457.741	13.220
1458.510	13.231
1459.173	13.246
1459.762	13.263
1460.301	13.283
1460.807	13.304
1461.296	13.326
1461.780	13.349
1462.268	13.371
1462.770	13.393
1463.292	13.415
1463.845	13.435
1464.437	13.455
1465.076	13.472
1465.775	13.488
1466.543	13.502
1467.395	13.512
1468.345	13.520
1469.405	13.523
1470.594	13.522
1471.918	13.517
1473.387	13.506
1475.000	13.491
1476.753	13.470
1478.625	13.445
1480.588	13.416
1482.607	13.385
1484.639	13.354
1486.642	13.323
1488.579	13.294
1490.421	13.269
1492.153	13.247
1493.769	13.229
1495.280	13.215
1496.701	13.204
1498.059	13.196
1499.383	13.189
1500.703	13.183
1502.053	13.176
1503.460	13.168
1504.946	13.157
1506.528	13.143
1508.214	13.126
1509.998	13.106
1511.862	13.082
1513.788	13.057
1515.732	13.031
1517.665	13.005
1519.545	12.980
1521.340	12.958
1523.034	12.939
1524.608	12.924
1526.065	12.912
1527.408	12.905
1528.652	12.900
1529.814	12.898
1530.913	12.899
1531.967	12.901
1532.994	12.904
1534.009	12.908
1535.023	12.911
1536.045	12.915
1537.076	12.918
1538.122	12.921
1539.175	12.924
1540.229	12.926
1541.279	12.929
1542.314	12.931
1543.321	12.935
1544.296	12.939
1545.224	12.945
1546.104	12.953
1546.928	12.962
1547.692	12.972
1548.400	12.985
1549.050	12.999
1549.650	13.015
1550.200	13.033
1550.711	13.052
1551.191	13.072
1551.648	13.094
1552.096	13.115
1552.547	13.137
1553.018	13.158
1553.531	13.179
1554.112	13.197
1554.793	13.213
1555.619	13.224
1556.643	13.230
1557.934	13.229
1559.575	13.217
1561.661	13.191
1564.288	13.150
1567.538	13.091
1571.454	13.012
1576.007	12.914
1581.079	12.801
1586.465	12.679
1591.914	12.555
1597.178	12.436
1602.076	12.329
1606.506	12.236
1610.444	12.158
1613.915	12.093
1616.972	12.040
1619.672	11.997
1622.064	11.963
1624.190	11.936
1626.079	11.916
1627.759	11.901
1629.247	11.891
1630.563	11.885
1631.724	11.884
1632.744	11.886
1633.640	11.891
1634.426	11.899
1635.116	11.910
1635.724	11.923
1636.262	11.938
1636.739	11.954
1637.167	11.972
1637.553	11.991
1637.906	12.011
1638.232	12.032
1638.536	12.053
1638.826	12.075
1639.104	12.097
1639.376	12.120
1639.646	12.142
1639.918	12.165
1640.196	12.188
1640.483	12.210
1640.784	12.233
1641.101	12.255
1641.439	12.276
1641.802	12.297
1642.193	12.318
1642.615	12.337
1643.074	12.356
1643.571	12.374
1644.109	12.390
1644.692	12.406
1645.319	12.420
1645.994	12.433
1646.714	12.445
1647.477	12.456
1648.282	12.465
1649.124	12.474
1649.995	12.482
1650.889	12.489
1651.796	12.495
1652.709	12.501
1653.619	12.508
1654.511	12.514
1655.382	12.521
1656.222	12.529
1657.021	12.538
1657.777	12.548
1658.487	12.559
1659.144	12.572
1659.752	12.586
1660.307	12.602
1660.813	12.619
1661.272	12.637
1661.685	12.656
1662.059	12.677
1662.393	12.699
1662.694	12.722
1662.964	12.746
1663.207	12.771
1663.426	12.797
1663.626	12.823
1663.807	12.850
1663.974	12.877
1664.129	12.905
1664.274	12.934
1664.411	12.962
1664.543	12.991
1664.671	13.021
1664.798	13.050
1664.924	13.080
1665.052	13.109
1665.185	13.139
1665.323	13.168
1665.469	13.198
1665.625	13.227
1665.796	13.256
1665.983	13.285
1666.192	13.313
1666.426	13.341
1666.694	13.367
1667.001	13.393
1667.359	13.417
1667.779	13.440
1668.275	13.460
1668.865	13.478
1669.573	13.492
1670.419	13.503
1671.437	13.508
1672.651	13.507
1674.093	13.500
1675.788	13.485
1677.745	13.461
1679.966	13.430
1682.426	13.391
1685.073	13.347
1687.838	13.298
1690.632	13.248
1693.362	13.199
1695.943	13.155
1698.314	13.116
1700.433	13.085
1702.290	13.061
1703.890	13.045
1705.254	13.036
1706.416	13.033
1707.407	13.036
1708.261	13.042
1709.010	13.052
1709.682	13.065
1710.301	13.079
1710.888	13.094
1711.461	13.110
1712.038	13.126
1712.630	13.142
1713.250	13.157
1713.911	13.171
1714.619	13.184
1715.384	13.195
1716.215	13.204
1717.112	13.212
1718.085	13.217
1719.132	13.220
1720.251	13.221
1721.445	13.220
1722.702	13.217
1724.021	13.211
1725.390	13.205
1726.804	13.197
1728.249	13.188
1729.721	13.178
1731.209	13.168
1732.713	13.157
1734.225	13.147
1735.748	13.135
1737.284	13.124
1738.833	13.112
1740.402	13.100
1741.997	13.087
1743.617	13.074
1745.270	13.059
1746.955	13.044
1748.666	13.028
1750.406	13.011
1752.163	12.994
1753.927	12.977
1755.693	12.959
1757.444	12.942
1759.171	12.926
1760.866	12.910
1762.517	12.896
1764.122	12.882
1765.678	12.871
1767.186	12.860
1768.647	12.851
1770.066	12.843
1771.453	12.836
1772.815	12.830
1774.159	12.824
1775.497	12.819
1776.839	12.813
1778.192	12.808
1779.564	12.802
1780.964	12.795
1782.394	12.788
1783.859	12.779
1785.360	12.770
1786.896	12.760
1788.465	12.749
1790.062	12.737
1791.681	12.725
1793.315	12.712
1794.955	12.699
1796.592	12.686
1798.218	12.674
1799.822	12.662
1801.397	12.650
1802.935	12.640
1804.427	12.630
1805.869	12.622
1807.252	12.615
1808.572	12.610
1809.828	12.607
1811.015	12.605
1812.130	12.605
1813.175	12.607
1814.149	12.610
1815.051	12.616
1815.885	12.623
1816.653	12.631
1817.357	12.642
1818.000	12.654
1818.587	12.667
1819.120	12.682
1819.605	12.698
1820.045	12.716
1820.443	12.734
1820.804	12.754
1821.131	12.774
1821.428	12.795
1821.698	12.818
1821.944	12.840
1822.171	12.864
1822.380	12.888
1822.576	12.912
1822.761	12.937
1822.939	12.962
1823.115	12.988
1823.295	13.013
1823.484	13.038
1823.692	13.063
1823.931	13.088
1824.216	13.111
1824.570	13.133
1825.023	13.152
1825.615	13.168
1826.401	13.180
1827.452	13.185
1828.861	13.181
1830.734	13.166
1833.193	13.136
1836.340	13.089
1840.249	13.023
1844.891	12.938
1850.134	12.836
1855.701	12.726
1861.259	12.615
1866.458	12.513
1871.044	12.424
1874.870	12.355
1877.939	12.304
1880.322	12.270
1882.131	12.250
1883.487	12.242
1884.505	12.242
1885.273	12.249
1885.863	12.260
1886.330	12.275
1886.711	12.292
1887.036	12.311
1887.325	12.330
1887.591	12.350
1887.848	12.371
1888.101	12.392
1888.357	12.413
1888.620	12.433
1888.894	12.454
1889.182	12.474
1889.487	12.494
1889.810	12.514
1890.155	12.533
1890.522	12.552
1890.915	12.570
1891.333	12.588
1891.780	12.604
1892.255	12.621
1892.760	12.636
1893.297	12.651
1893.865	12.665
1894.464	12.679
1895.094	12.692
1895.753	12.703
1896.441	12.715
1897.156	12.725
1897.894	12.735
1898.654	12.745
1899.433	12.754
1900.225	12.762
1901.028	12.771
1901.838	12.779
1902.650	12.787
1903.461	12.795
1904.268	12.803
1905.067	12.811
1905.854	12.819
1906.629	12.828
1907.389	12.837
1908.134	12.847
1908.862	12.857
1909.574	12.867
1910.270	12.878
1910.953	12.889
1911.624	12.901
1912.286	12.912
1912.942	12.924
1913.596	12.936
1914.253	12.948
1914.917	12.960
1915.596	12.972
1916.296	12.983
1917.026	12.993
1917.792	13.003
1918.608	13.011
1919.480	13.018
1920.422	13.024
1921.443	13.028
1922.554	13.029
1923.764	13.028
1925.082	13.024
1926.509	13.018
1928.048	13.008
1929.691	12.996
1931.428	12.982
1933.242	12.966
1935.108	12.948
1937.001	12.929
1938.892	12.910
1940.749	12.892
1942.548	12.875
1944.265	12.860
1945.883	12.847
1947.395	12.837
1948.794	12.830
1950.085	12.825
1951.274	12.823
1952.374	12.823
1953.398	12.825
1954.363	12.829
1955.286	12.833
1956.186	12.839
1957.078	12.845
1957.985	12.851
1958.920	12.856
1959.903	12.860
1960.952	12.863
1962.080	12.864
1963.305	12.862
1964.634	12.859
1966.078	12.852
1967.640	12.843
1969.320	12.831
1971.110	12.816
1972.994	12.799
1974.956	12.780
1976.968	12.760
1979.004	12.739
1981.031	12.718
1983.025	12.697
1984.956	12.678
1986.806	12.661
1988.562	12.646
1990.215	12.633
1991.759	12.623
1993.203	12.615
1994.548	12.610
1995.806	12.606
1996.988	12.605
1998.104	12.605
1999.166	12.606
2000.186	12.609
2001.171	12.612
2002.132	12.616
2003.075	12.620
2004.006	12.625
2004.929	12.630
2005.846	12.635
2006.760	12.640
2007.670	12.645
2008.576	12.650
2009.477	12.656
2010.371	12.661
2011.256	12.667
2012.127	12.673
2012.985	12.679
2013.825	12.686
2014.646	12.693
2015.444	12.701
2016.218	12.709
2016.968	12.718
2017.693	12.727
2018.391	12.737
2019.063	12.747
2019.709	12.759
2020.330	12.770
2020.928	12.783
2021.502	12.795
2022.054	12.809
2022.587	12.823
2023.099	12.837
2023.595	12.852
2024.074	12.867
2024.538	12.883
2024.989	12.899
2025.426	12.915
2025.853	12.932
2026.268	12.949
2026.673	12.966
2027.069	12.983
2027.455	13.001
2027.835	13.019
2028.207	13.037
2028.570	13.056
2028.929	13.074
2029.280	13.093
2029.625	13.112
2029.966	13.131
2030.301	13.150
2030.631	13.170
2030.958	13.190
2031.282	13.209
2031.603	13.229
2031.922	13.249
2032.242	13.269
2032.562	13.289
2032.885	13.309
2033.214	13.329
2033.551	13.349
2033.899	13.369
2034.262	13.388
2034.646	13.407
2035.059	13.425
2035.509	13.443
2036.007	13.459
2036.568	13.474
2037.212	13.487
2037.961	13.498
2038.846	13.505
2039.904	13.509
2041.178	13.507
2042.717	13.499
2044.580	13.483
2046.815	13.458
2049.468	13.423
2052.563	13.377
2056.085	13.321
2059.973	13.256
2064.129	13.184
2068.397	13.109
2072.613	13.035
2076.623	12.966
2080.296	12.904
2083.564	12.852
2086.389	12.810
2088.790	12.778
2090.800	12.755
2092.470	12.741
2093.859	12.733
2095.014	12.731
2095.984	12.733
2096.806	12.739
2097.513	12.748
2098.127	12.759
2098.671	12.772
2099.158	12.786
2099.602	12.801
2100.009	12.817
2100.389	12.834
2100.748	12.851
2101.089	12.869
2101.417	12.887
2101.734	12.906
2102.043	12.924
2102.347	12.943
2102.649	12.962
2102.948	12.981
2103.248	13.000
2103.549	13.020
2103.855	13.039
2104.165	13.058
2104.483	13.077
2104.809	13.096
2105.145	13.114
2105.494	13.133
2105.857	13.151
2106.236	13.169
2106.634	13.186
2107.052	13.203
2107.492	13.220
2107.958	13.236
2108.452	13.251
2108.976	13.266
2109.532	13.280
2110.123	13.293
2110.750	13.305
2111.417	13.316
2112.124	13.327
2112.871	13.336
2113.660	13.345
2114.491	13.352
2115.362	13.359
2116.272	13.364
2117.219	13.369
2118.199	13.372
2119.209	13.375
2120.245	13.378
2121.304	13.379
2122.381	13.381
2123.472	13.382
2124.576	13.382
2125.690	13.382
2126.815	13.382
2127.949	13.382
2129.097	13.382
2130.262	13.381
2131.449	13.380
2132.665	13.378
2133.916	13.375
2135.209	13.371
2136.552	13.366
2137.949	13.360
2139.407	13.353
2140.923	13.344
2142.499	13.334
2144.127	13.322
2145.798	13.309
2147.501	13.296
2149.215	13.282
2150.929	13.268
2152.616	13.254
2154.263	13.242
2155.848	13.231
2157.361	13.221
2158.788	13.213
2160.122	13.208
2161.360	13.204
2162.502	13.203
2163.551	13.204
2164.511	13.207
2165.389	13.212
2166.194	13.219
2166.932	13.228
2167.613	13.238
2168.245	13.249
2168.833	13.261
2169.386	13.274
2169.910	13.288
2170.410	13.302
2170.890	13.317
2171.354	13.333
2171.806	13.348
2172.249	13.364
2172.684	13.381
2173.114	13.397
2173.539	13.413
2173.961	13.430
2174.381	13.447
2174.798	13.464
2175.213	13.481
2175.626	13.497
2176.037	13.515
2176.447	13.532
2176.854	13.549
2177.259	13.566
2177.662	13.584
2178.063	13.601
2178.465	13.619
2178.866	13.636
2179.270	13.654
2179.678	13.671
2180.095	13.688
2180.524	13.706
2180.972	13.722
2181.448	13.738
2181.963	13.754
2182.530	13.768
2183.169	13.781
2183.902	13.791
2184.759	13.799
2185.779	13.803
2187.001	13.802
2188.475	13.795
2190.257	13.781
2192.394	13.759
2194.927	13.727
2197.879	13.686
2201.235	13.634
2204.929	13.575
2208.868	13.509
2212.902	13.441
2216.876	13.373
2220.641	13.310
2224.077	13.255
2227.121	13.208
2229.738	13.171
2231.943	13.144
2233.777	13.126
2235.287	13.115
2236.530	13.111
2237.556	13.111
2238.415	13.116
2239.142	13.124
2239.769	13.134
2240.324	13.147
2240.825	13.160
2241.287	13.175
2241.723	13.190
2242.141	13.206
2242.547	13.222
2242.949	13.238
2243.348	13.254
2243.749	13.271
2244.153	13.287
2244.561	13.303
2244.977	13.319
2245.398	13.335
2245.829	13.351
2246.266	13.367
