<j>	<Fwlc>
1044.955	13.471
1046.203	13.462
1047.296	13.462
1048.269	13.467
1049.159	13.477
1049.996	13.490
1050.808	13.504
1051.615	13.519
1052.435	13.533
1053.281	13.547
1054.163	13.559
1055.086	13.569
1056.054	13.577
1057.067	13.582
1058.122	13.586
1059.212	13.588
1060.332	13.588
1061.473	13.587
1062.624	13.586
1063.780	13.584
1064.931	13.582
1066.074	13.581
1067.206	13.580
1068.328	13.580
1069.441	13.580
1070.552	13.581
1071.666	13.581
1072.793	13.581
1073.940	13.580
1075.115	13.578
1076.326	13.574
1077.576	13.568
1078.867	13.561
1080.196	13.552
1081.559	13.541
1082.946	13.529
1084.345	13.516
1085.741	13.503
1087.120	13.491
1088.468	13.480
1089.774	13.471
1091.030	13.464
1092.232	13.459
1093.379	13.457
1094.474	13.458
1095.527	13.460
1096.547	13.464
1097.547	13.470
1098.544	13.475
1099.555	13.481
1100.602	13.485
1101.706	13.487
1102.890	13.485
1104.180	13.479
1105.598	13.468
1107.165	13.451
1108.896	13.426
1110.796	13.394
1112.859	13.355
1115.064	13.310
1117.378	13.260
1119.757	13.207
1122.152	13.153
1124.517	13.100
1126.815	13.051
1129.020	13.005
1131.118	12.964
1133.109	12.928
1134.997	12.896
1136.792	12.868
1138.506	12.844
1140.147	12.823
1141.723	12.805
1143.236	12.789
1144.688	12.776
1146.078	12.765
1147.401	12.757
1148.656	12.751
1149.839	12.748
1150.948	12.748
1151.982	12.751
1152.941	12.757
1153.828	12.766
1154.646	12.777
1155.398	12.791
1156.089	12.808
1156.725	12.827
1157.311	12.847
1157.852	12.870
1158.356	12.894
1158.828	12.920
1159.274	12.947
1159.701	12.975
1160.115	13.003
1160.522	13.032
1160.929	13.061
1161.345	13.090
1161.778	13.119
1162.237	13.146
1162.732	13.173
1163.276	13.198
1163.882	13.220
1164.563	13.240
1165.337	13.256
1166.219	13.267
1167.226	13.274
1168.370	13.275
1169.661	13.271
1171.102	13.260
1172.687	13.243
1174.398	13.221
1176.205	13.194
1178.069	13.165
1179.944	13.134
1181.783	13.105
1183.542	13.079
1185.189	13.056
1186.701	13.039
1188.065	13.028
1189.283	13.023
1190.362	13.023
1191.314	13.028
1192.156	13.038
1192.904	13.052
1193.575	13.069
1194.184	13.089
1194.746	13.111
1195.270	13.134
1195.770	13.159
1196.252	13.184
1196.726	13.210
1197.197	13.236
1197.673	13.263
1198.157	13.289
1198.656	13.314
1199.172	13.339
1199.710	13.364
1200.273	13.387
1200.865	13.409
1201.489	13.430
1202.146	13.450
1202.841	13.468
1203.575	13.485
1204.350	13.499
1205.168	13.513
1206.031	13.524
1206.941	13.533
1207.897	13.541
1208.901	13.546
1209.953	13.550
1211.053	13.551
1212.198	13.551
1213.387	13.548
1214.617	13.544
1215.883	13.539
1217.179	13.532
1218.500	13.524
1219.837	13.515
1221.182	13.506
1222.529	13.497
1223.870	13.487
1225.199	13.479
1226.512	13.471
1227.808	13.463
1229.090	13.457
1230.362	13.450
1231.633	13.444
1232.916	13.438
1234.228	13.431
1235.585	13.422
1237.009	13.411
1238.520	13.397
1240.137	13.379
1241.873	13.357
1243.737	13.329
1245.723	13.297
1247.818	13.261
1249.994	13.221
1252.210	13.180
1254.422	13.138
1256.582	13.098
1258.649	13.062
1260.587	13.030
1262.375	13.003
1264.004	12.983
1265.472	12.969
1266.789	12.960
1267.967	12.956
1269.021	12.958
1269.967	12.963
1270.820	12.972
1271.594	12.984
1272.301	12.999
1272.951	13.016
1273.552	13.035
1274.111	13.055
1274.635	13.077
1275.128	13.101
1275.593	13.125
1276.035	13.150
1276.457	13.176
1276.861	13.203
1277.249	13.231
1277.624	13.259
1277.988	13.288
1278.343	13.317
1278.690	13.347
1279.032	13.377
1279.371	13.407
1279.709	13.437
1280.048	13.468
1280.389	13.498
1280.735	13.529
1281.089	13.559
1281.451	13.589
1281.825	13.619
1282.213	13.648
1282.617	13.677
1283.038	13.705
1283.480	13.733
1283.943	13.760
1284.430	13.785
1284.943	13.810
1285.481	13.834
1286.045	13.857
1286.637	13.879
1287.254	13.900
1287.898	13.919
1288.565	13.938
1289.254	13.956
1289.963	13.973
1290.688	13.989
1291.428	14.005
1292.179	14.020
1292.940	14.035
1293.706	14.049
1294.478	14.063
1295.253	14.077
1296.031	14.091
1296.811	14.105
1297.593	14.119
1298.379	14.133
1299.168	14.146
1299.961	14.159
1300.758	14.173
1301.560	14.186
1302.366	14.198
1303.175	14.211
1303.987	14.224
1304.801	14.236
1305.616	14.249
1306.435	14.261
1307.261	14.273
1308.104	14.284
1308.980	14.295
1309.915	14.303
1310.953	14.308
1312.162	14.306
1313.640	14.295
1315.525	14.268
1317.995	14.220
1321.245	14.142
1325.433	14.028
1330.579	13.877
1336.468	13.698
1342.633	13.506
1348.491	13.325
1353.563	13.172
1357.618	13.057
1360.671	12.979
1362.881	12.934
1364.449	12.912
1365.561	12.908
1366.359	12.917
1366.949	12.933
1367.401	12.955
1367.763	12.980
1368.064	13.008
1368.326	13.037
1368.562	13.068
1368.781	13.099
1368.988	13.131
1369.188	13.163
1369.384	13.196
1369.580	13.228
1369.777	13.261
1369.979	13.294
1370.188	13.327
1370.408	13.360
1370.644	13.392
1370.899	13.424
1371.182	13.454
1371.501	13.484
1371.867	13.513
1372.297	13.539
1372.810	13.563
1373.433	13.582
1374.204	13.598
1375.170	13.606
1376.392	13.606
1377.947	13.594
1379.923	13.569
1382.417	13.525
1385.516	13.461
1389.270	13.375
1393.661	13.268
1398.574	13.143
1403.797	13.007
1409.055	12.871
1414.076	12.742
1418.651	12.629
1422.666	12.534
1426.097	12.458
1428.982	12.400
1431.394	12.358
1433.414	12.329
1435.121	12.309
1436.581	12.298
1437.851	12.292
1438.979	12.292
1440.001	12.294
1440.949	12.299
1441.846	12.306
1442.712	12.314
1443.564	12.323
1444.414	12.331
1445.272	12.340
1446.144	12.348
1447.034	12.356
1447.947	12.363
1448.883	12.369
1449.842	12.375
1450.823	12.380
1451.826	12.385
1452.848	12.388
1453.890	12.392
1454.952	12.394
1456.034	12.397
1457.141	12.398
1458.277	12.399
1459.447	12.398
1460.660	12.397
1461.923	12.394
1463.246	12.390
1464.637	12.383
1466.102	12.375
1467.645	12.365
1469.267	12.352
1470.964	12.337
1472.726	12.320
1474.539	12.301
1476.382	12.282
1478.234	12.262
1480.068	12.243
1481.862	12.224
1483.593	12.207
1485.242	12.192
1486.796	12.180
1488.246	12.171
1489.591	12.164
1490.831	12.161
1491.971	12.160
1493.017	12.162
1493.979	12.166
1494.867	12.173
1495.689	12.181
1496.454	12.191
1497.170	12.203
1497.846	12.216
1498.488	12.229
1499.100	12.244
1499.689	12.259
1500.257	12.275
1500.809	12.292
1501.347	12.309
1501.873	12.326
1502.389	12.343
1502.897	12.361
1503.398	12.380
1503.894	12.398
1504.386	12.416
1504.876	12.435
1505.364	12.454
1505.853	12.472
1506.343	12.491
1506.836	12.510
1507.334	12.529
1507.838	12.547
1508.351	12.565
1508.874	12.584
1509.410	12.601
1509.959	12.619
1510.525	12.636
1511.109	12.652
1511.713	12.668
1512.339	12.684
1512.988	12.698
1513.661	12.712
1514.361	12.726
1515.087	12.738
1515.839	12.750
1516.620	12.761
1517.427	12.771
1518.261	12.780
1519.121	12.789
1520.007	12.796
1520.917	12.803
1521.850	12.810
1522.806	12.815
1523.781	12.820
1524.776	12.825
1525.789	12.829
1526.817	12.832
1527.859	12.835
1528.914	12.837
1529.978	12.840
1531.049	12.841
1532.125	12.843
1533.202	12.845
1534.277	12.847
1535.348	12.849
1536.410	12.851
1537.461	12.853
1538.499	12.856
1539.521	12.859
1540.527	12.863
1541.516	12.867
1542.490	12.871
1543.449	12.876
1544.398	12.882
1545.339	12.888
1546.277	12.893
1547.218	12.899
1548.166	12.905
1549.129	12.910
1550.112	12.915
1551.120	12.919
1552.159	12.922
1553.233	12.924
1554.346	12.925
1555.500	12.925
1556.695	12.924
1557.932	12.921
1559.207	12.917
1560.517	12.912
1561.859	12.906
1563.230	12.900
1564.624	12.892
1566.040	12.884
1567.476	12.876
1568.933	12.866
1570.415	12.856
1571.928	12.846
1573.481	12.834
1575.085	12.821
1576.751	12.807
1578.491	12.790
1580.317	12.771
1582.237	12.750
1584.251	12.726
1586.356	12.699
1588.537	12.671
1590.773	12.641
1593.033	12.610
1595.280	12.579
1597.475	12.549
1599.582	12.522
1601.567	12.498
1603.404	12.477
1605.078	12.461
1606.581	12.450
1607.913	12.443
1609.082	12.441
1610.098	12.443
1610.977	12.449
1611.735	12.458
1612.386	12.470
1612.945	12.485
1613.428	12.502
1613.844	12.521
1614.207	12.541
1614.524	12.563
1614.804	12.587
1615.053	12.611
1615.277	12.635
1615.481	12.661
1615.668	12.687
1615.842	12.714
1616.005	12.741
1616.160	12.768
1616.308	12.796
1616.451	12.824
1616.591	12.852
1616.728	12.880
1616.863	12.909
1616.998	12.938
1617.133	12.966
1617.269	12.995
1617.407	13.024
1617.546	13.053
1617.688	13.082
1617.834	13.111
1617.983	13.140
1618.136	13.169
1618.295	13.198
1618.459	13.227
1618.630	13.256
1618.807	13.285
1618.993	13.313
1619.187	13.342
1619.392	13.370
1619.608	13.398
1619.837	13.426
1620.080	13.453
1620.340	13.480
1620.618	13.507
1620.919	13.533
1621.246	13.558
1621.602	13.582
1621.994	13.606
1622.428	13.628
1622.912	13.649
1623.455	13.668
1624.068	13.684
1624.764	13.699
1625.558	13.710
1626.466	13.718
1627.504	13.722
1628.690	13.722
1630.038	13.716
1631.558	13.705
1633.251	13.688
1635.112	13.666
1637.121	13.640
1639.244	13.609
1641.439	13.576
1643.652	13.542
1645.829	13.508
1647.918	13.477
1649.877	13.450
1651.674	13.428
1653.293	13.411
1654.728	13.400
1655.985	13.394
1657.076	13.393
1658.018	13.397
1658.830	13.405
1659.529	13.417
1660.133	13.432
1660.659	13.449
1661.119	13.468
1661.526	13.490
1661.888	13.512
1662.216	13.536
1662.514	13.561
1662.788	13.587
1663.043	13.613
1663.282	13.641
1663.508	13.668
1663.724	13.696
1663.930	13.725
1664.128	13.754
1664.321	13.783
1664.508	13.812
1664.690	13.842
1664.868	13.872
1665.043	13.902
1665.216	13.932
1665.386	13.963
1665.554	13.994
1665.720	14.025
1665.885	14.056
1666.050	14.087
1666.215	14.118
1666.380	14.149
1666.546	14.181
1666.714	14.212
1666.886	14.244
1667.062	14.276
1667.245	14.307
1667.438	14.338
1667.643	14.369
1667.867	14.400
1668.116	14.430
1668.399	14.458
1668.732	14.486
1669.131	14.511
1669.624	14.534
1670.246	14.552
1671.045	14.565
1672.083	14.570
1673.436	14.565
1675.197	14.547
1677.456	14.512
1680.292	14.459
1683.735	14.385
1687.735	14.292
1692.141	14.186
1696.713	14.073
1701.172	13.963
1705.269	13.864
1708.846	13.781
1711.844	13.718
1714.292	13.672
1716.269	13.642
1717.872	13.624
1719.199	13.615
1720.333	13.613
1721.342	13.615
1722.277	13.620
1723.180	13.627
1724.079	13.633
1724.998	13.639
1725.953	13.645
1726.954	13.649
1728.009	13.651
1729.123	13.652
1730.295	13.651
1731.523	13.648
1732.802	13.644
1734.121	13.638
1735.471	13.631
1736.839	13.624
1738.212	13.616
1739.575	13.609
1740.917	13.602
1742.227	13.596
1743.496	13.591
1744.719	13.587
1745.893	13.585
1747.018	13.585
1748.095	13.585
1749.130	13.587
1750.128	13.591
1751.096	13.595
1752.041	13.600
1752.971	13.605
1753.893	13.611
1754.813	13.617
1755.738	13.622
1756.671	13.628
1757.617	13.633
1758.578	13.638
1759.555	13.642
1760.548	13.646
1761.555	13.649
1762.574	13.652
1763.602	13.655
1764.636	13.657
1765.671	13.660
1766.703	13.662
1767.730	13.665
1768.747	13.668
1769.752	13.671
1770.743	13.674
1771.719	13.678
1772.680	13.683
1773.626	13.688
1774.557	13.693
1775.476	13.699
1776.384	13.705
1777.284	13.711
1778.179	13.717
1779.073	13.724
1779.971	13.730
1780.878	13.737
1781.801	13.743
1782.748	13.748
1783.729	13.752
1784.758	13.755
1785.849	13.757
1787.020	13.756
1788.291	13.752
1789.686	13.745
1791.226	13.734
1792.937	13.719
1794.836	13.698
1796.935	13.671
1799.235	13.639
1801.720	13.601
1804.356	13.559
1807.093	13.514
1809.868	13.468
1812.608	13.422
1815.247	13.379
1817.726	13.340
1820.005	13.307
1822.061	13.280
1823.890	13.259
1825.502	13.244
1826.918	13.234
1828.165	13.230
1829.274	13.229
1830.274	13.231
1831.196	13.236
1832.068	13.243
1832.917	13.250
1833.768	13.257
1834.645	13.264
1835.572	13.270
1836.570	13.274
