<j>	<F>
1.246	20.230
3.002	11.614
4.179	10.899
5.196	11.156
6.054	12.657
7.215	14.244
8.585	11.436
9.532	12.759
11.137	12.035
12.467	10.583
13.346	11.228
14.237	12.121
15.522	12.358
17.083	11.206
18.031	11.225
18.729	12.104
19.440	13.182
20.367	13.904
21.486	13.900
22.550	13.992
23.598	14.074
24.543	14.400
25.496	14.789
26.692	14.889
28.339	13.899
29.759	13.131
30.782	13.117
31.548	13.591
32.242	14.305
32.951	15.017
33.668	15.788
34.659	16.272
36.382	15.425
38.246	13.966
39.354	13.671
40.058	14.153
40.693	14.825
41.311	15.561
41.954	16.348
42.828	16.894
44.396	16.488
47.021	14.592
49.278	12.927
50.306	12.732
50.847	13.227
51.368	13.878
52.136	14.383
53.392	14.399
54.975	13.902
56.180	13.619
56.831	13.932
57.242	14.605
57.644	15.395
58.184	16.123
59.043	16.540
60.413	16.340
62.128	15.617
63.566	15.095
64.501	15.129
65.151	15.527
65.716	16.077
66.315	16.641
67.037	17.098
67.946	17.346
69.090	17.324
70.581	16.948
72.480	16.152
74.343	15.315
75.630	14.992
76.493	15.141
77.473	15.351
79.355	15.035
82.678	13.725
85.950	12.324
87.839	11.757
88.864	11.722
89.525	11.900
90.007	12.186
90.395	12.540
90.742	12.941
91.088	13.369
91.469	13.806
91.919	14.227
92.476	14.602
93.164	14.901
93.977	15.113
94.877	15.255
95.812	15.364
96.766	15.461
97.775	15.532
98.919	15.526
100.275	15.387
101.845	15.110
103.539	14.755
105.236	14.403
106.832	14.111
108.221	13.924
109.327	13.877
110.148	13.980
110.755	14.210
111.248	14.524
111.742	14.869
112.371	15.171
113.303	15.331
114.711	15.234
116.582	14.858
118.546	14.389
120.167	14.072
121.324	13.985
122.117	14.086
122.670	14.318
123.085	14.638
123.439	15.012
123.804	15.407
124.257	15.780
124.911	16.069
125.927	16.174
127.442	16.000
129.326	15.585
131.114	15.176
132.486	14.978
133.537	14.971
134.555	15.027
135.900	14.984
138.002	14.662
141.060	13.964
144.396	13.129
146.953	12.555
148.521	12.336
149.469	12.347
150.136	12.469
150.717	12.634
151.315	12.805
151.990	12.960
152.768	13.084
153.647	13.174
154.591	13.237
155.543	13.290
156.447	13.354
157.284	13.440
158.082	13.546
158.909	13.651
159.864	13.726
161.045	13.734
162.496	13.652
164.133	13.496
165.741	13.329
167.100	13.224
168.120	13.221
168.843	13.314
169.359	13.481
169.750	13.699
170.076	13.948
170.380	14.216
170.692	14.492
171.039	14.767
171.447	15.030
171.947	15.268
172.587	15.462
173.465	15.580
174.788	15.554
176.933	15.266
180.220	14.614
184.168	13.743
187.537	13.035
189.773	12.668
191.169	12.552
192.106	12.572
192.798	12.662
193.351	12.793
193.817	12.950
194.232	13.126
194.621	13.315
195.003	13.510
195.390	13.710
195.788	13.911
196.201	14.113
196.628	14.314
197.074	14.515
197.552	14.712
198.096	14.896
198.783	15.046
199.758	15.122
201.234	15.056
203.389	14.790
206.070	14.352
208.703	13.904
210.798	13.601
212.340	13.459
213.572	13.418
214.717	13.412
215.892	13.404
217.124	13.382
218.371	13.351
219.557	13.328
220.618	13.331
221.525	13.368
222.295	13.441
222.978	13.539
223.648	13.648
224.406	13.746
225.384	13.803
226.751	13.781
228.651	13.641
231.055	13.382
233.631	13.067
235.903	12.801
237.598	12.649
238.750	12.614
239.533	12.662
240.109	12.760
240.586	12.885
241.033	13.021
241.490	13.160
241.989	13.294
242.555	13.417
243.215	13.524
243.992	13.607
244.904	13.662
245.955	13.686
247.132	13.681
248.398	13.654
249.704	13.615
251.005	13.575
252.275	13.541
253.513	13.514
254.734	13.493
255.964	13.472
257.225	13.447
258.530	13.414
259.878	13.372
261.247	13.324
262.596	13.278
263.871	13.242
265.018	13.228
266.001	13.243
266.810	13.292
267.460	13.372
267.979	13.481
268.400	13.613
268.757	13.761
269.077	13.922
269.388	14.089
269.711	14.258
270.070	14.424
270.491	14.581
271.005	14.722
271.660	14.835
272.519	14.907
273.673	14.918
275.219	14.844
277.210	14.673
279.545	14.421
281.943	14.146
284.081	13.918
285.806	13.774
287.167	13.710
288.324	13.695
289.435	13.697
290.618	13.692
291.926	13.665
293.353	13.614
294.840	13.550
296.313	13.484
297.720	13.430
299.043	13.390
300.296	13.365
301.495	13.349
302.647	13.341
303.734	13.343
304.731	13.358
305.613	13.391
306.368	13.445
307.000	13.521
307.527	13.618
307.974	13.730
308.367	13.856
308.731	13.989
309.086	14.128
309.451	14.268
309.841	14.405
310.268	14.538
310.739	14.665
311.258	14.783
311.822	14.893
312.422	14.996
313.042	15.094
313.662	15.191
314.264	15.293
314.829	15.401
315.349	15.521
315.820	15.652
316.249	15.796
316.645	15.949
317.023	16.110
317.402	16.274
317.808	16.437
318.280	16.588
318.887	16.714
319.764	16.786
321.177	16.747
323.566	16.505
327.322	15.978
332.061	15.240
336.451	14.565
339.582	14.143
341.594	13.947
342.976	13.882
344.090	13.874
345.143	13.884
346.258	13.889
347.511	13.876
348.951	13.835
350.584	13.763
352.362	13.667
354.182	13.561
355.916	13.463
357.458	13.391
358.763	13.353
359.854	13.349
360.812	13.369
361.763	13.397
362.874	13.411
364.360	13.385
366.457	13.284
369.305	13.089
372.760	12.810
376.317	12.507
379.386	12.254
381.670	12.094
383.222	12.024
384.251	12.020
384.961	12.058
385.492	12.120
385.930	12.195
386.322	12.278
386.696	12.365
387.068	12.453
387.451	12.541
387.854	12.629
388.287	12.714
388.759	12.796
389.275	12.873
389.844	12.945
390.469	13.010
391.149	13.069
391.881	13.120
392.657	13.167
393.465	13.208
394.293	13.247
395.126	13.284
395.956	13.322
396.778	13.360
397.593	13.399
398.408	13.439
399.233	13.479
400.083	13.515
400.973	13.548
401.914	13.574
402.917	13.592
403.986	13.601
405.118	13.602
406.302	13.595
407.521	13.583
408.754	13.569
409.977	13.554
411.175	13.543
412.337	13.536
413.462	13.534
414.558	13.536
415.643	13.540
416.737	13.544
417.868	13.545
419.066	13.539
420.364	13.521
421.793	13.489
423.380	13.439
425.133	13.370
427.038	13.282
429.048	13.182
431.092	13.077
433.103	12.976
435.047	12.884
436.946	12.801
438.880	12.721
440.972	12.630
443.348	12.517
446.078	12.374
449.108	12.202
452.235	12.018
455.179	11.848
457.704	11.713
459.710	11.624
461.225	11.580
462.351	11.572
463.201	11.590
463.871	11.627
464.435	11.675
464.943	11.729
465.430	11.786
465.919	11.844
466.427	11.901
466.964	11.956
467.538	12.009
468.153	12.058
468.812	12.104
469.512	12.146
470.252	12.184
471.024	12.219
471.821	12.252
472.634	12.283
473.450	12.314
474.261	12.344
475.055	12.376
475.825	12.410
476.563	12.446
477.264	12.486
477.925	12.530
478.544	12.578
479.123	12.630
479.661	12.686
480.161	12.746
480.626	12.810
481.060	12.878
481.465	12.949
481.847	13.024
482.210	13.101
482.558	13.181
482.898	13.262
483.236	13.345
483.577	13.429
483.930	13.512
484.303	13.594
484.706	13.674
485.151	13.751
485.652	13.822
486.225	13.886
486.885	13.941
487.649	13.985
488.531	14.016
489.538	14.033
490.668	14.035
491.902	14.024
493.210	14.003
494.550	13.978
495.876	13.952
497.149	13.931
498.339	13.919
499.435	13.917
500.436	13.926
501.350	13.945
502.195	13.972
502.986	14.006
503.741	14.045
504.480	14.087
505.219	14.129
505.980	14.169
506.781	14.206
507.647	14.236
508.601	14.257
509.669	14.266
510.875	14.260
512.245	14.236
513.806	14.193
515.591	14.126
517.654	14.032
520.067	13.906
522.913	13.742
526.236	13.535
529.971	13.293
533.893	13.035
537.671	12.790
541.002	12.587
543.732	12.437
545.869	12.340
547.510	12.288
548.781	12.269
549.791	12.273
550.626	12.294
551.345	12.325
551.992	12.362
552.596	12.405
553.178	12.449
553.755	12.495
554.336	12.541
554.931	12.586
555.544	12.630
556.178	12.672
556.836	12.713
557.518	12.751
558.222	12.788
558.949	12.823
559.697	12.857
560.469	12.888
561.269	12.918
562.108	12.944
563.002	12.967
563.975	12.983
565.063	12.991
566.307	12.987
567.751	12.967
569.435	12.929
571.376	12.869
573.551	12.790
575.889	12.697
578.274	12.598
580.575	12.503
582.683	12.423
584.535	12.362
586.120	12.322
587.466	12.302
588.620	12.297
589.633	12.303
590.551	12.318
591.412	12.338
592.241	12.361
593.058	12.385
593.873	12.410
594.690	12.434
595.511	12.458
596.331	12.482
597.148	12.507
597.956	12.531
598.751	12.557
599.531	12.584
600.295	12.612
601.043	12.642
601.778	12.672
602.504	12.704
603.227	12.735
603.952	12.767
604.686	12.799
605.434	12.830
606.202	12.859
606.995	12.886
607.817	12.912
608.672	12.935
609.563	12.955
610.495	12.972
611.470	12.985
612.490	12.996
613.558	13.002
614.674	13.004
615.834	13.003
617.033	12.999
618.258	12.992
619.495	12.984
620.725	12.976
621.926	12.969
623.077	12.966
624.161	12.968
625.166	12.975
626.084	12.989
626.915	13.010
627.664	13.038
628.341	13.071
628.957	13.110
629.526	13.153
630.065	13.198
630.590	13.246
631.118	13.294
631.666	13.342
632.254	13.386
632.900	13.427
633.622	13.462
634.436	13.490
635.354	13.510
636.381	13.521
637.509	13.523
638.721	13.517
639.984	13.506
641.258	13.493
642.499	13.482
643.668	13.476
644.736	13.477
645.687	13.487
646.519	13.507
647.241	13.537
647.870	13.574
648.424	13.619
648.925	13.668
649.394	13.721
649.849	13.776
650.311	13.832
650.795	13.886
651.320	13.937
651.903	13.984
652.560	14.026
653.308	14.060
654.166	14.085
655.153	14.100
656.289	14.102
657.589	14.090
659.070	14.063
660.735	14.021
662.576	13.963
664.564	13.893
666.648	13.815
668.760	13.734
670.828	13.655
672.790	13.585
674.607	13.526
676.266	13.480
677.778	13.447
679.168	13.423
680.469	13.408
681.714	13.398
682.931	13.390
684.139	13.384
685.352	13.377
686.574	13.370
687.808	13.362
689.050	13.353
690.297	13.344
691.550	13.335
692.809	13.325
694.083	13.315
695.383	13.303
696.727	13.288
698.135	13.270
699.634	13.245
701.247	13.214
703.000	13.173
704.910	13.122
706.979	13.061
709.193	12.990
711.518	12.912
713.902	12.829
716.285	12.747
718.611	12.669
720.834	12.597
722.925	12.535
724.873	12.482
726.679	12.438
728.353	12.403
729.909	12.376
731.364	12.355
732.734	12.340
734.042	12.330
735.310	12.322
736.566	12.316
737.840	12.309
739.165	12.300
740.576	12.287
742.100	12.268
743.763	12.242
745.570	12.208
747.513	12.166
749.556	12.117
751.643	12.066
753.706	12.015
755.673	11.968
757.483	11.929
759.095	11.900
760.489	11.883
761.666	11.877
762.642	11.883
763.443	11.899
764.095	11.923
764.623	11.954
765.052	11.991
765.402	12.033
765.690	12.079
765.930	12.128
766.131	12.180
766.302	12.234
766.451	12.289
766.581	12.347
766.697	12.406
766.802	12.465
766.898	12.526
766.987	12.588
767.072	12.651
767.152	12.715
767.229	12.779
767.305	12.844
767.380	12.910
767.454	12.976
767.529	13.043
767.606	13.110
767.684	13.178
767.764	13.247
767.849	13.315
767.938	13.384
768.033	13.454
768.134	13.523
768.244	13.593
768.363	13.663
768.495	13.732
768.640	13.801
768.801	13.870
768.982	13.937
769.185	14.004
769.414	14.070
769.675	14.133
769.973	14.195
770.316	14.254
770.716	14.309
771.187	14.359
771.757	14.403
772.470	14.437
773.401	14.457
774.681	14.454
776.527	14.414
779.260	14.317
783.267	14.137
788.782	13.859
795.524	13.500
802.532	13.122
808.659	12.797
813.273	12.568
816.414	12.431
818.450	12.365
819.764	12.345
820.638	12.352
821.253	12.377
821.712	12.411
822.077	12.452
822.383	12.496
822.651	12.543
822.894	12.592
823.117	12.643
823.328	12.694
823.528	12.747
823.720	12.801
823.905	12.855
824.086	12.910
824.263	12.966
824.437	13.022
824.609	13.079
824.780	13.136
824.951	13.194
825.124	13.252
825.300	13.310
825.481	13.369
825.669	13.427
825.869	13.486
826.084	13.543
826.321	13.600
826.591	13.656
826.906	13.709
827.288	13.759
827.766	13.804
828.382	13.840
829.196	13.865
830.288	13.874
831.760	13.860
833.720	13.816
836.257	13.737
839.386	13.620
843.004	13.473
846.871	13.308
850.673	13.146
854.139	13.003
857.121	12.890
859.604	12.806
861.662	12.748
863.399	12.711
864.912	12.687
866.276	12.673
867.539	12.665
868.725	12.661
869.850	12.660
870.910	12.663
871.902	12.670
872.825	12.680
873.673	12.694
874.443	12.711
875.140	12.733
875.767	12.759
876.330	12.789
876.836	12.821
877.294	12.857
877.713	12.895
878.099	12.935
878.460	12.977
878.803	13.020
879.136	13.065
879.464	13.109
879.792	13.154
880.127	13.200
880.475	13.244
880.842	13.288
881.236	13.331
881.665	13.372
882.140	13.411
882.674	13.447
883.285	13.479
883.993	13.505
884.823	13.525
885.806	13.537
886.973	13.538
888.353	13.527
889.970	13.503
891.828	13.465
893.907	13.413
896.149	13.351
898.475	13.284
900.780	13.217
902.966	13.155
904.961	13.104
906.719	13.065
908.234	13.039
909.527	13.027
910.637	13.025
911.611	13.031
912.502	13.043
913.369	13.057
914.270	13.071
915.274	13.080
916.457	13.081
917.908	13.070
919.720	13.042
921.980	12.992
924.744	12.917
927.999	12.817
931.629	12.698
935.428	12.569
939.132	12.443
942.499	12.332
945.379	12.243
947.723	12.180
949.560	12.141
950.969	12.123
952.038	12.122
952.850	12.133
953.471	12.154
953.954	12.182
954.336	12.214
954.647	12.251
954.905	12.291
955.125	12.332
955.317	12.375
955.490	12.420
955.650	12.466
955.800	12.512
955.944	12.559
956.086	12.606
956.229	12.654
956.373	12.702
956.523	12.750
956.679	12.798
956.845	12.846
957.022	12.894
957.214	12.941
957.424	12.988
957.655	13.034
957.911	13.080
958.196	13.124
958.516	13.166
958.877	13.207
959.284	13.245
959.745	13.281
960.268	13.314
960.860	13.344
961.531	13.370
962.288	13.391
963.139	13.407
964.092	13.418
965.152	13.424
966.324	13.423
967.611	13.416
969.019	13.403
970.549	13.384
972.208	13.358
974.002	13.326
975.935	13.286
978.013	13.240
980.232	13.186
982.576	13.127
985.015	13.063
987.498	12.997
989.964	12.931
992.344	12.869
994.573	12.814
996.603	12.768
998.405	12.733
999.970	12.709
1001.306	12.696
1002.434	12.693
1003.380	12.699
1004.171	12.713
1004.833	12.733
1005.391	12.758
1005.866	12.787
1006.273	12.821
1006.626	12.856
1006.938	12.895
1007.215	12.935
1007.467	12.977
1007.698	13.020
1007.914	13.064
1008.120	13.109
1008.319	13.154
1008.517	13.200
1008.718	13.246
1008.927	13.292
1009.151	13.338
1009.399	13.383
1009.679	13.427
1010.006	13.469
1010.397	13.508
1010.872	13.543
1011.461	13.573
1012.197	13.596
1013.119	13.610
1014.271	13.613
1015.696	13.602
1017.427	13.576
1019.476	13.533
1021.823	13.475
1024.408	13.405
1027.137	13.326
1029.896	13.245
1032.582	13.168
1035.122	13.097
1037.487	13.036
1039.684	12.984
1041.756	12.939
1043.755	12.899
1045.738	12.860
1047.759	12.821
1049.852	12.780
1052.044	12.735
1054.338	12.686
1056.721	12.633
1059.171	12.578
1061.646	12.521
1064.104	12.465
1066.501	12.412
1068.796	12.363
1070.958	12.319
1072.962	12.282
1074.795	12.252
1076.452	12.229
1077.936	12.213
1079.256	12.204
1080.422	12.201
1081.448	12.204
1082.351	12.212
1083.145	12.225
1083.846	12.241
1084.468	12.261
1085.024	12.284
1085.527	12.309
1085.987	12.336
1086.416	12.364
1086.821	12.394
1087.214	12.424
1087.600	12.455
1087.991	12.486
1088.395	12.517
1088.822	12.547
1089.284	12.576
1089.793	12.603
1090.367	12.628
1091.024	12.650
1091.786	12.667
1092.681	12.680
1093.738	12.686
1094.990	12.685
1096.466	12.674
1098.194	12.654
1100.185	12.623
1102.432	12.581
1104.902	12.530
1107.532	12.472
1110.235	12.410
1112.914	12.348
1115.475	12.291
1117.845	12.241
1119.976	12.200
1121.851	12.168
1123.477	12.147
1124.875	12.135
1126.075	12.130
1127.112	12.132
1128.015	12.140
1128.812	12.152
1129.527	12.167
1130.178	12.185
1130.780	12.205
1131.345	12.227
1131.882	12.250
1132.398	12.274
1132.897	12.298
1133.386	12.323
1133.866	12.349
1134.342	12.375
1134.817	12.401
1135.295	12.427
1135.778	12.453
1136.272	12.478
1136.782	12.504
1137.314	12.528
1137.877	12.552
1138.479	12.574
1139.133	12.594
1139.852	12.612
1140.651	12.627
1141.550	12.638
1142.567	12.645
1143.723	12.647
1145.036	12.642
1146.519	12.631
1148.181	12.613
1150.016	12.588
1152.006	12.557
1154.115	12.521
1156.296	12.481
1158.492	12.441
1160.644	12.401
1162.697	12.365
1164.610	12.334
1166.356	12.310
1167.923	12.292
1169.313	12.280
1170.536	12.275
1171.609	12.276
1172.550	12.282
1173.379	12.292
1174.112	12.306
1174.767	12.323
1175.356	12.343
1175.891	12.365
1176.379	12.389
1176.829	12.415
1177.246	12.442
1177.636	12.470
1178.002	12.499
1178.348	12.529
1178.677	12.560
1178.990	12.592
1179.292	12.624
1179.584	12.657
1179.870	12.690
1180.151	12.724
1180.432	12.758
1180.716	12.791
1181.006	12.825
1181.309	12.859
1181.629	12.892
1181.973	12.924
1182.351	12.955
1182.771	12.985
1183.246	13.013
1183.789	13.038
1184.419	13.060
1185.153	13.079
1186.015	13.092
1187.024	13.099
1188.203	13.100
1189.570	13.093
1191.135	13.078
1192.899	13.055
1194.844	13.024
1196.937	12.987
1199.129	12.945
1201.361	12.901
1203.567	12.858
1205.691	12.818
1207.687	12.782
1209.527	12.753
1211.200	12.730
1212.709	12.713
1214.068	12.703
1215.297	12.698
1216.420	12.697
1217.458	12.700
1218.434	12.705
1219.367	12.713
1220.275	12.721
1221.172	12.730
1222.073	12.740
1222.991	12.748
1223.935	12.756
1224.918	12.762
1225.947	12.767
1227.032	12.770
1228.178	12.771
1229.392	12.769
1230.672	12.764
1232.019	12.757
1233.422	12.748
1234.875	12.737
1236.358	12.724
1237.855	12.710
1239.340	12.697
1240.795	12.685
1242.196	12.674
1243.525	12.666
1244.768	12.661
1245.915	12.659
1246.962	12.661
1247.908	12.667
1248.757	12.677
1249.515	12.689
1250.188	12.705
1250.788	12.724
1251.322	12.746
1251.800	12.770
1252.230	12.796
1252.620	12.823
1252.977	12.852
1253.308	12.882
1253.620	12.913
1253.914	12.945
1254.199	12.978
1254.474	13.011
1254.747	13.044
1255.017	13.078
1255.289	13.111
1255.564	13.145
1255.846	13.179
1256.133	13.212
1256.430	13.245
1256.738	13.278
1257.058	13.311
1257.392	13.343
1257.741	13.375
1258.108	13.406
1258.492	13.437
1258.899	13.467
1259.328	13.496
1259.784	13.524
1260.269	13.551
1260.788	13.577
1261.344	13.601
1261.944	13.623
1262.593	13.644
1263.299	13.662
1264.069	13.678
1264.914	13.691
1265.840	13.700
1266.859	13.705
1267.976	13.707
1269.198	13.704
1270.529	13.696
1271.969	13.684
1273.511	13.668
1275.146	13.647
1276.860	13.623
1278.637	13.596
1280.458	13.568
1282.305	13.538
1284.163	13.508
1286.021	13.478
1287.871	13.448
1289.709	13.420
1291.534	13.391
1293.343	13.364
1295.134	13.337
1296.902	13.311
1298.639	13.287
1300.336	13.264
1301.981	13.243
1303.567	13.225
1305.083	13.209
1306.529	13.196
1307.903	13.185
1309.217	13.177
1310.484	13.172
1311.729	13.167
1312.979	13.163
1314.273	13.157
1315.652	13.149
1317.167	13.137
1318.869	13.118
1320.809	13.091
1323.024	13.055
1325.544	13.008
1328.353	12.951
1331.419	12.884
1334.654	12.812
1337.960	12.736
1341.219	12.662
1344.338	12.592
1347.240	12.530
1349.899	12.477
1352.309	12.432
1354.498	12.396
1356.500	12.366
1358.353	12.342
1360.093	12.321
1361.746	12.304
1363.333	12.290
1364.859	12.277
1366.333	12.266
1367.746	12.257
1369.098	12.250
1370.379	12.245
1371.584	12.242
1372.709	12.242
1373.750	12.245
1374.708	12.250
1375.584	12.257
1376.385	12.267
1377.111	12.280
1377.775	12.294
1378.378	12.311
1378.932	12.329
1379.440	12.348
1379.910	12.369
1380.347	12.392
1380.757	12.415
1381.144	12.439
1381.513	12.464
1381.866	12.489
1382.207	12.515
1382.537	12.541
1382.860	12.568
1383.176	12.595
1383.486	12.622
1383.793	12.650
1384.096	12.677
1384.397	12.705
1384.696	12.733
1384.995	12.762
1385.292	12.790
1385.590	12.819
1385.889	12.847
1386.189	12.876
1386.491	12.904
1386.797	12.933
1387.107	12.962
1387.423	12.990
1387.747	13.018
1388.081	13.047
1388.426	13.074
1388.784	13.102
1389.160	13.129
1389.556	13.155
1389.974	13.181
1390.420	13.206
1390.897	13.230
1391.409	13.252
1391.960	13.274
1392.556	13.294
1393.200	13.312
1393.896	13.328
1394.647	13.343
1395.455	13.355
1396.322	13.365
1397.247	13.373
1398.226	13.379
1399.258	13.383
1400.333	13.385
1401.443	13.386
1402.582	13.386
1403.733	13.385
1404.891	13.383
1406.038	13.382
1407.169	13.382
1408.270	13.382
1409.338	13.384
1410.363	13.387
1411.344	13.391
1412.279	13.398
1413.167	13.405
1414.008	13.415
1414.807	13.426
1415.566	13.439
1416.287	13.453
1416.977	13.469
1417.640	13.485
1418.279	13.503
1418.901	13.521
1419.509	13.540
1420.112	13.559
1420.713	13.578
1421.322	13.598
1421.944	13.616
1422.590	13.634
1423.272	13.651
1424.004	13.667
1424.806	13.679
1425.701	13.689
1426.723	13.695
1427.912	13.694
1429.319	13.687
1431.005	13.669
1433.035	13.640
1435.476	13.596
1438.362	13.537
1441.710	13.462
1445.447	13.373
1449.453	13.274
1453.539	13.171
1457.490	13.073
1461.133	12.985
1464.332	12.911
1467.047	12.854
1469.283	12.813
1471.100	12.787
1472.565	12.773
1473.756	12.768
1474.741	12.771
1475.576	12.779
1476.309	12.791
1476.975	12.806
1477.604	12.821
1478.215	12.838
1478.825	12.855
1479.445	12.872
1480.083	12.888
1480.748	12.903
1481.437	12.918
1482.157	12.932
1482.905	12.944
1483.677	12.956
1484.474	12.968
1485.285	12.978
1486.111	12.988
1486.940	12.998
1487.770	13.008
1488.593	13.018
1489.402	13.028
1490.195	13.039
1490.965	13.050
1491.713	13.063
1492.434	13.076
1493.130	13.090
1493.801	13.105
1494.450	13.120
1495.079	13.137
1495.691	13.153
1496.293	13.171
1496.888	13.189
1497.483	13.206
1498.082	13.224
1498.692	13.242
1499.321	13.259
1499.972	13.275
1500.655	13.290
1501.375	13.304
1502.139	13.317
1502.954	13.328
1503.825	13.338
1504.758	13.345
1505.758	13.350
1506.828	13.352
1507.971	13.353
1509.187	13.350
1510.476	13.346
1511.832	13.339
1513.254	13.329
1514.729	13.318
1516.252	13.305
1517.811	13.291
1519.395	13.276
1520.998	13.260
1522.607	13.244
1524.225	13.228
1525.844	13.212
1527.474	13.196
1529.125	13.179
1530.814	13.161
1532.572	13.142
1534.427	13.120
1536.423	13.094
1538.603	13.063
1541.014	13.025
1543.693	12.980
1546.666	12.926
1549.932	12.863
1553.456	12.793
1557.168	12.718
1560.964	12.640
1564.725	12.563
1568.333	12.490
1571.691	12.424
1574.737	12.368
1577.443	12.321
1579.813	12.284
1581.871	12.256
1583.655	12.236
1585.206	12.223
1586.563	12.216
1587.763	12.213
1588.833	12.214
1589.801	12.218
1590.683	12.224
1591.495	12.233
1592.249	12.243
1592.952	12.254
1593.612	12.267
1594.232	12.281
1594.818	12.296
1595.371	12.312
1595.894	12.329
1596.391	12.346
1596.859	12.364
1597.304	12.383
1597.727	12.403
1598.126	12.424
1598.507	12.445
1598.867	12.466
1599.211	12.488
1599.537	12.511
1599.848	12.534
1600.145	12.558
1600.428	12.582
1600.700	12.607
1600.961	12.632
1601.211	12.657
1601.452	12.683
1601.684	12.709
1601.910	12.735
1602.128	12.762
1602.340	12.789
1602.548	12.816
1602.750	12.843
1602.950	12.871
1603.146	12.899
1603.340	12.927
1603.532	12.955
1603.725	12.983
1603.918	13.012
1604.112	13.040
1604.310	13.069
1604.511	13.097
1604.720	13.126
1604.936	13.154
1605.162	13.182
1605.401	13.210
1605.656	13.237
1605.932	13.264
1606.232	13.291
1606.561	13.316
1606.927	13.341
1607.334	13.364
1607.792	13.386
1608.311	13.406
1608.898	13.424
1609.566	13.439
1610.324	13.452
1611.185	13.462
1612.156	13.468
1613.245	13.470
1614.458	13.469
1615.791	13.463
1617.239	13.454
1618.792	13.441
1620.430	13.426
1622.133	13.408
1623.873	13.388
1625.632	13.368
1627.388	13.348
1629.127	13.329
1630.855	13.310
1632.573	13.291
1634.306	13.273
1636.088	13.253
1637.957	13.232
1639.963	13.206
1642.157	13.176
1644.579	13.140
1647.259	13.096
1650.203	13.045
1653.376	12.987
1656.717	12.924
1660.127	12.859
1663.489	12.795
1666.686	12.735
1669.626	12.682
1672.243	12.638
1674.511	12.604
1676.432	12.579
1678.031	12.564
1679.348	12.556
1680.425	12.556
1681.305	12.561
1682.027	12.571
1682.623	12.585
1683.122	12.601
1683.546	12.620
1683.912	12.640
1684.236	12.662
1684.527	12.685
1684.797	12.709
1685.052	12.733
1685.300	12.757
1685.545	12.782
1685.794	12.807
1686.052	12.832
1686.323	12.856
1686.614	12.880
1686.931	12.903
1687.280	12.926
1687.669	12.948
1688.104	12.968
1688.593	12.987
1689.147	13.004
1689.773	13.020
1690.479	13.033
1691.277	13.044
1692.168	13.051
1693.160	13.057
1694.257	13.059
1695.448	13.058
1696.737	13.054
1698.108	13.048
1699.542	13.040
1701.028	13.030
1702.533	13.019
1704.047	13.008
1705.537	12.998
1706.996	12.988
1708.404	12.980
1709.761	12.973
1711.061	12.968
1712.317	12.964
1713.538	12.961
1714.746	12.959
1715.964	12.957
1717.218	12.954
1718.539	12.949
1719.958	12.943
1721.506	12.932
1723.209	12.918
1725.084	12.900
1727.145	12.876
1729.387	12.847
1731.781	12.814
1734.295	12.778
1736.872	12.740
1739.444	12.701
1741.955	12.664
1744.335	12.630
1746.539	12.600
1748.541	12.575
1750.317	12.557
1751.873	12.544
1753.219	12.537
1754.370	12.535
1755.353	12.537
1756.190	12.544
1756.905	12.554
1757.519	12.567
1758.048	12.582
1758.512	12.599
1758.924	12.617
1759.295	12.637
1759.636	12.657
1759.955	12.679
1760.260	12.700
1760.557	12.722
1760.854	12.745
1761.155	12.767
1761.466	12.789
1761.794	12.811
1762.145	12.832
1762.526	12.853
1762.944	12.872
1763.408	12.891
1763.926	12.908
1764.508	12.924
1765.163	12.938
1765.904	12.949
1766.739	12.958
1767.679	12.965
1768.731	12.968
1769.901	12.968
1771.188	12.965
1772.590	12.959
1774.099	12.949
1775.695	12.938
1777.356	12.924
1779.058	12.909
1780.770	12.893
1782.456	12.878
1784.091	12.864
1785.646	12.852
1787.099	12.843
1788.439	12.836
1789.655	12.833
1790.747	12.833
1791.719	12.836
1792.574	12.842
1793.325	12.851
1793.980	12.863
1794.551	12.877
1795.049	12.893
1795.484	12.911
1795.865	12.931
1796.202	12.952
1796.501	12.974
1796.769	12.997
1797.013	13.021
1797.237	13.045
1797.446	13.070
1797.643	13.096
1797.833	13.121
1798.019	13.147
1798.204	13.173
1798.393	13.199
1798.587	13.226
1798.792	13.251
1799.011	13.277
1799.251	13.302
1799.516	13.327
1799.813	13.351
1800.152	13.373
1800.542	13.395
1800.994	13.415
1801.523	13.433
1802.143	13.448
1802.872	13.461
1803.729	13.470
1804.731	13.475
1805.896	13.475
1807.242	13.470
1808.771	13.461
1810.485	13.445
1812.375	13.425
1814.405	13.400
1816.544	13.372
1818.742	13.342
1820.936	13.312
1823.075	13.283
1825.107	13.257
1826.991	13.234
1828.703	13.216
1830.229	13.204
1831.574	13.196
1832.744	13.193
1833.760	13.195
1834.641	13.200
1835.412	13.209
1836.094	13.220
1836.711	13.234
1837.283	13.249
1837.831	13.264
1838.374	13.280
1838.931	13.296
1839.519	13.312
1840.157	13.326
1840.863	13.338
1841.656	13.348
1842.552	13.356
1843.572	13.360
1844.729	13.360
1846.038	13.356
1847.504	13.349
1849.126	13.336
1850.900	13.320
1852.809	13.299
1854.818	13.276
1856.895	13.251
1859.003	13.224
1861.089	13.198
1863.116	13.173
1865.055	13.150
1866.871	13.131
1868.555	13.115
1870.098	13.103
1871.500	13.094
1872.773	13.089
1873.927	13.088
1874.977	13.089
1875.938	13.092
1876.825	13.098
1877.652	13.105
1878.430	13.114
1879.171	13.124
1879.882	13.135
1880.570	13.146
1881.241	13.158
1881.900	13.171
1882.548	13.183
1883.189	13.196
1883.823	13.209
1884.451	13.222
1885.072	13.236
1885.688	13.249
1886.298	13.263
1886.902	13.277
1887.500	13.291
1888.090	13.305
1888.674	13.320
1889.252	13.334
1889.825	13.349
1890.395	13.364
1890.962	13.379
1891.529	13.394
1892.100	13.410
1892.677	13.425
1893.264	13.439
1893.867	13.454
1894.489	13.468
1895.138	13.481
1895.818	13.493
1896.536	13.505
1897.299	13.515
1898.114	13.524
1898.985	13.532
1899.922	13.537
1900.927	13.541
1902.004	13.543
1903.154	13.543
1904.377	13.541
1905.669	13.537
1907.026	13.531
1908.438	13.523
1909.892	13.514
1911.380	13.504
1912.891	13.494
1914.409	13.483
1915.927	13.472
1917.444	13.461
1918.954	13.451
1920.466	13.440
1921.995	13.429
1923.559	13.418
1925.192	13.405
1926.936	13.390
1928.839	13.371
1930.965	13.347
1933.380	13.315
1936.152	13.276
1939.339	13.226
1942.979	13.166
1947.071	13.095
1951.565	13.014
1956.355	12.926
1961.294	12.834
1966.209	12.743
1970.953	12.657
1975.399	12.577
1979.482	12.507
1983.190	12.446
1986.545	12.395
1989.589	12.350
1992.380	12.313
1994.973	12.280
1997.407	12.251
1999.717	12.225
2001.931	12.202
2004.051	12.180
2006.088	12.161
2008.044	12.143
2009.906	12.128
2011.672	12.114
2013.344	12.103
2014.908	12.093
2016.366	12.086
2017.723	12.081
2018.978	12.078
2020.135	12.077
2021.203	12.078
2022.187	12.081
2023.093	12.086
2023.933	12.092
2024.712	12.099
2025.433	12.108
2026.110	12.117
2026.746	12.128
2027.345	12.139
2027.911	12.151
2028.455	12.163
2028.972	12.176
2029.469	12.190
2029.953	12.204
2030.419	12.218
2030.873	12.233
2031.319	12.247
2031.755	12.263
2032.182	12.278
2032.607	12.293
2033.024	12.309
2033.440	12.324
2033.854	12.340
2034.266	12.356
2034.680	12.372
2035.094	12.387
2035.513	12.403
2035.934	12.419
2036.361	12.435
2036.796	12.450
2037.237	12.466
2037.688	12.481
2038.152	12.496
2038.627	12.511
2039.116	12.525
2039.623	12.539
2040.145	12.553
2040.686	12.567
2041.248	12.580
2041.831	12.592
2042.436	12.604
2043.065	12.616
2043.717	12.627
2044.394	12.638
2045.095	12.648
2045.820	12.657
2046.569	12.666
2047.339	12.675
2048.130	12.683
2048.940	12.690
2049.765	12.698
2050.604	12.704
2051.455	12.711
2052.311	12.717
2053.173	12.724
2054.036	12.730
2054.895	12.736
2055.750	12.742
2056.598	12.749
2057.433	12.756
2058.258	12.763
2059.064	12.770
2059.858	12.778
2060.632	12.786
2061.387	12.794
2062.125	12.803
2062.841	12.813
2063.540	12.822
2064.219	12.833
2064.879	12.843
2065.519	12.855
2066.142	12.866
2066.746	12.878
2067.333	12.891
2067.903	12.904
2068.457	12.917
2068.993	12.931
2069.515	12.945
2070.020	12.959
2070.511	12.974
2070.987	12.989
2071.449	13.005
2071.897	13.021
2072.332	13.037
2072.755	13.053
2073.165	13.070
2073.564	13.087
2073.953	13.105
2074.333	13.123
2074.705	13.141
2075.069	13.159
2075.428	13.177
2075.784	13.196
2076.137	13.215
2076.491	13.233
2076.847	13.252
2077.208	13.271
2077.578	13.289
2077.957	13.307
2078.352	13.325
2078.764	13.343
2079.198	13.360
2079.658	13.377
2080.149	13.393
2080.676	13.408
2081.242	13.422
2081.853	13.435
2082.514	13.447
2083.228	13.458
2083.999	13.467
2084.832	13.475
2085.725	13.481
2086.680	13.486
2087.697	13.489
2088.771	13.490
2089.898	13.491
2091.072	13.490
2092.284	13.488
2093.526	13.485
2094.789	13.481
2096.063	13.478
2097.341	13.474
2098.615	13.470
2099.883	13.466
2101.143	13.463
2102.395	13.459
2103.646	13.456
2104.903	13.453
2106.179	13.449
2107.487	13.445
2108.842	13.440
2110.264	13.433
2111.770	13.424
2113.377	13.414
2115.103	13.400
2116.953	13.383
2118.935	13.364
2121.046	13.341
2123.270	13.315
2125.588	13.287
2127.970	13.258
2130.377	13.228
2132.772	13.198
2135.116	13.169
2137.374	13.141
2139.521	13.117
2141.537	13.095
2143.415	13.077
2145.153	13.062
2146.758	13.050
2148.245	13.041
2149.625	13.035
2150.922	13.030
2152.151	13.028
2153.333	13.026
2154.483	13.026
2155.621	13.025
2156.763	13.025
2157.923	13.025
2159.110	13.024
2160.342	13.022
2161.628	13.019
2162.969	13.015
2164.375	13.009
2165.855	13.002
2167.402	12.993
2169.014	12.983
2170.698	12.971
2172.441	12.958
2174.236	12.944
2176.088	12.928
2177.986	12.912
2179.927	12.895
2181.921	12.876
2183.969	12.857
2186.083	12.836
2188.281	12.814
2190.582	12.790
2193.007	12.764
2195.574	12.734
2198.301	12.702
2201.194	12.667
2204.245	12.628
2207.432	12.587
2210.716	12.544
2214.045	12.499
2217.348	12.456
2220.564	12.413
2223.620	12.374
2226.469	12.339
2229.067	12.309
2231.399	12.284
2233.455	12.264
2235.249	12.250
2236.794	12.240
2238.117	12.236
2239.243	12.235
2240.202	12.237
2241.016	12.243
2241.712	12.251
2242.311	12.260
2242.827	12.272
2243.277	12.285
2243.675	12.299
2244.031	12.314
2244.350	12.330
2244.643	12.347
2244.915	12.363
2245.168	12.381
2245.406	12.398
2245.634	12.416
2245.854	12.435
2246.065	12.453
2246.271	12.472
2246.473	12.490
2246.672	12.509
2246.868	12.528
2247.062	12.547
2247.254	12.566
2247.446	12.585
2247.637	12.604
2247.827	12.624
2248.017	12.643
2248.208	12.662
2248.399	12.682
2248.588	12.701
2248.782	12.721
2248.974	12.740
2249.165	12.760
2249.360	12.780
2249.555	12.799
2249.750	12.819
2249.946	12.839
2250.145	12.858
2250.344	12.878
2250.544	12.898
2250.745	12.918
2250.948	12.938
2251.151	12.958
2251.355	12.977
2251.562	12.997
2251.768	13.017
2251.977	13.037
2252.186	13.057
2252.396	13.077
2252.608	13.097
2252.821	13.117
2253.033	13.138
2253.248	13.158
2253.462	13.178
2253.678	13.198
