<j>	<Fwlc>
1040.158	13.685
1040.412	13.728
1040.680	13.770
1040.963	13.811
1041.261	13.853
1041.576	13.893
1041.910	13.933
1042.263	13.972
1042.637	14.010
1043.034	14.047
1043.457	14.083
1043.907	14.117
1044.388	14.150
1044.905	14.182
1045.463	14.211
1046.070	14.239
1046.733	14.263
1047.466	14.284
1048.282	14.301
1049.201	14.312
1050.246	14.318
1051.444	14.316
1052.827	14.304
1054.430	14.282
1056.285	14.247
1058.419	14.198
1060.840	14.135
1063.531	14.059
1066.442	13.971
1069.485	13.877
1072.551	13.782
1075.521	13.690
1078.293	13.609
1080.794	13.540
1082.989	13.485
1084.875	13.446
1086.475	13.420
1087.824	13.406
1088.964	13.402
1089.935	13.407
1090.777	13.418
1091.525	13.433
1092.209	13.453
1092.859	13.474
1093.499	13.495
1094.157	13.517
1094.857	13.537
1095.624	13.554
1096.486	13.568
1097.469	13.576
1098.599	13.578
1099.896	13.573
1101.373	13.559
1103.030	13.537
1104.850	13.508
1106.796	13.472
1108.813	13.433
1110.835	13.393
1112.793	13.354
1114.627	13.321
1116.293	13.295
1117.767	13.277
1119.041	13.267
1120.126	13.266
1121.039	13.273
1121.804	13.287
1122.445	13.306
1122.986	13.330
1123.447	13.357
1123.846	13.388
1124.196	13.421
1124.509	13.456
1124.794	13.493
1125.059	13.531
1125.309	13.569
1125.548	13.609
1125.780	13.649
1126.008	13.689
1126.234	13.730
1126.459	13.771
1126.687	13.812
1126.918	13.853
1127.155	13.894
1127.399	13.935
1127.654	13.975
1127.922	14.015
1128.208	14.055
1128.518	14.094
1128.860	14.131
1129.248	14.167
1129.699	14.200
1130.240	14.229
1130.907	14.253
1131.755	14.269
1132.859	14.274
1134.321	14.263
1136.266	14.231
1138.828	14.171
1142.120	14.078
1146.165	13.952
1150.842	13.796
1155.858	13.625
1160.820	13.455
1165.364	13.303
1169.268	13.179
1172.476	13.086
1175.055	13.020
1177.126	12.977
1178.816	12.951
1180.231	12.937
1181.452	12.931
1182.533	12.931
1183.510	12.936
1184.406	12.944
1185.236	12.955
1186.008	12.968
1186.728	12.984
1187.401	13.001
1188.029	13.020
1188.615	13.041
1189.164	13.063
1189.678	13.087
1190.161	13.112
1190.619	13.139
1191.054	13.166
1191.471	13.194
1191.875	13.223
1192.270	13.252
1192.661	13.282
1193.053	13.312
1193.448	13.342
1193.853	13.372
1194.271	13.401
1194.705	13.430
1195.160	13.458
1195.638	13.485
1196.143	13.511
1196.676	13.536
1197.239	13.560
1197.832	13.582
1198.456	13.604
1199.109	13.624
1199.788	13.643
1200.490	13.661
1201.211	13.678
1201.948	13.694
1202.693	13.710
1203.444	13.726
1204.194	13.742
1204.942	13.757
1205.682	13.774
1206.414	13.790
1207.138	13.807
1207.853	13.824
1208.562	13.841
1209.270	13.859
1209.978	13.877
1210.693	13.894
1211.420	13.911
1212.164	13.928
1212.930	13.943
1213.722	13.958
1214.543	13.971
1215.395	13.983
1216.277	13.993
1217.187	14.002
1218.121	14.010
1219.072	14.018
1220.032	14.024
1220.992	14.031
1221.943	14.038
1222.874	14.045
1223.779	14.054
1224.648	14.064
1225.478	14.076
1226.265	14.089
1227.008	14.105
1227.707	14.122
1228.366	14.142
1228.989	14.163
1229.580	14.186
1230.146	14.210
1230.696	14.235
1231.238	14.260
1231.780	14.286
1232.335	14.311
1232.916	14.335
1233.537	14.358
1234.218	14.379
1234.984	14.395
1235.867	14.408
1236.914	14.413
1238.184	14.409
1239.761	14.392
1241.759	14.358
1244.317	14.302
1247.588	14.216
1251.704	14.096
1256.701	13.941
1262.443	13.757
1268.590	13.556
1274.668	13.359
1280.229	13.182
1284.988	13.037
1288.863	12.927
1291.925	12.850
1294.317	12.798
1296.191	12.767
1297.679	12.751
1298.883	12.745
1299.878	12.748
1300.716	12.757
1301.433	12.770
1302.055	12.786
1302.600	12.806
1303.083	12.828
1303.511	12.852
1303.895	12.878
1304.239	12.905
1304.550	12.934
1304.832	12.963
1305.090	12.994
1305.328	13.026
1305.549	13.058
1305.756	13.092
1305.953	13.125
1306.142	13.159
1306.327	13.194
1306.509	13.229
1306.692	13.264
1306.878	13.299
1307.071	13.334
1307.272	13.369
1307.484	13.403
1307.712	13.437
1307.958	13.471
1308.226	13.504
1308.518	13.536
1308.840	13.567
1309.195	13.598
1309.587	13.626
1310.019	13.654
1310.495	13.679
1311.019	13.703
1311.592	13.726
1312.214	13.746
1312.887	13.764
1313.608	13.780
1314.372	13.795
1315.174	13.808
1316.007	13.819
1316.861	13.830
1317.726	13.840
1318.590	13.850
1319.443	13.860
1320.274	13.871
1321.075	13.883
1321.838	13.896
1322.558	13.912
1323.232	13.929
1323.861	13.947
1324.445	13.968
1324.988	13.991
1325.496	14.015
1325.977	14.040
1326.441	14.067
1326.902	14.093
1327.379	14.120
1327.900	14.145
1328.502	14.167
1329.242	14.185
1330.198	14.195
1331.485	14.193
1333.254	14.173
1335.695	14.128
1339.009	14.051
1343.338	13.935
1348.668	13.782
1354.726	13.600
1361.001	13.408
1366.899	13.230
1371.968	13.081
1376.022	12.969
1379.105	12.893
1381.390	12.847
1383.077	12.823
1384.342	12.814
1385.319	12.817
1386.103	12.826
1386.757	12.841
1387.324	12.859
1387.831	12.879
1388.292	12.901
1388.721	12.924
1389.124	12.948
1389.506	12.972
1389.870	12.998
1390.218	13.024
1390.553	13.051
1390.877	13.078
1391.191	13.106
1391.496	13.134
1391.797	13.162
1392.093	13.191
1392.387	13.220
1392.683	13.249
1392.983	13.277
1393.290	13.306
1393.608	13.335
1393.942	13.363
1394.297	13.390
1394.678	13.417
1395.094	13.443
1395.550	13.467
1396.057	13.490
1396.625	13.511
1397.263	13.529
1397.984	13.545
1398.798	13.557
1399.718	13.566
1400.751	13.570
1401.902	13.570
1403.174	13.566
1404.561	13.558
1406.049	13.546
1407.619	13.530
1409.244	13.513
1410.892	13.494
1412.530	13.475
1414.126	13.458
1415.652	13.442
1417.087	13.430
1418.420	13.421
1419.644	13.416
1420.763	13.415
1421.784	13.418
1422.720	13.423
1423.586	13.432
1424.400	13.442
1425.177	13.454
1425.936	13.466
1426.695	13.479
1427.471	13.491
1428.281	13.503
1429.140	13.513
1430.066	13.521
1431.072	13.526
1432.172	13.528
1433.377	13.526
1434.694	13.520
1436.125	13.511
1437.668	13.497
1439.312	13.480
1441.043	13.460
1442.837	13.437
1444.668	13.413
1446.505	13.388
1448.319	13.364
1450.083	13.341
1451.772	13.321
1453.370	13.304
1454.867	13.290
1456.256	13.280
1457.539	13.274
1458.721	13.271
1459.809	13.271
1460.812	13.274
1461.744	13.280
1462.615	13.288
1463.437	13.297
1464.226	13.308
1464.992	13.320
1465.751	13.332
1466.518	13.344
1467.307	13.356
1468.136	13.366
1469.023	13.375
1469.988	13.381
1471.052	13.385
1472.239	13.384
1473.571	13.379
1475.069	13.368
1476.752	13.352
1478.635	13.329
1480.723	13.299
1483.010	13.263
1485.481	13.221
1488.105	13.174
1490.843	13.124
1493.648	13.071
1496.474	13.017
1499.274	12.965
1502.012	12.914
1504.659	12.867
1507.197	12.823
1509.613	12.783
1511.903	12.747
1514.065	12.716
1516.098	12.688
1518.004	12.664
1519.783	12.644
1521.439	12.628
1522.972	12.615
1524.386	12.606
1525.684	12.600
1526.873	12.598
1527.957	12.598
1528.944	12.602
1529.841	12.608
1530.656	12.616
1531.396	12.627
1532.069	12.640
1532.682	12.654
1533.243	12.671
1533.757	12.688
1534.231	12.707
1534.668	12.727
1535.075	12.749
1535.454	12.771
1535.809	12.793
1536.143	12.817
1536.459	12.841
1536.759	12.866
1537.045	12.891
1537.319	12.917
1537.581	12.943
1537.833	12.969
1538.077	12.996
1538.312	13.024
1538.541	13.051
1538.763	13.079
1538.980	13.107
1539.191	13.136
1539.398	13.164
1539.601	13.193
1539.801	13.222
1539.999	13.252
1540.194	13.281
1540.388	13.311
1540.582	13.340
1540.776	13.370
1540.972	13.400
1541.170	13.430
1541.374	13.460
1541.583	13.490
1541.802	13.520
1542.032	13.549
1542.280	13.578
1542.548	13.607
1542.846	13.634
1543.183	13.661
1543.570	13.686
1544.025	13.709
1544.569	13.730
1545.230	13.747
1546.047	13.759
1547.063	13.765
1548.336	13.763
1549.927	13.751
1551.904	13.726
1554.322	13.688
1557.216	13.634
1560.575	13.565
1564.328	13.484
1568.338	13.393
1572.423	13.300
1576.383	13.210
1580.049	13.129
1583.307	13.060
1586.109	13.006
1588.460	12.965
1590.403	12.938
1592.000	12.921
1593.312	12.913
1594.397	12.912
1595.305	12.917
1596.075	12.926
1596.737	12.939
1597.315	12.954
1597.827	12.972
1598.286	12.991
1598.703	13.012
1599.085	13.033
1599.438	13.056
1599.768	13.080
1600.079	13.104
1600.374	13.129
1600.656	13.154
1600.928	13.179
1601.192	13.205
1601.449	13.232
1601.701	13.258
1601.951	13.285
1602.199	13.312
1602.448	13.339
1602.697	13.366
1602.949	13.393
1603.205	13.420
1603.466	13.447
1603.733	13.474
1604.006	13.501
1604.288	13.527
1604.580	13.554
1604.882	13.580
1605.196	13.606
1605.524	13.631
1605.866	13.656
1606.225	13.681
1606.602	13.705
1607.001	13.729
1607.422	13.751
1607.870	13.774
1608.347	13.795
1608.857	13.815
1609.405	13.834
1609.995	13.852
1610.636	13.868
1611.333	13.883
1612.096	13.895
1612.936	13.905
1613.864	13.912
1614.896	13.916
1616.047	13.916
1617.335	13.912
1618.780	13.903
1620.400	13.888
1622.211	13.867
1624.222	13.840
1626.434	13.806
1628.836	13.766
1631.398	13.721
1634.076	13.672
1636.811	13.621
1639.536	13.571
1642.182	13.522
1644.688	13.478
1647.007	13.439
1649.107	13.407
1650.977	13.382
1652.615	13.364
1654.037	13.353
1655.261	13.348
1656.309	13.348
1657.207	13.354
1657.978	13.363
1658.641	13.376
1659.215	13.391
1659.717	13.409
1660.159	13.429
1660.553	13.451
1660.907	13.474
1661.229	13.498
1661.526	13.523
1661.802	13.548
1662.060	13.575
1662.305	13.602
1662.539	13.629
1662.764	13.657
1662.982	13.685
1663.195	13.713
1663.403	13.741
1663.608	13.770
1663.810	13.799
1664.010	13.828
1664.210	13.858
1664.409	13.887
1664.608	13.916
1664.808	13.946
1665.010	13.976
1665.213	14.005
1665.420	14.035
1665.631	14.064
1665.847	14.094
1666.070	14.124
1666.302	14.153
1666.547	14.182
1666.808	14.210
1667.091	14.238
1667.405	14.266
1667.762	14.292
1668.183	14.316
1668.694	14.337
1669.339	14.355
1670.185	14.366
1671.328	14.369
1672.915	14.358
1675.146	14.328
1678.280	14.270
1682.604	14.177
1688.334	14.041
1695.465	13.863
1703.622	13.653
1712.065	13.434
1719.945	13.231
1726.631	13.062
1731.888	12.937
1735.808	12.851
1738.648	12.797
1740.688	12.767
1742.167	12.754
1743.264	12.752
1744.102	12.758
1744.763	12.769
1745.304	12.783
1745.759	12.800
1746.152	12.819
1746.499	12.839
1746.810	12.861
1747.094	12.883
1747.354	12.906
1747.595	12.930
1747.820	12.954
1748.031	12.978
1748.229	13.003
1748.416	13.029
1748.594	13.054
1748.763	13.080
1748.924	13.107
1749.078	13.133
1749.226	13.160
1749.368	13.188
1749.505	13.215
1749.638	13.243
1749.767	13.270
1749.892	13.299
1750.015	13.327
1750.135	13.355
1750.254	13.384
1750.372	13.412
1750.490	13.441
1750.607	13.470
1750.726	13.499
1750.847	13.528
1750.970	13.557
1751.097	13.587
1751.228	13.616
1751.365	13.645
1751.509	13.674
1751.661	13.702
1751.823	13.731
1751.998	13.759
1752.186	13.788
1752.390	13.815
1752.613	13.843
1752.858	13.869
1753.128	13.895
1753.425	13.921
1753.755	13.945
1754.120	13.968
1754.524	13.991
1754.973	14.012
1755.469	14.031
1756.016	14.050
1756.617	14.066
1757.274	14.081
1757.988	14.094
1758.758	14.105
1759.583	14.114
1760.457	14.122
1761.374	14.129
1762.326	14.134
1763.302	14.138
1764.292	14.142
1765.282	14.146
1766.261	14.149
1767.216	14.154
1768.139	14.159
1769.019	14.166
1769.850	14.174
1770.629	14.184
1771.352	14.196
1772.021	14.209
1772.636	14.224
1773.200	14.241
1773.719	14.259
1774.197	14.278
1774.640	14.299
1775.053	14.321
1775.445	14.344
1775.819	14.367
1776.185	14.391
1776.547	14.415
1776.914	14.439
1777.292	14.463
1777.688	14.486
1778.111	14.509
1778.568	14.531
1779.069	14.551
1779.623	14.570
1780.240	14.586
1780.931	14.601
1781.706	14.612
1782.577	14.621
1783.554	14.626
1784.647	14.628
1785.864	14.625
1787.211	14.618
1788.689	14.607
1790.295	14.591
1792.021	14.572
1793.853	14.549
