<j>	<Fwlc>
1077.295	12.141
1080.055	12.070
1082.098	12.028
1083.600	12.009
1084.719	12.006
1085.578	12.014
1086.266	12.029
1086.846	12.049
1087.360	12.071
1087.837	12.096
1088.298	12.121
1088.757	12.147
1089.224	12.173
1089.708	12.198
1090.215	12.222
1090.750	12.246
1091.320	12.268
1091.927	12.289
1092.574	12.309
1093.265	12.327
1094.000	12.343
1094.779	12.358
1095.603	12.371
1096.468	12.382
1097.371	12.392
1098.309	12.400
1099.275	12.408
1100.265	12.414
1101.275	12.419
1102.299	12.424
1103.337	12.428
1104.387	12.432
1105.451	12.436
1106.535	12.438
1107.645	12.440
1108.791	12.441
1109.986	12.439
1111.245	12.436
1112.582	12.430
1114.014	12.421
1115.552	12.407
1117.208	12.390
1118.986	12.368
1120.880	12.342
1122.878	12.312
1124.957	12.278
1127.085	12.243
1129.224	12.207
1131.334	12.172
1133.376	12.139
1135.318	12.110
1137.134	12.084
1138.809	12.064
1140.338	12.049
1141.721	12.039
1142.965	12.034
1144.081	12.034
1145.082	12.038
1145.982	12.046
1146.794	12.056
1147.530	12.070
1148.201	12.086
1148.818	12.104
1149.390	12.124
1149.924	12.145
1150.427	12.168
1150.903	12.191
1151.358	12.216
1151.795	12.241
1152.218	12.266
1152.629	12.293
1153.030	12.320
1153.423	12.347
1153.808	12.374
1154.187	12.402
1154.560	12.430
1154.927	12.459
1155.289	12.488
1155.646	12.517
1155.996	12.546
1156.341	12.576
1156.679	12.606
1157.011	12.637
1157.336	12.667
1157.654	12.699
1157.964	12.730
1158.268	12.762
1158.564	12.795
1158.854	12.827
1159.139	12.861
1159.419	12.894
1159.697	12.928
1159.975	12.962
1160.255	12.996
1160.543	13.030
1160.844	13.063
1161.166	13.096
1161.519	13.128
1161.917	13.159
1162.376	13.187
1162.921	13.213
1163.579	13.234
1164.389	13.249
1165.391	13.258
1166.637	13.256
1168.176	13.244
1170.051	13.218
1172.286	13.178
1174.871	13.124
1177.751	13.058
1180.822	12.983
1183.945	12.906
1186.973	12.831
1189.781	12.764
1192.289	12.708
1194.465	12.666
1196.323	12.635
1197.904	12.616
1199.266	12.605
1200.467	12.601
1201.563	12.602
1202.604	12.605
1203.632	12.609
1204.679	12.613
1205.773	12.615
1206.931	12.616
1208.166	12.613
1209.481	12.608
1210.874	12.600
1212.331	12.589
1213.837	12.577
1215.366	12.563
1216.894	12.549
1218.394	12.536
1219.841	12.524
1221.216	12.515
1222.505	12.509
1223.697	12.506
1224.792	12.506
1225.792	12.510
1226.702	12.517
1227.531	12.527
1228.289	12.540
1228.986	12.555
1229.632	12.571
1230.237	12.590
1230.807	12.610
1231.352	12.631
1231.876	12.652
1232.384	12.675
1232.882	12.698
1233.372	12.721
1233.857	12.745
1234.338	12.768
1234.819	12.792
1235.299	12.816
1235.782	12.840
1236.268	12.864
1236.760	12.888
1237.260	12.911
1237.774	12.935
1238.307	12.957
1238.865	12.979
1239.460	13.000
1240.104	13.019
1240.814	13.036
1241.611	13.050
1242.520	13.060
1243.572	13.065
1244.799	13.064
1246.236	13.055
1247.911	13.038
1249.841	13.012
1252.027	12.976
1254.441	12.931
1257.025	12.880
1259.693	12.825
1262.344	12.770
1264.876	12.719
1267.202	12.674
1269.265	12.638
1271.037	12.613
1272.518	12.598
1273.730	12.592
1274.706	12.595
1275.481	12.605
1276.092	12.621
1276.573	12.643
1276.950	12.668
1277.247	12.696
1277.484	12.727
1277.673	12.759
1277.827	12.794
1277.955	12.829
1278.063	12.865
1278.158	12.902
1278.243	12.940
1278.321	12.978
1278.397	13.017
1278.473	13.055
1278.553	13.094
1278.639	13.133
1278.736	13.171
1278.848	13.210
1278.983	13.247
1279.148	13.284
1279.356	13.320
1279.620	13.354
1279.961	13.385
1280.405	13.413
1280.985	13.436
1281.744	13.452
1282.734	13.461
1284.013	13.459
1285.645	13.444
1287.687	13.415
1290.175	13.368
1293.105	13.306
1296.422	13.228
1300.014	13.140
1303.725	13.047
1307.396	12.955
1310.890	12.870
1314.126	12.794
1317.080	12.728
1319.771	12.673
1322.245	12.626
1324.554	12.586
1326.742	12.550
1328.838	12.518
1330.857	12.489
1332.797	12.462
1334.646	12.438
1336.387	12.418
1338.004	12.402
1339.482	12.389
1340.813	12.382
1341.995	12.379
1343.032	12.381
1343.933	12.387
1344.710	12.397
1345.377	12.411
1345.949	12.428
1346.439	12.448
1346.863	12.470
1347.231	12.494
1347.555	12.520
1347.844	12.547
1348.107	12.575
1348.351	12.604
1348.583	12.634
1348.807	12.663
1349.029	12.694
1349.253	12.724
1349.483	12.754
1349.723	12.784
1349.976	12.814
1350.246	12.843
1350.534	12.872
1350.845	12.900
1351.181	12.928
1351.545	12.955
1351.939	12.980
1352.364	13.005
1352.823	13.029
1353.316	13.051
1353.843	13.073
1354.405	13.093
1355.000	13.112
1355.625	13.130
1356.277	13.147
1356.952	13.163
1357.646	13.179
1358.351	13.194
1359.063	13.208
1359.774	13.223
1360.478	13.238
1361.170	13.253
1361.842	13.269
1362.492	13.286
1363.114	13.303
1363.706	13.322
1364.266	13.342
1364.793	13.363
1365.286	13.386
1365.748	13.409
1366.178	13.434
1366.578	13.460
1366.951	13.487
1367.299	13.515
1367.623	13.544
1367.927	13.574
1368.212	13.605
1368.482	13.637
1368.739	13.669
1368.985	13.702
1369.223	13.735
1369.456	13.769
1369.687	13.802
1369.921	13.836
1370.164	13.870
1370.424	13.903
1370.713	13.936
1371.045	13.967
1371.446	13.996
1371.949	14.022
1372.603	14.042
1373.477	14.055
1374.663	14.057
1376.280	14.043
1378.466	14.009
1381.352	13.949
1385.020	13.861
1389.433	13.744
1394.389	13.607
1399.527	13.461
1404.425	13.323
1408.731	13.205
1412.258	13.114
1414.986	13.051
1417.010	13.014
1418.470	12.998
1419.511	12.997
1420.252	13.006
1420.787	13.024
1421.181	13.047
1421.483	13.074
1421.723	13.103
1421.925	13.134
1422.101	13.165
1422.262	13.198
1422.413	13.231
1422.561	13.264
1422.706	13.298
1422.852	13.332
1423.000	13.365
1423.150	13.399
1423.306	13.433
1423.466	13.467
1423.632	13.501
1423.806	13.535
1423.989	13.568
1424.182	13.601
1424.389	13.634
1424.611	13.667
1424.854	13.699
1425.122	13.730
1425.426	13.761
1425.776	13.789
1426.189	13.816
1426.690	13.840
1427.313	13.860
1428.110	13.874
1429.150	13.881
1430.528	13.876
1432.372	13.855
1434.831	13.814
1438.064	13.747
1442.190	13.650
1447.223	13.522
1452.999	13.369
1459.165	13.203
1465.250	13.038
1470.816	12.890
1475.585	12.769
1479.470	12.676
1482.535	12.610
1484.917	12.567
1486.769	12.541
1488.227	12.528
1489.397	12.525
1490.359	12.528
1491.172	12.536
1491.873	12.548
1492.493	12.562
1493.052	12.579
1493.562	12.597
1494.036	12.616
1494.479	12.637
1494.899	12.658
1495.298	12.680
1495.682	12.702
1496.051	12.725
1496.409	12.748
1496.756	12.772
1497.093	12.796
1497.421	12.820
1497.741	12.845
1498.054	12.870
1498.358	12.896
1498.656	12.921
1498.945	12.947
1499.228	12.974
1499.502	13.000
1499.770	13.027
1500.029	13.054
1500.282	13.082
1500.526	13.110
1500.764	13.138
1500.993	13.167
1501.216	13.196
1501.431	13.225
1501.639	13.255
1501.840	13.285
1502.034	13.315
1502.222	13.346
1502.404	13.377
1502.580	13.408
1502.751	13.439
1502.916	13.471
1503.077	13.503
1503.233	13.536
1503.386	13.569
1503.535	13.601
1503.682	13.635
1503.827	13.668
1503.970	13.702
1504.113	13.735
1504.257	13.769
1504.402	13.803
1504.551	13.837
1504.705	13.871
1504.866	13.905
1505.037	13.939
1505.220	13.972
1505.421	14.005
1505.644	14.037
1505.895	14.069
1506.183	14.099
1506.516	14.128
1506.906	14.155
1507.369	14.180
1507.919	14.202
1508.577	14.220
1509.365	14.233
1510.307	14.241
1511.426	14.243
1512.744	14.238
1514.277	14.224
1516.035	14.203
1518.014	14.173
1520.197	14.136
1522.554	14.093
1525.048	14.045
1527.639	13.993
1530.294	13.939
1532.991	13.884
1535.725	13.828
1538.503	13.772
1541.342	13.714
1544.257	13.654
1547.253	13.593
1550.317	13.529
1553.415	13.465
1556.494	13.402
1559.485	13.341
1562.325	13.285
1564.956	13.236
1567.339	13.194
1569.458	13.161
1571.314	13.136
1572.923	13.119
1574.312	13.108
1575.511	13.104
1576.549	13.106
1577.457	13.111
1578.260	13.120
1578.981	13.131
1579.639	13.145
1580.249	13.160
1580.825	13.177
1581.380	13.194
1581.923	13.212
1582.464	13.230
1583.011	13.248
1583.574	13.266
1584.159	13.282
1584.777	13.299
1585.436	13.313
1586.144	13.327
1586.912	13.339
1587.750	13.348
1588.665	13.356
1589.668	13.361
1590.766	13.362
1591.965	13.361
1593.268	13.357
1594.676	13.349
1596.187	13.338
1597.794	13.324
1599.488	13.307
1601.259	13.288
1603.094	13.267
1604.986	13.245
1606.926	13.220
1608.912	13.195
1610.949	13.168
1613.043	13.140
1615.206	13.110
1617.452	13.078
1619.791	13.044
1622.228	13.007
1624.757	12.968
1627.362	12.926
1630.011	12.884
1632.663	12.841
1635.268	12.799
1637.774	12.760
1640.135	12.724
1642.315	12.694
1644.289	12.669
1646.047	12.650
1647.593	12.637
1648.937	12.630
1650.097	12.627
1651.096	12.630
1651.956	12.636
1652.700	12.646
1653.348	12.658
1653.917	12.673
1654.426	12.689
1654.887	12.707
1655.312	12.726
1655.712	12.746
1656.094	12.766
1656.467	12.787
1656.836	12.808
1657.207	12.830
1657.584	12.851
1657.973	12.871
1658.378	12.892
1658.801	12.912
1659.248	12.931
1659.720	12.950
1660.221	12.968
1660.755	12.986
1661.322	13.002
1661.926	13.017
1662.567	13.031
1663.247	13.045
1663.963	13.057
1664.717	13.068
1665.504	13.078
1666.322	13.087
1667.165	13.096
1668.030	13.103
1668.908	13.111
1669.794	13.118
1670.681	13.124
1671.560	13.131
1672.426	13.139
1673.273	13.147
1674.095	13.155
1674.890	13.164
1675.655	13.175
1676.390	13.186
1677.096	13.197
1677.776	13.210
1678.436	13.223
1679.083	13.237
1679.726	13.251
1680.380	13.265
1681.061	13.279
1681.788	13.291
1682.591	13.301
1683.501	13.309
1684.563	13.312
1685.829	13.311
1687.364	13.302
1689.243	13.284
1691.546	13.254
1694.353	13.211
1697.723	13.153
1701.677	13.080
1706.171	12.992
1711.087	12.892
1716.235	12.786
1721.385	12.680
1726.314	12.580
1730.844	12.490
1734.870	12.413
1738.357	12.351
1741.326	12.302
1743.828	12.265
1745.928	12.239
1747.691	12.222
1749.175	12.212
1750.431	12.207
1751.498	12.208
1752.409	12.212
1753.191	12.220
1753.863	12.230
1754.443	12.243
1754.945	12.258
1755.380	12.274
1755.759	12.292
1756.088	12.311
1756.376	12.332
1756.629	12.353
1756.850	12.375
1757.045	12.398
1757.218	12.422
1757.371	12.446
1757.508	12.470
1757.631	12.495
1757.741	12.521
1757.841	12.547
1757.932	12.573
1758.016	12.599
1758.093	12.626
1758.165	12.653
1758.232	12.680
1758.294	12.708
1758.354	12.735
1758.410	12.763
1758.464	12.791
1758.517	12.819
1758.567	12.848
1758.616	12.876
1758.664	12.905
1758.711	12.933
1758.757	12.962
1758.803	12.991
1758.848	13.020
1758.893	13.050
1758.938	13.079
1758.984	13.108
1759.029	13.138
1759.075	13.168
1759.121	13.197
1759.167	13.227
1759.215	13.257
1759.263	13.287
1759.311	13.317
1759.361	13.348
1759.412	13.378
1759.464	13.409
1759.517	13.439
1759.571	13.470
1759.627	13.500
1759.685	13.531
1759.744	13.562
1759.805	13.593
1759.869	13.624
1759.934	13.655
1760.002	13.686
1760.073	13.717
1760.146	13.748
1760.222	13.779
1760.302	13.810
1760.385	13.842
1760.472	13.873
1760.563	13.904
1760.660	13.935
1760.761	13.966
1760.868	13.997
1760.981	14.028
1761.102	14.059
1761.231	14.090
1761.369	14.121
1761.519	14.151
1761.684	14.181
1761.865	14.211
1762.068	14.240
1762.300	14.268
1762.569	14.296
1762.890	14.322
1763.283	14.345
1763.780	14.366
1764.426	14.383
1765.292	14.394
1766.483	14.395
1768.151	14.382
1770.511	14.350
1773.839	14.290
1778.439	14.193
1784.549	14.054
1792.176	13.871
1800.937	13.655
1810.057	13.429
1818.630	13.218
1825.969	13.041
1831.802	12.907
1836.210	12.813
1839.452	12.752
1841.822	12.715
1843.570	12.695
1844.885	12.688
1845.901	12.688
1846.709	12.695
1847.371	12.705
1847.928	12.719
1848.410	12.734
1848.835	12.751
1849.220	12.769
1849.574	12.789
1849.905	12.808
1850.220	12.828
1850.522	12.849
1850.816	12.870
1851.105	12.891
