<j>	<Ffjc>
1069.451	12.412
1070.250	12.424
1070.988	12.439
1071.672	12.457
1072.310	12.476
1072.908	12.497
1073.470	12.520
1074.001	12.544
1074.504	12.569
1074.982	12.596
1075.438	12.623
1075.875	12.651
1076.296	12.680
1076.703	12.710
1077.099	12.740
1077.485	12.771
1077.865	12.802
1078.242	12.834
1078.617	12.866
1078.995	12.898
1079.377	12.929
1079.769	12.961
1080.175	12.992
1080.599	13.023
1081.050	13.053
1081.533	13.081
1082.060	13.108
1082.641	13.133
1083.289	13.155
1084.021	13.173
1084.852	13.188
1085.802	13.198
1086.887	13.202
1088.122	13.199
1089.516	13.190
1091.069	13.174
1092.767	13.151
1094.584	13.123
1096.478	13.091
1098.397	13.058
1100.288	13.025
1102.097	12.995
1103.783	12.969
1105.319	12.950
1106.693	12.938
1107.906	12.932
1108.969	12.933
1109.903	12.939
1110.728	12.951
1111.468	12.966
1112.143	12.984
1112.774	13.004
1113.377	13.026
1113.967	13.048
1114.557	13.071
1115.156	13.094
1115.772	13.115
1116.410	13.136
1117.075	13.156
1117.769	13.175
1118.492	13.193
1119.242	13.209
1120.018	13.225
1120.817	13.239
1121.634	13.252
1122.466	13.265
1123.309	13.277
1124.159	13.289
1125.015	13.301
1125.874	13.312
1126.736	13.324
1127.602	13.335
1128.472	13.346
1129.348	13.357
1130.232	13.367
1131.125	13.377
1132.026	13.387
1132.937	13.396
1133.854	13.405
1134.775	13.414
1135.695	13.423
1136.609	13.432
1137.511	13.441
1138.394	13.451
1139.254	13.462
1140.084	13.474
1140.881	13.488
1141.643	13.503
1142.369	13.520
1143.060	13.538
1143.720	13.558
1144.353	13.579
1144.967	13.601
1145.569	13.624
1146.171	13.647
1146.787	13.669
1147.434	13.691
1148.135	13.710
1148.917	13.727
1149.818	13.738
1150.879	13.744
1152.155	13.740
1153.705	13.725
1155.587	13.696
1157.850	13.652
1160.513	13.590
1163.546	13.512
1166.860	13.422
1170.308	13.325
1173.714	13.230
1176.915	13.142
1179.788	13.067
1182.279	13.008
1184.386	12.965
1186.151	12.936
1187.634	12.919
1188.901	12.911
1190.011	12.910
1191.015	12.914
1191.955	12.921
1192.861	12.929
1193.758	12.939
1194.659	12.948
1195.576	12.956
1196.512	12.964
1197.469	12.971
1198.444	12.977
1199.430	12.983
1200.419	12.988
1201.402	12.994
1202.370	13.000
1203.315	13.007
1204.227	13.015
1205.101	13.024
1205.932	13.035
1206.718	13.048
1207.460	13.062
1208.159	13.078
1208.818	13.096
1209.443	13.115
1210.039	13.136
1210.614	13.157
1211.175	13.180
1211.731	13.202
1212.290	13.225
1212.861	13.247
1213.455	13.268
1214.080	13.289
1214.746	13.308
1215.462	13.325
1216.237	13.340
1217.076	13.352
1217.984	13.362
1218.964	13.369
1220.011	13.373
1221.121	13.374
1222.281	13.373
1223.476	13.370
1224.688	13.367
1225.895	13.363
1227.077	13.361
1228.213	13.359
1229.286	13.360
1230.285	13.364
1231.199	13.371
1232.026	13.382
1232.766	13.396
1233.421	13.414
1233.998	13.434
1234.502	13.458
1234.944	13.485
1235.329	13.514
1235.667	13.545
1235.964	13.578
1236.227	13.613
1236.463	13.649
1236.676	13.686
1236.872	13.725
1237.055	13.764
1237.229	13.803
1237.399	13.843
1237.567	13.883
1237.738	13.924
1237.918	13.964
1238.112	14.004
1238.327	14.044
1238.575	14.082
1238.869	14.119
1239.231	14.153
1239.690	14.183
1240.291	14.208
1241.095	14.225
1242.191	14.230
1243.696	14.219
1245.760	14.186
1248.544	14.123
1252.185	14.026
1256.719	13.893
1262.010	13.728
1267.719	13.546
1273.388	13.365
1278.599	13.202
1283.098	13.067
1286.828	12.964
1289.869	12.888
1292.357	12.834
1294.429	12.797
1296.196	12.772
1297.736	12.755
1299.102	12.745
1300.328	12.741
1301.435	12.740
1302.436	12.744
1303.342	12.751
1304.161	12.760
1304.902	12.773
1305.573	12.788
1306.181	12.806
1306.736	12.825
1307.244	12.847
1307.715	12.869
1308.155	12.893
1308.571	12.918
1308.969	12.944
1309.357	12.970
1309.738	12.997
1310.119	13.023
1310.504	13.050
1310.897	13.077
1311.303	13.103
1311.725	13.129
1312.167	13.154
1312.632	13.178
1313.123	13.202
1313.643	13.224
1314.195	13.246
1314.779	13.266
1315.397	13.286
1316.050	13.303
1316.738	13.320
1317.460	13.335
1318.215	13.350
1319.001	13.362
1319.816	13.374
1320.657	13.385
1321.521	13.395
1322.408	13.404
1323.316	13.413
1324.246	13.420
1325.199	13.427
1326.181	13.432
1327.198	13.437
1328.260	13.440
1329.381	13.440
1330.576	13.439
1331.861	13.434
1333.254	13.425
1334.773	13.412
1336.428	13.394
1338.226	13.371
1340.162	13.343
1342.219	13.310
1344.368	13.274
1346.570	13.236
1348.778	13.197
1350.949	13.159
1353.047	13.124
1355.054	13.092
1356.972	13.064
1358.832	13.038
1360.694	13.014
1362.651	12.987
1364.834	12.955
1367.409	12.913
1370.567	12.853
1374.493	12.772
1379.305	12.664
1384.971	12.530
1391.250	12.378
1397.699	12.219
1403.801	12.069
1409.129	11.941
1413.464	11.842
1416.795	11.773
1419.247	11.730
1421.002	11.708
1422.238	11.701
1423.107	11.706
1423.722	11.718
1424.166	11.736
1424.498	11.757
1424.757	11.781
1424.970	11.806
1425.155	11.832
1425.324	11.859
1425.486	11.886
1425.646	11.913
1425.811	11.941
1425.982	11.968
1426.165	11.996
1426.361	12.022
1426.576	12.049
1426.812	12.075
1427.076	12.101
1427.372	12.126
1427.707	12.149
1428.091	12.172
1428.533	12.193
1429.046	12.212
1429.645	12.229
1430.346	12.243
1431.170	12.254
1432.139	12.261
1433.276	12.264
1434.604	12.261
1436.145	12.252
1437.914	12.237
1439.915	12.215
1442.141	12.187
1444.565	12.153
1447.143	12.114
1449.814	12.073
1452.509	12.030
1455.153	11.988
1457.679	11.950
1460.035	11.915
1462.184	11.887
1464.110	11.864
1465.810	11.847
1467.297	11.836
1468.589	11.831
1469.710	11.830
1470.682	11.834
1471.530	11.841
1472.274	11.851
1472.932	11.863
1473.521	11.878
1474.052	11.894
1474.537	11.911
1474.984	11.930
1475.400	11.950
1475.791	11.970
1476.161	11.991
1476.514	12.012
1476.852	12.034
1477.179	12.057
1477.496	12.079
1477.806	12.102
1478.109	12.126
1478.408	12.149
1478.703	12.173
1478.997	12.197
1479.291	12.221
1479.585	12.245
1479.883	12.269
1480.185	12.293
1480.494	12.316
1480.812	12.340
1481.141	12.363
1481.484	12.387
1481.845	12.409
1482.228	12.432
1482.634	12.453
1483.070	12.474
1483.540	12.494
1484.049	12.513
1484.603	12.531
1485.206	12.547
1485.864	12.562
1486.584	12.575
1487.368	12.586
1488.222	12.596
1489.148	12.603
1490.146	12.608
1491.214	12.611
1492.348	12.612
1493.541	12.611
1494.783	12.608
1496.061	12.604
1497.362	12.600
1498.669	12.595
1499.966	12.590
1501.240	12.586
1502.477	12.583
1503.667	12.581
1504.801	12.580
1505.877	12.582
1506.894	12.585
1507.853	12.589
1508.758	12.596
1509.617	12.603
1510.438	12.612
1511.231	12.622
1512.005	12.633
1512.771	12.644
1513.541	12.655
1514.326	12.665
1515.138	12.675
1515.985	12.684
1516.880	12.692
1517.829	12.698
1518.841	12.703
1519.921	12.705
1521.070	12.706
1522.288	12.704
1523.570	12.700
1524.909	12.695
1526.293	12.688
1527.706	12.681
1529.133	12.672
1530.554	12.664
1531.952	12.656
1533.310	12.649
1534.614	12.644
1535.852	12.640
1537.018	12.639
1538.107	12.639
1539.118	12.642
1540.055	12.647
1540.921	12.654
1541.724	12.664
1542.470	12.674
1543.169	12.687
1543.828	12.700
1544.458	12.715
1545.065	12.730
1545.661	12.745
1546.253	12.761
1546.850	12.777
1547.461	12.793
1548.095	12.808
1548.761	12.822
1549.468	12.835
1550.226	12.847
1551.044	12.857
1551.930	12.865
1552.894	12.871
1553.944	12.874
1555.084	12.875
1556.320	12.873
1557.652	12.868
1559.077	12.861
1560.587	12.851
1562.170	12.838
1563.811	12.824
1565.490	12.809
1567.184	12.792
1568.870	12.776
1570.526	12.761
1572.132	12.747
1573.671	12.735
1575.134	12.725
1576.513	12.717
1577.807	12.711
1579.019	12.709
1580.157	12.708
1581.231	12.709
1582.253	12.712
1583.238	12.716
1584.200	12.721
1585.158	12.726
1586.127	12.731
1587.125	12.735
1588.169	12.738
1589.276	12.740
1590.460	12.740
1591.734	12.737
1593.108	12.731
1594.586	12.723
1596.168	12.711
1597.845	12.697
1599.605	12.680
1601.425	12.662
1603.281	12.642
1605.141	12.622
1606.976	12.603
1608.759	12.585
1610.464	12.569
1612.075	12.555
1613.582	12.544
1614.979	12.536
1616.271	12.531
1617.465	12.528
1618.571	12.529
1619.605	12.531
1620.582	12.535
1621.516	12.540
1622.424	12.546
1623.320	12.553
1624.218	12.559
1625.129	12.566
1626.063	12.572
1627.028	12.577
1628.030	12.581
1629.074	12.584
1630.159	12.586
1631.285	12.587
1632.447	12.587
1633.641	12.585
1634.859	12.584
1636.092	12.581
1637.331	12.579
1638.567	12.576
1639.791	12.574
1640.997	12.572
1642.180	12.570
1643.335	12.570
1644.463	12.570
1645.564	12.571
1646.641	12.572
1647.698	12.574
1648.740	12.577
1649.775	12.580
1650.807	12.583
1651.845	12.585
1652.893	12.588
1653.957	12.590
1655.040	12.592
1656.145	12.593
1657.273	12.594
1658.423	12.594
1659.591	12.593
1660.774	12.592
1661.965	12.591
1663.157	12.590
1664.343	12.588
1665.513	12.587
1666.659	12.587
1667.774	12.587
1668.851	12.589
1669.884	12.591
1670.868	12.595
1671.801	12.600
1672.682	12.606
1673.508	12.614
1674.283	12.623
1675.006	12.633
1675.681	12.645
1676.311	12.658
1676.898	12.673
1677.447	12.688
1677.961	12.704
1678.444	12.722
1678.899	12.740
1679.329	12.758
1679.738	12.778
1680.129	12.798
1680.503	12.818
1680.865	12.839
1681.216	12.861
1681.558	12.882
1681.894	12.904
1682.225	12.926
1682.552	12.948
1682.878	12.971
1683.204	12.993
1683.530	13.016
1683.858	13.038
1684.189	13.061
1684.523	13.083
1684.862	13.106
1685.205	13.128
1685.554	13.150
1685.909	13.173
1686.270	13.195
1686.637	13.216
1687.010	13.238
1687.390	13.260
1687.775	13.281
1688.165	13.303
1688.561	13.324
1688.961	13.345
1689.365	13.367
1689.772	13.388
1690.182	13.409
1690.594	13.430
1691.006	13.451
1691.419	13.472
1691.832	13.493
1692.243	13.514
1692.652	13.536
1693.059	13.557
1693.463	13.579
1693.863	13.600
1694.260	13.622
1694.653	13.644
1695.042	13.667
1695.428	13.689
1695.810	13.712
1696.190	13.734
1696.567	13.757
1696.943	13.780
1697.318	13.803
1697.693	13.826
1698.070	13.849
1698.449	13.872
1698.833	13.895
1699.222	13.918
1699.619	13.941
1700.024	13.964
1700.441	13.986
1700.870	14.008
1701.314	14.029
1701.775	14.051
1702.255	14.071
1702.757	14.091
1703.284	14.110
1703.836	14.128
1704.419	14.146
1705.033	14.162
1705.683	14.178
1706.370	14.192
1707.099	14.205
1707.872	14.216
1708.693	14.226
1709.564	14.234
1710.489	14.241
1711.470	14.245
1712.510	14.248
1713.610	14.249
1714.771	14.248
1715.995	14.244
1717.279	14.239
1718.621	14.232
1720.018	14.223
1721.467	14.212
1722.963	14.200
1724.501	14.187
1726.078	14.172
1727.691	14.156
1729.341	14.139
1731.031	14.120
1732.766	14.101
1734.556	14.080
1736.413	14.057
1738.349	14.032
1740.377	14.004
1742.509	13.973
1744.750	13.939
1747.102	13.902
1749.557	13.862
1752.099	13.819
1754.705	13.775
1757.347	13.729
1759.996	13.683
1762.625	13.639
1765.210	13.595
1767.738	13.554
1770.198	13.514
1772.591	13.477
1774.918	13.443
1777.184	13.410
1779.394	13.379
1781.552	13.349
1783.658	13.321
1785.710	13.295
1787.702	13.271
1789.628	13.248
1791.479	13.228
1793.250	13.210
1794.932	13.194
1796.524	13.180
1798.021	13.169
1799.425	13.161
1800.738	13.155
1801.964	13.152
1803.107	13.151
1804.175	13.152
1805.172	13.154
1806.105	13.159
1806.982	13.165
1807.807	13.173
1808.589	13.182
1809.331	13.192
1810.040	13.203
1810.722	13.214
1811.381	13.227
1812.024	13.240
1812.655	13.253
1813.280	13.266
1813.905	13.280
1814.534	13.293
1815.175	13.307
1815.833	13.320
1816.514	13.332
1817.225	13.344
1817.974	13.354
1818.765	13.364
1819.608	13.372
1820.508	13.379
1821.471	13.384
1822.504	13.387
1823.610	13.388
1824.794	13.387
1826.056	13.384
1827.395	13.379
1828.807	13.371
1830.287	13.362
1831.824	13.352
1833.406	13.340
1835.018	13.327
