<j>	<Ffjc>
1062.335	12.715
1064.287	12.683
1066.347	12.647
1068.468	12.607
1070.598	12.567
1072.680	12.528
1074.665	12.493
1076.513	12.463
1078.202	12.439
1079.721	12.422
1081.073	12.412
1082.271	12.408
1083.333	12.409
1084.277	12.415
1085.125	12.425
1085.896	12.439
1086.605	12.455
1087.268	12.473
1087.895	12.493
1088.498	12.514
1089.082	12.536
1089.654	12.558
1090.217	12.581
1090.774	12.604
1091.327	12.628
1091.875	12.651
1092.419	12.675
1092.957	12.699
1093.490	12.724
1094.014	12.748
1094.529	12.773
1095.033	12.799
1095.526	12.825
1096.005	12.852
1096.470	12.879
1096.921	12.908
1097.357	12.936
1097.779	12.966
1098.188	12.996
1098.585	13.027
1098.971	13.058
1099.348	13.090
1099.717	13.122
1100.081	13.155
1100.441	13.188
1100.800	13.221
1101.160	13.255
1101.522	13.288
1101.889	13.322
1102.263	13.355
1102.644	13.388
1103.036	13.420
1103.437	13.453
1103.850	13.485
1104.275	13.516
1104.712	13.548
1105.161	13.578
1105.621	13.608
1106.093	13.638
1106.575	13.668
1107.067	13.697
1107.569	13.725
1108.080	13.754
1108.603	13.781
1109.138	13.809
1109.688	13.836
1110.258	13.862
1110.856	13.886
1111.489	13.910
1112.171	13.931
1112.917	13.950
1113.747	13.965
1114.685	13.975
1115.758	13.979
1116.997	13.976
1118.431	13.963
1120.087	13.941
1121.978	13.908
1124.104	13.864
1126.441	13.810
1128.939	13.748
1131.530	13.682
1134.134	13.615
1136.672	13.550
1139.081	13.492
1141.321	13.440
1143.371	13.397
1145.232	13.363
1146.915	13.337
1148.439	13.318
1149.821	13.305
1151.080	13.297
1152.230	13.295
1153.283	13.297
1154.248	13.302
1155.133	13.311
1155.944	13.323
1156.688	13.338
1157.372	13.356
1158.001	13.376
1158.583	13.398
1159.125	13.423
1159.634	13.448
1160.120	13.475
1160.590	13.503
1161.052	13.531
1161.516	13.560
1161.990	13.588
1162.484	13.616
1163.007	13.642
1163.569	13.667
1164.177	13.690
1164.841	13.711
1165.568	13.729
1166.363	13.744
1167.230	13.757
1168.168	13.765
1169.172	13.771
1170.235	13.774
1171.344	13.775
1172.483	13.774
1173.631	13.773
1174.770	13.771
1175.880	13.771
1176.944	13.772
1177.949	13.776
1178.884	13.783
1179.745	13.793
1180.531	13.807
1181.244	13.823
1181.888	13.843
1182.471	13.866
1182.999	13.891
1183.480	13.919
1183.923	13.949
1184.333	13.980
1184.719	14.012
1185.086	14.046
1185.441	14.080
1185.788	14.115
1186.134	14.150
1186.482	14.185
1186.838	14.220
1187.206	14.255
1187.589	14.289
1187.994	14.323
1188.425	14.355
1188.886	14.386
1189.384	14.415
1189.924	14.443
1190.515	14.468
1191.164	14.491
1191.883	14.511
1192.684	14.526
1193.585	14.538
1194.605	14.543
1195.770	14.543
1197.109	14.534
1198.654	14.516
1200.433	14.487
1202.468	14.446
1204.762	14.394
1207.290	14.330
1209.992	14.258
1212.777	14.182
1215.533	14.106
1218.148	14.037
1220.532	13.977
1222.628	13.929
1224.415	13.896
1225.903	13.875
1227.124	13.867
1228.115	13.870
1228.919	13.880
1229.574	13.898
1230.113	13.922
1230.565	13.949
1230.953	13.980
1231.292	14.013
1231.599	14.048
1231.885	14.084
1232.160	14.121
1232.434	14.158
1232.714	14.195
1233.013	14.232
1233.344	14.267
1233.724	14.301
1234.182	14.332
1234.759	14.358
1235.520	14.377
1236.567	14.384
1238.055	14.375
1240.211	14.338
1243.342	14.263
1247.792	14.136
1253.820	13.947
1261.382	13.698
1269.957	13.411
1278.662	13.121
1286.659	12.861
1293.510	12.649
1299.204	12.484
1303.950	12.356
1307.993	12.257
1311.511	12.178
1314.613	12.113
1317.353	12.060
1319.759	12.019
1321.852	11.987
1323.655	11.965
1325.198	11.950
1326.513	11.943
1327.634	11.942
1328.593	11.946
1329.421	11.955
1330.143	11.966
1330.782	11.981
1331.355	11.998
1331.876	12.016
1332.357	12.036
1332.806	12.057
1333.231	12.078
1333.635	12.101
1334.023	12.124
1334.397	12.147
1334.760	12.171
1335.112	12.196
1335.454	12.221
1335.788	12.246
1336.113	12.271
1336.429	12.297
1336.737	12.323
1337.037	12.350
1337.329	12.376
1337.612	12.404
1337.886	12.431
1338.152	12.459
1338.410	12.487
1338.658	12.516
1338.899	12.545
1339.130	12.575
1339.354	12.605
1339.569	12.635
1339.776	12.665
1339.975	12.696
1340.167	12.728
1340.350	12.760
1340.527	12.792
1340.697	12.824
1340.859	12.857
1341.016	12.891
1341.166	12.924
1341.310	12.958
1341.448	12.993
1341.581	13.027
1341.708	13.062
1341.831	13.098
1341.949	13.133
1342.063	13.169
1342.172	13.206
1342.278	13.242
1342.380	13.279
1342.478	13.316
1342.574	13.354
1342.667	13.392
1342.757	13.430
1342.846	13.468
1342.933	13.507
1343.019	13.546
1343.106	13.585
1343.194	13.624
1343.285	13.663
1343.383	13.702
1343.491	13.742
1343.617	13.780
1343.769	13.818
1343.965	13.855
1344.228	13.890
1344.598	13.921
1345.136	13.946
1345.936	13.963
1347.142	13.966
1348.963	13.947
1351.679	13.898
1355.615	13.805
1361.039	13.661
1367.985	13.463
1376.060	13.225
1384.463	12.976
1392.293	12.746
1398.945	12.556
1404.261	12.414
1408.402	12.313
1411.651	12.242
1414.275	12.194
1416.471	12.160
1418.373	12.135
1420.058	12.118
1421.576	12.106
1422.953	12.098
1424.208	12.094
1425.356	12.093
1426.409	12.095
1427.380	12.099
1428.279	12.106
1429.119	12.114
1429.910	12.124
1430.663	12.135
1431.386	12.147
1432.087	12.160
1432.772	12.173
1433.446	12.186
1434.112	12.200
1434.773	12.214
1435.430	12.228
1436.082	12.243
1436.729	12.257
1437.370	12.272
1438.002	12.287
1438.624	12.302
1439.233	12.317
1439.826	12.333
1440.403	12.350
1440.960	12.367
1441.496	12.385
1442.011	12.403
1442.504	12.422
1442.974	12.442
1443.424	12.462
1443.852	12.483
1444.262	12.505
1444.656	12.527
1445.035	12.550
1445.403	12.573
1445.764	12.597
1446.121	12.621
1446.479	12.645
1446.843	12.668
1447.217	12.692
1447.607	12.715
1448.020	12.738
1448.462	12.760
1448.940	12.781
1449.461	12.801
1450.032	12.819
1450.661	12.836
1451.354	12.850
1452.116	12.863
1452.952	12.873
1453.864	12.881
1454.850	12.887
1455.907	12.890
1457.026	12.891
1458.197	12.890
1459.404	12.888
1460.632	12.885
1461.860	12.882
1463.070	12.880
1464.244	12.878
1465.366	12.878
1466.424	12.879
1467.409	12.883
1468.315	12.889
1469.142	12.898
1469.891	12.909
1470.566	12.923
1471.172	12.939
1471.716	12.956
1472.207	12.976
1472.651	12.997
1473.057	13.020
1473.432	13.044
1473.782	13.069
1474.117	13.094
1474.440	13.120
1474.760	13.146
1475.081	13.172
1475.411	13.199
1475.754	13.224
1476.118	13.250
1476.510	13.274
1476.935	13.298
1477.403	13.320
1477.921	13.341
1478.499	13.360
1479.148	13.377
1479.877	13.391
1480.699	13.402
1481.625	13.410
1482.666	13.414
1483.831	13.414
1485.130	13.410
1486.564	13.401
1488.135	13.387
1489.836	13.370
1491.655	13.348
1493.574	13.323
1495.569	13.295
1497.615	13.265
1499.684	13.235
1501.749	13.204
1503.790	13.175
1505.788	13.146
1507.732	13.120
1509.616	13.096
1511.436	13.073
1513.194	13.053
1514.892	13.035
1516.533	13.018
1518.118	13.003
1519.648	12.991
1521.122	12.979
1522.538	12.970
1523.892	12.963
1525.180	12.957
1526.398	12.954
1527.543	12.953
1528.612	12.954
1529.603	12.957
1530.517	12.963
1531.354	12.971
1532.117	12.981
1532.809	12.994
1533.434	13.009
1533.997	13.026
1534.503	13.044
1534.957	13.064
1535.364	13.086
1535.728	13.110
1536.056	13.134
1536.350	13.160
1536.615	13.186
1536.854	13.214
1537.072	13.242
1537.270	13.272
1537.452	13.302
1537.621	13.332
1537.777	13.363
1537.924	13.394
1538.063	13.426
1538.195	13.458
1538.324	13.491
1538.449	13.523
1538.573	13.556
1538.698	13.589
1538.825	13.622
1538.957	13.655
1539.096	13.688
1539.245	13.721
1539.408	13.754
1539.589	13.786
1539.793	13.817
1540.030	13.848
1540.307	13.878
1540.638	13.905
1541.040	13.931
1541.534	13.954
1542.151	13.973
1542.931	13.986
1543.924	13.993
1545.199	13.991
1546.837	13.977
1548.936	13.949
1551.600	13.902
1554.921	13.834
1558.946	13.744
1563.647	13.632
1568.886	13.503
1574.425	13.365
1579.966	13.226
1585.229	13.097
1590.013	12.983
1594.225	12.887
1597.867	12.810
1601.002	12.748
1603.722	12.700
1606.121	12.663
1608.280	12.632
1610.269	12.608
1612.137	12.587
1613.923	12.569
1615.653	12.552
1617.344	12.537
1619.007	12.523
1620.649	12.509
1622.273	12.496
1623.884	12.484
1625.485	12.471
1627.080	12.459
1628.674	12.448
1630.275	12.436
1631.891	12.424
1633.528	12.411
1635.196	12.398
1636.903	12.384
1638.654	12.368
1640.453	12.352
1642.300	12.334
1644.195	12.316
1646.131	12.296
1648.101	12.275
1650.093	12.254
1652.096	12.233
1654.096	12.212
1656.080	12.191
1658.034	12.170
1659.948	12.151
1661.811	12.133
1663.617	12.116
1665.358	12.101
1667.031	12.088
1668.632	12.077
1670.161	12.067
1671.617	12.059
1673.001	12.053
1674.313	12.048
1675.555	12.046
1676.730	12.044
1677.841	12.045
1678.892	12.047
1679.887	12.050
1680.832	12.055
1681.734	12.061
1682.599	12.067
1683.438	12.075
1684.258	12.083
1685.073	12.091
1685.896	12.099
1686.741	12.107
1687.626	12.114
1688.571	12.119
1689.598	12.123
1690.730	12.125
1691.993	12.124
1693.411	12.119
1695.006	12.110
1696.799	12.097
1698.798	12.078
1701.004	12.055
1703.402	12.028
1705.960	11.996
1708.631	11.962
1711.357	11.926
1714.071	11.890
1716.708	11.855
1719.209	11.823
1721.531	11.795
1723.643	11.772
1725.533	11.754
1727.203	11.741
1728.664	11.732
1729.937	11.728
1731.044	11.728
1732.010	11.732
1732.860	11.738
1733.617	11.746
1734.301	11.756
1734.929	11.767
1735.520	11.780
1736.085	11.793
1736.638	11.806
1737.189	11.820
1737.750	11.833
1738.328	11.847
1738.934	11.859
1739.578	11.872
1740.268	11.883
1741.015	11.892
1741.831	11.901
1742.727	11.908
1743.716	11.912
1744.812	11.915
1746.029	11.915
1747.379	11.912
1748.877	11.905
1750.531	11.896
1752.347	11.883
1754.326	11.866
1756.460	11.845
1758.733	11.822
1761.121	11.796
1763.590	11.768
1766.102	11.739
1768.611	11.710
1771.075	11.681
1773.452	11.655
1775.709	11.630
1777.820	11.609
1779.769	11.591
1781.548	11.577
1783.157	11.567
1784.603	11.559
1785.896	11.556
1787.051	11.555
1788.082	11.557
1789.003	11.561
1789.830	11.567
1790.575	11.575
1791.250	11.585
1791.867	11.596
1792.435	11.608
1792.961	11.621
1793.452	11.635
1793.914	11.650
1794.351	11.665
1794.769	11.681
1795.170	11.697
1795.557	11.713
1795.932	11.730
1796.298	11.747
1796.656	11.764
1797.009	11.781
1797.356	11.799
1797.700	11.816
1798.041	11.834
1798.380	11.852
1798.719	11.870
1799.057	11.888
1799.396	11.906
1799.736	11.924
1800.077	11.942
1800.421	11.960
1800.767	11.977
1801.116	11.995
1801.469	12.013
1801.826	12.031
1802.186	12.049
1802.551	12.067
1802.921	12.085
1803.295	12.102
1803.674	12.120
1804.058	12.137
1804.447	12.155
1804.841	12.172
1805.240	12.189
1805.643	12.206
1806.051	12.224
1806.464	12.241
1806.880	12.258
1807.301	12.275
1807.725	12.291
1808.153	12.308
1808.585	12.325
1809.019	12.342
1809.457	12.358
1809.898	12.375
1810.343	12.392
1810.790	12.408
1811.241	12.425
1811.695	12.441
1812.153	12.458
1812.616	12.474
1813.083	12.490
1813.556	12.506
1814.036	12.522
1814.522	12.538
1815.017	12.554
1815.522	12.569
1816.037	12.585
1816.565	12.600
1817.106	12.614
1817.663	12.629
1818.236	12.643
1818.828	12.656
1819.440	12.670
1820.075	12.682
1820.733	12.694
1821.416	12.706
1822.126	12.717
1822.864	12.727
1823.631	12.736
1824.427	12.745
1825.253	12.753
1826.109	12.760
1826.994	12.767
1827.908	12.773
1828.847	12.778
1829.812	12.782
1830.798	12.786
1831.803	12.789
1832.824	12.792
1833.857	12.795
1834.898	12.798
1835.943	12.800
1836.988	12.802
1838.029	12.804
1839.063	12.807
1840.086	12.810
1841.096	12.813
1842.090	12.816
1843.067	12.820
1844.025	12.824
1844.963	12.829
1845.881	12.834
1846.779	12.840
1847.658	12.846
1848.518	12.852
1849.360	12.860
1850.187	12.867
1850.999	12.875
1851.798	12.883
