<j>	<Fwlc>
1052.325	13.125
1053.197	13.137
1054.149	13.146
1055.205	13.151
1056.401	13.151
1057.786	13.143
1059.425	13.125
1061.398	13.093
1063.794	13.045
1066.688	12.977
1070.115	12.887
1074.034	12.778
1078.298	12.653
1082.670	12.524
1086.873	12.400
1090.669	12.292
1093.912	12.205
1096.563	12.141
1098.665	12.099
1100.304	12.076
1101.578	12.067
1102.578	12.069
1103.381	12.080
1104.045	12.096
1104.615	12.116
1105.123	12.139
1105.592	12.163
1106.042	12.189
1106.484	12.215
1106.930	12.241
1107.388	12.267
1107.865	12.293
1108.370	12.317
1108.909	12.340
1109.487	12.363
1110.113	12.383
1110.792	12.401
1111.530	12.418
1112.334	12.432
1113.207	12.443
1114.152	12.452
1115.171	12.458
1116.260	12.461
1117.414	12.461
1118.624	12.459
1119.877	12.456
1121.157	12.451
1122.447	12.445
1123.727	12.440
1124.980	12.435
1126.187	12.432
1127.336	12.431
1128.415	12.433
1129.418	12.437
1130.342	12.444
1131.186	12.454
1131.955	12.467
1132.651	12.483
1133.283	12.502
1133.857	12.522
1134.381	12.545
1134.863	12.570
1135.309	12.596
1135.728	12.623
1136.127	12.652
1136.513	12.681
1136.892	12.710
1137.273	12.740
1137.661	12.769
1138.066	12.798
1138.494	12.827
1138.953	12.854
1139.454	12.880
1140.005	12.904
1140.616	12.926
1141.296	12.945
1142.056	12.961
1142.903	12.974
1143.843	12.983
1144.879	12.989
1146.009	12.990
1147.227	12.988
1148.520	12.982
1149.870	12.974
1151.254	12.964
1152.645	12.954
1154.018	12.944
1155.348	12.935
1156.613	12.929
1157.798	12.926
1158.894	12.926
1159.897	12.929
1160.808	12.937
1161.633	12.948
1162.378	12.962
1163.055	12.979
1163.671	12.999
1164.237	13.021
1164.763	13.045
1165.256	13.070
1165.724	13.096
1166.172	13.124
1166.606	13.152
1167.031	13.180
1167.449	13.209
1167.863	13.238
1168.276	13.268
1168.688	13.297
1169.100	13.327
1169.512	13.356
1169.926	13.386
1170.339	13.416
1170.752	13.446
1171.164	13.476
1171.574	13.506
1171.981	13.537
1172.383	13.568
1172.781	13.599
1173.172	13.630
1173.555	13.662
1173.931	13.694
1174.298	13.727
1174.655	13.760
1175.002	13.794
1175.339	13.828
1175.666	13.863
1175.983	13.899
1176.290	13.935
1176.587	13.972
1176.875	14.009
1177.156	14.047
1177.429	14.086
1177.697	14.124
1177.960	14.164
1178.221	14.203
1178.481	14.243
1178.743	14.283
1179.012	14.323
1179.292	14.362
1179.591	14.401
1179.920	14.439
1180.296	14.475
1180.743	14.508
1181.300	14.537
1182.025	14.558
1183.003	14.569
1184.357	14.563
1186.254	14.534
1188.890	14.472
1192.456	14.370
1197.036	14.222
1202.497	14.035
1208.429	13.826
1214.255	13.620
1219.454	13.441
1223.758	13.301
1227.164	13.200
1229.834	13.131
1231.982	13.087
1233.808	13.057
1235.470	13.036
1237.089	13.017
1238.753	12.998
1240.530	12.976
1242.467	12.949
1244.599	12.915
1246.943	12.873
1249.496	12.824
1252.235	12.769
1255.115	12.708
1258.070	12.645
1261.025	12.582
1263.900	12.521
1266.627	12.465
1269.152	12.416
1271.443	12.374
1273.489	12.342
1275.292	12.317
1276.869	12.301
1278.243	12.291
1279.440	12.287
1280.486	12.289
1281.406	12.295
1282.223	12.305
1282.956	12.317
1283.623	12.332
1284.239	12.349
1284.818	12.367
1285.370	12.386
1285.906	12.406
1286.434	12.427
1286.961	12.447
1287.493	12.468
1288.037	12.488
1288.596	12.507
1289.174	12.527
1289.775	12.545
1290.399	12.563
1291.048	12.580
1291.723	12.596
1292.421	12.611
1293.142	12.626
1293.883	12.639
1294.640	12.653
1295.410	12.665
1296.187	12.678
1296.968	12.690
1297.747	12.702
1298.520	12.715
1299.282	12.727
1300.030	12.741
1300.761	12.754
1301.472	12.769
1302.161	12.784
1302.826	12.800
1303.468	12.817
1304.086	12.834
1304.681	12.853
1305.253	12.872
1305.803	12.893
1306.332	12.914
1306.842	12.935
1307.335	12.958
1307.811	12.981
1308.273	13.004
1308.721	13.029
1309.159	13.053
1309.588	13.078
1310.009	13.104
1310.425	13.130
1310.839	13.156
1311.254	13.182
1311.672	13.208
1312.099	13.233
1312.538	13.259
1312.994	13.284
1313.475	13.308
1313.986	13.332
1314.536	13.354
1315.132	13.374
1315.786	13.392
1316.505	13.408
1317.301	13.422
1318.182	13.432
1319.157	13.439
1320.231	13.442
1321.407	13.441
1322.681	13.437
1324.047	13.428
1325.488	13.417
1326.987	13.404
1328.519	13.389
1330.056	13.373
1331.572	13.358
1333.042	13.345
1334.445	13.334
1335.765	13.325
1336.994	13.320
1338.127	13.319
1339.167	13.321
1340.118	13.326
1340.988	13.334
1341.787	13.345
1342.526	13.359
1343.215	13.374
1343.867	13.391
1344.494	13.409
1345.108	13.428
1345.725	13.446
1346.363	13.465
1347.043	13.482
1347.793	13.497
1348.650	13.508
1349.661	13.515
1350.889	13.514
1352.411	13.503
1354.316	13.480
1356.700	13.440
1359.646	13.381
1363.193	13.301
1367.306	13.201
1371.846	13.087
1376.584	12.965
1381.245	12.845
1385.580	12.736
1389.424	12.643
1392.714	12.569
1395.478	12.513
1397.794	12.472
1399.764	12.443
1401.486	12.423
1403.048	12.409
1404.521	12.399
1405.961	12.390
1407.409	12.381
1408.896	12.371
1410.444	12.360
1412.062	12.347
1413.754	12.332
1415.515	12.314
1417.332	12.295
1419.189	12.274
1421.060	12.253
1422.921	12.232
1424.745	12.212
1426.507	12.194
1428.187	12.178
1429.770	12.164
1431.246	12.154
1432.612	12.147
1433.871	12.142
1435.028	12.141
1436.096	12.143
1437.085	12.147
1438.013	12.152
1438.894	12.160
1439.745	12.168
1440.583	12.177
1441.426	12.186
1442.289	12.194
1443.190	12.202
1444.144	12.208
1445.166	12.213
1446.269	12.215
1447.463	12.215
1448.756	12.212
1450.149	12.206
1451.639	12.198
1453.217	12.186
1454.867	12.173
1456.566	12.158
1458.287	12.142
1460.002	12.126
1461.681	12.111
1463.296	12.098
1464.825	12.086
1466.249	12.078
1467.557	12.072
1468.745	12.070
1469.813	12.071
1470.766	12.075
1471.610	12.083
1472.356	12.093
1473.015	12.106
1473.597	12.121
1474.114	12.138
1474.574	12.156
1474.987	12.176
1475.360	12.197
1475.702	12.220
1476.018	12.243
1476.313	12.267
1476.593	12.291
1476.860	12.316
1477.121	12.341
1477.376	12.367
1477.630	12.392
1477.886	12.418
1478.146	12.444
1478.412	12.469
1478.689	12.495
1478.979	12.520
1479.286	12.545
1479.613	12.569
1479.964	12.593
1480.345	12.616
1480.759	12.638
1481.214	12.659
1481.714	12.679
1482.268	12.697
1482.882	12.713
1483.564	12.728
1484.321	12.740
1485.162	12.750
1486.091	12.758
1487.114	12.762
1488.233	12.764
1489.448	12.762
1490.754	12.758
1492.143	12.752
1493.602	12.743
1495.114	12.732
1496.660	12.720
1498.218	12.707
1499.767	12.695
1501.286	12.683
1502.758	12.673
1504.169	12.664
1505.510	12.657
1506.775	12.653
1507.965	12.650
1509.082	12.650
1510.131	12.652
1511.119	12.656
1512.055	12.661
1512.947	12.668
1513.804	12.676
1514.635	12.685
1515.448	12.694
1516.251	12.704
1517.050	12.714
1517.851	12.724
1518.662	12.734
1519.486	12.744
1520.330	12.752
1521.198	12.761
1522.095	12.768
1523.027	12.775
1523.998	12.780
1525.015	12.784
1526.082	12.787
1527.207	12.788
1528.396	12.787
1529.655	12.784
1530.990	12.779
1532.406	12.772
1533.906	12.762
1535.491	12.750
1537.158	12.735
1538.901	12.718
1540.709	12.699
1542.566	12.679
1544.454	12.658
1546.351	12.636
1548.232	12.614
1550.075	12.594
1551.858	12.575
1553.563	12.558
1555.176	12.544
1556.688	12.533
1558.095	12.524
1559.396	12.519
1560.595	12.516
1561.696	12.516
1562.707	12.519
1563.637	12.524
1564.493	12.531
1565.283	12.540
1566.017	12.551
1566.700	12.564
1567.339	12.577
1567.941	12.592
1568.508	12.608
1569.047	12.624
1569.560	12.642
1570.050	12.660
1570.520	12.679
1570.973	12.698
1571.410	12.718
1571.832	12.738
1572.242	12.759
1572.642	12.780
1573.032	12.802
1573.414	12.823
1573.790	12.845
1574.161	12.868
1574.531	12.890
1574.899	12.912
1575.270	12.935
1575.646	12.957
1576.029	12.980
1576.423	13.002
1576.831	13.023
1577.259	13.045
1577.710	13.065
1578.189	13.085
1578.702	13.104
1579.255	13.122
1579.853	13.139
1580.503	13.154
1581.209	13.167
1581.977	13.179
1582.812	13.188
1583.715	13.196
1584.688	13.201
1585.729	13.205
1586.833	13.206
1587.994	13.206
1589.200	13.204
1590.438	13.200
1591.694	13.197
1592.951	13.193
1594.192	13.189
1595.402	13.186
1596.567	13.184
1597.676	13.184
1598.721	13.186
1599.695	13.190
1600.597	13.196
1601.428	13.204
1602.189	13.214
1602.885	13.227
1603.521	13.241
1604.102	13.257
1604.635	13.274
1605.126	13.293
1605.581	13.314
1606.005	13.335
1606.404	13.357
1606.781	13.380
1607.142	13.403
1607.491	13.427
1607.831	13.451
1608.166	13.476
1608.498	13.501
1608.833	13.526
1609.173	13.550
1609.524	13.575
1609.889	13.599
1610.275	13.623
1610.690	13.646
1611.142	13.667
1611.643	13.688
1612.209	13.706
1612.858	13.723
1613.613	13.736
1614.503	13.745
1615.561	13.748
1616.826	13.746
1618.335	13.736
1620.128	13.717
1622.230	13.689
1624.651	13.651
1627.370	13.603
1630.333	13.547
1633.452	13.486
1636.612	13.423
1639.690	13.363
1642.576	13.307
1645.188	13.260
1647.479	13.222
1649.440	13.194
1651.088	13.176
1652.456	13.166
1653.588	13.164
1654.529	13.167
1655.322	13.176
1656.005	13.188
1656.610	13.202
1657.168	13.219
1657.702	13.236
1658.235	13.253
1658.785	13.271
1659.372	13.287
1660.011	13.302
1660.720	13.315
1661.513	13.326
1662.405	13.334
1663.409	13.339
1664.534	13.340
1665.787	13.337
1667.167	13.331
1668.671	13.321
1670.284	13.308
1671.990	13.291
1673.762	13.273
1675.572	13.253
1677.391	13.233
1679.191	13.213
1680.950	13.194
1682.650	13.177
1684.285	13.162
1685.856	13.149
1687.369	13.137
1688.839	13.127
1690.283	13.118
1691.723	13.109
1693.177	13.100
1694.664	13.091
1696.199	13.080
1697.792	13.068
1699.445	13.054
1701.153	13.038
1702.905	13.021
1704.680	13.003
1706.455	12.985
1708.200	12.968
1709.889	12.952
1711.494	12.938
1712.994	12.927
1714.373	12.919
1715.623	12.915
1716.739	12.914
1717.726	12.917
1718.588	12.923
1719.335	12.932
1719.979	12.945
1720.531	12.960
1721.003	12.977
1721.406	12.996
1721.751	13.017
1722.047	13.040
1722.302	13.063
1722.524	13.088
1722.718	13.114
1722.891	13.140
1723.046	13.167
1723.188	13.195
1723.321	13.223
1723.446	13.251
1723.568	13.280
1723.688	13.308
1723.809	13.337
1723.932	13.366
1724.061	13.395
1724.196	13.423
1724.341	13.452
1724.498	13.480
1724.669	13.509
1724.856	13.536
1725.064	13.563
1725.296	13.590
1725.556	13.616
1725.847	13.641
1726.176	13.665
1726.547	13.688
1726.966	13.710
1727.441	13.730
1727.978	13.748
1728.585	13.764
1729.270	13.778
1730.039	13.790
1730.900	13.798
1731.858	13.804
1732.919	13.807
1734.083	13.806
1735.349	13.803
1736.715	13.796
1738.171	13.786
1739.708	13.774
1741.311	13.760
1742.966	13.744
1744.656	13.727
1746.368	13.709
1748.088	13.691
1749.808	13.673
1751.525	13.656
1753.241	13.638
1754.962	13.620
1756.702	13.602
1758.476	13.583
1760.305	13.563
1762.210	13.541
1764.212	13.517
1766.330	13.490
1768.574	13.459
1770.948	13.424
1773.444	13.387
1776.038	13.346
1778.697	13.304
1781.375	13.261
1784.022	13.219
1786.588	13.179
1789.026	13.142
1791.304	13.110
1793.400	13.082
1795.305	13.060
1797.022	13.042
1798.563	13.030
1799.947	13.022
1801.195	13.018
1802.328	13.017
1803.370	13.018
1804.340	13.022
1805.258	13.027
1806.139	13.033
1806.997	13.040
1807.843	13.048
1808.686	13.055
1809.534	13.063
1810.390	13.070
1811.260	13.077
1812.143	13.084
1813.040	13.090
1813.950	13.096
1814.871	13.101
1815.799	13.107
1816.731	13.112
1817.662	13.117
1818.588	13.122
1819.505	13.128
1820.410	13.134
1821.299	13.140
1822.170	13.146
1823.021	13.153
1823.852	13.161
1824.664	13.169
1825.457	13.178
1826.235	13.187
1826.999	13.197
1827.755	13.207
1828.506	13.216
1829.258	13.226
1830.014	13.236
1830.782	13.246
1831.565	13.255
1832.369	13.264
1833.198	13.272
1834.055	13.280
1834.945	13.287
1835.867	13.292
