<j>	<F>
1.204	20.472
2.624	13.680
3.345	18.965
4.676	16.599
6.053	12.658
7.211	14.251
8.562	11.469
9.422	12.971
10.753	12.970
11.891	12.026
12.858	13.063
14.259	12.457
15.436	12.155
16.919	11.985
18.628	10.679
19.738	10.502
20.598	10.918
21.334	11.581
22.031	12.448
22.898	13.227
24.244	13.180
25.933	12.244
27.309	11.631
28.173	11.815
28.830	12.530
29.707	13.209
31.416	12.945
33.906	11.367
35.701	10.430
36.853	10.352
37.806	10.505
38.624	10.769
39.314	11.148
39.884	11.663
40.369	12.316
40.831	13.086
41.410	13.865
42.466	14.266
44.513	13.534
46.824	12.160
48.168	11.712
48.989	11.924
49.785	12.252
50.728	12.484
51.836	12.555
53.006	12.526
54.093	12.530
55.028	12.652
55.845	12.895
56.662	13.187
57.628	13.386
58.764	13.400
59.848	13.375
60.685	13.546
61.400	13.908
62.375	14.182
64.155	13.898
66.823	12.862
69.228	11.883
70.705	11.534
71.609	11.593
72.267	11.834
72.849	12.153
73.465	12.485
74.212	12.766
75.173	12.930
76.376	12.936
77.726	12.818
79.030	12.689
80.134	12.660
81.014	12.763
81.717	12.983
82.323	13.284
82.924	13.619
83.647	13.917
84.678	14.060
86.215	13.904
88.212	13.431
90.192	12.915
91.807	12.610
93.194	12.476
94.570	12.376
95.957	12.263
97.233	12.178
98.317	12.173
99.214	12.256
99.984	12.403
100.675	12.591
101.304	12.815
101.897	13.064
102.487	13.329
103.153	13.582
104.045	13.753
105.372	13.739
107.284	13.445
109.552	12.942
111.563	12.507
113.009	12.309
113.995	12.321
114.743	12.448
115.373	12.638
115.970	12.853
116.585	13.074
117.284	13.272
118.115	13.421
119.107	13.500
120.233	13.513
121.417	13.486
122.563	13.464
123.606	13.480
124.526	13.545
125.331	13.663
126.046	13.823
126.695	14.018
127.314	14.235
127.937	14.461
128.615	14.672
129.423	14.837
130.470	14.905
131.882	14.811
133.647	14.544
135.550	14.194
137.304	13.899
138.832	13.714
140.243	13.597
141.642	13.493
143.018	13.394
144.287	13.325
145.414	13.307
146.417	13.338
147.370	13.394
148.309	13.458
149.247	13.520
150.164	13.587
151.040	13.667
151.901	13.758
152.795	13.845
153.804	13.901
155.016	13.893
156.471	13.803
158.147	13.632
159.926	13.421
161.664	13.218
163.283	13.056
164.770	12.940
166.180	12.858
167.617	12.781
169.140	12.689
170.816	12.561
172.590	12.404
174.328	12.247
175.906	12.123
177.213	12.060
178.230	12.068
179.026	12.133
179.640	12.247
180.141	12.394
180.579	12.564
180.986	12.749
181.408	12.938
181.881	13.120
182.437	13.288
183.141	13.422
184.054	13.504
185.234	13.516
186.718	13.445
188.507	13.288
190.467	13.083
192.495	12.861
194.505	12.649
196.455	12.460
198.340	12.290
200.101	12.148
201.662	12.046
202.993	11.990
204.083	11.986
204.972	12.026
205.715	12.099
206.352	12.197
206.917	12.313
207.429	12.444
207.910	12.585
208.376	12.732
208.830	12.886
209.296	13.040
209.792	13.192
210.325	13.339
210.923	13.473
211.607	13.588
212.378	13.684
213.240	13.756
214.207	13.800
215.230	13.827
216.285	13.843
217.348	13.855
218.407	13.867
219.433	13.888
220.449	13.912
221.482	13.933
222.550	13.948
223.667	13.952
224.874	13.936
226.193	13.894
227.607	13.830
229.113	13.744
230.714	13.637
232.380	13.517
234.066	13.394
235.759	13.270
237.429	13.153
239.058	13.048
240.669	12.953
242.334	12.856
244.136	12.742
246.167	12.592
248.394	12.408
250.673	12.209
252.739	12.039
254.454	11.922
255.744	11.876
256.665	11.893
257.326	11.958
257.821	12.056
258.220	12.174
258.570	12.305
258.909	12.442
259.263	12.580
259.653	12.715
260.094	12.844
260.598	12.965
261.200	13.070
261.919	13.155
262.754	13.219
263.712	13.260
264.798	13.275
265.978	13.270
267.231	13.249
268.510	13.222
269.808	13.190
271.097	13.160
272.386	13.131
273.663	13.104
274.949	13.077
276.266	13.047
277.639	13.008
279.077	12.961
280.615	12.899
282.268	12.818
284.003	12.723
285.757	12.623
287.415	12.534
288.918	12.468
290.219	12.431
291.303	12.428
292.196	12.457
292.936	12.510
293.571	12.583
294.129	12.670
294.640	12.766
295.119	12.870
295.591	12.977
296.071	13.085
296.567	13.192
297.098	13.295
297.671	13.393
298.318	13.480
299.064	13.553
299.940	13.604
300.973	13.630
302.187	13.625
303.620	13.582
305.245	13.506
307.031	13.400
308.867	13.284
310.673	13.171
312.396	13.070
313.986	12.991
315.424	12.937
316.727	12.904
317.892	12.892
318.951	12.897
319.890	12.920
320.741	12.957
321.493	13.010
322.177	13.074
322.810	13.148
323.413	13.228
324.021	13.309
324.670	13.388
325.426	13.454
326.383	13.495
327.675	13.491
329.487	13.414
331.936	13.246
334.914	12.997
338.056	12.714
340.903	12.462
343.159	12.287
344.732	12.205
345.777	12.198
346.499	12.239
347.025	12.309
347.452	12.397
347.854	12.491
348.260	12.588
348.694	12.682
349.188	12.771
349.752	12.852
350.413	12.921
351.170	12.977
352.005	13.022
352.909	13.056
353.864	13.081
354.805	13.106
355.692	13.136
356.518	13.174
357.233	13.226
357.854	13.292
358.374	13.373
358.810	13.468
359.173	13.576
359.488	13.693
359.756	13.819
359.991	13.952
360.203	14.092
360.402	14.236
360.584	14.386
360.760	14.540
360.931	14.698
361.097	14.859
361.266	15.023
361.440	15.189
361.628	15.356
361.839	15.523
362.089	15.686
362.402	15.841
362.832	15.979
363.491	16.080
364.593	16.108
366.513	15.998
369.767	15.665
374.632	15.066
380.405	14.323
385.698	13.672
389.843	13.218
392.942	12.936
395.370	12.760
397.408	12.644
399.217	12.561
400.888	12.497
402.498	12.443
404.068	12.395
405.606	12.353
407.143	12.312
408.685	12.270
410.220	12.230
411.728	12.191
413.198	12.156
414.579	12.129
415.868	12.111
417.048	12.105
418.118	12.109
419.096	12.123
419.975	12.147
420.776	12.179
421.511	12.219
422.198	12.264
422.833	12.315
423.417	12.371
423.980	12.431
424.533	12.491
425.049	12.557
425.538	12.626
426.011	12.697
426.466	12.771
426.926	12.846
427.412	12.919
427.925	12.990
428.468	13.059
429.061	13.123
429.728	13.179
430.475	13.227
431.318	13.264
432.290	13.286
433.340	13.298
434.461	13.301
435.605	13.299
436.751	13.296
437.844	13.298
438.899	13.303
439.889	13.315
440.805	13.336
441.654	13.366
442.461	13.402
443.260	13.440
444.086	13.476
444.955	13.508
445.925	13.530
447.000	13.540
448.181	13.537
449.496	13.520
450.904	13.490
452.417	13.448
453.973	13.399
455.542	13.348
457.052	13.302
458.446	13.267
459.713	13.246
460.818	13.243
461.779	13.256
462.614	13.282
463.337	13.322
463.986	13.371
464.548	13.431
465.051	13.499
465.528	13.571
466.016	13.644
466.559	13.713
467.193	13.773
467.981	13.819
468.989	13.842
470.316	13.830
472.004	13.779
474.081	13.683
476.436	13.553
478.925	13.404
481.273	13.266
483.331	13.157
485.014	13.088
486.378	13.054
487.480	13.049
488.422	13.063
489.280	13.088
490.087	13.120
490.870	13.155
491.669	13.188
492.487	13.220
493.316	13.250
494.131	13.282
494.935	13.314
495.727	13.347
496.487	13.383
497.209	13.423
497.883	13.468
498.504	13.519
499.079	13.575
499.607	13.636
500.089	13.703
500.538	13.774
500.991	13.845
501.424	13.920
501.840	13.997
502.253	14.076
502.653	14.156
503.057	14.237
503.477	14.317
503.918	14.396
504.385	14.472
504.884	14.546
505.421	14.615
506.012	14.679
506.674	14.735
507.412	14.783
508.256	14.818
509.210	14.840
510.312	14.844
511.559	14.831
512.930	14.801
514.396	14.759
515.920	14.709
517.447	14.657
518.929	14.609
520.335	14.570
521.629	14.543
522.842	14.526
523.940	14.522
524.921	14.532
525.812	14.553
526.618	14.585
527.361	14.624
528.056	14.669
528.717	14.719
529.350	14.773
529.985	14.828
530.615	14.883
531.263	14.939
531.980	14.988
532.867	15.022
534.169	15.019
536.401	14.932
540.609	14.667
548.053	14.110
558.499	13.278
568.602	12.471
575.516	11.945
579.333	11.694
581.328	11.606
582.472	11.592
583.251	11.611
583.835	11.646
584.320	11.689
584.754	11.737
585.151	11.788
585.510	11.842
585.851	11.897
586.177	11.955
586.480	12.014
586.763	12.075
587.030	12.138
587.282	12.203
587.533	12.268
587.766	12.335
587.985	12.404
588.196	12.474
588.397	12.546
588.589	12.619
588.771	12.693
588.946	12.769
589.112	12.846
589.270	12.925
589.427	13.005
589.577	13.086
589.723	13.168
589.864	13.252
590.000	13.336
590.133	13.423
590.263	13.510
590.390	13.599
590.511	13.689
590.633	13.780
590.759	13.872
590.891	13.965
591.034	14.057
591.195	14.149
591.384	14.240
591.615	14.329
591.914	14.412
592.306	14.488
592.865	14.550
593.677	14.589
594.870	14.594
596.605	14.548
599.002	14.440
602.062	14.268
605.612	14.047
609.280	13.810
612.667	13.598
615.524	13.434
617.881	13.319
619.881	13.241
621.684	13.183
623.440	13.133
625.220	13.082
627.019	13.030
628.797	12.980
630.536	12.931
632.167	12.891
633.682	12.858
635.059	12.837
636.317	12.825
637.500	12.820
638.666	12.818
639.838	12.816
641.051	12.812
642.366	12.802
643.789	12.784
645.287	12.760
646.867	12.729
648.471	12.696
650.021	12.665
651.486	12.639
652.844	12.620
654.023	12.613
655.026	12.618
655.883	12.634
656.614	12.659
657.212	12.694
657.709	12.738
658.148	12.785
658.530	12.838
658.871	12.894
659.186	12.953
659.491	13.014
659.797	13.075
660.104	13.137
660.435	13.197
660.782	13.257
661.159	13.316
661.577	13.371
662.058	13.423
662.598	13.470
663.201	13.513
663.878	13.550
664.636	13.581
665.493	13.604
666.432	13.621
667.456	13.631
668.549	13.634
669.699	13.633
670.901	13.628
672.133	13.619
673.384	13.609
674.642	13.598
675.902	13.587
677.151	13.576
678.398	13.566
679.635	13.557
680.872	13.548
682.112	13.539
683.373	13.528
684.638	13.517
685.906	13.506
687.179	13.495
688.480	13.481
689.769	13.468
691.029	13.457
692.271	13.448
693.523	13.438
694.757	13.429
696.000	13.421
697.306	13.410
698.699	13.393
700.230	13.367
701.981	13.328
703.971	13.272
706.240	13.198
708.767	13.105
711.447	13.002
714.196	12.892
716.818	12.790
719.159	12.705
721.237	12.637
722.939	12.594
724.303	12.573
725.437	12.567
726.317	12.579
727.006	12.603
727.586	12.636
728.056	12.676
728.435	12.722
728.766	12.773
729.053	12.827
729.299	12.884
729.525	12.943
729.733	13.003
729.923	13.066
730.094	13.130
730.268	13.195
730.436	13.261
730.595	13.328
730.750	13.396
730.919	13.464
731.088	13.532
731.259	13.601
731.435	13.670
731.625	13.738
731.835	13.806
732.064	13.873
732.311	13.939
732.586	14.004
732.880	14.068
733.217	14.129
733.595	14.187
734.014	14.242
734.479	14.295
734.990	14.343
735.559	14.388
736.177	14.428
736.840	14.465
737.533	14.499
738.249	14.531
738.981	14.561
739.719	14.591
740.446	14.621
741.151	14.653
741.842	14.687
742.532	14.721
743.263	14.754
744.123	14.779
745.296	14.784
747.123	14.746
750.166	14.627
755.237	14.371
762.727	13.948
771.845	13.412
780.492	12.903
787.012	12.535
791.293	12.319
794.000	12.210
795.846	12.160
797.265	12.140
798.477	12.134
799.623	12.134
800.742	12.136
801.869	12.137
803.005	12.138
804.161	12.138
805.300	12.139
806.445	12.139
807.572	12.140
808.695	12.142
809.786	12.144
810.856	12.147
811.855	12.155
812.825	12.163
813.730	12.175
814.596	12.189
815.424	12.205
816.214	12.223
816.966	12.243
817.684	12.265
818.377	12.289
819.057	12.314
819.748	12.338
820.442	12.363
821.156	12.386
821.903	12.408
822.648	12.430
823.470	12.449
824.332	12.465
825.234	12.479
826.186	12.490
827.193	12.498
828.206	12.506
829.233	12.513
830.311	12.516
831.322	12.523
832.382	12.527
833.371	12.534
834.301	12.545
835.186	12.557
835.980	12.575
836.757	12.593
837.446	12.617
838.103	12.642
838.693	12.671
839.241	12.703
839.764	12.736
840.245	12.772
840.739	12.808
841.202	12.845
841.677	12.883
842.146	12.920
842.596	12.959
843.085	12.996
843.571	13.034
844.063	13.071
844.579	13.107
845.092	13.143
845.601	13.179
846.128	13.215
846.654	13.251
847.182	13.286
847.695	13.323
848.222	13.359
848.744	13.395
849.257	13.432
849.780	13.469
850.344	13.504
850.944	13.537
851.605	13.568
852.391	13.591
853.365	13.605
854.608	13.604
856.211	13.584
858.295	13.536
861.029	13.452
864.444	13.329
868.370	13.176
872.586	13.006
876.849	12.832
880.740	12.677
884.069	12.553
886.809	12.461
889.024	12.399
890.849	12.359
892.349	12.337
893.676	12.326
894.884	12.321
896.032	12.320
897.141	12.322
898.247	12.324
899.342	12.327
900.486	12.327
901.622	12.328
902.818	12.326
903.951	12.327
905.135	12.325
906.241	12.327
907.373	12.327
908.435	12.330
909.460	12.335
910.402	12.343
911.305	12.354
912.103	12.369
912.878	12.386
913.550	12.408
914.198	12.431
914.774	12.457
915.334	12.485
915.830	12.516
916.319	12.548
916.752	12.582
917.189	12.617
917.605	12.653
918.010	12.690
918.424	12.726
918.811	12.764
919.230	12.801
919.653	12.838
920.093	12.874
920.560	12.909
921.050	12.943
921.566	12.976
922.151	13.006
922.765	13.034
923.484	13.057
924.258	13.078
925.122	13.094
926.081	13.104
927.130	13.111
928.271	13.112
929.531	13.106
930.825	13.099
932.173	13.088
933.555	13.074
934.878	13.063
936.177	13.053
937.369	13.048
938.504	13.046
939.508	13.051
940.423	13.060
941.204	13.076
941.899	13.097
942.482	13.124
942.979	13.156
943.425	13.190
943.800	13.229
944.150	13.270
944.458	13.313
944.738	13.358
944.990	13.405
945.228	13.454
945.470	13.502
945.706	13.551
945.943	13.601
946.185	13.650
946.429	13.700
946.705	13.748
946.970	13.797
947.252	13.846
947.587	13.892
947.907	13.939
948.275	13.983
948.673	14.026
949.064	14.069
949.524	14.109
949.997	14.148
950.501	14.185
951.051	14.219
951.611	14.254
952.254	14.283
952.928	14.311
953.664	14.336
954.562	14.351
955.669	14.356
957.125	14.344
959.149	14.302
962.085	14.212
966.340	14.055
972.164	13.815
979.277	13.508
987.051	13.166
994.209	12.854
1000.034	12.611
1004.342	12.446
1007.419	12.344
1009.647	12.287
1011.321	12.258
1012.713	12.244
1013.925	12.239
1015.066	12.239
1016.192	12.240
1017.332	12.241
1018.536	12.240
1019.813	12.236
1021.186	12.229
1022.686	12.216
1024.294	12.199
1026.037	12.176
1027.854	12.150
1029.741	12.121
1031.701	12.089
1033.613	12.058
1035.520	12.027
1037.292	12.000
1038.968	11.978
1040.497	11.961
1041.845	11.951
1043.082	11.945
1044.123	11.948
1045.068	11.954
1045.873	11.966
1046.586	11.982
1047.211	12.002
1047.745	12.025
1048.251	12.050
1048.679	12.078
1049.077	12.108
1049.441	12.139
1049.768	12.172
1050.086	12.205
1050.368	12.240
1050.656	12.275
1050.897	12.312
1051.171	12.348
1051.395	12.387
1051.641	12.424
1051.858	12.463
1052.085	12.502
1052.290	12.542
1052.503	12.582
1052.699	12.623
1052.900	12.664
1053.088	12.705
1053.282	12.747
1053.463	12.789
1053.655	12.831
1053.831	12.874
1054.027	12.917
1054.199	12.961
1054.396	13.004
1054.569	13.048
1054.770	13.091
1054.963	13.135
1055.182	13.178
1055.411	13.221
1055.663	13.263
1055.949	13.304
1056.257	13.344
1056.611	13.382
1057.003	13.419
1057.464	13.452
1058.002	13.482
1058.621	13.509
1059.372	13.529
1060.207	13.545
1061.232	13.552
1062.315	13.557
1063.598	13.551
1064.987	13.540
1066.538	13.521
1068.183	13.496
1069.886	13.469
1071.586	13.441
1073.320	13.411
1074.966	13.385
1076.617	13.358
1078.089	13.340
1079.558	13.323
1080.913	13.311
1082.252	13.300
1083.535	13.292
1084.795	13.285
1086.049	13.279
1087.287	13.274
1088.521	13.269
1089.754	13.264
1090.988	13.259
1092.210	13.254
1093.413	13.250
1094.586	13.247
1095.701	13.247
1096.776	13.248
1097.738	13.254
1098.668	13.262
1099.510	13.274
1100.308	13.288
1101.045	13.305
1101.732	13.325
1102.381	13.346
1102.996	13.369
1103.585	13.394
1104.179	13.419
1104.761	13.444
1105.388	13.468
1106.044	13.491
1106.765	13.511
1107.579	13.527
1108.475	13.539
1109.536	13.544
1110.684	13.545
1112.026	13.538
1113.505	13.523
1115.188	13.500
1117.014	13.469
1118.984	13.431
1121.031	13.389
1123.079	13.347
1125.077	13.306
1126.966	13.270
1128.680	13.241
1130.263	13.218
1131.632	13.204
1132.879	13.196
1133.920	13.198
1134.883	13.203
1135.685	13.216
1136.444	13.231
1137.093	13.251
1137.737	13.272
1138.323	13.296
1138.917	13.319
1139.503	13.344
1140.101	13.367
1140.741	13.390
1141.374	13.412
1142.097	13.431
1142.804	13.451
1143.612	13.466
1144.414	13.481
1145.323	13.491
1146.240	13.501
1147.227	13.508
1148.237	13.513
1149.269	13.518
1150.333	13.520
1151.352	13.525
1152.387	13.528
1153.347	13.535
1154.324	13.541
1155.226	13.550
1156.129	13.559
1156.966	13.572
1157.803	13.584
1158.598	13.599
1159.423	13.613
1160.262	13.627
1161.191	13.637
1162.238	13.643
1163.501	13.640
1165.014	13.626
1166.903	13.597
1169.209	13.551
1172.028	13.483
1175.316	13.394
1178.945	13.290
1182.845	13.174
1186.638	13.061
1190.282	12.954
1193.476	12.865
1196.181	12.796
1198.474	12.744
1200.248	12.714
1201.765	12.695
1202.943	12.690
1203.932	12.693
1204.796	12.702
1205.501	12.718
1206.195	12.734
1206.776	12.754
1207.344	12.776
1207.862	12.799
1208.355	12.824
1208.844	12.849
1209.318	12.875
1209.766	12.902
1210.240	12.928
1210.673	12.956
1211.148	12.982
1211.590	13.010
1212.086	13.035
1212.555	13.062
1213.080	13.087
1213.590	13.113
1214.168	13.135
1214.739	13.159
1215.354	13.180
1216.003	13.200
1216.667	13.220
1217.387	13.237
1218.107	13.254
1218.888	13.269
1219.667	13.283
1220.464	13.297
1221.272	13.310
1222.065	13.324
1222.870	13.337
1223.618	13.352
1224.408	13.366
1225.115	13.383
1225.819	13.400
1226.464	13.420
1227.081	13.440
1227.640	13.463
1228.166	13.488
1228.641	13.515
1229.089	13.543
1229.492	13.573
1229.870	13.605
1230.213	13.638
1230.536	13.672
1230.831	13.708
1231.112	13.744
1231.373	13.782
1231.623	13.820
1231.861	13.859
1232.098	13.898
1232.331	13.938
1232.569	13.978
1232.807	14.018
1233.059	14.057
1233.318	14.097
1233.599	14.135
1233.891	14.174
1234.218	14.211
1234.562	14.247
1234.966	14.281
1235.396	14.314
1235.910	14.343
1236.469	14.370
1237.132	14.392
1237.888	14.411
1238.750	14.424
1239.788	14.430
1240.907	14.431
1242.280	14.422
1243.836	14.404
1245.713	14.371
1247.898	14.325
1250.433	14.264
1253.359	14.184
1256.545	14.094
1260.007	13.991
1263.499	13.886
1266.976	13.781
1270.197	13.687
1273.098	13.607
1275.562	13.545
1277.650	13.500
1279.336	13.472
1280.706	13.457
1281.804	13.455
1282.690	13.462
1283.427	13.476
1284.026	13.495
1284.551	13.519
1285.004	13.545
1285.427	13.573
1285.820	13.603
1286.207	13.633
1286.578	13.664
1286.973	13.695
1287.353	13.726
1287.783	13.755
1288.185	13.785
1288.672	13.812
1289.128	13.841
1289.676	13.865
1290.201	13.891
1290.822	13.913
1291.453	13.934
1292.165	13.952
1292.929	13.969
1293.780	13.981
1294.729	13.990
1295.810	13.993
1297.020	13.991
1298.468	13.980
1300.130	13.960
1302.136	13.926
1304.495	13.879
1307.262	13.816
1310.517	13.733
1314.201	13.634
1318.184	13.523
1322.477	13.400
1326.717	13.279
1330.828	13.164
1334.642	13.060
1337.995	12.973
1340.932	12.903
1343.413	12.850
1345.462	12.813
1347.271	12.785
1348.679	12.772
1349.892	12.767
1350.881	12.770
1351.705	12.779
1352.404	12.792
1352.969	12.811
1353.480	12.831
1353.896	12.856
1354.268	12.882
1354.578	12.910
1354.849	12.940
1355.095	12.971
1355.312	13.004
1355.521	13.037
1355.716	13.070
1355.890	13.105
1356.073	13.139
1356.239	13.175
1356.422	13.209
1356.593	13.245
1356.767	13.280
1356.968	13.315
1357.165	13.350
1357.395	13.384
1357.636	13.418
1357.914	13.451
1358.213	13.483
1358.567	13.513
1358.973	13.541
1359.465	13.567
1360.039	13.589
1360.708	13.608
1361.533	13.622
1362.461	13.631
1363.637	13.632
1364.949	13.627
1366.527	13.612
1368.265	13.591
1370.259	13.559
1372.383	13.523
1374.682	13.479
1377.053	13.433
1379.398	13.387
1381.741	13.340
1383.888	13.301
1385.927	13.265
1387.756	13.237
1389.411	13.216
1390.870	13.202
1392.248	13.191
1393.425	13.188
1394.519	13.187
1395.524	13.191
1396.401	13.199
1397.275	13.207
1398.002	13.220
1398.728	13.234
1399.437	13.249
1400.038	13.267
1400.665	13.284
1401.194	13.306
1401.734	13.326
1402.236	13.349
1402.698	13.373
1403.168	13.396
1403.585	13.422
1404.013	13.448
1404.435	13.474
1404.855	13.500
1405.287	13.526
1405.737	13.551
1406.206	13.576
1406.748	13.598
1407.345	13.619
1407.993	13.638
1408.803	13.651
1409.689	13.662
1410.831	13.664
1412.191	13.658
1413.829	13.643
1415.879	13.613
1418.279	13.570
1421.206	13.509
1424.503	13.435
1428.323	13.343
1432.234	13.247
1436.441	13.140
1440.438	13.040
1444.191	12.948
1447.584	12.868
1450.505	12.805
1453.024	12.755
1455.076	12.721
1456.870	12.697
1458.374	12.683
1459.649	12.677
1460.867	12.673
1461.998	12.673
1463.086	12.675
1464.230	12.675
1465.459	12.673
1466.781	12.669
1468.189	12.662
1469.790	12.650
1471.581	12.631
1473.410	12.612
1475.495	12.584
1477.707	12.552
1479.811	12.523
1482.018	12.490
1484.151	12.460
1486.110	12.434
1487.935	12.412
1489.624	12.393
1491.115	12.381
1492.335	12.377
1493.451	12.376
1494.393	12.380
1495.124	12.391
1495.806	12.403
1496.373	12.419
1496.817	12.439
1497.225	12.460
1497.586	12.483
1497.871	12.508
1498.137	12.534
1498.406	12.560
1498.609	12.588
1498.817	12.617
1499.042	12.644
1499.209	12.674
1499.395	12.703
1499.595	12.732
1499.755	12.763
1499.939	12.793
1500.136	12.822
1500.307	12.852
1500.505	12.882
1500.715	12.912
1500.907	12.942
1501.115	12.972
1501.336	13.001
1501.546	13.031
1501.768	13.061
1502.023	13.089
1502.267	13.118
1502.521	13.147
1502.811	13.175
1503.074	13.204
1503.366	13.232
1503.686	13.259
1503.976	13.287
1504.327	13.314
1504.675	13.340
1504.999	13.368
1505.407	13.392
1505.776	13.418
1506.164	13.444
1506.614	13.467
1507.029	13.492
1507.490	13.515
1507.943	13.538
1508.385	13.562
1508.912	13.583
1509.437	13.604
1509.973	13.625
1510.551	13.644
1511.144	13.663
1511.766	13.681
1512.447	13.697
1513.158	13.713
1513.941	13.725
1514.836	13.734
1515.733	13.743
1516.771	13.747
1517.919	13.747
1519.157	13.744
1520.591	13.735
1522.121	13.722
1523.827	13.703
1525.709	13.678
1527.709	13.648
1529.887	13.613
1532.118	13.575
1534.450	13.534
1536.861	13.491
1539.231	13.448
1541.603	13.406
1543.936	13.365
1546.172	13.327
1548.295	13.293
1550.346	13.261
1552.264	13.234
1554.038	13.212
1555.726	13.193
1557.279	13.178
1558.683	13.168
1560.028	13.159
1561.240	13.156
1562.362	13.155
1563.431	13.156
1564.375	13.161
1565.294	13.167
1566.151	13.175
1566.916	13.186
1567.703	13.196
1568.403	13.209
1569.079	13.224
1569.788	13.237
1570.428	13.252
1571.090	13.267
1571.752	13.282
1572.385	13.298
1573.039	13.313
1573.671	13.329
1574.329	13.344
1574.992	13.359
1575.652	13.374
1576.349	13.388
1577.005	13.404
1577.708	13.417
1578.408	13.431
1579.067	13.446
1579.780	13.460
1580.459	13.474
1581.156	13.488
1581.857	13.502
1582.510	13.518
1583.208	13.531
1583.855	13.547
1584.517	13.562
1585.173	13.578
1585.788	13.594
1586.442	13.610
1587.049	13.627
1587.667	13.644
1588.292	13.660
1588.889	13.678
1589.541	13.694
1590.185	13.710
1590.838	13.726
1591.542	13.740
1592.268	13.754
1593.036	13.766
1593.887	13.776
1594.771	13.785
1595.752	13.791
1596.862	13.792
1598.028	13.791
1599.339	13.786
1600.780	13.776
1602.278	13.764
1603.926	13.747
1605.691	13.727
1607.479	13.705
1609.326	13.680
1611.202	13.655
1613.036	13.631
1614.783	13.609
1616.542	13.587
1618.177	13.569
1619.632	13.557
1621.107	13.545
1622.384	13.538
1623.571	13.535
1624.750	13.532
1625.778	13.535
1626.772	13.538
1627.768	13.542
1628.724	13.547
1629.669	13.553
1630.657	13.557
1631.676	13.561
1632.700	13.565
1633.873	13.564
1635.131	13.561
1636.450	13.556
1637.976	13.544
1639.645	13.528
1641.418	13.509
1643.380	13.484
1645.497	13.454
1647.646	13.422
1649.896	13.388
1652.228	13.350
1654.497	13.315
1656.742	13.279
1658.870	13.248
1660.875	13.220
1662.752	13.196
1664.447	13.177
1666.031	13.162
1667.466	13.151
1668.792	13.144
1669.985	13.141
1671.080	13.141
1672.140	13.142
1673.047	13.148
1673.927	13.155
1674.796	13.162
1675.536	13.173
1676.290	13.184
1677.018	13.195
1677.654	13.210
1678.316	13.223
1678.943	13.238
1679.496	13.255
1680.068	13.271
1680.614	13.288
1681.097	13.307
1681.599	13.326
1682.084	13.345
1682.517	13.366
1682.967	13.386
1683.398	13.407
1683.788	13.430
1684.195	13.452
1684.587	13.474
1684.951	13.498
1685.342	13.520
1685.738	13.543
1686.119	13.566
1686.521	13.589
1686.953	13.611
1687.385	13.632
1687.824	13.654
1688.331	13.674
1688.849	13.694
1689.405	13.712
1690.064	13.727
1690.737	13.742
1691.472	13.755
1692.369	13.763
1693.267	13.771
1694.228	13.777
1695.397	13.776
1696.524	13.777
1697.784	13.773
1699.219	13.763
1700.572	13.756
1702.123	13.743
1703.715	13.728
1705.158	13.718
1706.800	13.701
1708.355	13.687
1709.815	13.676
1711.375	13.662
1712.796	13.652
1714.157	13.644
1715.507	13.636
1716.771	13.630
1717.988	13.627
1719.115	13.626
1720.247	13.625
1721.319	13.626
1722.302	13.630
1723.353	13.632
1724.342	13.635
1725.245	13.642
1726.253	13.645
1727.187	13.651
1728.030	13.659
1728.987	13.664
1729.876	13.671
1730.701	13.680
1731.613	13.686
1732.464	13.694
1733.282	13.703
1734.145	13.711
1734.928	13.721
1735.716	13.731
1736.507	13.741
1737.217	13.753
1737.948	13.765
1738.645	13.778
1739.321	13.791
1739.997	13.805
1740.612	13.820
1741.248	13.835
1741.850	13.851
1742.403	13.869
1742.981	13.886
1743.517	13.904
1744.059	13.922
1744.608	13.940
1745.131	13.959
1745.681	13.977
1746.228	13.995
1746.787	14.013
1747.368	14.030
1747.957	14.047
1748.576	14.064
1749.208	14.079
1749.916	14.093
1750.641	14.106
1751.392	14.118
1752.263	14.126
1753.104	14.136
1754.034	14.142
1755.072	14.145
1756.047	14.150
1757.155	14.150
1758.345	14.148
1759.514	14.147
1760.803	14.141
1762.143	14.134
1763.521	14.126
1764.911	14.117
1766.402	14.106
1767.971	14.091
1769.484	14.079
1771.131	14.062
1772.849	14.043
1774.477	14.027
1776.239	14.006
1778.033	13.984
1779.684	13.967
1781.444	13.947
1783.152	13.927
1784.656	13.914
1786.193	13.900
1787.634	13.889
1788.927	13.882
1790.175	13.877
1791.305	13.876
1792.358	13.877
1793.327	13.880
1794.223	13.886
1795.093	13.894
1795.944	13.902
1796.838	13.909
1797.799	13.915
1798.849	13.918
1800.147	13.915
1801.785	13.903
1803.782	13.881
1806.410	13.842
1809.958	13.777
1814.234	13.693
1819.540	13.579
1825.695	13.442
1832.409	13.288
1839.100	13.134
1845.252	12.995
1850.531	12.878
1854.946	12.785
1858.260	12.722
1860.702	12.683
1862.514	12.661
1863.846	12.652
1864.805	12.654
1865.468	12.663
1866.011	12.677
1866.415	12.694
1866.725	12.714
1866.958	12.736
1867.176	12.758
1867.361	12.782
1867.491	12.807
1867.627	12.832
1867.752	12.858
1867.868	12.884
1867.959	12.910
1868.065	12.937
1868.165	12.963
1868.246	12.990
1868.331	13.017
1868.419	13.045
1868.509	13.072
1868.588	13.100
1868.680	13.127
1868.775	13.154
1868.857	13.182
1868.957	13.210
1869.072	13.237
1869.194	13.264
1869.320	13.292
1869.478	13.318
1869.665	13.344
1869.869	13.370
1870.134	13.394
1870.462	13.416
1870.840	13.438
1871.321	13.456
1871.956	13.471
1872.727	13.483
1873.639	13.491
1874.848	13.491
1876.382	13.482
1878.121	13.468
1880.258	13.444
1882.871	13.406
1885.770	13.361
1888.950	13.308
1892.371	13.248
1895.945	13.184
1899.521	13.119
1902.846	13.061
1905.883	13.009
1908.767	12.962
1911.240	12.925
1913.296	12.899
1915.096	12.880
1916.708	12.866
1918.070	12.859
1919.232	12.857
1920.225	12.859
1921.228	12.861
1922.151	12.866
1922.915	12.875
1923.663	12.884
1924.515	12.891
1925.267	12.900
1925.872	12.913
1926.588	12.923
1927.363	12.932
1927.969	12.945
1928.531	12.959
1929.259	12.969
1929.894	12.981
1930.411	12.997
1930.981	13.011
1931.599	13.023
1932.094	13.039
1932.564	13.056
1933.088	13.071
1933.536	13.088
1933.951	13.106
1934.371	13.124
1934.784	13.142
1935.150	13.161
1935.518	13.181
1935.856	13.201
1936.163	13.222
1936.492	13.242
1936.793	13.264
1937.059	13.286
1937.348	13.308
1937.644	13.330
1937.876	13.353
1938.118	13.376
1938.401	13.399
1938.638	13.422
1938.852	13.446
1939.112	13.470
1939.373	13.493
1939.577	13.518
1939.808	13.542
1940.087	13.564
1940.307	13.589
1940.531	13.614
1940.809	13.637
1941.060	13.661
1941.288	13.685
1941.555	13.709
1941.848	13.732
1942.108	13.756
1942.383	13.779
1942.700	13.802
1942.991	13.825
1943.294	13.848
1943.654	13.870
1943.982	13.892
1944.329	13.914
1944.729	13.935
1945.126	13.956
1945.550	13.976
1946.025	13.995
1946.518	14.013
1947.062	14.030
1947.668	14.045
1948.298	14.059
1949.027	14.071
1949.844	14.080
1950.677	14.089
1951.677	14.093
1952.817	14.094
1953.926	14.094
1955.249	14.089
1956.768	14.079
1958.196	14.070
1959.835	14.056
1961.703	14.035
1963.397	14.018
1965.175	13.999
1967.177	13.974
1968.934	13.955
1970.646	13.937
1972.450	13.917
1974.024	13.903
1975.496	13.892
1976.906	13.883
1978.168	13.877
1979.338	13.875
1980.355	13.876
1981.307	13.880
1982.235	13.884
1983.015	13.893
1983.683	13.905
1984.396	13.915
1985.014	13.929
1985.496	13.946
1986.068	13.961
1986.593	13.977
1986.945	13.998
1987.398	14.017
1987.875	14.034
1988.176	14.057
1988.521	14.079
1988.931	14.099
1989.196	14.123
1989.462	14.147
1989.812	14.169
1990.045	14.194
1990.252	14.220
1990.550	14.244
1990.752	14.270
1990.913	14.298
1991.166	14.323
1991.341	14.350
1991.466	14.379
1991.678	14.406
1991.828	14.434
1991.927	14.464
1992.098	14.492
1992.226	14.522
1992.305	14.553
1992.437	14.582
1992.549	14.612
1992.617	14.644
1992.718	14.675
1992.815	14.706
1992.875	14.738
1992.952	14.770
1993.034	14.802
1993.088	14.835
1993.146	14.868
1993.213	14.901
1993.254	14.934
1993.302	14.968
1993.357	15.001
1993.387	15.036
1993.434	15.070
1993.478	15.104
1993.499	15.139
1993.547	15.174
1993.577	15.209
1993.591	15.245
1993.642	15.279
1993.657	15.315
1993.675	15.352
1993.718	15.387
1993.727	15.424
1993.753	15.460
1993.782	15.496
1993.786	15.534
1993.822	15.570
1993.832	15.607
1993.838	15.645
1993.875	15.682
1993.879	15.720
1993.899	15.758
1993.919	15.796
1993.917	15.834
1993.950	15.872
1993.955	15.911
1993.964	15.950
1993.988	15.988
1993.986	16.028
1994.012	16.067
1994.018	16.106
1994.021	16.146
1994.045	16.185
1994.042	16.226
1994.066	16.266
1994.072	16.306
1994.075	16.347
1994.096	16.387
1994.089	16.429
1994.114	16.469
1994.118	16.510
1994.126	16.552
1994.141	16.593
1994.129	16.636
1994.158	16.677
1994.155	16.719
1994.172	16.761
1994.179	16.804
1994.181	16.847
1994.199	16.889
1994.185	16.933
1994.213	16.976
1994.209	17.019
1994.226	17.063
1994.231	17.107
1994.237	17.151
1994.250	17.195
1994.242	17.240
1994.265	17.284
1994.252	17.329
1994.277	17.373
1994.271	17.419
1994.288	17.464
1994.290	17.510
1994.298	17.555
1994.307	17.601
1994.308	17.648
1994.323	17.694
1994.318	17.741
1994.338	17.787
1994.325	17.835
1994.350	17.881
1994.334	17.930
1994.361	17.976
1994.349	18.025
1994.372	18.072
1994.363	18.121
1994.383	18.169
1994.376	18.218
1994.394	18.266
1994.389	18.316
1994.405	18.365
1994.401	18.415
1994.416	18.464
1994.412	18.515
1994.427	18.564
1994.423	18.615
1994.439	18.665
1994.433	18.717
1994.451	18.767
1994.443	18.819
1994.464	18.870
1994.452	18.923
1994.476	18.974
1994.460	19.027
1994.487	19.078
1994.473	19.132
1994.494	19.184
1994.486	19.238
1994.502	19.291
1994.500	19.345
1994.509	19.399
1994.514	19.453
1994.516	19.507
1994.529	19.562
1994.522	19.617
1994.544	19.671
1994.527	19.728
1994.549	19.783
1994.543	19.839
1994.555	19.895
1994.560	19.951
1994.559	20.008
1994.576	20.064
1994.562	20.122
1994.583	20.179
1994.577	20.237
1994.588	20.295
1994.595	20.353
1994.591	20.412
1994.609	20.470
1994.597	20.529
1994.612	20.588
1994.616	20.648
1994.615	20.708
1994.632	20.767
1994.620	20.828
1994.635	20.888
1994.640	20.949
1994.636	21.011
1994.652	21.071
1994.646	21.134
1994.654	21.195
1994.667	21.257
1994.653	21.321
1994.670	21.383
1994.674	21.446
1994.670	21.510
1994.685	21.573
1994.683	21.637
1994.685	21.702
1994.698	21.766
1994.693	21.831
1994.699	21.896
1994.711	21.961
1994.704	22.027
1994.712	22.093
1994.722	22.159
1994.715	22.226
1994.723	22.293
1994.734	22.360
1994.728	22.428
1994.734	22.496
1994.744	22.563
1994.742	22.632
1994.744	22.701
1994.754	22.770
1994.757	22.839
1994.753	22.909
1994.763	22.979
1994.770	23.049
1994.764	23.121
1994.771	23.191
1994.779	23.262
1994.780	23.334
1994.778	23.406
1994.786	23.478
1994.793	23.551
1994.790	23.624
1994.793	23.697
1994.801	23.771
1994.806	23.845
1994.802	23.919
1994.807	23.994
1994.813	24.069
