<j>	<F>
1.204	20.472
2.626	13.677
3.362	18.902
4.912	15.601
6.710	10.126
7.833	10.229
8.826	10.669
9.673	11.649
10.561	13.034
11.928	12.736
13.061	12.092
14.195	12.681
15.699	11.680
16.718	11.616
17.725	12.238
19.175	11.938
20.545	11.185
21.396	11.513
22.149	12.268
23.029	12.901
24.031	13.132
24.812	13.582
25.372	14.785
26.156	15.918
27.725	15.378
29.797	13.450
31.329	12.504
32.302	12.510
32.972	13.090
33.672	13.840
34.729	14.163
36.170	13.763
37.663	13.292
39.529	12.711
41.873	11.552
43.620	10.797
44.659	10.764
45.437	11.024
46.139	11.380
46.853	11.768
47.693	12.104
48.827	12.250
50.425	12.049
52.451	11.501
54.534	10.881
56.307	10.461
57.731	10.280
58.948	10.246
60.062	10.277
61.102	10.345
62.066	10.447
62.953	10.587
63.774	10.765
64.559	10.971
65.351	11.187
66.204	11.384
67.161	11.530
68.214	11.609
69.275	11.655
70.219	11.739
70.983	11.921
71.601	12.206
72.159	12.560
72.750	12.926
73.461	13.242
74.369	13.443
75.526	13.478
76.908	13.350
78.447	13.117
80.086	12.834
81.783	12.528
83.404	12.246
84.757	12.081
85.761	12.090
86.490	12.257
87.085	12.521
87.668	12.820
88.336	13.097
89.169	13.299
90.217	13.386
91.469	13.345
92.806	13.231
94.068	13.135
95.168	13.116
96.102	13.189
96.918	13.333
97.674	13.519
98.417	13.724
99.204	13.918
100.109	14.062
101.229	14.104
102.646	13.992
104.345	13.722
106.131	13.389
107.813	13.109
109.398	12.907
111.028	12.717
112.778	12.486
114.523	12.247
116.097	12.061
117.404	11.972
118.482	11.972
119.387	12.038
120.168	12.152
120.842	12.307
121.431	12.497
121.946	12.722
122.409	12.976
122.860	13.249
123.356	13.522
123.983	13.759
124.856	13.911
126.111	13.910
127.779	13.726
129.666	13.422
131.430	13.140
132.840	12.988
133.907	12.973
134.727	13.061
135.416	13.209
136.045	13.390
136.686	13.579
137.397	13.751
138.255	13.874
139.305	13.928
140.589	13.890
142.085	13.768
143.746	13.584
145.536	13.359
147.380	13.118
149.168	12.889
150.736	12.723
151.994	12.652
152.970	12.673
153.732	12.767
154.352	12.911
154.881	13.092
155.356	13.296
155.799	13.519
156.250	13.751
156.785	13.970
157.558	14.134
158.883	14.148
161.252	13.855
164.753	13.194
168.318	12.454
170.776	12.001
172.083	11.884
172.788	11.956
173.260	12.107
173.662	12.288
174.077	12.476
174.539	12.658
175.078	12.826
175.732	12.968
176.498	13.081
177.388	13.158
178.378	13.203
179.400	13.233
180.414	13.261
181.384	13.299
182.308	13.353
183.250	13.408
184.293	13.445
185.527	13.437
187.013	13.361
188.728	13.217
190.458	13.053
191.988	12.927
193.213	12.875
194.133	12.905
194.864	12.993
195.535	13.107
196.249	13.221
197.105	13.306
198.172	13.339
199.417	13.324
200.782	13.268
202.147	13.201
203.366	13.164
204.404	13.170
205.296	13.217
206.114	13.290
206.930	13.369
207.810	13.435
208.782	13.480
209.811	13.507
210.876	13.521
211.927	13.533
212.903	13.562
213.794	13.612
214.621	13.678
215.395	13.760
216.132	13.854
216.873	13.950
217.644	14.041
218.477	14.121
219.444	14.173
220.640	14.172
222.144	14.098
223.955	13.945
225.951	13.736
227.883	13.529
229.483	13.391
230.695	13.344
231.605	13.372
232.337	13.449
232.982	13.553
233.633	13.662
234.364	13.758
235.221	13.830
236.244	13.866
237.483	13.855
238.966	13.788
240.663	13.672
242.501	13.523
244.384	13.361
246.209	13.210
247.887	13.088
249.393	13.003
250.728	12.953
251.944	12.931
253.096	12.925
254.258	12.923
255.485	12.912
256.804	12.885
258.239	12.836
259.740	12.772
261.208	12.708
262.569	12.660
263.781	12.637
264.832	12.643
265.765	12.673
266.619	12.719
267.463	12.770
268.331	12.820
269.250	12.861
270.209	12.895
271.225	12.918
272.260	12.936
273.293	12.951
274.261	12.976
275.167	13.011
275.989	13.060
276.746	13.122
277.445	13.196
278.116	13.278
278.815	13.359
279.583	13.430
280.480	13.482
281.539	13.505
282.810	13.491
284.288	13.437
285.908	13.353
287.537	13.262
289.097	13.179
290.502	13.123
291.754	13.093
292.874	13.088
293.903	13.100
294.872	13.124
295.801	13.155
296.698	13.191
297.560	13.234
298.379	13.285
299.211	13.336
300.102	13.381
301.129	13.408
302.390	13.403
303.993	13.345
306.031	13.219
308.431	13.032
310.949	12.817
313.255	12.625
315.119	12.496
316.503	12.437
317.475	12.443
318.162	12.495
318.671	12.577
319.085	12.678
319.470	12.787
319.870	12.898
320.337	13.003
320.916	13.095
321.676	13.164
322.707	13.196
324.096	13.177
325.911	13.097
328.126	12.955
330.563	12.775
332.965	12.592
335.109	12.441
336.904	12.337
338.301	12.288
339.366	12.285
340.223	12.313
340.919	12.364
341.491	12.433
341.987	12.514
342.409	12.606
342.788	12.706
343.133	12.812
343.456	12.924
343.777	13.038
344.115	13.152
344.487	13.265
344.921	13.371
345.454	13.465
346.131	13.540
346.974	13.592
348.021	13.613
349.267	13.603
350.649	13.569
352.097	13.519
353.471	13.475
354.684	13.452
355.679	13.459
356.449	13.500
357.039	13.570
357.495	13.662
357.861	13.772
358.170	13.894
358.458	14.022
358.747	14.153
359.061	14.282
359.430	14.406
359.869	14.522
360.419	14.621
361.100	14.700
361.952	14.752
362.989	14.772
364.230	14.757
365.629	14.713
367.148	14.645
368.689	14.572
370.200	14.504
371.720	14.439
373.376	14.363
375.456	14.243
378.399	14.021
382.661	13.642
388.205	13.107
394.039	12.533
398.877	12.077
402.254	11.796
404.440	11.661
405.926	11.611
407.057	11.604
408.013	11.619
408.870	11.646
409.643	11.681
410.372	11.721
411.061	11.764
411.701	11.813
412.289	11.866
412.830	11.925
413.329	11.989
413.788	12.057
414.213	12.129
414.606	12.206
414.982	12.285
415.339	12.367
415.683	12.452
416.043	12.537
416.411	12.621
416.785	12.706
417.159	12.792
417.548	12.877
417.958	12.961
418.391	13.042
418.861	13.121
419.342	13.199
419.846	13.274
420.371	13.348
420.940	13.417
421.552	13.482
422.231	13.540
422.997	13.589
423.920	13.621
425.041	13.632
426.477	13.608
428.347	13.536
430.773	13.404
433.808	13.205
437.353	12.952
441.153	12.674
444.928	12.403
448.474	12.163
451.699	11.961
454.609	11.796
457.214	11.664
459.572	11.556
461.714	11.469
463.630	11.402
465.323	11.353
466.809	11.323
468.106	11.308
469.238	11.306
470.243	11.316
471.154	11.334
471.989	11.358
472.762	11.388
473.492	11.421
474.187	11.458
474.860	11.497
475.515	11.537
476.154	11.579
476.787	11.622
477.415	11.665
478.040	11.709
478.659	11.754
479.263	11.800
479.866	11.847
480.470	11.893
481.076	11.940
481.691	11.986
482.310	12.032
482.945	12.078
483.597	12.122
484.268	12.165
484.997	12.205
485.805	12.238
486.719	12.262
487.757	12.277
488.927	12.280
490.239	12.270
491.654	12.251
493.176	12.221
494.745	12.186
496.309	12.149
497.793	12.117
499.153	12.095
500.337	12.087
501.337	12.094
502.168	12.116
502.867	12.149
503.453	12.194
503.945	12.247
504.369	12.307
504.742	12.372
505.074	12.442
505.374	12.516
505.646	12.593
505.907	12.672
506.162	12.753
506.416	12.835
506.673	12.917
506.934	13.000
507.200	13.083
507.471	13.167
507.745	13.252
508.035	13.336
508.346	13.418
508.683	13.500
509.048	13.579
509.431	13.657
509.847	13.732
510.327	13.802
510.880	13.864
511.500	13.921
512.215	13.968
513.062	14.003
514.077	14.020
515.329	14.014
516.889	13.978
518.819	13.904
521.133	13.790
523.786	13.641
526.622	13.473
529.417	13.306
531.997	13.159
534.237	13.045
536.110	12.967
537.687	12.919
539.035	12.894
540.262	12.884
541.448	12.879
542.652	12.874
543.917	12.865
545.260	12.849
546.692	12.826
548.189	12.797
549.701	12.765
551.189	12.735
552.630	12.707
553.981	12.686
555.214	12.674
556.314	12.673
557.272	12.683
558.108	12.705
558.822	12.736
559.430	12.778
559.951	12.827
560.406	12.882
560.804	12.944
561.157	13.009
561.475	13.079
561.766	13.152
562.037	13.227
562.291	13.305
562.531	13.386
562.772	13.467
563.023	13.548
563.294	13.629
563.597	13.707
563.948	13.783
564.370	13.852
564.886	13.914
565.528	13.965
566.304	14.004
567.267	14.025
568.454	14.025
569.878	14.001
571.523	13.954
573.292	13.893
575.068	13.829
576.780	13.768
578.316	13.722
579.606	13.698
580.653	13.697
581.496	13.716
582.162	13.753
582.698	13.804
583.151	13.864
583.558	13.930
583.958	13.999
584.397	14.066
584.930	14.126
585.612	14.174
586.542	14.202
587.840	14.197
589.651	14.145
592.051	14.039
594.989	13.881
598.198	13.694
601.279	13.513
603.985	13.363
606.161	13.258
607.805	13.201
609.020	13.184
609.967	13.193
610.779	13.216
611.544	13.246
612.338	13.275
613.220	13.298
614.252	13.310
615.443	13.310
616.795	13.296
618.318	13.269
619.990	13.228
621.763	13.177
623.563	13.124
625.330	13.072
627.038	13.026
628.694	12.983
630.310	12.946
631.906	12.911
633.537	12.876
635.251	12.835
637.080	12.787
639.011	12.732
641.000	12.671
642.991	12.610
644.932	12.551
646.728	12.501
648.330	12.465
649.728	12.442
650.928	12.433
651.926	12.438
652.766	12.455
653.479	12.482
654.090	12.516
654.623	12.556
655.095	12.601
655.528	12.649
655.941	12.700
656.336	12.752
656.719	12.806
657.101	12.860
657.490	12.914
657.892	12.968
658.302	13.021
658.733	13.074
659.192	13.125
659.691	13.173
660.228	13.219
660.802	13.262
661.428	13.302
662.134	13.336
662.924	13.364
663.807	13.386
664.813	13.399
665.984	13.400
667.349	13.387
668.932	13.358
670.751	13.311
672.820	13.246
675.071	13.167
677.410	13.081
679.774	12.991
682.031	12.907
684.070	12.839
685.855	12.788
687.402	12.753
688.713	12.736
689.814	12.735
690.789	12.743
691.674	12.758
692.489	12.779
693.293	12.801
694.109	12.823
694.938	12.845
695.810	12.864
696.721	12.880
697.680	12.893
698.678	12.903
699.687	12.912
700.705	12.920
701.717	12.928
702.723	12.936
703.711	12.946
704.702	12.956
705.735	12.964
706.847	12.968
708.116	12.964
709.647	12.945
711.531	12.905
713.919	12.835
716.865	12.731
720.435	12.589
724.354	12.424
728.356	12.251
732.081	12.094
735.309	11.965
737.992	11.868
740.084	11.806
741.720	11.772
742.987	11.760
744.006	11.763
744.839	11.778
745.559	11.799
746.207	11.825
746.782	11.855
747.296	11.889
747.772	11.925
748.213	11.963
748.634	12.003
749.035	12.044
749.404	12.088
749.748	12.133
750.083	12.178
750.402	12.225
750.705	12.273
751.002	12.322
751.282	12.373
751.553	12.424
751.828	12.475
752.094	12.527
752.355	12.580
752.627	12.633
752.901	12.686
753.180	12.739
753.474	12.791
753.779	12.844
754.106	12.895
754.463	12.945
754.840	12.994
755.255	13.041
755.713	13.086
756.217	13.128
756.776	13.166
757.395	13.201
758.080	13.232
758.827	13.259
759.652	13.280
760.565	13.296
761.539	13.308
762.586	13.315
763.701	13.317
764.881	13.315
766.139	13.308
767.466	13.296
768.865	13.280
770.375	13.257
771.990	13.229
773.745	13.192
775.729	13.142
777.947	13.079
780.447	13.000
783.180	12.906
786.084	12.803
789.044	12.695
791.891	12.593
794.496	12.503
796.775	12.432
798.732	12.380
800.283	12.350
801.508	12.340
802.483	12.344
803.238	12.362
803.874	12.387
804.387	12.420
804.831	12.458
805.227	12.498
805.595	12.541
805.959	12.585
806.307	12.630
806.700	12.673
807.091	12.716
807.520	12.757
807.985	12.797
808.461	12.836
809.029	12.871
809.618	12.904
810.270	12.934
810.980	12.960
811.738	12.983
812.576	13.002
813.441	13.019
814.384	13.032
815.384	13.040
816.407	13.048
817.475	13.052
818.566	13.055
819.679	13.056
820.791	13.057
821.898	13.058
823.005	13.059
824.071	13.062
825.107	13.067
826.094	13.075
827.024	13.085
827.934	13.097
828.757	13.114
829.523	13.135
830.266	13.156
830.932	13.183
831.555	13.213
832.155	13.244
832.707	13.278
833.237	13.313
833.767	13.350
834.278	13.387
834.793	13.425
835.336	13.462
835.912	13.497
836.539	13.529
837.240	13.557
838.033	13.580
838.975	13.594
840.088	13.599
841.356	13.594
842.896	13.573
844.704	13.536
846.781	13.482
849.036	13.416
851.438	13.341
853.898	13.262
856.267	13.187
858.545	13.116
860.539	13.062
862.319	13.020
863.868	12.992
865.211	12.977
866.401	12.971
867.521	12.971
868.587	12.974
869.675	12.977
870.789	12.980
872.005	12.977
873.321	12.969
874.767	12.954
876.321	12.934
878.000	12.906
879.750	12.873
881.482	12.841
883.205	12.808
884.804	12.781
886.316	12.759
887.612	12.747
888.831	12.740
889.849	12.743
890.727	12.754
891.463	12.773
892.086	12.798
892.633	12.827
893.087	12.862
893.516	12.899
893.894	12.939
894.245	12.980
894.572	13.024
894.887	13.068
895.208	13.113
895.544	13.157
895.905	13.200
896.292	13.242
896.728	13.282
897.240	13.318
897.837	13.351
898.571	13.376
899.501	13.391
900.665	13.395
902.222	13.378
904.205	13.340
906.767	13.272
910.018	13.169
913.952	13.031
918.387	12.866
923.151	12.685
927.807	12.508
931.986	12.354
935.615	12.228
938.523	12.137
940.873	12.074
942.694	12.037
944.161	12.018
945.311	12.014
946.274	12.019
947.079	12.032
947.763	12.051
948.377	12.074
948.900	12.100
949.403	12.128
949.822	12.160
950.253	12.192
950.632	12.226
951.030	12.260
951.400	12.296
951.789	12.330
952.165	12.366
952.573	12.400
952.984	12.435
953.455	12.467
953.947	12.498
954.523	12.526
955.141	12.552
955.872	12.573
956.662	12.592
957.554	12.605
958.535	12.615
959.659	12.617
960.857	12.617
962.207	12.608
963.575	12.599
965.037	12.584
966.445	12.571
967.881	12.557
969.246	12.546
970.550	12.536
971.750	12.532
972.841	12.532
973.823	12.538
974.694	12.549
975.468	12.564
976.169	12.583
976.795	12.606
977.376	12.632
977.923	12.659
978.436	12.688
978.959	12.717
979.448	12.748
979.968	12.778
980.494	12.807
981.055	12.835
981.658	12.862
982.288	12.887
982.994	12.908
983.691	12.930
984.464	12.949
985.231	12.967
986.068	12.982
986.913	12.996
987.778	13.009
988.635	13.023
989.479	13.037
990.279	13.052
991.077	13.068
991.796	13.087
992.493	13.108
993.125	13.132
993.696	13.159
994.227	13.188
994.706	13.219
995.136	13.254
995.541	13.290
995.899	13.328
996.228	13.368
996.537	13.410
996.810	13.454
997.081	13.498
997.330	13.544
997.591	13.589
997.852	13.635
998.126	13.681
998.417	13.726
998.719	13.771
999.072	13.813
999.471	13.853
999.957	13.890
1000.528	13.922
1001.214	13.948
1002.050	13.966
1003.081	13.974
1004.292	13.973
1005.736	13.958
1007.462	13.929
1009.326	13.891
1011.426	13.839
1013.620	13.782
1015.791	13.725
1017.870	13.671
1019.804	13.625
1021.517	13.591
1023.037	13.566
1024.330	13.554
1025.500	13.549
1026.503	13.552
1027.415	13.562
1028.273	13.574
1029.080	13.590
1029.896	13.606
1030.702	13.622
1031.539	13.637
1032.429	13.650
1033.345	13.661
1034.301	13.670
1035.312	13.676
1036.312	13.682
1037.388	13.684
1038.377	13.691
1039.427	13.694
1040.424	13.700
1041.415	13.705
1042.322	13.715
1043.200	13.726
1043.997	13.742
1044.742	13.760
1045.430	13.781
1046.038	13.807
1046.646	13.833
1047.180	13.863
1047.714	13.893
1048.214	13.925
1048.691	13.958
1049.160	13.993
1049.629	14.027
1050.106	14.062
1050.599	14.095
1051.163	14.126
1051.736	14.156
1052.409	14.181
1053.146	14.203
1053.989	14.220
1055.012	14.227
1056.171	14.228
1057.566	14.216
1059.203	14.191
1061.107	14.153
1063.223	14.102
1065.607	14.038
1068.098	13.967
1070.699	13.890
1073.276	13.815
1075.820	13.741
1078.245	13.674
1080.627	13.610
1082.969	13.551
1085.310	13.493
1087.794	13.430
1090.396	13.363
1093.155	13.289
1096.156	13.205
1099.136	13.122
1102.199	13.034
1104.953	12.960
1107.543	12.893
1109.791	12.840
1111.712	12.801
1113.347	12.776
1114.664	12.764
1115.781	12.762
1116.672	12.769
1117.447	12.783
1118.094	12.802
1118.675	12.824
1119.193	12.849
1119.688	12.876
1120.158	12.904
1120.615	12.933
1121.088	12.962
1121.566	12.990
1122.072	13.018
1122.606	13.044
1123.199	13.068
1123.833	13.091
1124.581	13.109
1125.390	13.125
1126.355	13.134
1127.420	13.139
1128.668	13.136
1130.069	13.127
1131.638	13.111
1133.405	13.086
1135.289	13.055
1137.310	13.018
1139.370	12.979
1141.436	12.939
1143.412	12.902
1145.306	12.869
1146.983	12.844
1148.516	12.825
1149.865	12.813
1151.062	12.808
1152.100	12.810
1153.031	12.817
1153.849	12.829
1154.588	12.844
1155.262	12.862
1155.893	12.882
1156.484	12.904
1157.056	12.927
1157.625	12.950
1158.174	12.974
1158.734	12.998
1159.278	13.023
1159.843	13.047
1160.393	13.071
1160.951	13.095
1161.513	13.119
1162.066	13.144
1162.639	13.168
1163.172	13.193
1163.753	13.216
1164.277	13.242
1164.847	13.266
1165.358	13.293
1165.926	13.317
1166.434	13.344
1167.001	13.369
1167.535	13.395
1168.141	13.418
1168.740	13.442
1169.437	13.462
1170.167	13.481
1171.042	13.494
1172.021	13.502
1173.189	13.503
1174.560	13.496
1176.170	13.478
1178.089	13.447
1180.253	13.406
1182.741	13.350
1185.356	13.288
1188.173	13.217
1190.868	13.151
1193.573	13.083
1195.946	13.030
1198.205	12.980
1200.144	12.944
1201.912	12.916
1203.450	12.898
1204.892	12.884
1206.236	12.875
1207.600	12.866
1208.991	12.857
1210.497	12.845
1212.121	12.828
1213.943	12.804
1215.962	12.773
1218.189	12.735
1220.630	12.688
1223.205	12.635
1225.887	12.579
1228.528	12.523
1231.131	12.469
1233.562	12.420
1235.795	12.378
1237.828	12.344
1239.601	12.319
1241.145	12.302
1242.506	12.292
1243.643	12.290
1244.668	12.293
1245.571	12.300
1246.363	12.311
1247.076	12.325
1247.719	12.342
1248.285	12.361
1248.831	12.382
1249.309	12.405
1249.765	12.429
1250.216	12.453
1250.591	12.480
1250.986	12.507
1251.312	12.536
1251.648	12.564
1251.980	12.593
1252.249	12.625
1252.543	12.656
1252.777	12.689
1253.031	12.721
1253.265	12.755
1253.468	12.789
1253.683	12.824
1253.858	12.860
1254.050	12.895
1254.218	12.932
1254.375	12.969
1254.540	13.007
1254.671	13.045
1254.823	13.083
1254.939	13.123
1255.080	13.162
1255.198	13.202
1255.319	13.242
1255.441	13.283
1255.550	13.324
1255.676	13.364
1255.782	13.406
1255.914	13.447
1256.032	13.489
1256.186	13.529
1256.338	13.570
1256.546	13.609
1256.790	13.647
1257.136	13.682
1257.594	13.713
1258.282	13.735
1259.274	13.746
1260.750	13.739
1262.940	13.705
1266.090	13.634
1270.310	13.523
1275.922	13.357
1282.319	13.159
1289.022	12.947
1295.374	12.746
1300.536	12.588
1304.519	12.474
1307.341	12.404
1309.222	12.369
1310.498	12.358
1311.337	12.364
1311.868	12.382
1312.264	12.405
1312.520	12.434
1312.711	12.466
1312.870	12.499
1312.978	12.534
1313.089	12.569
1313.189	12.605
1313.269	12.642
1313.362	12.678
1313.433	12.716
1313.511	12.754
1313.596	12.791
1313.669	12.829
1313.758	12.867
1313.834	12.905
1313.920	12.944
1314.016	12.982
1314.109	13.020
1314.216	13.058
1314.323	13.097
1314.444	13.135
1314.584	13.172
1314.725	13.210
1314.893	13.247
1315.082	13.283
1315.289	13.319
1315.539	13.353
1315.810	13.387
1316.144	13.419
1316.503	13.449
1316.933	13.477
1317.432	13.503
1318.006	13.526
1318.684	13.545
1319.453	13.560
1320.345	13.571
1321.340	13.578
1322.474	13.579
1323.704	13.576
1325.071	13.567
1326.488	13.557
1328.043	13.540
1329.547	13.525
1331.148	13.506
1332.642	13.491
1334.156	13.475
1335.550	13.463
1336.869	13.454
1338.117	13.448
1339.244	13.446
1340.322	13.447
1341.292	13.452
1342.223	13.459
1343.104	13.468
1343.975	13.477
1344.808	13.488
1345.693	13.498
1346.550	13.508
1347.493	13.516
1348.458	13.523
1349.499	13.527
1350.666	13.526
1351.898	13.523
1353.268	13.515
1354.744	13.503
1356.381	13.485
1358.158	13.462
1360.118	13.432
1362.188	13.399
1364.524	13.355
1366.884	13.311
1369.465	13.258
1372.090	13.204
1374.735	13.150
1377.416	13.094
1380.057	13.039
1382.525	12.990
1384.926	12.944
1387.084	12.906
1389.042	12.875
1390.851	12.850
1392.372	12.834
1393.766	12.823
1395.009	12.818
1396.037	12.819
1396.983	12.824
1397.780	12.834
1398.483	12.848
1399.121	12.864
1399.670	12.883
1400.163	12.904
1400.632	12.926
1401.054	12.950
1401.430	12.976
1401.807	13.002
1402.126	13.030
1402.453	13.057
1402.769	13.086
1403.055	13.115
1403.380	13.144
1403.652	13.174
1403.949	13.203
1404.244	13.233
1404.514	13.264
1404.842	13.293
1405.123	13.323
1405.460	13.352
1405.786	13.381
1406.115	13.411
1406.504	13.438
1406.851	13.467
1407.286	13.493
1407.704	13.519
1408.187	13.543
1408.715	13.566
1409.268	13.588
1409.895	13.607
1410.556	13.625
1411.309	13.640
1412.143	13.652
1413.062	13.661
1414.078	13.666
1415.217	13.666
1416.401	13.665
1417.794	13.656
1419.163	13.648
1420.668	13.634
1422.293	13.616
1423.904	13.598
1425.596	13.577
1427.263	13.556
1428.873	13.538
1430.465	13.519
1431.950	13.505
1433.310	13.495
1434.660	13.485
1435.840	13.482
1436.917	13.482
1437.912	13.485
1438.762	13.494
1439.578	13.504
1440.299	13.518
1440.934	13.534
1441.558	13.552
1442.073	13.573
1442.604	13.595
1443.061	13.619
1443.500	13.643
1443.933	13.669
1444.336	13.695
1444.749	13.721
1445.155	13.748
1445.572	13.774
1445.981	13.801
1446.412	13.827
1446.856	13.853
1447.346	13.877
1447.842	13.901
1448.403	13.923
1449.000	13.943
1449.642	13.962
1450.376	13.977
1451.111	13.993
1451.978	14.003
1452.859	14.013
1453.892	14.017
1454.964	14.020
1456.160	14.018
1457.490	14.011
1458.946	14.000
1460.661	13.980
1462.598	13.952
1465.041	13.908
1468.020	13.847
1471.817	13.759
1476.662	13.637
1482.664	13.477
1489.573	13.288
1497.173	13.077
1504.792	12.864
1511.476	12.682
1517.161	12.532
1521.625	12.421
1524.923	12.348
1527.310	12.305
1529.092	12.281
1530.385	12.272
1531.314	12.276
1532.099	12.284
1532.704	12.298
1533.194	12.316
1533.639	12.335
1534.035	12.356
1534.398	12.378
1534.731	12.401
1535.060	12.425
1535.381	12.448
1535.679	12.473
1535.989	12.497
1536.301	12.521
1536.593	12.546
1536.900	12.571
1537.223	12.595
1537.524	12.620
1537.839	12.645
1538.184	12.668
1538.509	12.693
1538.845	12.717
1539.220	12.740
1539.581	12.764
1539.949	12.787
1540.360	12.810
1540.764	12.832
1541.167	12.855
1541.620	12.876
1542.078	12.897
1542.538	12.918
1543.055	12.938
1543.579	12.957
1544.112	12.976
1544.688	12.994
1545.267	13.011
1545.856	13.029
1546.491	13.044
1547.150	13.060
1547.813	13.075
1548.519	13.088
1549.275	13.101
1550.002	13.114
1550.763	13.126
1551.594	13.135
1552.384	13.147
1553.278	13.155
1554.227	13.161
1555.164	13.168
1556.249	13.170
1557.388	13.171
1558.584	13.170
1559.915	13.164
1561.372	13.155
1562.993	13.141
1564.716	13.124
1566.628	13.101
1568.698	13.074
1570.857	13.043
1573.178	13.007
1575.492	12.971
1577.852	12.934
1580.192	12.897
1582.442	12.862
1584.633	12.829
1586.649	12.801
1588.492	12.779
1590.184	12.760
1591.724	12.747
1593.099	12.738
1594.309	12.735
1595.459	12.733
1596.473	12.736
1597.350	12.743
1598.221	12.750
1598.992	12.759
1599.668	12.772
1600.357	12.785
1600.974	12.800
1601.534	12.816
1602.097	12.833
1602.620	12.851
1603.097	12.870
1603.562	12.889
1604.015	12.909
1604.425	12.931
1604.823	12.953
1605.225	12.974
1605.584	12.998
1605.932	13.021
1606.296	13.044
1606.613	13.069
1606.921	13.094
1607.245	13.118
1607.525	13.144
1607.802	13.171
1608.103	13.196
1608.361	13.223
1608.624	13.250
1608.909	13.276
1609.147	13.304
1609.393	13.332
1609.656	13.359
1609.873	13.388
1610.126	13.416
1610.383	13.444
1610.593	13.473
1610.862	13.501
1611.128	13.529
1611.339	13.559
1611.619	13.586
1611.881	13.615
1612.123	13.644
1612.434	13.671
1612.711	13.699
1613.030	13.726
1613.405	13.751
1613.737	13.778
1614.180	13.801
1614.665	13.823
1615.206	13.844
1615.879	13.860
1616.609	13.874
1617.502	13.884
1618.559	13.887
1619.792	13.886
1621.242	13.876
1622.908	13.860
1624.777	13.837
1626.897	13.805
1629.229	13.766
1631.535	13.728
1634.040	13.682
1636.459	13.638
1638.704	13.600
1640.976	13.561
1642.894	13.534
1644.696	13.510
1646.347	13.491
1647.768	13.480
1649.164	13.471
1650.447	13.465
1651.740	13.460
1653.127	13.452
1654.536	13.445
1656.137	13.432
1657.968	13.412
1659.997	13.387
1662.306	13.353
1664.829	13.312
1667.665	13.263
1670.627	13.209
1673.506	13.156
1676.559	13.099
1679.356	13.048
1681.896	13.005
1684.315	12.965
1686.403	12.935
1688.235	12.913
1689.799	12.898
1691.149	12.890
1692.353	12.886
1693.331	12.889
1694.232	12.895
1695.044	12.903
1695.730	12.915
1696.400	12.927
1697.011	12.942
1697.561	12.958
1698.124	12.974
1698.636	12.991
1699.121	13.009
1699.641	13.027
1700.112	13.046
1700.571	13.065
1701.070	13.083
1701.533	13.102
1702.000	13.122
1702.505	13.140
1702.995	13.159
1703.505	13.177
1704.062	13.194
1704.650	13.210
1705.299	13.225
1706.020	13.238
1706.839	13.248
1707.813	13.254
1708.939	13.256
1710.325	13.252
1712.028	13.238
1714.090	13.215
1716.627	13.180
1719.780	13.128
1723.520	13.059
1727.828	12.976
1732.635	12.879
1737.865	12.770
1743.140	12.659
1748.099	12.557
1752.667	12.464
1756.816	12.383
1760.209	12.321
1762.931	12.277
1765.229	12.244
1767.100	12.223
1768.527	12.214
1769.679	12.211
1770.686	12.213
1771.541	12.219
1772.242	12.229
1772.852	12.241
1773.440	12.255
1774.005	12.268
1774.517	12.284
1775.000	12.300
1775.510	12.316
1776.055	12.330
1776.560	12.346
1777.050	12.363
1777.616	12.377
1778.231	12.391
1778.791	12.405
1779.388	12.419
1780.073	12.431
1780.775	12.442
1781.418	12.455
1782.157	12.465
1782.976	12.474
1783.753	12.483
1784.532	12.493
1785.409	12.500
1786.292	12.506
1787.172	12.513
1788.094	12.519
1789.026	12.524
1789.934	12.530
1790.884	12.535
1791.862	12.539
1792.746	12.546
1793.691	12.551
1794.672	12.555
1795.558	12.561
1796.410	12.568
1797.384	12.572
1798.285	12.578
1799.096	12.586
1799.941	12.594
1800.846	12.599
1801.646	12.608
1802.408	12.617
1803.223	12.625
1804.018	12.634
1804.750	12.644
1805.468	12.655
1806.199	12.665
1806.910	12.676
1807.568	12.688
1808.182	12.701
1808.860	12.713
1809.508	12.725
1810.075	12.739
1810.623	12.754
1811.236	12.768
1811.770	12.783
1812.187	12.801
1812.725	12.817
1813.244	12.833
1813.631	12.852
1814.044	12.871
1814.501	12.888
1814.858	12.908
1815.161	12.930
1815.567	12.949
1815.910	12.970
1816.168	12.993
1816.481	13.015
1816.788	13.037
1817.008	13.061
1817.250	13.085
1817.527	13.108
1817.726	13.133
1817.909	13.159
1818.149	13.183
1818.343	13.209
1818.508	13.235
1818.705	13.261
1818.883	13.287
1819.046	13.314
1819.221	13.340
1819.392	13.367
1819.553	13.394
1819.719	13.422
1819.893	13.449
1820.066	13.476
1820.244	13.503
1820.428	13.530
1820.628	13.557
1820.833	13.583
1821.042	13.610
1821.285	13.636
1821.532	13.662
1821.786	13.687
1822.098	13.711
1822.413	13.735
1822.733	13.759
1823.146	13.781
1823.565	13.802
1823.987	13.823
1824.524	13.841
1825.086	13.858
1825.650	13.875
1826.358	13.888
1827.093	13.900
1827.845	13.912
1828.775	13.918
1829.728	13.924
1830.725	13.928
1831.922	13.927
1833.126	13.925
1834.435	13.920
1835.927	13.909
1837.408	13.899
1839.046	13.884
1840.799	13.866
1842.543	13.848
1844.508	13.824
1846.488	13.798
1848.442	13.774
1850.595	13.744
1852.678	13.715
1854.685	13.689
1856.763	13.661
1858.724	13.636
1860.549	13.615
1862.283	13.596
1863.973	13.579
1865.517	13.565
1866.876	13.557
1868.142	13.552
1869.337	13.549
1870.357	13.550
1871.277	13.555
1872.174	13.561
1872.948	13.570
1873.639	13.581
1874.335	13.593
1874.981	13.606
1875.576	13.621
1876.169	13.635
1876.773	13.650
1877.372	13.665
1877.958	13.680
1878.601	13.694
1879.278	13.707
1879.975	13.720
1880.721	13.731
1881.557	13.739
1882.411	13.747
1883.320	13.754
1884.391	13.756
1885.429	13.759
1886.548	13.759
1887.817	13.755
1889.018	13.754
1890.339	13.748
1891.742	13.740
1893.077	13.734
1894.516	13.725
1896.006	13.715
1897.395	13.707
1898.910	13.696
1900.459	13.684
1901.923	13.675
1903.540	13.661
1905.254	13.645
1906.965	13.630
1908.855	13.609
1910.902	13.585
1913.099	13.557
1915.486	13.524
1918.054	13.486
1920.899	13.442
1923.955	13.392
1927.135	13.339
1930.523	13.280
1934.100	13.218
1937.672	13.155
1941.240	13.093
1944.885	13.029
1948.439	12.968
1951.813	12.912
1955.060	12.859
1958.165	12.810
1960.994	12.767
1963.670	12.729
1966.091	12.697
1968.290	12.670
1970.225	12.649
1972.016	12.632
1973.541	12.622
1974.880	12.616
1976.066	12.613
1977.129	12.614
1978.020	12.619
1978.786	12.626
1979.458	12.636
1980.079	12.648
1980.591	12.661
1981.027	12.677
1981.441	12.694
1981.820	12.711
1982.130	12.730
1982.395	12.750
1982.681	12.770
1982.925	12.791
1983.129	12.813
1983.318	12.836
1983.545	12.857
1983.712	12.880
1983.879	12.903
1984.050	12.927
1984.232	12.950
1984.359	12.974
1984.498	12.998
1984.655	13.022
1984.787	13.046
1984.917	13.071
1985.044	13.096
1985.196	13.120
1985.298	13.146
1985.430	13.171
1985.556	13.196
1985.673	13.221
1985.790	13.247
1985.909	13.272
1986.026	13.298
1986.121	13.324
1986.250	13.350
1986.359	13.376
1986.464	13.403
1986.578	13.429
1986.689	13.455
1986.783	13.482
1986.881	13.509
1987.005	13.535
1987.096	13.563
1987.196	13.590
1987.312	13.617
1987.403	13.644
1987.492	13.672
1987.602	13.699
1987.718	13.726
1987.787	13.755
1987.887	13.783
1988.000	13.810
1988.069	13.839
1988.172	13.867
1988.282	13.895
1988.355	13.924
1988.446	13.953
1988.553	13.981
1988.641	14.010
1988.719	14.039
1988.821	14.068
1988.916	14.097
1988.985	14.127
1989.082	14.156
1989.180	14.185
1989.244	14.216
1989.342	14.245
1989.437	14.275
1989.495	14.306
1989.593	14.336
1989.687	14.366
1989.742	14.397
1989.836	14.427
1989.928	14.457
1989.986	14.489
1990.072	14.520
1990.161	14.551
1990.221	14.582
1990.302	14.614
1990.386	14.645
1990.447	14.677
1990.525	14.709
1990.605	14.741
1990.665	14.773
1990.743	14.805
1990.818	14.838
1990.881	14.870
1990.956	14.903
1991.028	14.936
1991.090	14.969
1991.155	15.002
1991.219	15.036
1991.278	15.069
1991.341	15.103
1991.402	15.137
1991.461	15.171
1991.520	15.205
1991.579	15.239
1991.636	15.274
1991.690	15.309
1991.742	15.344
1991.795	15.379
1991.849	15.414
1991.903	15.449
1991.953	15.485
1992.006	15.521
1992.056	15.556
1992.102	15.593
1992.145	15.629
1992.188	15.665
1992.233	15.702
1992.286	15.739
1992.328	15.776
1992.369	15.813
1992.414	15.850
1992.446	15.888
1992.493	15.925
1992.531	15.963
1992.566	16.001
1992.613	16.039
1992.640	16.078
1992.681	16.116
1992.715	16.155
1992.745	16.194
1992.793	16.233
1992.813	16.273
1992.854	16.312
1992.884	16.352
1992.909	16.392
1992.950	16.431
1992.966	16.472
1993.012	16.512
1993.033	16.553
1993.061	16.594
1993.091	16.635
1993.104	16.676
1993.155	16.717
1993.166	16.759
1993.204	16.800
1993.222	16.843
1993.246	16.885
1993.274	16.927
1993.281	16.970
1993.329	17.012
1993.337	17.056
1993.377	17.098
1993.389	17.142
1993.416	17.185
1993.433	17.229
1993.449	17.273
1993.478	17.317
1993.484	17.362
1993.524	17.406
1993.530	17.451
1993.566	17.495
1993.574	17.541
1993.606	17.586
1993.615	17.632
1993.640	17.677
1993.653	17.724
1993.672	17.770
1993.689	17.816
1993.700	17.863
1993.725	17.910
1993.730	17.957
1993.760	18.004
1993.766	18.052
1993.794	18.099
1993.800	18.147
1993.826	18.195
1993.833	18.244
1993.858	18.292
1993.866	18.341
1993.888	18.390
1993.897	18.439
1993.918	18.488
1993.927	18.538
1993.947	18.588
1993.956	18.638
1993.976	18.688
1993.984	18.739
1994.005	18.789
1994.012	18.841
1994.033	18.892
1994.039	18.943
1994.061	18.995
1994.063	19.047
1994.086	19.099
1994.089	19.152
1994.111	19.204
1994.115	19.257
1994.135	19.310
1994.142	19.364
1994.159	19.417
1994.169	19.471
1994.182	19.525
1994.196	19.579
1994.203	19.634
1994.221	19.689
1994.217	19.745
1994.243	19.799
1994.244	19.855
1994.264	19.911
1994.272	19.967
1994.284	20.023
1994.298	20.080
1994.294	20.137
1994.320	20.194
1994.319	20.252
1994.339	20.309
1994.347	20.367
1994.354	20.425
1994.371	20.483
1994.365	20.543
1994.390	20.601
1994.394	20.661
1994.404	20.720
1994.419	20.780
1994.413	20.841
1994.436	20.900
1994.442	20.961
1994.446	21.022
1994.465	21.083
1994.461	21.145
1994.480	21.206
1994.490	21.268
1994.481	21.331
1994.507	21.393
1994.511	21.456
1994.513	21.520
1994.532	21.583
1994.531	21.647
1994.541	21.711
1994.556	21.775
1994.552	21.840
1994.567	21.905
1994.579	21.970
1994.573	22.036
1994.589	22.101
1994.600	22.167
1994.595	22.234
1994.610	22.301
1994.621	22.367
1994.617	22.435
1994.629	22.503
1994.642	22.570
1994.640	22.639
1994.646	22.708
1994.661	22.776
1994.664	22.846
1994.662	22.916
1994.678	22.985
1994.686	23.055
1994.680	23.127
1994.692	23.197
1994.703	23.268
1994.704	23.340
1994.705	23.412
1994.718	23.483
1994.725	23.556
1994.723	23.629
1994.729	23.702
1994.740	23.775
1994.746	23.849
1994.743	23.924
1994.750	23.998
1994.760	24.073
