<j>	<F>
1.150	21.029
2.428	18.524
4.180	10.897
5.200	11.149
6.076	12.608
7.341	13.841
8.824	10.677
9.669	11.654
10.539	13.068
11.825	12.922
12.745	12.683
13.319	14.873
14.302	16.530
16.526	13.631
18.621	10.719
19.737	10.503
20.594	10.921
21.321	11.592
21.985	12.495
22.733	13.424
23.734	13.879
24.920	13.776
26.164	13.573
27.395	13.276
28.362	13.351
29.023	14.033
29.608	15.156
30.573	15.834
32.352	14.879
34.365	13.302
35.997	12.524
37.425	12.149
38.697	11.940
39.683	11.975
40.348	12.374
40.845	13.065
41.360	13.866
42.098	14.526
43.406	14.584
45.649	13.580
48.313	12.067
50.218	11.204
51.296	11.110
52.041	11.362
52.727	11.711
53.481	12.050
54.403	12.292
55.566	12.354
56.925	12.232
58.293	12.049
59.475	11.967
60.418	12.052
61.196	12.280
61.926	12.578
62.720	12.860
63.672	13.051
64.876	13.076
66.393	12.877
68.093	12.509
69.651	12.191
70.922	12.066
72.043	12.072
73.159	12.102
74.321	12.107
75.519	12.090
76.745	12.057
77.992	12.011
79.227	11.965
80.407	11.939
81.502	11.952
82.514	12.010
83.484	12.101
84.495	12.187
85.621	12.226
86.874	12.196
88.179	12.123
89.427	12.061
90.569	12.049
91.649	12.081
92.761	12.114
93.976	12.106
95.277	12.049
96.541	11.985
97.630	11.976
98.488	12.061
99.135	12.247
99.644	12.509
100.079	12.824
100.489	13.170
100.921	13.526
101.407	13.873
101.979	14.188
102.671	14.448
103.504	14.629
104.486	14.725
105.643	14.726
107.068	14.604
108.963	14.269
111.336	13.694
113.681	13.084
115.376	12.743
116.436	12.702
117.169	12.838
117.832	13.030
118.558	13.213
119.411	13.347
120.384	13.425
121.409	13.467
122.402	13.510
123.303	13.588
124.111	13.709
124.853	13.865
125.567	14.038
126.265	14.221
126.956	14.411
127.645	14.606
128.366	14.797
129.202	14.949
130.291	15.001
131.814	14.871
133.922	14.497
136.599	13.904
139.520	13.233
142.202	12.659
144.296	12.296
145.804	12.135
146.918	12.112
147.786	12.173
148.524	12.280
149.182	12.416
149.791	12.571
150.376	12.739
150.956	12.912
151.558	13.085
152.191	13.252
152.887	13.401
153.650	13.531
154.484	13.635
155.374	13.718
156.275	13.791
157.154	13.867
157.981	13.962
158.786	14.071
159.653	14.171
160.709	14.220
162.094	14.164
163.848	13.976
165.757	13.712
167.486	13.486
168.852	13.373
169.906	13.369
170.829	13.426
171.800	13.485
172.979	13.498
174.528	13.414
176.509	13.213
178.854	12.909
181.314	12.567
183.560	12.276
185.441	12.076
186.962	11.966
188.172	11.932
189.167	11.952
190.022	12.007
190.796	12.087
191.564	12.174
192.410	12.252
193.410	12.303
194.671	12.305
196.274	12.236
198.220	12.094
200.406	11.895
202.569	11.688
204.471	11.524
205.996	11.429
207.134	11.410
207.989	11.449
208.650	11.529
209.183	11.638
209.652	11.764
210.095	11.900
210.528	12.041
210.970	12.183
211.436	12.324
211.930	12.462
212.473	12.593
213.058	12.717
213.704	12.829
214.435	12.926
215.254	13.004
216.190	13.059
217.279	13.080
218.528	13.067
219.931	13.018
221.456	12.940
223.030	12.845
224.534	12.760
225.896	12.701
227.065	12.679
228.033	12.699
228.826	12.758
229.479	12.847
230.039	12.960
230.524	13.092
230.965	13.238
231.393	13.390
231.837	13.544
232.311	13.696
232.865	13.835
233.555	13.948
234.452	14.019
235.644	14.027
237.235	13.948
239.295	13.766
241.770	13.495
244.480	13.176
247.207	12.857
249.727	12.583
251.899	12.376
253.692	12.240
255.084	12.177
256.161	12.171
257.005	12.210
257.710	12.277
258.341	12.362
258.963	12.452
259.629	12.538
260.378	12.613
261.234	12.670
262.208	12.708
263.324	12.721
264.587	12.708
265.962	12.675
267.463	12.622
269.118	12.546
270.963	12.443
273.005	12.313
275.237	12.156
277.606	11.978
279.925	11.804
282.037	11.658
283.853	11.553
285.368	11.492
286.638	11.466
287.701	11.472
288.625	11.498
289.468	11.537
290.262	11.584
291.022	11.636
291.750	11.694
292.471	11.752
293.179	11.813
293.874	11.876
294.557	11.941
295.220	12.008
295.868	12.078
296.498	12.152
297.112	12.228
297.722	12.306
298.331	12.385
298.958	12.463
299.628	12.536
300.359	12.602
301.171	12.658
302.101	12.697
303.159	12.717
304.366	12.714
305.693	12.692
307.113	12.654
308.570	12.608
310.034	12.560
311.470	12.516
312.887	12.476
314.290	12.441
315.723	12.404
317.237	12.358
318.851	12.299
320.556	12.229
322.309	12.151
324.033	12.075
325.688	12.006
327.216	11.953
328.610	11.916
329.829	11.900
330.875	11.907
331.787	11.931
332.598	11.968
333.316	12.018
333.947	12.080
334.511	12.151
335.034	12.229
335.520	12.312
335.979	12.401
336.441	12.491
336.898	12.583
337.374	12.675
337.894	12.762
338.465	12.843
339.110	12.916
339.847	12.977
340.687	13.024
341.635	13.056
342.713	13.070
343.905	13.067
345.208	13.048
346.635	13.013
348.178	12.963
349.868	12.895
351.726	12.806
353.762	12.694
355.873	12.572
357.941	12.452
359.858	12.348
361.513	12.275
362.923	12.231
364.067	12.220
364.969	12.241
365.702	12.284
366.329	12.341
366.891	12.409
367.419	12.482
367.946	12.558
368.482	12.633
369.037	12.708
369.632	12.778
370.298	12.841
371.028	12.896
371.827	12.943
372.736	12.978
373.800	12.995
375.084	12.988
376.684	12.946
378.749	12.853
381.335	12.700
384.410	12.490
387.681	12.252
390.780	12.027
393.367	11.854
395.324	11.749
396.714	11.707
397.680	11.713
398.381	11.750
398.920	11.807
399.367	11.876
399.767	11.952
400.155	12.031
400.549	12.110
400.961	12.189
401.394	12.267
401.850	12.343
402.365	12.414
402.933	12.479
403.529	12.542
404.164	12.600
404.840	12.654
405.532	12.706
406.263	12.753
407.023	12.797
407.775	12.841
408.505	12.887
409.213	12.936
409.887	12.988
410.546	13.043
411.182	13.100
411.784	13.163
412.360	13.229
412.925	13.297
413.482	13.367
414.045	13.437
414.625	13.506
415.241	13.571
415.892	13.633
416.593	13.689
417.370	13.737
418.272	13.770
419.298	13.789
420.564	13.782
422.187	13.734
424.267	13.637
426.989	13.469
430.398	13.225
434.308	12.927
438.289	12.617
441.851	12.350
444.698	12.158
446.797	12.045
448.297	11.994
449.377	11.988
450.154	12.014
450.735	12.061
451.186	12.123
451.551	12.194
451.863	12.272
452.144	12.354
452.410	12.440
452.669	12.527
452.929	12.615
453.203	12.704
453.504	12.791
453.847	12.875
454.243	12.955
454.702	13.030
455.245	13.097
455.911	13.152
456.721	13.192
457.674	13.217
458.788	13.224
460.022	13.217
461.356	13.197
462.736	13.170
464.065	13.146
465.334	13.127
466.457	13.121
467.421	13.133
468.224	13.162
468.888	13.206
469.434	13.264
469.885	13.334
470.281	13.411
470.644	13.493
470.957	13.582
471.241	13.676
471.499	13.774
471.754	13.874
472.013	13.974
472.263	14.077
472.528	14.180
472.814	14.282
473.136	14.381
473.503	14.476
473.954	14.563
474.527	14.638
475.310	14.689
476.439	14.702
478.092	14.656
480.536	14.523
483.983	14.276
488.342	13.924
493.022	13.531
497.166	13.191
500.299	12.958
502.431	12.832
503.783	12.791
504.661	12.802
505.254	12.846
505.691	12.907
506.046	12.979
506.359	13.057
506.658	13.137
506.946	13.220
507.230	13.304
507.528	13.387
507.847	13.470
508.186	13.551
508.541	13.631
508.903	13.712
509.287	13.790
509.716	13.865
510.184	13.936
510.683	14.005
511.225	14.070
511.816	14.130
512.484	14.182
513.263	14.224
514.195	14.250
515.340	14.254
516.763	14.230
518.508	14.171
520.584	14.076
522.948	13.949
525.464	13.804
527.918	13.662
530.174	13.539
532.126	13.446
533.738	13.388
535.065	13.360
536.187	13.355
537.175	13.364
538.092	13.383
538.992	13.404
539.906	13.425
540.861	13.443
541.877	13.455
542.966	13.461
544.146	13.458
545.419	13.447
546.773	13.427
548.185	13.401
549.623	13.371
551.027	13.344
552.359	13.322
553.594	13.308
554.715	13.305
555.718	13.312
556.608	13.330
557.396	13.357
558.097	13.394
558.722	13.437
559.285	13.487
559.792	13.543
560.251	13.604
560.682	13.669
561.099	13.736
561.510	13.804
561.930	13.872
562.374	13.939
562.857	14.004
563.402	14.063
564.041	14.114
564.812	14.154
565.774	14.175
566.984	14.174
568.499	14.143
570.348	14.080
572.510	13.985
574.896	13.867
577.361	13.738
579.685	13.620
581.749	13.525
583.497	13.459
584.939	13.422
586.117	13.410
587.096	13.417
587.938	13.438
588.684	13.469
589.377	13.506
590.035	13.546
590.678	13.589
591.316	13.632
591.975	13.674
592.663	13.714
593.381	13.751
594.138	13.785
594.933	13.816
595.764	13.843
596.625	13.867
597.505	13.888
598.372	13.911
599.245	13.934
600.121	13.955
600.993	13.977
601.856	14.000
602.698	14.024
603.533	14.050
604.365	14.075
605.202	14.101
606.041	14.127
606.902	14.152
607.830	14.172
608.866	14.182
610.048	14.180
611.417	14.162
613.016	14.123
614.880	14.061
616.989	13.976
619.256	13.875
621.561	13.770
623.779	13.672
625.862	13.584
627.726	13.514
629.345	13.466
630.728	13.438
631.901	13.429
632.910	13.434
633.801	13.449
634.594	13.474
635.314	13.505
635.986	13.541
636.645	13.580
637.331	13.617
638.091	13.650
638.986	13.673
640.079	13.682
641.463	13.669
643.262	13.625
645.517	13.546
648.226	13.430
651.289	13.285
654.511	13.126
657.583	12.975
660.304	12.850
662.634	12.754
664.557	12.690
666.151	12.652
667.559	12.630
668.866	12.617
670.138	12.608
671.468	12.597
672.830	12.583
674.251	12.566
675.755	12.543
677.254	12.520
678.750	12.495
680.216	12.472
681.572	12.456
682.815	12.447
683.951	12.445
684.982	12.450
685.933	12.461
686.826	12.476
687.675	12.494
688.524	12.514
689.401	12.532
690.312	12.548
691.280	12.561
692.326	12.570
693.466	12.572
694.684	12.569
695.972	12.561
697.315	12.549
698.665	12.536
700.035	12.521
701.363	12.508
702.616	12.499
703.816	12.493
704.907	12.494
705.909	12.501
706.827	12.513
707.654	12.532
708.417	12.555
709.147	12.580
709.841	12.608
710.515	12.638
711.204	12.667
711.923	12.696
712.683	12.722
713.528	12.743
714.463	12.758
715.466	12.769
716.616	12.771
717.875	12.766
719.216	12.755
720.655	12.737
722.112	12.717
723.573	12.696
724.987	12.676
726.316	12.662
727.543	12.653
728.615	12.654
729.546	12.664
730.358	12.682
731.047	12.708
731.622	12.741
732.103	12.781
732.517	12.826
732.866	12.875
733.158	12.929
733.418	12.985
733.642	13.045
733.840	13.107
734.017	13.170
734.195	13.235
734.368	13.300
734.545	13.367
734.738	13.433
734.970	13.497
735.266	13.558
735.671	13.612
736.249	13.657
737.091	13.685
738.323	13.688
740.086	13.657
742.542	13.579
745.778	13.449
749.708	13.270
753.939	13.068
757.974	12.874
761.440	12.715
764.150	12.603
766.117	12.540
767.558	12.513
768.609	12.511
769.416	12.527
770.064	12.553
770.634	12.585
771.179	12.620
771.686	12.657
772.194	12.695
772.716	12.732
773.226	12.770
773.752	12.807
774.296	12.843
774.834	12.880
775.366	12.917
775.903	12.954
776.441	12.991
776.977	13.028
777.483	13.067
777.984	13.106
778.489	13.145
778.979	13.186
779.439	13.228
779.900	13.271
780.358	13.314
780.809	13.358
781.263	13.403
781.725	13.446
782.199	13.490
782.699	13.532
783.235	13.573
783.824	13.610
784.488	13.643
785.246	13.670
786.151	13.688
787.230	13.695
788.532	13.689
790.162	13.662
792.172	13.611
794.585	13.535
797.403	13.432
800.539	13.309
803.832	13.175
807.047	13.044
810.032	12.926
812.610	12.831
814.679	12.768
816.331	12.730
817.602	12.716
818.589	12.719
819.374	12.735
819.971	12.763
820.460	12.798
820.880	12.837
821.227	12.882
821.544	12.929
821.838	12.977
822.113	13.028
822.390	13.078
822.664	13.130
822.946	13.181
823.238	13.232
823.548	13.283
823.892	13.331
824.256	13.379
824.649	13.426
825.107	13.469
825.620	13.508
826.161	13.547
826.796	13.579
827.519	13.607
828.346	13.628
829.255	13.644
830.295	13.651
831.493	13.650
832.864	13.637
834.375	13.616
836.059	13.584
837.958	13.538
839.995	13.484
842.122	13.423
844.245	13.362
846.302	13.303
848.297	13.248
850.082	13.205
851.608	13.177
852.914	13.161
854.003	13.159
854.891	13.169
855.594	13.191
856.148	13.221
856.607	13.259
856.984	13.301
857.278	13.349
857.530	13.401
857.755	13.454
857.951	13.510
858.138	13.567
858.332	13.625
858.533	13.682
858.746	13.740
859.000	13.795
859.316	13.847
859.699	13.896
860.186	13.939
860.814	13.974
861.635	13.998
862.705	14.006
864.012	13.999
865.635	13.973
867.615	13.923
869.884	13.855
872.253	13.778
874.618	13.699
876.903	13.624
878.960	13.561
880.674	13.519
882.063	13.497
883.161	13.492
884.026	13.503
884.721	13.525
885.265	13.557
885.715	13.596
886.110	13.638
886.464	13.684
886.804	13.731
887.151	13.778
887.505	13.825
887.888	13.871
888.304	13.916
888.775	13.957
889.318	13.994
889.902	14.029
890.559	14.059
891.335	14.082
892.175	14.101
893.079	14.116
894.093	14.124
895.173	14.127
896.311	14.126
897.491	14.122
898.673	14.118
899.907	14.110
901.157	14.101
902.395	14.093
903.671	14.083
904.989	14.072
906.393	14.055
907.930	14.031
909.590	14.001
911.455	13.958
913.503	13.905
915.800	13.838
918.221	13.763
920.810	13.678
923.383	13.593
925.909	13.511
928.251	13.439
930.339	13.381
932.235	13.334
933.852	13.303
935.344	13.279
936.619	13.268
937.811	13.263
938.909	13.264
940.010	13.265
941.124	13.267
942.342	13.264
943.692	13.255
945.237	13.237
947.042	13.206
949.090	13.164
951.476	13.104
954.225	13.027
957.172	12.940
960.419	12.839
963.731	12.734
967.005	12.630
970.128	12.534
973.025	12.449
975.592	12.379
977.822	12.325
979.739	12.285
981.325	12.261
982.639	12.250
983.735	12.249
984.647	12.256
985.389	12.271
986.030	12.292
986.538	12.318
987.002	12.347
987.367	12.381
987.714	12.416
988.010	12.454
988.296	12.492
988.558	12.532
988.816	12.572
989.066	12.613
989.323	12.654
989.579	12.695
989.856	12.736
990.142	12.776
990.462	12.815
990.794	12.854
991.179	12.891
991.574	12.927
992.038	12.960
992.486	12.994
993.027	13.024
993.578	13.053
994.234	13.078
994.922	13.101
995.716	13.119
996.560	13.135
997.524	13.145
998.607	13.150
999.889	13.145
1001.365	13.133
1003.147	13.106
1005.286	13.065
1007.935	13.000
1011.116	12.913
1014.870	12.801
1019.083	12.668
1023.694	12.518
1028.397	12.364
1032.870	12.220
1036.911	12.094
1040.320	11.994
1043.166	11.919
1045.469	11.867
1047.306	11.835
1048.796	11.818
1049.997	11.812
1051.006	11.815
1051.839	11.826
1052.558	11.841
1053.172	11.861
1053.735	11.882
1054.218	11.907
1054.664	11.934
1055.063	11.963
1055.435	11.993
1055.777	12.025
1056.098	12.057
1056.410	12.090
1056.703	12.124
1056.991	12.159
1057.267	12.194
1057.547	12.229
1057.820	12.264
1058.100	12.300
1058.385	12.336
1058.680	12.371
1058.989	12.406
1059.309	12.441
1059.661	12.474
1060.026	12.508
1060.422	12.540
1060.856	12.570
1061.307	12.601
1061.826	12.628
1062.350	12.655
1062.967	12.679
1063.581	12.702
1064.299	12.721
1065.013	12.741
1065.818	12.756
1066.624	12.771
1067.504	12.783
1068.386	12.794
1069.288	12.805
1070.219	12.814
1071.128	12.824
1072.055	12.833
1072.930	12.844
1073.816	12.854
1074.620	12.868
1075.428	12.882
1076.140	12.900
1076.834	12.918
1077.463	12.940
1078.070	12.963
1078.631	12.988
1079.161	13.014
1079.663	13.042
1080.133	13.072
1080.583	13.103
1081.012	13.134
1081.426	13.167
1081.849	13.199
1082.255	13.233
1082.689	13.265
1083.113	13.298
1083.576	13.329
1084.042	13.361
1084.545	13.391
1085.059	13.420
1085.633	13.447
1086.248	13.472
1086.944	13.494
1087.696	13.513
1088.560	13.527
1089.492	13.538
1090.561	13.542
1091.677	13.544
1092.940	13.539
1094.292	13.529
1095.750	13.514
1097.291	13.495
1098.859	13.474
1100.441	13.452
1102.007	13.431
1103.468	13.413
1104.885	13.398
1106.111	13.391
1107.282	13.387
1108.274	13.391
1109.172	13.399
1109.938	13.414
1110.594	13.434
1111.161	13.458
1111.634	13.487
1112.046	13.520
1112.404	13.555
1112.709	13.593
1112.987	13.633
1113.223	13.675
1113.448	13.717
1113.646	13.762
1113.842	13.807
1114.017	13.853
1114.191	13.899
1114.350	13.947
1114.517	13.994
1114.682	14.042
1114.849	14.090
1115.034	14.138
1115.212	14.186
1115.419	14.233
1115.641	14.280
1115.928	14.324
1116.267	14.366
1116.689	14.404
1117.243	14.436
1117.985	14.459
1119.020	14.469
1120.498	14.457
1122.551	14.418
1125.487	14.338
1129.405	14.210
1134.396	14.032
1140.267	13.810
1146.447	13.573
1152.344	13.349
1157.408	13.163
1161.472	13.023
1164.545	12.930
1166.861	12.871
1168.584	12.840
1169.914	12.828
1170.978	12.827
1171.845	12.836
1172.614	12.849
1173.292	12.867
1173.912	12.887
1174.525	12.908
1175.081	12.931
1175.695	12.953
1176.244	12.977
1176.875	12.997
1177.471	13.020
1178.121	13.040
1178.762	13.061
1179.446	13.079
1180.136	13.098
1180.847	13.116
1181.558	13.133
1182.310	13.149
1183.005	13.167
1183.763	13.183
1184.421	13.202
1185.164	13.218
1185.783	13.239
1186.469	13.257
1187.045	13.280
1187.669	13.301
1188.197	13.327
1188.752	13.351
1189.254	13.377
1189.749	13.404
1190.225	13.432
1190.685	13.460
1191.142	13.489
1191.594	13.519
1192.045	13.548
1192.504	13.578
1192.964	13.607
1193.455	13.635
1193.943	13.664
1194.481	13.690
1195.021	13.717
1195.604	13.741
1196.198	13.765
1196.825	13.788
1197.475	13.809
1198.116	13.831
1198.795	13.851
1199.456	13.872
1200.146	13.892
1200.809	13.912
1201.484	13.932
1202.124	13.954
1202.759	13.975
1203.357	13.999
1203.925	14.024
1204.440	14.051
1204.932	14.080
1205.388	14.110
1205.826	14.142
1206.227	14.175
1206.619	14.209
1206.971	14.245
1207.324	14.281
1207.654	14.319
1208.003	14.356
1208.322	14.394
1208.677	14.431
1209.018	14.469
1209.411	14.505
1209.822	14.540
1210.285	14.573
1210.814	14.603
1211.386	14.630
1212.063	14.653
1212.791	14.673
1213.625	14.688
1214.580	14.697
1215.587	14.703
1216.760	14.700
1217.910	14.699
1219.190	14.690
1220.437	14.683
1221.708	14.674
1222.944	14.666
1224.158	14.659
1225.294	14.657
1226.420	14.654
1227.477	14.657
1228.591	14.657
1229.781	14.654
1231.182	14.643
1232.912	14.618
1235.219	14.569
1238.197	14.489
1242.160	14.366
1246.866	14.210
1252.327	14.019
1258.044	13.816
1263.506	13.623
1268.347	13.457
1272.210	13.333
1275.284	13.245
1277.575	13.191
1279.454	13.156
1280.912	13.139
1282.146	13.132
1283.167	13.134
1284.089	13.141
1284.931	13.151
1285.695	13.164
1286.415	13.179
1287.096	13.196
1287.751	13.214
1288.387	13.233
1289.004	13.253
1289.617	13.273
1290.233	13.293
1290.846	13.313
1291.475	13.333
1292.129	13.352
1292.796	13.370
1293.507	13.387
1294.227	13.403
1295.002	13.418
1295.789	13.431
1296.639	13.443
1297.484	13.454
1298.401	13.463
1299.317	13.472
1300.291	13.478
1301.271	13.484
1302.306	13.488
1303.382	13.491
1304.543	13.490
1305.816	13.486
1307.240	13.477
1308.928	13.458
1310.950	13.428
1313.425	13.382
1316.504	13.315
1320.289	13.223
1324.636	13.110
1329.648	12.974
1334.858	12.829
1339.819	12.692
1344.514	12.564
1348.390	12.463
1351.490	12.390
1353.935	12.340
1355.775	12.311
1357.079	12.301
1358.136	12.300
1358.894	12.310
1359.470	12.327
1359.955	12.347
1360.335	12.371
1360.659	12.397
1360.973	12.423
1361.233	12.452
1361.512	12.480
1361.780	12.509
1362.024	12.539
1362.305	12.567
1362.572	12.597
1362.869	12.625
1363.182	12.653
1363.492	12.681
1363.859	12.708
1364.228	12.734
1364.626	12.760
1365.085	12.784
1365.554	12.807
1366.078	12.829
1366.653	12.849
1367.245	12.868
1367.904	12.885
1368.639	12.900
1369.354	12.915
1370.165	12.927
1370.988	12.938
1371.806	12.949
1372.750	12.956
1373.568	12.967
1374.485	12.975
1375.407	12.982
1376.241	12.992
1377.132	13.000
1377.907	13.012
1378.687	13.024
1379.432	13.037
1380.104	13.053
1380.770	13.069
1381.381	13.087
1381.939	13.107
1382.484	13.127
1382.974	13.150
1383.463	13.172
1383.947	13.195
1384.390	13.220
1384.860	13.244
1385.311	13.269
1385.802	13.292
1386.310	13.315
1386.860	13.337
1387.463	13.357
1388.122	13.375
1388.861	13.390
1389.688	13.402
1390.597	13.412
1391.625	13.417
1392.780	13.417
1394.014	13.414
1395.474	13.403
1396.931	13.393
1398.600	13.374
1400.302	13.354
1402.066	13.331
1403.914	13.305
1405.722	13.281
1407.596	13.253
1409.362	13.230
1411.143	13.206
1412.784	13.187
1414.454	13.167
1415.937	13.154
1417.446	13.140
1418.888	13.128
1420.243	13.120
1421.634	13.110
1422.920	13.104
1424.241	13.098
1425.546	13.092
1426.871	13.085
1428.241	13.077
1429.617	13.070
1431.105	13.058
1432.613	13.046
1434.225	13.031
1435.930	13.012
1437.686	12.992
1439.523	12.969
1441.433	12.944
1443.402	12.917
1445.345	12.890
1447.303	12.863
1449.239	12.836
1451.047	12.813
1452.829	12.791
1454.519	12.772
1456.044	12.758
1457.512	12.746
1458.866	12.738
1460.103	12.734
1461.294	12.732
1462.440	12.731
1463.490	12.733
1464.572	12.735
1465.663	12.737
1466.735	12.740
1467.936	12.739
1469.238	12.735
1470.677	12.728
1472.329	12.714
1474.236	12.693
1476.458	12.663
1478.958	12.625
1481.866	12.575
1485.165	12.514
1488.719	12.445
1492.570	12.367
1496.484	12.287
1500.420	12.206
1504.043	12.134
1507.368	12.070
1510.522	12.011
1513.134	11.968
1515.437	11.933
1517.440	11.907
1519.103	11.891
1520.578	11.881
1521.852	11.876
1523.032	11.874
1524.106	11.876
1525.090	11.880
1526.045	11.885
1526.985	11.890
1527.922	11.896
1528.824	11.903
1529.776	11.909
1530.727	11.915
1531.671	11.920
1532.663	11.925
1533.653	11.930
1534.646	11.934
1535.682	11.937
1536.682	11.941
1537.648	11.947
1538.679	11.950
1539.664	11.954
1540.584	11.960
1541.543	11.965
1542.463	11.971
1543.281	11.980
1544.101	11.988
1544.938	11.996
1545.671	12.007
1546.370	12.019
1547.063	12.031
1547.692	12.045
1548.264	12.060
1548.835	12.075
1549.386	12.091
1549.875	12.109
1550.333	12.128
1550.790	12.146
1551.215	12.166
1551.597	12.187
1551.977	12.208
1552.350	12.229
1552.675	12.251
1552.988	12.274
1553.328	12.297
1553.620	12.321
1553.874	12.346
1554.190	12.369
1554.460	12.394
1554.682	12.420
1554.967	12.444
1555.227	12.469
1555.422	12.497
1555.689	12.522
1555.938	12.548
1556.120	12.575
1556.371	12.601
1556.613	12.628
1556.786	12.656
1557.029	12.683
1557.266	12.709
1557.437	12.738
1557.677	12.765
1557.911	12.792
1558.087	12.821
1558.326	12.848
1558.555	12.876
1558.746	12.905
1558.992	12.932
1559.225	12.960
1559.443	12.988
1559.706	13.016
1559.949	13.043
1560.200	13.071
1560.482	13.098
1560.744	13.125
1561.028	13.152
1561.345	13.178
1561.670	13.204
1562.010	13.230
1562.397	13.254
1562.814	13.277
1563.235	13.300
1563.716	13.322
1564.235	13.342
1564.784	13.362
1565.439	13.378
1566.115	13.393
1566.873	13.406
1567.771	13.414
1568.649	13.423
1569.673	13.428
1570.817	13.428
1572.001	13.427
1573.358	13.421
1574.780	13.412
1576.262	13.401
1577.876	13.386
1579.555	13.369
1581.236	13.351
1582.957	13.332
1584.730	13.311
1586.453	13.292
1588.175	13.272
1589.880	13.253
1591.495	13.237
1593.078	13.222
1594.649	13.208
1596.123	13.196
1597.538	13.187
1598.959	13.177
1600.337	13.169
1601.686	13.162
1602.986	13.156
1604.318	13.150
1605.639	13.144
1606.848	13.141
1608.147	13.136
1609.413	13.131
1610.578	13.130
1611.851	13.125
1613.028	13.124
1614.120	13.124
1615.288	13.122
1616.309	13.125
1617.268	13.130
1618.235	13.134
1619.113	13.141
1619.920	13.150
1620.675	13.161
1621.394	13.173
1622.036	13.187
1622.596	13.204
1623.149	13.221
1623.615	13.241
1624.039	13.262
1624.465	13.284
1624.803	13.308
1625.136	13.333
1625.462	13.357
1625.710	13.385
1625.968	13.412
1626.206	13.440
1626.411	13.469
1626.626	13.498
1626.814	13.528
1626.990	13.558
1627.180	13.589
1627.350	13.619
1627.518	13.651
1627.697	13.682
1627.866	13.713
1628.032	13.745
1628.218	13.776
1628.403	13.807
1628.602	13.838
1628.826	13.868
1629.049	13.899
1629.310	13.928
1629.606	13.957
1629.947	13.984
1630.364	14.008
1630.824	14.032
1631.398	14.052
1632.124	14.067
1632.960	14.078
1634.060	14.081
1635.460	14.075
1637.148	14.060
1639.433	14.025
1642.276	13.974
1645.766	13.902
1650.256	13.800
1655.592	13.672
1661.798	13.518
1668.657	13.346
1675.862	13.164
1682.921	12.988
1689.276	12.834
1695.095	12.696
1699.974	12.586
1703.778	12.507
1706.952	12.447
1709.510	12.405
1711.457	12.380
1713.081	12.365
1714.469	12.357
1715.591	12.356
1716.618	12.358
1717.546	12.362
1718.381	12.370
1719.225	12.377
1720.050	12.386
1720.833	12.395
1721.658	12.403
1722.530	12.410
1723.353	12.419
1724.213	12.426
1725.144	12.432
1726.070	12.438
1726.965	12.444
1727.922	12.449
1728.902	12.454
1729.817	12.460
1730.766	12.464
1731.703	12.470
1732.608	12.476
1733.525	12.481
1734.367	12.489
1735.176	12.497
1736.008	12.505
1736.746	12.515
1737.410	12.527
1738.145	12.537
1738.808	12.549
1739.359	12.564
1739.934	12.578
1740.502	12.593
1740.958	12.611
1741.402	12.628
1741.899	12.645
1742.301	12.664
1742.662	12.685
1743.052	12.704
1743.410	12.725
1743.732	12.747
1744.047	12.768
1744.382	12.790
1744.682	12.812
1744.952	12.836
1745.270	12.858
1745.578	12.880
1745.866	12.904
1746.172	12.926
1746.499	12.949
1746.837	12.971
1747.183	12.993
1747.553	13.014
1747.983	13.034
1748.443	13.053
1748.925	13.072
1749.502	13.088
1750.175	13.102
1750.866	13.115
1751.675	13.125
1752.664	13.130
1753.734	13.134
1754.961	13.132
1756.403	13.126
1758.005	13.114
1759.853	13.096
1761.918	13.073
1764.180	13.044
1766.775	13.006
1769.641	12.961
1772.580	12.914
1775.753	12.861
1779.204	12.801
1782.674	12.741
1786.079	12.682
1789.548	12.622
1793.068	12.561
1796.317	12.506
1799.379	12.457
1802.370	12.411
1805.204	12.368
1807.771	12.332
1810.196	12.300
1812.472	12.271
1814.594	12.247
1816.617	12.225
1818.509	12.207
1820.255	12.192
1822.004	12.178
1823.641	12.165
1825.128	12.157
1826.557	12.150
1827.985	12.143
1829.286	12.139
1830.439	12.138
1831.611	12.137
1832.702	12.137
1833.646	12.142
1834.488	12.148
1835.364	12.154
1836.127	12.162
1836.760	12.173
1837.383	12.185
1837.988	12.197
1838.471	12.212
1838.910	12.228
1839.365	12.244
1839.762	12.262
1840.072	12.281
1840.403	12.300
1840.726	12.319
1840.976	12.340
1841.200	12.362
1841.461	12.383
1841.696	12.405
1841.886	12.427
1842.082	12.450
1842.297	12.473
1842.463	12.496
1842.620	12.520
1842.792	12.544
1842.964	12.568
1843.110	12.592
1843.250	12.617
1843.422	12.641
1843.564	12.666
1843.699	12.691
1843.843	12.716
1843.991	12.740
1844.127	12.766
1844.257	12.791
1844.400	12.817
1844.538	12.842
1844.674	12.868
1844.819	12.893
1844.955	12.919
1845.098	12.945
1845.237	12.971
1845.385	12.997
1845.545	13.023
1845.713	13.048
1845.891	13.074
1846.070	13.099
1846.284	13.124
1846.525	13.148
1846.790	13.172
1847.134	13.193
1847.557	13.213
1848.065	13.231
1848.740	13.245
1849.673	13.253
1850.904	13.254
1852.521	13.246
1854.801	13.221
1857.834	13.178
1861.756	13.113
1866.901	13.019
1873.075	12.899
1879.841	12.764
1887.423	12.608
1894.954	12.453
1901.418	12.324
1907.143	12.211
1911.939	12.121
1915.609	12.058
1918.426	12.016
1920.563	11.990
1922.120	11.978
1923.444	11.971
1924.489	11.972
1925.274	11.978
1925.889	11.989
1926.486	12.000
1927.027	12.013
1927.457	12.028
1927.804	12.045
1928.168	12.062
1928.544	12.078
1928.843	12.097
1929.085	12.116
1929.349	12.136
1929.647	12.154
1929.876	12.174
1930.062	12.196
1930.267	12.216
1930.510	12.236
1930.704	12.258
1930.853	12.280
1931.026	12.302
1931.234	12.323
1931.400	12.345
1931.521	12.368
1931.677	12.391
1931.864	12.412
1932.005	12.435
1932.106	12.459
1932.255	12.482
1932.419	12.505
1932.537	12.529
1932.628	12.553
1932.773	12.576
1932.921	12.600
1933.023	12.624
1933.126	12.649
1933.272	12.672
1933.402	12.697
1933.492	12.722
1933.605	12.746
1933.735	12.771
1933.851	12.795
1933.951	12.821
1934.076	12.845
1934.203	12.870
1934.315	12.895
1934.428	12.920
1934.553	12.945
1934.678	12.971
1934.804	12.996
1934.937	13.021
1935.066	13.046
1935.219	13.071
1935.367	13.096
1935.519	13.121
1935.688	13.146
1935.887	13.170
1936.084	13.194
1936.298	13.218
1936.572	13.240
1936.870	13.262
1937.201	13.283
1937.641	13.302
1938.191	13.318
1938.787	13.333
1939.547	13.345
1940.614	13.348
1941.864	13.348
1943.401	13.340
1945.375	13.322
1947.892	13.290
1950.795	13.249
1954.260	13.193
1958.119	13.127
1962.343	13.052
1966.852	12.970
1971.222	12.889
1975.142	12.820
1978.942	12.753
1982.283	12.696
1984.871	12.658
1986.957	12.632
1988.792	12.613
1990.190	12.604
1991.186	12.605
1991.945	12.612
1992.628	12.621
1993.137	12.634
1993.469	12.652
1993.721	12.672
1994.016	12.691
1994.214	12.713
1994.327	12.736
1994.424	12.760
1994.600	12.783
1994.693	12.807
1994.742	12.833
1994.813	12.858
1994.929	12.882
1994.977	12.908
1995.003	12.935
1995.073	12.960
1995.149	12.986
1995.177	13.013
1995.193	13.040
1995.278	13.066
1995.326	13.092
1995.338	13.120
1995.365	13.147
1995.439	13.173
1995.466	13.201
1995.473	13.229
1995.529	13.256
1995.574	13.283
1995.583	13.312
1995.592	13.340
1995.659	13.367
1995.683	13.396
1995.683	13.425
1995.730	13.453
1995.768	13.481
1995.772	13.510
1995.782	13.539
1995.835	13.568
1995.852	13.597
1995.843	13.627
1995.893	13.655
1995.920	13.685
1995.917	13.715
1995.943	13.745
1995.981	13.774
1995.983	13.804
1995.985	13.835
1996.030	13.864
1996.041	13.895
1996.026	13.926
1996.075	13.956
1996.093	13.987
1996.082	14.019
1996.115	14.049
1996.139	14.080
1996.132	14.112
1996.153	14.143
1996.181	14.174
1996.178	14.206
1996.188	14.238
1996.219	14.270
1996.218	14.302
1996.222	14.335
1996.255	14.366
1996.255	14.399
1996.254	14.432
1996.288	14.464
1996.289	14.497
1996.286	14.531
1996.319	14.563
1996.320	14.597
1996.316	14.631
1996.348	14.664
1996.347	14.698
1996.346	14.732
1996.375	14.765
1996.372	14.800
1996.375	14.834
1996.400	14.868
1996.394	14.903
1996.404	14.938
1996.424	14.973
1996.413	15.008
1996.432	15.043
1996.448	15.078
1996.431	15.114
1996.460	15.149
1996.470	15.185
1996.453	15.222
1996.483	15.257
1996.484	15.293
1996.481	15.330
1996.504	15.366
1996.496	15.403
1996.509	15.440
1996.524	15.476
1996.507	15.514
1996.534	15.551
1996.538	15.588
1996.531	15.626
1996.554	15.664
1996.547	15.702
1996.559	15.740
1996.572	15.778
1996.553	15.817
1996.581	15.855
1996.580	15.894
1996.583	15.933
1996.599	15.971
1996.584	16.011
1996.606	16.050
1996.608	16.090
1996.607	16.130
1996.624	16.169
1996.610	16.210
1996.631	16.250
1996.632	16.290
1996.633	16.331
1996.649	16.371
1996.632	16.413
1996.655	16.453
1996.653	16.495
1996.660	16.536
1996.670	16.578
1996.658	16.620
1996.678	16.661
1996.669	16.704
1996.683	16.746
1996.686	16.789
1996.687	16.831
1996.700	16.874
1996.687	16.918
1996.706	16.960
1996.697	17.004
1996.711	17.048
1996.711	17.092
1996.716	17.136
1996.724	17.180
1996.719	17.224
1996.735	17.269
1996.721	17.314
1996.740	17.358
1996.730	17.404
1996.744	17.449
1996.741	17.495
1996.749	17.541
1996.752	17.587
1996.754	17.633
1996.761	17.679
1996.758	17.726
1996.770	17.772
1996.763	17.820
1996.777	17.866
1996.766	17.914
1996.783	17.961
1996.771	18.010
1996.788	18.057
1996.779	18.106
1996.793	18.154
1996.786	18.203
1996.798	18.252
1996.792	18.301
1996.804	18.350
1996.798	18.400
1996.809	18.450
1996.804	18.500
1996.814	18.550
1996.809	18.601
1996.820	18.651
1996.814	18.702
1996.826	18.753
1996.818	18.805
1996.831	18.856
1996.822	18.908
1996.837	18.960
1996.828	19.012
1996.840	19.064
1996.834	19.117
1996.843	19.170
1996.840	19.224
1996.846	19.277
1996.847	19.331
1996.849	19.385
1996.853	19.439
1996.852	19.493
1996.860	19.548
1996.854	19.603
1996.865	19.658
1996.858	19.713
1996.866	19.769
1996.865	19.825
1996.868	19.881
1996.872	19.937
1996.870	19.994
1996.879	20.051
1996.871	20.108
1996.880	20.165
1996.878	20.223
1996.882	20.281
1996.886	20.339
1996.882	20.398
1996.890	20.456
1996.886	20.516
1996.891	20.575
1996.893	20.634
1996.892	20.694
1996.899	20.754
1996.895	20.815
1996.899	20.875
1996.902	20.936
1996.900	20.997
1996.906	21.058
1996.904	21.120
1996.906	21.182
1996.911	21.244
1996.906	21.307
1996.912	21.370
1996.914	21.433
1996.912	21.497
1996.917	21.560
1996.917	21.624
1996.917	21.689
1996.922	21.753
1996.920	21.818
1996.922	21.883
1996.926	21.949
1996.924	22.015
1996.926	22.081
1996.929	22.147
1996.927	22.214
1996.929	22.281
1996.933	22.348
1996.931	22.415
1996.933	22.483
1996.936	22.551
1996.936	22.620
1996.936	22.689
1996.939	22.758
1996.940	22.827
1996.939	22.897
1996.942	22.967
1996.944	23.038
1996.942	23.108
1996.944	23.179
1996.946	23.251
1996.947	23.322
1996.946	23.395
1996.948	23.467
1996.950	23.539
1996.950	23.613
1996.950	23.686
1996.953	23.759
1996.954	23.833
1996.953	23.908
