<j>	<F>
1.204	20.473
2.622	13.689
3.320	19.098
4.410	18.444
5.551	17.712
7.000	15.185
8.344	12.780
9.777	12.719
11.052	11.013
11.801	12.161
12.557	13.744
13.584	14.329
14.473	14.858
15.703	15.373
17.563	13.117
19.325	11.762
20.800	10.838
21.704	11.029
22.408	11.716
23.063	12.617
23.810	13.511
24.772	13.978
25.830	14.080
26.926	14.219
28.385	13.898
30.384	12.653
32.020	11.644
33.056	11.678
34.112	11.892
35.372	11.842
36.593	11.687
37.533	11.808
38.331	12.181
39.213	12.541
40.277	12.697
41.465	12.674
42.720	12.585
44.070	12.416
45.455	12.178
46.697	12.022
47.667	12.081
48.371	12.399
48.944	12.911
49.569	13.464
50.431	13.846
51.660	13.855
53.202	13.511
54.916	13.023
56.654	12.499
58.041	12.171
58.883	12.258
59.374	12.682
59.728	13.289
60.058	13.991
60.453	14.722
61.109	15.322
62.574	15.312
65.511	13.990
68.468	12.389
69.951	11.914
70.720	12.066
71.371	12.368
72.106	12.652
72.997	12.846
74.023	12.934
75.063	12.976
75.970	13.079
76.718	13.295
77.413	13.587
78.245	13.841
79.454	13.888
81.192	13.588
83.225	13.048
85.045	12.598
86.497	12.387
87.830	12.304
89.320	12.188
91.030	11.964
92.739	11.702
94.159	11.538
95.237	11.527
96.114	11.624
96.946	11.760
97.830	11.886
98.806	11.976
99.853	12.029
100.915	12.065
101.940	12.106
102.878	12.179
103.732	12.288
104.530	12.428
105.316	12.583
106.154	12.723
107.053	12.837
108.001	12.920
108.917	13.002
109.720	13.126
110.405	13.310
111.043	13.540
111.811	13.746
112.962	13.816
114.788	13.602
117.211	13.096
119.606	12.550
121.445	12.221
122.814	12.104
123.990	12.085
125.128	12.091
126.278	12.094
127.423	12.094
128.535	12.102
129.593	12.125
130.589	12.168
131.530	12.230
132.445	12.305
133.378	12.380
134.361	12.441
135.414	12.479
136.508	12.498
137.600	12.510
138.634	12.538
139.633	12.581
140.640	12.632
141.771	12.656
143.103	12.621
144.616	12.522
146.196	12.385
147.618	12.279
148.779	12.243
149.672	12.291
150.373	12.404
150.971	12.557
151.528	12.732
152.102	12.909
152.725	13.079
153.454	13.222
154.343	13.321
155.445	13.356
156.803	13.307
158.336	13.192
159.902	13.049
161.306	12.942
162.443	12.913
163.353	12.958
164.125	13.055
164.856	13.174
165.633	13.288
166.498	13.377
167.459	13.436
168.488	13.468
169.508	13.495
170.479	13.533
171.381	13.594
172.245	13.671
173.139	13.747
174.139	13.798
175.308	13.802
176.694	13.740
178.250	13.621
179.882	13.474
181.496	13.328
183.011	13.213
184.458	13.124
185.919	13.040
187.425	12.952
189.059	12.840
190.851	12.696
192.799	12.520
194.884	12.317
196.992	12.107
198.979	11.922
200.763	11.779
202.290	11.689
203.602	11.647
204.763	11.638
205.805	11.654
206.778	11.686
207.703	11.728
208.584	11.779
209.443	11.835
210.293	11.894
211.139	11.955
212.008	12.013
212.922	12.064
213.917	12.103
215.017	12.123
216.264	12.116
217.653	12.082
219.150	12.023
220.689	11.952
222.177	11.885
223.526	11.839
224.692	11.825
225.692	11.842
226.539	11.888
227.267	11.958
227.921	12.044
228.530	12.141
229.103	12.247
229.669	12.357
230.250	12.467
230.879	12.571
231.586	12.665
232.441	12.735
233.519	12.766
234.890	12.743
236.582	12.658
238.537	12.517
240.558	12.353
242.413	12.210
243.951	12.119
245.136	12.091
246.022	12.119
246.682	12.191
247.207	12.293
247.655	12.412
248.058	12.543
248.439	12.682
248.836	12.822
249.273	12.959
249.770	13.088
250.359	13.203
251.097	13.293
252.037	13.347
253.269	13.349
254.866	13.284
256.901	13.138
259.363	12.916
262.134	12.641
265.024	12.349
267.816	12.078
270.357	11.852
272.572	11.680
274.429	11.563
275.970	11.495
277.222	11.470
278.256	11.478
279.132	11.510
279.905	11.560
280.622	11.619
281.293	11.686
281.961	11.754
282.624	11.825
283.306	11.893
283.991	11.962
284.696	12.028
285.415	12.093
286.166	12.153
286.937	12.211
287.743	12.264
288.579	12.313
289.463	12.356
290.394	12.391
291.380	12.418
292.404	12.439
293.476	12.453
294.593	12.459
295.763	12.458
296.974	12.451
298.222	12.439
299.524	12.418
300.895	12.388
302.274	12.355
303.633	12.322
304.944	12.294
306.123	12.282
307.163	12.289
308.034	12.319
308.753	12.372
309.341	12.445
309.838	12.534
310.280	12.635
310.715	12.740
311.182	12.845
311.755	12.938
312.528	13.008
313.622	13.036
315.213	12.997
317.415	12.873
320.225	12.658
323.374	12.389
326.433	12.122
329.039	11.910
330.990	11.785
332.385	11.736
333.403	11.739
334.196	11.773
334.850	11.829
335.422	11.897
335.960	11.971
336.487	12.048
337.036	12.125
337.634	12.196
338.279	12.263
338.982	12.323
339.749	12.376
340.591	12.418
341.490	12.453
342.460	12.478
343.464	12.498
344.479	12.515
345.483	12.532
346.489	12.549
347.459	12.569
348.375	12.596
349.249	12.629
350.078	12.667
350.849	12.713
351.602	12.763
352.335	12.816
353.046	12.872
353.750	12.930
354.475	12.986
355.197	13.042
355.921	13.098
356.665	13.151
357.385	13.207
358.096	13.264
358.774	13.326
359.419	13.392
360.031	13.464
360.616	13.540
361.180	13.621
361.740	13.704
362.323	13.785
362.950	13.862
363.656	13.928
364.461	13.981
365.394	14.015
366.484	14.026
367.724	14.014
369.112	13.978
370.600	13.925
372.125	13.864
373.637	13.803
375.089	13.751
376.467	13.710
377.797	13.678
379.134	13.648
380.508	13.616
381.961	13.574
383.541	13.517
385.246	13.445
387.080	13.355
389.027	13.251
391.000	13.144
392.947	13.039
394.803	12.946
396.518	12.870
398.094	12.811
399.552	12.767
400.870	12.741
402.052	12.731
403.147	12.733
404.183	12.743
405.197	12.757
406.233	12.770
407.324	12.778
408.481	12.779
409.708	12.772
411.022	12.756
412.410	12.730
413.865	12.697
415.364	12.657
416.852	12.618
418.294	12.583
419.658	12.556
420.954	12.537
422.160	12.527
423.287	12.525
424.361	12.530
425.363	12.542
426.310	12.561
427.210	12.585
428.075	12.613
428.908	12.645
429.742	12.677
430.560	12.711
431.364	12.747
432.164	12.783
432.968	12.820
433.788	12.855
434.640	12.888
435.560	12.913
436.515	12.935
437.528	12.950
438.575	12.961
439.661	12.967
440.762	12.971
441.853	12.974
442.944	12.977
443.957	12.987
444.889	13.005
445.725	13.034
446.465	13.073
447.116	13.123
447.706	13.179
448.248	13.242
448.737	13.313
449.189	13.388
449.604	13.468
450.008	13.551
450.399	13.637
450.804	13.722
451.212	13.807
451.620	13.894
452.025	13.981
452.464	14.065
452.902	14.151
453.379	14.233
453.905	14.310
454.527	14.378
455.332	14.427
456.480	14.440
458.218	14.388
460.860	14.236
464.645	13.955
469.358	13.564
474.168	13.153
478.188	12.823
481.063	12.617
482.991	12.516
484.302	12.484
485.262	12.492
486.038	12.521
486.707	12.563
487.302	12.612
487.867	12.665
488.423	12.720
488.980	12.776
489.559	12.830
490.169	12.882
490.847	12.930
491.640	12.968
492.570	12.994
493.700	13.002
495.100	12.986
496.817	12.941
498.848	12.865
501.128	12.765
503.538	12.652
505.962	12.535
508.267	12.427
510.384	12.337
512.284	12.267
513.989	12.215
515.541	12.177
516.957	12.152
518.257	12.136
519.452	12.130
520.548	12.132
521.568	12.140
522.498	12.155
523.342	12.177
524.101	12.206
524.794	12.241
525.421	12.282
525.993	12.329
526.525	12.379
527.043	12.431
527.546	12.484
528.054	12.538
528.561	12.593
529.072	12.647
529.584	12.702
530.093	12.757
530.592	12.813
531.091	12.870
531.585	12.927
532.069	12.985
532.540	13.044
532.992	13.106
533.421	13.170
533.812	13.238
534.158	13.311
534.482	13.386
534.786	13.465
535.071	13.546
535.335	13.630
535.589	13.716
535.851	13.803
536.132	13.890
536.441	13.975
536.823	14.054
537.315	14.124
537.983	14.179
538.925	14.208
540.245	14.201
542.104	14.143
544.674	14.015
547.971	13.816
551.715	13.572
555.601	13.311
559.187	13.077
562.174	12.898
564.554	12.777
566.394	12.705
567.855	12.668
569.007	12.659
569.932	12.671
570.681	12.698
571.299	12.737
571.822	12.784
572.266	12.839
572.647	12.900
572.978	12.965
573.263	13.036
573.511	13.110
573.728	13.188
573.913	13.270
574.078	13.354
574.228	13.441
574.366	13.530
574.494	13.621
574.616	13.714
574.734	13.808
574.852	13.904
574.972	14.000
575.101	14.097
575.246	14.194
575.428	14.290
575.682	14.380
576.081	14.459
576.779	14.515
578.087	14.522
580.562	14.432
585.062	14.173
592.210	13.688
601.122	13.046
609.167	12.465
614.641	12.090
617.754	11.909
619.395	11.850
620.286	11.854
620.810	11.889
621.152	11.939
621.408	11.997
621.622	12.059
621.805	12.123
621.968	12.190
622.119	12.259
622.274	12.328
622.424	12.398
622.569	12.469
622.711	12.541
622.865	12.613
623.023	12.686
623.187	12.759
623.359	12.832
623.543	12.904
623.748	12.976
623.976	13.047
624.225	13.118
624.504	13.186
624.825	13.252
625.204	13.315
625.661	13.372
626.213	13.422
626.909	13.461
627.779	13.488
628.875	13.498
630.270	13.484
632.009	13.444
634.132	13.373
636.622	13.273
639.385	13.151
642.219	13.021
644.962	12.896
647.485	12.787
649.655	12.703
651.459	12.648
652.959	12.615
654.203	12.601
655.244	12.604
656.137	12.618
656.937	12.640
657.670	12.667
658.370	12.697
659.041	12.729
659.717	12.762
660.416	12.794
661.141	12.824
661.894	12.852
662.700	12.877
663.571	12.898
664.535	12.913
665.615	12.920
666.853	12.918
668.283	12.902
669.961	12.870
671.926	12.819
674.157	12.751
676.657	12.664
679.328	12.564
682.043	12.460
684.672	12.361
687.073	12.275
689.155	12.209
690.925	12.163
692.383	12.138
693.558	12.131
694.527	12.137
695.325	12.155
695.984	12.183
696.568	12.215
697.082	12.253
697.537	12.295
697.972	12.339
698.380	12.385
698.760	12.433
699.142	12.481
699.514	12.530
699.880	12.580
700.243	12.631
700.615	12.681
700.989	12.732
701.354	12.784
701.756	12.833
702.179	12.882
702.616	12.930
703.080	12.977
703.599	13.020
704.185	13.060
704.852	13.094
705.630	13.122
706.553	13.140
707.630	13.149
708.919	13.143
710.464	13.121
712.282	13.080
714.369	13.021
716.728	12.944
719.265	12.856
721.940	12.758
724.708	12.655
727.480	12.553
730.214	12.454
732.874	12.361
735.405	12.277
737.851	12.199
740.163	12.130
742.348	12.069
744.329	12.019
746.149	11.978
747.790	11.948
749.248	11.928
750.566	11.916
751.742	11.912
752.795	11.916
753.730	11.926
754.580	11.941
755.356	11.960
756.087	11.982
756.778	12.007
757.445	12.033
758.063	12.062
758.679	12.091
759.312	12.120
759.949	12.149
760.605	12.177
761.303	12.204
762.035	12.228
762.824	12.250
763.682	12.268
764.632	12.281
765.641	12.290
766.739	12.295
767.912	12.295
769.116	12.293
770.390	12.287
771.698	12.278
772.993	12.270
774.250	12.263
775.455	12.258
776.588	12.258
777.625	12.262
778.601	12.270
779.498	12.282
780.307	12.299
781.050	12.321
781.736	12.346
782.403	12.372
783.042	12.400
783.681	12.428
784.314	12.458
784.972	12.486
785.670	12.512
786.381	12.538
787.195	12.558
788.066	12.575
789.032	12.588
790.081	12.595
791.264	12.596
792.633	12.587
794.139	12.571
795.922	12.540
797.968	12.495
800.333	12.434
802.988	12.358
805.929	12.267
809.078	12.165
812.283	12.058
815.369	11.957
818.188	11.869
820.676	11.797
822.757	11.745
824.448	11.712
825.795	11.698
826.870	11.697
827.714	11.709
828.413	11.728
828.984	11.754
829.491	11.784
829.936	11.818
830.351	11.854
830.752	11.890
831.161	11.927
831.587	11.963
832.040	11.999
832.521	12.033
833.033	12.066
833.588	12.097
834.196	12.125
834.865	12.151
835.572	12.174
836.340	12.195
837.155	12.213
838.025	12.228
838.959	12.240
839.877	12.253
840.876	12.261
841.854	12.270
842.877	12.277
843.886	12.284
844.921	12.290
845.921	12.297
846.927	12.304
847.924	12.312
848.929	12.320
849.942	12.327
850.964	12.333
852.027	12.338
853.100	12.343
854.252	12.344
855.400	12.345
856.643	12.341
857.899	12.336
859.230	12.328
860.585	12.318
861.947	12.307
863.334	12.296
864.753	12.282
866.099	12.272
867.463	12.261
868.792	12.251
870.057	12.245
871.311	12.239
872.507	12.236
873.678	12.234
874.804	12.235
875.900	12.237
876.991	12.240
878.080	12.243
879.170	12.246
880.290	12.248
881.437	12.249
882.631	12.248
883.875	12.244
885.162	12.239
886.538	12.229
887.926	12.218
889.392	12.203
890.837	12.189
892.290	12.175
893.659	12.163
895.017	12.152
896.258	12.146
897.428	12.143
898.450	12.148
899.381	12.156
900.176	12.171
900.906	12.189
901.505	12.213
902.055	12.240
902.524	12.272
902.954	12.305
903.334	12.342
903.685	12.380
904.006	12.420
904.315	12.460
904.628	12.501
904.929	12.543
905.271	12.584
905.594	12.625
905.977	12.664
906.373	12.703
906.831	12.738
907.348	12.772
907.916	12.802
908.579	12.828
909.311	12.851
910.163	12.868
911.125	12.879
912.189	12.885
913.344	12.886
914.636	12.879
915.969	12.870
917.390	12.857
918.866	12.839
920.304	12.824
921.746	12.807
923.133	12.793
924.432	12.784
925.673	12.777
926.829	12.774
927.896	12.776
928.898	12.782
929.833	12.791
930.706	12.803
931.534	12.818
932.323	12.835
933.077	12.854
933.810	12.874
934.521	12.895
935.233	12.916
935.912	12.939
936.589	12.962
937.256	12.986
937.929	13.010
938.598	13.034
939.324	13.056
940.027	13.079
940.812	13.097
941.632	13.115
942.522	13.129
943.502	13.139
944.628	13.142
945.886	13.138
947.365	13.124
949.060	13.099
950.968	13.063
953.207	13.012
955.640	12.951
958.350	12.876
961.200	12.794
964.090	12.709
966.960	12.625
969.642	12.549
972.152	12.482
974.370	12.428
976.318	12.387
978.003	12.359
979.441	12.342
980.680	12.335
981.779	12.335
982.723	12.342
983.594	12.353
984.373	12.368
985.105	12.386
985.792	12.406
986.443	12.427
987.079	12.450
987.710	12.473
988.340	12.496
988.982	12.519
989.638	12.542
990.305	12.563
990.999	12.584
991.690	12.605
992.438	12.624
993.193	12.642
994.025	12.657
994.853	12.672
995.776	12.683
996.684	12.694
997.678	12.702
998.642	12.711
999.699	12.715
1000.748	12.720
1001.868	12.721
1003.003	12.721
1004.148	12.721
1005.335	12.719
1006.466	12.720
1007.643	12.718
1008.780	12.718
1009.947	12.716
1011.079	12.716
1012.208	12.716
1013.329	12.717
1014.436	12.718
1015.552	12.720
1016.661	12.721
1017.830	12.721
1019.064	12.718
1020.398	12.711
1021.880	12.698
1023.529	12.678
1025.393	12.650
1027.506	12.611
1029.897	12.561
1032.610	12.498
1035.567	12.424
1038.804	12.339
1042.199	12.248
1045.681	12.154
1049.179	12.060
1052.537	11.972
1055.791	11.889
1058.833	11.815
1061.709	11.748
1064.368	11.689
1066.708	11.643
1068.896	11.602
1070.741	11.575
1072.452	11.552
1073.920	11.539
1075.215	11.532
1076.330	11.532
1077.323	11.536
1078.166	11.546
1078.976	11.557
1079.671	11.573
1080.314	11.591
1080.914	11.611
1081.458	11.633
1082.016	11.654
1082.543	11.677
1083.049	11.700
1083.576	11.724
1084.051	11.749
1084.594	11.771
1085.103	11.795
1085.646	11.818
1086.198	11.841
1086.747	11.864
1087.343	11.885
1087.941	11.906
1088.567	11.926
1089.225	11.945
1089.899	11.964
1090.584	11.982
1091.321	11.998
1092.036	12.015
1092.851	12.029
1093.602	12.044
1094.427	12.057
1095.223	12.071
1096.022	12.084
1096.873	12.096
1097.674	12.109
1098.490	12.122
1099.278	12.136
1100.044	12.150
1100.826	12.164
1101.543	12.181
1102.267	12.197
1102.963	12.214
1103.617	12.233
1104.285	12.251
1104.906	12.272
1105.563	12.291
1106.190	12.312
1106.838	12.331
1107.509	12.351
1108.189	12.370
1108.921	12.387
1109.703	12.402
1110.547	12.415
1111.442	12.426
1112.430	12.433
1113.464	12.439
1114.623	12.440
1115.834	12.438
1117.089	12.435
1118.436	12.427
1119.741	12.421
1121.153	12.411
1122.464	12.404
1123.774	12.396
1125.003	12.392
1126.132	12.391
1127.224	12.392
1128.162	12.399
1129.050	12.407
1129.814	12.421
1130.489	12.438
1131.108	12.457
1131.619	12.481
1132.111	12.506
1132.510	12.535
1132.891	12.565
1133.217	12.597
1133.512	12.631
1133.798	12.665
1134.031	12.701
1134.289	12.737
1134.498	12.775
1134.727	12.812
1134.919	12.852
1135.134	12.890
1135.321	12.930
1135.524	12.969
1135.716	13.009
1135.918	13.049
1136.120	13.089
1136.330	13.129
1136.553	13.169
1136.780	13.209
1137.034	13.248
1137.299	13.286
1137.603	13.324
1137.934	13.360
1138.322	13.394
1138.771	13.426
1139.311	13.454
1139.977	13.477
1140.796	13.494
1141.872	13.500
1143.229	13.495
1145.048	13.471
1147.451	13.424
1150.543	13.348
1154.442	13.238
1159.067	13.099
1164.224	12.937
1169.683	12.762
1174.830	12.599
1179.415	12.459
1183.290	12.347
1186.425	12.265
1188.989	12.206
1191.026	12.168
1192.720	12.145
1194.176	12.131
1195.416	12.126
1196.568	12.125
1197.638	12.127
1198.589	12.133
1199.594	12.138
1200.490	12.147
1201.386	12.155
1202.250	12.165
1203.045	12.177
1203.869	12.188
1204.626	12.202
1205.369	12.216
1206.094	12.231
1206.753	12.248
1207.429	12.264
1208.071	12.282
1208.664	12.302
1209.316	12.319
1209.881	12.340
1210.477	12.360
1211.042	12.381
1211.573	12.403
1212.170	12.423
1212.696	12.446
1213.245	12.467
1213.793	12.489
1214.303	12.512
1214.862	12.534
1215.380	12.557
1215.910	12.580
1216.461	12.602
1216.938	12.627
1217.499	12.649
1217.987	12.673
1218.515	12.696
1219.039	12.720
1219.535	12.744
1220.093	12.766
1220.598	12.791
1221.163	12.813
1221.711	12.836
1222.304	12.857
1222.924	12.878
1223.596	12.897
1224.315	12.914
1225.126	12.928
1226.002	12.939
1227.030	12.945
1228.165	12.947
1229.492	12.942
1230.997	12.930
1232.705	12.911
1234.632	12.884
1236.773	12.848
1239.119	12.804
1241.605	12.755
1244.257	12.700
1246.830	12.647
1249.464	12.591
1251.927	12.542
1254.255	12.497
1256.462	12.457
1258.437	12.425
1260.252	12.400
1261.894	12.380
1263.392	12.367
1264.799	12.356
1266.123	12.349
1267.394	12.345
1268.641	12.341
1269.880	12.338
1271.127	12.335
1272.409	12.331
1273.744	12.325
1275.126	12.318
1276.591	12.308
1278.113	12.296
1279.701	12.282
1281.353	12.266
1283.067	12.248
1284.862	12.227
1286.623	12.207
1288.449	12.185
1290.289	12.162
1292.052	12.142
1293.857	12.121
1295.584	12.101
1297.221	12.085
1298.852	12.069
1300.347	12.057
1301.763	12.047
1303.145	12.039
1304.401	12.035
1305.559	12.034
1306.668	12.034
1307.664	12.038
1308.573	12.045
1309.456	12.053
1310.241	12.064
1310.963	12.077
1311.658	12.091
1312.254	12.108
1312.841	12.125
1313.385	12.145
1313.872	12.166
1314.376	12.186
1314.827	12.209
1315.268	12.232
1315.705	12.255
1316.115	12.279
1316.533	12.303
1316.952	12.327
1317.380	12.351
1317.802	12.375
1318.258	12.398
1318.714	12.422
1319.191	12.444
1319.728	12.465
1320.239	12.487
1320.851	12.506
1321.495	12.523
1322.137	12.541
1322.932	12.554
1323.732	12.566
1324.630	12.576
1325.664	12.581
1326.712	12.586
1327.951	12.584
1329.288	12.579
1330.787	12.569
1332.420	12.554
1334.197	12.534
1336.177	12.508
1338.215	12.480
1340.475	12.445
1342.804	12.407
1345.228	12.366
1347.745	12.323
1350.274	12.279
1352.829	12.234
1355.349	12.191
1357.855	12.148
1360.238	12.109
1362.639	12.070
1364.908	12.035
1367.085	12.003
1369.222	11.973
1371.188	11.947
1373.088	11.924
1374.854	11.905
1376.495	11.889
1378.048	11.876
1379.457	11.868
1380.795	11.861
1382.007	11.859
1383.109	11.859
1384.141	11.862
1385.058	11.868
1385.938	11.875
1386.752	11.885
1387.482	11.897
1388.218	11.909
1388.905	11.922
1389.537	11.937
1390.177	11.952
1390.805	11.968
1391.424	11.984
1392.028	12.000
1392.656	12.016
1393.289	12.031
1393.898	12.048
1394.565	12.063
1395.238	12.077
1395.883	12.093
1396.604	12.106
1397.323	12.119
1398.010	12.133
1398.767	12.145
1399.500	12.158
1400.218	12.171
1400.978	12.183
1401.719	12.195
1402.452	12.208
1403.190	12.220
1403.887	12.234
1404.574	12.248
1405.236	12.263
1405.879	12.278
1406.507	12.293
1407.101	12.310
1407.685	12.327
1408.245	12.345
1408.754	12.365
1409.266	12.384
1409.754	12.405
1410.224	12.426
1410.701	12.447
1411.165	12.468
1411.599	12.490
1412.062	12.512
1412.525	12.534
1412.958	12.557
1413.465	12.577
1413.966	12.598
1414.466	12.619
1415.064	12.637
1415.639	12.656
1416.257	12.673
1416.941	12.688
1417.654	12.703
1418.430	12.715
1419.240	12.727
1420.158	12.735
1421.067	12.743
1422.004	12.750
1423.070	12.753
1424.047	12.758
1425.157	12.759
1426.275	12.760
1427.302	12.764
1428.444	12.763
1429.486	12.766
1430.536	12.769
1431.558	12.772
1432.540	12.777
1433.517	12.781
1434.396	12.790
1435.337	12.796
1436.193	12.805
1437.050	12.814
1437.958	12.821
1438.782	12.832
1439.709	12.839
1440.677	12.845
1441.677	12.851
1442.846	12.851
1444.083	12.849
1445.476	12.843
1447.102	12.830
1448.974	12.809
1451.155	12.779
1453.654	12.740
1456.542	12.689
1459.752	12.628
1463.341	12.556
1467.235	12.474
1471.210	12.391
1475.370	12.302
1479.415	12.216
1483.180	12.138
1486.675	12.068
1489.849	12.008
1492.637	11.960
1495.020	11.922
1497.123	11.894
1498.971	11.872
1500.532	11.859
1501.890	11.852
1503.153	11.848
1504.265	11.848
1505.241	11.852
1506.157	11.858
1507.035	11.865
1507.856	11.873
1508.629	11.883
1509.398	11.893
1510.142	11.904
1510.855	11.916
1511.546	11.929
1512.240	11.941
1512.962	11.953
1513.628	11.966
1514.273	11.980
1514.953	11.992
1515.585	12.007
1516.172	12.022
1516.810	12.036
1517.416	12.051
1517.932	12.068
1518.482	12.084
1519.048	12.100
1519.506	12.119
1519.971	12.138
1520.458	12.156
1520.851	12.177
1521.240	12.198
1521.648	12.219
1521.978	12.242
1522.291	12.265
1522.625	12.288
1522.904	12.312
1523.154	12.338
1523.420	12.363
1523.657	12.389
1523.862	12.416
1524.069	12.443
1524.270	12.470
1524.433	12.499
1524.602	12.528
1524.771	12.556
1524.903	12.586
1525.047	12.616
1525.194	12.646
1525.305	12.677
1525.433	12.707
1525.564	12.738
1525.660	12.770
1525.779	12.801
1525.900	12.832
1525.995	12.864
1526.117	12.896
1526.237	12.928
1526.346	12.960
1526.471	12.992
1526.597	13.024
1526.722	13.056
1526.871	13.088
1527.029	13.120
1527.195	13.151
1527.405	13.181
1527.630	13.211
1527.874	13.241
1528.188	13.268
1528.524	13.295
1528.913	13.320
1529.416	13.341
1529.950	13.362
1530.619	13.379
1531.448	13.390
1532.278	13.402
1533.352	13.405
1534.573	13.403
1535.882	13.399
1537.469	13.385
1539.080	13.370
1540.820	13.351
1542.693	13.327
1544.552	13.303
1546.425	13.278
1548.210	13.255
1549.941	13.234
1551.510	13.219
1553.005	13.205
1554.358	13.196
1555.527	13.194
1556.644	13.193
1557.634	13.196
1558.550	13.202
1559.403	13.210
1560.231	13.220
1561.021	13.230
1561.814	13.241
1562.660	13.250
1563.461	13.261
1564.339	13.270
1565.263	13.277
1566.148	13.285
1567.157	13.289
1568.183	13.293
1569.220	13.296
1570.370	13.295
1571.445	13.297
1572.560	13.298
1573.713	13.297
1574.799	13.298
1575.937	13.297
1577.046	13.298
1578.109	13.299
1579.181	13.301
1580.231	13.303
1581.266	13.306
1582.275	13.309
1583.283	13.313
1584.284	13.317
1585.287	13.321
1586.310	13.324
1587.341	13.327
1588.364	13.331
1589.443	13.332
1590.518	13.334
1591.542	13.337
1592.654	13.338
1593.725	13.339
1594.794	13.341
1595.907	13.341
1596.941	13.344
1598.004	13.346
1599.027	13.349
1600.017	13.353
1600.995	13.357
1601.946	13.362
1602.915	13.367
1603.827	13.374
1604.764	13.380
1605.708	13.386
1606.651	13.392
1607.618	13.397
1608.587	13.402
1609.628	13.405
1610.665	13.408
1611.778	13.409
1612.966	13.408
1614.115	13.407
1615.417	13.402
1616.711	13.397
1617.956	13.393
1619.336	13.385
1620.653	13.379
1621.962	13.373
1623.307	13.366
1624.584	13.360
1625.835	13.356
1627.018	13.353
1628.172	13.352
1629.255	13.353
1630.268	13.355
1631.302	13.358
1632.215	13.364
1633.093	13.371
1634.016	13.377
1634.802	13.387
1635.575	13.398
1636.399	13.407
1637.093	13.420
1637.795	13.433
1638.545	13.445
1639.179	13.460
1639.847	13.474
1640.535	13.488
1641.104	13.505
1641.741	13.520
1642.336	13.537
1642.838	13.557
1643.405	13.574
1643.926	13.593
1644.393	13.614
1644.908	13.633
1645.359	13.655
1645.779	13.677
1646.228	13.699
1646.640	13.722
1647.031	13.746
1647.438	13.769
1647.827	13.793
1648.195	13.818
1648.606	13.841
1648.986	13.866
1649.374	13.890
1649.816	13.913
1650.216	13.937
1650.664	13.960
1651.160	13.981
1651.610	14.004
1652.167	14.023
1652.765	14.041
1653.276	14.062
1653.968	14.077
1654.651	14.092
1655.329	14.107
1656.195	14.116
1656.964	14.128
1657.826	14.137
1658.802	14.143
1659.719	14.150
1660.842	14.150
1661.941	14.151
1663.108	14.150
1664.446	14.143
1665.842	14.134
1667.372	14.121
1668.986	14.105
1670.824	14.082
1672.689	14.058
1674.758	14.027
1677.026	13.989
1679.221	13.954
1681.641	13.911
1684.022	13.870
1686.353	13.829
1688.704	13.788
1690.872	13.753
1692.958	13.720
1694.861	13.694
1696.632	13.671
1698.292	13.653
1699.743	13.641
1701.097	13.632
1702.388	13.626
1703.544	13.624
1704.648	13.623
1705.751	13.624
1706.728	13.627
1707.718	13.631
1708.709	13.635
1709.594	13.642
1710.540	13.647
1711.475	13.653
1712.352	13.660
1713.289	13.666
1714.161	13.673
1715.035	13.681
1715.958	13.687
1716.756	13.696
1717.588	13.705
1718.439	13.713
1719.185	13.725
1719.978	13.735
1720.748	13.745
1721.449	13.758
1722.193	13.770
1722.858	13.784
1723.494	13.798
1724.141	13.813
1724.738	13.829
1725.313	13.846
1725.876	13.863
1726.432	13.881
1726.962	13.900
1727.463	13.919
1728.010	13.937
1728.517	13.957
1728.994	13.978
1729.538	13.996
1730.051	14.016
1730.616	14.034
1731.264	14.050
1731.902	14.066
1732.658	14.078
1733.565	14.086
1734.540	14.092
1735.663	14.094
1737.092	14.086
1738.661	14.073
1740.403	14.055
1742.582	14.023
1744.920	13.986
1747.417	13.944
1750.247	13.890
1753.056	13.838
1755.885	13.784
1758.672	13.731
1761.397	13.681
1763.936	13.636
1766.214	13.599
1768.401	13.565
1770.428	13.536
1772.219	13.515
1773.899	13.497
1775.557	13.481
1777.080	13.468
1778.468	13.460
1779.936	13.449
1781.310	13.441
1782.564	13.437
1783.875	13.431
1785.140	13.426
1786.306	13.425
1787.435	13.424
1788.556	13.424
1789.617	13.425
1790.606	13.428
1791.619	13.431
1792.606	13.435
1793.554	13.440
1794.551	13.444
1795.575	13.447
1796.659	13.449
1797.841	13.449
1799.157	13.445
1800.694	13.435
1802.447	13.420
1804.489	13.397
1807.006	13.361
1809.898	13.316
1813.242	13.259
1817.211	13.185
1821.472	13.104
1826.048	13.014
1830.948	12.915
1835.573	12.823
1839.961	12.737
1844.093	12.658
1847.598	12.595
1850.579	12.545
1853.116	12.507
1855.169	12.481
1856.864	12.465
1858.245	12.457
1859.376	12.455
1860.326	12.458
1861.117	12.465
1861.795	12.476
1862.420	12.488
1862.984	12.501
1863.500	12.516
1864.007	12.531
1864.518	12.546
1865.032	12.562
1865.569	12.577
1866.136	12.591
1866.734	12.605
1867.436	12.616
1868.215	12.626
1869.016	12.635
1869.867	12.643
1870.953	12.645
1872.105	12.646
1873.271	12.646
1874.589	12.643
1876.169	12.633
1877.724	12.624
1879.289	12.614
1880.994	12.601
1882.845	12.584
1884.622	12.569
1886.384	12.554
1888.085	12.540
1889.799	12.526
1891.429	12.514
1892.905	12.505
1894.232	12.499
1895.580	12.494
1896.791	12.491
1897.800	12.493
1898.746	12.497
1899.689	12.501
1900.498	12.508
1901.190	12.519
1901.879	12.529
1902.551	12.540
1903.163	12.552
1903.741	12.565
1904.292	12.579
1904.867	12.592
1905.447	12.606
1905.992	12.620
1906.550	12.634
1907.179	12.647
1907.843	12.659
1908.451	12.672
1909.117	12.683
1909.879	12.693
1910.648	12.702
1911.391	12.712
1912.239	12.719
1913.171	12.725
1914.070	12.731
1914.975	12.737
1915.999	12.740
1917.007	12.743
1918.004	12.747
1919.035	12.749
1920.135	12.750
1921.129	12.754
1922.144	12.757
1923.157	12.759
1924.126	12.763
1925.013	12.769
1925.960	12.773
1926.810	12.780
1927.606	12.787
1928.352	12.796
1929.093	12.806
1929.724	12.818
1930.317	12.830
1930.894	12.844
1931.402	12.859
1931.873	12.875
1932.307	12.892
1932.733	12.909
1933.083	12.928
1933.435	12.947
1933.762	12.967
1934.054	12.988
1934.328	13.009
1934.602	13.030
1934.851	13.053
1935.065	13.076
1935.318	13.098
1935.560	13.121
1935.767	13.144
1936.002	13.167
1936.266	13.189
1936.501	13.213
1936.753	13.236
1937.079	13.257
1937.417	13.277
1937.757	13.298
1938.196	13.317
1938.717	13.334
1939.250	13.350
1939.916	13.363
1940.714	13.373
1941.622	13.380
1942.716	13.382
1943.978	13.380
1945.383	13.374
1947.032	13.362
1948.923	13.344
1950.942	13.322
1953.077	13.297
1955.414	13.267
1957.844	13.233
1960.137	13.203
1962.475	13.172
1964.659	13.144
1966.700	13.119
1968.580	13.099
1970.199	13.084
1971.618	13.075
1972.918	13.069
1973.960	13.070
1974.809	13.076
1975.600	13.083
1976.252	13.094
1976.757	13.109
1977.193	13.125
1977.611	13.143
1977.944	13.162
1978.203	13.184
1978.446	13.206
1978.689	13.228
1978.868	13.252
1979.002	13.277
1979.189	13.301
1979.350	13.325
1979.458	13.352
1979.583	13.377
1979.734	13.403
1979.821	13.430
1979.899	13.457
1980.038	13.483
1980.142	13.510
1980.216	13.537
1980.325	13.564
1980.434	13.591
1980.505	13.619
1980.595	13.647
1980.711	13.674
1980.783	13.702
1980.852	13.731
1980.967	13.758
1981.052	13.787
1981.123	13.816
1981.227	13.844
1981.319	13.872
1981.396	13.901
1981.494	13.930
1981.594	13.958
1981.676	13.987
1981.768	14.016
1981.876	14.045
1981.969	14.074
1982.064	14.103
1982.172	14.132
1982.276	14.161
1982.385	14.190
1982.492	14.219
1982.608	14.249
1982.730	14.278
1982.840	14.307
1982.968	14.336
1983.107	14.365
1983.221	14.395
1983.366	14.423
1983.523	14.452
1983.641	14.482
1983.806	14.510
1983.987	14.538
1984.110	14.568
1984.295	14.597
1984.502	14.624
1984.634	14.654
1984.835	14.682
1985.056	14.710
1985.204	14.739
1985.420	14.767
1985.651	14.795
1985.814	14.824
1986.054	14.851
1986.287	14.879
1986.465	14.908
1986.734	14.935
1986.960	14.963
1987.162	14.992
1987.450	15.018
1987.666	15.046
1987.884	15.075
1988.155	15.102
1988.356	15.131
1988.586	15.160
1988.830	15.188
1989.034	15.217
1989.276	15.245
1989.487	15.275
1989.685	15.305
1989.913	15.334
1990.086	15.365
1990.272	15.395
1990.473	15.425
1990.648	15.456
1990.844	15.487
1991.002	15.519
1991.154	15.551
1991.313	15.583
1991.444	15.616
1991.588	15.649
1991.713	15.683
1991.836	15.717
1991.967	15.751
1992.068	15.785
1992.178	15.820
1992.275	15.855
1992.359	15.891
1992.458	15.927
1992.532	15.963
1992.615	16.000
1992.690	16.037
1992.750	16.074
1992.822	16.111
1992.874	16.149
1992.931	16.187
1992.991	16.226
1993.034	16.264
1993.092	16.303
1993.127	16.342
1993.167	16.382
1993.211	16.421
1993.239	16.462
1993.288	16.501
1993.314	16.542
1993.349	16.582
1993.373	16.624
1993.391	16.665
1993.435	16.706
1993.452	16.748
1993.487	16.789
1993.502	16.831
1993.527	16.873
1993.546	16.916
1993.554	16.959
1993.591	17.001
1993.600	17.045
1993.630	17.088
1993.642	17.131
1993.664	17.175
1993.675	17.219
1993.687	17.263
1993.708	17.307
1993.712	17.352
1993.740	17.396
1993.746	17.442
1993.770	17.487
1993.778	17.532
1993.798	17.577
1993.808	17.623
1993.824	17.669
1993.835	17.715
1993.848	17.762
1993.861	17.808
1993.866	17.856
1993.886	17.902
1993.885	17.950
1993.910	17.997
1993.911	18.045
1993.934	18.092
1993.936	18.141
1993.957	18.189
1993.960	18.238
1993.979	18.286
1993.984	18.335
1994.002	18.384
1994.006	18.434
1994.024	18.483
1994.028	18.533
1994.046	18.583
1994.050	18.633
1994.068	18.684
1994.071	18.735
1994.089	18.785
1994.092	18.837
1994.111	18.888
1994.113	18.940
1994.133	18.991
1994.131	19.044
1994.153	19.095
1994.152	19.149
1994.173	19.201
1994.174	19.254
1994.192	19.307
1994.196	19.361
1994.210	19.414
1994.219	19.468
1994.229	19.523
1994.242	19.577
1994.246	19.632
1994.263	19.686
1994.257	19.742
1994.281	19.797
1994.281	19.853
1994.298	19.909
1994.305	19.965
1994.315	20.022
1994.329	20.078
1994.323	20.136
1994.347	20.192
1994.345	20.250
1994.363	20.307
1994.371	20.366
1994.377	20.424
1994.393	20.482
1994.386	20.542
1994.409	20.600
1994.413	20.660
1994.422	20.719
1994.436	20.779
1994.429	20.840
1994.451	20.899
1994.456	20.960
1994.460	21.021
1994.477	21.082
1994.474	21.144
1994.492	21.205
1994.501	21.267
1994.492	21.331
1994.517	21.392
1994.520	21.456
1994.522	21.519
1994.540	21.582
1994.539	21.646
1994.549	21.710
1994.563	21.774
1994.559	21.840
1994.573	21.904
1994.585	21.969
1994.579	22.036
1994.595	22.101
1994.605	22.167
1994.600	22.234
1994.615	22.300
1994.626	22.367
1994.621	22.435
1994.633	22.503
1994.645	22.570
1994.644	22.639
1994.650	22.708
1994.664	22.776
1994.666	22.846
1994.665	22.916
1994.681	22.985
1994.688	23.055
1994.682	23.126
1994.694	23.197
1994.705	23.268
1994.706	23.339
1994.707	23.412
1994.719	23.483
1994.727	23.556
1994.724	23.629
1994.730	23.702
1994.741	23.775
1994.747	23.849
1994.744	23.924
1994.751	23.998
1994.761	24.073
