<j>	var(j)
1.246	0.387
3.002	0.921
4.179	0.875
5.196	0.705
6.054	0.711
7.215	1.332
8.585	0.975
9.532	1.532
11.137	2.247
12.467	1.536
13.346	1.420
14.237	1.855
15.522	2.821
17.083	2.218
18.031	1.476
18.729	1.284
19.440	1.445
20.367	1.813
21.486	1.844
22.550	1.870
23.598	1.727
24.543	1.681
25.496	1.971
26.692	3.106
28.339	3.566
29.759	2.826
30.782	2.091
31.548	1.697
32.242	1.605
32.951	1.500
33.668	1.754
34.659	3.159
36.382	4.929
38.246	3.751
39.354	2.254
40.058	1.820
40.693	1.646
41.311	1.533
41.954	1.802
42.828	3.072
44.396	6.558
47.021	9.179
49.278	5.271
50.306	2.556
50.847	2.083
51.368	2.686
52.136	4.268
53.392	6.135
54.975	5.628
56.180	3.194
56.831	1.790
57.242	1.473
57.644	1.710
58.184	2.470
59.043	3.985
60.413	5.858
62.128	5.995
63.566	4.223
64.501	2.795
65.151	2.202
65.716	2.118
66.315	2.367
67.037	2.875
67.946	3.613
69.090	4.820
70.581	6.850
72.480	8.304
74.343	6.766
75.630	4.489
76.493	4.392
77.473	7.979
79.355	17.198
82.678	24.597
85.950	17.998
87.839	10.212
88.864	6.416
89.525	4.486
90.007	3.402
90.395	2.836
90.742	2.622
91.088	2.673
91.469	2.953
91.919	3.441
92.476	4.087
93.164	4.760
93.977	5.266
94.877	5.497
95.812	5.583
96.766	5.832
97.775	6.550
98.919	7.879
100.275	9.604
101.845	11.156
103.539	12.081
105.236	12.203
106.832	11.306
108.221	9.409
109.327	7.104
110.148	5.143
110.755	3.951
111.248	3.634
111.742	4.248
112.371	5.998
113.303	9.142
114.711	13.166
116.582	15.679
118.546	14.469
120.167	10.951
121.324	7.573
122.117	5.169
122.670	3.688
123.085	2.935
123.439	2.768
123.804	3.159
124.257	4.260
124.911	6.416
125.927	9.863
127.442	13.573
129.326	14.666
131.114	12.250
132.486	9.408
133.537	8.627
134.555	10.840
135.900	17.228
138.002	28.217
141.060	37.490
144.396	34.457
146.953	23.237
148.521	14.266
149.469	9.732
150.136	8.081
150.717	7.982
151.315	8.719
151.990	9.871
152.768	11.069
153.647	11.917
154.591	12.093
155.543	11.562
156.447	10.673
157.284	10.002
158.082	10.102
158.909	11.369
159.864	13.943
161.045	17.444
162.496	20.577
164.133	21.423
165.741	19.087
167.100	14.794
168.120	10.531
168.843	7.366
169.359	5.379
169.750	4.279
170.076	3.778
170.380	3.684
170.692	3.897
171.039	4.380
171.447	5.161
171.947	6.384
172.587	8.468
173.465	12.482
174.788	20.594
176.933	34.913
180.220	50.538
184.168	52.486
187.537	39.391
189.773	25.677
191.169	17.207
192.106	12.507
192.798	9.741
193.351	8.003
193.817	6.912
194.232	6.273
194.621	5.951
195.003	5.836
195.390	5.836
195.788	5.881
196.201	5.938
196.628	6.026
197.074	6.252
197.552	6.857
198.096	8.303
198.783	11.380
199.758	17.173
201.234	26.217
203.389	36.000
206.070	39.969
208.703	35.040
210.798	26.918
212.340	21.471
213.572	19.643
214.717	20.068
215.892	21.205
217.124	21.825
218.371	21.192
219.557	19.253
220.618	16.586
221.525	14.006
222.295	12.192
222.978	11.607
223.648	12.662
224.406	15.911
225.384	22.063
226.751	31.382
228.651	42.075
231.055	49.016
233.631	47.046
235.903	37.360
237.598	26.156
238.750	17.743
239.533	12.749
240.109	10.239
240.586	9.250
241.033	9.185
241.490	9.748
241.989	10.823
242.555	12.375
243.215	14.383
243.992	16.775
244.904	19.371
245.955	21.859
247.132	23.845
248.398	25.021
249.704	25.338
251.005	25.064
252.275	24.637
253.513	24.455
254.734	24.736
255.964	25.502
257.225	26.615
258.530	27.808
259.878	28.681
261.247	28.765
262.596	27.669
263.871	25.293
265.018	21.929
266.001	18.141
266.810	14.515
267.460	11.452
267.979	9.119
268.400	7.513
268.757	6.547
269.077	6.118
269.388	6.152
269.711	6.611
270.070	7.514
270.491	8.955
271.005	11.126
271.660	14.369
272.519	19.172
273.673	25.988
275.219	34.587
277.210	42.989
279.545	47.438
281.943	45.299
284.081	38.278
285.806	30.784
287.167	25.958
288.324	24.535
289.435	25.845
290.618	28.699
291.926	31.761
293.353	33.838
294.840	34.305
296.313	33.363
297.720	31.786
299.043	30.306
300.296	29.180
301.495	28.167
302.647	26.806
303.734	24.762
304.731	22.019
305.613	18.871
306.368	15.740
307.000	12.989
307.527	10.824
307.974	9.302
308.367	8.377
308.731	7.965
309.086	7.972
309.451	8.309
309.841	8.899
310.268	9.657
310.739	10.489
311.258	11.280
311.822	11.905
312.422	12.241
313.042	12.205
313.662	11.777
314.264	11.017
314.829	10.045
315.349	9.009
315.820	8.050
316.249	7.275
316.644	6.755
317.021	6.541
317.397	6.686
317.794	7.279
318.241	8.495
318.779	10.667
319.476	14.394
320.438	20.623
321.823	30.477
323.829	44.325
326.588	60.041
330.010	72.841
333.755	79.099
337.440	78.641
340.803	72.120
343.669	60.525
345.938	46.734
347.624	34.266
348.838	25.122
349.731	19.550
350.439	16.992
351.073	16.903
351.723	19.105
352.478	23.901
353.441	32.052
354.741	44.512
356.529	61.559
358.930	81.063
361.930	97.143
365.284	102.577
368.568	95.088
371.417	79.580
373.691	62.951
375.441	49.170
376.790	39.046
377.860	31.949
378.739	27.016
379.487	23.563
380.147	21.122
380.745	19.383
381.300	18.142
381.826	17.263
382.333	16.658
382.828	16.277
383.318	16.103
383.810	16.137
384.309	16.405
384.823	16.946
385.361	17.799
385.933	19.004
386.551	20.578
387.227	22.499
387.973	24.679
388.794	26.947
389.694	29.035
390.661	30.617
391.678	31.372
392.714	31.087
393.734	29.746
394.703	27.545
395.598	24.839
396.403	22.032
397.120	19.487
397.759	17.465
398.338	16.129
398.881	15.567
399.415	15.830
399.969	16.941
400.573	18.903
401.256	21.669
402.047	25.090
402.967	28.860
404.022	32.477
405.200	35.310
406.465	36.766
407.762	36.546
409.032	34.788
410.225	32.019
411.313	28.932
412.294	26.153
413.183	24.141
414.010	23.233
414.817	23.753
415.655	26.149
416.593	31.098
417.724	39.505
419.167	52.198
421.054	69.012
423.480	87.297
426.407	101.210
429.598	104.511
432.685	95.831
435.360	79.994
437.504	63.385
439.164	49.717
440.455	39.727
441.486	32.706
442.340	27.685
443.068	23.907
443.701	20.903
444.260	18.415
444.757	16.332
445.203	14.620
445.607	13.298
445.980	12.427
446.335	12.106
446.687	12.509
447.060	13.907
447.485	16.724
448.008	21.595
448.697	29.370
449.644	40.951
450.966	56.737
452.772	75.442
455.103	92.866
457.847	102.521
460.714	99.712
463.354	85.837
465.527	67.213
467.179	49.919
468.389	36.803
469.282	28.021
469.969	22.608
470.532	19.499
471.026	17.898
471.489	17.309
471.943	17.460
472.409	18.227
472.902	19.572
473.439	21.493
474.036	23.983
474.707	26.998
475.468	30.422
476.328	34.037
477.291	37.533
478.350	40.547
479.487	42.743
480.677	43.938
481.890	44.160
483.100	43.650
484.289	42.762
485.449	41.834
486.581	41.066
487.690	40.472
488.782	39.906
489.856	39.139
490.906	37.952
491.921	36.235
492.888	34.028
493.794	31.520
494.633	29.002
495.407	26.809
496.127	25.263
496.812	24.658
497.489	25.262
498.193	27.335
498.965	31.104
499.854	36.734
500.910	44.171
502.179	52.954
503.685	61.996
505.421	69.618
507.324	73.993
509.294	74.013
511.211	69.966
512.981	63.421
514.557	56.405
515.946	50.572
517.187	46.852
518.342	45.537
519.470	46.502
520.628	49.382
521.860	53.655
523.195	58.661
524.645	63.664
526.203	67.979
527.845	71.205
529.541	73.436
531.266	75.334
533.014	77.963
534.805	82.436
536.681	89.445
538.693	98.779
540.880	108.998
543.244	117.511
545.727	121.331
548.216	118.459
550.576	108.990
552.689	95.055
554.494	79.643
555.985	65.292
557.198	53.467
558.190	44.627
559.021	38.623
559.747	35.047
560.412	33.466
561.055	33.509
561.705	34.888
562.389	37.377
563.126	40.774
563.936	44.870
564.829	49.410
565.815	54.080
566.892	58.517
568.053	62.348
569.286	65.257
570.568	67.055
571.877	67.727
573.190	67.441
574.490	66.483
575.764	65.189
577.009	63.845
578.224	62.630
579.412	61.592
580.579	60.657
581.725	59.670
582.850	58.437
583.950	56.784
585.016	54.588
586.038	51.813
587.007	48.508
587.913	44.791
588.750	40.827
589.513	36.793
590.202	32.853
590.820	29.138
591.371	25.742
591.860	22.720
592.295	20.094
592.684	17.863
593.032	16.012
593.348	14.515
593.637	13.346
593.907	12.479
594.162	11.897
594.409	11.585
594.653	11.540
594.900	11.764
595.155	12.274
595.425	13.093
595.717	14.256
596.039	15.807
596.401	17.801
596.814	20.300
597.290	23.373
597.842	27.092
598.487	31.530
599.242	36.756
600.124	42.833
601.153	49.828
602.347	57.812
603.727	66.872
605.310	77.126
607.116	88.708
609.165	101.731
611.472	116.186
614.050	131.717
616.896	147.314
619.984	161.025
623.242	170.038
626.556	171.469
629.772	163.725
632.732	147.536
635.315	125.771
637.462	102.140
639.172	79.792
640.493	60.590
641.490	45.181
642.233	33.391
642.784	24.662
643.193	18.343
643.500	13.833
643.735	10.639
643.917	8.388
644.063	6.801
644.183	5.681
644.285	4.889
644.375	4.327
644.455	3.928
644.529	3.648
644.599	3.455
644.666	3.330
644.731	3.261
644.797	3.243
644.862	3.278
644.930	3.374
645.001	3.549
645.077	3.834
645.160	4.287
645.255	5.007
645.368	6.165
645.511	8.062
645.702	11.230
645.973	16.609
646.384	25.827
647.032	41.609
648.084	68.065
649.800	110.076
652.518	169.741
656.527	238.230
661.770	289.946
667.603	297.541
673.071	261.689
677.546	210.141
680.981	167.398
683.659	140.628
685.889	126.359
687.882	118.792
689.743	113.376
691.503	107.469
693.155	100.017
694.677	91.045
696.051	81.172
697.269	71.184
698.333	61.775
699.255	53.430
700.054	46.410
700.750	40.804
701.366	36.586
701.922	33.686
702.438	32.029
702.935	31.569
703.429	32.305
703.940	34.294
704.488	37.658
705.095	42.580
705.788	49.300
706.594	58.079
707.547	69.137
708.683	82.534
710.037	98.030
711.634	114.877
713.488	131.686
715.583	146.484
717.873	157.071
720.280	161.664
722.704	159.542
725.047	151.345
727.228	138.765
729.196	123.919
730.931	108.700
732.440	94.417
733.743	81.765
734.869	70.954
735.846	61.909
736.699	54.418
737.451	48.240
738.121	43.158
738.723	39.003
739.270	35.659
739.774	33.064
740.244	31.209
740.692	30.135
741.128	29.938
741.566	30.782
742.020	32.895
742.511	36.586
743.063	42.252
743.707	50.358
744.479	61.366
745.424	75.624
746.591	93.129
748.022	113.212
749.749	134.193
751.770	153.295
754.041	167.035
756.464	172.262
758.908	167.516
761.231	153.749
763.321	133.927
765.112	111.732
766.589	90.311
767.775	71.622
768.712	56.448
769.452	44.746
770.041	36.055
770.518	29.774
770.916	25.321
771.258	22.215
771.562	20.078
771.839	18.631
772.099	17.674
772.349	17.069
772.592	16.716
772.832	16.556
773.073	16.547
773.315	16.663
773.562	16.890
773.814	17.220
774.074	17.656
774.343	18.203
774.622	18.870
774.914	19.674
775.221	20.633
775.546	21.774
775.892	23.127
776.262	24.731
776.662	26.633
777.095	28.889
777.568	31.570
778.089	34.750
778.667	38.520
779.310	42.973
780.031	48.200
780.843	54.271
781.759	61.218
782.792	68.981
783.956	77.373
785.256	86.027
786.694	94.381
788.258	101.695
789.928	107.139
791.666	109.984
793.428	109.753
795.163	106.401
796.826	100.321
798.376	92.238
799.788	83.035
801.051	73.557
802.164	64.468
803.138	56.218
803.988	49.057
804.731	43.080
805.386	38.276
805.972	34.593
806.505	31.965
807.003	30.355
807.480	29.757
807.953	30.227
808.438	31.880
808.957	34.916
809.531	39.620
810.188	46.341
810.963	55.472
811.895	67.350
813.029	82.094
814.407	99.323
816.062	117.886
818.004	135.640
820.199	149.658
822.570	156.989
824.999	155.813
827.354	146.287
829.517	130.519
831.411	111.625
833.009	92.547
834.322	75.314
835.385	60.923
836.246	49.558
836.948	40.967
837.533	34.687
838.032	30.239
838.471	27.216
838.871	25.281
839.247	24.173
839.610	23.702
839.969	23.730
840.332	24.156
840.705	24.903
841.094	25.918
841.501	27.161
841.930	28.603
842.385	30.229
842.869	32.042
843.385	34.055
843.937	36.309
844.528	38.872
845.164	41.844
845.851	45.366
846.600	49.617
847.422	54.812
848.333	61.192
849.353	69.000
850.504	78.425
851.810	89.570
853.296	102.331
854.983	116.397
856.884	131.156
858.999	145.754
861.314	159.253
863.799	170.775
866.414	179.647
869.109	185.470
871.836	188.039
874.546	187.277
877.192	183.126
879.732	175.738
882.128	165.527
884.349	153.236
886.377	139.900
888.209	126.662
889.855	114.598
891.336	104.601
892.684	97.283
893.939	93.013
895.141	91.996
896.332	94.261
897.557	99.695
898.855	108.016
900.260	118.720
901.800	130.956
903.489	143.501
905.325	154.842
907.285	163.296
909.327	167.381
911.392	166.200
913.413	159.705
915.331	148.663
917.095	134.468
918.675	118.750
920.061	102.958
921.256	88.186
922.277	75.100
923.146	63.988
923.888	54.865
924.527	47.579
925.084	41.925
925.578	37.643
926.024	34.514
926.437	32.348
926.827	30.975
927.203	30.268
927.574	30.143
927.946	30.533
928.327	31.400
928.721	32.732
929.134	34.539
929.574	36.843
930.046	39.690
930.558	43.137
931.117	47.240
931.733	52.059
932.413	57.635
933.170	63.970
934.012	71.001
934.947	78.573
935.981	86.408
937.118	94.089
938.350	101.081
939.669	106.763
941.054	110.514
942.477	111.851
943.907	110.502
945.310	106.485
946.652	100.141
947.906	92.029
949.053	82.807
950.080	73.184
950.986	63.721
951.775	54.843
952.453	46.846
953.034	39.858
953.531	33.897
953.954	28.935
954.318	24.882
954.634	21.636
954.910	19.094
955.156	17.157
955.380	15.740
955.587	14.773
955.783	14.200
955.974	13.979
956.164	14.081
956.358	14.492
956.560	15.207
956.773	16.231
957.003	17.578
957.255	19.278
957.534	21.356
957.845	23.864
958.195	26.837
958.592	30.331
959.043	34.402
959.558	39.089
960.145	44.435
960.815	50.473
961.578	57.205
962.444	64.627
963.423	72.729
964.523	81.488
965.753	90.925
967.120	101.087
968.633	112.076
970.299	124.019
972.131	136.943
974.134	150.682
976.316	164.656
978.667	177.702
981.165	188.180
983.763	194.161
986.391	194.073
988.966	187.261
991.402	174.278
993.629	156.798
995.602	137.035
997.307	117.124
998.751	98.724
999.964	82.797
1000.979	69.768
1001.835	59.646
1002.571	52.193
1003.220	47.102
1003.810	44.050
1004.367	42.742
1004.912	42.939
1005.466	44.451
1006.043	47.118
1006.659	50.803
1007.327	55.359
1008.058	60.623
1008.860	66.390
1009.741	72.406
1010.700	78.356
1011.736	83.904
1012.844	88.703
1014.010	92.444
1015.221	94.907
1016.459	96.006
1017.705	95.818
1018.944	94.531
1020.161	92.470
1021.347	89.992
1022.501	87.440
1023.619	85.121
1024.708	83.231
1025.772	81.868
1026.819	81.026
1027.856	80.601
1028.888	80.436
1029.918	80.311
1030.946	80.007
1031.969	79.314
1032.982	78.060
1033.977	76.158
1034.947	73.572
1035.883	70.369
1036.776	66.682
1037.623	62.679
1038.418	58.607
1039.164	54.677
1039.860	51.149
1040.513	48.273
1041.134	46.293
1041.732	45.503
1042.326	46.221
1042.934	48.845
1043.584	53.860
1044.307	61.857
1045.145	73.522
1046.147	89.542
1047.370	110.449
1048.876	136.295
1050.722	166.207
1052.948	197.966
1055.555	227.907
1058.493	251.584
1061.657	265.161
1064.905	267.120
1068.096	258.966
1071.119	244.440
1073.919	227.896
1076.492	212.599
1078.865	200.223
1081.082	190.783
1083.177	183.346
1085.177	176.600
1087.087	169.307
1088.905	160.659
1090.616	150.353
1092.205	138.582
1093.663	125.831
1094.976	112.806
1096.152	100.127
1097.192	88.317
1098.109	77.750
1098.918	68.608
1099.632	60.949
1100.269	54.725
1100.844	49.838
1101.370	46.158
1101.861	43.551
1102.327	41.883
1102.778	41.042
1103.223	40.915
1103.670	41.419
1104.125	42.456
1104.594	43.952
1105.083	45.818
1105.594	47.967
1106.132	50.315
1106.698	52.747
1107.294	55.153
1107.918	57.417
1108.569	59.418
1109.245	61.048
1109.939	62.212
1110.649	62.846
1111.364	62.922
1112.083	62.460
1112.796	61.531
1113.499	60.263
1114.189	58.835
1114.865	57.496
1115.526	56.558
1116.180	56.416
1116.835	57.562
1117.509	60.637
1118.224	66.471
1119.015	76.114
1119.927	90.865
1121.024	112.253
1122.383	141.714
1124.097	180.187
1126.258	226.951
1128.948	278.692
1132.182	328.240
1135.895	365.808
1139.907	381.883
1143.956	372.046
1147.777	339.349
1151.164	292.793
1154.020	242.547
1156.346	196.476
1158.211	158.404
1159.708	129.287
1160.929	108.160
1161.953	93.471
1162.843	83.615
1163.644	77.230
1164.387	73.291
1165.096	71.032
1165.787	69.962
1166.470	69.709
1167.153	70.082
1167.842	70.905
1168.541	72.122
1169.254	73.654
1169.984	75.461
1170.734	77.514
1171.505	79.742
1172.301	82.114
1173.121	84.531
1173.966	86.939
1174.837	89.222
1175.730	91.321
1176.646	93.139
1177.579	94.639
1178.527	95.812
1179.487	96.692
1180.455	97.394
1181.431	98.083
1182.413	99.012
1183.407	100.477
1184.414	102.869
1185.448	106.529
1186.519	111.921
1187.647	119.317
1188.850	129.029
1190.152	141.047
1191.572	155.155
1193.131	170.699
1194.837	186.575
1196.690	201.274
1198.672	212.991
1200.748	219.969
1202.869	220.904
1204.974	215.263
1207.001	203.466
1208.896	186.783
1210.619	167.005
1212.148	146.035
1213.477	125.535
1214.615	106.739
1215.581	90.389
1216.399	76.829
1217.096	66.104
1217.699	58.068
1218.231	52.472
1218.716	49.057
1219.173	47.581
1219.620	47.798
1220.073	49.555
1220.546	52.662
1221.053	57.004
1221.604	62.422
1222.210	68.783
1222.879	75.863
1223.621	83.460
1224.436	91.212
1225.327	98.794
1226.293	105.759
1227.323	111.661
1228.409	116.073
1229.536	118.643
1230.683	119.126
1231.830	117.455
1232.958	113.724
1234.046	108.196
1235.078	101.250
1236.041	93.328
1236.928	84.889
1237.734	76.349
1238.458	68.053
1239.105	60.252
1239.678	53.126
1240.185	46.755
1240.632	41.181
1241.028	36.378
1241.380	32.311
1241.693	28.908
1241.976	26.105
1242.233	23.826
1242.468	22.015
1242.688	20.599
1242.895	19.541
1243.093	18.790
1243.284	18.318
1243.473	18.102
1243.660	18.125
1243.850	18.385
1244.043	18.881
1244.243	19.628
1244.453	20.640
1244.675	21.955
1244.913	23.607
1245.171	25.649
1245.453	28.139
1245.765	31.152
1246.112	34.766
1246.502	39.071
1246.943	44.149
1247.443	50.093
1248.012	56.944
1248.662	64.746
1249.402	73.427
1250.243	82.890
1251.190	92.857
1252.252	102.986
1253.424	112.745
1254.704	121.589
1256.075	128.876
1257.521	134.121
1259.015	136.953
1260.530	137.334
1262.039	135.497
1263.519	132.000
1264.952	127.606
1266.333	123.227
1267.663	119.817
1268.955	118.366
1270.235	119.863
1271.533	125.415
1272.897	136.228
1274.383	153.771
1276.065	179.725
1278.029	215.845
1280.378	263.499
1283.218	322.699
1286.645	390.719
1290.705	460.724
1295.360	521.612
1300.459	560.622
1305.743	568.312
1310.907	543.272
1315.676	492.592
1319.875	428.083
1323.439	361.078
1326.393	299.388
1328.810	246.787
1330.789	204.038
1332.416	170.397
1333.774	144.430
1334.925	124.648
1335.921	109.755
1336.799	98.672
1337.592	90.575
1338.322	84.803
1339.010	80.868
1339.667	78.370
1340.308	76.994
1340.939	76.495
1341.568	76.640
1342.202	77.262
1342.841	78.174
1343.490	79.244
1344.150	80.328
1344.820	81.306
1345.499	82.078
1346.186	82.536
1346.878	82.621
1347.571	82.268
1348.262	81.444
1348.948	80.146
1349.623	78.372
1350.284	76.156
1350.927	73.545
1351.549	70.589
1352.147	67.362
1352.719	63.935
1353.262	60.382
1353.777	56.758
1354.261	53.146
1354.717	49.584
1355.143	46.128
1355.541	42.806
1355.911	39.654
1356.255	36.687
1356.575	33.915
1356.872	31.348
1357.147	28.984
1357.403	26.822
1357.641	24.852
1357.863	23.072
1358.070	21.466
1358.263	20.031
1358.445	18.751
1358.616	17.623
1358.778	16.640
1358.931	15.799
1359.078	15.092
1359.219	14.529
1359.356	14.121
1359.490	13.883
1359.622	13.851
1359.756	14.085
1359.892	14.658
1360.036	15.724
1360.192	17.474
1360.368	20.249
1360.573	24.539
1360.826	31.122
1361.150	41.165
1361.583	56.434
1362.182	79.509
1363.031	113.951
1364.251	164.405
1366.006	235.659
1368.500	330.924
1371.943	447.091
1376.474	569.795
1382.041	671.053
1388.305	718.337
1394.694	693.987
1400.575	608.029
1405.525	491.122
1409.397	374.480
1412.290	276.638
1414.400	203.062
1415.943	151.365
1417.093	116.520
1417.984	93.488
1418.703	78.342
1419.310	68.245
1419.843	61.342
1420.325	56.407
1420.772	52.698
1421.190	49.752
1421.588	47.290
1421.967	45.153
1422.330	43.255
1422.680	41.542
1423.017	39.992
1423.344	38.598
1423.660	37.354
1423.967	36.265
1424.267	35.327
1424.560	34.548
1424.849	33.929
1425.133	33.466
1425.415	33.163
1425.696	33.017
1425.977	33.024
1426.260	33.182
1426.545	33.487
1426.834	33.933
1427.129	34.515
1427.430	35.234
1427.739	36.080
1428.057	37.058
1428.385	38.168
1428.724	39.418
1429.076	40.818
1429.442	42.390
1429.824	44.167
1430.223	46.204
1430.643	48.573
1431.086	51.380
1431.557	54.775
1432.061	58.972
1432.607	64.262
1433.203	71.035
1433.868	79.834
1434.616	91.349
1435.477	106.465
1436.483	126.276
1437.679	151.990
1439.120	184.836
1440.866	225.612
1442.988	274.346
1445.543	329.223
1448.570	386.217
1452.056	438.528
1455.930	477.981
1460.052	497.018
1464.222	491.707
1468.249	463.401
1471.951	418.235
1475.226	364.302
1478.031	309.309
1480.385	258.527
1482.336	214.687
1483.946	178.594
1485.286	149.629
1486.405	126.844
1487.358	108.957
1488.177	94.916
1488.892	83.785
1489.527	74.845
1490.094	67.557
1490.610	61.504
1491.080	56.400
1491.515	52.023
1491.916	48.222
1492.290	44.882
1492.638	41.919
1492.966	39.270
1493.274	36.890
1493.565	34.739
1493.840	32.793
1494.100	31.024
1494.348	29.412
1494.584	27.945
1494.809	26.609
1495.025	25.387
1495.232	24.272
1495.430	23.258
1495.621	22.336
1495.806	21.497
1495.984	20.738
1496.157	20.053
1496.325	19.440
1496.489	18.897
1496.650	18.421
1496.807	18.012
1496.961	17.671
1497.113	17.400
1497.264	17.204
1497.413	17.089
1497.563	17.060
1497.714	17.132
1497.866	17.317
1498.020	17.632
1498.179	18.101
1498.342	18.754
1498.512	19.625
1498.692	20.760
1498.884	22.217
1499.090	24.064
1499.315	26.385
1499.563	29.285
1499.841	32.880
1500.153	37.315
1500.511	42.760
1500.923	49.379
1501.401	57.366
1501.960	66.907
1502.611	78.106
1503.374	91.068
1504.264	105.688
1505.296	121.724
1506.483	138.694
1507.828	155.722
1509.332	171.836
1510.979	185.722
1512.745	196.148
1514.593	202.073
1516.478	202.904
1518.352	198.660
1520.170	189.940
1521.892	177.837
1523.493	163.639
1524.957	148.646
1526.281	133.958
1527.471	120.390
1528.540	108.428
1529.503	98.300
1530.377	90.044
1531.181	83.561
1531.929	78.679
1532.637	75.198
1533.316	72.941
1533.978	71.762
1534.632	71.536
1535.286	72.214
1535.950	73.793
1536.631	76.351
1537.337	80.055
1538.082	85.168
1538.876	92.066
1539.739	101.273
1540.693	113.472
1541.763	129.488
1542.988	150.234
1544.411	176.710
1546.081	209.523
1548.055	248.758
1550.381	293.429
1553.096	340.704
1556.204	386.027
1559.658	423.195
1563.372	446.081
1567.193	450.366
1570.963	435.304
1574.528	404.073
1577.771	362.475
1580.634	316.834
1583.103	272.465
1585.208	232.728
1586.997	199.232
1588.522	172.108
1589.839	150.783
1590.995	134.325
1592.025	121.702
1592.963	111.999
1593.827	104.472
1594.635	98.498
1595.400	93.659
1596.127	89.654
1596.828	86.295
1597.501	83.519
1598.157	81.306
1598.795	79.759
1599.424	79.003
1600.049	79.280
1600.679	80.878
1601.325	84.167
1602.000	89.657
1602.724	97.903
1603.518	109.648
1604.411	125.688
1605.439	146.877
1606.644	174.059
1608.070	207.783
1609.769	248.012
1611.787	293.759
1614.158	342.604
1616.894	390.430
1619.968	431.774
1623.310	460.644
1626.810	472.240
1630.331	464.387
1633.726	438.392
1636.874	398.614
1639.693	350.894
1642.143	301.001
1644.223	253.450
1645.962	211.029
1647.404	174.958
1648.597	145.296
1649.588	121.518
1650.419	102.782
1651.122	88.139
1651.728	76.757
1652.258	67.891
1652.728	60.952
1653.154	55.477
1653.542	51.091
1653.901	47.529
1654.238	44.579
1654.554	42.085
1654.855	39.936
1655.141	38.049
1655.414	36.349
1655.676	34.814
1655.930	33.383
1656.172	32.051
1656.406	30.802
1656.633	29.605
1656.851	28.474
1657.061	27.392
1657.266	26.357
1657.462	25.374
1657.652	24.431
1657.836	23.543
1658.014	22.701
1658.187	21.915
1658.353	21.184
1658.516	20.513
1658.674	19.908
1658.828	19.371
1658.978	18.914
1659.126	18.540
1659.272	18.259
1659.416	18.089
1659.560	18.032
1659.704	18.117
1659.849	18.358
1659.998	18.781
1660.150	19.428
1660.309	20.329
1660.477	21.539
1660.656	23.125
1660.849	25.161
1661.060	27.750
1661.295	31.008
1661.559	35.091
1661.859	40.177
1662.206	46.487
1662.608	54.262
1663.080	63.783
1663.637	75.357
1664.297	89.288
1665.080	105.785
1666.008	124.966
1667.105	146.779
1668.390	170.719
1669.877	195.947
1671.577	221.108
1673.476	244.266
1675.559	263.385
1677.779	276.321
1680.078	281.491
1682.397	278.274
1684.656	267.035
1686.802	249.166
1688.781	226.738
1690.568	201.897
1692.147	176.698
1693.523	152.648
1694.705	130.815
1695.718	111.660
1696.582	95.322
1697.321	81.742
1697.956	70.624
1698.506	61.672
1698.989	54.586
1699.419	49.056
1699.807	44.847
1700.165	41.760
1700.500	39.628
1700.820	38.349
1701.132	37.860
1701.442	38.124
1701.756	39.149
1702.081	40.999
1702.424	43.754
1702.793	47.563
1703.195	52.610
1703.644	59.163
1704.152	67.557
1704.733	78.196
1705.410	91.598
1706.206	108.380
1707.149	129.148
1708.274	154.601
1709.621	185.342
1711.230	221.563
1713.145	263.020
1715.402	308.485
1718.020	355.553
1721.001	400.536
1724.304	438.809
1727.860	465.575
1731.560	477.218
1735.276	472.140
1738.882	451.572
1742.266	418.802
1745.355	378.374
1748.107	334.680
1750.515	291.419
1752.593	251.034
1754.373	214.801
1755.890	183.274
1757.181	156.389
1758.281	133.742
1759.222	114.890
1760.032	99.288
1760.733	86.423
1761.346	75.916
1761.885	67.366
1762.366	60.452
1762.799	54.962
1763.195	50.656
1763.562	47.388
1763.907	45.069
1764.238	43.579
1764.559	42.908
1764.877	43.057
1765.199	44.034
1765.530	45.950
1765.877	48.919
1766.250	53.121
1766.657	58.816
1767.110	66.310
1767.624	76.000
1768.216	88.362
1768.907	103.892
1769.722	123.180
1770.689	146.652
1771.842	174.665
1773.212	207.105
1774.831	243.364
1776.725	281.909
1778.899	320.273
1781.345	355.084
1784.025	382.395
1786.871	398.632
1789.794	401.302
1792.692	389.809
1795.465	365.711
1798.032	332.181
1800.335	293.167
1802.347	252.541
1804.067	213.378
1805.512	177.695
1806.711	146.560
1807.698	120.284
1808.508	98.631
1809.174	81.105
1809.722	67.104
1810.176	56.032
1810.558	47.319
1810.882	40.488
1811.161	35.144
1811.405	30.965
1811.620	27.706
1811.813	25.168
1811.992	23.190
1812.156	21.664
1812.311	20.507
1812.458	19.656
1812.600	19.046
1812.739	18.663
1812.875	18.488
1813.011	18.482
1813.148	18.666
1813.287	19.033
1813.429	19.578
1813.577	20.333
1813.731	21.294
1813.893	22.497
1814.065	23.962
1814.250	25.718
1814.449	27.810
1814.665	30.263
1814.902	33.145
1815.163	36.485
1815.450	40.352
1815.771	44.795
1816.127	49.872
1816.525	55.635
1816.971	62.132
1817.471	69.393
1818.029	77.418
1818.654	86.216
1819.351	95.714
1820.124	105.789
1820.980	116.335
1821.921	127.124
1822.946	137.891
1824.058	148.359
1825.250	158.214
1826.517	167.175
1827.855	175.020
1829.247	181.595
1830.686	186.878
1832.165	191.015
1833.668	194.255
1835.192	196.993
1836.733	199.714
1838.292	202.971
1839.872	207.325
1841.483	213.212
1843.136	221.102
1844.847	231.171
1846.634	243.447
1848.508	257.691
1850.484	273.281
1852.570	289.331
1854.763	304.586
1857.056	317.677
1859.427	326.998
1861.845	331.390
1864.272	329.937
1866.663	322.252
1868.976	308.790
1871.172	290.419
1873.219	268.397
1875.097	244.233
1876.796	219.289
1878.313	194.746
1879.655	171.521
1880.835	150.176
1881.865	131.030
1882.765	114.174
1883.548	99.564
1884.233	87.052
1884.833	76.439
1885.362	67.503
1885.829	60.028
1886.247	53.819
1886.623	48.697
1886.964	44.486
1887.278	41.072
1887.570	38.341
1887.843	36.188
1888.102	34.557
1888.351	33.395
1888.593	32.639
1888.831	32.276
1889.067	32.301
1889.305	32.683
1889.548	33.440
1889.796	34.596
1890.055	36.152
1890.328	38.156
1890.616	40.654
1890.925	43.672
1891.259	47.285
1891.622	51.554
1892.019	56.524
1892.456	62.290
1892.940	68.875
1893.476	76.362
1894.072	84.751
1894.734	94.057
1895.470	104.221
1896.288	115.156
1897.189	126.676
1898.181	138.569
1899.265	150.476
1900.438	162.058
1901.699	172.866
1903.041	182.449
1904.450	190.431
1905.913	196.486
1907.418	200.387
1908.946	202.136
1910.479	201.857
1912.004	199.767
1913.506	196.331
1914.978	191.995
1916.413	187.196
1917.809	182.458
1919.166	178.186
1920.491	174.645
1921.789	172.129
1923.067	170.814
1924.335	170.747
1925.603	171.937
1926.880	174.398
1928.175	177.975
1929.495	182.554
1930.849	188.003
1932.240	193.998
1933.675	200.346
1935.152	206.747
1936.673	212.891
1938.234	218.370
1939.829	222.950
1941.453	226.347
1943.092	228.224
1944.739	228.537
1946.382	227.217
1948.006	224.234
1949.604	219.797
1951.165	214.113
1952.679	207.416
1954.141	200.066
1955.547	192.370
1956.897	184.600
1958.188	177.035
1959.427	169.849
1960.613	163.211
1961.752	157.239
1962.851	151.988
1963.912	147.453
1964.941	143.596
1965.945	140.418
1966.928	137.834
1967.891	135.752
1968.841	134.114
1969.782	132.844
1970.713	131.857
1971.638	131.094
1972.560	130.491
1973.475	129.994
1974.388	129.566
1975.300	129.177
1976.208	128.806
1977.114	128.428
1978.017	128.093
1978.920	127.783
1979.819	127.539
1980.718	127.412
1981.617	127.486
1982.516	127.842
1983.418	128.642
1984.329	130.049
1985.248	132.273
1986.186	135.608
1987.150	140.438
1988.149	147.165
1989.197	156.303
1990.315	168.502
1991.522	184.396
1992.842	204.622
1994.310	229.803
1995.957	260.238
1997.817	295.849
1999.924	335.813
2002.301	378.277
2004.952	420.263
2007.868	457.980
2011.007	487.002
2014.295	503.212
2017.639	504.010
2020.938	488.826
2024.093	459.419
2027.010	419.493
2029.645	373.315
2031.966	325.251
2033.969	278.888
2035.677	236.456
2037.120	199.269
2038.333	167.734
2039.354	141.655
2040.217	120.541
2040.953	103.700
2041.588	90.500
2042.144	80.287
2042.641	72.505
2043.091	66.703
2043.507	62.495
2043.899	59.585
2044.275	57.745
2044.642	56.778
2045.004	56.545
2045.366	56.947
2045.732	57.905
2046.106	59.357
2046.491	61.269
2046.890	63.621
2047.305	66.405
2047.741	69.623
2048.198	73.292
2048.681	77.452
2049.193	82.137
2049.738	87.418
2050.319	93.372
2050.941	100.094
2051.610	107.714
2052.330	116.371
2053.109	126.228
2053.956	137.462
2054.880	150.259
2055.891	164.800
2056.999	181.208
2058.216	199.574
2059.556	219.845
2061.031	241.783
2062.649	264.981
2064.413	288.729
2066.326	312.048
2068.383	333.733
2070.566	352.406
2072.855	366.778
2075.219	375.640
2077.619	378.299
2080.012	374.622
2082.364	364.954
2084.636	350.266
2086.800	331.950
2088.836	311.484
2090.738	290.287
2092.502	269.743
2094.135	250.860
2095.651	234.361
2097.067	220.673
2098.399	210.025
2099.667	202.432
2100.892	197.789
2102.089	195.871
2103.276	196.429
2104.468	199.069
2105.677	203.503
2106.911	209.340
2108.183	216.183
2109.494	223.590
2110.849	231.179
2112.246	238.510
2113.686	245.203
2115.162	250.891
2116.668	255.297
2118.196	258.181
2119.736	259.406
2121.278	258.937
2122.812	256.854
2124.330	253.239
2125.821	248.337
2127.279	242.379
2128.700	235.639
2130.077	228.393
2131.410	220.892
2132.696	213.358
2133.937	206.004
2135.134	198.937
2136.290	192.312
2137.406	186.158
2138.488	180.537
2139.535	175.449
2140.554	170.895
2141.546	166.847
2142.516	163.288
2143.464	160.186
2144.396	157.492
2145.313	155.215
2146.217	153.331
2147.110	151.827
2147.995	150.724
2148.875	150.059
2149.752	149.859
2150.628	150.191
2151.508	151.136
2152.394	152.798
2153.290	155.305
2154.202	158.769
2155.137	163.402
2156.099	169.364
2157.097	176.833
2158.141	186.081
2159.240	197.262
2160.406	210.551
2161.651	226.136
2162.989	244.055
2164.429	264.197
2165.987	286.412
2167.671	310.242
2169.490	334.960
2171.445	359.571
2173.533	383.000
2175.746	403.794
2178.060	420.501
2180.454	431.901
2182.896	437.099
2185.344	435.408
2187.764	426.922
2190.121	412.258
2192.379	392.354
2194.510	368.503
2196.503	342.165
2198.345	314.658
2200.028	287.159
2201.561	260.564
2202.948	235.566
2204.198	212.526
2205.328	191.660
2206.344	173.020
2207.262	156.477
2208.094	141.935
2208.849	129.160
2209.536	117.991
2210.166	108.197
2210.744	99.614
2211.279	92.055
2211.773	85.382
2212.233	79.454
2212.661	74.177
2213.063	69.438
2213.440	65.180
2213.795	61.327
2214.129	57.836
2214.446	54.656
2214.746	51.767
2215.031	49.126
2215.303	46.727
2215.562	44.546
2215.809	42.586
2216.047	40.827
2216.276	39.280
2216.496	37.958
2216.710	36.865
2216.919	36.040
2217.124	35.505
2217.326	35.325
2217.529	35.577
2217.734	36.351
2217.945	37.798
2218.166	40.104
2218.401	43.517
2218.658	48.393
2218.946	55.184
2219.277	64.465
2219.665	77.025
2220.132	93.836
2220.704	116.160
2221.415	145.486
2222.307	183.448
2223.430	231.674
2224.850	291.759
2226.635	364.409
2228.850	448.468
2231.547	540.359
2234.770	633.810
2238.498	718.677
2242.644	782.940
2247.075	815.996
