<j>	var(j)
1.274	0.266
2.381	0.306
3.347	0.435
4.945	0.875
6.173	0.698
7.074	0.658
8.043	0.826
9.238	0.934
10.287	0.769
11.250	0.866
12.228	0.657
13.005	0.678
14.133	1.754
16.142	2.645
17.832	2.479
18.997	1.445
19.658	0.918
20.174	0.819
20.767	0.966
21.616	1.322
22.737	1.337
23.680	1.021
24.520	1.602
26.064	3.109
27.866	2.449
28.978	2.136
30.011	2.409
31.151	2.837
32.445	3.798
34.029	4.596
35.574	3.541
36.583	2.072
37.192	1.575
37.743	2.081
38.626	4.147
40.389	7.393
42.657	7.091
44.278	5.434
45.452	4.596
46.431	3.718
47.224	2.828
47.850	2.220
48.384	2.067
48.945	2.453
49.691	3.329
50.734	4.035
51.899	3.506
52.819	2.432
53.481	2.200
54.189	3.338
55.392	6.132
57.345	7.786
59.176	5.236
60.225	3.010
60.857	2.206
61.374	2.277
61.996	3.645
63.120	7.388
65.225	11.893
67.734	11.498
69.663	10.132
71.257	9.679
72.680	7.993
73.782	5.664
74.553	4.060
75.131	3.406
75.655	3.505
76.240	4.401
77.031	6.474
78.230	10.099
80.014	14.467
82.253	17.086
84.507	16.720
86.449	14.081
87.947	10.341
88.999	7.011
89.712	4.851
90.224	3.726
90.642	3.296
91.040	3.365
91.477	3.897
92.019	4.948
92.743	6.573
93.727	8.690
95.010	11.132
96.582	14.076
98.452	17.781
100.618	20.547
102.836	19.201
104.676	14.387
105.960	9.790
106.823	6.940
107.450	5.381
107.958	4.470
108.399	3.875
108.800	3.474
109.178	3.235
109.551	3.170
109.938	3.316
110.369	3.737
110.884	4.495
111.532	5.564
112.355	6.682
113.335	7.292
114.373	6.979
115.336	6.081
116.173	5.440
116.951	5.631
117.799	6.665
118.823	7.954
120.012	8.494
121.215	7.942
122.303	7.349
123.327	7.906
124.466	9.628
125.832	11.078
127.298	10.450
128.570	8.004
129.502	5.625
130.166	4.281
130.703	3.855
131.222	4.019
131.795	4.540
132.466	5.217
133.248	5.797
134.113	6.053
135.008	6.007
135.896	6.064
136.816	6.954
137.921	9.561
139.458	13.945
141.522	16.831
143.636	14.019
145.155	8.542
146.033	5.081
146.589	4.315
147.134	6.087
148.000	11.464
149.656	21.365
152.394	29.303
155.385	24.300
157.427	14.110
158.544	8.654
159.266	7.277
159.920	7.807
160.655	9.299
161.550	11.344
162.642	13.457
163.910	14.988
165.277	15.656
166.661	16.105
168.059	17.510
169.566	20.381
171.278	23.530
173.153	24.344
174.960	21.296
176.442	15.947
177.510	10.983
178.243	7.691
178.770	6.007
179.203	5.475
179.619	5.722
180.076	6.512
180.615	7.671
181.266	8.977
182.035	10.119
182.901	10.766
183.814	10.771
184.721	10.334
185.590	9.901
186.432	9.870
187.287	10.354
188.197	11.099
189.172	11.570
190.176	11.237
191.132	9.964
191.964	8.126
192.640	6.283
193.168	4.809
193.583	3.805
193.925	3.228
194.231	3.034
194.538	3.307
194.900	4.441
195.432	7.557
196.405	15.236
198.367	30.750
201.856	48.866
206.211	52.182
209.939	43.894
212.746	36.831
214.966	30.683
216.723	23.771
218.034	17.152
218.965	12.014
219.620	8.554
220.097	6.414
220.466	5.172
220.776	4.523
221.058	4.284
221.337	4.372
221.635	4.776
221.973	5.553
222.382	6.828
222.902	8.806
223.591	11.741
224.523	15.807
225.770	20.738
227.361	25.360
229.210	27.749
231.107	26.697
232.826	23.038
234.250	18.768
235.390	15.340
236.326	13.170
237.142	12.061
237.904	11.615
238.649	11.427
239.389	11.170
240.117	10.655
240.814	9.862
241.462	8.942
242.057	8.168
242.612	7.892
243.169	8.547
243.800	10.692
244.624	14.966
245.797	21.580
247.452	29.004
249.539	33.177
251.721	30.868
253.588	24.292
254.990	18.381
256.053	15.746
257.000	16.569
258.035	20.207
259.313	25.539
260.897	30.485
262.706	32.310
264.515	29.636
266.089	23.928
267.315	17.957
268.226	13.487
268.920	10.870
269.496	9.810
270.035	9.988
270.606	11.271
271.269	13.702
272.092	17.341
273.142	21.979
274.458	26.751
276.017	30.082
277.699	30.514
279.331	28.044
280.778	24.317
282.012	21.355
283.101	20.428
284.162	21.956
285.322	25.763
286.687	31.070
288.306	36.316
290.137	39.437
292.039	39.060
293.843	35.668
295.435	31.222
296.803	27.695
298.014	26.185
299.168	26.962
300.367	29.770
301.692	33.898
303.187	38.116
304.832	40.837
306.543	40.780
308.197	37.775
309.687	32.867
310.957	27.546
312.012	22.903
312.890	19.351
313.638	16.823
314.297	15.057
314.895	13.787
315.450	12.824
315.973	12.075
316.474	11.529
316.960	11.252
317.444	11.374
317.943	12.094
318.487	13.691
319.117	16.513
319.893	20.908
320.885	27.000
322.164	34.262
323.756	41.062
325.601	44.922
327.531	44.029
329.340	38.892
330.881	31.979
332.124	25.754
333.122	21.427
333.961	19.090
334.723	18.324
335.467	18.619
336.234	19.519
337.045	20.635
337.906	21.622
338.809	22.183
339.732	22.105
340.648	21.308
341.528	19.871
342.346	18.004
343.088	15.981
343.749	14.068
344.336	12.474
344.864	11.346
345.353	10.787
345.830	10.888
346.324	11.766
346.872	13.580
347.520	16.530
348.322	20.789
349.337	26.348
350.617	32.757
352.179	38.926
353.979	43.368
355.910	45.043
357.839	44.170
359.671	42.033
361.375	39.973
362.971	38.615
364.496	37.826
365.973	37.110
367.403	36.014
368.772	34.386
370.065	32.375
371.271	30.299
372.395	28.445
373.448	26.940
374.446	25.744
375.402	24.701
376.319	23.624
377.198	22.379
378.030	20.930
378.810	19.344
379.533	17.764
380.201	16.366
380.823	15.335
381.413	14.853
381.996	15.127
382.601	16.442
383.274	19.214
384.076	24.050
385.096	31.668
386.443	42.511
388.227	55.768
390.491	68.184
393.116	74.416
395.805	70.756
398.207	58.865
400.110	44.168
401.496	31.216
402.465	21.724
403.141	15.479
403.631	11.668
404.009	9.556
404.328	8.683
404.628	8.866
404.946	10.188
405.325	13.022
405.824	18.088
406.533	26.487
407.583	39.501
409.139	57.641
411.351	78.581
414.217	95.357
417.457	99.366
420.587	88.515
423.198	69.672
425.165	51.271
426.583	37.304
427.611	27.877
428.385	21.712
428.995	17.587
429.496	14.682
429.921	12.523
430.288	10.855
430.612	9.536
430.900	8.489
431.161	7.668
431.401	7.048
431.626	6.618
431.842	6.383
432.054	6.365
432.271	6.610
432.502	7.199
432.760	8.266
433.064	10.030
433.442	12.837
433.938	17.199
434.613	23.820
435.558	33.471
436.884	46.534
438.695	62.019
441.026	76.563
443.758	85.128
446.617	84.509
449.296	76.420
451.613	65.775
453.554	56.666
455.207	50.626
456.678	47.413
458.054	46.209
459.394	46.281
460.731	47.205
462.089	48.817
463.486	51.063
464.938	53.834
466.456	56.790
468.039	59.314
469.670	60.642
471.312	60.129
472.911	57.547
474.417	53.240
475.792	47.990
477.019	42.710
478.108	38.157
479.081	34.801
479.973	32.809
480.820	32.137
481.658	32.591
482.513	33.878
483.408	35.639
484.351	37.455
485.342	38.894
486.368	39.567
487.407	39.210
488.432	37.752
489.413	35.332
490.328	32.262
491.162	28.938
491.911	25.767
492.580	23.097
493.186	21.211
493.749	20.347
494.298	20.732
494.868	22.619
495.502	26.290
496.250	32.012
497.170	39.889
498.319	49.594
499.737	60.023
501.426	69.150
503.325	74.448
505.310	74.076
507.225	68.043
508.936	58.259
510.370	47.374
511.522	37.504
512.430	29.708
513.154	24.186
513.749	20.694
514.268	18.881
514.750	18.468
515.232	19.309
515.745	21.406
516.324	24.882
517.006	29.955
517.835	36.849
518.860	45.642
520.126	56.026
521.666	67.038
523.477	76.950
525.506	83.619
527.648	85.371
529.771	81.914
531.752	74.506
533.513	65.196
535.029	55.843
536.316	47.571
537.409	40.784
538.347	35.439
539.166	31.305
539.893	28.127
540.551	25.693
541.157	23.846
541.725	22.473
542.265	21.488
542.786	20.820
543.297	20.408
543.802	20.193
544.306	20.116
544.813	20.124
545.325	20.162
545.841	20.185
546.362	20.155
546.886	20.047
547.411	19.850
547.934	19.569
548.453	19.226
548.967	18.855
549.475	18.501
549.978	18.217
550.477	18.055
550.977	18.068
551.482	18.296
551.999	18.766
552.535	19.484
553.097	20.429
553.691	21.548
554.322	22.755
554.992	23.941
555.699	24.987
556.439	25.804
557.205	26.365
557.988	26.750
558.784	27.172
559.597	27.992
560.441	29.704
561.345	32.893
562.356	38.132
563.538	45.760
564.955	55.505
566.656	66.004
568.634	74.667
570.800	78.491
572.994	75.824
575.038	67.683
576.808	57.212
578.280	47.911
579.510	42.420
580.616	42.547
581.757	49.934
583.129	66.509
584.973	93.911
587.539	130.932
590.978	169.415
595.159	193.759
599.592	191.160
603.652	164.501
606.944	128.941
609.429	97.482
611.274	74.678
612.680	59.562
613.806	49.654
614.749	42.857
615.567	37.843
616.294	33.894
616.949	30.667
617.545	28.011
618.093	25.861
618.604	24.184
619.086	22.956
619.547	22.149
619.997	21.732
620.443	21.673
620.893	21.939
621.352	22.494
621.828	23.298
622.325	24.307
622.847	25.463
623.399	26.700
623.980	27.935
624.592	29.074
625.231	30.019
625.894	30.671
626.572	30.945
627.258	30.782
627.942	30.162
628.613	29.107
629.261	27.679
629.880	25.978
630.462	24.120
631.005	22.234
631.508	20.446
631.974	18.872
632.408	17.626
632.818	16.819
633.214	16.578
633.611	17.060
634.027	18.471
634.486	21.085
635.019	25.256
635.667	31.393
636.481	39.873
637.518	50.842
638.836	63.861
640.471	77.519
642.417	89.322
644.597	96.354
646.874	96.705
649.087	90.724
651.106	80.893
652.870	70.444
654.389	61.933
655.724	56.745
656.954	55.287
658.163	57.389
659.427	62.542
660.807	69.936
662.345	78.367
664.051	86.208
665.899	91.622
667.825	93.076
669.739	89.936
671.552	82.749
673.189	72.970
674.612	62.329
675.817	52.241
676.823	43.543
677.663	36.534
678.370	31.144
678.977	27.125
679.511	24.173
679.992	22.010
680.434	20.407
680.849	19.191
681.242	18.243
681.620	17.488
681.985	16.887
682.341	16.429
682.691	16.121
683.038	15.991
683.386	16.077
683.740	16.431
684.106	17.119
684.492	18.217
684.908	19.819
685.366	22.039
685.880	25.008
686.471	28.881
687.158	33.831
687.967	40.037
688.929	47.644
690.072	56.709
691.428	67.102
693.019	78.357
694.852	89.547
696.908	99.281
699.137	105.925
701.456	108.099
703.760	105.247
705.945	97.912
707.933	87.508
709.677	75.771
711.167	64.217
712.420	53.868
713.467	45.242
714.348	38.494
715.101	33.603
715.765	30.501
716.376	29.187
716.969	29.800
717.586	32.702
718.275	38.552
719.100	48.370
720.147	63.524
721.528	85.457
723.377	114.842
725.819	149.950
728.914	184.871
732.571	209.779
736.514	215.633
740.358	200.786
743.771	172.345
746.596	140.563
748.846	112.806
750.630	91.874
752.078	77.507
753.303	68.227
754.385	62.446
755.380	58.887
756.323	56.640
757.232	55.115
758.119	53.959
758.989	52.998
759.845	52.170
760.690	51.490
761.525	51.000
762.354	50.754
763.182	50.780
764.012	51.065
764.849	51.560
765.696	52.174
766.555	52.798
767.425	53.301
768.304	53.576
769.188	53.560
770.073	53.262
770.952	52.768
771.825	52.254
772.690	51.972
773.553	52.227
774.423	53.361
775.316	55.709
776.252	59.565
777.257	65.113
778.360	72.363
779.585	81.030
780.953	90.495
782.472	99.750
784.130	107.492
785.897	112.408
787.717	113.544
789.530	110.650
791.271	104.268
792.891	95.572
794.362	85.951
795.675	76.665
796.842	68.587
797.887	62.172
798.836	57.537
799.718	54.559
800.558	52.982
801.379	52.483
802.195	52.729
803.019	53.392
803.855	54.173
804.704	54.804
805.565	55.071
806.429	54.814
807.290	53.946
808.136	52.450
808.959	50.370
809.749	47.803
810.499	44.880
811.204	41.743
811.861	38.530
812.469	35.365
813.029	32.341
813.544	29.531
814.016	26.976
814.450	24.700
814.850	22.714
815.220	21.018
815.566	19.601
815.891	18.459
816.200	17.588
816.497	16.990
816.787	16.667
817.075	16.639
817.365	16.939
817.664	17.616
817.979	18.746
818.318	20.453
818.692	22.933
819.116	26.506
819.613	31.711
820.214	39.461
820.971	51.295
821.964	69.729
823.324	98.592
825.245	142.761
827.992	206.079
831.847	285.489
836.933	363.004
842.976	406.626
849.232	392.588
854.831	329.242
859.249	248.157
862.445	176.102
864.663	123.214
866.201	88.327
867.307	66.643
868.148	53.612
868.832	45.955
869.426	41.564
869.968	39.130
870.484	37.860
870.986	37.277
871.484	37.088
871.983	37.111
872.485	37.237
872.991	37.398
873.501	37.559
874.017	37.698
874.537	37.806
875.060	37.882
875.587	37.930
876.118	37.951
876.650	37.941
877.185	37.902
877.722	37.827
878.260	37.706
878.799	37.520
879.337	37.261
879.875	36.910
880.409	36.448
880.938	35.864
881.461	35.150
881.976	34.304
882.481	33.325
882.973	32.224
883.451	31.019
883.913	29.724
884.358	28.367
884.785	26.972
885.192	25.568
885.581	24.175
885.951	22.819
886.301	21.521
886.634	20.298
886.951	19.162
887.251	18.124
887.538	17.193
887.812	16.372
888.075	15.665
888.329	15.073
888.575	14.598
888.816	14.240
889.052	13.998
889.287	13.876
889.523	13.874
889.760	13.992
890.002	14.238
890.250	14.613
890.507	15.121
890.776	15.767
891.058	16.558
891.358	17.498
891.677	18.590
892.019	19.842
892.386	21.259
892.783	22.851
893.212	24.634
893.678	26.644
894.184	28.931
894.737	31.594
895.346	34.793
896.019	38.768
896.774	43.903
897.634	50.743
898.633	60.040
899.820	72.772
901.262	90.037
903.040	112.763
905.246	141.102
907.956	173.356
911.199	205.235
914.902	230.035
918.880	241.155
922.868	235.747
926.605	216.307
929.912	189.040
932.724	160.362
935.064	134.667
937.006	114.122
938.645	99.302
940.072	90.034
941.372	85.898
942.620	86.467
943.884	91.259
945.224	99.765
946.691	111.207
948.321	124.383
950.129	137.635
952.110	148.951
954.221	156.240
956.400	158.038
958.567	153.881
960.640	144.538
962.560	131.688
964.287	117.343
965.813	103.294
967.149	90.792
968.321	80.470
969.361	72.457
970.300	66.585
971.166	62.487
971.982	59.753
972.767	57.966
973.531	56.760
974.281	55.807
975.021	54.871
975.750	53.757
976.464	52.351
977.162	50.601
977.837	48.501
978.485	46.096
979.102	43.467
979.685	40.703
980.233	37.908
980.744	35.186
981.221	32.624
981.665	30.299
982.080	28.274
982.469	26.594
982.838	25.297
983.192	24.407
983.536	23.943
983.877	23.920
984.220	24.347
984.573	25.233
984.943	26.577
985.335	28.380
985.757	30.608
986.215	33.236
986.715	36.198
987.262	39.390
987.860	42.683
988.509	45.907
989.209	48.858
989.953	51.322
990.735	53.091
991.542	53.991
992.361	53.922
993.178	52.860
993.977	50.889
994.745	48.161
995.471	44.904
996.147	41.386
996.773	37.859
997.345	34.601
997.871	31.833
998.358	29.778
998.817	28.655
999.265	28.699
999.720	30.179
1000.205	33.420
1000.751	38.816
1001.392	46.786
1002.173	57.713
1003.140	71.764
1004.341	88.616
1005.814	107.124
1007.576	125.104
1009.599	139.429
1011.805	146.896
1014.076	145.426
1016.268	135.114
1018.260	118.222
1019.969	98.140
1021.367	78.096
1022.468	60.259
1023.314	45.677
1023.955	34.504
1024.442	26.436
1024.818	21.020
1025.122	17.835
1025.386	16.623
1025.639	17.342
1025.910	20.206
1026.235	25.788
1026.659	35.082
1027.244	49.684
1028.080	71.816
1029.290	104.258
1031.040	149.652
1033.516	208.584
1036.881	276.504
1041.177	341.125
1046.222	384.835
1051.607	394.434
1056.830	370.752
1061.512	326.943
1065.492	278.022
1068.788	233.211
1071.506	195.339
1073.755	163.900
1075.625	137.500
1077.185	115.028
1078.484	95.810
1079.563	79.487
1080.458	65.783
1081.199	54.457
1081.814	45.209
1082.327	37.751
1082.757	31.773
1083.121	27.007
1083.433	23.210
1083.703	20.182
1083.939	17.757
1084.150	15.809
1084.338	14.230
1084.509	12.947
1084.666	11.898
1084.811	11.039
1084.947	10.339
1085.075	9.771
1085.198	9.320
1085.316	8.977
1085.430	8.736
1085.543	8.599
1085.655	8.572
1085.767	8.666
1085.882	8.900
1086.001	9.301
1086.127	9.905
1086.263	10.760
1086.411	11.930
1086.578	13.497
1086.769	15.564
1086.992	18.261
1087.255	21.745
1087.572	26.198
1087.956	31.828
1088.426	38.832
1089.002	47.393
1089.706	57.575
1090.564	69.323
1091.592	82.227
1092.809	95.646
1094.213	108.458
1095.790	119.365
1097.505	127.037
1099.305	130.532
1101.129	129.594
1102.915	124.772
1104.615	117.243
1106.197	108.452
1107.650	99.729
1108.982	92.037
1110.210	85.865
1111.356	81.317
1112.444	78.168
1113.492	76.025
1114.512	74.423
1115.511	72.908
1116.489	71.088
1117.441	68.719
1118.361	65.659
1119.237	61.927
1120.063	57.640
1120.831	52.998
1121.536	48.242
1122.179	43.618
1122.761	39.364
1123.288	35.693
1123.769	32.808
1124.215	30.916
1124.640	30.271
1125.061	31.215
1125.502	34.254
1125.996	40.147
1126.583	50.035
1127.326	65.560
1128.309	88.908
1129.647	122.702
1131.487	169.108
1133.995	228.145
1137.301	294.535
1141.433	355.753
1146.210	394.033
1151.245	395.750
1156.055	360.971
1160.254	303.232
1163.661	239.941
1166.292	183.261
1168.274	138.066
1169.758	104.261
1170.877	79.701
1171.734	61.951
1172.404	48.998
1172.936	39.374
1173.366	32.081
1173.719	26.447
1174.012	22.031
1174.258	18.530
1174.466	15.730
1174.645	13.486
1174.798	11.685
1174.933	10.240
1175.052	9.087
1175.158	8.175
1175.255	7.459
1175.344	6.911
1175.427	6.499
1175.506	6.208
1175.582	6.015
1175.657	5.913
1175.731	5.890
1175.805	5.940
1175.881	6.062
1175.959	6.258
1176.040	6.535
1176.126	6.913
1176.218	7.423
1176.317	8.123
1176.427	9.108
1176.552	10.546
1176.699	12.720
1176.879	16.116
1177.110	21.555
1177.426	30.435
1177.878	45.058
1178.555	69.122
1179.602	108.123
1181.240	169.147
1183.772	258.043
1187.546	372.647
1192.763	490.739
1199.240	568.794
1206.217	566.530
1212.682	485.198
1217.886	366.572
1221.648	254.423
1224.191	169.500
1225.866	112.890
1226.982	77.805
1227.757	56.864
1228.331	44.545
1228.788	37.281
1229.176	32.933
1229.522	30.266
1229.844	28.595
1230.150	27.539
1230.448	26.902
1230.740	26.585
1231.032	26.540
1231.324	26.767
1231.622	27.271
1231.927	28.087
1232.243	29.256
1232.574	30.837
1232.927	32.901
1233.304	35.532
1233.716	38.837
1234.167	42.921
1234.671	47.924
1235.234	53.951
1235.872	61.143
1236.597	69.558
1237.424	79.242
1238.366	90.095
1239.438	101.933
1240.647	114.348
1241.998	126.789
1243.488	138.515
1245.105	148.741
1246.826	156.650
1248.623	161.683
1250.458	163.505
1252.298	162.211
1254.104	158.143
1255.852	151.950
1257.516	144.275
1259.089	135.780
1260.559	126.937
1261.929	118.103
1263.199	109.443
1264.373	101.057
1265.455	92.955
1266.450	85.141
1267.361	77.611
1268.190	70.382
1268.943	63.475
1269.622	56.944
1270.233	50.812
1270.778	45.139
1271.264	39.927
1271.695	35.212
1272.077	30.976
1272.413	27.221
1272.711	23.914
1272.973	21.033
1273.206	18.536
1273.411	16.392
1273.595	14.560
1273.758	13.007
1273.906	11.699
1274.039	10.609
1274.161	9.713
1274.274	8.991
1274.379	8.434
1274.479	8.040
1274.574	7.819
1274.669	7.801
1274.764	8.037
1274.863	8.630
1274.972	9.742
1275.096	11.654
1275.248	14.825
1275.444	20.026
1275.715	28.529
1276.105	42.423
1276.693	65.043
1277.600	101.440
1279.017	158.546
1281.216	243.701
1284.534	359.645
1289.272	494.307
1295.465	611.827
1302.651	663.121
1309.904	622.911
1316.280	514.640
1321.282	387.500
1324.920	278.548
1327.489	200.421
1329.330	150.335
1330.719	120.866
1331.847	104.969
1332.839	97.751
1333.771	95.908
1334.693	97.508
1335.634	101.224
1336.614	106.250
1337.644	111.877
1338.728	117.584
1339.866	122.815
1341.052	127.110
1342.275	130.041
1343.522	131.283
1344.777	130.650
1346.020	128.110
1347.234	123.791
1348.404	117.948
1349.514	110.941
1350.556	103.178
1351.523	95.073
1352.414	86.981
1353.228	79.217
1353.970	71.994
1354.646	65.490
1355.262	59.778
1355.826	54.920
1356.347	50.921
1356.832	47.778
1357.290	45.489
1357.728	44.035
1358.155	43.451
1358.579	43.740
1359.009	44.998
1359.455	47.286
1359.927	50.765
1360.437	55.580
1360.999	61.953
1361.628	70.096
1362.344	80.257
1363.166	92.615
1364.116	107.283
1365.217	124.171
1366.490	142.947
1367.949	162.862
1369.603	182.760
1371.444	201.090
1373.450	216.036
1375.581	225.915
1377.783	229.478
1379.991	226.304
1382.141	216.877
1384.177	202.482
1386.059	184.869
1387.762	165.834
1389.280	146.918
1390.619	129.229
1391.794	113.445
1392.824	99.831
1393.731	88.386
1394.536	78.952
1395.257	71.286
1395.911	65.113
1396.510	60.187
1397.067	56.302
1397.590	53.268
1398.088	50.974
1398.566	49.324
1399.031	48.273
1399.488	47.808
1399.944	47.939
1400.404	48.703
1400.873	50.169
1401.359	52.421
1401.870	55.524
1402.414	59.617
1403.002	64.752
1403.642	71.025
1404.347	78.462
1405.128	87.004
1405.995	96.545
1406.958	106.779
1408.022	117.327
1409.188	127.598
1410.452	136.896
1411.803	144.471
1413.220	149.579
1414.678	151.667
1416.147	150.419
1417.593	145.868
1418.986	138.366
1420.299	128.545
1421.513	117.161
1422.615	105.030
1423.599	92.869
1424.468	81.264
1425.228	70.619
1425.889	61.183
1426.463	53.071
1426.962	46.283
1427.399	40.792
1427.787	36.483
1428.136	33.273
1428.457	31.070
1428.759	29.765
1429.051	29.321
1429.342	29.656
1429.638	30.770
1429.949	32.617
1430.281	35.219
1430.641	38.556
1431.039	42.649
1431.480	47.468
1431.974	52.993
1432.527	59.161
1433.146	65.849
1433.836	72.891
1434.600	80.054
1435.439	87.019
1436.349	93.437
1437.325	98.922
1438.355	103.104
1439.425	105.663
1440.517	106.392
1441.611	105.233
1442.691	102.258
1443.734	97.710
1444.729	91.913
1445.661	85.270
1446.525	78.179
1447.316	71.007
1448.034	64.058
1448.683	57.565
1449.266	51.674
1449.792	46.466
1450.266	41.966
1450.696	38.160
1451.089	35.018
1451.452	32.474
1451.791	30.471
1452.110	28.952
1452.416	27.853
1452.713	27.128
1453.003	26.728
1453.291	26.623
1453.580	26.772
1453.873	27.160
1454.171	27.760
1454.478	28.561
1454.795	29.548
1455.125	30.705
1455.470	32.023
1455.831	33.488
1456.211	35.084
1456.610	36.788
1457.030	38.580
1457.473	40.427
1457.937	42.294
1458.425	44.148
1458.936	45.939
1459.468	47.630
1460.021	49.181
1460.594	50.547
1461.182	51.705
1461.786	52.637
1462.401	53.345
1463.025	53.845
1463.656	54.179
1464.292	54.404
1464.932	54.611
1465.575	54.906
1466.224	55.423
1466.882	56.323
1467.552	57.791
1468.243	60.065
1468.966	63.426
1469.732	68.196
1470.561	74.824
1471.475	83.804
1472.503	95.732
1473.682	111.286
1475.054	130.994
1476.667	155.206
1478.571	183.590
1480.799	214.645
1483.375	245.665
1486.270	272.288
1489.409	289.686
1492.674	294.008
1495.900	283.751
1498.942	260.713
1501.674	229.076
1504.031	193.842
1505.999	159.301
1507.598	128.275
1508.878	102.116
1509.895	81.008
1510.702	64.612
1511.348	52.231
1511.873	43.170
1512.311	36.833
1512.688	32.704
1513.028	30.450
1513.349	29.854
1513.668	30.829
1514.003	33.418
1514.370	37.787
1514.790	44.216
1515.287	53.123
1515.888	65.014
1516.628	80.463
1517.545	99.986
1518.685	123.874
1520.093	151.882
1521.808	182.868
1523.851	214.490
1526.216	243.172
1528.848	264.615
1531.658	274.921
1534.514	272.003
1537.282	256.377
1539.838	231.039
1542.102	200.330
1544.039	168.367
1545.650	138.384
1546.965	112.200
1548.029	90.402
1548.885	72.962
1549.578	59.295
1550.143	48.755
1550.609	40.707
1551.003	34.540
1551.338	29.825
1551.629	26.182
1551.888	23.344
1552.119	21.102
1552.330	19.312
1552.524	17.859
1552.705	16.668
1552.875	15.681
1553.036	14.856
1553.190	14.167
1553.337	13.591
1553.479	13.116
1553.617	12.735
1553.752	12.443
1553.885	12.244
1554.016	12.147
1554.148	12.164
1554.280	12.322
1554.416	12.655
1554.556	13.215
1554.703	14.082
1554.862	15.371
1555.038	17.248
1555.237	19.960
1555.470	23.873
1555.753	29.542
1556.106	37.779
1556.563	49.808
1557.172	67.472
1558.001	93.410
1559.155	131.392
1560.779	186.286
1563.068	263.439
1566.262	366.573
1570.609	493.305
1576.255	628.870
1583.129	744.927
1590.832	808.769
1598.713	803.491
1606.122	738.488
1612.618	639.928
1618.042	533.481
1622.442	434.486
1625.959	349.060
1628.742	278.119
1630.941	220.345
1632.672	173.998
1634.033	137.221
1635.106	108.311
1635.953	85.839
1636.625	68.443
1637.163	55.071
1637.598	44.836
1637.953	37.010
1638.249	31.032
1638.498	26.474
1638.713	22.991
1638.900	20.335
1639.067	18.305
1639.219	16.759
1639.358	15.584
1639.489	14.698
1639.613	14.038
1639.733	13.558
1639.849	13.218
1639.963	12.995
1640.076	12.868
1640.188	12.822
1640.301	12.845
1640.415	12.928
1640.530	13.063
1640.646	13.247
1640.765	13.475
1640.887	13.743
1641.012	14.050
1641.140	14.392
1641.272	14.769
1641.408	15.178
1641.549	15.617
1641.695	16.087
1641.845	16.583
1642.002	17.102
1642.163	17.647
1642.331	18.214
1642.505	18.795
1642.684	19.391
1642.872	20.002
1643.065	20.623
1643.265	21.244
1643.473	21.874
1643.687	22.497
1643.909	23.116
1644.137	23.734
1644.373	24.338
1644.616	24.935
1644.864	25.520
1645.122	26.100
1645.385	26.674
1645.654	27.252
1645.932	27.838
1646.216	28.451
1646.508	29.100
1646.807	29.815
1647.116	30.620
1647.434	31.556
1647.763	32.666
1648.106	34.009
1648.464	35.667
1648.843	37.730
1649.244	40.310
1649.677	43.569
1650.146	47.670
1650.663	52.827
1651.239	59.302
1651.888	67.347
1652.629	77.251
1653.482	89.242
1654.468	103.465
1655.611	119.860
1656.932	138.031
1658.447	157.195
1660.159	176.032
1662.060	192.830
1664.118	205.667
1666.285	212.805
1668.495	213.213
1670.676	206.895
1672.767	194.916
1674.713	179.235
1676.484	162.290
1678.079	146.499
1679.516	134.280
1680.838	127.997
1682.110	130.044
1683.422	143.563
1684.893	172.454
1686.683	221.345
1688.990	294.751
1692.049	394.425
1696.068	513.621
1701.157	633.006
1707.185	720.386
1713.725	744.391
1720.159	694.875
1725.888	590.380
1730.573	464.683
1734.157	346.826
1736.784	251.448
1738.669	181.229
1740.026	132.534
1741.021	100.071
1741.777	78.965
1742.381	65.552
1742.887	57.189
1743.334	52.162
1743.746	49.337
1744.138	47.952
1744.523	47.569
1744.906	47.850
1745.294	48.589
1745.690	49.645
1746.096	50.900
1746.513	52.264
1746.943	53.660
1747.386	55.024
1747.841	56.298
1748.308	57.421
1748.785	58.350
1749.271	59.038
1749.763	59.453
1750.260	59.569
1750.758	59.368
1751.255	58.844
1751.749	58.003
1752.236	56.857
1752.715	55.430
1753.182	53.751
1753.636	51.861
1754.075	49.793
1754.497	47.594
1754.902	45.307
1755.288	42.967
1755.655	40.617
1756.002	38.293
1756.331	36.019
1756.641	33.822
1756.933	31.724
1757.208	29.737
1757.467	27.872
1757.711	26.146
1757.940	24.561
1758.156	23.118
1758.361	21.828
1758.555	20.700
1758.740	19.735
1758.917	18.958
1759.089	18.391
1759.256	18.071
1759.422	18.059
1759.589	18.441
1759.761	19.347
1759.944	20.969
1760.144	23.590
1760.372	27.629
1760.643	33.688
1760.975	42.638
1761.403	55.748
1761.967	74.714
1762.725	101.803
1763.764	139.923
1765.190	192.022
1767.136	260.220
1769.747	344.167
1773.140	437.978
1777.349	528.300
1782.268	595.954
1787.617	622.618
1792.985	600.902
1797.983	538.806
1802.317	454.984
1805.889	368.523
1808.734	292.303
1810.966	231.675
1812.732	186.726
1814.156	155.077
1815.344	133.734
1816.376	120.033
1817.309	111.977
1818.185	108.192
1819.037	107.916
1819.893	110.761
1820.775	116.752
1821.711	126.103
1822.725	139.275
1823.849	156.745
1825.117	179.049
1826.566	206.414
1828.233	238.737
1830.155	275.095
1832.354	313.633
1834.838	351.332
1837.589	384.225
1840.555	408.015
1843.656	419.059
1846.789	415.370
1849.842	397.336
1852.718	367.553
1855.342	330.032
1857.670	289.242
1859.691	249.003
1861.419	212.078
1862.885	180.079
1864.127	153.581
1865.187	132.505
1866.104	116.385
1866.913	104.551
1867.642	96.311
1868.318	91.039
1868.962	88.122
1869.586	87.027
1870.207	87.386
1870.835	88.833
1871.471	90.977
1872.127	93.610
1872.805	96.482
1873.501	99.309
1874.220	101.944
1874.960	104.198
1875.714	105.868
1876.482	106.882
1877.256	107.120
1878.032	106.529
1878.804	105.106
1879.564	102.871
1880.309	99.873
1881.031	96.229
1881.729	92.039
1882.395	87.422
1883.027	82.533
1883.625	77.513
1884.188	72.446
1884.715	67.478
1885.204	62.723
1885.662	58.202
1886.088	54.018
1886.484	50.226
1886.853	46.821
1887.199	43.849
1887.523	41.326
1887.832	39.231
1888.125	37.589
1888.407	36.396
1888.683	35.627
1888.953	35.315
1889.223	35.424
1889.496	35.980
1889.774	36.971
1890.061	38.403
1890.361	40.284
1890.678	42.612
1891.014	45.382
1891.373	48.606
1891.761	52.266
1892.178	56.335
1892.628	60.773
1893.117	65.575
1893.645	70.618
1894.213	75.829
1894.827	81.136
1895.482	86.353
1896.179	91.351
1896.919	95.994
1897.694	100.077
1898.502	103.460
1899.338	106.030
1900.192	107.650
1901.059	108.281
1901.929	107.921
1902.797	106.608
1903.651	104.450
1904.489	101.612
1905.302	98.291
1906.090	94.719
1906.849	91.207
1907.581	88.061
1908.289	85.703
1908.981	84.633
1909.667	85.544
1910.366	89.400
1911.103	97.578
1911.916	112.118
1912.860	135.908
1914.016	173.047
1915.499	228.848
1917.463	309.415
1920.110	420.077
1923.664	561.387
1928.318	723.210
1934.141	879.567
1940.959	990.945
1948.304	1021.010
1955.532	958.822
1962.033	826.570
1967.436	664.642
1971.665	508.967
1974.842	379.508
1977.188	281.428
1978.920	211.478
1980.222	163.482
1981.235	131.276
1982.053	109.897
1982.743	95.693
1983.349	86.138
1983.897	79.532
1984.406	74.763
1984.888	71.102
1985.347	68.085
1985.788	65.419
1986.213	62.922
1986.623	60.489
1987.017	58.062
1987.397	55.611
1987.762	53.125
1988.111	50.608
1988.444	48.076
1988.762	45.539
1989.064	43.014
1989.349	40.524
1989.619	38.090
1989.873	35.713
1990.113	33.406
1990.337	31.203
1990.547	29.091
1990.744	27.073
1990.928	25.171
1991.099	23.380
1991.259	21.691
1991.408	20.115
1991.546	18.647
1991.675	17.276
1991.794	16.008
1991.905	14.840
1992.009	13.759
1992.106	12.763
1992.196	11.846
1992.280	11.007
1992.358	10.240
1992.431	9.535
1992.499	8.889
1992.563	8.302
1992.623	7.766
1992.680	7.274
1992.733	6.827
1992.782	6.421
1992.830	6.048
1992.875	5.709
1992.917	5.401
1992.958	5.118
1992.996	4.862
1993.032	4.626
1993.068	4.412
1993.101	4.216
1993.134	4.037
1993.164	3.873
1993.195	3.722
1993.223	3.583
1993.251	3.456
1993.278	3.339
1993.305	3.231
1993.330	3.131
1993.355	3.038
1993.379	2.952
1993.403	2.873
1993.426	2.798
1993.449	2.729
1993.471	2.664
1993.493	2.603
1993.514	2.546
1993.535	2.492
1993.556	2.441
1993.576	2.392
1993.596	2.346
1993.616	2.302
1993.635	2.261
1993.655	2.221
1993.674	2.182
1993.692	2.145
1993.710	2.110
1993.729	2.075
1993.747	2.042
1993.765	2.009
1993.782	1.978
1993.800	1.947
1993.817	1.917
1993.834	1.888
1993.851	1.859
1993.868	1.831
1993.884	1.804
1993.901	1.777
1993.917	1.750
1993.933	1.724
1993.948	1.699
1993.964	1.673
1993.980	1.648
1993.995	1.624
1994.011	1.599
1994.026	1.574
1994.040	1.551
1994.055	1.527
1994.070	1.504
1994.084	1.481
1994.098	1.458
1994.112	1.435
1994.126	1.412
1994.140	1.390
1994.154	1.368
1994.167	1.346
1994.181	1.325
1994.194	1.303
1994.207	1.282
1994.220	1.261
1994.233	1.239
1994.245	1.219
1994.258	1.198
1994.270	1.178
1994.282	1.158
1994.294	1.138
1994.306	1.118
1994.317	1.099
1994.329	1.079
1994.340	1.060
1994.352	1.041
1994.362	1.023
1994.374	1.004
1994.384	0.986
1994.395	0.968
1994.405	0.950
1994.416	0.932
1994.426	0.915
1994.436	0.897
1994.446	0.880
1994.456	0.863
1994.465	0.847
1994.475	0.830
1994.484	0.814
1994.493	0.798
1994.503	0.783
1994.512	0.767
1994.520	0.752
1994.529	0.737
1994.538	0.722
1994.546	0.707
1994.554	0.693
1994.562	0.679
1994.570	0.665
1994.578	0.651
1994.586	0.637
1994.594	0.624
1994.601	0.611
1994.609	0.598
1994.616	0.585
1994.623	0.573
1994.630	0.561
1994.637	0.549
1994.644	0.537
1994.651	0.525
1994.657	0.514
1994.664	0.503
1994.670	0.492
1994.676	0.481
1994.682	0.470
1994.689	0.460
1994.694	0.450
1994.700	0.440
1994.706	0.430
1994.712	0.420
1994.717	0.411
1994.723	0.402
1994.728	0.393
1994.733	0.384
1994.738	0.375
1994.744	0.367
1994.749	0.358
1994.753	0.350
1994.758	0.342
1994.763	0.334
1994.768	0.327
1994.772	0.319
1994.777	0.312
1994.781	0.305
1994.785	0.298
1994.789	0.291
1994.794	0.284
1994.798	0.277
1994.802	0.271
1994.806	0.265
1994.809	0.258
1994.813	0.252
1994.817	0.246
1994.821	0.241
1994.824	0.235
1994.828	0.230
1994.831	0.224
1994.834	0.219
1994.838	0.214
1994.841	0.209
1994.844	0.204
1994.847	0.199
1994.850	0.194
1994.853	0.190
1994.856	0.185
1994.859	0.181
1994.862	0.176
1994.865	0.172
1994.868	0.168
1994.870	0.164
1994.873	0.160
1994.876	0.156
1994.878	0.153
1994.881	0.149
1994.883	0.146
1994.885	0.142
1994.888	0.139
1994.890	0.135
1994.892	0.132
1994.895	0.129
1994.897	0.126
1994.899	0.123
1994.901	0.120
1994.903	0.117
1994.905	0.114
1994.907	0.112
1994.909	0.109
1994.911	0.106
1994.913	0.104
1994.915	0.101
1994.917	0.099
1994.918	0.096
1994.920	0.094
1994.922	0.092
1994.923	0.090
1994.925	0.087
