<j>	var(j)
1.639	0.627
2.788	0.443
3.576	0.462
4.634	0.436
5.562	0.382
6.522	0.775
8.429	0.950
9.300	0.541
10.030	0.843
11.396	2.049
13.342	2.490
14.789	2.272
15.902	1.705
16.720	1.328
17.441	1.172
18.162	1.063
18.914	1.110
19.784	1.063
20.602	0.905
21.395	1.044
22.441	1.489
23.727	1.552
24.850	1.725
26.191	2.807
27.875	2.606
29.024	1.981
29.961	2.145
31.009	2.543
32.216	3.349
33.723	5.177
35.707	6.653
37.582	5.038
38.751	3.500
39.584	3.605
40.519	4.824
41.795	6.348
43.338	6.529
44.729	5.051
45.730	3.465
46.425	2.425
46.945	1.823
47.376	1.480
47.768	1.281
48.151	1.211
48.567	1.418
49.151	2.363
50.262	4.665
52.152	5.793
53.784	3.582
54.703	2.899
55.583	4.139
56.906	6.391
58.705	7.785
60.518	7.831
62.142	7.809
63.638	7.449
64.967	6.562
66.088	5.524
67.020	4.696
67.828	4.397
68.622	5.017
69.581	6.928
70.924	9.736
72.673	11.011
74.389	8.842
75.620	5.674
76.393	3.760
76.934	3.013
77.406	2.889
77.897	3.084
78.459	3.463
79.122	3.996
79.917	4.869
80.916	6.667
82.300	9.957
84.227	12.870
86.317	11.130
87.833	6.680
88.690	4.057
89.248	3.556
89.797	4.349
90.524	6.094
91.571	8.403
92.964	10.049
94.492	9.722
95.850	8.059
96.933	6.584
97.824	5.765
98.625	5.366
99.389	5.165
100.144	5.174
100.924	5.689
101.818	7.261
102.995	10.333
104.629	13.939
106.613	14.874
108.456	12.119
109.827	8.998
110.834	7.436
111.691	6.945
112.513	6.726
113.318	6.443
114.099	6.193
114.866	6.270
115.667	6.918
116.576	8.165
117.659	9.694
118.919	10.910
120.282	11.472
121.659	11.756
123.031	12.261
124.427	12.689
125.819	12.134
127.089	10.275
128.126	7.916
128.919	6.121
129.551	5.543
130.164	6.860
130.992	11.831
132.488	24.045
135.356	43.533
139.573	51.536
143.375	36.889
145.658	21.556
146.931	14.108
147.778	10.923
148.451	9.289
149.038	8.230
149.572	7.457
150.069	6.900
150.544	6.560
151.009	6.471
151.485	6.679
151.994	7.235
152.563	8.162
153.225	9.406
154.002	10.760
154.897	11.816
155.876	12.089
156.863	11.324
157.776	9.753
158.556	7.952
159.198	6.455
159.732	5.532
160.209	5.242
160.685	5.568
161.216	6.502
161.860	8.023
162.674	9.966
163.685	11.846
164.863	12.883
166.099	12.564
167.262	11.255
168.285	9.964
169.199	9.595
170.107	10.642
171.146	13.217
172.442	16.774
174.036	19.675
175.791	20.027
177.456	18.014
178.888	16.048
180.157	16.272
181.466	19.355
183.028	24.588
184.943	29.625
187.100	31.149
189.189	27.833
190.931	21.799
192.238	15.879
193.177	11.338
193.852	8.200
194.349	6.123
194.732	4.799
195.043	4.018
195.315	3.653
195.575	3.645
195.848	4.000
196.163	4.807
196.560	6.276
197.102	8.814
197.886	13.057
199.061	19.605
200.784	27.860
203.072	34.348
205.613	34.535
207.911	28.852
209.697	22.206
211.033	17.811
212.112	15.875
213.090	15.445
214.052	15.516
215.020	15.336
215.972	14.508
216.867	13.032
217.667	11.215
218.358	9.464
218.948	8.131
219.468	7.510
219.967	8.014
220.529	10.579
221.316	17.517
222.669	33.816
225.240	65.675
229.712	104.409
235.473	112.076
240.401	81.317
243.491	49.141
245.257	30.235
246.336	20.439
247.074	15.110
247.630	11.963
248.080	9.992
248.465	8.727
248.809	7.927
249.129	7.463
249.439	7.265
249.749	7.296
250.069	7.536
250.408	7.970
250.775	8.579
251.180	9.335
251.631	10.182
252.131	11.041
252.682	11.805
253.279	12.357
253.909	12.600
254.557	12.496
255.204	12.100
255.836	11.560
256.447	11.102
257.043	11.004
257.647	11.568
258.299	13.131
259.057	16.032
260.000	20.492
261.209	26.273
262.735	32.188
264.537	36.030
266.457	35.809
268.265	31.558
269.792	25.348
270.986	19.430
271.896	14.947
272.603	12.072
273.186	10.584
273.714	10.239
274.241	10.886
274.819	12.448
275.496	14.848
276.314	17.876
277.302	21.044
278.453	23.547
279.717	24.501
281.000	23.446
282.196	20.700
283.232	17.154
284.083	13.702
284.764	10.869
285.311	8.798
285.764	7.414
286.155	6.579
286.514	6.169
286.860	6.108
287.215	6.375
287.597	7.034
288.033	8.291
288.564	10.638
289.269	15.120
290.302	23.614
291.925	38.273
294.456	57.736
297.915	71.019
301.608	65.277
304.579	46.134
306.513	28.592
307.682	18.253
308.443	13.556
309.033	12.111
309.582	12.532
310.170	14.293
310.858	17.397
311.709	22.149
312.802	28.947
314.225	37.861
316.049	47.896
318.268	56.354
320.741	59.635
323.199	55.927
325.376	46.997
327.129	36.538
328.457	27.397
329.446	20.661
330.196	16.280
330.797	13.826
331.321	12.894
331.823	13.219
332.352	14.674
332.954	17.212
333.671	20.775
334.545	25.162
335.604	29.873
336.849	34.043
338.245	36.607
339.712	36.768
341.150	34.482
342.469	30.510
343.618	25.963
344.589	21.774
345.405	18.456
346.103	16.183
346.724	14.972
347.311	14.854
347.907	15.977
348.564	18.681
349.350	23.488
350.352	30.941
351.674	41.086
353.405	52.496
355.541	61.555
357.922	63.767
360.249	57.416
362.236	45.474
363.750	32.819
364.822	22.622
365.558	15.645
366.074	11.343
366.456	8.895
366.765	7.630
367.039	7.111
367.302	7.081
367.571	7.407
367.860	8.030
368.180	8.929
368.543	10.105
368.962	11.558
369.448	13.266
370.013	15.164
370.664	17.135
371.402	19.001
372.223	20.563
373.108	21.667
374.038	22.282
374.991	22.553
375.955	22.778
376.929	23.321
377.931	24.476
378.987	26.346
380.126	28.746
381.363	31.197
382.691	33.060
384.076	33.846
385.469	33.558
386.830	32.803
388.148	32.581
389.456	33.881
390.821	37.320
392.324	42.820
394.031	49.315
395.953	54.734
398.013	56.742
400.066	54.204
401.953	48.089
403.579	40.775
404.935	34.570
406.083	30.887
407.121	30.335
408.158	33.089
409.306	39.021
410.667	47.439
412.306	56.600
414.215	63.547
416.287	65.130
418.325	60.016
420.133	49.813
421.588	37.849
422.672	26.974
423.439	18.526
423.966	12.587
424.328	8.670
424.582	6.184
424.767	4.645
424.910	3.712
425.028	3.164
425.131	2.871
425.228	2.764
425.323	2.817
425.424	3.038
425.536	3.468
425.667	4.186
425.831	5.324
426.045	7.081
426.337	9.742
426.748	13.677
427.333	19.272
428.162	26.713
429.304	35.560
430.797	44.263
432.594	50.273
434.551	51.455
436.469	47.986
438.196	42.552
439.703	38.578
441.074	38.692
442.475	44.599
444.115	57.459
446.223	77.368
448.981	101.308
452.401	121.205
456.198	127.029
459.872	115.564
462.990	93.620
465.393	70.686
467.158	52.075
468.443	38.729
469.400	29.648
470.137	23.548
470.730	19.420
471.225	16.590
471.654	14.631
472.039	13.279
472.393	12.374
472.729	11.820
473.055	11.566
473.379	11.596
473.709	11.922
474.054	12.591
474.425	13.691
474.836	15.368
475.304	17.839
475.856	21.425
476.529	26.557
477.371	33.752
478.446	43.479
479.828	55.852
481.581	70.079
483.729	83.972
486.214	94.195
488.886	97.792
491.539	94.134
493.991	85.323
496.145	74.563
497.986	64.301
499.553	55.596
500.898	48.495
502.067	42.628
503.094	37.595
503.999	33.121
504.798	29.063
505.502	25.378
506.119	22.063
506.658	19.130
507.130	16.582
507.543	14.408
507.905	12.587
508.226	11.084
508.512	9.865
508.770	8.893
509.006	8.132
509.225	7.549
509.433	7.118
509.631	6.815
509.825	6.620
510.016	6.515
510.207	6.491
510.400	6.539
510.599	6.654
510.804	6.841
511.018	7.112
511.245	7.496
511.488	8.051
511.754	8.891
512.053	10.233
512.406	12.509
512.850	16.584
513.455	24.186
514.361	38.676
515.832	65.871
518.313	112.872
522.362	178.750
528.166	236.549
534.846	243.865
540.833	199.776
545.267	144.406
548.306	103.447
550.441	78.439
552.054	63.530
553.362	53.953
554.475	47.052
555.447	41.524
556.307	36.759
557.070	32.484
557.746	28.588
558.345	25.038
558.872	21.830
559.334	18.970
559.739	16.458
560.094	14.284
560.404	12.431
560.678	10.874
560.920	9.581
561.136	8.522
561.331	7.666
561.509	6.985
561.674	6.457
561.828	6.059
561.976	5.779
562.119	5.604
562.260	5.529
562.401	5.553
562.545	5.680
562.696	5.921
562.855	6.291
563.027	6.817
563.217	7.531
563.431	8.480
563.675	9.724
563.960	11.344
564.297	13.442
564.703	16.144
565.195	19.601
565.799	23.977
566.542	29.414
567.457	35.962
568.574	43.475
569.913	51.476
571.478	59.083
573.239	65.131
575.135	68.549
577.080	68.881
578.986	66.574
580.790	62.782
582.466	58.839
584.021	55.772
585.488	54.074
586.907	53.759
588.314	54.554
589.737	56.159
591.195	58.507
592.705	61.979
594.297	67.501
596.024	76.414
597.970	90.023
600.237	108.670
602.920	130.415
606.035	150.155
609.466	160.905
612.962	157.847
616.225	141.974
619.037	119.176
621.325	95.915
623.131	76.105
624.551	60.875
625.685	49.762
626.614	41.789
627.399	36.021
628.081	31.745
628.686	28.465
629.233	25.852
629.734	23.689
630.196	21.833
630.626	20.191
631.026	18.702
631.401	17.325
631.750	16.039
632.077	14.830
632.382	13.693
632.666	12.628
632.930	11.636
633.176	10.720
633.406	9.883
633.619	9.127
633.819	8.456
634.006	7.873
634.182	7.382
634.350	6.987
634.510	6.700
634.667	6.537
634.822	6.526
634.980	6.715
635.145	7.179
635.325	8.038
635.531	9.486
635.780	11.826
636.098	15.522
636.523	21.259
637.113	29.961
637.953	42.691
639.150	60.189
640.819	81.840
643.033	104.264
645.747	120.947
648.741	125.120
651.678	114.939
654.250	95.325
656.307	73.918
657.871	56.161
659.054	43.983
659.989	37.074
660.792	34.354
661.552	34.761
662.334	37.461
663.186	41.787
664.142	47.101
665.219	52.679
666.417	57.673
667.718	61.216
669.083	62.629
670.463	61.669
671.804	58.662
673.067	54.439
674.231	50.097
675.300	46.729
676.302	45.239
677.281	46.270
678.293	50.141
679.399	56.813
680.658	65.712
682.109	75.559
683.759	84.342
685.570	89.698
687.453	89.753
689.294	84.006
690.978	73.617
692.426	60.810
693.604	47.852
694.523	36.333
695.218	26.985
695.735	19.884
696.119	14.757
696.407	11.213
696.629	8.872
696.808	7.426
696.961	6.654
697.102	6.411
697.241	6.627
697.388	7.290
697.554	8.456
697.750	10.248
697.992	12.877
698.302	16.671
698.708	22.104
699.253	29.830
699.995	40.665
701.008	55.460
702.387	74.745
704.222	98.041
706.576	123.091
709.438	145.833
712.694	162.161
716.160	170.991
719.670	175.807
723.161	182.568
726.689	195.554
730.369	214.002
734.266	231.316
738.311	237.825
742.283	226.596
745.899	198.324
748.941	160.559
751.328	122.330
753.112	89.648
754.405	64.624
755.334	46.784
756.009	34.629
756.514	26.563
756.905	21.272
757.222	17.801
757.491	15.496
757.729	13.929
757.945	12.823
758.146	12.003
758.337	11.361
758.520	10.830
758.695	10.370
758.865	9.955
759.029	9.571
759.189	9.209
759.345	8.867
759.495	8.542
759.642	8.232
759.785	7.940
759.925	7.665
760.061	7.410
760.193	7.176
760.323	6.964
760.451	6.777
760.576	6.616
760.699	6.483
760.822	6.381
760.944	6.311
761.066	6.279
761.188	6.284
761.313	6.331
761.440	6.426
761.570	6.571
761.704	6.774
761.845	7.040
761.993	7.378
762.150	7.797
762.318	8.306
762.498	8.917
762.695	9.643
762.909	10.499
763.146	11.498
763.407	12.652
763.698	13.977
764.022	15.479
764.385	17.162
764.789	19.017
765.241	21.026
765.742	23.155
766.298	25.349
766.908	27.544
767.572	29.655
768.288	31.599
769.052	33.305
769.857	34.725
770.695	35.849
771.561	36.720
772.446	37.433
773.350	38.117
774.271	38.927
775.212	40.019
776.183	41.506
777.191	43.426
778.247	45.715
779.358	48.176
780.526	50.469
781.742	52.169
782.990	52.845
784.242	52.174
785.467	50.079
786.630	46.751
787.707	42.623
788.685	38.267
789.560	34.310
790.349	31.391
791.078	30.232
791.795	31.854
792.573	37.920
793.529	51.266
794.856	76.357
796.846	118.576
799.883	179.816
804.270	248.033
809.856	291.068
815.790	279.185
820.957	220.686
824.750	151.261
827.237	96.114
828.787	60.208
829.758	39.059
830.396	27.257
830.851	21.109
831.213	18.640
831.544	19.145
831.897	22.918
832.334	31.252
832.945	46.647
833.872	73.077
835.330	115.665
837.615	178.188
841.037	256.540
845.725	329.920
851.350	363.908
857.078	337.248
862.002	265.457
865.656	184.169
868.099	118.102
869.635	73.358
870.585	46.031
871.185	30.280
871.586	21.476
871.876	16.629
872.104	13.987
872.301	12.574
872.480	11.866
872.652	11.584
872.822	11.597
872.994	11.843
873.172	12.306
873.359	12.995
873.559	13.943
873.775	15.194
874.013	16.813
874.279	18.872
874.581	21.462
874.927	24.681
875.329	28.632
875.799	33.401
876.350	39.045
876.996	45.548
877.753	52.786
878.630	60.484
879.633	68.171
880.760	75.220
881.995	80.898
883.312	84.497
884.677	85.550
886.045	83.947
887.374	80.013
888.631	74.436
889.794	68.117
890.854	61.985
891.818	56.876
892.706	53.461
893.546	52.292
894.376	53.813
895.239	58.422
896.187	66.484
897.272	78.225
898.553	93.562
900.082	111.842
901.893	131.498
903.995	149.978
906.347	164.062
908.863	170.839
911.420	168.871
913.888	158.867
916.160	143.389
918.176	125.642
919.919	108.400
921.412	93.406
922.695	81.366
923.812	72.240
924.807	65.636
925.716	61.014
926.563	57.833
927.370	55.663
928.150	54.146
928.911	53.015
929.659	52.091
930.396	51.253
931.122	50.417
931.838	49.548
932.545	48.632
933.239	47.668
933.921	46.666
934.592	45.653
935.249	44.634
935.894	43.637
936.527	42.678
937.147	41.763
937.757	40.906
938.357	40.118
938.947	39.402
939.529	38.768
940.104	38.230
940.674	37.793
941.240	37.483
941.804	37.328
942.368	37.355
942.936	37.622
943.510	38.201
944.097	39.185
944.703	40.717
945.335	42.997
946.008	46.298
946.738	51.017
947.547	57.699
948.468	67.070
949.544	80.078
950.833	97.820
952.406	121.356
954.348	151.231
956.740	186.654
959.637	224.473
963.031	258.670
966.813	281.520
970.777	286.742
974.661	272.873
978.227	244.130
981.321	207.882
983.896	171.031
985.979	138.090
987.645	110.937
988.977	89.687
990.053	73.677
990.941	61.920
991.690	53.557
992.343	47.856
992.931	44.235
993.479	42.295
994.008	41.736
994.535	42.338
995.074	43.939
995.637	46.426
996.235	49.698
996.879	53.666
997.578	58.235
998.337	63.293
999.165	68.707
1000.064	74.306
1001.037	79.906
1002.081	85.302
1003.194	90.284
1004.368	94.662
1005.596	98.285
1006.866	101.051
1008.167	102.934
1009.485	103.969
1010.812	104.226
1012.137	103.839
1013.451	102.939
1014.750	101.662
1016.029	100.124
1017.285	98.418
1018.516	96.632
1019.723	94.806
1020.905	92.986
1022.062	91.213
1023.195	89.483
1024.306	87.824
1025.396	86.217
1026.464	84.655
1027.513	83.129
1028.542	81.577
1029.552	79.988
1030.542	78.323
1031.511	76.541
1032.457	74.643
1033.381	72.628
1034.280	70.531
1035.153	68.420
1036.001	66.374
1036.825	64.547
1037.628	63.075
1038.415	62.184
1039.193	62.118
1039.974	63.162
1040.771	65.690
1041.605	70.096
1042.501	76.840
1043.486	86.405
1044.599	99.170
1045.877	115.379
1047.362	134.745
1049.088	156.399
1051.074	178.508
1053.311	198.304
1055.758	212.605
1058.332	218.512
1060.926	214.536
1063.421	201.150
1065.718	180.640
1067.748	156.247
1069.482	131.095
1070.923	107.566
1072.100	86.984
1073.049	69.848
1073.811	56.055
1074.424	45.209
1074.921	36.807
1075.328	30.344
1075.665	25.391
1075.950	21.587
1076.194	18.657
1076.407	16.384
1076.595	14.611
1076.765	13.215
1076.919	12.114
1077.062	11.236
1077.197	10.540
1077.323	9.981
1077.444	9.540
1077.561	9.192
1077.674	8.923
1077.785	8.721
1077.895	8.576
1078.003	8.480
1078.111	8.429
1078.219	8.418
1078.328	8.442
1078.439	8.501
1078.551	8.591
1078.665	8.712
1078.781	8.865
1078.901	9.049
1079.024	9.267
1079.151	9.519
1079.283	9.810
1079.420	10.144
1079.562	10.525
1079.711	10.961
1079.867	11.459
1080.032	12.030
1080.206	12.683
1080.392	13.434
1080.590	14.294
1080.802	15.284
1081.030	16.417
1081.278	17.717
1081.547	19.200
1081.840	20.885
1082.161	22.791
1082.515	24.927
1082.903	27.299
1083.330	29.908
1083.801	32.748
1084.318	35.807
1084.886	39.086
1085.508	42.609
1086.187	46.469
1086.931	50.885
1087.747	56.296
1088.655	63.498
1089.684	73.822
1090.888	89.344
1092.356	112.951
1094.216	148.084
1096.645	197.360
1099.833	259.565
1103.902	325.367
1108.782	375.906
1114.119	390.684
1119.348	362.491
1123.946	303.700
1127.637	235.973
1130.423	175.857
1132.467	130.031
1133.971	98.141
1135.110	77.079
1136.012	63.496
1136.761	54.742
1137.414	48.987
1138.003	45.033
1138.548	42.157
1139.062	39.902
1139.550	38.022
1140.018	36.351
1140.468	34.821
1140.900	33.376
1141.316	32.000
1141.717	30.685
1142.104	29.430
1142.476	28.244
1142.835	27.133
1143.182	26.112
1143.518	25.193
1143.843	24.392
1144.161	23.729
1144.471	23.222
1144.777	22.890
1145.081	22.762
1145.385	22.860
1145.693	23.216
1146.009	23.858
1146.335	24.818
1146.677	26.129
1147.040	27.821
1147.430	29.919
1147.851	32.445
1148.311	35.400
1148.815	38.777
1149.370	42.525
1149.981	46.592
1150.651	50.864
1151.384	55.209
1152.180	59.474
1153.037	63.482
1153.950	67.081
1154.914	70.148
1155.919	72.617
1156.958	74.508
1158.021	75.898
1159.101	76.941
1160.194	77.810
1161.299	78.687
1162.415	79.686
1163.544	80.874
1164.689	82.209
1165.851	83.564
1167.031	84.760
1168.224	85.563
1169.425	85.792
1170.625	85.321
1171.814	84.162
1172.983	82.445
1174.125	80.465
1175.238	78.601
1176.325	77.346
1177.396	77.215
1178.469	78.776
1179.567	82.592
1180.726	89.270
1181.983	99.360
1183.387	113.384
1184.988	131.614
1186.843	153.916
1188.992	179.320
1191.467	205.792
1194.256	230.110
1197.310	248.353
1200.524	256.987
1203.765	254.131
1206.887	240.467
1209.773	218.739
1212.346	192.844
1214.578	166.343
1216.483	141.899
1218.096	120.961
1219.467	104.105
1220.647	91.294
1221.686	82.241
1222.626	76.568
1223.508	73.916
1224.365	74.010
1225.231	76.651
1226.132	81.669
1227.098	88.967
1228.152	98.345
1229.321	109.579
1230.619	122.181
1232.066	135.553
1233.658	148.696
1235.396	160.562
1237.252	169.871
1239.197	175.607
1241.183	177.014
1243.164	173.948
1245.086	166.795
1246.911	156.464
1248.606	144.073
1250.156	130.803
1251.555	117.639
1252.808	105.321
1253.928	94.299
1254.931	84.783
1255.833	76.808
1256.653	70.303
1257.405	65.107
1258.105	61.068
1258.764	57.994
1259.393	55.727
1260.000	54.106
1260.592	53.001
1261.174	52.279
1261.751	51.844
1262.325	51.589
1262.898	51.440
1263.472	51.318
1264.045	51.170
1264.619	50.942
1265.192	50.606
1265.762	50.126
1266.328	49.507
1266.889	48.741
1267.442	47.855
1267.987	46.874
1268.522	45.854
1269.047	44.853
1269.562	43.960
1270.069	43.275
1270.571	42.936
1271.071	43.117
1271.576	44.038
1272.096	45.990
1272.644	49.350
1273.236	54.605
1273.898	62.376
1274.659	73.407
1275.561	88.556
1276.653	108.647
1277.995	134.299
1279.648	165.399
1281.668	200.717
1284.089	237.259
1286.900	270.289
1290.034	294.233
1293.359	304.448
1296.712	299.287
1299.925	280.882
1302.875	254.145
1305.496	224.737
1307.785	197.176
1309.776	174.169
1311.529	156.610
1313.103	144.265
1314.555	136.253
1315.927	131.502
1317.253	128.966
1318.553	127.730
1319.839	127.075
1321.116	126.414
1322.384	125.382
1323.639	123.699
1324.873	121.279
1326.080	118.066
1327.252	114.145
1328.383	109.606
1329.466	104.609
1330.499	99.275
1331.477	93.788
1332.402	88.243
1333.271	82.786
1334.088	77.488
1334.852	72.431
1335.568	67.669
1336.239	63.235
1336.866	59.168
1337.455	55.478
1338.008	52.191
1338.532	49.312
1339.027	46.868
1339.502	44.871
1339.957	43.355
1340.400	42.361
1340.834	41.940
1341.268	42.173
1341.706	43.155
1342.158	45.022
1342.633	47.936
1343.142	52.104
1343.699	57.771
1344.321	65.212
1345.026	74.715
1345.838	86.537
1346.780	100.840
1347.878	117.596
1349.157	136.450
1350.635	156.598
1352.321	176.716
1354.206	194.972
1356.264	209.271
1358.444	217.686
1360.681	218.926
1362.899	212.750
1365.024	200.074
1366.997	182.620
1368.780	162.589
1370.353	141.960
1371.718	122.368
1372.891	104.747
1373.893	89.662
1374.752	77.124
1375.492	66.998
1376.137	58.973
1376.708	52.697
1377.222	47.853
1377.690	44.118
1378.124	41.265
1378.534	39.071
1378.923	37.385
1379.298	36.080
1379.662	35.062
1380.017	34.267
1380.366	33.648
1380.710	33.170
1381.052	32.821
1381.391	32.589
1381.729	32.481
1382.069	32.495
1382.409	32.653
1382.754	32.970
1383.103	33.468
1383.460	34.170
1383.826	35.103
1384.204	36.299
1384.596	37.769
1385.008	39.561
1385.440	41.675
1385.898	44.142
1386.385	46.952
1386.905	50.115
1387.462	53.593
1388.060	57.365
1388.701	61.359
1389.389	65.497
1390.124	69.696
1390.906	73.823
1391.735	77.780
1392.608	81.445
1393.522	84.735
1394.472	87.596
1395.453	90.003
1396.458	92.013
1397.486	93.702
1398.532	95.227
1399.593	96.781
1400.673	98.562
1401.771	100.819
1402.895	103.736
1404.052	107.534
1405.251	112.329
1406.504	118.230
1407.821	125.237
1409.215	133.293
1410.695	142.230
1412.269	151.795
1413.942	161.642
1415.712	171.372
1417.579	180.555
1419.528	188.776
1421.551	195.666
1423.630	200.923
1425.745	204.385
1427.877	205.879
1430.003	205.418
1432.107	202.927
1434.166	198.492
1436.163	192.128
1438.081	183.963
1439.902	174.198
1441.615	163.058
1443.208	150.897
1444.674	138.079
1446.009	125.007
1447.213	112.063
1448.289	99.578
1449.245	87.807
1450.085	76.947
1450.822	67.126
1451.467	58.356
1452.027	50.679
1452.515	44.044
1452.941	38.392
1453.314	33.679
1453.643	29.814
1453.935	26.783
1454.201	24.534
1454.446	23.096
1454.679	22.504
1454.909	22.879
1455.146	24.408
1455.402	27.396
1455.694	32.300
1456.042	39.776
1456.477	50.750
1457.036	66.481
1457.773	88.568
1458.759	118.903
1460.081	159.316
1461.845	210.917
1464.158	272.811
1467.103	340.512
1470.697	404.858
1474.850	453.317
1479.350	474.233
1483.897	462.633
1488.186	423.057
1491.995	366.951
1495.223	306.805
1497.878	251.707
1500.034	206.067
1501.790	170.630
1503.243	144.156
1504.473	124.718
1505.540	110.429
1506.488	99.775
1507.348	91.565
1508.139	84.997
1508.875	79.532
1509.567	74.788
1510.218	70.559
1510.834	66.671
1511.418	63.050
1511.971	59.625
1512.495	56.363
1512.992	53.241
1513.464	50.239
1513.909	47.350
1514.331	44.567
1514.729	41.886
1515.103	39.311
1515.457	36.833
1515.789	34.467
1516.101	32.207
1516.394	30.054
1516.667	28.022
1516.924	26.098
1517.164	24.297
1517.389	22.607
1517.598	21.039
1517.794	19.588
1517.978	18.251
1518.150	17.022
1518.311	15.909
1518.462	14.902
1518.605	13.993
1518.739	13.192
1518.867	12.487
1518.989	11.879
1519.105	11.374
1519.217	10.966
1519.326	10.671
1519.433	10.495
1519.538	10.465
1519.645	10.609
1519.754	10.987
1519.867	11.676
1519.990	12.811
1520.125	14.594
1520.282	17.341
1520.471	21.557
1520.709	28.026
1521.023	37.984
1521.453	53.329
1522.063	76.938
1522.949	112.962
1524.252	166.843
1526.169	244.540
1528.947	349.671
1532.836	477.735
1537.977	608.658
1544.236	706.095
1551.118	733.213
1557.868	678.813
1563.804	566.907
1568.557	437.311
1572.116	320.792
1574.682	230.256
1576.508	165.798
1577.822	122.068
1578.793	93.026
1579.538	73.768
1580.134	60.836
1580.630	51.937
1581.057	45.634
1581.435	41.047
1581.777	37.629
1582.093	35.051
1582.389	33.122
1582.671	31.723
1582.942	30.791
1583.207	30.293
1583.470	30.214
1583.733	30.563
1584.002	31.361
1584.279	32.644
1584.569	34.452
1584.877	36.841
1585.209	39.880
1585.570	43.643
1585.968	48.207
1586.409	53.660
1586.902	60.073
1587.457	67.502
1588.081	75.974
1588.785	85.464
1589.578	95.882
1590.469	107.045
1591.463	118.643
1592.560	130.258
1593.764	141.371
1595.065	151.358
1596.450	159.617
1597.905	165.552
1599.403	168.745
1600.921	168.987
1602.434	166.290
1603.910	160.974
1605.334	153.475
1606.684	144.413
1607.948	134.399
1609.122	124.013
1610.203	113.750
1611.193	103.960
1612.097	94.910
1612.923	86.740
1613.679	79.525
1614.374	73.284
1615.016	68.022
1615.614	63.736
1616.176	60.456
1616.713	58.242
1617.233	57.208
1617.746	57.565
1618.268	59.592
1618.812	63.707
1619.397	70.488
1620.052	80.608
1620.806	94.986
1621.699	114.586
1622.781	140.348
1624.108	173.043
1625.740	212.620
1627.732	257.786
1630.127	305.539
1632.922	350.419
1636.073	385.782
1639.467	404.908
1642.954	403.576
1646.348	381.778
1649.488	343.718
1652.266	296.111
1654.618	246.046
1656.551	198.825
1658.101	157.580
1659.321	123.619
1660.278	96.652
1661.026	75.898
1661.616	60.203
1662.085	48.489
1662.466	39.798
1662.780	33.363
1663.046	28.583
1663.275	25.009
1663.477	22.315
1663.659	20.256
1663.825	18.660
1663.979	17.405
1664.123	16.401
1664.261	15.587
1664.392	14.921
1664.518	14.367
1664.640	13.905
1664.759	13.520
1664.875	13.200
1664.990	12.935
1665.102	12.718
1665.214	12.546
1665.324	12.413
1665.433	12.317
1665.543	12.255
1665.652	12.223
1665.762	12.222
1665.873	12.248
1665.984	12.298
1666.096	12.373
1666.210	12.469
1666.324	12.586
1666.441	12.722
1666.560	12.875
1666.681	13.042
1666.803	13.223
1666.928	13.419
1667.056	13.625
1667.186	13.838
1667.318	14.061
1667.455	14.293
1667.593	14.526
1667.734	14.767
1667.879	15.016
1668.026	15.264
1668.177	15.525
1668.331	15.795
1668.489	16.081
1668.650	16.392
1668.815	16.742
1668.985	17.153
1669.159	17.656
1669.340	18.300
1669.529	19.165
1669.727	20.356
1669.941	22.054
1670.174	24.519
1670.436	28.154
1670.740	33.573
1671.108	41.702
1671.570	53.920
1672.174	72.243
1672.991	99.481
1674.122	139.270
1675.705	195.637
1677.915	271.596
1680.939	366.079
1684.922	469.746
1689.864	562.265
1695.538	617.187
1701.478	615.499
1707.130	559.115
1712.055	469.341
1716.057	372.709
1719.168	288.007
1721.543	222.930
1723.377	177.409
1724.843	148.026
1726.076	130.705
1727.175	122.001
1728.211	119.404
1729.232	121.131
1730.274	126.046
1731.362	133.352
1732.514	142.454
1733.746	152.920
1735.066	164.178
1736.481	175.744
1737.990	187.012
1739.590	197.335
1741.267	206.045
1743.010	212.610
1744.796	216.583
1746.603	217.766
1748.409	216.229
1750.189	212.203
1751.926	206.209
1753.605	198.803
1755.215	190.534
1756.753	182.006
1758.218	173.616
1759.611	165.618
1760.937	158.242
1762.204	151.485
1763.413	145.305
1764.575	139.641
1765.689	134.355
1766.761	129.333
1767.794	124.518
1768.786	119.818
1769.741	115.229
1770.661	110.782
1771.544	106.538
1772.395	102.574
1773.215	99.028
1774.007	96.008
1774.777	93.672
1775.531	92.160
1776.274	91.608
1777.015	92.181
1777.763	93.995
1778.529	97.188
1779.324	101.862
1780.160	108.065
1781.048	115.817
1782.004	125.107
1783.036	135.736
1784.156	147.447
1785.373	159.877
1786.688	172.439
1788.101	184.481
1789.610	195.318
1791.198	204.176
1792.847	210.462
1794.540	213.771
1796.245	213.979
1797.943	211.259
1799.609	206.152
1801.226	199.383
1802.783	191.876
1804.278	184.593
1805.711	178.505
1807.097	174.511
1808.453	173.495
1809.802	176.235
1811.177	183.576
1812.612	196.270
1814.149	215.171
1815.836	240.938
1817.724	274.055
1819.865	314.494
1822.309	361.200
1825.092	411.954
1828.229	462.848
1831.704	508.474
1835.456	542.863
1839.388	560.728
1843.369	558.941
1847.257	537.687
1850.930	500.331
1854.287	452.170
1857.278	399.077
1859.888	346.020
1862.130	296.512
1864.038	252.475
1865.656	214.626
1867.029	182.788
1868.196	156.381
1869.195	134.615
1870.057	116.698
1870.805	101.896
1871.460	89.596
1872.037	79.307
1872.549	70.611
1873.007	63.200
1873.418	56.846
1873.789	51.342
1874.125	46.551
1874.431	42.376
1874.710	38.705
1874.967	35.472
1875.203	32.643
1875.421	30.145
1875.623	27.946
1875.811	26.028
1875.987	24.344
1876.153	22.873
1876.308	21.604
1876.457	20.508
1876.598	19.575
1876.733	18.794
1876.865	18.141
1876.991	17.607
1877.115	17.186
1877.236	16.872
1877.357	16.651
1877.475	16.512
1877.593	16.459
1877.712	16.488
1877.832	16.580
1877.952	16.743
1878.075	16.979
1878.199	17.269
1878.327	17.623
1878.458	18.047
1878.592	18.523
1878.731	19.068
1878.874	19.675
1879.023	20.352
1879.178	21.104
1879.338	21.931
1879.507	22.850
1879.682	23.866
1879.866	24.991
1880.061	26.250
1880.265	27.661
1880.482	29.242
1880.712	31.045
1880.957	33.098
1881.219	35.455
1881.502	38.183
1881.808	41.360
1882.141	45.068
1882.505	49.427
1882.906	54.557
1883.350	60.596
1883.846	67.711
1884.401	76.051
1885.027	85.765
1885.734	96.992
1886.536	109.790
1887.443	124.135
1888.469	139.871
1889.624	156.626
1890.912	173.825
1892.337	190.666
1893.895	206.117
1895.565	218.995
1897.326	228.202
1899.152	232.839
1900.996	232.314
1902.818	226.587
1904.585	216.118
1906.255	201.790
1907.802	184.766
1909.213	166.204
1910.474	147.302
1911.587	128.938
1912.561	111.776
1913.403	96.251
1914.128	82.534
1914.750	70.675
1915.284	60.586
1915.743	52.119
1916.139	45.098
1916.484	39.330
1916.785	34.639
1917.052	30.851
1917.291	27.827
1917.508	25.429
1917.708	23.561
1917.894	22.124
1918.070	21.049
1918.239	20.277
1918.402	19.753
1918.562	19.446
1918.721	19.318
1918.879	19.346
1919.039	19.512
1919.200	19.797
1919.366	20.194
1919.534	20.691
1919.709	21.286
1919.889	21.971
1920.075	22.751
1920.270	23.625
1920.472	24.594
1920.684	25.673
1920.906	26.867
1921.139	28.194
1921.385	29.677
1921.645	31.345
1921.920	33.237
1922.214	35.416
1922.528	37.959
1922.867	40.979
1923.234	44.639
1923.636	49.176
1924.082	54.928
1924.582	62.409
1925.154	72.371
1925.822	85.926
1926.621	104.720
1927.601	131.100
1928.833	168.281
1930.420	220.394
1932.496	291.926
1935.230	386.239
1938.800	502.423
1943.349	630.781
1948.893	749.635
1955.234	828.759
1961.947	842.583
1968.477	785.513
1974.319	675.983
1979.174	544.438
1982.983	417.408
1985.850	309.803
1987.953	225.922
1989.478	163.788
1990.582	119.088
1991.386	87.401
1991.978	65.049
1992.420	49.248
1992.757	37.989
1993.019	29.868
1993.226	23.955
1993.393	19.595
1993.531	16.335
1993.647	13.856
1993.746	11.957
1993.832	10.486
1993.908	9.321
1993.976	8.398
1994.037	7.657
1994.094	7.050
1994.147	6.554
1994.195	6.140
1994.242	5.793
1994.285	5.498
1994.327	5.244
1994.367	5.025
1994.406	4.831
1994.443	4.661
1994.479	4.508
1994.515	4.371
1994.548	4.245
1994.582	4.130
1994.615	4.023
1994.647	3.925
1994.678	3.832
1994.709	3.745
1994.739	3.662
1994.768	3.583
1994.798	3.509
1994.826	3.437
1994.854	3.368
1994.882	3.302
1994.909	3.237
1994.936	3.176
1994.963	3.116
1994.989	3.058
1995.015	3.002
1995.040	2.947
1995.065	2.894
1995.090	2.842
1995.115	2.792
1995.139	2.743
1995.162	2.695
1995.186	2.648
1995.209	2.603
1995.232	2.558
1995.255	2.515
1995.277	2.472
1995.299	2.431
1995.321	2.390
1995.342	2.350
1995.364	2.311
1995.385	2.273
1995.405	2.236
1995.426	2.200
1995.446	2.164
1995.466	2.129
1995.486	2.095
1995.505	2.061
1995.525	2.029
1995.543	1.997
1995.563	1.965
1995.582	1.934
1995.600	1.904
1995.618	1.874
1995.636	1.845
1995.654	1.816
1995.672	1.788
1995.689	1.760
1995.707	1.734
1995.724	1.707
1995.741	1.681
1995.757	1.655
1995.774	1.630
1995.791	1.605
1995.807	1.581
1995.823	1.557
1995.839	1.533
1995.854	1.510
1995.870	1.487
1995.885	1.464
1995.901	1.442
1995.916	1.421
1995.931	1.399
1995.946	1.378
1995.960	1.357
1995.975	1.336
1995.989	1.316
1996.003	1.296
1996.017	1.276
1996.031	1.257
1996.045	1.238
1996.058	1.219
1996.072	1.200
1996.085	1.182
1996.098	1.164
1996.111	1.146
1996.124	1.128
1996.137	1.110
1996.149	1.093
1996.162	1.076
1996.174	1.059
1996.186	1.043
1996.198	1.026
1996.210	1.010
1996.222	0.994
1996.234	0.978
1996.245	0.962
1996.257	0.947
1996.268	0.931
1996.279	0.916
1996.290	0.901
1996.301	0.887
1996.312	0.872
1996.323	0.858
1996.333	0.844
1996.344	0.829
1996.354	0.816
1996.364	0.802
1996.374	0.788
1996.384	0.775
1996.394	0.762
1996.403	0.749
1996.413	0.736
1996.422	0.723
1996.432	0.711
1996.441	0.699
1996.450	0.686
1996.459	0.674
1996.468	0.662
1996.477	0.651
1996.485	0.639
1996.494	0.628
1996.502	0.616
1996.510	0.605
1996.519	0.594
1996.527	0.584
1996.535	0.573
1996.543	0.563
1996.550	0.552
1996.558	0.542
1996.565	0.532
1996.573	0.522
1996.580	0.512
1996.588	0.503
1996.595	0.493
1996.602	0.484
1996.609	0.475
1996.616	0.466
1996.622	0.457
1996.629	0.448
1996.635	0.439
1996.642	0.431
1996.648	0.422
1996.655	0.414
1996.661	0.406
1996.667	0.398
1996.673	0.390
1996.679	0.383
1996.685	0.375
1996.690	0.367
1996.696	0.360
1996.702	0.353
1996.707	0.346
1996.713	0.339
1996.718	0.332
1996.723	0.325
1996.728	0.319
1996.733	0.312
1996.738	0.306
1996.743	0.299
1996.748	0.293
1996.753	0.287
1996.758	0.281
1996.762	0.275
1996.767	0.270
1996.771	0.264
1996.776	0.258
1996.780	0.253
1996.784	0.248
1996.788	0.242
1996.792	0.237
1996.797	0.232
1996.801	0.227
1996.804	0.222
1996.808	0.218
1996.812	0.213
1996.816	0.208
1996.819	0.204
1996.823	0.199
1996.827	0.195
1996.830	0.191
1996.833	0.187
1996.837	0.183
