<j>	<F>
1.274	18.887
2.378	17.559
3.310	19.571
4.731	15.597
5.943	13.619
7.009	14.926
8.520	12.621
9.745	11.780
10.845	12.053
11.945	12.152
12.962	12.435
13.869	13.052
14.727	13.958
15.642	14.694
16.571	15.355
17.964	15.455
20.711	11.935
22.343	10.315
23.234	10.574
23.959	11.139
24.599	11.916
25.278	12.801
26.246	13.381
27.680	13.056
29.119	12.417
30.269	12.342
31.435	12.361
32.570	12.283
33.445	12.507
34.184	13.040
35.018	13.543
36.073	13.747
37.319	13.626
38.647	13.375
40.001	13.090
41.265	12.873
42.367	12.860
43.409	12.955
44.438	13.049
45.405	13.195
46.341	13.414
47.419	13.549
48.770	13.403
50.279	13.034
51.651	12.734
52.728	12.694
53.580	12.893
54.364	13.201
55.181	13.497
56.028	13.751
56.848	14.021
57.675	14.323
58.697	14.507
60.144	14.316
61.929	13.746
63.582	13.226
64.866	13.017
65.861	13.055
66.675	13.253
67.420	13.538
68.214	13.817
69.159	14.000
70.326	14.018
71.733	13.846
73.275	13.546
74.747	13.271
76.036	13.125
77.185	13.091
78.273	13.109
79.349	13.142
80.437	13.172
81.551	13.185
82.674	13.184
83.751	13.197
84.724	13.261
85.560	13.402
86.270	13.627
86.903	13.919
87.541	14.235
88.286	14.509
89.247	14.658
90.495	14.617
91.978	14.399
93.501	14.127
94.882	13.931
96.078	13.852
97.141	13.861
98.131	13.921
99.091	14.003
100.060	14.087
101.075	14.150
102.159	14.176
103.304	14.164
104.486	14.127
105.686	14.080
106.896	14.027
108.072	13.980
109.122	13.981
109.972	14.078
110.626	14.286
111.167	14.577
111.717	14.894
112.418	15.157
113.425	15.268
114.818	15.154
116.442	14.869
117.925	14.617
119.037	14.549
119.812	14.671
120.373	14.924
120.814	15.260
121.201	15.649
121.600	16.058
122.107	16.436
122.886	16.682
124.156	16.648
125.947	16.267
127.761	15.794
129.038	15.592
129.770	15.716
130.205	16.043
130.529	16.468
130.868	16.922
131.415	17.309
132.719	17.354
135.899	16.456
140.450	14.737
143.306	13.744
144.461	13.611
145.140	13.758
145.856	13.926
146.762	14.031
147.875	14.051
149.104	14.012
150.312	13.966
151.428	13.954
152.517	13.968
153.741	13.954
155.245	13.851
157.001	13.648
158.736	13.423
160.138	13.287
161.111	13.291
161.768	13.413
162.278	13.602
162.789	13.810
163.429	13.991
164.308	14.103
165.505	14.109
166.994	14.005
168.607	13.841
170.130	13.693
171.450	13.609
172.589	13.587
173.612	13.606
174.553	13.652
175.414	13.721
176.184	13.818
176.870	13.943
177.499	14.092
178.115	14.251
178.764	14.407
179.487	14.543
180.314	14.646
181.256	14.712
182.316	14.737
183.513	14.719
184.909	14.646
186.618	14.486
188.715	14.214
191.089	13.856
193.423	13.501
195.436	13.235
197.086	13.076
198.492	12.994
199.780	12.950
201.011	12.922
202.182	12.907
203.262	12.910
204.218	12.940
205.038	13.002
205.734	13.095
206.327	13.216
206.844	13.359
207.312	13.519
207.748	13.691
208.169	13.872
208.584	14.058
209.002	14.248
209.429	14.440
209.866	14.632
210.316	14.825
210.778	15.017
211.247	15.209
211.719	15.404
212.191	15.602
212.667	15.803
213.161	16.004
213.715	16.192
214.401	16.345
215.333	16.425
216.650	16.379
218.431	16.176
220.562	15.847
222.733	15.495
224.675	15.214
226.318	15.031
227.722	14.927
228.974	14.874
230.153	14.847
231.330	14.827
232.563	14.796
233.878	14.745
235.275	14.672
236.728	14.584
238.208	14.488
239.682	14.393
241.103	14.309
242.416	14.249
243.578	14.223
244.576	14.236
245.436	14.286
246.213	14.360
246.980	14.443
247.809	14.517
248.768	14.563
249.894	14.569
251.177	14.535
252.537	14.474
253.852	14.416
255.012	14.388
255.966	14.407
256.723	14.474
257.327	14.581
257.828	14.718
258.269	14.874
258.681	15.042
259.091	15.214
259.521	15.386
259.997	15.551
260.552	15.700
261.226	15.821
262.066	15.900
263.111	15.926
264.375	15.890
265.815	15.803
267.339	15.687
268.839	15.574
270.248	15.483
271.553	15.421
272.781	15.382
273.975	15.355
275.184	15.328
276.474	15.287
277.944	15.213
279.741	15.077
282.028	14.844
284.858	14.503
287.995	14.097
290.953	13.720
293.334	13.453
295.058	13.312
296.265	13.272
297.136	13.300
297.804	13.369
298.353	13.463
298.829	13.572
299.257	13.693
299.649	13.822
300.012	13.959
300.349	14.103
300.660	14.254
300.948	14.412
301.213	14.578
301.456	14.752
301.680	14.933
301.888	15.122
302.082	15.317
302.268	15.519
302.451	15.727
302.639	15.939
302.840	16.152
303.065	16.365
303.329	16.573
303.651	16.772
304.055	16.954
304.573	17.110
305.249	17.228
306.151	17.290
307.385	17.269
309.100	17.130
311.416	16.842
314.218	16.428
317.035	16.000
319.351	15.683
321.025	15.520
322.277	15.470
323.472	15.456
325.025	15.394
327.381	15.195
330.802	14.803
334.907	14.276
338.691	13.789
341.434	13.477
343.160	13.342
344.219	13.326
344.906	13.377
345.395	13.464
345.771	13.573
346.080	13.695
346.345	13.826
346.580	13.965
346.795	14.110
347.001	14.260
347.204	14.413
347.412	14.569
347.633	14.725
347.876	14.881
348.150	15.034
348.466	15.182
348.836	15.322
349.273	15.452
349.793	15.568
350.415	15.666
351.169	15.740
352.101	15.782
353.298	15.777
354.900	15.701
357.098	15.522
360.022	15.218
363.525	14.811
367.082	14.390
370.108	14.054
372.354	13.846
373.918	13.753
375.007	13.738
375.798	13.774
376.406	13.841
376.898	13.927
377.314	14.027
377.680	14.137
378.014	14.254
378.331	14.376
378.644	14.501
378.966	14.627
379.311	14.751
379.694	14.871
380.129	14.985
380.633	15.089
381.219	15.180
381.897	15.256
382.671	15.316
383.538	15.359
384.492	15.386
385.530	15.399
386.669	15.396
387.956	15.370
389.471	15.310
391.320	15.200
393.592	15.026
396.277	14.788
399.210	14.512
402.116	14.239
404.745	14.009
406.981	13.837
408.840	13.723
410.392	13.654
411.712	13.619
412.855	13.609
413.858	13.618
414.742	13.643
415.527	13.682
416.228	13.733
416.867	13.793
417.466	13.859
418.054	13.929
418.662	13.998
419.327	14.061
420.090	14.113
420.990	14.148
422.062	14.161
423.324	14.148
424.763	14.111
426.332	14.053
427.953	13.986
429.538	13.921
431.018	13.868
432.355	13.834
433.542	13.818
434.592	13.821
435.524	13.839
436.359	13.871
437.109	13.913
437.787	13.965
438.402	14.027
438.965	14.095
439.494	14.170
440.012	14.247
440.557	14.324
441.186	14.393
441.989	14.443
443.096	14.459
444.679	14.419
446.908	14.300
449.829	14.093
453.222	13.823
456.604	13.547
459.502	13.322
461.711	13.178
463.291	13.109
464.417	13.095
465.254	13.118
465.918	13.162
466.483	13.220
466.987	13.285
467.454	13.355
467.899	13.429
468.330	13.506
468.755	13.584
469.181	13.662
469.615	13.741
470.065	13.819
470.539	13.895
471.044	13.968
471.589	14.037
472.178	14.101
472.814	14.160
473.497	14.214
474.223	14.262
474.984	14.306
475.767	14.346
476.560	14.384
477.350	14.423
478.131	14.463
478.902	14.504
479.678	14.546
480.490	14.584
481.396	14.614
482.492	14.625
483.918	14.600
485.854	14.519
488.465	14.362
491.771	14.126
495.520	13.837
499.227	13.548
502.445	13.311
504.996	13.146
506.954	13.048
508.495	12.998
509.791	12.977
510.964	12.970
512.090	12.970
513.213	12.971
514.349	12.971
515.498	12.970
516.647	12.968
517.775	12.967
518.859	12.970
519.876	12.978
520.811	12.993
521.654	13.017
522.403	13.049
523.062	13.090
523.640	13.140
524.146	13.197
524.591	13.260
524.986	13.329
525.340	13.403
525.661	13.481
525.957	13.562
526.234	13.647
526.498	13.733
526.756	13.822
527.012	13.912
527.273	14.002
527.547	14.093
527.841	14.182
528.166	14.269
528.534	14.353
528.957	14.432
529.452	14.503
530.034	14.566
530.718	14.618
531.514	14.657
532.425	14.682
533.442	14.695
534.545	14.697
535.700	14.691
536.871	14.683
538.026	14.675
539.143	14.671
540.216	14.673
541.251	14.679
542.266	14.688
543.278	14.697
544.300	14.706
545.338	14.714
546.383	14.719
547.420	14.726
548.425	14.734
549.374	14.749
550.252	14.771
551.051	14.802
551.776	14.842
552.443	14.889
553.079	14.941
553.723	14.994
554.428	15.043
555.265	15.079
556.330	15.092
557.743	15.069
559.627	14.995
562.055	14.862
564.971	14.675
568.136	14.457
571.206	14.245
573.893	14.072
576.081	13.950
577.817	13.878
579.217	13.842
580.405	13.830
581.477	13.832
582.494	13.840
583.492	13.850
584.487	13.861
585.480	13.872
586.466	13.884
587.436	13.897
588.378	13.912
589.287	13.930
590.158	13.951
590.992	13.976
591.793	14.005
592.568	14.036
593.327	14.069
594.079	14.103
594.837	14.137
595.610	14.170
596.408	14.201
597.236	14.229
598.100	14.253
598.998	14.274
599.929	14.292
600.883	14.308
601.852	14.321
602.822	14.334
603.779	14.348
604.710	14.363
605.603	14.383
606.448	14.406
607.240	14.435
607.973	14.469
608.647	14.510
609.263	14.556
609.823	14.608
610.330	14.666
610.790	14.730
611.206	14.798
611.584	14.871
611.929	14.948
612.245	15.029
612.538	15.113
612.812	15.200
613.076	15.289
613.338	15.380
613.614	15.471
613.934	15.559
614.349	15.639
614.964	15.701
615.973	15.727
617.718	15.682
620.691	15.519
625.316	15.192
631.348	14.721
637.537	14.225
642.517	13.840
645.866	13.612
647.954	13.505
649.291	13.473
650.236	13.480
650.988	13.506
651.644	13.541
652.250	13.582
652.825	13.625
653.378	13.671
653.917	13.718
654.444	13.767
654.963	13.816
655.479	13.866
655.995	13.917
656.514	13.967
657.042	14.017
657.581	14.067
658.136	14.115
658.710	14.162
659.307	14.208
659.934	14.251
660.597	14.291
661.311	14.327
662.098	14.358
662.991	14.381
664.041	14.391
665.321	14.383
666.929	14.349
668.974	14.280
671.544	14.169
674.652	14.014
678.174	13.825
681.842	13.623
685.326	13.433
688.369	13.277
690.859	13.164
692.815	13.092
694.325	13.056
695.494	13.046
696.413	13.055
697.151	13.079
697.759	13.113
698.271	13.154
698.711	13.202
699.097	13.254
699.441	13.309
699.753	13.368
700.041	13.429
700.309	13.492
700.562	13.556
700.805	13.623
701.040	13.690
701.272	13.758
701.504	13.827
701.738	13.896
701.980	13.965
702.233	14.034
702.502	14.103
702.794	14.170
703.114	14.236
703.473	14.299
703.877	14.359
704.339	14.415
704.870	14.465
705.480	14.509
706.181	14.546
706.981	14.575
707.882	14.594
708.881	14.605
709.967	14.609
711.118	14.606
712.310	14.598
713.511	14.589
714.693	14.581
715.832	14.577
716.912	14.576
717.927	14.582
718.876	14.593
719.765	14.609
720.601	14.630
721.393	14.655
722.149	14.684
722.876	14.715
723.581	14.748
724.269	14.783
724.947	14.819
725.622	14.855
726.305	14.892
727.009	14.926
727.753	14.958
728.560	14.986
729.459	15.006
730.481	15.015
731.653	15.013
732.996	14.995
734.511	14.962
736.171	14.916
737.918	14.861
739.670	14.804
741.340	14.752
742.855	14.713
744.171	14.689
745.276	14.683
746.183	14.694
746.922	14.720
747.525	14.758
748.026	14.806
748.456	14.860
748.836	14.920
749.187	14.983
749.525	15.048
749.862	15.113
750.207	15.179
750.570	15.244
750.957	15.307
751.376	15.367
751.833	15.425
752.333	15.480
752.881	15.530
753.482	15.576
754.145	15.616
754.878	15.650
755.700	15.677
756.641	15.694
757.762	15.696
759.172	15.675
761.062	15.617
763.730	15.499
767.549	15.292
772.780	14.977
779.202	14.572
785.933	14.144
791.895	13.776
796.510	13.510
799.828	13.343
802.190	13.248
803.937	13.199
805.311	13.177
806.465	13.172
807.490	13.176
808.442	13.186
809.356	13.199
810.255	13.212
811.152	13.227
812.054	13.241
812.965	13.254
813.880	13.267
814.793	13.280
815.695	13.294
816.572	13.309
817.415	13.325
818.213	13.344
818.958	13.367
819.644	13.393
820.271	13.423
820.841	13.456
821.355	13.494
821.822	13.534
822.248	13.578
822.642	13.624
823.015	13.672
823.376	13.722
823.737	13.771
824.111	13.821
824.511	13.869
824.951	13.916
825.448	13.959
826.019	13.997
826.684	14.030
827.459	14.055
828.361	14.073
829.399	14.080
830.577	14.079
831.883	14.068
833.294	14.049
834.772	14.025
836.273	13.999
837.747	13.973
839.152	13.952
840.456	13.936
841.640	13.929
842.697	13.930
843.631	13.939
844.455	13.956
845.180	13.979
845.822	14.009
846.393	14.043
846.905	14.082
847.367	14.125
847.788	14.170
848.174	14.219
848.528	14.270
848.857	14.323
849.162	14.378
849.447	14.435
849.714	14.493
849.967	14.554
850.206	14.615
850.434	14.678
850.653	14.742
850.865	14.807
851.073	14.873
851.277	14.939
851.480	15.006
851.685	15.074
851.894	15.142
852.109	15.210
852.333	15.277
852.569	15.345
852.821	15.411
853.093	15.477
853.388	15.541
853.714	15.604
854.075	15.664
854.482	15.720
854.944	15.773
855.476	15.821
856.099	15.861
856.841	15.893
857.745	15.912
858.870	15.914
860.299	15.892
862.139	15.840
864.517	15.747
867.548	15.605
871.282	15.412
875.640	15.174
880.374	14.911
885.132	14.649
889.574	14.413
893.486	14.216
896.795	14.063
899.534	13.950
901.788	13.871
903.657	13.818
905.234	13.785
906.602	13.766
907.826	13.758
908.959	13.755
910.037	13.757
911.086	13.760
912.121	13.765
913.149	13.770
914.169	13.775
915.177	13.781
916.162	13.788
917.118	13.797
918.032	13.808
918.898	13.822
919.709	13.839
920.462	13.859
921.156	13.883
921.792	13.910
922.372	13.941
922.900	13.976
923.381	14.013
923.821	14.053
924.225	14.096
924.601	14.141
924.957	14.188
925.302	14.235
925.651	14.283
926.022	14.330
926.446	14.375
926.966	14.415
927.653	14.446
928.616	14.462
930.012	14.454
932.052	14.410
934.970	14.315
938.924	14.160
943.840	13.947
949.290	13.701
954.593	13.461
959.150	13.260
962.683	13.117
965.245	13.028
967.047	12.983
968.319	12.968
969.245	12.974
969.952	12.992
970.520	13.018
970.999	13.049
971.416	13.084
971.791	13.122
972.132	13.161
972.446	13.203
972.737	13.245
973.008	13.289
973.262	13.335
973.500	13.381
973.722	13.428
973.933	13.477
974.132	13.526
974.320	13.576
974.500	13.628
974.671	13.679
974.836	13.732
974.996	13.785
975.151	13.839
975.304	13.893
975.455	13.948
975.606	14.003
975.761	14.059
975.922	14.114
976.092	14.170
976.278	14.225
976.485	14.279
976.724	14.332
977.008	14.382
977.356	14.430
977.793	14.473
978.353	14.509
979.079	14.536
980.025	14.550
981.252	14.548
982.815	14.526
984.756	14.482
987.065	14.416
989.672	14.330
992.438	14.233
995.176	14.136
997.709	14.050
999.911	13.981
1001.724	13.935
1003.159	13.910
1004.264	13.905
1005.103	13.916
1005.740	13.939
1006.228	13.972
1006.611	14.011
1006.922	14.055
1007.186	14.102
1007.421	14.151
1007.642	14.202
1007.861	14.253
1008.089	14.304
1008.339	14.354
1008.623	14.403
1008.958	14.450
1009.363	14.493
1009.863	14.531
1010.489	14.562
1011.280	14.584
1012.279	14.595
1013.533	14.591
1015.086	14.569
1016.966	14.529
1019.175	14.469
1021.680	14.392
1024.403	14.302
1027.245	14.204
1030.095	14.106
1032.866	14.013
1035.505	13.928
1037.990	13.852
1040.326	13.785
1042.525	13.726
1044.599	13.675
1046.555	13.630
1048.390	13.592
1050.102	13.559
1051.687	13.534
1053.145	13.515
1054.482	13.502
1055.707	13.495
1056.834	13.493
1057.880	13.496
1058.863	13.502
1059.800	13.510
1060.708	13.520
1061.600	13.531
1062.489	13.543
1063.387	13.554
1064.301	13.564
1065.241	13.574
1066.213	13.582
1067.223	13.588
1068.277	13.592
1069.381	13.593
1070.541	13.592
1071.762	13.588
1073.047	13.581
1074.397	13.571
1075.809	13.557
1077.278	13.541
1078.788	13.523
1080.324	13.503
1081.860	13.482
1083.370	13.463
1084.831	13.446
1086.216	13.432
1087.509	13.422
1088.694	13.417
1089.767	13.418
1090.727	13.423
1091.580	13.434
1092.334	13.450
1093.000	13.471
1093.590	13.495
1094.115	13.522
1094.588	13.553
1095.019	13.585
1095.419	13.620
1095.797	13.655
1096.161	13.692
1096.519	13.730
1096.877	13.767
1097.244	13.804
1097.625	13.841
1098.028	13.877
1098.456	13.912
1098.918	13.946
1099.417	13.978
1099.959	14.008
1100.548	14.035
1101.187	14.060
1101.879	14.083
1102.622	14.102
1103.418	14.119
1104.264	14.134
1105.156	14.146
1106.090	14.155
1107.064	14.163
1108.076	14.169
1109.129	14.172
1110.225	14.173
1111.374	14.172
1112.590	14.168
1113.886	14.160
1115.279	14.147
1116.780	14.128
1118.395	14.104
1120.117	14.074
1121.923	14.040
1123.776	14.003
1125.625	13.966
1127.416	13.931
1129.097	13.901
1130.624	13.878
1131.971	13.863
1133.131	13.858
1134.105	13.862
1134.909	13.874
1135.562	13.894
1136.088	13.921
1136.509	13.953
1136.843	13.990
1137.109	14.031
1137.321	14.075
1137.491	14.122
1137.630	14.170
1137.743	14.220
1137.838	14.272
1137.919	14.325
1137.990	14.378
1138.053	14.432
1138.113	14.487
1138.170	14.543
1138.227	14.599
1138.286	14.655
1138.350	14.711
1138.422	14.767
1138.505	14.824
1138.603	14.879
1138.723	14.934
1138.874	14.988
1139.068	15.040
1139.321	15.089
1139.656	15.134
1140.107	15.173
1140.720	15.204
1141.555	15.223
1142.693	15.226
1144.227	15.208
1146.254	15.163
1148.848	15.087
1152.009	14.980
1155.636	14.846
1159.504	14.699
1163.320	14.552
1166.814	14.422
1169.813	14.317
1172.267	14.241
1174.212	14.192
1175.732	14.166
1176.918	14.157
1177.854	14.162
1178.604	14.177
1179.218	14.200
1179.732	14.228
1180.171	14.259
1180.556	14.294
1180.900	14.332
1181.215	14.371
1181.510	14.411
1181.791	14.453
1182.066	14.495
1182.339	14.537
1182.616	14.579
1182.902	14.622
1183.203	14.663
1183.524	14.704
1183.874	14.744
1184.260	14.782
1184.691	14.818
1185.178	14.852
1185.736	14.882
1186.378	14.908
1187.122	14.928
1187.983	14.943
1188.980	14.950
1190.123	14.950
1191.423	14.941
1192.877	14.924
1194.473	14.900
1196.184	14.868
1197.977	14.832
1199.808	14.794
1201.637	14.755
1203.425	14.719
1205.154	14.685
1206.813	14.655
1208.408	14.629
1209.956	14.606
1211.479	14.584
1213.001	14.563
1214.545	14.541
1216.124	14.518
1217.744	14.493
1219.399	14.466
1221.073	14.438
1222.741	14.410
1224.373	14.384
1225.938	14.360
1227.411	14.341
1228.771	14.326
1230.006	14.318
1231.115	14.316
1232.100	14.320
1232.970	14.329
1233.736	14.344
1234.412	14.363
1235.008	14.386
1235.539	14.413
1236.014	14.443
1236.444	14.475
1236.835	14.509
1237.197	14.545
1237.533	14.582
1237.851	14.620
1238.155	14.659
1238.450	14.699
1238.739	14.740
1239.029	14.781
1239.323	14.821
1239.629	14.862
1239.953	14.902
1240.303	14.940
1240.690	14.978
1241.126	15.013
1241.628	15.045
1242.216	15.072
1242.913	15.095
1243.749	15.111
1244.756	15.118
1245.968	15.115
1247.417	15.100
1249.125	15.072
1251.095	15.030
1253.305	14.976
1255.699	14.912
1258.194	14.842
1260.687	14.772
1263.079	14.705
1265.288	14.648
1267.263	14.602
1268.984	14.568
1270.458	14.546
1271.708	14.536
1272.766	14.536
1273.666	14.543
1274.441	14.557
1275.119	14.576
1275.728	14.598
1276.291	14.624
1276.833	14.650
1277.374	14.677
1277.941	14.704
1278.561	14.728
1279.269	14.748
1280.105	14.763
1281.118	14.770
1282.363	14.767
1283.897	14.751
1285.772	14.718
1288.016	14.669
1290.622	14.602
1293.519	14.521
1296.590	14.431
1299.668	14.339
1302.592	14.254
1305.229	14.181
1307.511	14.124
1309.418	14.084
1310.981	14.060
1312.250	14.049
1313.284	14.050
1314.139	14.059
1314.863	14.074
1315.494	14.093
1316.063	14.116
1316.592	14.141
1317.097	14.167
1317.593	14.194
1318.086	14.221
1318.584	14.247
1319.090	14.274
1319.608	14.300
1320.139	14.326
1320.683	14.351
1321.239	14.376
1321.807	14.400
1322.384	14.424
1322.968	14.448
1323.556	14.471
1324.145	14.494
1324.733	14.517
1325.315	14.541
1325.891	14.565
1326.458	14.589
1327.012	14.614
1327.555	14.640
1328.083	14.666
1328.599	14.693
1329.100	14.721
1329.590	14.749
1330.069	14.778
1330.541	14.807
1331.008	14.837
1331.474	14.867
1331.946	14.896
1332.428	14.926
1332.930	14.955
1333.459	14.982
1334.028	15.008
1334.649	15.032
1335.338	15.053
1336.111	15.069
1336.987	15.081
1337.987	15.088
1339.126	15.088
1340.422	15.080
1341.882	15.064
1343.511	15.041
1345.299	15.009
1347.232	14.971
1349.291	14.927
1351.454	14.878
1353.716	14.825
1356.077	14.768
1358.564	14.706
1361.211	14.638
1364.060	14.563
1367.140	14.479
1370.448	14.385
1373.937	14.285
1377.506	14.181
1381.027	14.080
1384.364	13.985
1387.409	13.903
1390.106	13.836
1392.446	13.783
1394.460	13.744
1396.207	13.716
1397.750	13.698
1399.156	13.685
1400.481	13.676
1401.777	13.669
1403.080	13.663
1404.422	13.655
1405.823	13.645
1407.290	13.632
1408.827	13.617
1410.422	13.600
1412.062	13.581
1413.718	13.561
1415.365	13.541
1416.974	13.522
1418.517	13.505
1419.970	13.492
1421.316	13.482
1422.546	13.476
1423.655	13.475
1424.645	13.479
1425.522	13.486
1426.294	13.498
1426.971	13.513
1427.565	13.531
1428.086	13.552
1428.544	13.576
1428.950	13.602
1429.309	13.630
1429.631	13.659
1429.921	13.690
1430.185	13.722
1430.427	13.754
1430.651	13.788
1430.861	13.823
1431.058	13.858
1431.247	13.893
1431.428	13.929
1431.604	13.966
1431.776	14.003
1431.945	14.040
1432.113	14.077
1432.281	14.115
1432.449	14.152
1432.619	14.190
1432.792	14.228
1432.967	14.266
1433.146	14.304
1433.329	14.342
1433.518	14.379
1433.712	14.417
1433.913	14.455
1434.120	14.492
1434.336	14.530
1434.559	14.567
1434.792	14.604
1435.034	14.641
1435.287	14.677
1435.551	14.714
1435.828	14.749
1436.119	14.785
1436.425	14.819
1436.747	14.854
1437.087	14.887
1437.447	14.920
1437.827	14.952
1438.232	14.983
1438.663	15.013
1439.122	15.042
1439.612	15.069
1440.138	15.096
1440.702	15.120
1441.311	15.143
1441.969	15.163
1442.687	15.181
1443.475	15.196
1444.350	15.207
1445.334	15.213
1446.458	15.214
1447.764	15.207
1449.306	15.189
1451.145	15.160
1453.353	15.115
1455.987	15.052
1459.079	14.969
1462.600	14.868
1466.440	14.754
1470.420	14.633
1474.314	14.515
1477.916	14.408
1481.081	14.320
1483.744	14.252
1485.917	14.204
1487.653	14.175
1489.029	14.160
1490.119	14.158
1490.991	14.165
1491.699	14.178
1492.286	14.197
1492.782	14.220
1493.211	14.246
1493.589	14.273
1493.928	14.303
1494.240	14.334
1494.528	14.366
1494.798	14.399
1495.055	14.433
1495.303	14.467
1495.543	14.501
1495.779	14.536
1496.015	14.571
1496.255	14.607
1496.503	14.642
1496.765	14.676
1497.051	14.710
1497.370	14.743
1497.737	14.774
1498.172	14.803
1498.700	14.828
1499.354	14.849
1500.172	14.863
1501.205	14.868
1502.505	14.863
1504.125	14.846
1506.106	14.813
1508.461	14.766
1511.159	14.704
1514.114	14.630
1517.191	14.551
1520.226	14.473
1523.061	14.401
1525.581	14.342
1527.724	14.297
1529.482	14.267
1530.883	14.252
1531.981	14.249
1532.830	14.256
1533.488	14.271
1533.998	14.292
1534.400	14.318
1534.724	14.347
1534.990	14.379
1535.217	14.412
1535.417	14.447
1535.598	14.483
1535.769	14.520
1535.935	14.557
1536.101	14.594
1536.272	14.631
1536.454	14.668
1536.652	14.704
1536.874	14.740
1537.129	14.775
1537.429	14.808
1537.792	14.839
1538.237	14.867
1538.792	14.891
1539.493	14.909
1540.381	14.920
1541.508	14.922
1542.925	14.913
1544.680	14.890
1546.807	14.852
1549.304	14.799
1552.122	14.733
1555.159	14.658
1558.269	14.579
1561.290	14.502
1564.076	14.434
1566.527	14.378
1568.600	14.337
1570.295	14.310
1571.648	14.297
1572.713	14.296
1573.545	14.303
1574.194	14.318
1574.705	14.339
1575.111	14.364
1575.441	14.393
1575.714	14.424
1575.947	14.456
1576.151	14.490
1576.336	14.525
1576.509	14.561
1576.677	14.597
1576.844	14.633
1577.019	14.669
1577.211	14.705
1577.429	14.740
1577.691	14.774
1578.016	14.805
1578.437	14.834
1578.999	14.857
1579.763	14.873
1580.816	14.879
1582.264	14.871
1584.243	14.842
1586.883	14.790
1590.284	14.709
1594.441	14.599
1599.206	14.466
1604.257	14.321
1609.192	14.179
1613.636	14.053
1617.363	13.953
1620.310	13.882
1622.543	13.836
1624.191	13.812
1625.390	13.805
1626.264	13.810
1626.908	13.824
1627.391	13.844
1627.764	13.868
1628.059	13.895
1628.302	13.924
1628.507	13.955
1628.685	13.987
1628.843	14.019
1628.986	14.053
1629.118	14.087
1629.241	14.121
1629.357	14.156
1629.468	14.191
1629.576	14.227
1629.680	14.263
1629.782	14.299
1629.884	14.335
1629.985	14.371
1630.086	14.408
1630.189	14.444
1630.294	14.481
1630.401	14.518
1630.512	14.555
1630.627	14.592
1630.747	14.629
1630.872	14.666
1631.005	14.702
1631.145	14.739
1631.294	14.775
1631.452	14.811
1631.622	14.847
1631.805	14.883
1632.000	14.918
1632.211	14.953
1632.439	14.987
1632.685	15.021
1632.952	15.054
1633.240	15.086
1633.552	15.118
1633.889	15.148
1634.253	15.178
1634.645	15.206
1635.067	15.234
1635.518	15.260
1636.000	15.285
1636.513	15.309
1637.057	15.332
1637.629	15.353
1638.231	15.374
1638.859	15.393
1639.510	15.411
1640.185	15.428
1640.880	15.445
1641.594	15.461
1642.327	15.475
1643.078	15.490
1643.849	15.503
1644.645	15.515
1645.467	15.527
1646.325	15.536
1647.226	15.545
1648.178	15.551
1649.194	15.554
1650.281	15.555
1651.450	15.553
1652.706	15.546
1654.052	15.536
1655.484	15.523
1656.996	15.506
1658.575	15.486
1660.209	15.464
1661.888	15.440
1663.617	15.414
1665.417	15.386
1667.338	15.354
1669.473	15.315
1671.966	15.264
1675.004	15.194
1678.803	15.099
1683.539	14.970
1689.237	14.807
1695.677	14.618
1702.370	14.419
1708.698	14.232
1714.161	14.075
1718.532	13.956
1721.822	13.875
1724.208	13.826
1725.911	13.801
1727.121	13.793
1727.998	13.798
1728.648	13.811
1729.149	13.829
1729.549	13.851
1729.882	13.875
1730.167	13.901
1730.419	13.928
1730.646	13.957
1730.854	13.986
1731.047	14.016
1731.228	14.046
1731.397	14.077
1731.558	14.108
1731.712	14.139
1731.859	14.171
1732.000	14.203
1732.137	14.236
1732.270	14.268
1732.401	14.301
1732.531	14.334
1732.661	14.368
1732.792	14.401
1732.926	14.434
1733.065	14.468
1733.211	14.501
1733.366	14.534
1733.533	14.567
1733.717	14.600
1733.920	14.631
1734.149	14.663
1734.410	14.693
1734.711	14.722
1735.059	14.749
1735.467	14.775
1735.948	14.798
1736.514	14.818
1737.183	14.835
1737.972	14.847
1738.900	14.855
1739.981	14.857
1741.231	14.854
1742.656	14.844
1744.254	14.827
1746.016	14.805
1747.912	14.777
1749.907	14.746
1751.958	14.712
1754.011	14.678
1756.018	14.646
1757.938	14.616
1759.745	14.590
1761.419	14.569
1762.954	14.552
1764.359	14.540
1765.645	14.533
1766.827	14.529
1767.926	14.528
1768.958	14.530
1769.938	14.533
1770.885	14.538
1771.807	14.544
1772.715	14.551
1773.615	14.557
1774.513	14.564
1775.409	14.571
1776.305	14.578
1777.199	14.585
1778.091	14.592
1778.974	14.600
1779.846	14.607
1780.702	14.615
1781.537	14.624
1782.348	14.634
1783.130	14.644
1783.880	14.656
1784.596	14.669
1785.276	14.683
1785.919	14.698
1786.526	14.715
1787.097	14.733
1787.633	14.752
1788.136	14.772
1788.609	14.794
1789.053	14.817
1789.471	14.840
1789.866	14.865
1790.241	14.890
1790.597	14.916
1790.938	14.943
1791.265	14.970
1791.582	14.998
1791.890	15.026
1792.191	15.055
1792.486	15.083
1792.777	15.113
1793.066	15.142
1793.354	15.171
1793.642	15.201
1793.930	15.230
1794.220	15.260
1794.512	15.290
1794.807	15.319
1795.106	15.349
1795.407	15.379
1795.713	15.408
1796.023	15.438
1796.339	15.467
1796.659	15.496
1796.984	15.525
1797.317	15.554
1797.655	15.583
1798.000	15.612
1798.354	15.640
1798.716	15.668
1799.088	15.696
1799.472	15.724
1799.869	15.751
1800.280	15.777
1800.708	15.803
1801.155	15.829
1801.622	15.853
1802.112	15.877
1802.627	15.900
1803.169	15.922
1803.741	15.942
1804.343	15.962
1804.979	15.980
1805.652	15.997
1806.365	16.012
1807.124	16.025
1807.941	16.037
1808.830	16.045
1809.818	16.050
1810.944	16.050
1812.267	16.042
1813.869	16.025
1815.861	15.993
1818.370	15.942
1821.520	15.867
1825.391	15.766
1829.951	15.639
1835.013	15.492
1840.229	15.339
1845.198	15.194
1849.581	15.070
1853.191	14.973
1856.011	14.906
1858.132	14.864
1859.699	14.843
1860.859	14.838
1861.745	14.843
1862.464	14.854
1863.104	14.869
1863.741	14.885
1864.444	14.900
1865.282	14.910
1866.333	14.914
1867.680	14.909
1869.413	14.892
1871.620	14.859
1874.367	14.809
1877.672	14.741
1881.477	14.656
1885.629	14.560
1889.899	14.458
1894.031	14.360
1897.799	14.273
1901.055	14.202
1903.743	14.149
1905.886	14.112
1907.552	14.091
1908.829	14.083
1909.805	14.085
1910.555	14.093
1911.141	14.108
1911.610	14.126
1911.999	14.147
1912.335	14.170
1912.635	14.194
1912.915	14.219
1913.185	14.244
1913.450	14.270
1913.720	14.295
1913.995	14.321
1914.280	14.346
1914.578	14.371
1914.892	14.396
1915.221	14.420
1915.570	14.444
1915.938	14.467
1916.328	14.490
1916.741	14.511
1917.180	14.533
1917.646	14.553
1918.141	14.572
1918.672	14.591
1919.238	14.608
1919.849	14.624
1920.512	14.639
1921.237	14.651
1922.039	14.662
1922.937	14.669
1923.954	14.673
1925.122	14.673
1926.478	14.666
1928.063	14.653
1929.923	14.632
1932.099	14.601
1934.618	14.560
1937.488	14.508
1940.680	14.446
1944.123	14.376
1947.708	14.301
1951.300	14.226
1954.760	14.155
1957.974	14.091
1960.861	14.036
1963.388	13.992
1965.555	13.958
1967.394	13.935
1968.951	13.920
1970.275	13.912
1971.416	13.909
1972.418	13.911
1973.318	13.917
1974.149	13.924
1974.931	13.933
1975.686	13.943
1976.425	13.953
1977.159	13.964
1977.893	13.975
1978.634	13.985
1979.380	13.995
1980.128	14.006
1980.882	14.016
1981.637	14.026
1982.383	14.036
1983.122	14.047
1983.849	14.058
1984.553	14.069
1985.234	14.081
1985.891	14.094
1986.513	14.107
1987.103	14.122
1987.657	14.138
1988.175	14.154
1988.657	14.172
1989.101	14.191
1989.509	14.211
1989.882	14.232
1990.223	14.254
1990.533	14.277
1990.814	14.301
1991.067	14.326
1991.296	14.352
1991.503	14.378
1991.689	14.405
1991.856	14.433
1992.006	14.462
1992.142	14.491
1992.264	14.520
1992.374	14.550
1992.474	14.581
1992.564	14.612
1992.646	14.643
1992.721	14.675
1992.788	14.707
1992.850	14.739
1992.907	14.772
1992.959	14.804
1993.009	14.837
1993.053	14.871
1993.095	14.904
1993.134	14.938
1993.171	14.972
1993.206	15.006
1993.239	15.041
1993.269	15.075
1993.299	15.110
1993.327	15.145
1993.354	15.180
1993.380	15.215
1993.405	15.251
1993.429	15.287
1993.452	15.322
1993.475	15.358
1993.497	15.394
1993.518	15.431
1993.539	15.467
1993.560	15.504
1993.579	15.541
1993.599	15.578
1993.618	15.615
1993.637	15.652
1993.655	15.690
1993.673	15.727
1993.691	15.765
1993.708	15.803
1993.725	15.841
1993.742	15.880
1993.759	15.918
1993.775	15.957
1993.792	15.996
1993.807	16.034
1993.823	16.074
1993.839	16.113
1993.854	16.152
1993.869	16.192
1993.884	16.232
1993.899	16.272
1993.913	16.312
1993.928	16.352
1993.942	16.393
1993.957	16.434
1993.970	16.475
1993.984	16.516
1993.998	16.557
1994.011	16.598
1994.024	16.640
1994.037	16.682
1994.050	16.724
1994.063	16.766
1994.076	16.808
1994.088	16.851
1994.101	16.893
1994.113	16.936
1994.125	16.979
1994.137	17.022
1994.148	17.066
1994.160	17.110
1994.172	17.153
1994.183	17.197
1994.195	17.242
1994.206	17.286
1994.217	17.331
1994.228	17.375
1994.238	17.420
1994.249	17.466
1994.259	17.511
1994.270	17.557
1994.280	17.603
1994.290	17.649
1994.300	17.695
1994.310	17.741
1994.320	17.788
1994.330	17.835
1994.339	17.882
1994.349	17.929
1994.358	17.976
1994.368	18.024
1994.377	18.072
1994.386	18.120
1994.394	18.168
1994.403	18.217
1994.412	18.266
1994.421	18.315
1994.429	18.364
1994.438	18.413
1994.446	18.463
1994.454	18.513
1994.462	18.563
1994.470	18.613
1994.478	18.663
1994.486	18.714
1994.494	18.765
1994.502	18.816
1994.509	18.868
1994.517	18.919
1994.524	18.971
1994.531	19.023
1994.538	19.076
1994.546	19.128
1994.552	19.181
1994.559	19.234
1994.566	19.288
1994.573	19.341
1994.580	19.395
1994.586	19.449
1994.593	19.503
1994.599	19.558
1994.605	19.613
1994.612	19.668
1994.618	19.723
1994.624	19.778
1994.630	19.834
1994.636	19.890
1994.642	19.947
1994.648	20.003
1994.653	20.060
1994.659	20.117
1994.665	20.174
1994.670	20.232
1994.675	20.290
1994.681	20.348
1994.686	20.406
1994.691	20.465
1994.697	20.524
1994.702	20.583
1994.707	20.642
1994.712	20.702
1994.716	20.762
1994.721	20.822
1994.726	20.883
1994.731	20.944
1994.735	21.005
1994.740	21.066
1994.744	21.128
1994.749	21.190
1994.753	21.252
1994.757	21.314
1994.761	21.377
1994.766	21.440
1994.770	21.504
1994.774	21.567
1994.778	21.631
1994.782	21.695
1994.786	21.760
1994.789	21.825
1994.793	21.890
1994.797	21.955
1994.801	22.021
1994.804	22.087
1994.808	22.153
1994.811	22.220
1994.815	22.287
1994.818	22.354
1994.821	22.422
1994.825	22.490
1994.828	22.558
1994.831	22.626
1994.834	22.695
1994.837	22.764
1994.840	22.833
1994.844	22.903
1994.846	22.973
1994.849	23.044
1994.852	23.114
1994.855	23.185
1994.858	23.257
1994.861	23.328
1994.863	23.400
1994.866	23.473
1994.869	23.545
1994.871	23.618
1994.874	23.692
1994.876	23.765
1994.879	23.839
1994.881	23.913
1994.883	23.988
1994.886	24.063
