<j>	var(j)
1.274	0.266
2.380	0.304
3.339	0.417
4.903	0.896
6.242	0.993
7.403	1.081
8.532	1.054
9.541	0.860
10.374	0.775
11.299	1.068
12.563	1.578
14.016	1.779
15.234	1.531
16.239	2.067
17.657	2.845
19.133	2.416
20.181	1.574
20.865	0.955
21.344	0.717
21.820	0.848
22.581	1.553
24.022	2.476
25.552	2.168
26.686	1.702
27.538	1.389
28.330	1.728
29.438	2.624
30.921	3.265
32.433	3.758
33.954	4.053
35.354	3.689
36.518	3.267
37.529	2.822
38.393	2.097
39.039	1.391
39.508	1.122
39.974	1.516
40.772	3.172
42.460	5.924
44.630	5.506
46.129	3.939
47.152	2.897
47.908	2.201
48.528	2.109
49.205	2.736
50.170	4.102
51.573	5.322
53.118	4.873
54.348	3.768
55.287	3.327
56.161	3.536
57.130	4.166
58.273	4.945
59.570	5.385
60.876	5.031
62.010	4.047
62.894	3.042
63.575	2.389
64.147	2.092
64.693	2.085
65.292	2.526
66.104	4.081
67.496	7.360
69.629	8.882
71.516	5.835
72.594	3.608
73.305	2.953
73.934	2.673
74.527	2.360
75.074	2.083
75.592	2.109
76.185	2.913
77.117	5.373
78.824	9.477
81.218	11.111
83.381	9.871
85.093	8.670
86.493	7.118
87.590	5.794
88.496	5.551
89.409	6.273
90.461	7.105
91.616	6.956
92.688	5.658
93.532	4.249
94.183	3.634
94.788	4.094
95.537	5.767
96.636	8.532
98.190	10.810
99.928	10.079
101.353	7.079
102.294	4.468
102.898	2.992
103.328	2.339
103.697	2.281
104.100	2.847
104.658	4.274
105.544	6.709
106.898	9.187
108.552	9.487
110.053	7.838
111.235	6.897
112.317	7.853
113.598	10.562
115.271	13.743
117.241	14.944
119.135	13.481
120.703	11.254
121.966	9.499
123.022	8.260
123.944	7.415
124.783	6.943
125.585	6.828
126.392	7.003
127.234	7.343
128.127	7.666
129.059	7.749
129.995	7.400
130.880	6.582
131.662	5.460
132.312	4.303
132.834	3.333
133.253	2.655
133.606	2.297
133.934	2.308
134.298	2.883
134.804	4.598
135.682	8.701
137.346	16.305
140.066	24.017
143.248	25.885
146.093	24.007
148.433	20.083
150.214	14.683
151.447	10.096
152.292	7.301
152.921	5.833
153.444	5.074
153.919	4.695
154.376	4.589
154.842	4.768
155.349	5.312
155.938	6.369
156.671	8.183
157.635	11.060
158.938	15.199
160.670	20.330
162.833	25.416
165.293	28.705
167.789	28.209
169.999	23.452
171.691	16.735
172.844	10.906
173.588	7.069
174.082	4.929
174.442	3.874
174.741	3.459
175.024	3.478
175.326	3.935
175.688	5.037
176.179	7.234
176.917	11.146
178.067	16.895
179.747	22.400
181.781	23.152
183.657	17.837
184.980	10.958
185.764	6.233
186.219	3.936
186.527	3.177
186.800	3.317
187.108	4.142
187.518	5.767
188.115	8.576
189.026	13.116
190.410	19.615
192.382	26.846
194.845	31.687
197.441	31.830
199.799	28.309
201.750	23.522
203.303	19.036
204.533	15.541
205.536	13.233
206.401	12.021
207.201	11.676
207.993	11.922
208.814	12.498
209.682	13.195
210.603	13.908
211.575	14.686
212.602	15.719
213.703	17.210
214.905	19.146
216.229	21.076
217.654	22.131
219.105	21.528
220.469	19.226
221.653	16.006
222.624	12.832
223.403	10.282
224.035	8.485
224.569	7.329
225.044	6.648
225.488	6.306
225.922	6.212
226.362	6.316
226.822	6.602
227.317	7.094
227.862	7.862
228.481	9.041
229.210	10.847
230.099	13.536
231.217	17.250
232.627	21.675
234.340	25.777
236.273	28.349
238.280	29.482
240.273	31.106
242.318	35.353
244.577	42.162
247.133	47.831
249.811	47.131
252.230	39.103
254.102	28.274
255.403	19.153
256.277	13.104
256.883	9.541
257.337	7.528
257.706	6.370
258.029	5.656
258.324	5.165
258.601	4.786
258.864	4.466
259.117	4.187
259.360	3.949
259.596	3.769
259.828	3.683
260.062	3.761
260.311	4.126
260.598	5.013
260.964	6.856
261.491	10.416
262.317	16.787
263.654	26.708
265.695	38.278
268.372	45.232
271.187	42.815
273.598	35.045
275.469	28.399
276.965	24.781
278.274	23.121
279.493	22.121
280.653	21.119
281.752	20.023
282.790	19.033
283.778	18.417
284.738	18.355
285.703	18.877
286.700	19.851
287.750	21.025
288.859	22.128
290.017	23.003
291.212	23.709
292.433	24.477
293.686	25.511
294.982	26.740
296.327	27.693
297.696	27.657
299.036	26.099
300.273	23.064
301.346	19.183
302.229	15.282
302.932	11.975
303.488	9.533
303.939	7.967
304.328	7.182
304.691	7.081
305.063	7.630
305.478	8.873
305.975	10.943
306.604	14.052
307.425	18.467
308.508	24.433
309.929	32.055
311.751	41.078
313.997	50.526
316.613	58.315
319.436	61.633
322.213	58.867
324.697	51.474
326.765	42.976
328.445	36.272
329.850	32.366
331.106	30.817
332.306	30.602
333.497	30.688
334.683	30.335
335.846	29.233
336.958	27.472
337.996	25.365
338.951	23.240
339.828	21.291
340.634	19.559
341.379	17.975
342.069	16.442
342.703	14.888
343.282	13.295
343.803	11.693
344.266	10.148
344.673	8.729
345.027	7.503
345.338	6.530
345.614	5.875
345.869	5.653
346.124	6.098
346.413	7.723
346.799	11.660
347.410	20.280
348.504	37.975
350.541	70.036
354.081	113.191
359.119	140.246
364.391	123.842
368.408	83.199
370.885	49.737
372.325	30.438
373.212	20.399
373.819	15.049
374.276	12.020
374.650	10.275
374.978	9.377
375.284	9.143
375.591	9.510
375.918	10.492
376.289	12.158
376.727	14.620
377.263	18.024
377.934	22.490
378.776	28.045
379.829	34.498
381.114	41.325
382.631	47.672
384.344	52.583
386.186	55.394
388.072	56.040
389.932	54.957
391.714	52.720
393.390	49.722
394.946	46.162
396.370	42.187
397.658	38.039
398.810	34.073
399.840	30.668
400.769	28.152
401.626	26.731
402.448	26.493
403.271	27.425
404.131	29.411
405.060	32.266
406.083	35.730
407.215	39.521
408.461	43.409
409.820	47.307
411.285	51.322
412.858	55.692
414.542	60.599
416.348	65.884
418.276	70.885
420.305	74.478
422.383	75.559
424.435	73.588
426.383	68.987
428.169	62.908
429.770	56.719
431.198	51.472
432.488	47.718
433.681	45.543
434.820	44.717
435.940	44.820
437.063	45.339
438.197	45.739
439.337	45.539
440.467	44.404
441.563	42.209
442.600	39.056
443.556	35.240
444.418	31.144
445.179	27.157
445.846	23.593
446.429	20.681
446.945	18.565
447.414	17.350
447.860	17.141
448.309	18.082
448.792	20.398
449.347	24.408
450.022	30.499
450.874	39.032
451.968	50.066
453.366	62.936
455.099	75.787
457.138	85.573
459.370	89.144
461.614	85.043
463.684	74.614
465.449	61.101
466.867	47.710
467.962	36.372
468.795	27.661
469.431	21.342
469.928	16.881
470.325	13.749
470.654	11.520
470.934	9.894
471.178	8.669
471.396	7.716
471.592	6.952
471.773	6.325
471.939	5.802
472.095	5.361
472.241	4.988
472.379	4.672
472.510	4.406
472.637	4.185
472.759	4.005
472.878	3.863
472.995	3.757
473.110	3.688
473.226	3.658
473.343	3.670
473.463	3.732
473.587	3.856
473.718	4.060
473.859	4.373
474.014	4.839
474.189	5.527
474.395	6.542
474.644	8.047
474.958	10.288
475.368	13.621
475.920	18.516
476.680	25.480
477.729	34.763
479.145	45.762
480.962	56.315
483.110	62.860
485.389	62.427
487.537	55.157
489.354	44.243
490.769	33.308
491.819	24.410
492.587	17.985
493.159	13.663
493.602	10.904
493.963	9.280
494.279	8.551
494.580	8.682
494.897	9.864
495.272	12.588
495.768	17.757
496.487	26.757
497.584	41.164
499.256	61.349
501.660	83.469
504.730	97.741
508.037	94.722
510.984	76.090
513.201	52.889
514.684	33.918
515.622	21.418
516.219	14.060
516.619	9.933
516.910	7.628
517.139	6.300
517.334	5.493
517.508	4.971
517.669	4.619
517.821	4.383
517.969	4.240
518.114	4.184
518.261	4.219
518.412	4.362
518.571	4.636
518.744	5.083
518.939	5.768
519.165	6.795
519.438	8.337
519.780	10.677
520.229	14.276
520.841	19.833
521.703	28.268
522.935	40.362
524.667	55.678
526.972	70.859
529.739	79.494
532.626	76.488
535.214	63.416
537.243	46.911
538.695	32.537
539.689	22.244
540.373	15.648
540.862	11.717
541.239	9.550
541.556	8.546
541.849	8.358
542.145	8.827
542.467	9.944
542.839	11.867
543.294	15.061
543.887	20.674
544.724	31.425
546.031	53.312
548.271	97.081
552.219	171.491
558.515	252.846
566.343	271.569
573.343	210.143
578.101	134.610
580.976	85.504
582.788	60.279
584.082	47.748
585.121	40.761
586.016	36.016
586.810	32.246
587.525	29.078
588.173	26.487
588.768	24.555
589.325	23.375
589.861	23.026
590.397	23.560
590.952	25.012
591.549	27.383
592.209	30.629
592.954	34.629
593.799	39.148
594.755	43.817
595.822	48.137
596.987	51.556
598.226	53.589
599.500	53.971
600.771	52.754
602.001	50.298
603.166	47.146
604.253	43.871
605.263	40.929
606.206	38.602
607.099	36.990
607.959	36.046
608.800	35.630
609.636	35.541
610.472	35.559
611.311	35.479
612.149	35.131
612.979	34.407
613.791	33.268
614.577	31.742
615.328	29.913
616.036	27.896
616.698	25.814
617.313	23.778
617.883	21.874
618.410	20.158
618.899	18.658
619.356	17.379
619.786	16.315
620.193	15.450
620.583	14.769
620.960	14.262
621.328	13.930
621.691	13.794
622.056	13.904
622.429	14.367
622.820	15.384
623.247	17.331
623.737	20.897
624.343	27.318
625.154	38.690
626.320	58.160
628.078	89.194
630.720	132.116
634.450	177.228
639.084	202.453
643.904	190.140
648.043	148.379
651.062	101.170
653.041	64.415
654.283	40.862
655.074	27.311
655.612	20.026
656.017	16.383
656.357	14.836
656.674	14.552
656.990	15.114
657.326	16.328
657.693	18.116
658.106	20.457
658.577	23.339
659.119	26.729
659.743	30.535
660.459	34.571
661.270	38.548
662.173	42.072
663.154	44.697
664.191	46.015
665.250	45.769
666.295	43.943
667.290	40.768
668.208	36.668
669.030	32.137
669.749	27.628
670.368	23.476
670.896	19.885
671.346	16.939
671.733	14.634
672.071	12.923
672.375	11.732
672.654	10.981
672.920	10.600
673.182	10.522
673.445	10.690
673.716	11.054
674.000	11.567
674.301	12.183
674.622	12.856
674.963	13.539
675.325	14.183
675.707	14.744
676.107	15.181
676.521	15.469
676.945	15.600
677.376	15.600
677.809	15.530
678.243	15.504
678.681	15.706
679.130	16.426
679.609	18.100
680.148	21.393
680.802	27.259
681.653	36.936
682.818	51.622
684.440	71.488
686.636	93.835
689.399	111.788
692.507	116.915
695.555	106.020
698.162	84.511
700.151	61.273
701.557	42.205
702.517	28.851
703.177	20.338
703.650	15.205
704.012	12.217
704.310	10.544
704.573	9.694
704.821	9.419
705.068	9.651
705.326	10.489
705.614	12.241
705.959	15.557
706.412	21.698
707.061	32.979
708.069	53.319
709.708	88.082
712.367	140.674
716.406	202.519
721.738	244.059
727.491	234.919
732.465	182.628
736.036	122.285
738.322	76.590
739.733	48.273
740.627	32.263
741.235	23.506
741.689	18.769
742.059	16.275
742.388	15.114
742.700	14.828
743.011	15.190
743.335	16.093
743.683	17.484
744.066	19.342
744.494	21.643
744.977	24.363
745.524	27.461
746.144	30.880
746.843	34.554
747.628	38.433
748.501	42.533
749.467	46.995
750.534	52.157
751.719	58.579
753.049	67.013
754.569	78.187
756.335	92.375
758.398	108.718
760.782	124.635
763.441	135.970
766.245	138.563
768.997	130.655
771.502	114.171
773.626	93.507
775.327	73.099
776.639	55.756
777.636	42.475
778.397	33.075
778.996	26.884
779.490	23.168
779.923	21.314
780.330	20.879
780.735	21.579
781.161	23.252
781.626	25.817
782.148	29.240
782.744	33.494
783.431	38.521
784.223	44.188
785.132	50.236
786.164	56.254
787.313	61.694
788.565	65.923
789.889	68.356
791.248	68.605
792.597	66.605
793.892	62.639
795.099	57.243
796.193	51.059
797.164	44.697
798.012	38.618
798.745	33.120
799.375	28.348
799.917	24.330
800.384	21.036
800.792	18.398
801.152	16.339
801.475	14.790
801.772	13.692
802.049	13.004
802.317	12.700
802.582	12.771
802.853	13.228
803.137	14.093
803.445	15.409
803.785	17.229
804.171	19.604
804.614	22.591
805.129	26.212
805.729	30.433
806.429	35.131
807.238	40.062
808.159	44.836
809.182	48.953
810.293	51.900
811.459	53.278
812.644	52.951
813.810	51.131
814.927	48.355
815.979	45.357
816.965	42.936
817.903	41.841
818.826	42.669
819.779	45.876
820.815	51.670
821.991	59.871
823.353	69.735
824.927	79.767
826.700	87.835
828.612	91.759
830.560	90.250
832.429	83.599
834.123	73.595
835.589	62.679
836.827	53.021
837.875	46.083
838.795	42.666
839.663	43.180
840.561	47.891
841.576	56.995
842.795	70.441
844.302	87.476
846.154	106.088
848.355	122.723
850.830	133.008
853.425	133.645
855.945	124.365
858.217	108.129
860.144	89.358
861.711	71.789
862.960	57.468
863.960	46.939
864.782	39.836
865.489	35.472
866.126	33.144
866.729	32.261
867.323	32.380
867.924	33.188
868.545	34.498
869.194	36.234
869.880	38.448
870.612	41.344
871.403	45.328
872.276	51.047
873.267	59.430
874.427	71.639
875.831	88.843
877.570	111.640
879.733	138.979
882.371	166.959
885.449	188.745
888.795	196.767
892.137	187.310
895.192	163.237
897.762	132.126
899.790	101.696
901.328	76.765
902.485	59.057
903.380	48.453
904.129	44.284
904.830	46.076
905.580	53.900
906.473	68.377
907.620	90.436
909.138	120.637
911.147	157.944
913.730	198.048
916.878	232.680
920.446	251.573
924.146	247.728
927.641	222.267
930.664	183.686
933.090	142.434
934.934	105.942
936.292	77.270
937.278	56.421
938.000	41.981
938.541	32.264
938.961	25.823
939.302	21.569
939.590	18.742
939.844	16.839
940.074	15.528
940.289	14.601
940.493	13.925
940.690	13.415
940.881	13.022
941.068	12.710
941.252	12.464
941.434	12.272
941.615	12.122
941.795	12.015
941.975	11.949
942.156	11.923
942.337	11.937
942.521	11.994
942.707	12.095
942.896	12.242
943.088	12.440
943.286	12.692
943.490	13.001
943.700	13.375
943.918	13.818
944.145	14.338
944.383	14.945
944.633	15.651
944.896	16.464
945.176	17.403
945.474	18.480
945.793	19.715
946.136	21.132
946.506	22.743
946.907	24.574
947.343	26.641
947.819	28.954
948.339	31.521
948.908	34.332
949.530	37.368
950.208	40.591
950.947	43.950
951.749	47.382
952.613	50.836
953.540	54.260
954.528	57.651
955.577	61.036
956.685	64.501
957.855	68.164
959.088	72.138
960.390	76.497
961.766	81.191
963.220	85.997
964.750	90.509
966.349	94.138
967.994	96.238
969.659	96.275
971.304	93.974
972.891	89.431
974.385	83.084
975.760	75.611
977.002	67.708
978.109	60.022
979.089	52.977
979.953	46.839
980.719	41.702
981.404	37.552
982.025	34.319
982.596	31.912
983.131	30.244
983.643	29.254
984.142	28.899
984.640	29.186
985.148	30.142
985.677	31.833
986.241	34.363
986.855	37.833
987.536	42.370
988.303	48.020
989.176	54.786
990.172	62.455
991.306	70.589
992.580	78.480
993.987	85.154
995.495	89.567
997.061	90.845
998.626	88.607
1000.132	83.071
1001.524	75.032
1002.768	65.590
1003.847	55.857
1004.760	46.708
1005.523	38.721
1006.156	32.182
1006.686	27.154
1007.137	23.613
1007.535	21.479
1007.903	20.706
1008.265	21.321
1008.645	23.450
1009.072	27.360
1009.579	33.494
1010.208	42.479
1011.013	55.102
1012.061	72.157
1013.431	94.078
1015.202	120.227
1017.428	148.051
1020.103	172.619
1023.121	187.674
1026.282	188.367
1029.338	174.310
1032.066	149.743
1034.346	121.030
1036.150	93.568
1037.526	70.324
1038.555	52.104
1039.316	38.505
1039.880	28.635
1040.302	21.582
1040.623	16.579
1040.872	13.042
1041.070	10.554
1041.233	8.818
1041.371	7.629
1041.492	6.851
1041.603	6.393
1041.708	6.200
1041.811	6.245
1041.917	6.530
1042.030	7.082
1042.154	7.966
1042.296	9.288
1042.464	11.233
1042.671	14.090
1042.934	18.332
1043.282	24.724
1043.757	34.504
1044.429	49.644
1045.403	73.163
1046.842	109.152
1048.975	161.928
1052.076	232.473
1056.364	311.891
1061.802	376.522
1067.906	397.350
1073.881	364.280
1078.995	296.015
1082.945	221.159
1085.802	157.950
1087.807	111.231
1089.210	78.853
1090.205	56.949
1090.928	42.203
1091.468	32.245
1091.885	25.528
1092.219	21.062
1092.498	18.231
1092.744	16.662
1092.972	16.159
1093.198	16.659
1093.435	18.222
1093.699	21.025
1094.008	25.365
1094.386	31.687
1094.863	40.544
1095.479	52.611
1096.281	68.523
1097.326	88.672
1098.674	112.812
1100.372	139.446
1102.444	165.602
1104.852	186.749
1107.505	198.239
1110.244	197.062
1112.893	183.497
1115.299	160.982
1117.365	134.487
1119.065	108.469
1120.421	85.781
1121.491	67.584
1122.333	53.846
1123.009	43.939
1123.564	37.038
1124.038	32.366
1124.456	29.277
1124.838	27.267
1125.198	25.976
1125.543	25.138
1125.880	24.574
1126.212	24.161
1126.540	23.825
1126.866	23.518
1127.188	23.224
1127.509	22.945
1127.828	22.707
1128.145	22.551
1128.462	22.549
1128.782	22.797
1129.107	23.431
1129.445	24.644
1129.804	26.694
1130.198	29.944
1130.646	34.865
1131.173	42.102
1131.816	52.416
1132.623	66.728
1133.655	85.864
1134.983	110.347
1136.678	139.719
1138.800	172.002
1141.361	203.219
1144.314	228.101
1147.535	241.874
1150.847	242.787
1154.077	233.108
1157.103	218.059
1159.883	203.134
1162.441	192.042
1164.841	186.035
1167.152	184.264
1169.425	184.645
1171.682	184.712
1173.914	182.281
1176.089	176.061
1178.162	165.773
1180.089	152.097
1181.838	136.285
1183.391	119.751
1184.746	103.680
1185.915	88.925
1186.915	75.916
1187.769	64.784
1188.498	55.454
1189.125	47.722
1189.666	41.359
1190.137	36.122
1190.551	31.803
1190.917	28.220
1191.245	25.229
1191.539	22.709
1191.806	20.575
1192.049	18.750
1192.272	17.185
1192.478	15.832
1192.669	14.663
1192.847	13.644
1193.014	12.763
1193.172	11.996
1193.320	11.335
1193.462	10.765
1193.598	10.280
1193.728	9.875
1193.855	9.543
1193.978	9.285
1194.099	9.100
1194.218	8.992
1194.337	8.966
1194.456	9.034
1194.578	9.211
1194.703	9.520
1194.834	9.995
1194.973	10.684
1195.122	11.653
1195.287	12.997
1195.474	14.847
1195.689	17.390
1195.944	20.875
1196.254	25.660
1196.639	32.206
1197.125	41.101
1197.751	53.082
1198.562	68.884
1199.615	89.166
1200.974	114.006
1202.697	142.487
1204.822	172.040
1207.336	198.322
1210.164	216.094
1213.157	221.125
1216.133	212.280
1218.908	192.213
1221.364	165.910
1223.444	138.568
1225.161	113.876
1226.563	93.682
1227.717	78.333
1228.686	67.421
1229.526	60.188
1230.282	55.901
1230.992	53.941
1231.683	53.852
1232.379	55.309
1233.099	58.096
1233.859	62.059
1234.675	67.057
1235.559	72.942
1236.522	79.501
1237.571	86.436
1238.711	93.353
1239.936	99.774
1241.240	105.158
1242.606	109.015
1244.013	110.970
1245.435	110.870
1246.846	108.839
1248.221	105.322
1249.545	101.008
1250.811	96.847
1252.023	93.905
1253.201	93.432
1254.380	96.789
1255.609	105.544
1256.963	121.311
1258.527	145.639
1260.410	179.347
1262.714	221.443
1265.522	267.860
1268.846	310.670
1272.591	339.279
1276.546	344.725
1280.424	324.293
1283.951	283.383
1286.945	232.260
1289.344	181.007
1291.185	136.131
1292.556	100.273
1293.562	73.305
1294.298	53.814
1294.840	40.085
1295.247	30.561
1295.560	23.999
1295.808	19.488
1296.012	16.381
1296.185	14.242
1296.337	12.775
1296.476	11.792
1296.605	11.170
1296.728	10.842
1296.849	10.777
1296.971	10.967
1297.096	11.439
1297.228	12.232
1297.371	13.421
1297.529	15.105
1297.709	17.420
1297.919	20.539
1298.169	24.690
1298.471	30.146
1298.844	37.255
1299.307	46.344
1299.886	57.842
1300.609	71.953
1301.512	88.854
1302.622	108.174
1303.968	129.110
1305.560	150.014
1307.391	168.639
1309.421	182.317
1311.579	188.738
1313.776	186.642
1315.911	176.332
1317.894	159.593
1319.664	139.064
1321.189	117.451
1322.466	96.917
1323.514	78.821
1324.365	63.771
1325.055	51.829
1325.617	42.737
1326.085	36.102
1326.483	31.502
1326.835	28.565
1327.157	26.983
1327.466	26.522
1327.773	27.012
1328.089	28.352
1328.425	30.491
1328.789	33.405
1329.190	37.114
1329.640	41.653
1330.145	47.050
1330.721	53.354
1331.374	60.550
1332.118	68.598
1332.960	77.357
1333.910	86.590
1334.971	95.922
1336.143	104.858
1337.417	112.806
1338.781	119.113
1340.210	123.226
1341.677	124.714
1343.151	123.417
1344.597	119.452
1345.986	113.205
1347.294	105.242
1348.503	96.199
1349.603	86.710
1350.592	77.289
1351.471	68.331
1352.249	60.080
1352.933	52.670
1353.534	46.134
1354.061	40.446
1354.526	35.542
1354.935	31.336
1355.298	27.741
1355.621	24.668
1355.910	22.041
1356.170	19.790
1356.404	17.850
1356.617	16.181
1356.811	14.729
1356.989	13.467
1357.152	12.362
1357.304	11.392
1357.443	10.538
1357.574	9.783
1357.696	9.115
1357.811	8.527
1357.919	8.013
1358.021	7.576
1358.118	7.227
1358.212	6.999
1358.303	6.956
1358.396	7.228
1358.494	8.077
1358.606	10.009
1358.750	14.023
1358.959	22.062
1359.297	37.870
1359.889	68.485
1360.969	126.382
1362.958	230.867
1366.522	402.456
1372.472	636.712
1381.200	856.980
1391.775	924.988
1401.949	785.050
1409.765	543.367
1414.826	328.444
1417.775	186.766
1419.432	106.896
1420.386	65.657
1420.983	45.591
1421.410	36.363
1421.760	32.556
1422.080	31.398
1422.392	31.556
1422.710	32.359
1423.038	33.501
1423.379	34.812
1423.734	36.216
1424.106	37.659
1424.495	39.111
1424.898	40.536
1425.319	41.911
1425.755	43.203
1426.206	44.385
1426.671	45.432
1427.147	46.307
1427.635	47.001
1428.130	47.480
1428.632	47.737
1429.138	47.760
1429.645	47.549
1430.151	47.111
1430.652	46.458
1431.149	45.612
1431.637	44.598
1432.116	43.449
1432.584	42.198
1433.039	40.880
1433.482	39.536
1433.911	38.197
1434.327	36.907
1434.731	35.689
1435.123	34.579
1435.504	33.611
1435.877	32.803
1436.242	32.197
1436.603	31.809
1436.961	31.677
1437.320	31.835
1437.683	32.321
1438.053	33.187
1438.437	34.487
1438.837	36.297
1439.261	38.703
1439.717	41.806
1440.212	45.719
1440.757	50.580
1441.362	56.522
1442.041	63.667
1442.809	72.128
1443.680	81.908
1444.671	92.938
1445.793	104.981
1447.056	117.519
1448.466	129.908
1450.011	141.175
1451.679	150.333
1453.437	156.381
1455.245	158.597
1457.060	156.714
1458.834	150.959
1460.524	142.021
1462.101	130.886
1463.542	118.636
1464.842	106.236
1466.002	94.487
1467.031	83.919
1467.946	74.868
1468.764	67.509
1469.505	61.924
1470.188	58.161
1470.835	56.292
1471.467	56.420
1472.107	58.724
1472.779	63.449
1473.513	70.902
1474.339	81.409
1475.293	95.201
1476.412	112.332
1477.730	132.405
1479.276	154.400
1481.069	176.587
1483.092	196.346
1485.314	210.843
1487.658	217.512
1490.034	214.979
1492.344	203.571
1494.490	185.220
1496.419	162.752
1498.092	139.171
1499.511	116.876
1500.698	97.410
1501.686	81.561
1502.515	69.473
1503.226	60.983
1503.856	55.759
1504.439	53.460
1505.004	53.789
1505.580	56.547
1506.192	61.597
1506.864	68.869
1507.621	78.323
1508.483	89.855
1509.475	103.302
1510.614	118.294
1511.914	134.214
1513.383	150.164
1515.014	164.966
1516.791	177.290
1518.681	185.868
1520.640	189.729
1522.617	188.427
1524.557	182.206
1526.414	171.847
1528.147	158.559
1529.732	143.652
1531.161	128.287
1532.429	113.440
1533.548	99.688
1534.530	87.386
1535.390	76.660
1536.147	67.432
1536.813	59.629
1537.405	53.054
1537.933	47.555
1538.408	42.965
1538.841	39.141
1539.236	35.967
1539.601	33.336
1539.941	31.174
1540.261	29.412
1540.565	28.009
1540.856	26.925
1541.137	26.146
1541.413	25.669
1541.685	25.505
1541.957	25.690
1542.233	26.285
1542.518	27.382
1542.817	29.134
1543.138	31.738
1543.491	35.500
1543.890	40.827
1544.353	48.280
1544.906	58.607
1545.582	72.741
1546.425	91.773
1547.493	116.828
1548.852	148.730
1550.573	187.435
1552.722	231.244
1555.336	276.061
1558.395	315.296
1561.803	341.251
1565.391	347.842
1568.945	333.505
1572.261	302.073
1575.195	260.847
1577.682	217.734
1579.730	178.587
1581.400	146.449
1582.767	122.347
1583.914	105.785
1584.912	95.574
1585.824	90.587
1586.695	89.599
1587.565	91.621
1588.459	95.806
1589.397	101.333
1590.392	107.560
1591.446	113.796
1592.560	119.442
1593.725	123.963
1594.931	126.921
1596.160	128.038
1597.394	127.218
1598.615	124.535
1599.805	120.254
1600.950	114.751
1602.039	108.477
1603.067	101.884
1604.031	95.377
1604.934	89.318
1605.780	83.958
1606.577	79.402
1607.332	75.769
1608.056	73.060
1608.755	71.158
1609.440	70.029
1610.116	69.512
1610.789	69.458
1611.464	69.737
1612.143	70.158
1612.828	70.603
1613.517	70.923
1614.211	71.005
1614.906	70.765
1615.599	70.137
1616.286	69.089
1616.963	67.637
1617.627	65.791
1618.272	63.614
1618.897	61.192
1619.499	58.578
1620.075	55.884
1620.626	53.198
1621.152	50.570
1621.653	48.111
1622.131	45.856
1622.589	43.859
1623.028	42.158
1623.452	40.775
1623.865	39.725
1624.268	39.018
1624.666	38.650
1625.063	38.618
1625.461	38.908
1625.865	39.504
1626.276	40.386
1626.699	41.525
1627.135	42.898
1627.588	44.453
1628.059	46.156
1628.550	47.956
1629.060	49.785
1629.593	51.594
1630.145	53.306
1630.716	54.846
1631.305	56.166
1631.908	57.181
1632.523	57.850
1633.146	58.135
1633.772	58.011
1634.397	57.482
1635.016	56.577
1635.626	55.354
1636.224	53.899
1636.806	52.346
1637.373	50.871
1637.926	49.729
1638.469	49.275
1639.011	50.020
1639.566	52.711
1640.159	58.473
1640.826	68.933
1641.626	86.446
1642.643	114.221
1643.998	156.151
1645.854	216.015
1648.400	295.176
1651.818	388.545
1656.188	480.478
1661.383	545.639
1667.011	559.810
1672.506	516.043
1677.343	430.286
1681.224	329.753
1684.116	236.979
1686.154	162.911
1687.540	108.990
1688.463	71.987
1689.073	47.539
1689.477	31.774
1689.749	21.741
1689.936	15.408
1690.071	11.437
1690.173	8.948
1690.254	7.392
1690.322	6.429
1690.381	5.844
1690.437	5.507
1690.489	5.334
1690.541	5.284
1690.592	5.333
1690.644	5.467
1690.699	5.693
1690.755	6.024
1690.816	6.483
1690.882	7.116
1690.955	7.977
1691.038	9.165
1691.134	10.803
1691.248	13.093
1691.389	16.309
1691.565	20.872
1691.794	27.365
1692.096	36.656
1692.504	49.939
1693.064	68.855
1693.839	95.511
1694.914	132.343
1696.401	181.631
1698.424	244.275
1701.110	317.949
1704.532	394.754
1708.663	460.732
1713.321	499.339
1718.178	499.087
1722.850	460.458
1727.012	395.618
1730.488	321.292
1733.252	251.125
1735.383	192.426
1737.005	146.999
1738.242	113.554
1739.201	89.621
1739.961	72.710
1740.583	60.750
1741.107	52.195
1741.560	45.964
1741.962	41.307
1742.326	37.727
1742.660	34.914
1742.971	32.647
1743.264	30.787
1743.541	29.250
1743.806	27.977
1744.061	26.921
1744.307	26.064
1744.547	25.384
1744.782	24.873
1745.013	24.537
1745.242	24.381
1745.472	24.426
1745.702	24.703
1745.937	25.275
1746.179	26.231
1746.432	27.695
1746.701	29.849
1746.995	32.974
1747.322	37.436
1747.696	43.763
1748.138	52.691
1748.674	65.155
1749.344	82.378
1750.194	105.836
1751.289	137.047
1752.706	177.158
1754.529	226.427
1756.837	282.896
1759.676	341.382
1763.036	393.516
1766.809	428.781
1770.806	438.701
1774.775	420.490
1778.473	378.665
1781.719	322.905
1784.432	263.626
1786.613	208.825
1788.324	162.760
1789.652	126.685
1790.686	99.918
1791.505	81.014
1792.174	68.364
1792.745	60.526
1793.257	56.386
1793.740	55.091
1794.216	56.036
1794.707	58.834
1795.225	63.180
1795.785	68.895
1796.398	75.812
1797.075	83.777
1797.825	92.609
1798.653	102.058
1799.567	111.829
1800.566	121.499
1801.651	130.620
1802.811	138.658
1804.040	145.096
1805.319	149.472
1806.630	151.428
1807.953	150.797
1809.262	147.606
1810.536	142.079
1811.758	134.592
1812.911	125.638
1813.982	115.782
1814.967	105.517
1815.863	95.278
1816.671	85.441
1817.396	76.277
1818.043	67.915
1818.621	60.456
1819.135	53.937
1819.596	48.314
1820.011	43.557
1820.386	39.605
1820.729	36.396
1821.047	33.874
1821.344	31.989
1821.626	30.703
1821.899	29.994
1822.168	29.853
1822.437	30.277
1822.712	31.281
1822.999	32.900
1823.302	35.171
1823.629	38.143
1823.986	41.870
1824.380	46.416
1824.818	51.834
1825.310	58.164
1825.863	65.446
1826.488	73.655
1827.192	82.730
1827.982	92.553
1828.865	102.951
1829.849	113.686
1830.933	124.433
1832.112	134.833
1833.389	144.598
1834.754	153.462
1836.191	161.253
1837.698	168.002
1839.260	173.905
1840.869	179.288
1842.523	184.597
1844.218	190.301
1845.961	196.752
1847.755	204.124
1849.612	212.347
1851.533	220.943
1853.522	229.203
1855.572	236.101
1857.667	240.570
1859.784	241.628
1861.891	238.584
1863.953	231.212
1865.930	219.832
1867.794	205.174
1869.522	188.225
1871.096	170.138
1872.510	151.985
1873.769	134.549
1874.881	118.449
1875.858	104.068
1876.717	91.525
1877.473	80.832
1878.143	71.903
1878.740	64.575
1879.279	58.676
1879.771	54.034
1880.227	50.505
1880.656	47.935
1881.065	46.221
1881.461	45.282
1881.853	45.047
1882.244	45.482
1882.642	46.568
1883.051	48.304
1883.478	50.709
1883.929	53.808
1884.410	57.644
1884.927	62.260
1885.487	67.712
1886.099	74.039
1886.770	81.279
1887.507	89.426
1888.320	98.461
1889.215	108.277
1890.200	118.739
1891.279	129.575
1892.453	140.483
1893.722	151.031
1895.082	160.745
1896.523	169.129
1898.031	175.708
1899.590	180.094
1901.177	182.047
1902.771	181.548
1904.353	178.712
1905.901	173.860
1907.400	167.467
1908.836	160.084
1910.205	152.220
1911.503	144.376
1912.732	137.053
1913.898	130.516
1915.008	125.043
1916.073	120.799
1917.104	117.820
1918.111	116.134
1919.105	115.655
1920.098	116.270
1921.097	117.798
1922.111	120.002
1923.145	122.643
1924.200	125.384
1925.280	127.921
1926.379	129.918
1927.494	131.082
1928.616	131.152
1929.735	129.943
1930.841	127.372
1931.922	123.447
1932.966	118.274
1933.965	112.051
1934.908	105.030
1935.790	97.503
1936.609	89.780
1937.361	82.166
1938.050	74.957
1938.680	68.422
1939.257	62.865
1939.788	58.609
1940.287	56.030
1940.768	55.652
1941.252	58.186
1941.765	64.654
1942.345	76.462
1943.041	95.548
1943.919	124.428
1945.071	166.021
1946.611	223.173
1948.671	297.443
1951.388	387.018
1954.865	484.039
1959.111	572.979
1963.983	633.325
1969.178	647.550
1974.297	610.523
1978.967	532.467
1982.916	433.580
1986.052	333.802
1988.422	246.122
1990.153	175.774
1991.378	122.961
1992.231	84.983
1992.822	58.365
1993.228	40.144
1993.507	27.812
1993.703	19.497
1993.840	13.941
1993.939	10.219
1994.013	7.712
1994.069	6.018
1994.113	4.855
1994.149	4.049
1994.180	3.475
1994.206	3.059
1994.229	2.745
1994.250	2.504
1994.270	2.310
1994.288	2.151
1994.305	2.015
1994.320	1.898
1994.336	1.794
1994.350	1.700
1994.364	1.616
1994.377	1.538
1994.389	1.467
1994.401	1.400
1994.412	1.338
1994.423	1.281
1994.434	1.227
1994.444	1.177
1994.454	1.130
1994.463	1.086
1994.473	1.044
1994.482	1.006
1994.490	0.969
1994.498	0.935
1994.506	0.902
1994.514	0.871
1994.522	0.842
1994.529	0.815
1994.536	0.789
1994.543	0.765
1994.550	0.742
1994.556	0.720
1994.563	0.699
1994.569	0.679
1994.575	0.660
1994.581	0.642
1994.587	0.625
1994.593	0.609
1994.598	0.593
1994.604	0.578
1994.609	0.564
1994.615	0.550
1994.620	0.537
1994.625	0.525
1994.630	0.513
1994.634	0.502
1994.639	0.490
1994.644	0.480
1994.649	0.470
1994.653	0.460
1994.657	0.450
1994.662	0.441
1994.666	0.432
1994.671	0.424
1994.675	0.416
1994.679	0.408
1994.683	0.400
1994.687	0.392
1994.691	0.385
1994.695	0.378
1994.699	0.371
1994.703	0.365
1994.706	0.358
1994.710	0.352
1994.714	0.346
1994.717	0.340
1994.721	0.334
1994.724	0.328
1994.728	0.323
1994.731	0.317
1994.735	0.312
1994.738	0.307
1994.741	0.302
1994.745	0.297
1994.748	0.292
1994.751	0.287
1994.754	0.283
1994.758	0.278
1994.761	0.274
1994.764	0.269
1994.767	0.265
1994.770	0.261
1994.773	0.257
1994.776	0.253
1994.779	0.249
1994.781	0.245
1994.784	0.241
1994.787	0.237
1994.790	0.234
1994.793	0.230
1994.795	0.227
1994.798	0.223
1994.801	0.220
1994.803	0.216
1994.806	0.213
1994.808	0.210
1994.811	0.207
1994.814	0.203
1994.816	0.200
1994.819	0.197
1994.821	0.194
1994.823	0.191
1994.826	0.188
1994.828	0.185
1994.831	0.183
1994.833	0.180
1994.835	0.177
1994.838	0.174
1994.840	0.172
1994.842	0.169
1994.844	0.166
1994.846	0.164
1994.849	0.161
1994.851	0.159
1994.853	0.156
1994.855	0.154
1994.857	0.152
1994.859	0.149
1994.861	0.147
1994.863	0.145
1994.865	0.142
1994.867	0.140
1994.869	0.138
1994.871	0.136
1994.873	0.134
1994.875	0.131
1994.876	0.129
1994.878	0.127
1994.880	0.125
1994.882	0.123
1994.884	0.121
1994.885	0.119
1994.887	0.117
1994.889	0.116
1994.891	0.114
1994.892	0.112
1994.894	0.110
1994.896	0.108
1994.897	0.106
1994.899	0.105
1994.901	0.103
1994.902	0.101
1994.904	0.100
1994.905	0.098
1994.907	0.096
1994.908	0.095
1994.910	0.093
1994.911	0.092
1994.912	0.090
1994.914	0.088
1994.915	0.087
1994.917	0.085
1994.918	0.084
1994.920	0.083
1994.921	0.081
1994.922	0.080
1994.923	0.078
1994.925	0.077
1994.926	0.076
1994.927	0.074
1994.929	0.073
1994.930	0.072
1994.931	0.070
1994.932	0.069
1994.933	0.068
1994.935	0.067
1994.936	0.065
1994.937	0.064
1994.938	0.063
1994.939	0.062
1994.940	0.061
1994.941	0.060
1994.942	0.059
1994.943	0.058
1994.944	0.056
1994.945	0.055
1994.946	0.054
1994.947	0.053
