<j>	var(j)
1.619	0.519
2.625	0.355
3.355	0.390
4.804	0.988
6.312	0.689
7.100	0.636
8.117	1.018
9.300	0.856
10.434	1.336
11.697	1.478
13.059	1.618
14.099	1.318
15.087	1.675
16.264	1.199
16.966	0.728
17.556	1.017
18.669	2.167
20.470	2.384
21.676	1.273
22.343	1.263
23.217	2.069
24.605	2.532
25.895	2.192
26.965	2.153
27.992	2.145
29.024	2.647
30.321	4.221
32.172	6.194
34.172	6.694
35.914	6.499
37.379	5.218
38.456	4.247
39.345	4.370
40.304	5.388
41.510	6.793
42.961	7.251
44.365	6.134
45.467	4.987
46.366	4.829
47.274	5.456
48.329	6.228
49.516	6.189
50.643	4.935
51.509	3.369
52.112	2.351
52.569	1.913
52.984	1.852
53.438	2.080
54.005	2.567
54.757	3.337
55.767	5.039
57.325	10.436
60.212	19.439
63.762	16.331
65.821	8.240
66.785	5.096
67.413	3.961
67.933	3.352
68.400	2.994
68.847	2.857
69.308	2.953
69.821	3.295
70.434	3.884
71.193	4.595
72.108	5.069
73.101	4.825
74.014	3.865
74.733	2.809
75.275	2.196
75.743	2.167
76.264	2.779
77.008	4.436
78.258	8.091
80.369	13.171
83.051	14.049
85.245	10.652
86.733	8.309
87.884	7.473
88.926	7.498
89.983	8.554
91.206	10.980
92.748	14.265
94.613	16.514
96.561	16.246
98.303	14.540
99.775	12.939
101.045	11.650
102.176	10.402
103.173	9.115
104.049	7.947
104.824	7.142
105.535	6.850
106.244	7.201
107.008	8.284
107.920	10.196
109.050	12.832
110.447	15.616
112.080	17.458
113.786	17.726
115.418	16.901
116.907	16.142
118.289	15.721
119.611	15.468
120.883	14.786
122.076	13.455
123.145	11.533
124.055	9.353
124.796	7.277
125.379	5.552
125.837	4.270
126.203	3.409
126.510	2.947
126.792	2.865
127.086	3.256
127.447	4.358
127.966	6.689
128.800	10.961
130.177	17.148
132.187	22.042
134.461	20.822
136.331	15.020
137.595	9.958
138.428	7.353
139.071	6.487
139.667	6.625
140.303	7.369
141.034	8.534
141.893	9.861
142.894	11.220
144.014	12.763
145.288	15.415
146.813	20.746
148.803	29.284
151.435	37.568
154.379	37.722
156.957	28.981
158.757	19.052
159.888	12.499
160.645	9.076
161.204	7.428
161.682	6.634
162.128	6.250
162.557	6.042
162.990	5.952
163.426	5.942
163.877	6.038
164.351	6.349
164.867	6.991
165.452	8.173
166.163	10.138
167.056	12.978
168.212	16.503
169.647	19.678
171.279	21.094
172.940	20.284
174.455	18.227
175.780	16.672
176.995	16.768
178.214	18.781
179.588	22.762
181.238	28.020
183.172	32.802
185.315	35.196
187.476	34.239
189.442	31.208
191.161	27.916
192.660	25.201
193.990	23.097
195.200	21.077
196.293	18.702
197.254	15.999
198.073	13.184
198.763	10.490
199.309	8.300
199.747	6.653
200.116	5.586
200.430	5.110
200.733	5.215
201.058	6.005
201.447	7.736
201.968	10.838
202.732	16.060
203.866	24.042
205.532	34.663
207.836	45.519
210.607	51.632
213.463	50.037
215.996	42.493
218.005	32.994
219.506	24.442
220.601	17.763
221.397	13.050
221.987	10.070
222.454	8.490
222.862	7.968
223.259	8.299
223.688	9.576
224.197	11.903
224.849	15.401
225.706	20.148
226.831	25.691
228.246	30.646
229.880	32.963
231.566	31.452
233.108	26.801
234.383	21.038
235.371	16.120
236.128	12.988
236.753	11.608
237.326	11.591
237.921	12.771
238.594	14.941
239.390	17.678
240.338	20.510
241.437	22.787
242.633	23.855
243.867	23.482
245.063	21.942
246.167	20.202
247.180	19.069
248.136	18.829
249.098	19.513
250.099	20.907
251.175	22.567
252.334	23.919
253.543	24.611
254.771	24.583
255.992	24.036
257.166	23.148
258.288	22.166
259.361	21.286
260.390	20.540
261.379	19.898
262.338	19.416
263.283	19.346
264.227	19.946
265.206	21.315
266.259	23.439
267.419	26.124
268.700	28.602
270.092	29.917
271.497	28.987
272.837	25.917
274.001	21.471
274.954	16.835
275.699	12.938
276.275	10.234
276.741	8.841
277.161	8.722
277.594	9.955
278.101	12.667
278.777	17.620
279.734	25.951
281.142	39.129
283.222	58.185
286.160	80.805
289.918	98.381
293.995	99.035
297.653	82.104
300.437	58.658
302.310	38.667
303.529	24.927
304.313	16.695
304.843	12.163
305.241	9.827
305.569	8.780
305.876	8.521
306.177	8.683
306.494	9.209
306.840	9.995
307.219	11.002
307.648	12.236
308.130	13.695
308.676	15.414
309.302	17.366
310.013	19.649
310.831	22.345
311.763	25.439
312.818	28.956
314.017	32.781
315.358	36.306
316.836	38.837
318.378	39.574
319.913	38.035
321.346	34.633
322.633	30.216
323.742	26.045
324.707	22.983
325.557	21.620
326.366	22.117
327.217	24.442
328.158	28.032
329.254	32.395
330.507	36.302
331.888	38.503
333.329	38.166
334.721	35.253
335.989	30.705
337.080	25.922
338.000	21.985
338.770	19.413
339.473	18.340
340.147	18.710
340.850	20.515
341.632	23.692
342.545	28.268
343.635	34.115
344.939	40.772
346.499	47.706
348.288	53.576
350.229	56.896
352.212	57.220
354.152	54.749
355.953	50.706
357.596	46.313
359.080	42.606
360.428	39.748
361.672	37.883
362.851	36.632
363.993	35.784
365.122	35.105
366.226	34.210
367.275	33.110
368.298	31.777
369.285	30.501
370.228	29.638
371.153	29.352
372.075	29.910
373.014	31.318
373.998	33.510
375.049	36.134
376.178	38.710
377.416	40.749
378.702	41.310
379.967	40.044
381.166	37.044
382.286	32.779
383.276	28.121
384.106	23.817
384.816	20.337
385.435	18.165
385.991	17.710
386.547	19.226
387.168	23.353
387.946	30.790
388.981	42.070
390.388	57.005
392.266	73.537
394.593	86.883
397.212	91.759
399.875	85.500
402.240	71.289
404.130	55.572
405.571	42.680
406.665	33.956
407.531	28.714
408.284	26.137
409.002	25.213
409.686	25.185
410.372	25.661
411.077	26.470
411.791	27.475
412.554	28.785
413.375	30.569
414.240	33.083
415.180	36.653
416.215	41.243
417.381	46.979
418.713	53.707
420.221	60.478
421.911	66.132
423.711	69.521
425.570	69.732
427.371	66.661
429.070	61.241
430.607	54.605
431.955	47.615
433.126	41.475
434.150	36.577
435.051	33.032
435.863	30.715
436.625	29.543
437.366	29.436
438.114	30.205
438.891	32.164
439.726	35.545
440.660	40.514
441.712	47.110
442.938	55.254
444.378	64.304
446.026	73.079
447.870	80.386
449.871	84.639
451.915	84.796
453.900	80.840
455.765	73.861
457.441	65.238
458.875	56.545
460.115	48.704
461.186	42.240
462.121	37.078
462.950	33.043
463.697	29.923
464.366	27.600
464.978	25.885
465.563	24.675
466.131	23.957
466.685	23.709
467.245	23.836
467.821	24.294
468.411	25.120
469.005	26.137
469.635	27.496
470.312	29.367
471.047	31.875
471.842	35.291
472.722	39.800
473.724	45.602
474.870	52.625
476.180	60.519
477.681	69.061
479.385	77.336
481.265	83.863
483.265	87.331
485.286	87.075
487.267	83.521
489.119	77.732
490.801	71.647
492.344	66.358
493.769	62.416
495.113	60.075
496.402	58.828
497.659	58.062
498.895	57.130
500.074	55.728
501.228	53.622
502.338	50.733
503.394	47.199
504.385	43.292
505.301	39.495
506.130	36.223
506.882	33.749
507.587	32.112
508.266	31.377
508.939	31.631
509.622	32.800
510.340	34.737
511.111	37.364
511.943	40.487
512.835	43.791
513.782	47.045
514.810	50.019
515.909	52.447
517.069	54.168
518.269	55.094
519.486	55.426
520.687	55.559
521.883	55.802
523.076	56.466
524.286	57.690
525.519	59.590
526.799	61.928
528.125	64.180
529.491	65.910
530.883	66.416
532.278	65.334
533.607	62.692
534.886	58.545
536.071	53.212
537.147	47.255
538.103	41.228
538.943	35.565
539.666	30.623
540.286	26.521
540.820	23.285
541.296	20.816
541.726	19.085
542.128	18.037
542.515	17.636
542.901	17.906
543.303	18.842
543.729	20.464
544.191	22.838
544.702	26.014
545.295	30.046
545.990	34.895
546.813	40.488
547.772	46.402
548.875	52.152
550.114	57.037
551.441	60.322
552.799	61.579
554.173	60.769
555.529	58.157
556.823	54.348
558.022	50.183
559.122	46.220
560.139	42.801
561.088	40.051
561.979	37.980
562.810	36.541
563.606	35.565
564.389	34.892
565.164	34.381
565.937	33.921
566.712	33.419
567.478	32.868
568.229	32.345
568.972	31.796
569.692	31.263
570.399	30.876
571.103	30.797
571.817	31.028
572.545	31.668
573.296	32.792
574.076	34.458
574.903	36.668
575.789	39.355
576.728	42.293
577.725	45.472
578.802	48.991
579.969	52.753
581.233	56.787
582.588	61.063
584.031	65.416
585.562	69.582
587.170	73.070
588.842	75.364
590.516	75.665
592.185	74.042
593.793	70.359
595.307	64.918
596.693	58.408
597.941	51.571
599.033	45.231
599.985	39.902
600.825	35.808
601.575	33.130
602.276	31.806
602.964	31.847
603.661	33.149
604.395	35.655
605.192	39.367
606.079	44.171
607.086	49.972
608.223	56.385
609.497	62.889
610.875	68.801
612.368	73.535
613.960	76.236
615.593	76.281
617.204	73.541
618.734	68.400
620.139	61.691
621.402	54.282
622.506	47.000
623.463	40.372
624.274	34.926
624.976	30.864
625.602	28.265
626.184	27.320
626.759	28.252
627.365	31.362
628.051	37.188
628.872	46.141
629.902	58.667
631.213	74.636
632.860	92.865
634.863	110.531
637.176	123.657
639.685	128.570
642.251	123.709
644.637	110.879
646.713	94.452
648.448	78.789
649.889	66.812
651.115	59.404
652.203	57.137
653.253	59.454
654.364	66.168
655.615	76.888
657.064	90.980
658.773	107.408
660.759	123.951
663.003	137.453
665.447	145.228
667.958	145.068
670.390	136.919
672.639	122.811
674.617	105.607
676.286	88.626
677.671	73.751
678.832	61.369
679.794	52.215
680.617	45.887
681.348	41.860
682.014	39.483
682.648	38.665
683.274	38.917
683.914	39.912
684.583	41.666
685.262	43.766
685.980	46.071
686.761	48.520
687.579	50.895
688.429	53.210
689.331	55.114
690.255	56.486
691.192	57.411
692.152	57.829
693.122	57.388
694.083	56.436
695.034	55.015
695.949	53.188
696.843	51.041
697.700	48.821
698.521	46.762
699.307	44.964
700.063	43.585
700.800	42.792
701.522	42.682
702.250	43.526
703.010	45.651
703.807	48.934
704.648	53.423
705.587	59.436
706.634	66.772
707.802	74.931
709.123	83.690
710.589	92.008
712.163	98.769
713.853	103.360
715.589	105.269
717.317	104.569
719.052	101.796
720.713	98.177
722.303	95.017
723.821	93.103
725.299	92.635
726.779	94.295
728.275	97.450
729.825	101.208
731.414	104.095
733.011	105.256
734.660	104.190
736.272	99.809
737.755	92.808
739.138	83.692
740.378	73.174
741.467	62.514
742.395	52.431
743.163	43.498
743.800	36.024
744.334	29.886
744.778	25.055
745.150	21.404
745.477	18.698
745.766	16.968
746.029	16.058
746.282	15.859
746.534	16.436
746.805	17.960
747.103	20.585
747.438	24.251
747.857	29.925
748.372	37.693
749.026	48.184
749.863	61.828
750.921	78.462
752.297	98.471
753.989	119.653
756.017	139.226
758.371	153.514
760.813	158.485
763.306	153.346
765.667	138.696
767.741	118.621
769.495	96.955
770.917	76.546
772.032	59.916
772.897	47.129
773.572	37.665
774.125	31.180
774.587	26.968
774.987	24.431
775.358	23.295
775.721	23.318
776.080	24.380
776.464	26.602
776.891	29.966
777.377	34.792
777.946	41.410
778.626	50.148
779.442	61.368
780.474	75.852
781.730	93.056
783.274	112.856
785.112	133.235
787.229	151.807
789.636	166.012
792.201	172.751
794.820	171.463
797.324	162.414
799.638	148.464
801.755	132.441
803.590	117.181
805.220	104.359
806.661	94.803
807.971	88.436
809.187	84.013
810.347	81.640
811.480	80.845
812.562	80.374
813.689	80.676
814.810	80.794
815.931	80.577
817.027	80.146
818.127	79.451
819.215	77.858
820.273	76.435
821.336	74.765
822.356	73.096
823.356	71.506
824.332	69.746
825.280	68.403
826.203	66.950
827.131	65.591
828.030	64.201
828.930	62.692
829.777	60.903
830.605	58.788
831.423	56.396
832.182	53.816
832.945	51.067
833.646	48.208
834.307	45.446
834.950	42.665
835.533	40.344
836.104	38.408
836.649	36.914
837.169	36.324
837.692	36.432
838.211	37.353
838.761	39.762
839.341	43.109
839.974	48.138
840.701	55.011
841.529	63.529
842.481	73.558
843.591	85.205
844.870	97.592
846.286	109.094
847.908	119.611
849.671	126.920
851.539	129.957
853.353	128.159
855.153	121.966
856.850	112.252
858.367	100.940
859.760	89.065
860.970	78.490
862.021	69.627
862.968	62.677
863.821	58.220
864.609	55.786
865.377	55.424
866.142	56.979
866.952	59.903
867.787	64.222
868.705	69.899
869.680	76.153
870.730	83.416
871.927	91.232
873.214	99.755
874.600	108.604
876.146	118.074
877.771	128.072
879.522	137.949
881.405	148.025
883.418	157.931
885.516	165.688
887.714	171.834
889.955	174.591
892.173	173.653
894.388	169.322
896.474	161.935
898.475	152.249
900.345	141.473
902.051	130.960
903.606	121.849
905.092	114.250
906.431	108.590
907.756	104.944
908.987	102.272
910.216	100.460
911.389	99.043
912.575	97.860
913.733	96.156
914.886	94.091
915.986	90.852
917.074	87.127
918.070	82.142
919.058	76.700
919.934	70.916
920.777	65.024
921.534	59.091
922.235	53.533
922.868	48.219
923.443	43.400
923.951	39.079
924.428	35.348
924.844	32.312
925.237	29.917
925.602	28.116
925.937	27.034
926.277	26.461
926.602	26.626
926.944	27.459
927.297	29.229
927.670	32.075
928.087	35.939
928.555	41.339
929.086	47.703
929.737	56.068
930.475	65.936
931.366	77.507
932.397	90.050
933.591	103.171
934.953	115.419
936.517	126.182
938.121	132.998
939.844	135.492
941.600	132.933
943.236	125.863
944.815	114.920
946.217	101.901
947.467	88.175
948.517	75.337
949.469	62.986
950.221	53.692
950.882	46.426
951.458	41.796
951.972	40.135
952.481	41.078
953.000	45.552
953.589	53.307
954.290	66.223
955.176	85.141
956.301	110.809
957.798	145.280
959.666	185.361
962.098	231.309
965.089	275.598
968.476	308.986
972.245	323.752
976.010	315.203
979.565	286.432
982.731	244.383
985.345	199.909
987.435	158.990
989.106	124.490
990.388	98.282
991.408	78.898
992.228	64.700
992.913	54.747
993.483	47.848
994.000	42.752
994.452	39.468
994.874	37.011
995.274	35.536
995.657	34.352
996.045	33.824
996.408	33.340
996.801	33.400
997.160	33.396
997.554	33.798
997.914	34.197
998.316	34.838
998.701	35.506
999.122	36.286
999.541	37.149
999.983	38.018
1000.440	38.990
1000.892	39.913
1001.357	40.861
1001.839	41.870
1002.328	42.884
1002.859	44.033
1003.371	45.164
1003.948	46.580
1004.485	47.882
1005.087	49.492
1005.676	50.864
1006.313	52.800
1006.959	54.658
1007.641	57.150
1008.343	59.719
1009.097	62.806
1009.868	65.946
1010.702	69.482
1011.555	72.996
1012.487	76.985
1013.449	81.084
1014.464	85.391
1015.545	89.783
1016.646	94.085
1017.836	98.085
1019.047	102.191
1020.319	105.553
1021.642	109.013
1022.974	112.469
1024.354	115.875
1025.799	119.625
1027.242	123.724
1028.756	128.073
1030.311	133.497
1031.899	138.838
1033.601	145.671
1035.310	152.496
1037.149	160.033
1039.019	166.927
1040.992	173.292
1043.005	177.925
1045.039	180.909
1047.069	181.737
1049.125	181.223
1051.117	179.324
1053.119	176.664
1055.046	173.744
1056.935	170.709
1058.793	168.445
1060.571	165.909
1062.371	164.233
1064.066	161.348
1065.811	158.361
1067.440	153.816
1069.059	147.974
1070.586	141.123
1072.044	132.676
1073.409	123.993
1074.655	114.860
1075.828	105.897
1076.896	97.768
1077.887	90.278
1078.809	84.439
1079.665	79.699
1080.490	76.919
1081.273	75.800
1082.065	76.645
1082.844	79.598
1083.689	84.546
1084.558	91.684
1085.529	100.638
1086.573	112.003
1087.742	124.449
1089.070	139.530
1090.519	154.042
1092.123	168.745
1093.855	180.968
1095.703	190.310
1097.666	195.447
1099.614	194.948
1101.563	189.267
1103.438	178.477
1105.164	164.229
1106.766	147.353
1108.139	130.115
1109.417	112.332
1110.467	96.148
1111.394	81.243
1112.169	68.381
1112.814	57.523
1113.375	48.268
1113.823	40.924
1114.231	34.839
1114.550	30.138
1114.858	26.124
1115.104	23.197
1115.340	20.695
1115.546	18.911
1115.735	17.463
1115.916	16.474
1116.077	15.738
1116.248	15.325
1116.396	15.087
1116.564	15.051
1116.715	15.201
1116.886	15.470
1117.044	15.904
1117.225	16.466
1117.396	17.165
1117.592	17.991
1117.781	18.962
1118.001	20.068
1118.217	21.323
1118.468	22.725
1118.717	24.316
1119.008	26.064
1119.299	28.039
1119.642	30.212
1119.980	32.641
1120.366	35.325
1120.763	38.372
1121.221	41.786
1121.708	45.657
1122.258	49.976
1122.858	54.936
1123.528	60.446
1124.270	66.721
1125.066	73.549
1125.941	81.078
1126.917	89.205
1127.986	97.882
1129.180	106.941
1130.457	115.818
1131.863	124.726
1133.328	131.705
1134.928	137.922
1136.507	140.747
1138.179	141.470
1139.757	139.074
1141.396	133.951
1142.880	126.777
1144.346	117.552
1145.651	107.644
1146.873	96.889
1147.948	86.701
1148.920	76.609
1149.754	68.020
1150.516	59.925
1151.171	53.364
1151.779	47.510
1152.299	43.062
1152.805	39.112
1153.234	36.519
1153.672	34.104
1154.054	32.887
1154.442	31.730
1154.804	31.450
1155.174	31.428
1155.544	31.905
1155.928	32.772
1156.319	33.869
1156.743	35.497
1157.164	37.157
1157.654	39.403
1158.105	41.522
1158.636	44.132
1159.163	46.984
1159.754	50.341
1160.397	54.430
1161.068	59.306
1161.847	65.630
1162.640	73.505
1163.578	83.887
1164.651	97.362
1165.879	114.059
1167.371	135.096
1169.054	160.167
1171.089	188.825
1173.451	218.733
1176.133	246.419
1179.129	267.815
1182.286	277.583
1185.442	275.715
1188.550	260.195
1191.381	238.244
1193.968	210.145
1196.189	184.105
1198.126	159.999
1199.797	141.518
1201.285	127.388
1202.603	118.538
1203.859	113.490
1205.045	112.660
1206.229	114.317
1207.456	119.492
1208.689	125.319
1210.051	133.872
1211.425	141.691
1212.954	150.580
1214.517	157.761
1216.145	162.989
1217.871	165.960
1219.551	165.348
1221.254	161.521
1222.858	154.446
1224.409	144.713
1225.856	133.009
1227.156	120.728
1228.378	107.521
1229.404	96.159
1230.379	84.632
1231.186	75.874
1231.960	67.833
1232.605	62.464
1233.241	58.109
1233.812	55.764
1234.382	54.738
1234.933	55.165
1235.499	56.893
1236.087	59.694
1236.704	63.765
1237.366	68.420
1238.088	74.246
1238.859	80.191
1239.708	86.719
1240.596	92.918
1241.587	98.902
1242.598	104.250
1243.713	108.450
1244.807	111.779
1245.999	112.989
1247.127	113.521
1248.314	111.797
1249.428	109.945
1250.577	106.198
1251.653	103.005
1252.704	98.783
1253.714	95.766
1254.685	92.939
1255.643	91.638
1256.573	91.964
1257.525	94.233
1258.498	99.145
1259.537	106.566
1260.632	117.297
1261.852	130.610
1263.213	147.534
1264.741	166.367
1266.485	188.003
1268.411	208.503
1270.536	227.491
1272.822	241.516
1275.200	249.030
1277.665	248.632
1280.073	240.193
1282.343	224.340
1284.464	203.412
1286.315	180.112
1287.999	155.625
1289.425	133.021
1290.631	112.257
1291.659	94.858
1292.494	80.144
1293.249	68.024
1293.859	58.505
1294.404	50.903
1294.869	44.924
1295.281	40.492
1295.664	37.048
1295.998	34.896
1296.341	33.094
1296.650	32.378
1296.970	32.217
1297.277	32.765
1297.607	34.107
1297.937	36.119
1298.302	38.919
1298.687	42.696
1299.118	47.323
1299.585	52.841
1300.137	59.778
1300.722	67.425
1301.440	76.851
1302.191	86.464
1303.103	97.560
1304.083	108.721
1305.198	119.764
1306.435	130.270
1307.731	138.703
1309.153	145.042
1310.611	148.446
1312.079	148.037
1313.559	144.559
1314.925	137.655
1316.332	128.197
1317.539	117.143
1318.701	104.945
1319.695	92.911
1320.592	81.213
1321.371	70.660
1322.040	61.201
1322.640	53.006
1323.144	46.423
1323.596	40.920
1324.004	36.800
1324.360	33.787
1324.705	31.959
1325.017	31.199
1325.339	31.334
1325.660	32.633
1325.992	34.700
1326.363	38.121
1326.754	42.418
1327.216	48.169
1327.706	54.948
1328.324	63.742
1328.973	73.348
1329.800	85.238
1330.672	97.687
1331.761	112.174
1332.933	127.022
1334.305	142.272
1335.804	157.672
1337.490	172.138
1339.263	185.960
1341.246	199.058
1343.241	212.157
1345.460	226.358
1347.717	245.242
1350.214	266.292
1352.844	294.715
1355.809	327.129
1358.965	361.804
1362.478	393.505
1366.162	415.991
1369.980	423.648
1373.796	412.987
1377.425	385.665
1380.694	345.283
1383.664	296.028
1386.094	250.303
1388.154	205.765
1389.801	170.094
1391.228	140.859
1392.330	117.909
1393.307	101.307
1394.141	89.199
1394.855	80.589
1395.554	75.209
1396.148	71.210
1396.739	69.154
1397.330	67.782
1397.872	67.289
1398.473	67.273
1399.036	67.676
1399.613	68.548
1400.192	69.573
1400.795	71.385
1401.399	73.576
1402.026	75.845
1402.704	79.402
1403.371	83.207
1404.119	88.232
1404.883	94.655
1405.686	100.788
1406.597	109.364
1407.527	118.111
1408.565	127.670
1409.725	138.736
1410.902	148.557
1412.201	158.688
1413.583	167.661
1415.055	175.610
1416.550	179.888
1418.100	182.532
1419.693	181.149
1421.181	176.842
1422.738	169.876
1424.093	160.129
1425.456	148.865
1426.698	136.181
1427.766	123.664
1428.863	110.168
1429.739	98.283
1430.569	86.736
1431.282	76.565
1431.912	67.558
1432.479	59.876
1432.963	53.162
1433.409	47.711
1433.812	42.880
1434.179	39.155
1434.515	36.292
1434.816	33.947
1435.107	32.536
1435.382	31.205
1435.658	30.537
1435.933	30.563
1436.201	30.826
1436.478	31.716
1436.751	32.595
1437.048	34.016
1437.355	35.734
1437.676	37.745
1438.027	40.226
1438.389	42.789
1438.801	45.907
1439.210	48.898
1439.665	52.147
1440.141	55.522
1440.665	58.889
1441.230	62.439
1441.807	65.855
1442.445	68.958
1443.064	72.016
1443.756	74.311
1444.431	76.535
1445.180	78.232
1445.892	79.189
1446.663	80.153
1447.419	80.141
1448.164	80.250
1448.958	79.259
1449.658	78.562
1450.448	77.182
1451.145	76.305
1451.889	74.958
1452.590	73.976
1453.301	73.341
1453.995	72.328
1454.692	72.237
1455.372	71.883
1456.071	72.462
1456.761	73.132
1457.476	74.214
1458.199	76.137
1458.927	77.912
1459.715	80.895
1460.484	83.732
1461.330	87.716
1462.165	92.180
1463.095	97.727
1464.035	104.437
1465.070	112.733
1466.187	123.651
1467.402	137.350
1468.781	157.074
1470.306	182.381
1472.137	219.689
1474.315	270.367
1476.957	339.760
1480.311	431.068
1484.490	544.264
1489.549	663.043
1495.545	770.026
1502.385	837.680
1509.230	837.267
1515.896	770.880
1521.820	660.166
1526.663	532.500
1530.453	413.263
1533.400	311.454
1535.563	234.653
1537.162	177.225
1538.416	135.066
1539.354	105.237
1540.059	84.776
1540.676	68.855
1541.151	57.910
1541.551	49.954
1541.923	43.278
1542.224	38.519
1542.501	34.794
1542.766	31.353
1542.983	28.871
1543.197	26.819
1543.398	24.729
1543.573	23.226
1543.753	21.897
1543.914	20.458
1544.070	19.422
1544.224	18.458
1544.355	17.474
1544.490	16.792
1544.621	16.142
1544.733	15.483
1544.860	15.060
1544.980	14.575
1545.082	14.181
1545.207	14.007
1545.318	13.634
1545.420	13.477
1545.539	13.409
1545.637	13.195
1545.745	13.256
1545.860	13.254
1545.958	13.281
1546.082	13.546
1546.187	13.648
1546.287	13.938
1546.421	14.273
1546.535	14.573
1546.663	15.081
1546.794	15.560
1546.918	16.216
1547.064	16.899
1547.204	17.598
1547.357	18.501
1547.524	19.426
1547.700	20.653
1547.884	21.843
1548.072	23.092
1548.284	24.674
1548.494	26.082
1548.741	27.990
1548.985	29.775
1549.257	31.726
1549.568	34.154
1549.858	36.210
1550.221	38.906
1550.545	41.179
1550.938	43.664
1551.363	46.507
1551.775	48.936
1552.269	51.833
1552.712	54.228
1553.259	56.619
1553.772	58.935
1554.335	60.832
1554.919	62.780
1555.495	64.225
1556.125	65.459
1556.729	66.626
1557.388	67.241
1558.012	68.178
1558.683	68.834
1559.312	70.328
1560.013	72.304
1560.691	75.998
1561.444	82.268
1562.242	92.929
1563.164	111.303
1564.291	141.237
1565.700	189.484
1567.634	263.571
1570.317	376.200
1574.059	525.988
1579.187	709.372
1585.896	889.645
1593.778	1005.780
1602.234	1009.130
1610.269	898.132
1617.047	716.634
1622.115	533.546
1625.913	375.675
1628.488	262.398
1630.258	186.319
1631.560	136.651
1632.490	105.839
1633.216	88.264
1633.861	77.058
1634.382	71.321
1634.905	69.216
1635.418	68.051
1635.882	69.120
1636.419	71.665
1636.935	73.886
1637.453	77.995
1638.078	83.123
1638.655	87.667
1639.300	94.256
1640.067	101.676
1640.764	108.851
1641.592	117.840
1642.530	127.216
1643.406	136.894
1644.449	147.531
1645.578	158.113
1646.725	168.876
1648.016	179.024
1649.326	187.939
1650.737	196.189
1652.239	202.212
1653.650	206.204
1655.206	208.060
1656.737	207.523
1658.172	204.386
1659.710	198.427
1661.138	191.806
1662.485	182.442
1663.832	171.200
1665.052	161.656
1666.189	150.016
1667.248	138.498
1668.252	128.819
1669.157	118.373
1669.969	109.198
1670.799	101.153
1671.505	93.732
1672.139	87.753
1672.824	82.488
1673.397	78.659
1673.928	76.057
1674.524	74.178
1675.049	73.848
1675.565	74.989
1676.152	77.209
1676.711	81.211
1677.297	87.361
1677.968	95.216
1678.677	105.942
1679.467	119.853
1680.369	135.849
1681.406	156.462
1682.601	180.740
1683.911	206.073
1685.504	236.870
1687.341	269.845
1689.258	300.299
1691.512	330.647
1693.976	356.174
1696.452	374.499
1699.174	383.010
1701.893	381.554
1704.537	372.500
1707.177	352.427
1709.537	327.508
1711.770	300.601
1713.830	272.095
1715.569	246.106
1717.234	222.134
1718.731	202.499
1720.041	187.073
1721.300	174.278
1722.456	166.024
1723.556	161.197
1724.644	158.690
1725.692	158.418
1726.736	160.250
1727.850	163.917
1728.935	167.416
1730.009	171.787
1731.213	177.173
1732.398	181.230
1733.555	184.939
1734.831	188.282
1736.118	190.020
1737.323	190.817
1738.593	190.124
1739.884	187.401
1741.083	183.986
1742.298	179.428
1743.497	173.287
1744.640	166.455
1745.721	159.323
1746.749	151.850
1747.757	143.256
1748.687	135.475
1749.572	128.350
1750.426	120.285
1751.213	113.187
1751.943	107.335
1752.649	100.926
1753.311	94.856
1753.940	90.372
1754.539	86.184
1755.110	81.642
1755.652	78.242
1756.172	75.677
1756.675	72.576
1757.153	70.176
1757.632	69.013
1758.104	67.035
1758.546	65.589
1758.988	65.335
1759.450	64.288
1759.877	63.636
1760.300	63.944
1760.766	63.695
1761.189	63.794
1761.624	64.636
1762.091	64.845
1762.521	65.524
1762.982	66.889
1763.456	67.339
1763.914	68.543
1764.419	70.308
1764.900	71.054
1765.392	72.470
1765.943	74.407
1766.443	75.391
1766.964	76.862
1767.567	78.822
1768.095	79.988
1768.637	81.190
1769.290	82.984
1769.859	84.200
1770.422	84.968
1771.113	86.285
1771.712	87.288
1772.300	87.612
1773.009	88.280
1773.623	88.860
1774.226	88.755
1774.929	88.785
1775.562	88.722
1776.184	88.189
1776.863	87.568
1777.496	87.018
1778.132	86.157
1778.772	85.136
1779.391	84.469
1780.024	83.724
1780.618	82.736
1781.240	82.164
1781.870	81.815
1782.440	81.185
1783.066	80.884
1783.703	81.164
1784.258	81.267
1784.893	81.667
1785.546	82.954
1786.108	84.180
1786.755	85.705
1787.447	88.430
1788.068	90.967
1788.767	93.988
1789.538	98.641
1790.249	103.428
1791.041	108.918
1791.937	116.481
1792.786	125.429
1793.735	135.610
1794.815	148.202
1795.947	164.677
1797.217	183.670
1798.642	205.617
1800.254	233.767
1802.068	265.073
1804.069	299.272
1806.393	338.406
1808.926	376.883
1811.730	414.943
1814.819	447.248
1818.077	470.358
1821.462	481.656
1824.885	478.208
1828.173	461.631
1831.334	433.301
1834.332	396.023
1836.902	355.518
1839.289	313.436
1841.359	272.876
1843.072	236.564
1844.635	203.655
1845.960	175.436
1847.077	151.702
1848.058	132.255
1848.946	116.486
1849.681	102.755
1850.330	92.421
1850.969	83.721
1851.494	76.383
1851.990	71.134
1852.477	66.363
1852.919	62.476
1853.319	59.622
1853.718	57.086
1854.118	54.930
1854.469	53.294
1854.840	51.962
1855.204	50.629
1855.527	49.576
1855.879	48.707
1856.216	47.705
1856.536	46.889
1856.866	46.092
1857.177	45.242
1857.494	44.413
1857.809	43.517
1858.106	42.680
1858.405	41.783
1858.699	40.772
1858.986	39.873
1859.270	38.888
1859.543	37.837
1859.808	36.912
1860.079	35.911
1860.337	34.878
1860.578	34.077
1860.832	33.174
1861.074	32.310
1861.298	31.823
1861.543	31.219
1861.770	30.814
1861.987	30.960
1862.235	31.078
1862.461	31.688
1862.688	33.107
1862.958	34.799
1863.211	37.588
1863.493	41.819
1863.827	47.018
1864.181	54.676
1864.611	64.643
1865.114	77.049
1865.733	95.023
1866.497	117.089
1867.409	144.207
1868.595	181.065
1870.037	223.830
1871.752	273.635
1873.949	333.136
1876.528	395.757
1879.542	460.160
1883.060	520.096
1886.888	566.953
1891.087	601.427
1895.453	617.369
1899.666	614.400
1903.931	597.442
1908.011	575.209
1911.805	550.354
1915.386	521.463
1918.730	494.261
1921.962	467.926
1924.961	440.962
1927.630	413.802
1930.249	384.258
1932.683	353.334
1934.820	324.203
1936.758	294.693
1938.586	262.944
1940.179	235.401
1941.606	211.789
1942.866	188.536
1943.971	168.620
1945.030	152.599
1945.972	138.754
1946.749	126.528
1947.515	117.077
1948.285	109.503
1948.913	103.751
1949.517	99.368
1950.159	95.864
1950.773	94.066
1951.292	92.874
1951.887	92.090
1952.500	92.210
1953.039	93.646
1953.610	95.245
1954.220	97.024
1954.835	100.325
1955.443	104.481
1956.117	107.872
1956.788	112.097
1957.507	118.404
1958.279	124.516
1959.042	130.060
1959.836	137.090
1960.770	145.728
1961.689	152.590
1962.601	159.889
1963.645	167.855
1964.786	175.699
1965.842	182.619
1966.939	188.145
1968.210	193.217
1969.447	197.889
1970.638	200.282
1971.877	199.969
1973.174	199.262
1974.463	197.655
1975.640	192.897
1976.774	186.673
1978.037	180.360
1979.172	172.727
1980.159	164.155
1981.168	154.349
1982.222	144.634
1983.094	135.745
1983.844	126.446
1984.684	116.608
1985.458	108.458
1986.063	100.980
1986.638	92.622
1987.293	85.219
1987.849	79.321
1988.280	73.231
1988.734	67.449
1989.220	62.639
1989.586	58.234
1989.873	54.113
1990.288	50.038
1990.651	46.610
1990.877	43.700
1991.151	40.658
1991.475	37.850
1991.682	35.682
1991.860	33.517
1992.138	31.078
1992.353	29.266
1992.488	27.782
1992.688	25.789
1992.898	24.171
1993.023	23.001
1993.161	21.524
1993.343	20.083
1993.462	19.160
1993.556	18.055
1993.713	16.732
1993.834	15.929
1993.905	15.131
1994.021	13.999
1994.143	13.284
1994.211	12.646
1994.295	11.740
1994.398	11.118
1994.467	10.592
1994.526	9.885
1994.613	9.344
1994.680	8.896
1994.722	8.355
1994.796	7.884
1994.861	7.501
1994.890	7.093
1994.953	6.683
1995.014	6.361
1995.034	6.051
1995.088	5.694
1995.146	5.423
1995.159	5.189
1995.207	4.875
1995.261	4.647
1995.269	4.469
1995.311	4.195
1995.361	4.005
1995.365	3.867
1995.405	3.630
1995.445	3.479
1995.449	3.367
1995.486	3.175
1995.517	3.069
1995.522	2.959
1995.559	2.801
1995.581	2.730
1995.588	2.613
1995.627	2.486
1995.639	2.445
1995.647	2.318
1995.690	2.226
1995.690	2.212
1995.703	2.077
1995.740	2.020
1995.740	1.981
1995.760	1.876
1995.783	1.846
1995.786	1.781
1995.814	1.709
1995.823	1.702
1995.825	1.617
1995.859	1.577
1995.860	1.561
1995.871	1.483
1995.895	1.466
1995.896	1.417
1995.920	1.370
1995.927	1.377
1995.924	1.306
1995.956	1.285
1995.958	1.260
1995.973	1.210
1995.986	1.215
1995.981	1.163
1996.010	1.143
1996.013	1.128
1996.023	1.083
1996.039	1.088
1996.033	1.044
1996.059	1.029
1996.062	1.015
1996.072	0.980
1996.086	0.987
1996.077	0.943
1996.105	0.935
1996.106	0.916
1996.120	0.893
1996.130	0.898
1996.125	0.859
1996.148	0.860
1996.142	0.832
1996.163	0.822
1996.167	0.811
1996.176	0.789
1996.189	0.797
1996.180	0.764
1996.204	0.765
1996.197	0.740
1996.217	0.734
1996.219	0.722
1996.229	0.708
1996.240	0.707
1996.238	0.685
1996.258	0.693
1996.244	0.667
1996.270	0.668
1996.261	0.649
1996.282	0.645
1996.280	0.632
1996.293	0.624
1996.298	0.616
1996.304	0.605
1996.315	0.602
1996.314	0.588
1996.331	0.589
1996.324	0.573
1996.346	0.577
1996.332	0.560
1996.358	0.562
1996.342	0.547
1996.369	0.547
1996.356	0.534
1996.380	0.533
1996.370	0.522
1996.392	0.519
1996.383	0.510
1996.403	0.507
1996.395	0.498
1996.415	0.495
1996.407	0.486
1996.426	0.484
1996.418	0.475
1996.438	0.473
1996.428	0.465
1996.451	0.462
1996.438	0.454
1996.464	0.452
1996.448	0.444
1996.475	0.443
1996.460	0.435
1996.483	0.433
1996.473	0.427
1996.491	0.423
1996.487	0.418
1996.499	0.414
1996.501	0.409
1996.506	0.404
1996.515	0.401
1996.513	0.395
1996.530	0.392
1996.519	0.388
1996.542	0.384
1996.528	0.381
1996.547	0.376
1996.544	0.373
1996.553	0.367
1996.561	0.364
1996.558	0.359
1996.577	0.356
1996.561	0.356
1996.582	0.349
1996.578	0.347
1996.586	0.341
1996.596	0.338
1996.589	0.335
1996.608	0.330
1996.598	0.330
1996.611	0.323
1996.617	0.321
1996.614	0.318
1996.631	0.312
1996.621	0.313
1996.634	0.306
1996.641	0.303
1996.635	0.302
1996.651	0.295
1996.647	0.295
1996.654	0.289
1996.667	0.285
1996.654	0.288
1996.669	0.279
1996.675	0.277
1996.669	0.277
1996.684	0.269
1996.684	0.269
1996.685	0.266
1996.698	0.260
1996.693	0.261
1996.699	0.256
1996.710	0.250
1996.704	0.252
1996.711	0.247
1996.722	0.241
1996.716	0.244
1996.723	0.238
1996.733	0.232
1996.729	0.234
1996.734	0.230
1996.744	0.224
1996.743	0.224
1996.743	0.222
1996.754	0.216
1996.757	0.214
1996.753	0.215
1996.763	0.208
1996.770	0.204
1996.764	0.207
1996.771	0.201
1996.779	0.196
1996.781	0.195
1996.778	0.195
1996.786	0.189
1996.793	0.185
1996.790	0.186
1996.793	0.184
1996.801	0.178
1996.806	0.174
1996.802	0.177
