<j>	<F>
1.461	15.219
2.244	19.891
3.515	17.630
4.949	12.610
6.107	14.669
7.685	10.560
8.562	11.462
9.419	12.977
10.732	13.008
11.817	12.159
12.638	13.596
13.925	13.586
15.363	12.642
16.783	11.721
17.650	11.964
18.381	13.033
19.376	13.705
20.699	13.319
21.964	12.908
22.994	12.891
23.841	13.488
24.904	13.821
26.251	13.534
27.881	12.850
29.575	11.935
30.822	11.569
31.660	11.842
32.403	12.382
33.247	12.849
34.206	13.123
35.215	13.325
36.457	13.372
38.193	12.775
39.816	12.035
40.853	11.984
41.702	12.296
42.679	12.541
43.828	12.581
45.010	12.518
46.063	12.538
46.902	12.743
47.506	13.194
47.938	13.900
48.310	14.786
48.725	15.736
49.280	16.591
50.077	17.136
51.225	17.163
52.858	16.515
54.812	15.372
56.333	14.654
57.233	14.728
57.953	15.154
58.907	15.436
60.365	15.202
62.233	14.493
64.048	13.797
65.492	13.422
66.539	13.388
67.316	13.602
67.962	13.954
68.572	14.370
69.226	14.783
70.021	15.108
71.101	15.225
72.752	14.930
75.151	14.049
77.507	13.070
78.930	12.696
79.685	12.837
80.267	13.168
80.966	13.484
82.004	13.633
83.542	13.480
85.458	13.055
87.271	12.625
88.641	12.423
89.606	12.450
90.325	12.628
90.930	12.889
91.523	13.179
92.178	13.455
92.936	13.680
93.792	13.842
94.671	13.974
95.505	14.122
96.276	14.316
97.053	14.527
97.956	14.684
99.084	14.712
100.437	14.588
101.845	14.397
103.121	14.266
104.206	14.246
105.164	14.314
106.089	14.414
107.064	14.502
108.185	14.522
109.492	14.440
110.923	14.274
112.308	14.112
113.544	14.020
114.610	14.019
115.572	14.080
116.513	14.168
117.566	14.224
118.892	14.173
120.585	13.953
122.508	13.608
124.329	13.283
125.855	13.086
127.169	13.000
128.450	12.950
129.797	12.881
131.159	12.793
132.402	12.732
133.419	12.743
134.222	12.834
134.871	12.992
135.456	13.185
136.039	13.390
136.682	13.582
137.408	13.747
138.243	13.870
139.170	13.956
140.186	14.004
141.289	14.020
142.531	13.993
144.033	13.886
145.949	13.652
148.385	13.254
151.132	12.752
153.681	12.300
155.714	12.002
157.210	11.870
158.385	11.845
159.433	11.867
160.464	11.904
161.565	11.924
162.706	11.932
163.854	11.932
164.954	11.938
165.933	11.970
166.797	12.029
167.538	12.121
168.180	12.242
168.761	12.381
169.279	12.541
169.765	12.714
170.218	12.899
170.646	13.096
171.063	13.303
171.479	13.517
171.923	13.730
172.444	13.930
173.125	14.093
174.104	14.178
175.590	14.118
177.718	13.866
180.335	13.452
182.945	13.015
184.996	12.723
186.465	12.596
187.546	12.586
188.466	12.634
189.387	12.692
190.414	12.731
191.573	12.739
192.861	12.712
194.229	12.660
195.574	12.610
196.889	12.567
198.192	12.531
199.529	12.494
200.945	12.440
202.414	12.371
203.848	12.304
205.152	12.257
206.266	12.247
207.169	12.284
207.915	12.357
208.564	12.456
209.177	12.569
209.793	12.685
210.456	12.795
211.191	12.891
211.999	12.971
212.895	13.032
213.892	13.069
214.960	13.090
216.102	13.092
217.313	13.078
218.554	13.054
219.786	13.030
220.977	13.012
222.094	13.007
223.094	13.027
223.984	13.071
224.781	13.136
225.501	13.221
226.159	13.322
226.788	13.432
227.422	13.544
228.068	13.657
228.758	13.762
229.532	13.851
230.426	13.913
231.460	13.946
232.682	13.935
234.118	13.875
235.775	13.766
237.638	13.615
239.742	13.420
242.077	13.183
244.579	12.917
247.064	12.655
249.327	12.432
251.215	12.277
252.732	12.193
253.961	12.165
255.010	12.174
255.964	12.203
256.897	12.239
257.841	12.274
258.797	12.308
259.760	12.339
260.747	12.366
261.728	12.393
262.685	12.423
263.602	12.458
264.464	12.502
265.266	12.555
265.988	12.621
266.626	12.703
267.204	12.796
267.728	12.901
268.212	13.015
268.667	13.138
269.125	13.263
269.605	13.386
270.126	13.505
270.702	13.615
271.365	13.711
272.134	13.788
273.032	13.840
274.064	13.866
275.255	13.861
276.584	13.827
278.047	13.766
279.611	13.686
281.234	13.592
282.888	13.493
284.515	13.400
286.123	13.311
287.668	13.234
289.163	13.167
290.613	13.110
292.005	13.061
293.312	13.026
294.509	13.009
295.581	13.010
296.519	13.034
297.334	13.078
298.030	13.144
298.638	13.227
299.198	13.320
299.741	13.420
300.313	13.517
300.943	13.608
301.672	13.684
302.551	13.737
303.617	13.757
304.896	13.740
306.330	13.693
307.896	13.620
309.485	13.538
311.013	13.463
312.387	13.411
313.568	13.391
314.573	13.400
315.424	13.436
316.151	13.495
316.791	13.570
317.366	13.659
317.909	13.755
318.456	13.854
319.060	13.947
319.774	14.025
320.685	14.075
321.899	14.078
323.571	14.009
325.737	13.856
328.295	13.631
330.879	13.391
333.094	13.199
334.756	13.090
335.897	13.064
336.640	13.103
337.124	13.187
337.457	13.300
337.705	13.430
337.909	13.570
338.092	13.717
338.271	13.868
338.454	14.022
338.652	14.177
338.874	14.330
339.135	14.481
339.451	14.625
339.845	14.758
340.353	14.874
341.011	14.966
341.883	15.022
343.057	15.025
344.585	14.963
346.435	14.841
348.509	14.672
350.570	14.499
352.418	14.357
353.959	14.267
355.160	14.235
356.086	14.252
356.820	14.304
357.405	14.384
357.896	14.482
358.326	14.592
358.714	14.712
359.081	14.839
359.442	14.969
359.815	15.100
360.249	15.225
360.816	15.331
361.644	15.399
362.961	15.390
365.082	15.252
368.271	14.940
372.298	14.482
376.440	13.997
379.907	13.618
382.488	13.383
384.471	13.251
386.170	13.170
387.783	13.106
389.365	13.048
390.939	12.990
392.382	12.945
393.647	12.921
394.724	12.920
395.626	12.940
396.382	12.980
397.039	13.034
397.625	13.099
398.171	13.171
398.710	13.245
399.273	13.317
399.867	13.387
400.532	13.450
401.279	13.502
402.127	13.543
403.080	13.570
404.169	13.580
405.408	13.571
406.775	13.545
408.295	13.499
409.935	13.437
411.622	13.369
413.337	13.296
415.053	13.224
416.730	13.157
418.401	13.092
420.031	13.032
421.633	12.977
423.197	12.927
424.712	12.882
426.178	12.842
427.535	12.813
428.805	12.793
429.938	12.787
430.905	12.800
431.725	12.829
432.401	12.874
432.968	12.933
433.450	13.002
433.895	13.077
434.291	13.159
434.662	13.246
435.038	13.334
435.454	13.419
435.914	13.501
436.467	13.574
437.148	13.633
437.998	13.673
439.040	13.691
440.313	13.682
441.810	13.645
443.493	13.583
445.277	13.507
447.102	13.423
448.818	13.350
450.360	13.295
451.708	13.264
452.897	13.251
453.942	13.255
454.894	13.271
455.803	13.292
456.640	13.322
457.427	13.358
458.158	13.400
458.815	13.450
459.421	13.506
459.983	13.568
460.503	13.635
460.968	13.709
461.394	13.789
461.801	13.873
462.220	13.957
462.687	14.038
463.251	14.111
464.021	14.163
465.144	14.179
466.834	14.136
469.333	14.004
472.743	13.770
476.867	13.453
481.056	13.122
484.674	12.845
487.380	12.663
489.268	12.570
490.580	12.538
491.550	12.545
492.326	12.574
493.007	12.614
493.643	12.660
494.248	12.709
494.850	12.760
495.475	12.809
496.133	12.856
496.831	12.899
497.582	12.938
498.398	12.970
499.270	12.998
500.180	13.021
501.164	13.038
502.241	13.046
503.422	13.045
504.707	13.035
506.134	13.011
507.726	12.973
509.478	12.920
511.353	12.855
513.288	12.784
515.249	12.708
517.158	12.636
518.937	12.575
520.512	12.530
521.855	12.506
523.003	12.500
523.978	12.509
524.799	12.532
525.521	12.566
526.174	12.606
526.781	12.651
527.359	12.699
527.926	12.749
528.489	12.800
529.065	12.850
529.644	12.901
530.245	12.949
530.864	12.997
531.503	13.042
532.153	13.086
532.806	13.130
533.454	13.174
534.073	13.221
534.641	13.272
535.180	13.327
535.689	13.384
536.165	13.445
536.597	13.511
536.994	13.581
537.366	13.654
537.717	13.730
538.052	13.808
538.386	13.888
538.721	13.969
539.067	14.049
539.443	14.127
539.855	14.203
540.304	14.276
540.824	14.343
541.468	14.398
542.312	14.434
543.408	14.446
544.898	14.420
546.976	14.337
549.792	14.183
553.351	13.955
557.410	13.676
561.465	13.393
565.031	13.155
567.877	12.986
570.095	12.877
571.854	12.815
573.339	12.781
574.708	12.760
576.037	12.744
577.379	12.728
578.707	12.712
580.001	12.699
581.235	12.689
582.405	12.684
583.484	12.686
584.449	12.696
585.307	12.716
586.062	12.743
586.740	12.777
587.351	12.817
587.900	12.863
588.398	12.913
588.859	12.967
589.300	13.023
589.721	13.082
590.136	13.141
590.541	13.202
590.940	13.263
591.335	13.326
591.723	13.390
592.107	13.454
592.484	13.520
592.867	13.585
593.262	13.651
593.676	13.715
594.114	13.777
594.587	13.838
595.108	13.894
595.695	13.945
596.367	13.990
597.141	14.026
598.054	14.050
599.173	14.056
600.556	14.039
602.245	13.994
604.256	13.920
606.552	13.820
609.046	13.701
611.600	13.576
614.058	13.457
616.291	13.357
618.277	13.279
620.026	13.222
621.569	13.183
622.947	13.159
624.214	13.146
625.417	13.138
626.586	13.134
627.742	13.132
628.908	13.130
630.115	13.126
631.415	13.116
632.844	13.096
634.440	13.066
636.251	13.020
638.303	12.957
640.566	12.878
642.970	12.787
645.437	12.691
647.786	12.602
649.922	12.526
651.794	12.468
653.384	12.431
654.690	12.413
655.773	12.413
656.701	12.424
657.520	12.444
658.279	12.469
659.029	12.496
659.804	12.522
660.622	12.546
661.528	12.564
662.532	12.576
663.631	12.581
664.814	12.581
666.080	12.574
667.368	12.564
668.674	12.553
669.971	12.541
671.176	12.535
672.268	12.535
673.260	12.542
674.124	12.558
674.858	12.582
675.475	12.615
676.016	12.653
676.467	12.698
676.848	12.748
677.172	12.803
677.468	12.861
677.727	12.922
677.962	12.985
678.181	13.050
678.389	13.117
678.599	13.184
678.805	13.252
679.017	13.320
679.239	13.389
679.475	13.457
679.730	13.524
680.015	13.589
680.332	13.653
680.698	13.714
681.113	13.771
681.593	13.824
682.171	13.870
682.867	13.908
683.713	13.934
684.758	13.945
686.040	13.938
687.608	13.910
689.526	13.855
691.771	13.774
694.329	13.669
697.122	13.545
699.933	13.418
702.611	13.300
705.046	13.199
707.133	13.122
708.820	13.074
710.185	13.050
711.285	13.046
712.135	13.060
712.803	13.088
713.346	13.126
713.802	13.170
714.175	13.222
714.491	13.278
714.777	13.337
715.042	13.398
715.294	13.461
715.546	13.525
715.815	13.588
716.113	13.650
716.449	13.709
716.843	13.766
717.323	13.817
717.922	13.860
718.680	13.892
719.637	13.909
720.850	13.908
722.344	13.887
724.167	13.841
726.291	13.772
728.684	13.683
731.276	13.580
733.983	13.468
736.715	13.356
739.443	13.246
742.155	13.139
744.845	13.036
747.532	12.934
750.127	12.839
752.583	12.753
754.818	12.680
756.792	12.624
758.525	12.583
760.016	12.556
761.290	12.544
762.376	12.544
763.307	12.554
764.169	12.569
764.967	12.588
765.718	12.611
766.463	12.634
767.194	12.658
767.922	12.683
768.649	12.708
769.375	12.733
770.118	12.756
770.844	12.781
771.552	12.807
772.274	12.832
772.966	12.859
773.639	12.887
774.312	12.915
774.962	12.944
775.598	12.975
776.225	13.006
776.844	13.038
777.449	13.071
778.062	13.104
778.667	13.137
779.279	13.170
779.895	13.202
780.496	13.236
781.111	13.269
781.745	13.301
782.370	13.334
783.004	13.366
783.650	13.398
784.310	13.429
784.979	13.459
785.689	13.487
786.452	13.512
787.280	13.533
788.192	13.550
789.210	13.559
790.368	13.560
791.705	13.550
793.266	13.525
794.990	13.490
796.852	13.444
798.860	13.389
800.884	13.331
802.877	13.274
804.733	13.225
806.367	13.189
807.813	13.164
809.055	13.152
810.075	13.155
810.941	13.168
811.670	13.190
812.270	13.220
812.805	13.255
813.297	13.294
813.753	13.335
814.186	13.378
814.640	13.421
815.125	13.463
815.672	13.501
816.323	13.534
817.097	13.560
818.076	13.574
819.326	13.572
820.913	13.551
822.898	13.505
825.336	13.431
828.147	13.333
831.174	13.221
834.248	13.104
837.123	12.996
839.719	12.904
841.851	12.839
843.555	12.798
844.866	12.782
845.872	12.784
846.658	12.799
847.277	12.825
847.790	12.858
848.215	12.896
848.586	12.938
848.938	12.982
849.275	13.028
849.604	13.074
849.956	13.119
850.322	13.164
850.730	13.207
851.167	13.249
851.661	13.288
852.228	13.322
852.843	13.354
853.579	13.380
854.407	13.400
855.350	13.413
856.387	13.420
857.511	13.422
858.791	13.415
860.105	13.405
861.495	13.390
862.920	13.372
864.351	13.354
865.781	13.335
867.161	13.319
868.510	13.306
869.812	13.294
871.126	13.283
872.377	13.275
873.597	13.269
874.791	13.264
875.947	13.262
877.071	13.261
878.139	13.263
879.202	13.266
880.174	13.273
881.051	13.286
881.896	13.301
882.673	13.320
883.382	13.342
884.035	13.369
884.669	13.397
885.267	13.427
885.868	13.458
886.491	13.488
887.155	13.516
887.913	13.539
888.795	13.557
889.861	13.564
891.182	13.558
892.803	13.535
894.814	13.491
897.218	13.426
900.086	13.334
903.312	13.223
906.736	13.100
910.149	12.976
913.462	12.857
916.417	12.757
918.998	12.677
921.171	12.619
923.048	12.577
924.569	12.553
925.901	12.540
927.007	12.539
928.008	12.543
928.884	12.555
929.685	12.570
930.405	12.589
931.075	12.611
931.677	12.637
932.252	12.664
932.789	12.693
933.293	12.724
933.780	12.756
934.225	12.790
934.674	12.825
935.111	12.860
935.539	12.896
935.962	12.932
936.391	12.968
936.826	13.004
937.278	13.040
937.734	13.075
938.221	13.109
938.745	13.142
939.286	13.173
939.874	13.203
940.455	13.232
941.091	13.259
941.747	13.285
942.446	13.308
943.159	13.331
943.911	13.351
944.639	13.373
945.379	13.393
946.112	13.414
946.795	13.438
947.510	13.460
948.188	13.484
948.833	13.510
949.459	13.536
950.061	13.565
950.635	13.595
951.208	13.625
951.796	13.655
952.366	13.686
952.972	13.716
953.619	13.743
954.297	13.769
955.046	13.791
955.860	13.810
956.737	13.825
957.728	13.834
958.802	13.837
959.965	13.836
961.197	13.830
962.456	13.823
963.739	13.813
965.024	13.803
966.261	13.795
967.467	13.789
968.644	13.785
969.750	13.785
970.847	13.786
971.980	13.786
973.207	13.782
974.638	13.770
976.421	13.741
978.770	13.685
981.837	13.595
985.895	13.457
990.877	13.274
996.565	13.056
1002.421	12.828
1007.845	12.619
1012.365	12.452
1015.872	12.333
1018.428	12.260
1020.265	12.221
1021.576	12.207
1022.523	12.210
1023.224	12.226
1023.762	12.249
1024.193	12.278
1024.547	12.311
1024.856	12.346
1025.131	12.383
1025.385	12.421
1025.622	12.460
1025.852	12.499
1026.075	12.540
1026.301	12.580
1026.525	12.621
1026.761	12.661
1027.003	12.702
1027.267	12.742
1027.547	12.781
1027.852	12.819
1028.198	12.856
1028.573	12.892
1029.002	12.926
1029.480	12.958
1030.051	12.985
1030.703	13.010
1031.482	13.028
1032.396	13.041
1033.462	13.047
1034.726	13.044
1036.130	13.034
1037.745	13.015
1039.534	12.987
1041.515	12.951
1043.651	12.906
1045.832	12.860
1048.096	12.809
1050.249	12.762
1052.321	12.719
1054.256	12.681
1056.038	12.651
1057.648	12.627
1059.072	12.612
1060.350	12.604
1061.458	12.603
1062.451	12.607
1063.309	12.618
1064.074	12.632
1064.742	12.652
1065.352	12.673
1065.896	12.698
1066.390	12.725
1066.845	12.754
1067.260	12.786
1067.647	12.818
1068.004	12.852
1068.340	12.887
1068.671	12.923
1068.975	12.960
1069.290	12.997
1069.573	13.035
1069.876	13.073
1070.147	13.113
1070.440	13.151
1070.697	13.192
1070.984	13.231
1071.246	13.272
1071.537	13.311
1071.809	13.352
1072.110	13.391
1072.393	13.432
1072.709	13.471
1072.987	13.512
1073.305	13.551
1073.610	13.592
1073.946	13.631
1074.296	13.669
1074.658	13.707
1075.075	13.743
1075.489	13.779
1075.994	13.812
1076.553	13.841
1077.223	13.866
1078.050	13.884
1079.053	13.893
1080.341	13.889
1081.998	13.869
1084.076	13.828
1086.754	13.760
1089.942	13.666
1093.691	13.546
1097.863	13.406
1101.997	13.266
1106.059	13.128
1109.606	13.013
1112.679	12.920
1115.139	12.856
1117.168	12.811
1118.779	12.786
1120.155	12.773
1121.305	12.770
1122.357	12.772
1123.333	12.778
1124.273	12.786
1125.231	12.794
1126.190	12.801
1127.212	12.807
1128.255	12.812
1129.351	12.814
1130.504	12.814
1131.688	12.813
1132.943	12.808
1134.181	12.804
1135.488	12.797
1136.745	12.792
1138.039	12.786
1139.267	12.782
1140.530	12.776
1141.729	12.773
1142.932	12.770
1144.106	12.769
1145.294	12.767
1146.489	12.765
1147.735	12.761
1149.046	12.755
1150.435	12.747
1151.962	12.733
1153.604	12.715
1155.447	12.689
1157.460	12.657
1159.598	12.620
1161.938	12.575
1164.277	12.529
1166.708	12.480
1169.059	12.433
1171.290	12.390
1173.449	12.350
1175.333	12.319
1177.025	12.296
1178.490	12.282
1179.705	12.276
1180.820	12.275
1181.715	12.282
1182.483	12.294
1183.126	12.311
1183.664	12.332
1184.153	12.356
1184.552	12.383
1184.916	12.411
1185.227	12.442
1185.511	12.473
1185.764	12.507
1185.993	12.541
1186.222	12.576
1186.433	12.611
1186.637	12.647
1186.836	12.684
1187.033	12.720
1187.237	12.757
1187.434	12.794
1187.648	12.831
1187.863	12.868
1188.082	12.904
1188.324	12.941
1188.567	12.977
1188.834	13.012
1189.109	13.048
1189.409	13.082
1189.712	13.117
1190.048	13.150
1190.404	13.182
1190.772	13.215
1191.169	13.246
1191.583	13.276
1192.021	13.306
1192.467	13.335
1192.940	13.363
1193.423	13.391
1193.923	13.418
1194.438	13.445
1194.959	13.471
1195.510	13.496
1196.042	13.522
1196.626	13.546
1197.182	13.571
1197.794	13.593
1198.383	13.617
1199.034	13.638
1199.672	13.660
1200.389	13.678
1201.096	13.697
1201.897	13.712
1202.745	13.726
1203.677	13.735
1204.720	13.740
1205.830	13.742
1207.107	13.736
1208.425	13.729
1209.932	13.713
1211.433	13.697
1213.103	13.673
1214.744	13.651
1216.459	13.625
1218.121	13.600
1219.771	13.576
1221.328	13.556
1222.820	13.539
1224.192	13.526
1225.499	13.517
1226.681	13.513
1227.783	13.513
1228.816	13.515
1229.790	13.521
1230.716	13.528
1231.594	13.538
1232.449	13.549
1233.270	13.561
1234.063	13.575
1234.843	13.589
1235.587	13.605
1236.353	13.620
1237.046	13.638
1237.779	13.654
1238.432	13.674
1239.124	13.692
1239.731	13.714
1240.370	13.734
1240.937	13.758
1241.521	13.781
1242.039	13.807
1242.570	13.832
1243.054	13.860
1243.541	13.887
1244.005	13.916
1244.472	13.945
1244.931	13.974
1245.409	14.003
1245.898	14.032
1246.430	14.059
1247.009	14.084
1247.666	14.106
1248.428	14.124
1249.342	14.135
1250.482	14.137
1251.850	14.130
1253.605	14.106
1255.699	14.067
1258.308	14.006
1261.283	13.930
1264.770	13.832
1268.417	13.726
1272.350	13.609
1276.119	13.497
1279.804	13.390
1283.105	13.299
1286.075	13.221
1288.689	13.159
1290.932	13.112
1292.935	13.075
1294.646	13.050
1296.151	13.033
1297.497	13.023
1298.683	13.019
1299.756	13.020
1300.740	13.024
1301.617	13.032
1302.455	13.042
1303.210	13.056
1303.929	13.071
1304.615	13.087
1305.255	13.105
1305.898	13.123
1306.480	13.143
1307.092	13.163
1307.664	13.184
1308.253	13.205
1308.817	13.226
1309.394	13.247
1309.994	13.267
1310.583	13.288
1311.188	13.309
1311.784	13.329
1312.421	13.348
1313.061	13.368
1313.707	13.386
1314.399	13.404
1315.096	13.421
1315.822	13.437
1316.587	13.451
1317.342	13.466
1318.172	13.478
1318.990	13.490
1319.865	13.500
1320.766	13.509
1321.683	13.518
1322.658	13.524
1323.629	13.530
1324.657	13.534
1325.679	13.538
1326.763	13.540
1327.849	13.542
1328.965	13.542
1330.105	13.542
1331.246	13.541
1332.439	13.538
1333.577	13.538
1334.806	13.534
1335.968	13.532
1337.176	13.528
1338.356	13.526
1339.509	13.524
1340.665	13.523
1341.798	13.522
1342.888	13.523
1344.007	13.522
1345.040	13.525
1346.108	13.527
1347.135	13.531
1348.144	13.535
1349.201	13.538
1350.193	13.543
1351.307	13.543
1352.400	13.545
1353.604	13.543
1354.908	13.538
1356.381	13.527
1358.071	13.508
1360.108	13.478
1362.524	13.435
1365.498	13.373
1369.058	13.291
1373.348	13.184
1378.347	13.054
1383.846	12.908
1389.794	12.747
1395.590	12.592
1401.087	12.447
1406.027	12.321
1410.254	12.218
1413.817	12.138
1416.735	12.079
1419.141	12.037
1421.126	12.009
1422.810	11.990
1424.246	11.980
1425.478	11.976
1426.549	11.977
1427.523	11.981
1428.385	11.988
1429.131	11.999
1429.848	12.011
1430.489	12.025
1431.045	12.042
1431.599	12.059
1432.082	12.078
1432.509	12.099
1432.931	12.120
1433.295	12.142
1433.625	12.166
1433.944	12.191
1434.241	12.216
1434.505	12.242
1434.758	12.269
1435.006	12.296
1435.216	12.324
1435.430	12.352
1435.647	12.381
1435.823	12.410
1436.025	12.439
1436.222	12.468
1436.378	12.499
1436.572	12.529
1436.754	12.559
1436.905	12.590
1437.115	12.620
1437.294	12.650
1437.468	12.681
1437.699	12.711
1437.890	12.741
1438.099	12.772
1438.336	12.801
1438.555	12.831
1438.817	12.860
1439.085	12.889
1439.374	12.917
1439.706	12.944
1440.026	12.972
1440.408	12.998
1440.807	13.023
1441.262	13.046
1441.772	13.068
1442.283	13.089
1442.913	13.107
1443.548	13.125
1444.268	13.140
1445.093	13.151
1445.916	13.162
1446.880	13.169
1447.853	13.175
1448.918	13.178
1450.050	13.178
1451.196	13.178
1452.437	13.174
1453.614	13.173
1454.856	13.169
1456.046	13.167
1457.234	13.164
1458.388	13.163
1459.441	13.165
1460.531	13.165
1461.478	13.171
1462.423	13.176
1463.301	13.184
1464.085	13.195
1464.881	13.206
1465.582	13.220
1466.282	13.234
1466.965	13.249
1467.600	13.266
1468.253	13.282
1468.897	13.299
1469.541	13.315
1470.193	13.332
1470.866	13.348
1471.542	13.364
1472.284	13.377
1473.045	13.390
1473.815	13.403
1474.665	13.413
1475.481	13.424
1476.385	13.432
1477.310	13.439
1478.231	13.447
1479.259	13.450
1480.206	13.456
1481.206	13.461
1482.173	13.466
1483.127	13.472
1484.089	13.477
1484.984	13.484
1485.892	13.492
1486.734	13.501
1487.548	13.511
1488.331	13.523
1489.053	13.536
1489.750	13.551
1490.423	13.566
1491.043	13.584
1491.700	13.600
1492.314	13.618
1492.932	13.636
1493.561	13.653
1494.181	13.671
1494.852	13.688
1495.568	13.703
1496.324	13.716
1497.111	13.729
1498.029	13.737
1498.946	13.745
1500.005	13.748
1501.141	13.749
1502.287	13.748
1503.664	13.740
1504.942	13.735
1506.345	13.725
1507.816	13.712
1509.228	13.702
1510.680	13.689
1512.037	13.680
1513.347	13.672
1514.567	13.668
1515.719	13.665
1516.756	13.667
1517.750	13.670
1518.634	13.678
1519.411	13.689
1520.156	13.701
1520.795	13.717
1521.429	13.734
1522.020	13.752
1522.575	13.772
1523.151	13.791
1523.688	13.812
1524.265	13.832
1524.873	13.850
1525.485	13.869
1526.187	13.885
1526.937	13.899
1527.736	13.911
1528.656	13.919
1529.633	13.925
1530.704	13.927
1531.898	13.925
1533.086	13.923
1534.412	13.916
1535.768	13.908
1537.128	13.899
1538.589	13.887
1539.971	13.877
1541.339	13.867
1542.611	13.860
1543.822	13.856
1544.937	13.855
1545.980	13.856
1546.923	13.861
1547.796	13.869
1548.612	13.879
1549.324	13.892
1550.027	13.906
1550.669	13.923
1551.324	13.940
1552.002	13.956
1552.721	13.971
1553.545	13.982
1554.516	13.990
1555.714	13.990
1557.229	13.979
1559.121	13.957
1561.569	13.916
1564.625	13.855
1568.339	13.772
1572.774	13.665
1577.648	13.543
1582.801	13.412
1587.839	13.283
1592.507	13.166
1596.639	13.067
1600.133	12.988
1603.044	12.928
1605.359	12.888
1607.354	12.859
1608.973	12.841
1610.336	12.833
1611.627	12.827
1612.723	12.827
1613.738	12.830
1614.779	12.832
1615.718	12.837
1616.619	12.844
1617.562	12.850
1618.477	12.856
1619.388	12.863
1620.299	12.869
1621.232	12.875
1622.172	12.881
1623.064	12.888
1624.018	12.893
1624.971	12.899
1625.847	12.906
1626.806	12.911
1627.764	12.916
1628.622	12.924
1629.585	12.929
1630.527	12.935
1631.413	12.943
1632.388	12.947
1633.393	12.952
1634.443	12.955
1635.582	12.956
1636.850	12.953
1638.314	12.946
1639.943	12.934
1641.821	12.915
1644.049	12.886
1646.533	12.851
1649.354	12.806
1652.492	12.752
1655.773	12.694
1659.333	12.628
1662.827	12.563
1666.114	12.503
1669.270	12.447
1672.109	12.399
1674.533	12.362
1676.626	12.334
1678.480	12.312
1679.994	12.300
1681.237	12.295
1682.321	12.295
1683.249	12.300
1684.029	12.308
1684.751	12.318
1685.416	12.330
1686.001	12.345
1686.605	12.358
1687.173	12.373
1687.699	12.389
1688.270	12.404
1688.865	12.419
1689.413	12.435
1689.985	12.450
1690.611	12.464
1691.191	12.479
1691.775	12.493
1692.441	12.506
1693.073	12.520
1693.695	12.534
1694.349	12.547
1694.993	12.560
1695.625	12.574
1696.254	12.587
1696.882	12.601
1697.525	12.614
1698.142	12.628
1698.703	12.644
1699.285	12.658
1699.872	12.673
1700.374	12.690
1700.876	12.707
1701.410	12.723
1701.849	12.742
1702.249	12.762
1702.726	12.780
1703.119	12.800
1703.440	12.823
1703.829	12.843
1704.172	12.865
1704.434	12.889
1704.750	12.912
1705.044	12.935
1705.259	12.961
1705.512	12.986
1705.765	13.011
1705.948	13.038
1706.147	13.064
1706.367	13.090
1706.525	13.118
1706.686	13.146
1706.881	13.173
1707.021	13.202
1707.157	13.231
1707.333	13.259
1707.462	13.289
1707.581	13.318
1707.741	13.347
1707.865	13.377
1707.979	13.408
1708.128	13.437
1708.251	13.468
1708.370	13.498
1708.514	13.528
1708.642	13.559
1708.768	13.590
1708.916	13.620
1709.059	13.650
1709.199	13.681
1709.371	13.711
1709.545	13.741
1709.722	13.771
1709.940	13.800
1710.178	13.828
1710.423	13.856
1710.727	13.883
1711.072	13.909
1711.449	13.933
1711.939	13.954
1712.511	13.973
1713.200	13.989
1714.117	13.997
1715.200	14.001
1716.575	13.996
1718.412	13.976
1720.559	13.948
1723.299	13.902
1726.714	13.835
1730.692	13.751
1735.320	13.647
1740.235	13.535
1745.440	13.414
1750.564	13.294
1755.233	13.189
1759.458	13.096
1763.088	13.020
1766.129	12.963
1768.635	12.921
1770.756	12.890
1772.558	12.869
1774.057	12.858
1775.347	12.852
1776.545	12.849
1777.654	12.849
1778.685	12.852
1779.697	12.855
1780.716	12.858
1781.784	12.860
1782.840	12.862
1783.921	12.864
1785.080	12.864
1786.314	12.862
1787.575	12.859
1788.854	12.856
1790.218	12.850
1791.685	12.842
1793.066	12.835
1794.458	12.829
1795.964	12.819
1797.417	12.810
1798.798	12.804
1800.153	12.798
1801.507	12.791
1802.809	12.787
1803.965	12.785
1805.078	12.785
1806.214	12.785
1807.235	12.787
1808.132	12.793
1809.019	12.799
1809.888	12.805
1810.642	12.814
1811.310	12.826
1812.020	12.837
1812.700	12.848
1813.277	12.863
1813.835	12.877
1814.414	12.892
1814.942	12.908
1815.389	12.925
1815.887	12.942
1816.420	12.958
1816.844	12.977
1817.275	12.995
1817.771	13.012
1818.206	13.031
1818.619	13.050
1819.104	13.068
1819.597	13.085
1820.064	13.103
1820.577	13.120
1821.143	13.136
1821.739	13.151
1822.374	13.165
1823.083	13.177
1823.891	13.186
1824.789	13.194
1825.773	13.199
1826.906	13.200
1828.194	13.197
1829.617	13.190
1831.214	13.179
1832.997	13.163
1834.930	13.143
1837.006	13.119
1839.216	13.090
1841.405	13.063
1843.732	13.031
1846.058	12.999
1848.222	12.971
1850.280	12.946
1852.318	12.921
1854.096	12.903
1855.652	12.891
1857.151	12.880
1858.463	12.874
1859.570	12.873
1860.582	12.875
1861.525	12.879
1862.330	12.886
1863.051	12.896
1863.718	12.908
1864.348	12.920
1864.924	12.934
1865.465	12.949
1865.991	12.965
1866.536	12.980
1867.034	12.996
1867.507	13.013
1868.055	13.029
1868.583	13.045
1869.068	13.062
1869.613	13.077
1870.224	13.091
1870.778	13.106
1871.311	13.122
1871.969	13.135
1872.619	13.147
1873.184	13.163
1873.887	13.174
1874.656	13.184
1875.330	13.196
1876.046	13.207
1876.898	13.215
1877.696	13.224
1878.468	13.234
1879.421	13.239
1880.397	13.243
1881.304	13.250
1882.354	13.252
1883.529	13.252
1884.666	13.252
1885.912	13.250
1887.305	13.244
1888.731	13.236
1890.306	13.226
1891.920	13.213
1893.607	13.199
1895.454	13.181
1897.289	13.163
1899.084	13.145
1901.015	13.124
1902.913	13.104
1904.595	13.089
1906.330	13.073
1907.972	13.058
1909.404	13.050
1910.765	13.042
1912.053	13.037
1913.121	13.038
1914.132	13.040
1915.041	13.044
1915.786	13.053
1916.496	13.063
1917.119	13.076
1917.642	13.091
1918.143	13.106
1918.624	13.123
1919.016	13.141
1919.407	13.160
1919.797	13.179
1920.129	13.200
1920.489	13.220
1920.870	13.239
1921.235	13.260
1921.630	13.279
1922.082	13.297
1922.554	13.315
1923.066	13.332
1923.700	13.345
1924.401	13.358
1925.172	13.368
1926.115	13.374
1927.218	13.376
1928.384	13.376
1929.795	13.371
1931.428	13.359
1933.172	13.344
1935.120	13.324
1937.263	13.298
1939.473	13.271
1941.844	13.239
1944.156	13.209
1946.473	13.178
1948.760	13.147
1950.867	13.121
1952.822	13.099
1954.656	13.079
1956.284	13.065
1957.679	13.057
1958.992	13.051
1960.111	13.050
1961.100	13.052
1961.972	13.058
1962.779	13.065
1963.454	13.076
1964.104	13.087
1964.698	13.100
1965.216	13.115
1965.742	13.130
1966.234	13.146
1966.697	13.163
1967.160	13.180
1967.655	13.196
1968.115	13.213
1968.569	13.230
1969.072	13.246
1969.588	13.262
1970.098	13.278
1970.645	13.293
1971.242	13.307
1971.839	13.321
1972.503	13.333
1973.175	13.345
1973.924	13.355
1974.661	13.365
1975.484	13.374
1976.321	13.381
1977.202	13.388
1978.137	13.393
1979.050	13.399
1980.005	13.403
1980.949	13.408
1981.936	13.411
1982.864	13.416
1983.819	13.420
1984.734	13.426
1985.666	13.430
1986.472	13.438
1987.268	13.446
1988.050	13.455
1988.718	13.466
1989.381	13.478
1989.965	13.491
1990.551	13.505
1991.038	13.521
1991.468	13.539
1991.897	13.557
1992.249	13.577
1992.578	13.597
1992.866	13.619
1993.151	13.641
1993.377	13.665
1993.564	13.690
1993.782	13.714
1993.946	13.740
1994.081	13.766
1994.224	13.793
1994.350	13.820
1994.448	13.847
1994.536	13.876
1994.647	13.904
1994.717	13.933
1994.764	13.962
1994.865	13.991
1994.922	14.020
1994.955	14.051
1995.028	14.080
1995.079	14.111
1995.104	14.142
1995.155	14.172
1995.204	14.203
1995.222	14.234
1995.258	14.266
1995.306	14.297
1995.319	14.329
1995.346	14.361
1995.393	14.392
1995.401	14.425
1995.421	14.457
1995.468	14.489
1995.474	14.522
1995.489	14.555
1995.535	14.587
1995.538	14.621
1995.552	14.655
1995.595	14.687
1995.596	14.721
1995.611	14.755
1995.650	14.788
1995.647	14.823
1995.666	14.857
1995.699	14.891
1995.694	14.926
1995.720	14.960
1995.746	14.995
1995.738	15.030
1995.773	15.065
1995.790	15.100
1995.779	15.136
1995.826	15.170
1995.831	15.206
1995.824	15.243
1995.870	15.277
1995.867	15.314
1995.877	15.350
1995.909	15.386
1995.902	15.423
1995.930	15.460
1995.946	15.496
1995.933	15.534
1995.978	15.570
1995.977	15.608
1995.980	15.646
1996.014	15.683
1996.007	15.721
1996.036	15.758
1996.046	15.797
1996.031	15.836
1996.076	15.873
1996.074	15.912
1996.090	15.951
1996.108	15.989
1996.095	16.029
1996.135	16.068
1996.135	16.107
1996.145	16.147
1996.166	16.186
1996.154	16.227
1996.191	16.266
1996.191	16.307
1996.204	16.347
1996.220	16.388
1996.206	16.429
1996.245	16.469
1996.244	16.511
1996.265	16.552
1996.271	16.593
1996.266	16.636
1996.295	16.677
1996.287	16.719
1996.316	16.761
1996.318	16.803
1996.333	16.846
1996.343	16.889
1996.336	16.932
1996.364	16.975
1996.355	17.019
1996.382	17.061
1996.383	17.105
1996.399	17.149
1996.407	17.193
1996.412	17.237
1996.428	17.282
1996.418	17.327
1996.445	17.371
1996.438	17.417
1996.462	17.461
1996.461	17.507
1996.477	17.552
1996.482	17.598
1996.493	17.644
1996.502	17.691
1996.507	17.737
1996.520	17.784
1996.520	17.831
1996.536	17.877
1996.530	17.925
1996.552	17.972
1996.542	18.021
1996.566	18.068
1996.559	18.116
1996.580	18.164
1996.575	18.213
1996.594	18.261
1996.590	18.311
1996.607	18.360
1996.605	18.409
1996.621	18.459
1996.619	18.509
1996.634	18.559
1996.632	18.609
1996.647	18.659
1996.644	18.711
1996.660	18.761
1996.656	18.813
1996.673	18.864
1996.668	18.916
1996.685	18.967
1996.680	19.020
1996.695	19.072
1996.693	19.125
1996.705	19.177
1996.705	19.231
1996.715	19.284
1996.718	19.337
1996.724	19.391
1996.730	19.445
1996.733	19.499
1996.743	19.554
1996.740	19.609
1996.753	19.664
1996.749	19.719
1996.761	19.774
1996.761	19.830
1996.769	19.886
1996.774	19.943
1996.776	19.999
1996.785	20.056
1996.779	20.113
1996.792	20.170
1996.792	20.228
1996.799	20.286
1996.804	20.344
1996.803	20.402
1996.813	20.461
1996.810	20.520
1996.819	20.579
1996.822	20.638
1996.823	20.698
1996.831	20.758
1996.828	20.819
1996.837	20.879
1996.840	20.940
1996.839	21.001
1996.848	21.062
1996.846	21.124
1996.853	21.186
1996.858	21.248
1996.853	21.311
1996.862	21.373
1996.865	21.436
1996.864	21.500
1996.871	21.563
1996.871	21.627
1996.874	21.691
1996.880	21.756
1996.878	21.821
1996.883	21.886
1996.887	21.951
1996.885	22.017
1996.890	22.083
1996.895	22.149
1996.893	22.216
1996.897	22.283
1996.901	22.350
1996.900	22.418
1996.903	22.485
1996.908	22.553
1996.907	22.622
1996.909	22.691
1996.913	22.760
1996.915	22.829
1996.914	22.899
1996.919	22.969
1996.921	23.039
1996.919	23.110
1996.923	23.181
1996.926	23.252
1996.927	23.324
1996.927	23.396
1996.930	23.468
1996.933	23.541
1996.932	23.614
1996.934	23.687
1996.937	23.761
1996.939	23.835
1996.937	23.909
