<j>	<F>
1.246	20.230
3.002	11.614
4.179	10.899
5.196	11.156
6.054	12.657
7.215	14.244
8.585	11.436
9.532	12.759
11.137	12.035
12.467	10.583
13.346	11.228
14.237	12.121
15.522	12.358
17.083	11.206
18.031	11.225
18.729	12.104
19.440	13.182
20.367	13.904
21.486	13.900
22.550	13.992
23.598	14.074
24.543	14.400
25.496	14.789
26.692	14.889
28.339	13.899
29.759	13.131
30.782	13.117
31.548	13.591
32.242	14.305
32.951	15.017
33.668	15.788
34.659	16.272
36.382	15.425
38.246	13.966
39.354	13.671
40.058	14.153
40.693	14.825
41.311	15.561
41.954	16.348
42.828	16.894
44.396	16.488
47.021	14.592
49.278	12.927
50.306	12.732
50.847	13.227
51.368	13.878
52.136	14.383
53.392	14.399
54.975	13.902
56.180	13.619
56.831	13.932
57.242	14.605
57.644	15.395
58.184	16.123
59.043	16.540
60.413	16.340
62.128	15.617
63.566	15.095
64.501	15.129
65.151	15.527
65.716	16.077
66.315	16.641
67.037	17.098
67.946	17.346
69.090	17.324
70.581	16.948
72.480	16.152
74.343	15.315
75.630	14.992
76.493	15.141
77.473	15.351
79.355	15.035
82.678	13.725
85.950	12.324
87.839	11.757
88.864	11.722
89.525	11.900
90.007	12.186
90.395	12.540
90.742	12.941
91.088	13.369
91.469	13.806
91.919	14.227
92.476	14.602
93.164	14.901
93.977	15.113
94.877	15.255
95.812	15.364
96.766	15.461
97.775	15.532
98.919	15.526
100.275	15.387
101.845	15.110
103.539	14.755
105.236	14.403
106.832	14.111
108.221	13.924
109.327	13.877
110.148	13.980
110.755	14.210
111.248	14.524
111.742	14.869
112.371	15.171
113.303	15.331
114.711	15.234
116.582	14.858
118.546	14.389
120.167	14.072
121.324	13.985
122.117	14.086
122.670	14.318
123.085	14.638
123.439	15.012
123.804	15.407
124.257	15.780
124.911	16.069
125.927	16.174
127.442	16.000
129.326	15.585
131.114	15.176
132.486	14.978
133.537	14.971
134.555	15.027
135.900	14.984
138.002	14.662
141.060	13.964
144.396	13.129
146.953	12.555
148.521	12.336
149.469	12.347
150.136	12.469
150.717	12.634
151.315	12.805
151.990	12.960
152.768	13.084
153.647	13.174
154.591	13.237
155.543	13.290
156.447	13.354
157.284	13.440
158.082	13.546
158.909	13.651
159.864	13.726
161.045	13.734
162.496	13.652
164.133	13.496
165.741	13.329
167.100	13.224
168.120	13.221
168.843	13.314
169.359	13.481
169.750	13.699
170.076	13.948
170.380	14.216
170.692	14.492
171.039	14.767
171.447	15.030
171.947	15.268
172.587	15.462
173.465	15.580
174.788	15.554
176.933	15.266
180.220	14.614
184.168	13.743
187.537	13.035
189.773	12.668
191.169	12.552
192.106	12.572
192.798	12.662
193.351	12.793
193.817	12.950
194.232	13.126
194.621	13.315
195.003	13.510
195.390	13.710
195.788	13.911
196.201	14.113
196.628	14.314
197.074	14.515
197.552	14.712
198.096	14.896
198.783	15.046
199.758	15.122
201.234	15.056
203.389	14.790
206.070	14.352
208.703	13.904
210.798	13.601
212.340	13.459
213.572	13.418
214.717	13.412
215.892	13.404
217.124	13.382
218.371	13.351
219.557	13.328
220.618	13.331
221.525	13.368
222.295	13.441
222.978	13.539
223.648	13.648
224.406	13.746
225.384	13.803
226.751	13.781
228.651	13.641
231.055	13.382
233.631	13.067
235.903	12.801
237.598	12.649
238.750	12.614
239.533	12.662
240.109	12.760
240.586	12.885
241.033	13.021
241.490	13.160
241.989	13.294
242.555	13.417
243.215	13.524
243.992	13.607
244.904	13.662
245.955	13.686
247.132	13.681
248.398	13.654
249.704	13.615
251.005	13.575
252.275	13.541
253.513	13.514
254.734	13.493
255.964	13.472
257.225	13.447
258.530	13.414
259.878	13.372
261.247	13.324
262.596	13.278
263.871	13.242
265.018	13.228
266.001	13.243
266.810	13.292
267.460	13.372
267.979	13.481
268.400	13.613
268.757	13.761
269.077	13.922
269.388	14.089
269.711	14.258
270.070	14.424
270.491	14.581
271.005	14.722
271.660	14.835
272.519	14.907
273.673	14.918
275.219	14.844
277.210	14.673
279.545	14.421
281.943	14.146
284.081	13.918
285.806	13.774
287.167	13.710
288.324	13.695
289.435	13.697
290.618	13.692
291.926	13.665
293.353	13.614
294.840	13.550
296.313	13.484
297.720	13.430
299.043	13.390
300.296	13.365
301.495	13.349
302.647	13.341
303.734	13.343
304.731	13.358
305.613	13.391
306.368	13.445
307.000	13.521
307.527	13.618
307.974	13.730
308.367	13.856
308.731	13.989
309.086	14.128
309.451	14.268
309.841	14.405
310.268	14.538
310.739	14.665
311.258	14.783
311.822	14.893
312.422	14.996
313.042	15.094
313.662	15.191
314.264	15.293
314.829	15.401
315.349	15.521
315.820	15.652
316.249	15.796
316.644	15.949
317.021	16.110
317.400	16.275
317.805	16.437
318.281	16.589
318.916	16.711
319.912	16.763
321.740	16.654
325.273	16.214
331.127	15.324
337.822	14.264
342.807	13.522
345.680	13.179
347.357	13.063
348.542	13.041
349.566	13.053
350.562	13.072
351.580	13.089
352.622	13.102
353.670	13.112
354.689	13.125
355.644	13.145
356.507	13.177
357.263	13.223
357.911	13.285
358.463	13.362
358.934	13.452
359.345	13.553
359.715	13.662
360.068	13.776
360.423	13.893
360.808	14.008
361.257	14.116
361.816	14.210
362.548	14.281
363.535	14.315
364.870	14.298
366.615	14.218
368.748	14.075
371.111	13.892
373.443	13.706
375.508	13.555
377.196	13.458
378.521	13.415
379.565	13.415
380.418	13.444
381.151	13.493
381.813	13.553
382.435	13.620
383.034	13.692
383.623	13.766
384.207	13.841
384.791	13.917
385.378	13.994
385.975	14.069
386.589	14.143
387.232	14.214
387.917	14.280
388.664	14.337
389.495	14.383
390.432	14.414
391.496	14.426
392.696	14.418
394.027	14.389
395.456	14.344
396.929	14.290
398.379	14.236
399.744	14.193
400.983	14.168
402.077	14.163
403.032	14.179
403.867	14.213
404.605	14.261
405.272	14.322
405.886	14.391
406.468	14.466
407.034	14.545
407.600	14.626
408.186	14.705
408.819	14.778
409.540	14.841
410.411	14.885
411.532	14.895
413.055	14.853
415.179	14.731
418.092	14.504
421.815	14.172
426.034	13.775
430.177	13.390
433.748	13.079
436.564	12.864
438.693	12.734
440.286	12.668
441.487	12.649
442.403	12.663
443.114	12.701
443.676	12.756
444.132	12.824
444.510	12.903
444.833	12.988
445.119	13.080
445.378	13.175
445.620	13.274
445.853	13.376
446.083	13.480
446.314	13.584
446.554	13.690
446.806	13.795
447.078	13.900
447.377	14.003
447.710	14.103
448.085	14.199
448.511	14.289
449.000	14.373
449.557	14.448
450.192	14.514
450.906	14.569
451.700	14.613
452.566	14.648
453.497	14.673
454.484	14.690
455.524	14.700
456.630	14.702
457.832	14.693
459.193	14.666
460.799	14.611
462.762	14.514
465.181	14.365
468.092	14.160
471.398	13.909
474.857	13.641
478.171	13.391
481.114	13.184
483.594	13.030
485.637	12.925
487.313	12.861
488.699	12.827
489.858	12.818
490.837	12.827
491.669	12.852
492.381	12.889
492.995	12.936
493.533	12.992
494.014	13.054
494.457	13.121
494.880	13.191
495.304	13.263
495.747	13.334
496.231	13.402
496.776	13.465
497.405	13.520
498.140	13.565
498.998	13.597
499.993	13.615
501.126	13.618
502.383	13.608
503.734	13.586
505.136	13.557
506.542	13.527
507.908	13.499
509.208	13.478
510.434	13.465
511.601	13.459
512.741	13.457
513.901	13.454
515.140	13.447
516.524	13.426
518.119	13.388
519.977	13.325
522.108	13.237
524.465	13.126
526.932	13.003
529.353	12.883
531.577	12.778
533.505	12.698
535.103	12.649
536.392	12.627
537.421	12.629
538.244	12.650
538.912	12.686
539.468	12.733
539.943	12.788
540.359	12.849
540.733	12.915
541.079	12.984
541.404	13.056
541.716	13.130
542.022	13.205
542.326	13.282
542.634	13.358
542.952	13.435
543.288	13.511
543.651	13.586
544.054	13.657
544.515	13.724
545.061	13.785
545.729	13.834
546.573	13.868
547.671	13.880
549.128	13.860
551.079	13.795
553.663	13.675
556.969	13.491
560.943	13.250
565.320	12.974
569.674	12.701
573.593	12.465
576.840	12.285
579.378	12.163
581.299	12.092
582.737	12.060
583.820	12.057
584.651	12.074
585.308	12.106
585.846	12.147
586.305	12.195
586.714	12.248
587.094	12.304
587.460	12.362
587.825	12.421
588.198	12.479
588.589	12.537
589.007	12.594
589.460	12.648
589.956	12.700
590.503	12.748
591.111	12.791
591.784	12.830
592.529	12.863
593.344	12.891
594.229	12.913
595.175	12.930
596.170	12.942
597.196	12.951
598.237	12.959
599.274	12.966
600.295	12.974
601.291	12.984
602.264	12.997
603.221	13.010
604.177	13.025
605.151	13.038
606.169	13.049
607.252	13.055
608.420	13.054
609.681	13.047
611.032	13.031
612.454	13.010
613.910	12.985
615.356	12.959
616.742	12.937
618.031	12.922
619.195	12.916
620.226	12.920
621.132	12.934
621.930	12.957
622.647	12.987
623.313	13.023
623.959	13.060
624.616	13.098
625.316	13.134
626.090	13.164
626.968	13.188
627.974	13.201
629.125	13.203
630.425	13.194
631.861	13.173
633.400	13.143
634.990	13.108
636.570	13.072
638.084	13.040
639.485	13.016
640.748	13.002
641.865	12.999
642.846	13.007
643.709	13.024
644.477	13.049
645.172	13.080
645.815	13.116
646.423	13.155
647.008	13.197
647.580	13.239
648.145	13.283
648.707	13.327
649.267	13.371
649.824	13.416
650.379	13.461
650.929	13.507
651.473	13.553
652.011	13.600
652.545	13.647
653.081	13.695
653.630	13.743
654.213	13.788
654.862	13.830
655.634	13.863
656.614	13.881
657.923	13.876
659.719	13.835
662.162	13.746
665.334	13.600
669.118	13.405
673.149	13.186
676.929	12.982
680.064	12.822
682.412	12.720
684.049	12.671
685.148	12.662
685.882	12.682
686.386	12.720
686.754	12.770
687.048	12.826
687.308	12.886
687.561	12.948
687.826	13.009
688.120	13.069
688.464	13.127
688.877	13.181
689.391	13.228
690.046	13.267
690.896	13.293
692.012	13.302
693.479	13.287
695.384	13.243
697.793	13.164
700.700	13.051
703.999	12.910
707.475	12.755
710.859	12.605
713.919	12.474
716.530	12.373
718.673	12.302
720.404	12.259
721.808	12.237
722.972	12.232
723.967	12.238
724.845	12.252
725.646	12.271
726.398	12.294
727.117	12.319
727.819	12.345
728.510	12.372
729.198	12.400
729.888	12.427
730.582	12.455
731.284	12.482
731.996	12.509
732.720	12.535
733.457	12.560
734.209	12.584
734.977	12.608
735.760	12.630
736.557	12.652
737.368	12.673
738.190	12.693
739.018	12.712
739.851	12.731
740.682	12.751
741.507	12.770
742.322	12.790
743.123	12.811
743.906	12.833
744.669	12.856
745.410	12.880
746.129	12.906
746.825	12.934
747.500	12.963
748.154	12.993
748.790	13.025
749.409	13.058
750.014	13.092
750.605	13.127
751.186	13.163
751.758	13.199
752.323	13.237
752.885	13.274
753.446	13.312
754.009	13.350
754.579	13.388
755.159	13.426
755.754	13.462
756.369	13.498
757.009	13.532
757.677	13.564
758.379	13.594
759.117	13.621
759.892	13.646
760.704	13.668
761.549	13.688
762.425	13.706
763.323	13.722
764.238	13.736
765.162	13.750
766.089	13.763
767.014	13.777
767.938	13.790
768.864	13.804
769.801	13.817
770.764	13.828
771.774	13.837
772.860	13.841
774.062	13.838
775.426	13.825
777.009	13.798
778.866	13.753
781.048	13.687
783.575	13.599
786.422	13.490
789.503	13.366
792.675	13.235
795.778	13.109
798.666	12.995
801.248	12.901
803.491	12.829
805.411	12.776
807.048	12.742
808.453	12.722
809.673	12.714
810.749	12.715
811.711	12.723
812.583	12.736
813.383	12.754
814.122	12.776
814.809	12.801
815.450	12.828
816.050	12.858
816.611	12.891
817.137	12.926
817.629	12.963
818.088	13.002
818.517	13.043
818.916	13.086
819.288	13.131
819.634	13.178
819.957	13.226
820.257	13.277
820.537	13.329
820.799	13.382
821.045	13.437
821.279	13.493
821.503	13.550
821.719	13.608
821.933	13.667
822.147	13.726
822.366	13.785
822.598	13.844
822.849	13.903
823.128	13.960
823.449	14.015
823.825	14.067
824.276	14.114
824.826	14.156
825.503	14.189
826.338	14.212
827.366	14.222
828.618	14.217
830.113	14.196
831.853	14.157
833.814	14.103
835.946	14.036
838.182	13.962
840.451	13.886
842.708	13.811
844.936	13.738
847.154	13.669
849.408	13.599
851.754	13.525
854.238	13.445
856.881	13.357
859.663	13.262
862.522	13.162
865.361	13.063
868.081	12.971
870.594	12.890
872.845	12.824
874.819	12.774
876.525	12.738
877.993	12.717
879.254	12.707
880.344	12.706
881.295	12.713
882.130	12.727
882.869	12.747
883.530	12.770
884.124	12.798
884.661	12.829
885.150	12.862
885.600	12.898
886.016	12.937
886.403	12.977
886.767	13.018
887.113	13.061
887.444	13.105
887.765	13.150
888.078	13.195
888.387	13.241
888.695	13.288
889.004	13.335
889.317	13.381
889.637	13.428
889.965	13.475
890.305	13.521
890.661	13.566
891.036	13.611
891.436	13.655
891.867	13.697
892.339	13.737
892.863	13.774
893.452	13.807
894.128	13.836
894.912	13.859
895.831	13.874
896.913	13.879
898.188	13.874
899.676	13.855
901.382	13.823
903.290	13.779
905.357	13.725
907.514	13.664
909.677	13.602
911.763	13.543
913.711	13.493
915.484	13.452
917.077	13.422
918.509	13.402
919.814	13.389
921.033	13.383
922.207	13.380
923.375	13.377
924.566	13.374
925.805	13.369
927.104	13.360
928.463	13.348
929.875	13.333
931.323	13.316
932.776	13.298
934.209	13.281
935.592	13.266
936.898	13.254
938.109	13.248
939.216	13.247
940.213	13.251
941.104	13.262
941.897	13.278
942.600	13.299
943.225	13.325
943.783	13.354
944.284	13.387
944.735	13.423
945.146	13.461
945.523	13.502
945.870	13.544
946.194	13.588
946.497	13.633
946.783	13.680
947.055	13.728
947.314	13.777
947.565	13.827
947.807	13.877
948.045	13.928
948.281	13.980
948.517	14.032
948.756	14.084
949.004	14.136
949.264	14.188
949.543	14.239
949.846	14.289
950.185	14.337
950.570	14.383
951.013	14.425
951.533	14.464
952.148	14.497
952.880	14.522
953.755	14.540
954.797	14.547
956.028	14.543
957.464	14.526
959.110	14.495
960.955	14.452
962.974	14.399
965.127	14.336
967.375	14.268
969.679	14.198
972.025	14.125
974.424	14.051
976.916	13.974
979.570	13.890
982.472	13.795
985.711	13.686
989.337	13.558
993.328	13.413
997.566	13.257
1001.825	13.100
1005.848	12.954
1009.415	12.830
1012.397	12.734
1014.775	12.668
1016.606	12.628
1017.985	12.611
1019.010	12.611
1019.772	12.624
1020.343	12.647
1020.777	12.677
1021.113	12.712
1021.382	12.750
1021.603	12.791
1021.791	12.835
1021.957	12.879
1022.108	12.925
1022.249	12.972
1022.386	13.019
1022.521	13.066
1022.657	13.114
1022.798	13.162
1022.946	13.210
1023.103	13.258
1023.273	13.305
1023.459	13.352
1023.665	13.399
1023.895	13.444
1024.154	13.489
1024.450	13.532
1024.788	13.573
1025.177	13.611
1025.626	13.647
1026.146	13.680
1026.748	13.709
1027.443	13.732
1028.243	13.751
1029.159	13.764
1030.200	13.770
1031.370	13.769
1032.669	13.762
1034.091	13.748
1035.624	13.728
1037.248	13.703
1038.940	13.674
1040.675	13.642
1042.423	13.610
1044.163	13.578
1045.873	13.548
1047.537	13.520
1049.148	13.494
1050.699	13.472
1052.191	13.452
1053.631	13.436
1055.030	13.422
1056.404	13.409
1057.772	13.397
1059.158	13.385
1060.589	13.371
1062.093	13.354
1063.692	13.333
1065.408	13.307
1067.245	13.275
1069.199	13.238
1071.243	13.196
1073.334	13.152
1075.423	13.107
1077.446	13.065
1079.353	13.027
1081.100	12.997
1082.664	12.974
1084.036	12.961
1085.221	12.955
1086.237	12.958
1087.103	12.968
1087.842	12.983
1088.477	13.004
1089.026	13.029
1089.509	13.057
1089.938	13.087
1090.326	13.120
1090.683	13.155
1091.015	13.191
1091.330	13.228
1091.631	13.266
1091.923	13.304
1092.208	13.343
1092.488	13.383
1092.767	13.423
1093.044	13.463
1093.323	13.503
1093.602	13.543
1093.884	13.584
1094.169	13.625
1094.458	13.665
1094.750	13.706
1095.048	13.746
1095.350	13.787
1095.657	13.827
1095.971	13.867
1096.290	13.908
1096.615	13.948
1096.946	13.988
1097.286	14.027
1097.632	14.067
1097.987	14.106
1098.352	14.145
1098.729	14.184
1099.118	14.222
1099.525	14.259
1099.953	14.295
1100.409	14.331
1100.901	14.364
1101.440	14.395
1102.046	14.424
1102.739	14.448
1103.553	14.466
1104.531	14.476
1105.730	14.475
1107.221	14.459
1109.087	14.425
1111.410	14.368
1114.251	14.285
1117.616	14.176
1121.424	14.045
1125.503	13.900
1129.611	13.753
1133.516	13.616
1137.037	13.498
1140.097	13.402
1142.690	13.329
1144.873	13.277
1146.709	13.241
1148.273	13.218
1149.624	13.205
1150.812	13.200
1151.873	13.201
1152.836	13.207
1153.726	13.216
1154.559	13.228
1155.351	13.242
1156.115	13.258
1156.862	13.274
1157.602	13.291
1158.344	13.308
1159.096	13.324
1159.865	13.340
1160.656	13.355
1161.472	13.369
1162.320	13.382
1163.197	13.393
1164.106	13.403
1165.044	13.412
1166.010	13.419
1166.996	13.425
1168.000	13.431
1169.013	13.436
1170.030	13.440
1171.046	13.445
1172.054	13.450
1173.051	13.455
1174.036	13.461
1175.008	13.467
1175.971	13.474
1176.930	13.482
1177.892	13.489
1178.870	13.495
1179.880	13.501
1180.941	13.505
1182.077	13.505
1183.318	13.502
1184.701	13.493
1186.264	13.476
1188.048	13.451
1190.091	13.415
1192.419	13.367
1195.036	13.308
1197.916	13.237
1201.001	13.158
1204.198	13.074
1207.401	12.990
1210.507	12.910
1213.433	12.837
1216.134	12.773
1218.595	12.719
1220.831	12.675
1222.875	12.638
1224.764	12.608
1226.535	12.584
1228.221	12.563
1229.844	12.544
1231.420	12.528
1232.953	12.513
1234.446	12.500
1235.891	12.488
1237.282	12.478
1238.608	12.471
1239.863	12.466
1241.038	12.464
1242.130	12.464
1243.137	12.468
1244.062	12.475
1244.906	12.485
1245.677	12.497
1246.379	12.512
1247.023	12.529
1247.617	12.548
1248.171	12.569
1248.696	12.591
1249.204	12.614
1249.709	12.638
1250.228	12.661
1250.783	12.683
1251.402	12.703
1252.121	12.720
1252.989	12.733
1254.071	12.738
1255.446	12.734
1257.215	12.717
1259.484	12.683
1262.357	12.629
1265.890	12.552
1270.066	12.454
1274.738	12.337
1279.661	12.212
1284.504	12.088
1288.976	11.975
1292.867	11.881
1296.103	11.809
1298.701	11.758
1300.751	11.725
1302.362	11.706
1303.639	11.699
1304.671	11.701
1305.527	11.708
1306.260	11.720
1306.907	11.735
1307.495	11.752
1308.041	11.770
1308.560	11.789
1309.059	11.809
1309.544	11.829
1310.020	11.850
1310.488	11.871
1310.952	11.893
1311.410	11.914
1311.866	11.936
1312.317	11.958
1312.768	11.980
1313.214	12.002
1313.659	12.025
1314.099	12.047
1314.538	12.070
1314.974	12.093
1315.406	12.116
1315.835	12.139
1316.262	12.162
1316.684	12.185
1317.104	12.209
1317.520	12.233
1317.932	12.257
1318.341	12.281
1318.746	12.305
1319.148	12.330
1319.547	12.355
1319.942	12.380
1320.335	12.405
1320.725	12.430
1321.114	12.455
1321.502	12.481
1321.890	12.506
1322.280	12.532
1322.674	12.558
1323.074	12.583
1323.484	12.608
1323.909	12.633
1324.354	12.658
1324.830	12.681
1325.348	12.703
1325.923	12.724
1326.575	12.742
1327.335	12.757
1328.238	12.767
1329.334	12.772
1330.683	12.768
1332.360	12.754
1334.448	12.727
1337.034	12.684
1340.180	12.623
1343.917	12.543
1348.198	12.445
1352.896	12.334
1357.806	12.216
1362.688	12.099
1367.318	11.989
1371.537	11.893
1375.271	11.812
1378.522	11.747
1381.335	11.695
1383.786	11.655
1385.947	11.625
1387.889	11.601
1389.665	11.583
1391.322	11.568
1392.890	11.556
1394.393	11.547
1395.846	11.538
1397.259	11.531
1398.637	11.525
1399.983	11.520
1401.294	11.516
1402.568	11.513
1403.803	11.511
1404.992	11.510
1406.134	11.510
1407.222	11.512
1408.257	11.515
1409.233	11.519
1410.152	11.525
1411.014	11.533
1411.819	11.542
1412.570	11.553
1413.270	11.565
1413.922	11.578
1414.530	11.593
1415.098	11.609
1415.630	11.626
1416.131	11.644
1416.603	11.662
1417.052	11.682
1417.482	11.702
1417.895	11.723
1418.294	11.744
1418.684	11.765
1419.068	11.787
1419.447	11.809
1419.826	11.831
1420.206	11.853
1420.592	11.875
1420.983	11.897
1421.385	11.919
1421.797	11.940
1422.227	11.961
1422.672	11.982
1423.139	12.002
1423.628	12.022
1424.142	12.041
1424.685	12.059
1425.258	12.076
1425.865	12.093
1426.505	12.108
1427.184	12.123
1427.899	12.136
1428.652	12.148
1429.443	12.159
1430.270	12.169
1431.132	12.178
1432.025	12.186
1432.945	12.194
1433.886	12.200
1434.845	12.206
1435.812	12.211
1436.785	12.217
1437.754	12.222
1438.714	12.228
1439.658	12.234
1440.585	12.240
1441.489	12.247
1442.366	12.255
1443.218	12.263
1444.043	12.273
1444.840	12.283
1445.615	12.294
1446.366	12.306
1447.099	12.318
1447.817	12.331
1448.524	12.344
1449.223	12.357
1449.919	12.371
1450.615	12.384
1451.315	12.398
1452.023	12.411
1452.742	12.425
1453.472	12.437
1454.218	12.450
1454.982	12.462
1455.762	12.473
1456.561	12.484
1457.382	12.494
1458.219	12.504
1459.079	12.512
1459.958	12.521
1460.857	12.529
1461.774	12.536
1462.709	12.542
1463.662	12.548
1464.630	12.554
1465.612	12.559
1466.607	12.564
1467.611	12.568
1468.621	12.572
1469.633	12.576
1470.642	12.580
1471.644	12.584
1472.631	12.589
1473.599	12.594
1474.544	12.600
1475.455	12.606
1476.332	12.614
1477.169	12.623
1477.960	12.633
1478.708	12.645
1479.404	12.658
1480.054	12.673
1480.654	12.689
1481.208	12.707
1481.716	12.726
1482.181	12.746
1482.605	12.768
1482.992	12.792
1483.345	12.816
1483.667	12.842
1483.962	12.868
1484.231	12.896
1484.479	12.924
1484.708	12.953
1484.920	12.983
1485.119	13.013
1485.305	13.044
1485.482	13.075
1485.651	13.107
1485.814	13.139
1485.972	13.171
1486.126	13.204
1486.279	13.237
1486.431	13.270
1486.583	13.303
1486.737	13.336
1486.893	13.370
1487.052	13.403
1487.216	13.437
1487.385	13.470
1487.560	13.503
1487.742	13.536
1487.932	13.570
1488.131	13.602
1488.340	13.635
1488.560	13.668
1488.792	13.700
1489.037	13.731
1489.297	13.763
1489.571	13.794
1489.862	13.824
1490.170	13.854
1490.498	13.884
1490.845	13.912
1491.213	13.940
1491.603	13.968
1492.016	13.994
1492.452	14.020
1492.913	14.045
1493.400	14.069
1493.911	14.092
1494.451	14.114
1495.015	14.135
1495.608	14.155
1496.229	14.174
1496.877	14.192
1497.556	14.209
1498.263	14.225
1499.004	14.240
1499.779	14.253
1500.590	14.265
1501.440	14.275
1502.331	14.284
1503.267	14.291
1504.250	14.297
1505.280	14.300
1506.357	14.302
1507.479	14.302
1508.643	14.300
1509.839	14.296
1511.060	14.292
1512.293	14.287
1513.522	14.282
1514.737	14.278
1515.919	14.274
1517.059	14.272
1518.144	14.272
1519.167	14.275
1520.123	14.280
1521.010	14.287
1521.831	14.297
1522.590	14.310
1523.294	14.325
1523.952	14.341
1524.576	14.360
1525.181	14.379
1525.782	14.399
1526.399	14.418
1527.062	14.436
1527.803	14.451
1528.674	14.462
1529.743	14.466
1531.104	14.461
1532.897	14.440
1535.296	14.398
1538.523	14.328
1542.797	14.222
1548.258	14.075
1554.843	13.890
1562.186	13.678
1569.660	13.462
1576.596	13.264
1582.510	13.101
1587.229	12.978
1590.826	12.892
1593.496	12.838
1595.461	12.807
1596.912	12.793
1597.994	12.791
1598.813	12.798
1599.445	12.811
1599.944	12.828
1600.343	12.849
1600.669	12.873
1600.940	12.898
1601.170	12.924
1601.367	12.952
1601.540	12.981
1601.693	13.010
1601.831	13.040
1601.957	13.071
1602.073	13.102
1602.183	13.133
1602.288	13.165
1602.390	13.197
1602.489	13.229
1602.590	13.261
1602.691	13.293
1602.796	13.326
1602.906	13.358
1603.022	13.391
1603.149	13.423
1603.287	13.455
1603.440	13.486
1603.613	13.518
1603.809	13.548
1604.034	13.578
1604.296	13.607
1604.601	13.634
1604.962	13.660
1605.390	13.684
1605.901	13.706
1606.514	13.724
1607.249	13.738
1608.133	13.748
1609.194	13.752
1610.461	13.749
1611.964	13.739
1613.728	13.720
1615.768	13.693
1618.085	13.656
1620.658	13.611
1623.447	13.558
1626.384	13.501
1629.391	13.441
1632.383	13.381
1635.282	13.324
1638.030	13.272
1640.587	13.226
1642.940	13.186
1645.093	13.153
1647.066	13.126
1648.886	13.104
1650.584	13.086
1652.192	13.071
1653.741	13.058
1655.261	13.046
1656.778	13.035
1658.318	13.023
1659.906	13.010
1661.560	12.996
1663.302	12.979
1665.148	12.960
1667.113	12.937
1669.205	12.911
1671.427	12.881
1673.778	12.848
1676.247	12.812
1678.811	12.773
1681.450	12.732
1684.129	12.689
1686.813	12.647
1689.472	12.606
1692.068	12.566
1694.578	12.529
1696.979	12.494
1699.254	12.463
1701.396	12.436
1703.397	12.412
1705.258	12.392
1706.983	12.376
1708.571	12.364
1710.031	12.354
1711.367	12.348
1712.588	12.345
1713.699	12.345
1714.707	12.348
1715.621	12.353
1716.448	12.360
1717.193	12.370
1717.865	12.381
1718.472	12.394
1719.018	12.409
1719.511	12.425
1719.956	12.443
1720.359	12.462
1720.726	12.481
1721.059	12.502
1721.364	12.524
1721.644	12.546
1721.902	12.569
1722.143	12.593
1722.367	12.617
1722.578	12.641
1722.777	12.666
1722.967	12.692
1723.149	12.717
1723.324	12.743
1723.493	12.769
1723.659	12.796
1723.822	12.822
1723.983	12.849
1724.143	12.876
1724.303	12.903
1724.464	12.930
1724.626	12.957
1724.790	12.984
1724.959	13.011
1725.131	13.038
1725.309	13.065
1725.494	13.092
1725.685	13.119
1725.886	13.146
1726.098	13.172
1726.319	13.199
1726.555	13.225
1726.806	13.250
1727.071	13.276
1727.355	13.301
1727.660	13.325
1727.986	13.349
1728.337	13.372
1728.713	13.394
1729.118	13.416
1729.553	13.437
1730.019	13.457
1730.519	13.476
1731.053	13.494
1731.624	13.511
1732.229	13.527
1732.870	13.542
1733.546	13.556
1734.257	13.569
1734.998	13.580
1735.770	13.591
1736.567	13.601
1737.388	13.611
1738.230	13.619
1739.086	13.628
1739.959	13.635
1740.843	13.643
1741.735	13.650
1742.639	13.656
1743.551	13.663
1744.473	13.669
1745.409	13.674
1746.360	13.680
1747.332	13.684
1748.328	13.688
1749.351	13.691
1750.409	13.694
1751.504	13.695
1752.643	13.694
1753.829	13.693
1755.064	13.690
1756.353	13.685
1757.697	13.679
1759.104	13.670
1760.573	13.660
1762.112	13.648
1763.726	13.634
1765.427	13.617
1767.221	13.598
1769.119	13.576
1771.129	13.550
1773.257	13.522
1775.505	13.490
1777.859	13.455
1780.307	13.417
1782.819	13.377
1785.355	13.337
1787.878	13.296
1790.334	13.258
1792.691	13.222
1794.907	13.190
1796.963	13.163
1798.844	13.140
1800.550	13.123
1802.086	13.110
1803.468	13.102
1804.714	13.097
1805.844	13.096
1806.879	13.098
1807.840	13.102
1808.745	13.108
1809.615	13.114
1810.464	13.122
1811.307	13.130
1812.161	13.137
1813.037	13.144
1813.947	13.151
1814.905	13.156
1815.920	13.160
1817.003	13.162
1818.161	13.162
1819.403	13.159
1820.734	13.155
1822.158	13.147
1823.672	13.138
1825.273	13.126
1826.955	13.112
1828.702	13.095
1830.499	13.078
1832.329	13.059
1834.162	13.041
1835.983	13.022
1837.768	13.004
1839.494	12.988
1841.146	12.974
1842.709	12.961
1844.176	12.952
1845.542	12.945
1846.803	12.940
1847.963	12.939
1849.026	12.940
1849.997	12.943
1850.884	12.949
1851.693	12.956
1852.433	12.966
1853.110	12.977
1853.732	12.990
1854.306	13.004
1854.836	13.020
1855.330	13.036
1855.792	13.053
1856.227	13.071
1856.640	13.090
1857.034	13.109
1857.414	13.129
1857.784	13.149
1858.148	13.170
1858.511	13.190
1858.878	13.211
1859.253	13.231
1859.646	13.251
1860.061	13.271
1860.509	13.290
1861.001	13.307
1861.550	13.324
1862.172	13.338
1862.886	13.351
1863.714	13.360
1864.679	13.366
1865.811	13.367
1867.136	13.364
1868.682	13.354
1870.470	13.339
1872.515	13.316
1874.815	13.286
1877.352	13.251
1880.084	13.209
1882.951	13.164
1885.883	13.117
1888.797	13.070
1891.613	13.025
1894.277	12.984
1896.743	12.948
1898.988	12.918
1901.012	12.894
1902.830	12.875
1904.460	12.861
1905.934	12.851
1907.280	12.845
1908.526	12.841
1909.696	12.840
1910.813	12.840
1911.892	12.841
1912.949	12.843
1913.992	12.845
1915.028	12.848
1916.060	12.850
1917.090	12.853
1918.118	12.855
1919.140	12.858
1920.153	12.861
1921.153	12.864
1922.133	12.868
1923.091	12.872
1924.019	12.877
1924.912	12.882
1925.769	12.889
1926.586	12.896
1927.358	12.905
1928.087	12.914
1928.771	12.925
1929.409	12.937
1930.004	12.950
1930.556	12.964
1931.067	12.979
1931.540	12.996
1931.977	13.013
1932.381	13.031
1932.754	13.050
1933.101	13.069
1933.423	13.089
1933.723	13.110
1934.006	13.132
1934.274	13.154
1934.529	13.176
1934.776	13.199
1935.017	13.222
1935.257	13.245
1935.499	13.268
1935.750	13.291
1936.015	13.314
1936.301	13.336
1936.616	13.358
1936.975	13.378
1937.390	13.398
1937.880	13.415
1938.471	13.431
1939.194	13.443
1940.087	13.451
1941.200	13.453
1942.590	13.449
1944.323	13.436
1946.463	13.413
1949.076	13.378
1952.190	13.331
1955.806	13.270
1959.857	13.199
1964.220	13.119
1968.713	13.036
1973.128	12.953
1977.273	12.877
1981.001	12.811
1984.230	12.758
1986.944	12.716
1989.168	12.687
1990.961	12.668
1992.388	12.659
1993.518	12.657
1994.414	12.661
1995.125	12.669
1995.693	12.681
1996.153	12.696
1996.529	12.713
1996.843	12.732
1997.108	12.752
1997.336	12.773
1997.537	12.795
1997.717	12.817
1997.881	12.840
1998.034	12.863
1998.179	12.887
1998.319	12.910
1998.456	12.934
1998.592	12.958
1998.729	12.982
1998.869	13.006
1999.012	13.030
1999.160	13.054
1999.316	13.078
1999.479	13.102
1999.654	13.126
1999.839	13.149
2000.039	13.173
2000.255	13.195
2000.489	13.218
2000.746	13.240
2001.029	13.262
2001.342	13.282
2001.692	13.302
2002.086	13.321
2002.532	13.339
2003.042	13.355
2003.630	13.370
2004.314	13.382
2005.115	13.392
2006.062	13.398
2007.188	13.399
2008.533	13.396
2010.139	13.386
2012.059	13.369
2014.337	13.343
2017.009	13.307
2020.098	13.262
2023.589	13.206
2027.425	13.142
2031.521	13.072
2035.734	12.999
2039.912	12.926
2043.912	12.857
2047.604	12.795
2050.917	12.742
2053.805	12.699
2056.276	12.666
2058.358	12.642
2060.094	12.626
2061.538	12.617
2062.737	12.614
2063.738	12.615
2064.581	12.621
2065.300	12.629
2065.920	12.640
2066.465	12.653
2066.952	12.667
2067.396	12.682
2067.808	12.698
2068.197	12.714
2068.571	12.731
2068.935	12.749
2069.295	12.766
2069.655	12.784
2070.017	12.802
2070.387	12.819
2070.765	12.836
2071.154	12.854
2071.555	12.870
2071.971	12.887
2072.401	12.903
2072.849	12.919
2073.313	12.935
2073.794	12.950
2074.293	12.965
2074.811	12.980
2075.346	12.994
2075.899	13.007
2076.470	13.021
2077.058	13.033
2077.664	13.046
2078.287	13.058
2078.928	13.070
2079.589	13.081
2080.269	13.092
2080.970	13.102
2081.697	13.112
2082.450	13.121
2083.238	13.129
2084.062	13.137
2084.933	13.143
2085.857	13.149
2086.845	13.153
2087.909	13.155
2089.059	13.155
2090.312	13.153
2091.678	13.148
2093.169	13.141
2094.796	13.130
2096.566	13.116
2098.476	13.099
2100.520	13.079
2102.687	13.056
2104.950	13.030
2107.277	13.003
2109.635	12.975
2111.979	12.947
2114.268	12.920
2116.471	12.895
2118.550	12.873
2120.486	12.854
2122.266	12.838
2123.879	12.826
2125.332	12.818
2126.628	12.813
2127.778	12.811
2128.797	12.813
2129.696	12.817
2130.492	12.824
2131.197	12.833
2131.823	12.843
2132.382	12.856
2132.883	12.869
2133.336	12.884
2133.747	12.900
2134.125	12.917
2134.473	12.934
2134.798	12.952
2135.103	12.971
2135.392	12.990
2135.669	13.009
2135.936	13.029
2136.198	13.048
2136.455	13.068
2136.713	13.089
2136.972	13.109
2137.237	13.129
2137.511	13.149
2137.797	13.168
2138.099	13.188
2138.422	13.207
2138.770	13.225
2139.150	13.243
2139.567	13.260
2140.028	13.276
2140.543	13.291
2141.119	13.305
2141.764	13.317
2142.490	13.327
2143.307	13.335
2144.223	13.341
2145.250	13.344
2146.389	13.345
2147.653	13.342
2149.034	13.337
2150.535	13.329
2152.143	13.318
2153.842	13.306
2155.616	13.291
2157.430	13.275
2159.267	13.258
2161.087	13.242
2162.868	13.226
2164.579	13.212
2166.202	13.200
2167.719	13.190
2169.121	13.182
2170.406	13.178
2171.573	13.176
2172.628	13.177
2173.579	13.180
2174.435	13.185
2175.208	13.193
2175.907	13.202
2176.545	13.213
2177.131	13.225
2177.676	13.238
2178.187	13.252
2178.674	13.267
2179.142	13.282
2179.599	13.297
2180.050	13.313
2180.499	13.329
2180.952	13.345
2181.413	13.360
2181.884	13.376
2182.368	13.391
2182.868	13.406
2183.386	13.420
2183.924	13.434
2184.481	13.448
2185.062	13.461
2185.661	13.473
2186.283	13.486
2186.924	13.497
2187.584	13.508
2188.262	13.519
2188.953	13.529
2189.657	13.540
2190.369	13.549
2191.089	13.559
2191.811	13.569
2192.532	13.578
2193.251	13.588
2193.963	13.598
2194.667	13.608
2195.361	13.618
2196.042	13.628
2196.711	13.639
2197.366	13.650
2198.007	13.662
2198.636	13.673
2199.252	13.686
2199.857	13.698
2200.454	13.711
2201.044	13.724
2201.629	13.737
2202.213	13.750
2202.799	13.763
2203.388	13.776
2203.984	13.789
2204.590	13.801
2205.208	13.814
2205.839	13.826
2206.488	13.838
2207.153	13.849
2207.837	13.860
2208.540	13.870
2209.261	13.880
2210.001	13.890
2210.757	13.899
2211.527	13.907
2212.309	13.916
2213.100	13.924
2213.896	13.932
2214.695	13.940
2215.492	13.948
2216.285	13.956
2217.071	13.964
2217.850	13.972
2218.620	13.981
2219.385	13.989
2220.150	13.998
