<j>	<F>
1.246	20.230
3.002	11.614
4.179	10.899
5.196	11.156
6.054	12.657
7.215	14.244
8.585	11.436
9.532	12.759
11.137	12.035
12.467	10.583
13.346	11.228
14.237	12.121
15.522	12.358
17.083	11.206
18.031	11.225
18.729	12.104
19.440	13.182
20.367	13.904
21.486	13.900
22.550	13.992
23.598	14.074
24.543	14.400
25.496	14.789
26.692	14.889
28.339	13.899
29.759	13.131
30.782	13.117
31.548	13.591
32.242	14.305
32.951	15.017
33.668	15.788
34.659	16.272
36.382	15.425
38.246	13.966
39.354	13.671
40.058	14.153
40.693	14.825
41.311	15.561
41.954	16.348
42.828	16.894
44.396	16.488
47.021	14.592
49.278	12.927
50.306	12.732
50.847	13.227
51.368	13.878
52.136	14.383
53.392	14.399
54.975	13.902
56.180	13.619
56.831	13.932
57.242	14.605
57.644	15.395
58.184	16.123
59.043	16.540
60.413	16.340
62.128	15.617
63.566	15.095
64.501	15.129
65.151	15.527
65.716	16.077
66.315	16.641
67.037	17.098
67.946	17.346
69.090	17.324
70.581	16.948
72.480	16.152
74.343	15.315
75.630	14.992
76.493	15.141
77.473	15.351
79.355	15.035
82.678	13.725
85.950	12.324
87.839	11.757
88.864	11.722
89.525	11.900
90.007	12.186
90.395	12.540
90.742	12.941
91.088	13.369
91.469	13.806
91.919	14.227
92.476	14.602
93.164	14.901
93.977	15.113
94.877	15.255
95.812	15.364
96.766	15.461
97.775	15.532
98.919	15.526
100.275	15.387
101.845	15.110
103.539	14.755
105.236	14.403
106.832	14.111
108.221	13.924
109.327	13.877
110.148	13.980
110.755	14.210
111.248	14.524
111.742	14.869
112.371	15.171
113.303	15.331
114.711	15.234
116.582	14.858
118.546	14.389
120.167	14.072
121.324	13.985
122.117	14.086
122.670	14.318
123.085	14.638
123.439	15.012
123.804	15.407
124.257	15.780
124.911	16.069
125.927	16.174
127.442	16.000
129.326	15.585
131.114	15.176
132.486	14.978
133.537	14.971
134.555	15.027
135.900	14.984
138.002	14.662
141.060	13.964
144.396	13.129
146.953	12.555
148.521	12.336
149.469	12.347
150.136	12.469
150.717	12.634
151.315	12.805
151.990	12.960
152.768	13.084
153.647	13.174
154.591	13.237
155.543	13.290
156.447	13.354
157.284	13.440
158.082	13.546
158.909	13.651
159.864	13.726
161.045	13.734
162.496	13.652
164.133	13.496
165.741	13.329
167.100	13.224
168.120	13.221
168.843	13.314
169.359	13.481
169.750	13.699
170.076	13.948
170.380	14.216
170.692	14.492
171.039	14.767
171.447	15.030
171.947	15.268
172.587	15.462
173.465	15.580
174.788	15.554
176.933	15.266
180.220	14.614
184.168	13.743
187.537	13.035
189.773	12.668
191.169	12.552
192.106	12.572
192.798	12.662
193.351	12.793
193.817	12.950
194.232	13.126
194.621	13.315
195.003	13.510
195.390	13.710
195.788	13.911
196.201	14.113
196.628	14.314
197.074	14.515
197.552	14.712
198.096	14.896
198.783	15.046
199.758	15.122
201.234	15.056
203.389	14.790
206.070	14.352
208.703	13.904
210.798	13.601
212.340	13.459
213.572	13.418
214.717	13.412
215.892	13.404
217.124	13.382
218.371	13.351
219.557	13.328
220.618	13.331
221.525	13.368
222.295	13.441
222.978	13.539
223.648	13.648
224.406	13.746
225.384	13.803
226.751	13.781
228.651	13.641
231.055	13.382
233.631	13.067
235.903	12.801
237.598	12.649
238.750	12.614
239.533	12.662
240.109	12.760
240.586	12.885
241.033	13.021
241.490	13.160
241.989	13.294
242.555	13.417
243.215	13.524
243.992	13.607
244.904	13.662
245.955	13.686
247.132	13.681
248.398	13.654
249.704	13.615
251.005	13.575
252.275	13.541
253.513	13.514
254.734	13.493
255.964	13.472
257.225	13.447
258.530	13.414
259.878	13.372
261.247	13.324
262.596	13.278
263.871	13.242
265.018	13.228
266.001	13.243
266.810	13.292
267.460	13.372
267.979	13.481
268.400	13.613
268.757	13.761
269.077	13.922
269.388	14.089
269.711	14.258
270.070	14.424
270.491	14.581
271.005	14.722
271.660	14.835
272.519	14.907
273.673	14.918
275.219	14.844
277.210	14.673
279.545	14.421
281.943	14.146
284.081	13.918
285.806	13.774
287.167	13.710
288.324	13.695
289.435	13.697
290.618	13.692
291.926	13.665
293.353	13.614
294.840	13.550
296.313	13.484
297.720	13.430
299.043	13.390
300.296	13.365
301.495	13.349
302.647	13.341
303.734	13.343
304.731	13.358
305.613	13.391
306.368	13.445
307.000	13.521
307.527	13.618
307.974	13.730
308.367	13.856
308.731	13.989
309.086	14.128
309.451	14.268
309.841	14.405
310.268	14.538
310.739	14.665
311.258	14.783
311.822	14.893
312.422	14.996
313.042	15.094
313.662	15.191
314.264	15.293
314.829	15.401
315.348	15.521
315.820	15.652
316.248	15.796
316.643	15.949
317.018	16.111
317.389	16.277
317.777	16.442
318.204	16.602
318.698	16.750
319.299	16.875
320.057	16.964
321.036	17.002
322.300	16.971
323.883	16.861
325.759	16.679
327.845	16.448
330.102	16.189
332.642	15.892
335.719	15.515
339.469	15.029
343.553	14.490
347.266	14.019
350.169	13.695
352.342	13.507
354.102	13.402
355.758	13.326
357.536	13.245
359.592	13.133
361.994	12.978
364.693	12.786
367.506	12.576
370.177	12.381
372.494	12.227
374.367	12.126
375.822	12.076
376.948	12.067
377.845	12.087
378.598	12.127
379.273	12.178
379.916	12.234
380.562	12.292
381.233	12.347
381.945	12.399
382.703	12.446
383.506	12.488
384.347	12.524
385.209	12.557
386.075	12.590
386.924	12.623
387.737	12.659
388.503	12.701
389.212	12.750
389.862	12.805
390.453	12.869
390.992	12.939
391.482	13.016
391.928	13.100
392.337	13.189
392.712	13.284
393.056	13.384
393.373	13.488
393.665	13.598
393.935	13.712
394.187	13.831
394.423	13.953
394.650	14.079
394.875	14.208
395.107	14.338
395.362	14.467
395.670	14.592
396.082	14.705
396.701	14.794
397.722	14.833
399.500	14.774
402.539	14.550
407.186	14.112
412.920	13.524
418.301	12.971
422.269	12.596
424.833	12.400
426.483	12.322
427.638	12.308
428.539	12.326
429.302	12.361
429.983	12.406
430.605	12.458
431.180	12.515
431.716	12.577
432.215	12.643
432.683	12.713
433.123	12.787
433.540	12.865
433.937	12.945
434.319	13.028
434.690	13.113
435.053	13.200
435.412	13.289
435.768	13.379
436.125	13.470
436.485	13.561
436.852	13.653
437.231	13.744
437.628	13.835
438.054	13.923
438.527	14.007
439.071	14.084
439.727	14.148
440.551	14.194
441.622	14.211
443.032	14.188
444.864	14.113
447.134	13.983
449.730	13.810
452.408	13.621
454.882	13.452
456.958	13.327
458.588	13.255
459.839	13.229
460.818	13.237
461.635	13.266
462.375	13.307
463.104	13.351
463.867	13.393
464.695	13.428
465.604	13.455
466.596	13.472
467.655	13.481
468.752	13.485
469.848	13.486
470.904	13.491
471.886	13.503
472.771	13.525
473.550	13.559
474.229	13.605
474.818	13.661
475.336	13.726
475.800	13.799
476.229	13.877
476.643	13.958
477.061	14.040
477.504	14.121
477.994	14.198
478.560	14.267
479.234	14.325
480.055	14.366
481.061	14.386
482.284	14.380
483.736	14.346
485.394	14.286
487.191	14.207
489.025	14.120
490.790	14.040
492.400	13.976
493.810	13.934
495.016	13.916
496.039	13.920
496.908	13.942
497.656	13.979
498.310	14.027
498.893	14.085
499.423	14.150
499.917	14.219
500.392	14.292
500.865	14.367
501.360	14.440
501.907	14.509
502.547	14.569
503.333	14.614
504.334	14.636
505.625	14.624
507.264	14.573
509.259	14.479
511.521	14.351
513.870	14.209
516.088	14.077
518.015	13.976
519.592	13.914
520.860	13.888
521.911	13.889
522.858	13.905
523.824	13.923
524.936	13.931
526.338	13.913
528.172	13.855
530.545	13.745
533.451	13.582
536.701	13.382
539.957	13.177
542.885	13.000
545.302	12.870
547.215	12.789
548.745	12.746
550.046	12.727
551.255	12.720
552.475	12.715
553.776	12.705
555.194	12.685
556.734	12.656
558.372	12.617
560.058	12.574
561.733	12.530
563.341	12.490
564.840	12.458
566.214	12.437
567.468	12.425
568.625	12.422
569.720	12.424
570.789	12.430
571.871	12.436
572.997	12.439
574.188	12.437
575.455	12.430
576.790	12.418
578.171	12.401
579.561	12.382
580.917	12.364
582.197	12.352
583.368	12.346
584.409	12.350
585.315	12.365
586.092	12.389
586.757	12.422
587.329	12.463
587.830	12.510
588.281	12.562
588.703	12.616
589.115	12.673
589.532	12.730
589.969	12.786
590.441	12.840
590.958	12.891
591.531	12.939
592.167	12.981
592.870	13.018
593.639	13.050
594.469	13.076
595.350	13.098
596.267	13.116
597.200	13.132
598.133	13.148
599.047	13.165
599.928	13.184
600.766	13.207
601.559	13.234
602.308	13.264
603.017	13.298
603.694	13.335
604.350	13.374
604.995	13.414
605.640	13.455
606.298	13.495
606.983	13.534
607.708	13.570
608.492	13.601
609.354	13.626
610.316	13.643
611.402	13.650
612.631	13.644
614.017	13.626
615.561	13.593
617.244	13.549
619.031	13.495
620.874	13.435
622.726	13.374
624.557	13.316
626.366	13.260
628.188	13.206
630.087	13.148
632.149	13.081
634.466	12.999
637.103	12.895
640.070	12.768
643.291	12.624
646.608	12.473
649.815	12.328
652.728	12.203
655.232	12.105
657.296	12.036
658.952	11.996
660.264	11.978
661.304	11.980
662.137	11.995
662.817	12.022
663.389	12.056
663.885	12.096
664.334	12.140
664.757	12.186
665.176	12.233
665.609	12.280
666.077	12.325
666.604	12.367
667.220	12.405
667.958	12.436
668.863	12.456
669.984	12.464
671.377	12.455
673.093	12.427
675.171	12.375
677.614	12.301
680.381	12.206
683.376	12.097
686.473	11.980
689.539	11.866
692.471	11.761
695.211	11.667
697.746	11.587
700.088	11.520
702.263	11.463
704.297	11.414
706.207	11.373
708.002	11.339
709.688	11.310
711.265	11.287
712.734	11.270
714.095	11.259
715.352	11.252
716.506	11.252
717.563	11.256
718.526	11.265
719.403	11.278
720.198	11.295
720.918	11.317
721.568	11.342
722.155	11.371
722.685	11.403
723.164	11.437
723.598	11.475
723.992	11.514
724.353	11.556
724.684	11.600
724.992	11.645
725.280	11.692
725.552	11.740
725.812	11.789
726.063	11.838
726.309	11.889
726.553	11.940
726.797	11.992
727.044	12.043
727.296	12.095
727.555	12.147
727.825	12.199
728.105	12.250
728.400	12.301
728.709	12.352
729.036	12.401
729.381	12.450
729.746	12.498
730.131	12.546
730.537	12.592
730.965	12.637
731.415	12.680
731.885	12.723
732.376	12.765
732.886	12.805
733.414	12.845
733.958	12.883
734.517	12.921
735.091	12.958
735.678	12.994
736.281	13.029
736.901	13.063
737.544	13.096
738.214	13.128
738.924	13.157
739.686	13.183
740.517	13.205
741.440	13.221
742.480	13.230
743.662	13.230
745.010	13.219
746.537	13.197
748.241	13.162
750.099	13.117
752.061	13.065
754.057	13.009
756.006	12.954
757.838	12.907
759.497	12.870
760.959	12.845
762.218	12.832
763.292	12.832
764.206	12.843
764.988	12.862
765.667	12.888
766.270	12.920
766.817	12.955
767.324	12.994
767.806	13.034
768.273	13.076
768.733	13.119
769.195	13.162
769.664	13.205
770.146	13.248
770.648	13.289
771.175	13.329
771.736	13.367
772.337	13.403
772.988	13.436
773.696	13.465
774.470	13.490
775.317	13.510
776.242	13.525
777.248	13.535
778.334	13.539
779.493	13.538
780.715	13.532
781.990	13.523
783.304	13.511
784.646	13.496
786.011	13.481
787.402	13.463
788.828	13.444
790.306	13.422
791.860	13.396
793.512	13.364
795.280	13.326
797.171	13.280
799.177	13.227
801.272	13.168
803.410	13.106
805.538	13.044
807.600	12.986
809.550	12.935
811.355	12.892
812.998	12.859
814.477	12.835
815.798	12.821
816.973	12.816
818.016	12.819
818.943	12.829
819.767	12.844
820.499	12.866
821.151	12.892
821.733	12.923
822.253	12.958
822.719	12.996
823.139	13.037
823.521	13.080
823.871	13.126
824.195	13.174
824.501	13.224
824.794	13.274
825.082	13.326
825.370	13.378
825.668	13.430
825.984	13.481
826.326	13.531
826.707	13.579
827.139	13.624
827.635	13.666
828.212	13.703
828.885	13.734
829.669	13.759
830.575	13.775
831.607	13.783
832.763	13.783
834.026	13.775
835.370	13.762
836.753	13.745
838.133	13.727
839.466	13.712
840.716	13.701
841.860	13.697
842.885	13.700
843.793	13.711
844.596	13.729
845.306	13.753
845.944	13.782
846.525	13.815
847.069	13.852
847.588	13.890
848.093	13.930
848.596	13.970
849.101	14.010
849.614	14.050
850.136	14.089
850.668	14.128
851.209	14.167
851.757	14.205
852.312	14.242
852.871	14.280
853.437	14.317
854.016	14.354
854.617	14.389
855.261	14.422
855.980	14.451
856.822	14.473
857.859	14.483
859.186	14.474
860.920	14.441
863.178	14.374
866.037	14.268
869.463	14.124
873.271	13.955
877.143	13.779
880.744	13.619
883.846	13.489
886.374	13.396
888.380	13.335
889.975	13.301
891.271	13.287
892.361	13.285
893.312	13.293
894.170	13.307
894.962	13.324
895.707	13.345
896.420	13.368
897.116	13.392
897.812	13.417
898.531	13.441
899.304	13.463
900.175	13.480
901.195	13.489
902.432	13.487
903.958	13.471
905.840	13.435
908.123	13.377
910.798	13.297
913.777	13.200
916.898	13.093
919.958	12.987
922.765	12.894
925.190	12.820
927.188	12.769
928.781	12.739
930.030	12.728
931.010	12.731
931.793	12.746
932.440	12.768
932.996	12.796
933.500	12.827
933.979	12.860
934.455	12.894
934.944	12.927
935.462	12.960
936.022	12.990
936.637	13.018
937.317	13.043
938.075	13.064
938.919	13.080
939.855	13.092
940.886	13.099
942.011	13.101
943.220	13.098
944.496	13.092
945.819	13.082
947.160	13.071
948.490	13.061
949.782	13.051
951.010	13.045
952.156	13.042
953.211	13.044
954.168	13.052
955.032	13.064
955.808	13.080
956.504	13.101
957.133	13.126
957.705	13.153
958.231	13.184
958.719	13.217
959.180	13.251
959.620	13.287
960.046	13.324
960.462	13.361
960.872	13.399
961.281	13.438
961.691	13.476
962.104	13.515
962.523	13.553
962.948	13.591
963.381	13.629
963.824	13.667
964.276	13.704
964.740	13.741
965.218	13.777
965.710	13.813
966.221	13.847
966.754	13.881
967.313	13.913
967.907	13.944
968.544	13.972
969.236	13.997
970.001	14.019
970.857	14.036
971.827	14.046
972.936	14.049
974.209	14.043
975.664	14.027
977.310	13.999
979.134	13.961
981.102	13.915
983.155	13.863
985.217	13.809
987.205	13.759
989.054	13.716
990.709	13.683
992.152	13.661
993.384	13.651
994.423	13.652
995.300	13.662
996.049	13.680
996.705	13.703
997.300	13.731
997.865	13.761
998.429	13.791
999.020	13.820
999.668	13.847
1000.400	13.870
1001.249	13.887
1002.247	13.896
1003.429	13.896
1004.826	13.885
1006.464	13.860
1008.355	13.823
1010.492	13.772
1012.839	13.709
1015.339	13.638
1017.913	13.563
1020.470	13.488
1022.932	13.417
1025.234	13.355
1027.340	13.303
1029.238	13.261
1030.934	13.230
1032.450	13.208
1033.818	13.194
1035.069	13.187
1036.238	13.183
1037.360	13.183
1038.467	13.184
1039.591	13.185
1040.756	13.184
1041.990	13.180
1043.307	13.173
1044.714	13.161
1046.214	13.145
1047.790	13.125
1049.421	13.102
1051.074	13.077
1052.709	13.053
1054.292	13.031
1055.787	13.013
1057.171	12.999
1058.430	12.991
1059.559	12.989
1060.563	12.993
1061.453	13.002
1062.241	13.016
1062.946	13.035
1063.582	13.056
1064.167	13.081
1064.716	13.107
1065.244	13.135
1065.766	13.163
1066.295	13.191
1066.848	13.218
1067.441	13.244
1068.094	13.268
1068.828	13.288
1069.667	13.304
1070.640	13.313
1071.772	13.316
1073.094	13.310
1074.626	13.294
1076.377	13.268
1078.343	13.232
1080.487	13.188
1082.759	13.137
1085.078	13.083
1087.362	13.030
1089.530	12.981
1091.517	12.940
1093.287	12.909
1094.822	12.887
1096.132	12.876
1097.233	12.875
1098.151	12.881
1098.918	12.895
1099.557	12.915
1100.095	12.939
1100.550	12.968
1100.940	12.999
1101.278	13.034
1101.575	13.070
1101.839	13.108
1102.077	13.148
1102.296	13.189
1102.500	13.230
1102.694	13.273
1102.881	13.316
1103.067	13.359
1103.255	13.403
1103.448	13.447
1103.654	13.490
1103.878	13.533
1104.124	13.575
1104.403	13.616
1104.722	13.656
1105.093	13.693
1105.526	13.727
1106.037	13.758
1106.636	13.785
1107.339	13.807
1108.160	13.824
1109.106	13.834
1110.182	13.838
1111.384	13.836
1112.696	13.828
1114.094	13.815
1115.544	13.799
1117.004	13.782
1118.434	13.766
1119.795	13.752
1121.058	13.743
1122.204	13.740
1123.224	13.742
1124.119	13.751
1124.900	13.765
1125.577	13.785
1126.167	13.809
1126.685	13.837
1127.147	13.868
1127.564	13.902
1127.952	13.937
1128.318	13.974
1128.673	14.011
1129.027	14.049
1129.386	14.087
1129.759	14.124
1130.153	14.161
1130.575	14.197
1131.035	14.230
1131.539	14.262
1132.099	14.291
1132.722	14.318
1133.418	14.340
1134.198	14.358
1135.069	14.372
1136.037	14.381
1137.110	14.384
1138.290	14.382
1139.580	14.374
1140.983	14.360
1142.505	14.341
1144.164	14.314
1145.986	14.281
1148.017	14.238
1150.318	14.182
1152.962	14.112
1156.014	14.024
1159.504	13.916
1163.385	13.790
1167.520	13.653
1171.686	13.514
1175.632	13.384
1179.151	13.273
1182.127	13.186
1184.538	13.124
1186.441	13.085
1187.920	13.065
1189.075	13.060
1189.991	13.066
1190.744	13.079
1191.389	13.098
1191.973	13.120
1192.533	13.143
1193.095	13.167
1193.685	13.190
1194.322	13.212
1195.025	13.231
1195.809	13.246
1196.686	13.258
1197.665	13.266
1198.750	13.269
1199.939	13.268
1201.223	13.263
1202.583	13.254
1203.994	13.242
1205.429	13.230
1206.853	13.217
1208.235	13.205
1209.547	13.196
1210.768	13.191
1211.884	13.190
1212.890	13.193
1213.785	13.201
1214.576	13.214
1215.271	13.230
1215.883	13.250
1216.421	13.274
1216.900	13.300
1217.329	13.328
1217.718	13.359
1218.075	13.390
1218.409	13.424
1218.725	13.458
1219.030	13.492
1219.327	13.528
1219.621	13.563
1219.917	13.599
1220.218	13.635
1220.529	13.671
1220.855	13.706
1221.202	13.740
1221.576	13.774
1221.986	13.806
1222.444	13.836
1222.962	13.864
1223.559	13.888
1224.255	13.909
1225.073	13.924
1226.042	13.933
1227.187	13.935
1228.535	13.927
1230.102	13.910
1231.889	13.883
1233.875	13.846
1236.018	13.802
1238.242	13.754
1240.471	13.705
1242.608	13.659
1244.588	13.619
1246.350	13.588
1247.877	13.567
1249.161	13.557
1250.226	13.556
1251.094	13.564
1251.802	13.580
1252.381	13.601
1252.863	13.627
1253.274	13.656
1253.640	13.688
1253.983	13.721
1254.322	13.754
1254.679	13.788
1255.075	13.820
1255.530	13.850
1256.072	13.876
1256.729	13.898
1257.532	13.914
1258.516	13.923
1259.716	13.922
1261.162	13.911
1262.874	13.889
1264.848	13.855
1267.061	13.810
1269.455	13.757
1271.951	13.700
1274.454	13.641
1276.877	13.585
1279.153	13.534
1281.243	13.492
1283.147	13.458
1284.885	13.431
1286.503	13.410
1288.055	13.392
1289.606	13.375
1291.217	13.357
1292.948	13.335
1294.847	13.307
1296.950	13.272
1299.271	13.229
1301.794	13.178
1304.469	13.120
1307.223	13.060
1309.960	12.999
1312.585	12.942
1315.016	12.892
1317.195	12.851
1319.096	12.820
1320.718	12.799
1322.079	12.787
1323.209	12.785
1324.144	12.790
1324.916	12.801
1325.556	12.817
1326.091	12.837
1326.544	12.860
1326.930	12.886
1327.265	12.914
1327.559	12.944
1327.822	12.976
1328.059	13.008
1328.276	13.041
1328.478	13.075
1328.666	13.110
1328.844	13.145
1329.015	13.181
1329.179	13.217
1329.339	13.254
1329.496	13.290
1329.651	13.327
1329.806	13.365
1329.962	13.402
1330.122	13.440
1330.286	13.477
1330.458	13.515
1330.639	13.552
1330.834	13.589
1331.049	13.625
1331.289	13.661
1331.566	13.695
1331.893	13.728
1332.292	13.759
1332.791	13.785
1333.436	13.807
1334.293	13.821
1335.456	13.824
1337.058	13.811
1339.276	13.776
1342.314	13.711
1346.368	13.609
1351.530	13.467
1357.684	13.288
1364.419	13.087
1371.134	12.886
1377.241	12.707
1382.369	12.562
1386.435	12.455
1389.546	12.382
1391.907	12.336
1393.713	12.310
1395.136	12.298
1396.296	12.295
1397.283	12.298
1398.155	12.306
1398.953	12.316
1399.703	12.328
1400.426	12.341
1401.129	12.354
1401.822	12.369
1402.510	12.383
1403.193	12.397
1403.876	12.412
1404.553	12.426
1405.229	12.441
1405.895	12.456
1406.556	12.471
1407.205	12.487
1407.841	12.503
1408.461	12.519
1409.063	12.536
1409.646	12.554
1410.206	12.573
1410.745	12.592
1411.258	12.612
1411.750	12.632
1412.215	12.654
1412.657	12.676
1413.076	12.700
1413.471	12.724
1413.845	12.748
1414.198	12.774
1414.532	12.801
1414.847	12.828
1415.146	12.855
1415.429	12.884
1415.697	12.913
1415.953	12.942
1416.196	12.972
1416.429	13.003
1416.652	13.034
1416.866	13.066
1417.073	13.098
1417.272	13.130
1417.466	13.163
1417.654	13.195
1417.838	13.229
1418.017	13.262
1418.193	13.296
1418.366	13.330
1418.537	13.365
1418.707	13.399
1418.875	13.434
1419.043	13.469
1419.211	13.504
1419.380	13.539
1419.551	13.575
1419.724	13.610
1419.900	13.645
1420.081	13.681
1420.267	13.716
1420.460	13.751
1420.662	13.787
1420.874	13.821
1421.098	13.856
1421.338	13.890
1421.595	13.924
1421.875	13.957
1422.182	13.989
1422.521	14.020
1422.899	14.050
1423.323	14.078
1423.803	14.104
1424.350	14.127
1424.979	14.148
1425.703	14.164
1426.542	14.177
1427.516	14.184
1428.649	14.185
1429.964	14.179
1431.487	14.166
1433.241	14.143
1435.247	14.110
1437.516	14.068
1440.050	14.015
1442.829	13.953
1445.821	13.883
1448.970	13.807
1452.207	13.729
1455.450	13.650
1458.619	13.573
1461.641	13.503
1464.457	13.440
1467.032	13.385
1469.341	13.341
1471.389	13.306
1473.182	13.280
1474.743	13.262
1476.095	13.252
1477.264	13.248
1478.274	13.251
1479.151	13.258
1479.914	13.269
1480.582	13.283
1481.171	13.301
1481.693	13.321
1482.160	13.343
1482.580	13.367
1482.962	13.392
1483.311	13.418
1483.633	13.446
1483.932	13.475
1484.212	13.504
1484.476	13.534
1484.727	13.565
1484.967	13.596
1485.198	13.628
1485.423	13.660
1485.643	13.692
1485.860	13.725
1486.076	13.758
1486.294	13.791
1486.514	13.824
1486.740	13.857
1486.974	13.889
1487.219	13.922
1487.479	13.954
1487.757	13.986
1488.061	14.017
1488.397	14.046
1488.775	14.075
1489.210	14.101
1489.718	14.126
1490.327	14.146
1491.072	14.162
1491.999	14.172
1493.179	14.173
1494.693	14.162
1496.655	14.135
1499.183	14.089
1502.395	14.019
1506.361	13.922
1511.051	13.800
1516.302	13.657
1521.802	13.506
1527.182	13.358
1532.101	13.226
1536.349	13.117
1539.858	13.033
1542.674	12.972
1544.906	12.932
1546.671	12.908
1548.084	12.896
1549.235	12.893
1550.193	12.896
1551.011	12.905
1551.723	12.917
1552.360	12.931
1552.937	12.948
1553.469	12.966
1553.967	12.986
1554.435	13.006
1554.883	13.027
1555.311	13.049
1555.725	13.071
1556.127	13.094
1556.520	13.117
1556.906	13.141
1557.286	13.165
1557.664	13.189
1558.039	13.213
1558.414	13.237
1558.791	13.261
1559.170	13.286
1559.553	13.310
1559.942	13.334
1560.338	13.358
1560.741	13.382
1561.152	13.405
1561.573	13.428
1562.004	13.452
1562.445	13.474
1562.897	13.497
1563.359	13.519
1563.833	13.541
1564.317	13.562
1564.810	13.584
1565.313	13.605
1565.824	13.625
1566.343	13.646
1566.867	13.666
1567.396	13.686
1567.930	13.706
1568.467	13.726
1569.006	13.746
1569.547	13.766
1570.089	13.786
1570.632	13.806
1571.177	13.826
1571.724	13.846
1572.277	13.865
1572.835	13.885
1573.404	13.904
1573.985	13.923
1574.583	13.942
1575.202	13.959
1575.850	13.976
1576.530	13.992
1577.250	14.006
1578.017	14.019
1578.837	14.030
1579.718	14.039
1580.666	14.046
1581.686	14.050
1582.784	14.051
1583.960	14.050
1585.218	14.045
1586.555	14.038
1587.969	14.028
1589.460	14.016
1591.027	14.000
1592.670	13.982
1594.400	13.962
1596.228	13.938
1598.184	13.910
1600.302	13.877
1602.629	13.838
1605.222	13.791
1608.131	13.734
1611.396	13.667
1615.026	13.588
1618.981	13.499
1623.166	13.403
1627.435	13.304
1631.618	13.208
1635.557	13.119
1639.135	13.041
1642.292	12.977
1645.022	12.926
1647.365	12.887
1649.384	12.858
1651.155	12.838
1652.748	12.823
1654.234	12.813
1655.670	12.804
1657.104	12.796
1658.580	12.787
1660.126	12.776
1661.766	12.763
1663.517	12.747
1665.377	12.728
1667.346	12.706
1669.405	12.681
1671.529	12.655
1673.695	12.627
1675.857	12.599
1677.987	12.572
1680.052	12.546
1682.020	12.523
1683.874	12.503
1685.599	12.486
1687.190	12.473
1688.648	12.463
1689.976	12.457
1691.183	12.454
1692.280	12.454
1693.277	12.457
1694.187	12.463
1695.019	12.470
1695.781	12.479
1696.485	12.490
1697.136	12.503
1697.741	12.517
1698.304	12.532
1698.832	12.548
1699.327	12.565
1699.792	12.582
1700.231	12.601
1700.645	12.620
1701.036	12.640
1701.407	12.661
1701.758	12.682
1702.090	12.703
1702.406	12.726
1702.704	12.748
1702.988	12.772
1703.258	12.795
1703.514	12.820
1703.757	12.844
1703.988	12.869
1704.208	12.895
1704.419	12.920
1704.618	12.947
1704.809	12.973
1704.993	13.000
1705.168	13.027
1705.336	13.055
1705.498	13.082
1705.654	13.110
1705.806	13.139
1705.952	13.167
1706.094	13.196
1706.234	13.225
1706.370	13.254
1706.505	13.284
1706.638	13.313
1706.771	13.343
1706.904	13.372
1707.037	13.402
1707.172	13.432
1707.310	13.462
1707.453	13.492
1707.602	13.522
1707.759	13.552
1707.930	13.581
1708.117	13.611
1708.330	13.639
1708.578	13.667
1708.878	13.693
1709.256	13.717
1709.749	13.739
1710.416	13.755
1711.347	13.765
1712.675	13.763
1714.600	13.745
1717.391	13.703
1721.382	13.628
1726.913	13.511
1734.170	13.346
1742.987	13.138
1752.719	12.905
1762.376	12.673
1771.031	12.469
1778.159	12.306
1783.701	12.186
1787.891	12.104
1791.047	12.049
1793.476	12.014
1795.402	11.993
1796.985	11.980
1798.334	11.974
1799.513	11.973
1800.569	11.974
1801.528	11.978
1802.412	11.983
1803.230	11.990
1803.994	11.999
1804.708	12.009
1805.381	12.019
1806.015	12.031
1806.614	12.043
1807.181	12.057
1807.718	12.071
1808.228	12.085
1808.711	12.100
1809.172	12.116
1809.610	12.133
1810.026	12.150
1810.421	12.167
1810.797	12.185
1811.155	12.204
1811.496	12.223
1811.819	12.242
1812.127	12.262
1812.421	12.282
1812.699	12.303
1812.965	12.324
1813.218	12.345
1813.460	12.367
1813.691	12.389
1813.912	12.411
1814.124	12.434
1814.328	12.457
1814.525	12.480
1814.715	12.504
1814.900	12.527
1815.081	12.551
1815.258	12.575
1815.432	12.599
1815.605	12.624
1815.777	12.648
1815.950	12.673
1816.125	12.697
1816.302	12.722
1816.485	12.746
1816.674	12.771
1816.871	12.795
1817.078	12.819
1817.298	12.843
1817.533	12.867
1817.787	12.890
1818.062	12.913
1818.364	12.935
1818.697	12.956
1819.065	12.977
1819.476	12.997
1819.937	13.015
1820.453	13.032
1821.035	13.047
1821.690	13.061
1822.427	13.072
1823.255	13.081
1824.181	13.088
1825.211	13.092
1826.349	13.092
1827.596	13.090
1828.947	13.085
1830.391	13.078
1831.915	13.068
1833.499	13.056
1835.121	13.043
1836.751	13.030
1838.362	13.017
1839.929	13.005
1841.428	12.994
1842.838	12.986
1844.148	12.981
1845.349	12.978
1846.436	12.978
1847.414	12.981
1848.285	12.987
1849.057	12.995
1849.741	13.006
1850.344	13.019
1850.876	13.034
1851.349	13.051
1851.770	13.069
1852.147	13.089
1852.491	13.110
1852.805	13.131
1853.099	13.153
1853.376	13.176
1853.644	13.199
1853.907	13.222
1854.172	13.246
1854.443	13.269
1854.726	13.292
1855.029	13.315
1855.359	13.337
1855.725	13.358
1856.137	13.379
1856.609	13.397
1857.156	13.414
1857.797	13.429
1858.555	13.440
1859.458	13.448
1860.539	13.451
1861.835	13.448
1863.388	13.439
1865.240	13.422
1867.429	13.396
1869.986	13.360
1872.921	13.314
1876.209	13.259
1879.804	13.195
1883.617	13.126
1887.518	13.054
1891.388	12.983
1895.103	12.915
1898.552	12.855
1901.678	12.802
1904.448	12.759
1906.856	12.724
1908.930	12.699
1910.701	12.681
1912.209	12.670
1913.495	12.665
1914.594	12.664
1915.542	12.667
1916.365	12.674
1917.088	12.683
1917.731	12.694
1918.308	12.708
1918.836	12.722
1919.323	12.737
1919.780	12.754
1920.214	12.771
1920.633	12.788
1921.042	12.806
1921.446	12.824
1921.849	12.842
1922.255	12.860
1922.668	12.877
1923.091	12.895
1923.528	12.913
1923.982	12.930
1924.455	12.946
1924.951	12.963
1925.472	12.978
1926.022	12.993
1926.603	13.007
1927.219	13.020
1927.871	13.033
1928.563	13.044
1929.296	13.055
1930.073	13.064
1930.895	13.072
1931.765	13.079
1932.681	13.085
1933.645	13.090
1934.656	13.093
1935.713	13.096
1936.814	13.097
1937.957	13.097
1939.141	13.096
1940.361	13.094
1941.617	13.091
1942.906	13.087
1944.227	13.083
1945.579	13.077
1946.962	13.071
1948.379	13.064
1949.833	13.056
1951.326	13.048
1952.864	13.038
1954.451	13.027
1956.093	13.015
1957.795	13.001
1959.560	12.986
1961.388	12.970
1963.281	12.951
1965.232	12.932
1967.240	12.911
1969.291	12.889
1971.380	12.867
1973.491	12.843
1975.619	12.820
1977.750	12.796
1979.883	12.772
1982.009	12.749
1984.134	12.726
1986.262	12.703
1988.400	12.680
1990.558	12.656
1992.753	12.633
1994.987	12.608
1997.266	12.582
1999.597	12.556
2001.970	12.529
2004.367	12.501
2006.775	12.472
2009.168	12.445
2011.506	12.418
2013.766	12.393
2015.921	12.370
2017.936	12.350
2019.801	12.333
2021.505	12.319
2023.035	12.310
2024.402	12.304
2025.610	12.301
2026.668	12.302
2027.590	12.306
2028.391	12.312
2029.085	12.321
2029.686	12.332
2030.207	12.345
2030.659	12.359
2031.054	12.375
2031.400	12.392
2031.705	12.410
2031.976	12.429
2032.220	12.448
2032.440	12.468
2032.642	12.489
2032.828	12.510
2033.001	12.531
2033.165	12.553
2033.320	12.575
2033.469	12.597
2033.612	12.619
2033.752	12.642
2033.889	12.664
2034.024	12.687
2034.157	12.710
2034.289	12.733
2034.422	12.756
2034.553	12.779
2034.685	12.802
2034.818	12.825
2034.951	12.849
2035.085	12.872
2035.220	12.895
2035.357	12.919
2035.494	12.942
2035.632	12.966
2035.772	12.989
2035.913	13.013
2036.055	13.037
2036.199	13.060
2036.343	13.084
2036.489	13.108
2036.636	13.132
2036.784	13.156
2036.933	13.180
2037.083	13.204
2037.233	13.228
2037.385	13.252
2037.537	13.276
2037.689	13.300
2037.842	13.324
2037.995	13.349
2038.149	13.373
2038.302	13.398
2038.456	13.422
2038.609	13.447
2038.763	13.471
2038.917	13.496
2039.070	13.521
2039.223	13.546
2039.375	13.571
2039.528	13.596
2039.680	13.621
2039.832	13.647
2039.983	13.672
2040.134	13.698
2040.285	13.723
2040.435	13.749
2040.586	13.774
2040.736	13.800
2040.887	13.826
2041.038	13.852
2041.190	13.878
2041.342	13.904
2041.496	13.930
2041.651	13.957
2041.807	13.983
2041.966	14.009
2042.128	14.035
2042.292	14.062
2042.460	14.088
2042.632	14.114
2042.809	14.140
2042.992	14.166
2043.181	14.192
2043.378	14.218
2043.583	14.244
2043.797	14.269
2044.023	14.295
2044.260	14.320
2044.511	14.345
2044.777	14.369
2045.061	14.393
2045.362	14.416
2045.685	14.439
2046.031	14.462
2046.403	14.483
2046.802	14.504
2047.232	14.525
2047.696	14.544
2048.194	14.562
2048.733	14.579
2049.316	14.595
2049.945	14.609
2050.626	14.622
2051.365	14.634
2052.168	14.643
2053.049	14.650
2054.021	14.655
2055.107	14.657
2056.338	14.654
2057.761	14.646
2059.443	14.632
2061.471	14.608
2063.962	14.572
2067.053	14.519
2070.888	14.447
2075.571	14.353
2081.121	14.235
2087.401	14.098
2094.097	13.949
2100.777	13.801
2106.997	13.664
2112.425	13.548
2116.903	13.457
2120.443	13.390
2123.152	13.345
2125.180	13.319
2126.684	13.306
2127.798	13.303
2128.624	13.308
2129.244	13.319
2129.716	13.334
2130.083	13.351
2130.373	13.371
2130.610	13.392
2130.807	13.414
2130.976	13.437
2131.125	13.460
2131.259	13.484
2131.382	13.509
2131.499	13.533
2131.610	13.558
2131.719	13.583
2131.826	13.608
2131.932	13.634
2132.039	13.659
2132.147	13.685
2132.258	13.710
2132.371	13.735
2132.487	13.761
2132.606	13.786
2132.730	13.812
2132.859	13.837
2132.992	13.863
2133.130	13.888
2133.274	13.913
2133.424	13.938
2133.580	13.963
2133.743	13.988
2133.913	14.013
2134.090	14.038
2134.275	14.063
2134.468	14.087
2134.669	14.112
2134.879	14.136
2135.097	14.160
2135.324	14.184
2135.561	14.207
2135.806	14.231
2136.061	14.254
2136.325	14.277
2136.598	14.300
2136.881	14.323
2137.173	14.345
2137.475	14.368
2137.786	14.390
2138.106	14.412
2138.436	14.433
2138.774	14.455
2139.124	14.476
2139.484	14.497
2139.858	14.518
2140.245	14.538
2140.653	14.558
2141.089	14.577
2141.564	14.595
2142.096	14.612
2142.719	14.627
2143.482	14.638
2144.464	14.644
2145.785	14.641
2147.640	14.625
2150.297	14.589
2154.110	14.525
2159.493	14.421
2166.761	14.270
2175.887	14.073
2186.311	13.842
2196.968	13.604
2206.654	13.390
2214.587	13.219
2220.566	13.095
2224.816	13.014
2227.740	12.967
2229.723	12.942
2231.079	12.934
2232.026	12.935
2232.709	12.943
2233.225	12.955
2233.631	12.970
2233.966	12.987
2234.254	13.005
2234.509	13.024
2234.744	13.043
2234.963	13.063
2235.172	13.083
2235.373	13.104
2235.570	13.124
2235.764	13.145
2235.957	13.166
2236.150	13.187
2236.345	13.208
2236.543	13.228
2236.745	13.249
2236.953	13.270
2237.167	13.291
2237.388	13.311
2237.618	13.332
2237.859	13.352
2238.110	13.372
2238.375	13.392
2238.654	13.411
2238.949	13.431
2239.262	13.450
2239.593	13.468
2239.947	13.486
2240.323	13.504
