<j>	<F>
1.246	20.230
3.002	11.614
4.179	10.899
5.196	11.156
6.054	12.657
7.215	14.244
8.585	11.436
9.532	12.759
11.137	12.035
12.467	10.583
13.346	11.228
14.237	12.121
15.522	12.358
17.083	11.206
18.031	11.225
18.729	12.104
19.440	13.182
20.367	13.904
21.486	13.900
22.550	13.992
23.598	14.074
24.543	14.400
25.496	14.789
26.692	14.889
28.339	13.899
29.759	13.131
30.782	13.117
31.548	13.591
32.242	14.305
32.951	15.017
33.668	15.788
34.659	16.272
36.382	15.425
38.246	13.966
39.354	13.671
40.058	14.153
40.693	14.825
41.311	15.561
41.954	16.348
42.828	16.894
44.396	16.488
47.021	14.592
49.278	12.927
50.306	12.732
50.847	13.227
51.368	13.878
52.136	14.383
53.392	14.399
54.975	13.902
56.180	13.619
56.831	13.932
57.242	14.605
57.644	15.395
58.184	16.123
59.043	16.540
60.413	16.340
62.128	15.617
63.566	15.095
64.501	15.129
65.151	15.527
65.716	16.077
66.315	16.641
67.037	17.098
67.946	17.346
69.090	17.324
70.581	16.948
72.480	16.152
74.343	15.315
75.630	14.992
76.493	15.141
77.473	15.351
79.355	15.035
82.678	13.725
85.950	12.324
87.839	11.757
88.864	11.722
89.525	11.900
90.007	12.186
90.395	12.540
90.742	12.941
91.088	13.369
91.469	13.806
91.919	14.227
92.476	14.602
93.164	14.901
93.977	15.113
94.877	15.255
95.812	15.364
96.766	15.461
97.775	15.532
98.919	15.526
100.275	15.387
101.845	15.110
103.539	14.755
105.236	14.403
106.832	14.111
108.221	13.924
109.327	13.877
110.148	13.980
110.755	14.210
111.248	14.524
111.742	14.869
112.371	15.171
113.303	15.331
114.711	15.234
116.582	14.858
118.546	14.389
120.167	14.072
121.324	13.985
122.117	14.086
122.670	14.318
123.085	14.638
123.439	15.012
123.804	15.407
124.257	15.780
124.911	16.069
125.927	16.174
127.442	16.000
129.326	15.585
131.114	15.176
132.486	14.978
133.537	14.971
134.555	15.027
135.900	14.984
138.002	14.662
141.060	13.964
144.396	13.129
146.953	12.555
148.521	12.336
149.469	12.347
150.136	12.469
150.717	12.634
151.315	12.805
151.990	12.960
152.768	13.084
153.647	13.174
154.591	13.237
155.543	13.290
156.447	13.354
157.284	13.440
158.082	13.546
158.909	13.651
159.864	13.726
161.045	13.734
162.496	13.652
164.133	13.496
165.741	13.329
167.100	13.224
168.120	13.221
168.843	13.314
169.359	13.481
169.750	13.699
170.076	13.948
170.380	14.216
170.692	14.492
171.039	14.767
171.447	15.030
171.947	15.268
172.587	15.462
173.465	15.580
174.788	15.554
176.933	15.266
180.220	14.614
184.168	13.743
187.537	13.035
189.773	12.668
191.169	12.552
192.106	12.572
192.798	12.662
193.351	12.793
193.817	12.950
194.232	13.126
194.621	13.315
195.003	13.510
195.390	13.710
195.788	13.911
196.201	14.113
196.628	14.314
197.074	14.515
197.552	14.712
198.096	14.896
198.783	15.046
199.758	15.122
201.234	15.056
203.389	14.790
206.070	14.352
208.703	13.904
210.798	13.601
212.340	13.459
213.572	13.418
214.717	13.412
215.892	13.404
217.124	13.382
218.371	13.351
219.557	13.328
220.618	13.331
221.525	13.368
222.295	13.441
222.978	13.539
223.648	13.648
224.406	13.746
225.384	13.803
226.751	13.781
228.651	13.641
231.055	13.382
233.631	13.067
235.903	12.801
237.598	12.649
238.750	12.614
239.533	12.662
240.109	12.760
240.586	12.885
241.033	13.021
241.490	13.160
241.989	13.294
242.555	13.417
243.215	13.524
243.992	13.607
244.904	13.662
245.955	13.686
247.132	13.681
248.398	13.654
249.704	13.615
251.005	13.575
252.275	13.541
253.513	13.514
254.734	13.493
255.964	13.472
257.225	13.447
258.530	13.414
259.878	13.372
261.247	13.324
262.596	13.278
263.871	13.242
265.018	13.228
266.001	13.243
266.810	13.292
267.460	13.372
267.979	13.481
268.400	13.613
268.757	13.761
269.077	13.922
269.388	14.089
269.711	14.258
270.070	14.424
270.491	14.581
271.005	14.722
271.660	14.835
272.519	14.907
273.673	14.918
275.219	14.844
277.210	14.673
279.545	14.421
281.943	14.146
284.081	13.918
285.806	13.774
287.167	13.710
288.324	13.695
289.435	13.697
290.618	13.692
291.926	13.665
293.353	13.614
294.840	13.550
296.313	13.484
297.720	13.430
299.043	13.390
300.296	13.365
301.495	13.349
302.647	13.341
303.734	13.343
304.731	13.358
305.613	13.391
306.368	13.445
307.000	13.521
307.527	13.618
307.974	13.730
308.367	13.856
308.731	13.989
309.086	14.128
309.451	14.268
309.841	14.405
310.268	14.538
310.739	14.665
311.258	14.783
311.822	14.893
312.422	14.996
313.042	15.094
313.663	15.191
314.264	15.293
314.829	15.401
315.349	15.521
315.823	15.652
316.256	15.794
316.664	15.946
317.079	16.101
317.572	16.246
318.328	16.350
319.866	16.320
323.430	15.938
330.524	14.927
339.369	13.582
345.485	12.688
348.373	12.351
349.705	12.285
350.478	12.317
351.059	12.382
351.568	12.460
352.048	12.544
352.520	12.630
353.000	12.716
353.500	12.802
354.039	12.884
354.639	12.960
355.336	13.025
356.187	13.073
357.282	13.092
358.759	13.068
360.800	12.978
363.583	12.801
367.138	12.533
371.194	12.204
375.216	11.876
378.711	11.607
381.490	11.419
383.637	11.304
385.336	11.241
386.754	11.210
388.004	11.199
389.151	11.199
390.229	11.206
391.258	11.218
392.244	11.234
393.195	11.254
394.114	11.276
395.007	11.302
395.876	11.329
396.726	11.358
397.560	11.390
398.378	11.422
399.182	11.456
399.968	11.491
400.735	11.529
401.480	11.568
402.198	11.610
402.886	11.654
403.544	11.702
404.171	11.753
404.770	11.807
405.346	11.864
405.906	11.924
406.460	11.984
407.023	12.045
407.612	12.104
408.248	12.160
408.957	12.210
409.771	12.250
410.721	12.277
411.840	12.288
413.152	12.279
414.665	12.249
416.357	12.200
418.176	12.136
420.042	12.066
421.868	11.997
423.579	11.938
425.130	11.894
426.506	11.867
427.717	11.856
428.787	11.860
429.746	11.875
430.620	11.899
431.433	11.930
432.203	11.965
432.946	12.004
433.671	12.044
434.387	12.086
435.100	12.128
435.817	12.171
436.542	12.213
437.280	12.254
438.036	12.293
438.817	12.331
439.630	12.365
440.483	12.396
441.383	12.423
442.337	12.444
443.351	12.460
444.428	12.469
445.569	12.471
446.768	12.468
448.019	12.459
449.306	12.446
450.617	12.431
451.932	12.414
453.236	12.398
454.512	12.384
455.748	12.374
456.934	12.368
458.063	12.367
459.132	12.373
460.141	12.384
461.092	12.400
461.992	12.422
462.844	12.448
463.658	12.479
464.439	12.512
465.194	12.549
465.928	12.588
466.642	12.629
467.340	12.672
468.019	12.716
468.678	12.763
469.314	12.812
469.926	12.864
470.510	12.918
471.065	12.976
471.590	13.037
472.087	13.102
472.558	13.170
473.005	13.241
473.431	13.315
473.842	13.392
474.240	13.470
474.630	13.551
475.015	13.632
475.399	13.715
475.785	13.799
476.175	13.882
476.570	13.966
476.973	14.050
477.383	14.134
477.801	14.217
478.227	14.300
478.663	14.383
479.109	14.465
479.568	14.547
480.044	14.627
480.543	14.705
481.078	14.779
481.662	14.848
482.318	14.909
483.075	14.959
483.967	14.991
485.033	15.002
486.309	14.987
487.808	14.942
489.507	14.870
491.334	14.779
493.178	14.683
494.917	14.598
496.462	14.535
497.770	14.500
498.849	14.495
499.733	14.514
500.471	14.554
501.114	14.606
501.712	14.667
502.315	14.729
502.979	14.786
503.772	14.831
504.783	14.851
506.124	14.836
507.917	14.769
510.259	14.639
513.140	14.447
516.379	14.211
519.645	13.970
522.610	13.760
525.087	13.603
527.060	13.502
528.611	13.447
529.851	13.427
530.874	13.431
531.753	13.450
532.534	13.481
533.249	13.519
533.922	13.562
534.565	13.608
535.188	13.657
535.798	13.707
536.401	13.759
537.001	13.811
537.602	13.863
538.208	13.916
538.822	13.968
539.449	14.019
540.093	14.068
540.759	14.115
541.452	14.160
542.177	14.202
542.939	14.240
543.743	14.274
544.591	14.303
545.488	14.327
546.433	14.346
547.425	14.360
548.461	14.368
549.535	14.372
550.638	14.373
551.761	14.372
552.892	14.369
554.017	14.366
555.125	14.364
556.203	14.366
557.241	14.371
558.234	14.381
559.181	14.396
560.083	14.416
560.952	14.440
561.801	14.467
562.651	14.494
563.527	14.519
564.458	14.540
565.473	14.552
566.599	14.554
567.853	14.541
569.236	14.515
570.726	14.477
572.276	14.431
573.823	14.384
575.303	14.342
576.664	14.311
577.874	14.295
578.930	14.295
579.845	14.310
580.642	14.338
581.351	14.376
582.000	14.421
582.612	14.470
583.211	14.522
583.816	14.574
584.445	14.624
585.113	14.671
585.839	14.712
586.641	14.746
587.536	14.771
588.543	14.784
589.680	14.784
590.954	14.770
592.363	14.741
593.889	14.699
595.495	14.648
597.129	14.593
598.734	14.540
600.259	14.494
601.666	14.460
602.939	14.438
604.076	14.431
605.089	14.436
605.997	14.452
606.824	14.477
607.592	14.508
608.325	14.544
609.044	14.582
609.769	14.620
610.521	14.656
611.317	14.688
612.172	14.715
613.096	14.735
614.093	14.747
615.155	14.752
616.266	14.752
617.400	14.748
618.525	14.744
619.610	14.744
620.627	14.749
621.558	14.763
622.398	14.786
623.149	14.818
623.818	14.859
624.421	14.907
624.970	14.961
625.483	15.020
625.974	15.082
626.460	15.145
626.964	15.208
627.527	15.266
628.233	15.314
629.274	15.334
631.077	15.293
634.507	15.119
640.834	14.706
650.544	14.011
661.339	13.217
669.672	12.617
674.557	12.297
677.105	12.168
678.496	12.135
679.398	12.143
680.119	12.168
680.797	12.197
681.494	12.227
682.246	12.253
683.081	12.276
684.023	12.292
685.105	12.300
686.363	12.298
687.844	12.283
689.599	12.253
691.680	12.204
694.124	12.134
696.936	12.043
700.064	11.934
703.391	11.813
706.744	11.690
709.937	11.575
712.811	11.476
715.278	11.399
717.312	11.346
718.942	11.314
720.227	11.302
721.230	11.306
722.014	11.321
722.631	11.346
723.122	11.379
723.519	11.417
723.846	11.459
724.121	11.505
724.356	11.553
724.562	11.603
724.746	11.655
724.914	11.709
725.069	11.763
725.217	11.819
725.359	11.875
725.498	11.932
725.638	11.989
725.782	12.047
725.932	12.105
726.095	12.163
726.275	12.220
726.482	12.277
726.725	12.332
727.024	12.384
727.402	12.433
727.897	12.476
728.562	12.510
729.477	12.531
730.752	12.533
732.528	12.508
734.965	12.447
738.192	12.342
742.227	12.192
746.882	12.007
751.757	11.807
756.366	11.619
760.327	11.464
763.480	11.351
765.861	11.279
767.609	11.242
768.885	11.229
769.826	11.235
770.536	11.253
771.091	11.279
771.538	11.312
771.913	11.349
772.237	11.388
772.526	11.430
772.790	11.474
773.038	11.519
773.275	11.564
773.505	11.611
773.731	11.658
773.957	11.705
774.184	11.753
774.414	11.801
774.648	11.848
774.889	11.896
775.137	11.944
775.393	11.992
775.659	12.040
775.936	12.087
776.224	12.134
776.524	12.181
776.836	12.227
777.162	12.273
777.500	12.318
777.852	12.363
778.216	12.408
778.593	12.452
778.980	12.495
779.378	12.538
779.783	12.581
780.195	12.624
780.611	12.667
781.029	12.709
781.447	12.752
781.862	12.795
782.272	12.839
782.676	12.883
783.071	12.928
783.455	12.973
783.829	13.020
784.191	13.068
784.541	13.116
784.879	13.166
785.206	13.216
785.525	13.268
785.836	13.320
786.142	13.374
786.447	13.427
786.753	13.481
787.067	13.535
787.394	13.589
787.741	13.641
788.118	13.692
788.536	13.741
789.013	13.787
789.570	13.828
790.241	13.862
791.070	13.886
792.124	13.896
793.494	13.887
795.301	13.850
797.680	13.778
800.749	13.663
804.527	13.504
808.861	13.309
813.400	13.099
817.706	12.902
821.426	12.739
824.407	12.621
826.679	12.546
828.377	12.505
829.657	12.491
830.663	12.494
831.505	12.508
832.267	12.528
833.010	12.549
833.783	12.570
834.621	12.588
835.552	12.602
836.594	12.610
837.760	12.611
839.049	12.605
840.449	12.594
841.936	12.576
843.477	12.556
845.029	12.534
846.550	12.512
848.001	12.495
849.355	12.481
850.592	12.474
851.708	12.473
852.705	12.478
853.596	12.490
854.397	12.506
855.125	12.527
855.798	12.550
856.437	12.576
857.061	12.604
857.689	12.631
858.341	12.658
859.041	12.683
859.814	12.704
860.689	12.721
861.699	12.731
862.882	12.732
864.277	12.723
865.919	12.701
867.836	12.666
870.039	12.615
872.513	12.551
875.215	12.475
878.075	12.391
881.013	12.303
883.946	12.216
886.809	12.133
889.568	12.055
892.205	11.984
894.724	11.920
897.136	11.862
899.450	11.809
901.669	11.761
903.792	11.718
905.811	11.679
907.713	11.646
909.487	11.617
911.127	11.595
912.625	11.579
913.984	11.569
915.207	11.564
916.305	11.565
917.288	11.571
918.167	11.581
918.960	11.595
919.677	11.613
920.331	11.634
920.938	11.656
921.509	11.681
922.056	11.707
922.591	11.734
923.124	11.761
923.669	11.787
924.234	11.814
924.833	11.839
925.477	11.862
926.178	11.883
926.947	11.901
927.801	11.916
928.748	11.927
929.806	11.934
930.988	11.935
932.305	11.931
933.772	11.920
935.399	11.903
937.195	11.878
939.162	11.847
941.295	11.809
943.584	11.764
946.001	11.714
948.512	11.660
951.071	11.604
953.626	11.548
956.122	11.494
958.514	11.444
960.764	11.400
962.846	11.363
964.751	11.332
966.481	11.308
968.045	11.291
969.462	11.280
970.750	11.274
971.930	11.273
973.019	11.275
974.036	11.279
974.995	11.287
975.906	11.296
976.779	11.307
977.621	11.319
978.436	11.332
979.229	11.346
980.002	11.361
980.754	11.376
981.488	11.393
982.205	11.410
982.904	11.427
983.588	11.446
984.257	11.465
984.912	11.484
985.557	11.504
986.194	11.525
986.826	11.545
987.458	11.566
988.094	11.587
988.739	11.607
989.399	11.627
990.078	11.647
990.783	11.665
991.519	11.683
992.291	11.699
993.102	11.713
993.956	11.726
994.853	11.738
995.792	11.747
996.771	11.755
997.781	11.762
998.816	11.767
999.865	11.772
1000.915	11.776
1001.954	11.781
1002.968	11.786
1003.947	11.793
1004.879	11.801
1005.756	11.811
1006.573	11.824
1007.328	11.839
1008.018	11.857
1008.646	11.877
1009.215	11.900
1009.728	11.925
1010.191	11.952
1010.608	11.982
1010.987	12.013
1011.330	12.045
1011.643	12.080
1011.932	12.115
1012.199	12.152
1012.450	12.189
1012.687	12.227
1012.912	12.266
1013.130	12.306
1013.342	12.346
1013.550	12.387
1013.757	12.428
1013.962	12.469
1014.169	12.510
1014.378	12.552
1014.590	12.593
1014.807	12.635
1015.029	12.676
1015.257	12.718
1015.492	12.759
1015.735	12.801
1015.988	12.842
1016.250	12.883
1016.524	12.924
1016.811	12.964
1017.112	13.004
1017.431	13.043
1017.773	13.081
1018.139	13.118
1018.539	13.155
1018.981	13.189
1019.479	13.221
1020.050	13.250
1020.720	13.274
1021.525	13.293
1022.510	13.303
1023.735	13.303
1025.273	13.289
1027.206	13.257
1029.604	13.203
1032.511	13.127
1035.899	13.027
1039.656	12.910
1043.581	12.785
1047.429	12.662
1050.976	12.551
1054.078	12.460
1056.683	12.392
1058.819	12.344
1060.556	12.314
1061.984	12.298
1063.187	12.293
1064.237	12.295
1065.194	12.302
1066.106	12.311
1067.009	12.321
1067.936	12.331
1068.909	12.339
1069.951	12.344
1071.077	12.347
1072.301	12.345
1073.629	12.340
1075.062	12.330
1076.594	12.316
1078.208	12.298
1079.883	12.278
1081.585	12.256
1083.280	12.234
1084.932	12.213
1086.509	12.195
1087.982	12.181
1089.331	12.171
1090.545	12.167
1091.620	12.168
1092.561	12.174
1093.376	12.185
1094.076	12.201
1094.674	12.221
1095.184	12.245
1095.618	12.272
1095.988	12.302
1096.306	12.334
1096.579	12.368
1096.816	12.404
1097.025	12.441
1097.212	12.480
1097.380	12.520
1097.536	12.560
1097.682	12.601
1097.823	12.642
1097.963	12.684
1098.103	12.726
1098.249	12.769
1098.403	12.811
1098.570	12.853
1098.754	12.894
1098.961	12.935
1099.196	12.975
1099.468	13.013
1099.784	13.050
1100.156	13.085
1100.593	13.117
1101.109	13.146
1101.717	13.171
1102.431	13.191
1103.263	13.207
1104.225	13.216
1105.320	13.220
1106.548	13.218
1107.903	13.209
1109.358	13.196
1110.895	13.178
1112.474	13.159
1114.061	13.138
1115.624	13.118
1117.132	13.100
1118.575	13.085
1119.941	13.074
1121.238	13.065
1122.478	13.060
1123.679	13.056
1124.864	13.054
1126.054	13.052
1127.270	13.048
1128.528	13.044
1129.840	13.037
1131.211	13.027
1132.642	13.015
1134.128	13.001
1135.661	12.984
1137.231	12.966
1138.830	12.947
1140.458	12.927
1142.114	12.905
1143.811	12.883
1145.560	12.858
1147.382	12.831
1149.293	12.801
1151.306	12.767
1153.421	12.729
1155.622	12.687
1157.880	12.643
1160.148	12.599
1162.372	12.555
1164.495	12.516
1166.472	12.481
1168.268	12.454
1169.869	12.434
1171.273	12.421
1172.495	12.416
1173.555	12.417
1174.483	12.423
1175.304	12.434
1176.047	12.448
1176.739	12.465
1177.402	12.483
1178.057	12.501
1178.722	12.520
1179.413	12.538
1180.142	12.554
1180.921	12.569
1181.753	12.581
1182.648	12.592
1183.600	12.600
1184.612	12.606
1185.672	12.609
1186.770	12.611
1187.894	12.612
1189.026	12.613
1190.149	12.613
1191.245	12.614
1192.300	12.617
1193.301	12.621
1194.238	12.628
1195.105	12.638
1195.900	12.650
1196.621	12.665
1197.273	12.683
1197.859	12.703
1198.386	12.726
1198.859	12.751
1199.284	12.778
1199.667	12.807
1200.015	12.837
1200.332	12.869
1200.624	12.902
1200.895	12.936
1201.148	12.971
1201.387	13.007
1201.615	13.044
1201.833	13.081
1202.046	13.118
1202.254	13.156
1202.460	13.194
1202.665	13.233
1202.872	13.271
1203.082	13.310
1203.298	13.349
1203.523	13.387
1203.759	13.425
1204.011	13.463
1204.284	13.500
1204.584	13.536
1204.920	13.571
1205.304	13.604
1205.753	13.635
1206.291	13.662
1206.948	13.685
1207.770	13.701
1208.815	13.708
1210.160	13.703
1211.897	13.682
1214.125	13.641
1216.932	13.577
1220.355	13.487
1224.342	13.373
1228.725	13.242
1233.237	13.105
1237.578	12.975
1241.507	12.860
1244.889	12.767
1247.713	12.697
1250.048	12.647
1252.008	12.613
1253.711	12.590
1255.268	12.574
1256.774	12.560
1258.301	12.547
1259.907	12.532
1261.626	12.513
1263.483	12.490
1265.474	12.462
1267.585	12.430
1269.780	12.394
1272.017	12.357
1274.237	12.319
1276.398	12.284
1278.452	12.252
1280.373	12.224
1282.140	12.202
1283.755	12.184
1285.220	12.172
1286.553	12.165
1287.767	12.161
1288.885	12.161
1289.918	12.164
1290.888	12.169
1291.801	12.177
1292.672	12.185
1293.502	12.195
1294.302	12.207
1295.070	12.219
1295.811	12.232
1296.523	12.246
1297.207	12.261
1297.862	12.277
1298.487	12.294
1299.082	12.312
1299.646	12.331
1300.180	12.352
1300.685	12.373
1301.161	12.395
1301.609	12.418
1302.030	12.443
1302.428	12.468
1302.803	12.494
1303.159	12.521
1303.496	12.548
1303.819	12.577
1304.129	12.606
1304.430	12.635
1304.723	12.665
1305.012	12.694
1305.300	12.725
1305.589	12.755
1305.882	12.785
1306.182	12.815
1306.494	12.845
1306.819	12.875
1307.161	12.904
1307.525	12.933
1307.913	12.960
1308.329	12.987
1308.777	13.013
1309.261	13.038
1309.783	13.061
1310.347	13.083
1310.955	13.103
1311.610	13.121
1312.311	13.138
1313.058	13.153
1313.851	13.166
1314.684	13.178
1315.556	13.188
1316.458	13.197
1317.387	13.205
1318.333	13.212
1319.291	13.218
1320.251	13.225
1321.208	13.231
1322.156	13.238
1323.093	13.245
1324.014	13.252
1324.920	13.260
1325.811	13.269
1326.690	13.278
1327.561	13.288
1328.427	13.298
1329.295	13.308
1330.171	13.317
1331.059	13.327
1331.965	13.335
1332.895	13.343
1333.850	13.350
1334.836	13.355
1335.853	13.360
1336.901	13.363
1337.976	13.365
1339.079	13.367
1340.200	13.367
1341.338	13.366
1342.481	13.366
1343.625	13.365
1344.762	13.364
1345.885	13.364
1346.989	13.364
1348.070	13.366
1349.127	13.368
1350.159	13.371
1351.171	13.375
1352.169	13.380
1353.163	13.385
1354.169	13.389
1355.210	13.393
1356.316	13.395
1357.527	13.393
1358.899	13.386
1360.501	13.372
1362.417	13.347
1364.741	13.308
1367.563	13.252
1370.944	13.177
1374.882	13.083
1379.279	12.973
1383.946	12.853
1388.610	12.732
1393.011	12.619
1396.935	12.523
1400.280	12.445
1403.038	12.388
1405.266	12.348
1407.060	12.324
1408.514	12.311
1409.720	12.307
1410.747	12.309
1411.655	12.315
1412.484	12.324
1413.264	12.335
1414.015	12.347
1414.753	12.359
1415.486	12.372
1416.219	12.385
1416.953	12.398
1417.688	12.411
1418.424	12.423
1419.155	12.436
1419.880	12.449
1420.593	12.462
1421.290	12.476
1421.968	12.491
1422.621	12.506
1423.250	12.522
1423.847	12.539
1424.415	12.556
1424.949	12.575
1425.452	12.595
1425.920	12.616
1426.357	12.638
1426.762	12.662
1427.137	12.686
1427.484	12.711
1427.804	12.738
1428.100	12.765
1428.373	12.793
1428.626	12.822
1428.859	12.851
1429.076	12.882
1429.278	12.913
1429.466	12.944
1429.642	12.976
1429.807	13.009
1429.963	13.042
1430.111	13.076
1430.252	13.110
1430.387	13.144
1430.516	13.178
1430.642	13.213
1430.763	13.249
1430.882	13.284
1430.999	13.320
1431.115	13.356
1431.231	13.392
1431.349	13.428
1431.471	13.465
1431.600	13.501
1431.739	13.537
1431.894	13.573
1432.075	13.608
1432.294	13.642
1432.571	13.675
1432.936	13.704
1433.432	13.730
1434.121	13.749
1435.095	13.758
1436.476	13.754
1438.425	13.731
1441.117	13.683
1444.713	13.604
1449.288	13.490
1454.710	13.346
1460.654	13.183
1466.592	13.019
1472.018	12.871
1476.596	12.750
1480.210	12.662
1482.946	12.603
1484.966	12.569
1486.458	12.554
1487.580	12.551
1488.454	12.557
1489.171	12.568
1489.787	12.583
1490.343	12.600
1490.862	12.619
1491.364	12.639
1491.853	12.659
1492.336	12.679
1492.818	12.699
1493.294	12.719
1493.772	12.740
1494.245	12.761
1494.716	12.782
1495.184	12.802
1495.649	12.824
1496.113	12.845
1496.577	12.866
1497.045	12.887
1497.520	12.908
1498.007	12.929
1498.515	12.950
1499.051	12.969
1499.627	12.988
1500.255	13.005
1500.951	13.020
1501.731	13.032
1502.614	13.041
1503.619	13.047
1504.765	13.048
1506.067	13.045
1507.537	13.036
1509.175	13.021
1510.971	13.001
1512.904	12.977
1514.937	12.949
1517.022	12.920
1519.105	12.889
1521.134	12.861
1523.060	12.835
1524.841	12.813
1526.457	12.796
1527.898	12.785
1529.161	12.779
1530.263	12.778
1531.215	12.782
1532.040	12.790
1532.758	12.802
1533.387	12.817
1533.948	12.834
1534.456	12.853
1534.925	12.873
1535.367	12.894
1535.792	12.916
1536.210	12.938
1536.627	12.961
1537.051	12.983
1537.485	13.005
1537.936	13.027
1538.408	13.048
1538.902	13.069
1539.426	13.088
1539.979	13.107
1540.567	13.125
1541.188	13.141
1541.847	13.157
1542.545	13.171
1543.281	13.184
1544.057	13.196
1544.870	13.207
1545.721	13.216
1546.608	13.224
1547.526	13.231
1548.478	13.237
1549.455	13.243
1550.458	13.247
1551.483	13.250
1552.527	13.253
1553.596	13.255
1554.683	13.257
1555.799	13.257
1556.944	13.257
1558.130	13.256
1559.367	13.253
1560.670	13.248
1562.053	13.241
1563.532	13.231
1565.123	13.217
1566.839	13.200
1568.684	13.178
1570.659	13.153
1572.747	13.124
1574.923	13.092
1577.149	13.058
1579.378	13.024
1581.560	12.991
1583.646	12.960
1585.594	12.934
1587.372	12.912
1588.963	12.897
1590.360	12.887
1591.569	12.882
1592.602	12.883
1593.475	12.890
1594.208	12.900
1594.822	12.915
1595.334	12.932
1595.762	12.953
1596.122	12.975
1596.425	13.000
1596.685	13.026
1596.909	13.053
1597.104	13.082
1597.279	13.111
1597.436	13.141
1597.582	13.171
1597.717	13.202
1597.848	13.233
1597.974	13.265
1598.098	13.297
1598.223	13.329
1598.348	13.361
1598.477	13.393
1598.609	13.425
1598.746	13.457
1598.890	13.489
1599.041	13.520
1599.202	13.552
1599.372	13.584
1599.555	13.615
1599.753	13.646
1599.966	13.676
1600.200	13.706
1600.457	13.735
1600.742	13.764
1601.061	13.791
1601.421	13.818
1601.831	13.843
1602.304	13.865
1602.854	13.886
1603.503	13.903
1604.274	13.916
1605.198	13.925
1606.314	13.927
1607.665	13.922
1609.301	13.907
1611.270	13.882
1613.613	13.844
1616.353	13.794
1619.480	13.730
1622.939	13.656
1626.633	13.574
1630.422	13.488
1634.155	13.403
1637.692	13.325
1640.930	13.256
1643.812	13.199
1646.324	13.153
1648.485	13.118
1650.338	13.094
1651.932	13.077
1653.316	13.068
1654.539	13.064
1655.641	13.063
1656.655	13.066
1657.614	13.071
1658.542	13.076
1659.462	13.083
1660.395	13.089
1661.357	13.094
1662.370	13.098
1663.448	13.100
1664.609	13.100
1665.869	13.098
1667.240	13.092
1668.737	13.082
1670.363	13.069
1672.122	13.052
1674.009	13.031
1676.008	13.007
1678.099	12.980
1680.253	12.951
1682.432	12.922
1684.602	12.892
1686.724	12.863
1688.766	12.837
1690.704	12.814
1692.518	12.793
1694.201	12.777
1695.753	12.764
1697.176	12.755
1698.482	12.749
1699.682	12.746
1700.790	12.746
1701.820	12.749
1702.783	12.753
1703.693	12.759
1704.560	12.766
1705.390	12.774
1706.192	12.783
1706.971	12.792
1707.730	12.802
1708.470	12.813
1709.194	12.824
1709.903	12.836
1710.598	12.848
1711.273	12.860
1711.934	12.873
1712.577	12.887
1713.200	12.901
1713.806	12.915
1714.390	12.931
1714.955	12.946
1715.502	12.963
1716.028	12.979
1716.538	12.997
1717.030	13.015
1717.509	13.033
1717.974	13.052
1718.430	13.071
1718.877	13.090
1719.321	13.110
1719.763	13.130
1720.209	13.149
1720.663	13.169
1721.127	13.188
1721.609	13.207
1722.114	13.226
1722.647	13.243
1723.218	13.260
1723.828	13.276
1724.491	13.290
1725.212	13.302
1725.998	13.313
1726.859	13.321
1727.800	13.328
1728.827	13.332
1729.946	13.333
1731.153	13.331
1732.450	13.327
1733.827	13.320
1735.274	13.311
1736.776	13.301
1738.313	13.289
1739.861	13.277
1741.401	13.264
1742.907	13.253
1744.359	13.243
1745.739	13.235
1747.032	13.229
1748.232	13.226
1749.333	13.226
1750.332	13.228
1751.234	13.234
1752.043	13.242
1752.766	13.253
1753.410	13.266
1753.982	13.281
1754.491	13.298
1754.945	13.317
1755.349	13.338
1755.711	13.359
1756.037	13.382
1756.330	13.406
1756.595	13.431
1756.839	13.457
1757.062	13.484
1757.267	13.511
1757.459	13.538
1757.639	13.566
1757.809	13.595
1757.971	13.624
1758.130	13.653
1758.283	13.682
1758.437	13.712
1758.593	13.741
1758.755	13.771
1758.930	13.800
1759.123	13.829
1759.345	13.857
1759.611	13.885
1759.942	13.910
1760.371	13.933
1760.941	13.952
1761.719	13.965
1762.797	13.970
1764.299	13.963
1766.382	13.939
1769.231	13.893
1773.020	13.821
1777.839	13.718
1783.626	13.587
1790.088	13.435
1796.729	13.277
1802.996	13.129
1808.453	13.002
1812.885	12.905
1816.294	12.836
1818.816	12.793
1820.638	12.769
1821.943	12.761
1822.880	12.763
1823.561	12.773
1824.070	12.787
1824.462	12.806
1824.774	12.826
1825.035	12.849
1825.261	12.872
1825.463	12.896
1825.648	12.921
1825.823	12.946
1825.991	12.971
1826.153	12.997
1826.313	13.023
1826.470	13.049
1826.626	13.075
1826.781	13.101
1826.936	13.127
1827.091	13.154
1827.247	13.180
1827.402	13.207
1827.558	13.234
1827.715	13.260
1827.872	13.287
1828.030	13.314
1828.189	13.341
1828.349	13.368
1828.510	13.395
1828.671	13.422
1828.834	13.449
1829.000	13.477
1829.166	13.504
1829.335	13.531
1829.509	13.559
1829.687	13.586
1829.871	13.613
1830.066	13.640
1830.275	13.667
1830.503	13.693
1830.761	13.719
1831.061	13.743
1831.422	13.767
1831.871	13.787
1832.448	13.805
1833.209	13.818
1834.232	13.824
1835.619	13.820
1837.504	13.802
1840.041	13.768
1843.380	13.711
1847.635	13.629
1852.803	13.522
1858.708	13.394
1864.996	13.255
1871.202	13.116
1876.877	12.991
1881.722	12.888
1885.629	12.810
1888.641	12.756
1890.894	12.722
1892.552	12.705
1893.765	12.700
1894.657	12.703
1895.326	12.713
1895.836	12.727
1896.239	12.744
1896.568	12.764
1896.844	12.785
1897.085	12.807
1897.299	12.829
1897.494	12.852
1897.675	12.876
1897.844	12.900
1898.004	12.925
1898.157	12.950
1898.302	12.975
1898.443	13.000
1898.578	13.025
1898.708	13.051
1898.834	13.077
1898.957	13.103
1899.075	13.129
1899.191	13.156
1899.303	13.182
1899.413	13.209
1899.522	13.236
1899.628	13.263
1899.734	13.290
1899.839	13.317
1899.944	13.345
1900.051	13.372
1900.160	13.400
1900.273	13.427
1900.392	13.455
1900.519	13.482
1900.657	13.509
1900.811	13.536
1900.986	13.562
1901.190	13.588
1901.432	13.613
1901.726	13.637
1902.089	13.659
1902.543	13.678
1903.120	13.695
1903.856	13.708
1904.799	13.715
1906.005	13.715
1907.541	13.707
1909.475	13.688
1911.863	13.657
1914.746	13.612
1918.127	13.554
1921.936	13.484
1926.046	13.406
1930.291	13.323
1934.459	13.242
1938.360	13.167
1941.875	13.103
1944.922	13.050
1947.499	13.010
1949.647	12.981
1951.427	12.962
1952.917	12.951
1954.190	12.946
1955.315	12.945
1956.354	12.947
1957.360	12.950
1958.383	12.953
1959.468	12.955
1960.662	12.954
1962.010	12.951
1963.559	12.942
1965.357	12.929
1967.446	12.908
1969.860	12.880
1972.623	12.844
1975.733	12.800
1979.154	12.748
1982.816	12.691
1986.634	12.630
1990.477	12.568
1994.223	12.508
1997.776	12.452
2001.044	12.403
2003.976	12.361
2006.567	12.326
2008.819	12.300
2010.758	12.280
2012.432	12.267
2013.873	12.259
2015.121	12.256
2016.218	12.256
2017.190	12.258
2018.062	12.264
2018.857	12.271
2019.592	12.279
2020.277	12.289
2020.923	12.299
2021.542	12.310
2022.133	12.322
2022.704	12.334
2023.261	12.347
2023.802	12.360
2024.332	12.373
2024.854	12.387
2025.366	12.400
2025.872	12.414
2026.373	12.428
2026.869	12.442
2027.362	12.457
2027.854	12.471
2028.345	12.485
2028.838	12.500
2029.334	12.514
2029.834	12.528
2030.343	12.542
2030.861	12.556
2031.392	12.570
2031.941	12.584
2032.511	12.597
2033.107	12.609
2033.734	12.621
2034.399	12.632
2035.108	12.642
2035.869	12.651
2036.688	12.659
2037.576	12.665
2038.540	12.670
2039.584	12.672
2040.720	12.673
2041.952	12.672
2043.278	12.669
2044.701	12.663
2046.220	12.655
2047.819	12.646
2049.489	12.634
2051.217	12.622
2052.973	12.608
2054.739	12.594
2056.494	12.581
2058.208	12.567
2059.862	12.556
2061.439	12.545
2062.927	12.537
2064.312	12.531
2065.594	12.527
2066.772	12.525
2067.848	12.526
2068.833	12.529
2069.733	12.533
2070.559	12.540
2071.326	12.547
2072.045	12.556
2072.734	12.566
2073.406	12.576
2074.080	12.587
2074.776	12.597
2075.516	12.606
2076.324	12.614
2077.232	12.620
2078.272	12.623
2079.483	12.623
2080.907	12.619
2082.587	12.610
2084.567	12.594
2086.883	12.571
2089.557	12.541
2092.587	12.504
2095.945	12.459
2099.561	12.409
2103.342	12.354
2107.165	12.299
2110.901	12.245
2114.435	12.195
2117.673	12.151
2120.554	12.113
2123.059	12.084
2125.190	12.062
2126.972	12.047
2128.446	12.039
2129.656	12.036
2130.644	12.037
2131.452	12.043
2132.113	12.051
2132.658	12.063
2133.110	12.076
2133.490	12.090
2133.816	12.106
2134.096	12.123
2134.341	12.141
2134.560	12.159
2134.758	12.178
2134.939	12.197
2135.107	12.217
2135.264	12.237
2135.414	12.257
2135.557	12.277
2135.692	12.297
2135.825	12.318
2135.954	12.339
2136.078	12.360
2136.201	12.381
2136.321	12.402
2136.438	12.423
2136.554	12.444
2136.668	12.466
2136.780	12.487
2136.891	12.509
2137.001	12.531
2137.108	12.552
2137.216	12.574
2137.321	12.596
2137.427	12.618
2137.531	12.641
2137.633	12.663
2137.736	12.685
2137.837	12.708
2137.938	12.730
2138.038	12.753
2138.138	12.775
2138.237	12.798
2138.336	12.821
2138.435	12.844
2138.533	12.867
2138.631	12.890
2138.729	12.913
2138.827	12.936
2138.925	12.960
2139.024	12.983
2139.123	13.006
2139.223	13.030
2139.324	13.053
2139.427	13.077
2139.531	13.100
2139.637	13.124
2139.746	13.148
2139.859	13.171
2139.976	13.195
2140.099	13.218
2140.229	13.242
2140.369	13.265
2140.521	13.288
2140.688	13.311
2140.876	13.334
2141.090	13.356
2141.339	13.377
2141.633	13.397
2141.987	13.416
2142.420	13.434
2142.955	13.449
2143.624	13.461
2144.467	13.470
2145.535	13.473
2146.884	13.470
2148.585	13.459
2150.708	13.439
2153.318	13.408
2156.460	13.364
2160.143	13.308
2164.321	13.240
2168.869	13.164
2173.616	13.082
2178.362	13.001
2182.886	12.923
2187.021	12.854
2190.673	12.796
2193.800	12.750
2196.414	12.714
2198.568	12.690
2200.337	12.674
2201.781	12.665
2202.969	12.662
2203.960	12.664
2204.798	12.669
2205.515	12.677
2206.142	12.687
2206.702	12.699
2207.207	12.712
2207.669	12.726
2208.100	12.741
2208.503	12.756
2208.883	12.772
2209.246	12.788
2209.593	12.805
2209.926	12.822
2210.246	12.839
2210.557	12.857
2210.858	12.874
2211.151	12.893
2211.437	12.911
2211.715	12.929
2211.988	12.948
2212.257	12.967
2212.521	12.986
2212.782	13.005
2213.040	13.024
2213.297	13.043
2213.553	13.062
2213.810	13.082
2214.068	13.101
2214.329	13.120
2214.594	13.140
2214.865	13.159
2215.143	13.178
2215.431	13.197
2215.730	13.216
2216.043	13.235
2216.374	13.253
2216.724	13.271
2217.098	13.288
2217.501	13.305
2217.935	13.321
2218.408	13.336
2218.924	13.351
2219.489	13.364
2220.110	13.376
2220.792	13.387
2221.543	13.396
2222.371	13.403
2223.276	13.409
2224.268	13.413
2225.348	13.415
2226.516	13.414
2227.769	13.412
2229.105	13.408
2230.514	13.401
2231.982	13.394
2233.500	13.385
2235.043	13.376
2236.601	13.366
2238.147	13.356
2239.669	13.346
2241.148	13.338
2242.569	13.331
2243.927	13.325
2245.213	13.320
2246.427	13.318
2247.570	13.317
2248.650	13.317
