<j>	var(j)
1.272	0.259
2.354	0.253
3.140	0.138
4.278	0.334
5.773	0.500
6.665	0.318
7.300	0.269
8.373	0.386
9.694	0.996
11.466	1.428
12.917	1.955
14.328	1.340
15.095	0.742
15.639	0.727
16.380	1.105
17.625	1.802
19.103	2.017
20.465	2.537
21.944	2.828
23.258	2.107
24.133	1.519
24.842	1.701
25.774	2.492
27.114	3.426
28.667	3.609
29.996	2.655
30.890	1.821
31.547	1.527
32.177	1.755
33.031	2.971
34.539	4.867
36.382	4.082
37.572	3.019
38.515	3.486
39.648	4.138
40.906	4.101
42.058	3.588
43.037	3.200
43.932	3.279
44.894	3.838
46.027	4.348
47.239	4.208
48.338	3.451
49.208	2.468
49.839	1.728
50.323	1.526
50.831	2.218
51.734	5.160
53.828	10.838
56.726	9.559
58.458	5.298
59.389	3.805
60.098	3.137
60.713	2.679
61.271	2.366
61.799	2.169
62.319	2.062
62.853	2.070
63.435	2.383
64.180	3.486
65.348	5.768
67.102	7.151
68.797	5.090
69.832	2.944
70.460	2.247
71.007	2.385
71.657	3.041
72.533	4.092
73.704	5.362
75.152	6.616
76.776	7.410
78.408	7.741
79.989	8.271
81.571	8.451
83.045	7.226
84.208	5.204
85.022	3.524
85.589	2.469
86.011	1.903
86.367	1.733
86.732	2.042
87.227	3.263
88.111	6.382
89.816	11.187
92.206	11.587
94.070	6.824
95.054	3.703
95.620	2.576
96.054	2.163
96.447	1.960
96.829	1.867
97.222	1.935
97.666	2.302
98.247	3.153
99.088	4.486
100.251	5.581
101.564	5.703
102.841	6.629
104.457	12.440
107.376	24.425
111.472	28.491
114.811	21.479
116.937	14.518
118.283	9.494
119.150	6.402
119.752	4.853
120.232	4.251
120.679	4.140
121.138	4.261
121.631	4.500
122.174	4.863
122.782	5.468
123.491	6.541
124.367	8.313
125.491	10.661
126.893	12.585
128.443	12.618
129.882	10.714
131.044	8.532
131.969	7.397
132.800	7.549
133.684	8.648
134.712	9.963
135.875	10.454
137.044	9.462
138.060	7.488
138.851	5.611
139.454	4.439
139.956	3.977
140.434	4.027
140.946	4.417
141.532	5.054
142.223	5.890
143.043	6.871
144.002	7.983
145.114	9.686
146.478	14.132
148.507	26.094
151.958	44.560
156.475	45.435
159.883	26.173
161.569	12.579
162.376	7.442
162.884	6.004
163.323	6.039
163.789	6.961
164.350	8.777
165.082	11.663
166.070	15.628
167.385	19.989
169.007	23.031
170.770	22.987
172.423	19.962
173.792	15.903
174.860	12.553
175.707	10.476
176.429	9.514
177.104	9.356
177.785	9.745
178.511	10.518
179.308	11.613
180.198	13.123
181.210	15.341
182.397	18.685
183.833	23.271
185.574	28.098
187.571	30.725
189.609	29.009
191.406	23.680
192.803	17.600
193.820	12.878
194.569	9.965
195.164	8.464
195.686	7.869
196.189	7.802
196.702	8.018
197.243	8.357
197.818	8.716
198.429	9.042
199.073	9.345
199.748	9.708
200.461	10.272
201.228	11.190
202.076	12.531
203.033	14.151
204.112	15.609
205.284	16.264
206.477	15.662
207.598	13.921
208.575	11.665
209.390	9.562
210.064	7.986
210.640	7.007
211.162	6.544
211.665	6.478
212.180	6.718
212.730	7.242
213.338	8.190
214.047	10.106
214.954	14.435
216.294	24.065
218.514	41.535
221.985	59.367
226.090	57.589
229.361	37.895
231.278	20.896
232.309	12.541
232.952	9.543
233.470	9.009
233.981	9.608
234.544	10.808
235.191	12.330
235.937	13.893
236.781	15.131
237.698	15.651
238.637	15.208
239.541	13.864
240.359	11.976
241.064	10.002
241.658	8.296
242.159	7.026
242.595	6.208
242.992	5.778
243.374	5.656
243.761	5.775
244.168	6.092
244.610	6.600
245.101	7.319
245.659	8.301
246.304	9.607
247.063	11.278
247.961	13.282
249.017	15.488
250.236	17.767
251.612	20.260
253.154	23.626
254.922	28.732
257.013	35.344
259.446	40.553
262.014	40.067
264.330	33.199
266.116	24.007
267.359	16.447
268.208	11.760
268.831	9.610
269.365	9.473
269.920	11.138
270.601	14.698
271.522	20.242
272.788	27.186
274.442	33.475
276.376	35.986
278.327	33.129
280.021	26.746
281.338	20.126
282.317	15.209
283.065	12.256
283.684	10.808
284.245	10.380
284.801	10.677
285.387	11.592
286.037	13.157
286.788	15.471
287.682	18.587
288.759	22.312
290.040	25.978
291.499	28.438
293.044	28.606
294.542	26.331
295.879	22.652
297.009	19.084
297.961	16.788
298.813	16.347
299.667	18.036
300.635	22.108
301.838	28.861
303.403	38.299
305.427	49.256
307.906	58.470
310.655	61.488
313.336	56.214
315.625	45.145
317.375	32.871
318.613	22.549
319.455	15.096
320.021	10.159
320.408	7.039
320.683	5.115
320.888	3.944
321.052	3.236
321.191	2.819
321.316	2.587
321.435	2.485
321.553	2.485
321.675	2.580
321.806	2.778
321.951	3.106
322.120	3.610
322.322	4.365
322.574	5.483
322.901	7.134
323.337	9.552
323.934	13.035
324.758	17.896
325.889	24.297
327.401	31.962
329.325	39.865
331.609	46.283
334.105	49.509
336.612	48.881
338.949	45.281
341.019	40.616
342.824	36.778
344.436	34.887
345.959	35.151
347.488	37.034
349.083	39.463
350.752	41.089
352.445	40.773
354.078	38.128
355.566	33.711
356.855	28.622
357.938	23.905
358.841	20.196
359.611	17.722
360.296	16.463
360.945	16.293
361.601	17.062
362.299	18.596
363.069	20.671
363.931	22.961
364.888	25.032
365.926	26.394
367.010	26.649
368.092	25.650
369.122	23.579
370.060	20.862
370.886	17.988
371.599	15.351
372.212	13.184
372.746	11.576
373.222	10.531
373.665	10.011
374.096	9.975
374.535	10.384
375.003	11.202
375.517	12.384
376.095	13.854
376.747	15.485
377.481	17.087
378.291	18.419
379.162	19.252
380.066	19.439
380.974	18.990
381.857	18.087
382.696	17.035
383.489	16.196
384.251	15.946
385.014	16.684
385.830	18.876
386.774	23.074
387.944	29.771
389.452	38.902
391.378	48.948
393.696	56.501
396.213	57.982
398.635	52.872
400.729	44.296
402.425	36.045
403.789	30.179
404.937	27.081
405.981	26.359
407.011	27.465
408.096	29.875
409.278	33.108
410.582	36.732
412.015	40.410
413.569	43.940
415.232	47.198
416.984	49.941
418.799	51.654
420.632	51.621
422.416	49.316
424.077	44.835
425.555	38.956
426.818	32.755
427.871	27.142
428.743	22.607
429.473	19.254
430.103	16.939
430.665	15.433
431.185	14.497
431.681	13.932
432.164	13.585
432.641	13.344
433.115	13.136
433.587	12.920
434.056	12.677
434.521	12.421
434.982	12.192
435.440	12.074
435.900	12.215
436.373	12.884
436.885	14.570
437.480	18.177
438.245	25.322
439.339	38.610
441.017	61.094
443.609	92.868
447.299	123.982
451.744	134.753
456.044	116.900
459.429	85.580
461.768	58.400
463.329	40.760
464.423	30.662
465.258	25.046
465.951	21.849
466.566	19.988
467.136	18.974
467.684	18.630
468.231	18.928
468.794	19.903
469.394	21.601
470.054	24.052
470.796	27.213
471.641	30.947
472.603	34.977
473.688	38.895
474.887	42.221
476.175	44.535
477.518	45.612
478.877	45.491
480.217	44.419
481.513	42.719
482.750	40.633
483.919	38.271
485.015	35.644
486.032	32.739
486.964	29.590
487.804	26.308
488.552	23.059
489.209	20.028
489.782	17.372
490.284	15.201
490.729	13.582
491.132	12.544
491.512	12.099
491.885	12.258
492.272	13.043
492.692	14.484
493.167	16.614
493.719	19.432
494.372	22.860
495.144	26.677
496.045	30.467
497.068	33.625
498.186	35.479
499.350	35.524
500.497	33.659
501.569	30.256
502.521	26.008
503.335	21.653
504.011	17.758
504.569	14.643
505.034	12.429
505.437	11.129
505.807	10.734
506.175	11.282
506.573	12.924
507.043	15.979
507.639	20.993
508.435	28.738
509.532	40.014
511.053	54.961
513.093	71.721
515.647	85.395
518.516	89.765
521.343	82.280
523.785	66.721
525.682	49.579
527.057	35.266
528.027	25.058
528.721	18.462
529.241	14.538
529.661	12.498
530.033	11.865
530.397	12.466
530.793	14.425
531.264	18.207
531.873	24.697
532.715	35.271
533.928	51.586
535.689	74.548
538.166	101.909
541.386	125.780
545.095	135.155
548.785	125.401
551.983	103.330
554.494	79.788
556.383	61.113
557.819	48.324
558.957	40.030
559.906	34.557
560.732	30.680
561.470	27.664
562.139	25.124
562.751	22.881
563.312	20.871
563.827	19.076
564.302	17.500
564.741	16.148
565.151	15.021
565.536	14.120
565.903	13.440
566.257	12.981
566.602	12.747
566.947	12.752
567.296	13.026
567.659	13.619
568.043	14.611
568.462	16.113
568.931	18.274
569.471	21.274
570.106	25.298
570.868	30.472
571.790	36.748
572.900	43.743
574.211	50.614
575.705	56.101
577.327	58.907
578.992	58.325
580.602	54.722
582.084	49.470
583.408	44.380
584.594	41.111
585.701	40.909
586.821	44.601
588.061	52.610
589.533	64.716
591.332	79.507
593.497	93.911
595.974	103.670
598.602	105.341
601.162	98.590
603.472	86.356
605.441	72.675
607.070	60.448
608.414	50.795
609.543	43.609
610.516	38.304
611.374	34.294
612.146	31.174
612.852	28.741
613.508	26.956
614.128	25.898
614.731	25.739
615.337	26.755
615.976	29.339
616.688	34.053
617.526	41.638
618.561	52.938
619.880	68.613
621.581	88.465
623.737	110.430
626.353	129.938
629.314	141.013
632.386	139.609
635.294	126.681
637.835	107.550
639.933	88.252
641.629	72.643
643.018	61.948
644.207	55.739
645.284	52.926
646.315	52.332
647.338	52.907
648.374	53.793
649.427	54.327
650.487	54.058
651.538	52.756
652.561	50.405
653.534	47.165
654.442	43.306
655.274	39.138
656.027	34.947
656.700	30.958
657.298	27.320
657.829	24.111
658.301	21.354
658.722	19.034
659.101	17.121
659.445	15.576
659.761	14.367
660.056	13.470
660.337	12.882
660.609	12.624
660.879	12.755
661.156	13.390
661.453	14.730
661.785	17.105
662.178	21.044
662.671	27.358
663.322	37.217
664.217	52.122
665.475	73.545
667.238	101.849
669.628	134.309
672.671	163.389
676.198	178.419
679.838	172.436
683.168	148.324
685.905	116.353
687.986	86.304
689.504	62.975
690.607	46.903
691.434	36.704
692.089	30.690
692.645	27.510
693.153	26.257
693.644	26.375
694.145	27.546
694.674	29.591
695.248	32.404
695.882	35.890
696.587	39.922
697.375	44.308
698.250	48.771
699.213	52.939
700.255	56.390
701.360	58.704
702.504	59.553
703.657	58.786
704.787	56.469
705.866	52.873
706.871	48.401
707.787	43.495
708.610	38.552
709.340	33.871
709.982	29.637
710.546	25.936
711.043	22.780
711.483	20.134
711.875	17.937
712.227	16.121
712.547	14.619
712.840	13.371
713.111	12.327
713.363	11.446
713.600	10.697
713.823	10.055
714.036	9.504
714.239	9.035
714.434	8.642
714.623	8.333
714.808	8.119
714.990	8.026
715.172	8.100
715.359	8.415
715.557	9.088
715.775	10.308
716.028	12.369
716.338	15.728
716.741	21.063
717.290	29.321
718.062	41.666
719.164	59.128
720.715	81.671
722.814	106.682
725.462	127.910
728.491	137.285
731.572	130.329
734.352	110.178
736.605	85.050
738.298	62.310
739.523	45.487
740.422	35.029
741.127	30.105
741.753	29.812
742.393	33.664
743.134	41.604
744.065	53.792
745.274	70.127
746.839	89.510
748.804	109.179
751.139	124.622
753.718	131.060
756.331	126.109
758.755	111.469
760.833	91.825
762.506	72.074
763.804	55.316
764.796	42.637
765.563	33.794
766.178	28.005
766.695	24.429
767.153	22.358
767.578	21.267
767.988	20.791
768.393	20.682
768.799	20.774
769.211	20.960
769.630	21.164
770.055	21.341
770.487	21.462
770.924	21.513
771.364	21.489
771.807	21.399
772.250	21.268
772.693	21.131
773.136	21.048
773.581	21.102
774.031	21.418
774.493	22.163
774.975	23.589
775.496	26.043
776.078	30.000
776.759	36.070
777.587	44.970
778.627	57.350
779.954	73.419
781.640	92.294
783.721	111.355
786.165	126.251
788.841	132.451
791.543	127.855
794.057	114.326
796.239	96.509
798.042	79.125
799.506	65.121
800.711	55.501
801.747	50.016
802.691	47.879
803.605	48.199
804.534	50.134
805.505	52.905
806.530	55.811
807.609	58.222
808.731	59.612
809.871	59.618
811.004	58.111
812.101	55.203
813.136	51.202
814.092	46.534
814.959	41.658
815.733	37.002
816.423	32.920
817.040	29.731
817.602	27.805
818.136	27.695
818.678	30.363
819.290	37.588
820.069	52.507
821.183	80.209
822.899	127.562
825.599	199.809
829.681	290.380
835.249	367.935
841.711	386.456
847.883	330.888
852.747	236.890
856.031	149.278
858.033	87.367
859.188	49.725
859.845	28.619
860.226	17.285
860.461	11.334
860.618	8.249
860.735	6.684
860.833	5.935
860.922	5.649
861.008	5.660
861.096	5.911
861.189	6.409
861.291	7.214
861.408	8.445
861.547	10.292
861.720	13.045
861.942	17.140
862.237	23.211
862.642	32.156
863.209	45.155
864.009	63.601
865.136	88.804
866.702	121.127
868.808	158.619
871.503	195.684
874.722	223.256
878.252	232.345
881.772	219.644
884.969	190.085
887.646	153.437
889.756	118.572
891.364	90.358
892.584	69.912
893.532	56.255
894.301	47.742
894.961	42.795
895.560	40.165
896.128	38.934
896.683	38.484
897.235	38.390
897.789	38.369
898.345	38.247
898.901	37.921
899.454	37.342
900.000	36.502
900.536	35.427
901.057	34.167
901.563	32.775
902.049	31.330
902.516	29.904
902.964	28.557
903.395	27.355
903.809	26.356
904.212	25.597
904.606	25.117
904.995	24.944
905.385	25.098
905.781	25.591
906.188	26.432
906.612	27.621
907.058	29.153
907.532	31.009
908.039	33.160
908.586	35.569
909.174	38.169
909.807	40.889
910.488	43.643
911.216	46.321
911.990	48.824
912.806	51.048
913.658	52.906
914.542	54.334
915.449	55.298
916.370	55.788
917.299	55.822
918.227	55.436
919.148	54.671
920.056	53.573
920.946	52.175
921.811	50.517
922.650	48.624
923.457	46.527
924.230	44.264
924.966	41.883
925.664	39.442
926.322	37.012
926.941	34.672
927.524	32.503
928.072	30.605
928.592	29.065
929.089	27.992
929.571	27.516
930.050	27.778
930.539	28.986
931.056	31.411
931.623	35.418
932.271	41.508
933.038	50.311
933.975	62.570
935.144	78.985
936.618	99.878
938.467	124.613
940.738	150.888
943.424	174.387
946.437	189.645
949.602	192.293
952.696	181.490
955.522	160.427
957.952	134.465
959.946	108.545
961.535	85.714
962.780	67.173
963.755	52.840
964.524	42.110
965.140	34.240
965.645	28.549
966.070	24.516
966.440	21.744
966.771	19.953
967.080	18.951
967.377	18.611
967.672	18.855
967.974	19.637
968.294	20.941
968.637	22.767
969.015	25.122
969.435	28.028
969.906	31.482
970.439	35.486
971.043	40.003
971.726	44.967
972.494	50.248
973.353	55.685
974.304	61.051
975.343	66.094
976.464	70.544
977.656	74.165
978.901	76.775
980.182	78.273
981.480	78.653
982.777	77.994
984.056	76.416
985.302	74.105
986.505	71.234
987.658	68.006
988.756	64.618
989.796	61.279
990.783	58.220
991.721	55.695
992.621	54.005
993.498	53.521
994.372	54.708
995.274	58.213
996.242	64.879
997.331	75.831
998.615	92.438
1000.183	116.026
1002.148	147.363
1004.613	185.355
1007.651	225.738
1011.238	260.561
1015.223	280.454
1019.333	279.407
1023.258	258.745
1026.761	226.045
1029.735	190.384
1032.191	158.164
1034.208	132.096
1035.884	112.192
1037.305	97.239
1038.538	85.750
1039.625	76.485
1040.596	68.559
1041.468	61.411
1042.248	54.776
1042.945	48.523
1043.564	42.654
1044.108	37.202
1044.585	32.210
1044.998	27.717
1045.356	23.730
1045.663	20.250
1045.927	17.253
1046.153	14.706
1046.347	12.568
1046.514	10.797
1046.659	9.354
1046.785	8.202
1046.897	7.317
1046.998	6.681
1047.092	6.294
1047.181	6.174
1047.270	6.372
1047.364	6.973
1047.469	8.139
1047.593	10.116
1047.751	13.311
1047.963	18.358
1048.259	26.221
1048.687	38.338
1049.319	56.722
1050.256	83.881
1051.638	122.258
1053.633	172.634
1056.392	231.214
1059.970	286.841
1064.220	322.260
1068.760	323.082
1073.076	288.752
1076.760	233.179
1079.631	174.317
1081.725	124.210
1083.200	86.792
1084.226	61.156
1084.953	44.480
1085.486	34.001
1085.901	27.566
1086.241	23.682
1086.539	21.381
1086.811	20.059
1087.069	19.344
1087.321	19.015
1087.570	18.937
1087.821	19.035
1088.074	19.264
1088.333	19.601
1088.598	20.039
1088.871	20.575
1089.153	21.215
1089.446	21.965
1089.751	22.837
1090.070	23.840
1090.406	24.985
1090.760	26.280
1091.134	27.726
1091.532	29.324
1091.954	31.055
1092.404	32.905
1092.882	34.823
1093.391	36.777
1093.929	38.680
1094.498	40.469
1095.094	42.047
1095.714	43.323
1096.353	44.215
1097.006	44.648
1097.666	44.577
1098.325	43.981
1098.976	42.885
1099.610	41.334
1100.222	39.418
1100.807	37.228
1101.359	34.893
1101.878	32.517
1102.363	30.224
1102.816	28.113
1103.240	26.281
1103.638	24.811
1104.017	23.783
1104.384	23.280
1104.747	23.395
1105.116	24.241
1105.503	25.964
1105.923	28.756
1106.393	32.870
1106.937	38.632
1107.582	46.465
1108.363	56.852
1109.323	70.343
1110.511	87.392
1111.983	108.198
1113.793	132.397
1115.977	158.611
1118.549	184.381
1121.468	206.268
1124.647	220.925
1127.954	226.276
1131.244	222.564
1134.395	212.042
1137.331	198.019
1140.023	183.572
1142.487	170.885
1144.758	161.114
1146.885	154.631
1148.915	151.340
1150.894	150.881
1152.857	152.777
1154.834	156.459
1156.846	161.231
1158.903	166.323
1161.006	170.826
1163.144	173.855
1165.295	174.602
1167.430	172.535
1169.515	167.498
1171.516	159.755
1173.404	149.907
1175.160	138.763
1176.772	127.171
1178.242	115.852
1179.575	105.357
1180.785	96.023
1181.887	87.978
1182.897	81.248
1183.831	75.728
1184.704	71.292
1185.528	67.780
1186.314	65.052
1187.071	62.965
1187.805	61.403
1188.524	60.276
1189.232	59.487
1189.932	58.974
1190.629	58.660
1191.324	58.499
1192.018	58.418
1192.714	58.373
1193.410	58.305
1194.107	58.185
1194.804	57.971
1195.500	57.676
1196.193	57.303
1196.883	56.924
1197.571	56.631
1198.256	56.586
1198.944	56.995
1199.639	58.166
1200.353	60.471
1201.098	64.412
1201.899	70.573
1202.780	79.693
1203.783	92.490
1204.951	109.725
1206.337	131.732
1207.998	158.334
1209.979	188.034
1212.305	218.020
1214.957	243.943
1217.862	261.044
1220.899	265.708
1223.917	257.110
1226.768	237.695
1229.354	212.227
1231.625	185.997
1233.598	163.387
1235.323	147.285
1236.880	139.215
1238.360	139.820
1239.857	149.231
1241.463	167.202
1243.265	192.973
1245.337	224.886
1247.732	259.926
1250.464	293.562
1253.495	320.182
1256.733	334.467
1260.039	333.113
1263.257	316.244
1266.246	287.202
1268.911	251.307
1271.207	213.836
1273.140	178.824
1274.744	148.533
1276.072	123.772
1277.178	104.302
1278.112	89.465
1278.915	78.381
1279.623	70.221
1280.259	64.276
1280.846	59.988
1281.395	56.913
1281.921	54.749
1282.427	53.265
1282.923	52.312
1283.412	51.794
1283.899	51.652
1284.386	51.859
1284.878	52.399
1285.377	53.281
1285.886	54.521
1286.409	56.110
1286.950	58.091
1287.512	60.429
1288.099	63.145
1288.714	66.191
1289.361	69.536
1290.042	73.097
1290.760	76.793
1291.515	80.482
1292.307	84.048
1293.135	87.306
1293.995	90.113
1294.883	92.301
1295.791	93.739
1296.714	94.317
1297.640	93.988
1298.563	92.741
1299.472	90.622
1300.360	87.744
1301.220	84.212
1302.044	80.219
1302.829	75.892
1303.572	71.429
1304.272	66.944
1304.929	62.587
1305.545	58.436
1306.121	54.580
1306.661	51.055
1307.167	47.910
1307.646	45.149
1308.097	42.797
1308.528	40.854
1308.940	39.337
1309.340	38.255
1309.731	37.644
1310.119	37.532
1310.507	37.981
1310.903	39.057
1311.313	40.855
1311.744	43.482
1312.207	47.059
1312.711	51.725
1313.267	57.613
1313.891	64.831
1314.595	73.441
1315.395	83.412
1316.305	94.581
1317.335	106.586
1318.495	118.853
1319.783	130.576
1321.191	140.767
1322.697	148.400
1324.275	152.570
1325.880	152.688
1327.474	148.635
1329.011	140.797
1330.455	129.971
1331.779	117.201
1332.965	103.588
1334.011	90.066
1334.916	77.394
1335.694	66.019
1336.357	56.193
1336.924	47.982
1337.410	41.317
1337.830	36.089
1338.200	32.128
1338.532	29.291
1338.837	27.420
1339.126	26.403
1339.406	26.133
1339.687	26.542
1339.974	27.570
1340.275	29.178
1340.597	31.349
1340.944	34.047
1341.324	37.280
1341.742	40.993
1342.204	45.180
1342.714	49.754
1343.279	54.659
1343.899	59.751
1344.579	64.895
1345.318	69.900
1346.113	74.554
1346.960	78.655
1347.854	81.995
1348.782	84.423
1349.737	85.848
1350.706	86.263
1351.677	85.748
1352.642	84.467
1353.588	82.660
1354.516	80.583
1355.419	78.531
1356.300	76.749
1357.163	75.469
1358.013	74.842
1358.859	74.977
1359.708	75.887
1360.571	77.528
1361.454	79.777
1362.364	82.447
1363.305	85.309
1364.281	88.089
1365.286	90.496
1366.316	92.280
1367.366	93.239
1368.423	93.237
1369.478	92.257
1370.519	90.373
1371.536	87.769
1372.523	84.676
1373.474	81.393
1374.387	78.207
1375.266	75.397
1376.115	73.212
1376.941	71.842
1377.755	71.432
1378.567	72.065
1379.390	73.795
1380.236	76.586
1381.116	80.374
1382.043	85.026
1383.025	90.298
1384.067	95.932
1385.174	101.530
1386.342	106.690
1387.566	110.934
1388.834	113.854
1390.128	115.085
1391.429	114.410
1392.715	111.786
1393.965	107.339
1395.159	101.356
1396.281	94.235
1397.321	86.418
1398.271	78.359
1399.132	70.452
1399.905	63.050
1400.599	56.421
1401.220	50.807
1401.783	46.436
1402.301	43.571
1402.791	42.584
1403.277	44.009
1403.788	48.663
1404.362	57.751
1405.055	72.999
1405.942	96.708
1407.125	131.614
1408.737	180.221
1410.929	243.272
1413.842	317.055
1417.546	390.833
1421.964	446.991
1426.811	467.323
1431.663	443.879
1436.084	384.471
1439.776	307.548
1442.651	231.194
1444.769	166.567
1446.279	117.070
1447.335	81.662
1448.072	57.381
1448.592	41.234
1448.969	30.679
1449.253	23.886
1449.477	19.583
1449.663	16.898
1449.826	15.300
1449.975	14.418
1450.118	14.043
1450.258	14.027
1450.400	14.297
1450.545	14.798
1450.697	15.513
1450.857	16.429
1451.028	17.552
1451.212	18.888
1451.411	20.456
1451.628	22.275
1451.866	24.361
1452.128	26.754
1452.416	29.468
1452.736	32.547
1453.090	36.021
1453.484	39.933
1453.923	44.353
1454.412	49.331
1454.958	54.990
1455.569	61.460
1456.253	68.961
1457.023	77.788
1457.893	88.358
1458.884	101.229
1460.021	117.085
1461.336	136.718
1462.870	160.851
1464.669	189.878
1466.780	223.426
1469.240	259.784
1472.059	295.520
1475.211	325.557
1478.606	344.246
1482.111	347.154
1485.558	332.926
1488.785	303.979
1491.668	265.408
1494.140	223.170
1496.189	182.202
1497.846	145.690
1499.162	115.010
1500.198	90.290
1501.011	70.951
1501.652	56.121
1502.161	44.884
1502.569	36.434
1502.904	30.101
1503.182	25.355
1503.418	21.808
1503.623	19.155
1503.804	17.166
1503.968	15.700
1504.120	14.628
1504.262	13.876
1504.397	13.391
1504.531	13.128
1504.661	13.080
1504.793	13.229
1504.927	13.593
1505.065	14.180
1505.211	15.034
1505.368	16.196
1505.537	17.745
1505.725	19.780
1505.935	22.437
1506.176	25.909
1506.457	30.455
1506.789	36.429
1507.190	44.300
1507.681	54.693
1508.290	68.399
1509.054	86.366
1510.023	109.658
1511.252	139.224
1512.808	175.542
1514.757	217.979
1517.148	264.063
1520.000	308.930
1523.266	345.647
1526.831	366.907
1530.513	367.663
1534.102	347.679
1537.409	311.383
1540.305	266.093
1542.736	219.006
1544.710	175.393
1546.276	137.993
1547.503	107.572
1548.457	83.703
1549.200	65.404
1549.783	51.566
1550.245	41.203
1550.615	33.480
1550.919	27.757
1551.173	23.535
1551.390	20.452
1551.580	18.254
1551.752	16.740
1551.911	15.764
1552.062	15.241
1552.210	15.090
1552.357	15.264
1552.507	15.736
1552.664	16.472
1552.829	17.478
1553.005	18.734
1553.196	20.254
1553.403	22.031
1553.630	24.077
1553.879	26.390
1554.153	28.969
1554.455	31.811
1554.788	34.900
1555.156	38.217
1555.559	41.703
1555.999	45.309
1556.481	48.977
1557.000	52.584
1557.559	56.038
1558.156	59.228
1558.786	62.013
1559.447	64.309
1560.131	66.008
1560.834	67.061
1561.547	67.463
1562.264	67.256
1562.978	66.556
1563.686	65.527
1564.383	64.425
1565.070	63.545
1565.750	63.274
1566.429	64.077
1567.122	66.499
1567.847	71.208
1568.629	78.990
1569.505	90.722
1570.519	107.367
1571.724	129.767
1573.182	158.358
1574.955	192.751
1577.097	231.049
1579.631	269.439
1582.533	302.385
1585.721	323.723
1589.051	328.775
1592.349	316.251
1595.446	289.019
1598.216	252.658
1600.596	213.349
1602.580	176.063
1604.203	143.706
1605.524	117.425
1606.604	97.140
1607.499	82.160
1608.261	71.651
1608.932	64.768
1609.543	60.865
1610.124	59.521
1610.698	60.433
1611.285	63.505
1611.908	68.777
1612.588	76.314
1613.346	86.301
1614.208	98.902
1615.197	114.099
1616.340	131.839
1617.657	151.625
1619.166	172.599
1620.873	193.464
1622.771	212.429
1624.833	227.571
1627.016	237.108
1629.262	239.856
1631.504	235.567
1633.679	224.990
1635.731	209.691
1637.625	191.667
1639.343	172.861
1640.884	154.884
1642.259	138.865
1643.492	125.407
1644.605	114.713
1645.627	106.703
1646.580	101.114
1647.486	97.593
1648.365	95.758
1649.230	95.229
1650.093	95.641
1650.961	96.659
1651.839	97.997
1652.731	99.383
1653.635	100.614
1654.551	101.518
1655.475	101.961
1656.401	101.882
1657.326	101.251
1658.246	100.071
1659.153	98.421
1660.046	96.363
1660.920	94.009
1661.771	91.469
1662.601	88.848
1663.407	86.248
1664.190	83.763
1664.952	81.455
1665.694	79.393
1666.419	77.622
1667.129	76.164
1667.827	75.042
1668.516	74.269
1669.201	73.849
1669.883	73.795
1670.566	74.116
1671.255	74.812
1671.951	75.886
1672.659	77.346
1673.383	79.187
1674.125	81.392
1674.890	83.938
1675.680	86.776
1676.497	89.836
1677.346	93.023
1678.223	96.216
1679.131	99.268
1680.069	102.030
1681.031	104.290
1682.012	105.908
1683.009	106.746
1684.011	106.684
1685.010	105.671
1685.999	103.733
1686.967	100.938
1687.908	97.436
1688.815	93.428
1689.683	89.150
1690.513	84.870
1691.303	80.883
1692.057	77.477
1692.781	74.973
1693.486	73.679
1694.181	73.956
1694.883	76.202
1695.613	80.867
1696.392	88.454
1697.251	99.569
1698.224	114.809
1699.349	134.684
1700.672	159.626
1702.238	189.440
1704.086	223.190
1706.248	258.968
1708.727	293.491
1711.494	322.534
1714.486	341.812
1717.594	348.004
1720.698	339.998
1723.673	319.244
1726.416	289.263
1728.865	254.383
1730.994	218.679
1732.806	185.107
1734.332	155.442
1735.609	130.343
1736.679	109.811
1737.582	93.441
1738.352	80.671
1739.021	70.966
1739.612	63.866
1740.147	59.024
1740.646	56.223
1741.126	55.383
1741.602	56.526
1742.094	59.803
1742.618	65.482
1743.197	73.913
1743.856	85.567
1744.623	100.908
1745.530	120.358
1746.615	144.254
1747.914	172.431
1749.460	204.135
1751.281	237.860
1753.384	270.921
1755.749	299.818
1758.335	320.885
1761.057	330.771
1763.817	327.772
1766.508	312.301
1769.030	286.659
1771.315	254.452
1773.319	219.571
1775.032	185.241
1776.468	153.772
1777.655	126.400
1778.628	103.494
1779.426	84.848
1780.081	70.032
1780.624	58.433
1781.079	49.436
1781.466	42.516
1781.800	37.209
1782.095	33.140
1782.360	30.020
1782.601	27.619
1782.825	25.767
1783.034	24.335
1783.234	23.224
1783.425	22.368
1783.610	21.712
1783.791	21.223
1783.969	20.871
1784.145	20.643
1784.320	20.529
1784.494	20.522
1784.670	20.627
1784.847	20.854
1785.028	21.218
1785.212	21.748
1785.402	22.484
1785.600	23.489
1785.808	24.852
1786.030	26.703
1786.269	29.228
1786.534	32.695
1786.832	37.491
1787.178	44.148
1787.588	53.411
1788.088	66.324
1788.714	84.243
1789.514	108.860
1790.550	142.224
1791.906	186.334
1793.674	242.441
1795.959	310.189
1798.844	385.609
1802.362	460.179
1806.466	521.303
1810.975	555.388
1815.635	553.759
1820.140	517.106
1824.223	455.186
1827.731	381.844
1830.622	309.439
1832.931	246.067
1834.754	194.808
1836.196	155.625
1837.347	126.865
1838.288	106.268
1839.084	91.749
1839.774	81.577
1840.391	74.393
1840.959	69.220
1841.489	65.357
1841.991	62.319
1842.474	59.785
1842.936	57.539
1843.383	55.446
1843.816	53.435
1844.233	51.455
1844.636	49.500
1845.025	47.566
1845.400	45.667
1845.761	43.814
1846.108	42.040
1846.442	40.356
1846.764	38.785
1847.074	37.356
1847.375	36.082
1847.666	34.982
1847.949	34.081
1848.227	33.389
1848.500	32.927
1848.771	32.714
1849.041	32.765
1849.313	33.099
1849.589	33.739
1849.872	34.699
1850.165	36.013
1850.471	37.690
1850.792	39.770
1851.133	42.260
1851.496	45.200
1851.887	48.603
1852.309	52.485
1852.766	56.866
1853.263	61.756
1853.803	67.131
1854.393	73.002
1855.035	79.322
1855.734	86.043
1856.493	93.121
1857.314	100.456
1858.200	107.959
1859.151	115.539
1860.169	123.058
1861.251	130.424
1862.395	137.496
1863.601	144.184
1864.860	150.359
1866.172	155.952
1867.526	160.842
1868.920	164.977
1870.344	168.252
1871.792	170.596
1873.255	171.952
1874.723	172.293
1876.189	171.581
1877.644	169.832
1879.078	167.125
1880.486	163.585
1881.858	159.316
1883.191	154.524
1884.482	149.426
1885.726	144.190
1886.926	139.017
1888.081	134.085
1889.195	129.489
1890.270	125.345
1891.311	121.684
1892.322	118.504
1893.307	115.797
1894.270	113.493
1895.214	111.521
1896.143	109.811
1897.058	108.261
1897.961	106.843
1898.851	105.470
1899.732	104.147
1900.601	102.877
1901.461	101.726
1902.312	100.800
1903.156	100.268
1903.997	100.358
1904.840	101.389
1905.695	103.766
1906.573	107.997
1907.490	114.720
1908.470	124.697
1909.539	138.815
1910.734	158.007
1912.099	183.185
1913.682	214.964
1915.535	253.328
1917.710	297.230
1920.239	343.943
1923.129	389.034
1926.348	426.634
1929.812	450.617
1933.399	456.489
1936.958	442.804
1940.339	411.947
1943.427	369.142
1946.152	320.629
1948.490	272.087
1950.455	227.649
1952.089	189.500
1953.448	158.263
1954.582	133.852
1955.543	115.501
1956.377	102.164
1957.119	93.035
1957.799	87.291
1958.442	84.191
1959.066	83.246
1959.686	84.007
1960.315	86.087
1960.963	89.214
1961.636	93.131
1962.340	97.573
1963.080	102.320
1963.855	107.127
1964.668	111.766
1965.515	115.987
1966.395	119.592
1967.301	122.356
1968.228	124.111
1969.164	124.724
1970.104	124.150
1971.040	122.357
1971.961	119.402
1972.855	115.422
1973.720	110.553
1974.550	104.960
1975.334	98.897
1976.072	92.541
1976.766	86.056
1977.410	79.658
1978.005	73.467
1978.557	67.572
1979.064	62.092
1979.531	57.037
1979.962	52.461
1980.359	48.371
1980.726	44.739
1981.067	41.568
1981.385	38.819
1981.683	36.466
1981.964	34.466
1982.232	32.800
1982.487	31.418
1982.733	30.293
1982.971	29.399
1983.203	28.698
1983.431	28.169
1983.656	27.788
1983.878	27.527
1984.100	27.375
1984.321	27.303
1984.542	27.304
1984.765	27.355
1984.989	27.447
1985.214	27.563
1985.441	27.695
1985.670	27.828
1985.901	27.957
1986.134	28.066
1986.369	28.157
1986.605	28.212
1986.842	28.231
1987.080	28.209
1987.319	28.134
1987.558	28.013
1987.797	27.837
1988.034	27.602
1988.271	27.315
1988.506	26.968
1988.739	26.566
1988.969	26.110
1989.196	25.604
1989.418	25.050
1989.637	24.450
1989.851	23.811
1990.061	23.138
1990.265	22.435
1990.463	21.706
1990.656	20.957
1990.843	20.193
1991.023	19.419
1991.197	18.640
1991.364	17.862
1991.525	17.089
1991.680	16.322
1991.829	15.564
1991.971	14.824
1992.106	14.101
1992.236	13.396
1992.360	12.710
1992.478	12.052
1992.590	11.416
1992.697	10.802
1992.799	10.215
1992.895	9.654
1992.986	9.119
1993.072	8.611
1993.154	8.128
1993.232	7.667
1993.306	7.231
1993.376	6.821
1993.442	6.433
1993.505	6.064
1993.564	5.719
1993.620	5.394
1993.674	5.087
1993.724	4.799
1993.772	4.529
1993.818	4.273
1993.860	4.036
1993.901	3.811
1993.940	3.601
1993.977	3.404
1994.012	3.219
1994.045	3.046
1994.076	2.884
1994.106	2.731
1994.135	2.589
1994.162	2.455
1994.188	2.330
1994.213	2.212
1994.236	2.101
1994.259	1.998
1994.280	1.901
1994.301	1.810
1994.320	1.724
1994.339	1.644
1994.357	1.568
1994.375	1.497
1994.391	1.430
1994.407	1.367
1994.422	1.308
1994.437	1.252
1994.451	1.199
1994.465	1.150
1994.478	1.103
1994.491	1.059
1994.503	1.017
1994.515	0.978
1994.526	0.940
1994.537	0.905
1994.548	0.872
1994.558	0.840
1994.568	0.810
1994.578	0.781
1994.587	0.754
1994.596	0.728
1994.605	0.704
1994.614	0.680
1994.622	0.658
1994.630	0.637
1994.638	0.616
1994.646	0.597
1994.653	0.578
1994.661	0.561
1994.668	0.544
1994.675	0.528
1994.681	0.512
1994.688	0.497
1994.694	0.483
1994.701	0.469
1994.707	0.456
1994.713	0.443
1994.719	0.431
1994.724	0.419
1994.730	0.407
1994.735	0.396
1994.740	0.386
1994.746	0.376
1994.751	0.366
1994.756	0.356
1994.761	0.347
1994.765	0.338
1994.770	0.329
1994.775	0.321
1994.779	0.313
1994.784	0.305
1994.788	0.297
1994.792	0.290
1994.796	0.283
1994.800	0.276
1994.804	0.269
1994.808	0.262
1994.812	0.256
1994.816	0.249
1994.819	0.243
1994.823	0.237
1994.826	0.232
1994.830	0.226
1994.833	0.221
1994.837	0.215
1994.840	0.210
1994.843	0.205
1994.846	0.200
1994.849	0.195
1994.852	0.191
1994.855	0.186
1994.858	0.182
1994.861	0.177
1994.864	0.173
1994.867	0.169
1994.869	0.165
1994.872	0.161
1994.875	0.157
1994.877	0.154
1994.879	0.150
1994.882	0.146
1994.884	0.143
1994.887	0.139
1994.889	0.136
1994.891	0.133
1994.893	0.130
1994.896	0.127
1994.898	0.124
1994.900	0.121
1994.902	0.118
1994.904	0.115
1994.906	0.112
1994.908	0.110
1994.910	0.107
1994.912	0.105
1994.914	0.102
1994.915	0.100
1994.917	0.097
1994.919	0.095
1994.921	0.093
1994.922	0.091
1994.924	0.088
1994.926	0.086
