<j>	var(j)
1.272	0.259
2.357	0.262
3.182	0.236
4.806	0.840
6.175	0.764
7.115	0.760
8.259	1.464
9.878	1.479
10.929	1.044
11.742	1.382
13.038	2.335
14.639	2.216
15.764	1.548
16.550	1.411
17.394	1.962
18.668	2.664
20.058	2.045
20.956	1.495
21.707	1.631
22.629	1.889
23.675	1.935
24.714	2.321
25.999	3.590
27.727	4.538
29.369	3.766
30.517	2.823
31.385	2.577
32.230	2.715
33.164	3.258
34.317	4.256
35.740	4.621
37.069	3.385
37.953	2.108
38.536	1.593
39.042	1.481
39.578	1.471
40.163	1.438
40.786	1.488
41.513	2.060
42.666	4.177
44.792	7.096
47.077	5.379
48.387	3.800
49.374	4.429
50.582	5.802
52.060	6.340
53.485	5.378
54.596	4.015
55.419	3.076
56.079	2.559
56.668	2.285
57.233	2.141
57.803	2.103
58.408	2.241
59.108	2.715
60.012	3.572
61.185	4.224
62.436	3.824
63.470	3.036
64.313	3.190
65.334	5.959
67.359	13.346
70.660	14.661
72.937	6.692
73.845	3.432
74.367	3.046
74.891	3.657
75.576	5.169
76.593	7.782
78.089	10.677
79.929	11.350
81.626	9.248
82.892	7.092
83.859	6.429
84.772	7.207
85.830	9.050
87.152	11.189
88.705	12.174
90.264	11.054
91.583	8.753
92.594	6.759
93.383	5.604
94.062	5.129
94.710	5.067
95.377	5.293
96.101	5.853
96.927	6.892
97.920	8.410
99.126	9.901
100.490	10.445
101.848	9.758
103.061	8.698
104.129	8.097
105.132	8.041
106.135	8.250
107.165	8.540
108.227	8.948
109.336	9.621
110.521	10.556
111.799	11.386
113.134	11.508
114.430	10.691
115.594	9.421
116.607	8.370
117.515	7.791
118.373	7.501
119.210	7.190
120.018	6.693
120.776	6.136
121.485	5.895
122.193	6.490
123.014	8.493
124.127	12.158
125.689	16.164
127.594	16.988
129.368	13.258
130.633	8.450
131.419	5.347
131.937	3.985
132.352	3.670
132.764	3.988
133.241	4.846
133.853	6.309
134.674	8.359
135.761	10.482
137.075	11.463
138.422	10.394
139.571	8.018
140.433	5.909
141.084	4.985
141.677	5.560
142.400	7.908
143.473	11.992
145.048	15.872
146.922	15.649
148.546	11.181
149.616	6.759
150.265	4.553
150.739	4.306
151.242	5.777
151.978	9.742
153.268	18.130
155.571	31.734
159.033	42.832
162.766	40.244
165.672	29.480
167.602	20.252
168.887	14.504
169.809	11.139
170.529	9.043
171.127	7.558
171.638	6.393
172.082	5.479
172.474	4.848
172.834	4.571
173.190	4.763
173.580	5.635
174.069	7.618
174.760	11.547
175.838	18.750
177.571	30.157
180.175	42.950
183.437	48.646
186.611	42.885
189.094	32.132
190.836	22.972
192.054	16.856
192.949	13.100
193.655	10.920
194.258	9.794
194.813	9.409
195.362	9.570
195.935	10.153
196.558	11.057
197.248	12.171
198.019	13.336
198.869	14.337
199.784	14.937
200.735	14.966
201.683	14.416
202.593	13.468
203.444	12.425
204.233	11.581
204.979	11.132
205.708	11.142
206.452	11.568
207.236	12.298
208.078	13.214
208.989	14.301
209.979	15.756
211.072	18.058
212.328	21.825
213.836	27.303
215.676	33.429
217.818	37.367
220.051	36.350
222.073	30.774
223.696	23.814
224.919	18.163
225.850	14.678
226.617	13.184
227.324	13.394
228.064	15.245
228.927	18.870
230.009	24.289
231.397	30.814
233.113	36.443
235.055	38.369
236.990	35.189
238.676	28.485
239.993	21.282
240.962	15.603
241.677	11.916
242.234	9.874
242.710	8.993
243.158	8.921
243.616	9.478
244.117	10.630
244.693	12.471
245.382	15.228
246.238	19.269
247.328	25.092
248.743	33.110
250.572	43.015
252.854	52.737
255.484	58.278
258.181	56.264
260.602	47.391
262.528	35.788
263.933	25.259
264.910	17.374
265.584	12.057
266.058	8.658
266.407	6.532
266.677	5.200
266.899	4.355
267.091	3.804
267.264	3.435
267.425	3.184
267.579	3.016
267.730	2.914
267.880	2.879
268.033	2.922
268.194	3.082
268.370	3.426
268.574	4.087
268.828	5.306
269.172	7.506
269.678	11.368
270.465	17.764
271.697	27.099
273.520	37.595
275.881	44.105
278.403	42.180
280.613	34.225
282.311	26.442
283.608	22.194
284.717	21.594
285.821	23.733
287.049	27.704
288.475	32.536
290.117	36.931
291.923	39.401
293.775	38.983
295.538	35.938
297.113	31.597
298.469	27.529
299.643	24.914
300.712	24.518
301.779	26.983
302.971	33.029
304.439	43.237
306.339	57.043
308.761	71.124
311.611	79.304
314.571	76.795
317.243	65.249
319.394	50.994
321.023	39.129
322.259	31.244
323.250	26.754
324.108	24.497
324.903	23.451
325.671	22.884
326.426	22.325
327.167	21.510
327.885	20.345
328.567	18.873
329.203	17.222
329.788	15.563
330.322	14.062
330.811	12.853
331.265	12.028
331.697	11.637
332.124	11.693
332.562	12.181
333.027	13.052
333.534	14.218
334.094	15.540
334.714	16.824
335.389	17.838
336.107	18.353
336.847	18.209
337.582	17.373
338.282	15.962
338.927	14.205
339.503	12.369
340.009	10.688
340.452	9.323
340.846	8.362
341.207	7.837
341.555	7.753
341.909	8.108
342.290	8.907
342.719	10.159
343.219	11.863
343.812	13.975
344.517	16.361
345.345	18.755
346.291	20.766
347.328	21.975
348.412	22.134
349.488	21.365
350.517	20.224
351.490	19.672
352.451	21.096
353.512	26.593
354.894	39.294
356.951	62.401
360.088	93.580
364.353	116.639
368.989	112.314
372.910	86.374
375.677	59.756
377.523	41.985
378.815	31.795
379.802	25.854
380.613	21.954
381.308	19.023
381.916	16.623
382.453	14.597
382.930	12.890
383.356	11.478
383.741	10.337
384.094	9.439
384.422	8.751
384.731	8.246
385.028	7.898
385.318	7.688
385.606	7.607
385.897	7.655
386.195	7.838
386.506	8.173
386.837	8.679
387.196	9.382
387.590	10.303
388.031	11.464
388.530	12.885
389.097	14.593
389.746	16.664
390.495	19.280
391.369	22.845
392.412	28.090
393.701	36.054
395.351	47.579
397.486	61.900
400.145	74.818
403.152	79.552
406.112	72.555
408.628	57.725
410.533	42.159
411.891	30.169
412.861	22.472
413.594	18.148
414.201	16.099
414.752	15.532
415.297	15.978
415.868	17.169
416.492	18.948
417.188	21.169
417.970	23.657
418.847	26.174
419.816	28.452
420.865	30.273
421.973	31.595
423.123	32.691
424.307	34.250
425.549	37.487
426.914	44.307
428.538	57.407
430.639	79.818
433.496	112.246
437.306	147.381
441.907	167.628
446.633	158.677
450.700	126.824
453.728	90.645
455.807	62.086
457.208	43.121
458.181	31.409
458.897	24.262
459.458	19.808
459.923	16.926
460.326	14.992
460.688	13.666
461.024	12.758
461.342	12.162
461.650	11.813
461.954	11.667
462.259	11.693
462.569	11.863
462.888	12.148
463.219	12.522
463.565	12.954
463.928	13.408
464.308	13.850
464.705	14.243
465.117	14.549
465.542	14.744
465.977	14.809
466.418	14.745
466.861	14.574
467.303	14.345
467.743	14.138
468.181	14.069
468.623	14.302
469.080	15.065
469.570	16.673
470.123	19.547
470.784	24.219
471.615	31.252
472.696	40.976
474.107	52.949
475.898	65.259
478.037	74.424
480.377	76.873
482.684	71.543
484.743	60.868
486.441	48.856
487.781	38.538
488.834	31.108
489.691	26.473
490.431	24.049
491.114	23.226
491.784	23.533
492.472	24.646
493.200	26.349
493.984	28.489
494.835	30.950
495.762	33.663
496.771	36.630
497.868	39.961
499.062	43.909
500.371	48.842
501.820	55.124
503.443	62.855
505.272	71.534
507.315	79.810
509.536	85.676
511.849	87.286
514.128	84.025
516.256	76.945
518.157	68.121
519.810	59.539
521.240	52.381
522.494	46.968
523.618	43.063
524.650	40.191
525.616	37.867
526.527	35.708
527.388	33.467
528.195	31.035
528.944	28.413
529.632	25.669
530.255	22.906
530.814	20.232
531.310	17.736
531.748	15.489
532.135	13.534
532.476	11.898
532.779	10.598
533.054	9.652
533.308	9.093
533.552	8.987
533.799	9.449
534.066	10.683
534.375	13.025
534.762	17.011
535.279	23.440
536.002	33.390
537.039	48.007
538.523	67.768
540.579	90.967
543.240	112.226
546.358	123.616
549.591	120.052
552.553	104.024
555.005	83.223
556.909	64.293
558.361	49.979
559.488	40.168
560.400	33.702
561.172	29.428
561.852	26.515
562.472	24.455
563.048	22.969
563.595	21.923
564.122	21.265
564.638	20.990
565.154	21.120
565.678	21.686
566.222	22.717
566.798	24.232
567.418	26.220
568.095	28.626
568.837	31.328
569.653	34.129
570.542	36.755
571.498	38.886
572.506	40.220
573.543	40.542
574.582	39.800
575.596	38.127
576.563	35.809
577.469	33.225
578.309	30.759
579.090	28.761
579.825	27.529
580.536	27.341
581.250	28.510
582.006	31.453
582.853	36.777
583.854	45.312
585.097	58.061
586.688	75.844
588.744	98.449
591.346	123.311
594.483	144.770
597.985	155.815
601.551	152.521
604.862	137.089
607.711	115.817
610.044	94.606
611.912	76.575
613.410	62.409
614.626	51.595
615.632	43.332
616.479	36.924
617.205	31.874
617.835	27.866
618.390	24.709
618.886	22.296
619.338	20.583
619.761	19.575
620.168	19.329
620.577	19.956
621.005	21.642
621.477	24.667
622.023	29.419
622.683	36.401
623.507	46.180
624.558	59.226
625.902	75.562
627.603	94.222
629.687	112.712
632.116	127.093
634.768	133.259
637.451	129.111
639.961	115.931
642.147	97.566
643.946	78.251
645.367	60.920
646.465	46.844
647.309	36.119
647.963	28.280
648.478	22.720
648.897	18.889
649.251	16.360
649.561	14.829
649.848	14.092
650.124	14.022
650.404	14.558
650.700	15.688
651.023	17.449
651.387	19.922
651.809	23.228
652.305	27.531
652.899	33.013
653.616	39.839
654.485	48.083
655.533	57.608
656.785	67.923
658.249	78.056
659.909	86.581
661.721	91.897
663.606	92.772
665.470	88.877
667.220	80.979
668.787	70.614
670.136	59.499
671.263	49.022
672.188	40.029
672.944	32.879
673.569	27.595
674.099	24.042
674.567	22.037
675.003	21.423
675.435	22.099
675.887	24.021
676.387	27.197
676.960	31.658
677.632	37.417
678.432	44.406
679.382	52.397
680.501	60.923
681.795	69.243
683.251	76.408
684.837	81.440
686.503	83.623
688.187	82.745
689.828	79.166
691.377	73.661
692.803	67.134
694.092	60.366
695.246	53.882
696.273	47.947
697.186	42.643
698.000	37.948
698.726	33.802
699.376	30.146
699.958	26.935
700.481	24.144
700.953	21.761
701.381	19.786
701.775	18.226
702.141	17.095
702.489	16.413
702.827	16.214
703.166	16.546
703.517	17.466
703.893	19.050
704.308	21.381
704.781	24.537
705.328	28.567
705.970	33.447
706.725	39.034
707.607	45.007
708.622	50.844
709.761	55.853
711.001	59.305
712.303	60.638
713.618	59.671
714.898	56.693
716.102	52.385
717.206	47.624
718.207	43.258
719.118	39.986
719.967	38.332
720.788	38.732
721.630	41.613
722.547	47.485
723.605	56.935
724.882	70.469
726.459	88.091
728.411	108.604
730.770	128.907
733.488	144.116
736.419	149.354
739.338	142.587
742.021	126.116
744.321	105.133
746.197	84.803
747.692	68.420
748.897	57.284
749.914	51.459
750.841	50.514
751.766	53.945
752.767	61.219
753.911	71.643
755.249	84.110
756.811	96.872
758.588	107.570
760.526	113.684
762.532	113.435
764.490	106.565
766.293	94.476
767.863	79.603
769.169	64.397
770.216	50.646
771.037	39.255
771.674	30.423
772.170	23.921
772.564	19.372
772.888	16.370
773.166	14.570
773.417	13.724
773.659	13.680
773.904	14.394
774.166	15.928
774.461	18.485
774.809	22.443
775.239	28.426
775.789	37.373
776.522	50.603
777.519	69.732
778.895	96.259
780.778	130.439
783.282	169.420
786.437	205.595
790.111	227.758
793.986	227.081
797.661	203.771
800.819	167.051
803.323	128.387
805.207	95.370
806.592	70.594
807.616	53.458
808.396	42.203
809.019	35.053
809.542	30.609
810.005	27.886
810.431	26.232
810.837	25.231
811.231	24.618
811.618	24.231
812.001	23.966
812.384	23.759
812.766	23.568
813.147	23.369
813.528	23.141
813.907	22.876
814.284	22.570
814.659	22.217
815.030	21.818
815.397	21.374
815.759	20.893
816.114	20.380
816.464	19.842
816.807	19.290
817.142	18.741
817.470	18.211
817.791	17.719
818.106	17.297
818.416	16.990
818.723	16.856
819.032	16.990
819.346	17.535
819.674	18.706
820.029	20.838
820.432	24.438
820.912	30.249
821.516	39.337
822.310	53.092
823.391	73.034
824.874	100.168
826.886	133.692
829.512	169.163
832.721	197.827
836.310	209.837
839.936	200.617
843.247	174.788
846.027	142.817
848.243	114.296
850.000	94.442
851.457	84.641
852.779	84.397
854.117	92.678
855.600	108.321
857.335	129.703
859.397	154.114
861.808	177.247
864.518	193.709
867.401	198.709
870.272	190.235
872.943	170.214
875.271	143.454
877.196	115.264
878.721	89.576
879.897	68.368
880.792	52.010
881.474	39.981
882.002	31.437
882.421	25.520
882.765	21.505
883.058	18.834
883.318	17.099
883.557	16.011
883.784	15.371
884.004	15.045
884.221	14.937
884.439	14.992
884.660	15.167
884.886	15.431
885.117	15.767
885.355	16.163
885.601	16.607
885.857	17.091
886.121	17.609
886.395	18.153
886.681	18.721
886.977	19.306
887.285	19.905
887.604	20.520
887.936	21.147
888.279	21.795
888.636	22.470
889.006	23.188
889.391	23.969
889.791	24.843
890.209	25.847
890.646	27.029
891.107	28.442
891.594	30.159
892.115	32.256
892.676	34.807
893.284	37.912
893.951	41.656
894.686	46.112
895.503	51.353
896.416	57.426
897.437	64.329
898.580	72.034
899.856	80.457
901.276	89.441
902.843	98.754
904.560	108.046
906.419	116.800
908.403	124.355
910.487	129.905
912.630	132.604
914.781	131.853
916.885	127.387
918.884	119.509
920.731	109.001
922.395	96.911
923.860	84.347
925.125	72.227
926.203	61.166
927.115	51.511
927.882	43.349
928.531	36.611
929.081	31.147
929.552	26.765
929.959	23.281
930.317	20.521
930.634	18.343
930.921	16.635
931.184	15.303
931.428	14.284
931.657	13.531
931.878	13.013
932.091	12.717
932.303	12.642
932.515	12.809
932.733	13.246
932.961	14.021
933.206	15.227
933.475	17.009
933.779	19.602
934.135	23.357
934.564	28.822
935.101	36.831
935.794	48.621
936.718	65.942
937.975	90.966
939.704	125.781
942.067	170.910
945.201	222.721
949.136	271.281
953.701	302.414
958.515	306.001
963.128	284.136
967.220	249.327
970.694	215.161
973.634	189.381
976.194	173.461
978.525	165.181
980.732	160.992
982.864	157.489
984.928	152.111
986.896	143.492
988.730	131.502
990.392	116.930
991.854	101.113
993.108	85.397
994.164	70.832
995.036	58.123
995.752	47.553
996.340	39.130
996.826	32.714
997.236	28.085
997.591	25.025
997.912	23.357
998.215	22.972
998.518	23.844
998.837	26.042
999.191	29.750
999.599	35.271
1000.089	43.065
1000.692	53.726
1001.448	67.978
1002.409	86.558
1003.632	109.991
1005.181	138.227
1007.108	169.994
1009.448	202.411
1012.177	230.801
1015.216	249.802
1018.416	255.253
1021.594	246.136
1024.577	225.154
1027.243	197.340
1029.536	167.872
1031.462	140.578
1033.062	117.401
1034.393	98.810
1035.513	84.426
1036.471	73.479
1037.309	65.180
1038.055	58.831
1038.731	53.878
1039.354	49.920
1039.934	46.663
1040.478	43.916
1040.993	41.542
1041.482	39.458
1041.949	37.615
1042.396	35.971
1042.826	34.518
1043.240	33.239
1043.642	32.128
1044.032	31.193
1044.413	30.422
1044.787	29.823
1045.156	29.401
1045.522	29.153
1045.886	29.091
1046.253	29.212
1046.624	29.524
1047.000	30.037
1047.386	30.750
1047.783	31.670
1048.195	32.800
1048.624	34.140
1049.073	35.686
1049.545	37.431
1050.042	39.356
1050.567	41.441
1051.122	43.653
1051.710	45.948
1052.330	48.284
1052.982	50.599
1053.669	52.843
1054.386	54.955
1055.134	56.889
1055.908	58.608
1056.708	60.092
1057.527	61.341
1058.364	62.374
1059.216	63.223
1060.080	63.938
1060.954	64.557
1061.837	65.129
1062.729	65.669
1063.629	66.199
1064.536	66.687
1065.451	67.093
1066.372	67.364
1067.296	67.426
1068.221	67.217
1069.143	66.689
1070.057	65.815
1070.959	64.608
1071.844	63.115
1072.708	61.421
1073.550	59.634
1074.368	57.897
1075.164	56.358
1075.940	55.175
1076.703	54.516
1077.460	54.552
1078.220	55.456
1078.997	57.425
1079.806	60.665
1080.666	65.397
1081.596	71.837
1082.622	80.175
1083.768	90.472
1085.062	102.631
1086.525	116.195
1088.173	130.334
1090.003	143.717
1091.998	154.709
1094.116	161.638
1096.293	163.245
1098.456	159.113
1100.530	149.807
1102.455	136.671
1104.188	121.463
1105.715	105.802
1107.035	91.006
1108.167	77.840
1109.133	66.702
1109.963	57.665
1110.683	50.651
1111.319	45.542
1111.896	42.265
1112.436	40.872
1112.966	41.628
1113.512	45.106
1114.113	52.335
1114.822	64.986
1115.713	85.571
1116.898	117.518
1118.530	164.742
1120.803	229.976
1123.927	311.303
1128.033	396.962
1133.060	463.982
1138.642	486.615
1144.180	454.143
1149.090	379.919
1153.023	290.753
1155.945	208.969
1158.004	145.028
1159.421	99.661
1160.392	69.395
1161.072	49.938
1161.565	37.733
1161.943	30.202
1162.249	25.640
1162.513	22.950
1162.752	21.457
1162.978	20.741
1163.199	20.552
1163.419	20.739
1163.644	21.218
1163.875	21.944
1164.117	22.901
1164.370	24.091
1164.638	25.533
1164.925	27.260
1165.233	29.317
1165.566	31.769
1165.929	34.692
1166.328	38.194
1166.770	42.391
1167.263	47.441
1167.818	53.514
1168.447	60.816
1169.164	69.546
1169.986	79.917
1170.932	92.060
1172.023	106.023
1173.277	121.634
1174.711	138.449
1176.334	155.633
1178.144	171.999
1180.125	186.019
1182.241	196.117
1184.444	200.991
1186.670	199.920
1188.854	193.035
1190.933	181.213
1192.864	165.911
1194.611	148.737
1196.168	131.164
1197.531	114.313
1198.715	98.921
1199.738	85.332
1200.620	73.650
1201.383	63.788
1202.045	55.563
1202.624	48.770
1203.134	43.189
1203.588	38.632
1203.997	34.922
1204.368	31.926
1204.710	29.522
1205.029	27.629
1205.329	26.168
1205.615	25.094
1205.891	24.357
1206.162	23.938
1206.429	23.805
1206.697	23.953
1206.969	24.366
1207.247	25.038
1207.535	25.965
1207.836	27.144
1208.153	28.563
1208.487	30.212
1208.844	32.077
1209.224	34.125
1209.631	36.331
1210.065	38.633
1210.530	40.989
1211.023	43.303
1211.547	45.517
1212.098	47.517
1212.675	49.235
1213.274	50.565
1213.889	51.452
1214.516	51.834
1215.148	51.702
1215.779	51.069
1216.403	49.989
1217.014	48.551
1217.608	46.892
1218.184	45.158
1218.739	43.571
1219.278	42.351
1219.804	41.838
1220.328	42.438
1220.864	44.820
1221.438	49.959
1222.088	59.533
1222.874	76.282
1223.896	104.727
1225.313	152.006
1227.378	228.110
1230.452	343.599
1234.977	500.981
1241.299	677.651
1249.329	814.789
1258.257	845.128
1266.796	753.864
1273.893	594.222
1279.207	433.622
1282.964	308.279
1285.595	223.185
1287.494	169.719
1288.943	137.444
1290.125	118.263
1291.149	106.833
1292.079	99.820
1292.952	95.213
1293.787	91.795
1294.594	88.847
1295.377	85.936
1296.134	82.840
1296.865	79.433
1297.566	75.706
1298.236	71.672
1298.871	67.413
1299.469	63.000
1300.028	58.537
1300.550	54.102
1301.033	49.793
1301.479	45.663
1301.888	41.782
1302.265	38.179
1302.611	34.890
1302.928	31.926
1303.219	29.292
1303.488	26.990
1303.737	25.015
1303.969	23.353
1304.188	21.992
1304.394	20.929
1304.593	20.146
1304.785	19.639
1304.974	19.409
1305.161	19.441
1305.351	19.758
1305.545	20.343
1305.746	21.232
1305.958	22.418
1306.183	23.939
1306.426	25.808
1306.688	28.051
1306.976	30.698
1307.292	33.768
1307.642	37.280
1308.030	41.251
1308.462	45.673
1308.941	50.523
1309.473	55.750
1310.061	61.280
1310.710	67.000
1311.419	72.741
1312.190	78.331
1313.020	83.555
1313.904	88.195
1314.837	92.054
1315.808	94.966
1316.810	96.839
1317.826	97.661
1318.852	97.510
1319.872	96.558
1320.882	95.050
1321.875	93.255
1322.849	91.489
1323.804	90.050
1324.746	89.167
1325.680	89.045
1326.615	89.811
1327.559	91.489
1328.523	94.048
1329.516	97.326
1330.544	101.116
1331.612	105.096
1332.721	108.915
1333.869	112.175
1335.047	114.510
1336.247	115.602
1337.453	115.247
1338.653	113.366
1339.826	110.050
1340.963	105.491
1342.048	100.018
1343.076	93.981
1344.039	87.776
1344.939	81.746
1345.777	76.193
1346.559	71.342
1347.294	67.376
1347.990	64.394
1348.659	62.482
1349.310	61.654
1349.958	61.950
1350.610	63.359
1351.283	65.909
1351.985	69.594
1352.730	74.427
1353.529	80.420
1354.396	87.576
1355.340	95.896
1356.376	105.368
1357.514	115.982
1358.764	127.693
1360.138	140.467
1361.645	154.261
1363.293	169.011
1365.088	184.615
1367.037	200.858
1369.141	217.393
1371.397	233.576
1373.797	248.419
1376.319	260.700
1378.932	268.838
1381.589	271.575
1384.234	267.808
1386.805	257.400
1389.240	240.901
1391.490	219.692
1393.518	195.562
1395.306	170.373
1396.851	145.733
1398.165	122.815
1399.269	102.339
1400.187	84.613
1400.946	69.641
1401.571	57.236
1402.086	47.116
1402.511	38.957
1402.865	32.431
1403.161	27.247
1403.411	23.157
1403.625	19.940
1403.810	17.421
1403.974	15.466
1404.120	13.954
1404.253	12.805
1404.376	11.954
1404.492	11.350
1404.603	10.966
1404.711	10.777
1404.818	10.784
1404.927	10.989
1405.038	11.417
1405.155	12.102
1405.279	13.099
1405.416	14.487
1405.568	16.373
1405.742	18.899
1405.944	22.255
1406.185	26.687
1406.475	32.506
1406.832	40.091
1407.274	49.901
1407.828	62.437
1408.522	78.194
1409.394	97.558
1410.479	120.609
1411.817	146.899
1413.436	175.158
1415.348	203.116
1417.537	227.595
1419.951	245.055
1422.506	252.531
1425.089	248.665
1427.587	234.216
1429.898	211.888
1431.960	185.237
1433.742	157.854
1435.247	132.415
1436.505	110.498
1437.553	92.851
1438.436	79.403
1439.195	69.900
1439.868	63.836
1440.489	60.786
1441.085	60.410
1441.685	62.457
1442.310	66.887
1442.984	73.718
1443.733	83.200
1444.582	95.618
1445.561	111.469
1446.704	131.205
1448.051	155.338
1449.640	184.090
1451.515	217.275
1453.710	253.838
1456.248	291.610
1459.122	327.139
1462.291	356.009
1465.671	373.758
1469.146	377.244
1472.574	365.575
1475.829	340.722
1478.805	306.554
1481.439	267.760
1483.710	228.520
1485.627	191.908
1487.228	159.600
1488.554	132.319
1489.651	109.975
1490.564	92.098
1491.330	78.081
1491.982	67.250
1492.546	59.025
1493.044	52.873
1493.493	48.366
1493.907	45.150
1494.295	42.941
1494.667	41.512
1495.029	40.681
1495.386	40.300
1495.741	40.247
1496.097	40.427
1496.457	40.758
1496.821	41.171
1497.190	41.610
1497.565	42.030
1497.944	42.394
1498.329	42.671
1498.717	42.837
1499.107	42.882
1499.500	42.791
1499.893	42.563
1500.284	42.206
1500.675	41.720
1501.060	41.131
1501.443	40.442
1501.820	39.684
1502.191	38.869
1502.556	38.024
1502.914	37.174
1503.265	36.344
1503.610	35.541
1503.949	34.808
1504.282	34.156
1504.610	33.593
1504.935	33.166
1505.256	32.877
1505.577	32.765
1505.898	32.872
1506.222	33.226
1506.551	33.928
1506.890	35.055
1507.241	36.777
1507.612	39.306
1508.013	42.983
1508.454	48.298
1508.955	55.983
1509.540	67.115
1510.247	83.252
1511.133	106.586
1512.271	140.076
1513.772	187.323
1515.774	252.044
1518.445	336.391
1521.956	438.043
1526.416	546.380
1531.798	641.172
1537.860	697.603
1544.163	698.859
1550.203	646.782
1555.571	560.091
1560.077	462.596
1563.709	372.105
1566.587	296.963
1568.864	238.433
1570.683	194.267
1572.166	161.220
1573.395	136.364
1574.438	117.386
1575.339	102.670
1576.127	91.075
1576.831	81.847
1577.464	74.461
1578.043	68.551
1578.578	63.854
1579.079	60.165
1579.553	57.340
1580.007	55.248
1580.446	53.796
1580.876	52.908
1581.300	52.509
1581.724	52.561
1582.149	53.007
1582.580	53.820
1583.019	54.969
1583.470	56.423
1583.934	58.175
1584.414	60.184
1584.913	62.438
1585.432	64.917
1585.973	67.584
1586.538	70.424
1587.128	73.380
1587.744	76.428
1588.387	79.512
1589.057	82.581
1589.754	85.574
1590.477	88.430
1591.225	91.081
1591.996	93.478
1592.787	95.546
1593.597	97.251
1594.421	98.542
1595.257	99.408
1596.099	99.840
1596.946	99.850
1597.792	99.466
1598.636	98.748
1599.473	97.762
1600.303	96.585
1601.123	95.304
1601.933	94.031
1602.733	92.855
1603.523	91.899
1604.308	91.260
1605.088	91.037
1605.867	91.347
1606.652	92.281
1607.445	93.929
1608.256	96.391
1609.089	99.718
1609.953	104.000
1610.856	109.253
1611.806	115.476
1612.812	122.641
1613.880	130.631
1615.016	139.271
1616.229	148.322
1617.516	157.402
1618.879	166.138
1620.313	174.039
1621.809	180.589
1623.354	185.397
1624.931	188.036
1626.523	188.313
1628.108	186.157
1629.666	181.665
1631.179	175.166
1632.631	166.994
1634.010	157.623
1635.305	147.537
1636.515	137.124
1637.637	126.766
1638.673	116.740
1639.626	107.226
1640.502	98.371
1641.306	90.209
1642.044	82.760
1642.722	76.015
1643.346	69.918
1643.921	64.421
1644.453	59.480
1644.945	55.025
1645.402	51.015
1645.827	47.400
1646.223	44.139
1646.593	41.197
1646.940	38.541
1647.266	36.147
1647.572	33.995
1647.862	32.058
1648.137	30.325
1648.397	28.778
1648.646	27.404
1648.884	26.195
1649.112	25.138
1649.333	24.221
1649.546	23.443
1649.754	22.792
1649.957	22.260
1650.156	21.848
1650.352	21.546
1650.547	21.351
1650.741	21.262
1650.936	21.272
1651.131	21.384
1651.329	21.595
1651.529	21.902
1651.734	22.309
1651.943	22.817
1652.159	23.424
1652.380	24.137
1652.610	24.960
1652.850	25.898
1653.098	26.954
1653.359	28.149
1653.633	29.496
1653.921	31.001
1654.225	32.709
1654.547	34.645
1654.890	36.852
1655.256	39.406
1655.650	42.370
1656.075	45.858
1656.537	49.997
1657.044	54.936
1657.603	60.876
1658.224	68.034
1658.922	76.634
1659.710	86.921
1660.605	99.081
1661.627	113.172
1662.793	129.125
1664.121	146.527
1665.622	164.605
1667.297	182.228
1669.138	197.820
1671.115	209.696
1673.187	216.296
1675.298	216.572
1677.385	210.293
1679.386	198.092
1681.250	181.334
1682.938	161.775
1684.432	141.175
1685.727	120.994
1686.832	102.300
1687.763	85.702
1688.543	71.439
1689.194	59.506
1689.738	49.728
1690.193	41.857
1690.578	35.621
1690.909	30.746
1691.195	26.994
1691.449	24.183
1691.678	22.148
1691.890	20.746
1692.090	19.905
1692.284	19.560
1692.477	19.659
1692.672	20.208
1692.874	21.208
1693.089	22.702
1693.320	24.763
1693.574	27.495
1693.859	31.060
1694.183	35.695
1694.558	41.726
1695.000	49.656
1695.529	60.182
1696.175	74.345
1696.978	93.603
1697.992	119.960
1699.297	156.015
1700.992	204.686
1703.206	268.471
1706.080	347.531
1709.736	437.156
1714.218	524.952
1719.421	591.601
1725.055	617.626
1730.696	594.043
1735.902	528.008
1740.369	438.443
1743.977	345.401
1746.761	262.588
1748.852	195.694
1750.399	145.053
1751.544	108.291
1752.401	82.381
1753.056	64.526
1753.574	52.555
1754.000	44.817
1754.368	40.167
1754.703	37.835
1755.021	37.265
1755.339	38.130
1755.667	40.214
1756.016	43.372
1756.394	47.538
1756.812	52.673
1757.277	58.741
1757.797	65.717
1758.381	73.537
1759.035	82.112
1759.766	91.277
1760.579	100.823
1761.476	110.430
1762.458	119.729
1763.519	128.283
1764.653	135.621
1765.847	141.316
1767.086	144.985
1768.353	146.404
1769.624	145.495
1770.882	142.376
1772.108	137.322
1773.286	130.723
1774.404	123.083
1775.452	114.920
1776.431	106.652
1777.339	98.697
1778.178	91.418
1778.957	84.973
1779.683	79.534
1780.364	75.189
1781.011	71.927
1781.632	69.747
1782.237	68.604
1782.835	68.424
1783.435	69.132
1784.043	70.647
1784.667	72.871
1785.313	75.696
1785.986	79.019
1786.690	82.704
1787.428	86.619
1788.202	90.617
1789.013	94.550
1789.858	98.264
1790.736	101.644
1791.644	104.588
1792.578	107.051
1793.532	109.082
1794.504	110.819
1795.492	112.520
1796.495	114.627
1797.516	117.779
1798.570	122.810
1799.671	130.864
1800.849	143.376
1802.147	162.014
1803.619	188.671
1805.338	225.048
1807.386	272.094
1809.850	329.094
1812.798	392.318
1816.257	454.353
1820.184	504.545
1824.430	531.517
1828.778	527.839
1832.985	493.183
1836.807	434.933
1840.098	364.541
1842.811	292.872
1844.958	227.942
1846.611	173.581
1847.866	130.450
1848.806	97.691
1849.510	73.495
1850.042	55.972
1850.449	43.499
1850.768	34.709
1851.025	28.592
1851.238	24.368
1851.422	21.501
1851.585	19.593
1851.736	18.365
1851.878	17.629
1852.016	17.260
1852.152	17.164
1852.289	17.289
1852.427	17.603
1852.568	18.086
1852.714	18.738
1852.866	19.565
1853.026	20.583
1853.195	21.816
1853.376	23.305
1853.569	25.086
1853.779	27.216
1854.007	29.767
1854.259	32.814
1854.537	36.448
1854.848	40.802
1855.198	45.990
1855.594	52.157
1856.045	59.494
1856.561	68.154
1857.154	78.319
1857.838	90.173
1858.626	103.834
1859.533	119.333
1860.577	136.675
1861.769	155.610
1863.122	175.731
1864.646	196.442
1866.338	216.848
1868.194	235.945
1870.199	252.657
1872.325	265.952
1874.543	275.098
1876.816	279.721
1879.104	279.824
1881.370	275.833
1883.584	268.456
1885.723	258.486
1887.765	246.705
1889.702	233.816
1891.531	220.302
1893.241	206.529
1894.838	192.751
1896.327	179.110
1897.703	165.733
1898.972	152.698
1900.143	140.133
1901.213	128.135
1902.190	116.786
1903.083	106.197
1903.893	96.431
1904.629	87.543
1905.299	79.570
1905.909	72.525
1906.466	66.385
1906.978	61.156
1907.451	56.781
1907.892	53.241
1908.308	50.494
1908.704	48.506
1909.087	47.240
1909.462	46.688
1909.834	46.827
1910.210	47.648
1910.594	49.171
1910.994	51.414
1911.413	54.397
1911.859	58.174
1912.339	62.809
1912.858	68.353
1913.425	74.892
1914.050	82.518
1914.738	91.292
1915.502	101.300
1916.351	112.582
1917.295	125.139
1918.344	138.910
1919.508	153.731
1920.792	169.299
1922.203	185.192
1923.740	200.841
1925.399	215.452
1927.167	228.237
1929.029	238.367
1930.960	245.086
1932.927	247.837
1934.900	246.453
1936.850	241.076
1938.740	232.180
1940.545	220.548
1942.254	207.080
1943.848	192.815
1945.324	178.631
1946.692	165.320
1947.953	153.562
1949.125	143.785
1950.225	136.336
1951.270	131.417
1952.280	129.102
1953.276	129.428
1954.279	132.300
1955.307	137.575
1956.379	144.999
1957.510	154.190
1958.714	164.679
1960.000	175.785
1961.368	186.769
1962.816	196.772
1964.336	204.944
1965.912	210.488
1967.521	212.809
1969.136	211.609
1970.733	206.844
1972.286	198.829
1973.769	188.194
1975.166	175.649
1976.465	161.918
1977.658	147.871
1978.744	134.122
1979.728	121.070
1980.617	109.166
1981.418	98.546
1982.143	89.232
1982.800	81.258
1983.399	74.489
1983.953	68.820
1984.465	64.101
1984.943	60.177
1985.393	56.909
1985.823	54.173
1986.231	51.844
1986.623	49.822
1987.003	48.026
1987.370	46.386
1987.723	44.841
1988.069	43.352
1988.402	41.887
1988.726	40.419
1989.039	38.939
1989.341	37.436
1989.633	35.905
1989.912	34.356
1990.182	32.781
1990.439	31.202
1990.685	29.613
1990.918	28.038
1991.141	26.470
1991.351	24.936
1991.550	23.430
1991.737	21.967
1991.913	20.552
1992.079	19.189
1992.234	17.886
1992.379	16.642
1992.514	15.463
1992.640	14.348
1992.758	13.296
1992.867	12.310
1992.969	11.387
1993.063	10.525
1993.151	9.723
1993.232	8.979
1993.307	8.289
1993.377	7.651
1993.442	7.062
1993.502	6.521
1993.558	6.021
1993.609	5.562
1993.657	5.142
1993.702	4.757
1993.743	4.403
1993.782	4.079
1993.817	3.783
1993.851	3.513
1993.882	3.266
1993.911	3.039
1993.938	2.833
1993.964	2.645
1993.987	2.473
1994.010	2.316
1994.031	2.172
1994.051	2.041
1994.070	1.921
1994.088	1.811
1994.105	1.711
1994.121	1.620
1994.136	1.536
1994.150	1.459
1994.164	1.389
1994.177	1.324
1994.190	1.265
1994.202	1.210
1994.214	1.160
1994.225	1.114
1994.236	1.071
1994.247	1.032
1994.257	0.995
1994.267	0.962
1994.276	0.931
1994.286	0.901
1994.295	0.875
1994.304	0.849
1994.313	0.826
1994.321	0.804
1994.329	0.783
1994.338	0.764
1994.346	0.746
1994.353	0.729
1994.361	0.713
1994.369	0.698
1994.376	0.683
1994.383	0.669
1994.391	0.656
1994.397	0.644
1994.405	0.632
1994.411	0.621
1994.418	0.610
1994.425	0.600
1994.432	0.590
1994.438	0.580
1994.445	0.571
1994.451	0.562
1994.457	0.554
1994.464	0.545
1994.470	0.537
1994.476	0.529
1994.482	0.522
1994.488	0.514
1994.494	0.507
1994.500	0.500
1994.506	0.493
1994.512	0.486
1994.517	0.480
1994.523	0.473
1994.529	0.467
1994.535	0.461
1994.540	0.455
1994.546	0.448
1994.551	0.443
1994.557	0.437
1994.562	0.431
1994.567	0.425
1994.573	0.420
1994.578	0.414
1994.583	0.409
1994.588	0.404
1994.593	0.398
1994.599	0.393
1994.603	0.388
1994.609	0.383
1994.613	0.378
1994.618	0.373
1994.623	0.368
1994.628	0.364
1994.633	0.359
1994.638	0.354
1994.642	0.349
1994.647	0.345
1994.652	0.340
1994.656	0.336
1994.661	0.331
1994.666	0.327
1994.670	0.322
1994.674	0.318
1994.679	0.314
1994.683	0.309
1994.687	0.305
1994.692	0.301
1994.696	0.297
1994.700	0.293
1994.705	0.289
1994.709	0.285
1994.713	0.281
1994.717	0.277
1994.721	0.273
1994.725	0.269
1994.729	0.265
1994.733	0.261
1994.737	0.258
1994.741	0.254
1994.744	0.250
1994.748	0.247
1994.752	0.243
1994.756	0.239
1994.759	0.236
1994.763	0.232
1994.767	0.229
1994.770	0.225
1994.774	0.222
1994.777	0.219
1994.781	0.215
1994.784	0.212
1994.787	0.209
1994.791	0.206
1994.794	0.202
1994.797	0.199
1994.801	0.196
1994.804	0.193
1994.807	0.190
1994.810	0.187
1994.813	0.184
1994.816	0.181
1994.819	0.178
1994.822	0.175
1994.825	0.172
1994.828	0.169
1994.831	0.166
1994.834	0.164
1994.837	0.161
1994.840	0.158
1994.842	0.156
1994.845	0.153
1994.848	0.150
1994.850	0.148
1994.853	0.145
1994.856	0.142
1994.858	0.140
1994.861	0.138
1994.863	0.135
1994.866	0.133
