<j>	<F>
1.227	19.790
2.509	17.268
4.135	11.752
5.202	10.733
5.972	13.122
6.874	15.415
8.107	14.369
9.337	13.828
10.579	13.050
11.570	13.295
12.631	13.875
13.788	13.600
14.941	13.738
16.559	12.805
18.209	11.460
19.564	11.000
20.728	10.912
21.781	11.114
22.893	11.266
23.988	11.313
24.924	11.568
25.783	12.023
26.668	12.456
27.555	12.855
28.447	13.284
29.458	13.588
30.719	13.513
32.243	13.027
33.881	12.356
35.333	11.882
36.547	11.768
37.705	11.770
38.832	11.777
39.846	11.867
40.723	12.096
41.503	12.448
42.254	12.866
43.022	13.277
43.771	13.690
44.444	14.203
45.106	14.819
45.982	15.267
47.306	15.129
48.911	14.501
50.386	14.017
51.780	13.738
53.265	13.411
54.738	13.055
55.966	12.876
56.876	12.975
57.568	13.304
58.194	13.750
58.899	14.175
59.779	14.452
60.831	14.538
61.933	14.527
62.953	14.566
63.845	14.725
64.627	15.003
65.367	15.359
66.234	15.660
67.524	15.612
69.355	15.007
71.185	14.291
72.546	13.982
73.602	13.982
74.565	14.082
75.516	14.203
76.501	14.307
77.541	14.364
78.580	14.398
79.513	14.492
80.343	14.687
81.282	14.876
82.742	14.776
85.021	14.116
87.533	13.216
89.448	12.674
90.856	12.485
92.072	12.430
93.165	12.428
94.081	12.499
94.791	12.668
95.322	12.938
95.735	13.290
96.097	13.699
96.483	14.129
96.998	14.525
97.811	14.782
99.120	14.754
100.893	14.402
102.621	13.991
103.861	13.833
104.720	13.930
105.545	14.108
106.719	14.171
108.663	13.901
111.463	13.213
114.297	12.445
116.316	12.003
117.600	11.887
118.531	11.936
119.334	12.048
120.090	12.182
120.821	12.327
121.526	12.482
122.197	12.650
122.824	12.837
123.408	13.044
123.964	13.271
124.541	13.504
125.230	13.712
126.180	13.833
127.575	13.788
129.462	13.528
131.534	13.153
133.292	12.863
134.549	12.763
135.467	12.811
136.272	12.924
137.127	13.035
138.135	13.101
139.340	13.100
140.723	13.030
142.187	12.919
143.599	12.814
144.857	12.753
145.923	12.753
146.804	12.814
147.527	12.929
148.121	13.091
148.611	13.294
149.028	13.531
149.402	13.795
149.772	14.073
150.189	14.348
150.730	14.593
151.505	14.762
152.643	14.797
154.198	14.659
155.996	14.398
157.668	14.153
158.970	14.038
159.923	14.061
160.673	14.174
161.353	14.325
162.056	14.478
162.857	14.606
163.839	14.675
165.100	14.652
166.710	14.507
168.633	14.247
170.668	13.937
172.556	13.667
174.149	13.492
175.457	13.412
176.565	13.401
177.563	13.429
178.520	13.476
179.480	13.524
180.473	13.565
181.507	13.594
182.587	13.610
183.725	13.611
184.959	13.590
186.358	13.531
187.991	13.414
189.844	13.235
191.762	13.027
193.492	12.853
194.856	12.762
195.830	12.770
196.501	12.859
196.971	13.006
197.324	13.192
197.614	13.403
197.878	13.629
198.145	13.863
198.452	14.095
198.846	14.314
199.403	14.497
200.225	14.611
201.422	14.621
203.023	14.504
204.877	14.297
206.689	14.085
208.265	13.938
209.671	13.855
211.154	13.780
212.990	13.637
215.290	13.387
217.835	13.064
220.156	12.773
221.912	12.597
223.091	12.551
223.860	12.603
224.394	12.714
224.814	12.858
225.195	13.017
225.586	13.180
226.028	13.338
226.565	13.481
227.249	13.596
228.145	13.667
229.318	13.678
230.794	13.618
232.514	13.496
234.315	13.345
235.993	13.211
237.409	13.129
238.543	13.109
239.448	13.141
240.201	13.210
240.867	13.301
241.490	13.405
242.096	13.515
242.698	13.628
243.304	13.741
243.920	13.853
244.551	13.963
245.203	14.070
245.880	14.172
246.585	14.269
247.316	14.359
248.068	14.444
248.832	14.526
249.601	14.607
250.367	14.688
251.131	14.770
251.901	14.852
252.693	14.931
253.535	14.999
254.476	15.048
255.595	15.058
257.015	15.004
258.884	14.852
261.284	14.581
264.077	14.219
266.883	13.848
269.326	13.552
271.288	13.362
272.862	13.259
274.194	13.209
275.394	13.190
276.518	13.187
277.593	13.193
278.627	13.208
279.625	13.228
280.594	13.255
281.544	13.286
282.492	13.318
283.458	13.348
284.463	13.372
285.521	13.387
286.631	13.393
287.776	13.390
288.921	13.384
290.024	13.384
291.048	13.396
291.969	13.425
292.784	13.472
293.507	13.538
294.159	13.618
294.764	13.709
295.347	13.806
295.926	13.906
296.521	14.005
297.144	14.100
297.806	14.188
298.513	14.268
299.263	14.340
300.048	14.405
300.852	14.464
301.651	14.523
302.420	14.587
303.138	14.660
303.790	14.747
304.371	14.848
304.883	14.965
305.336	15.097
305.742	15.242
306.113	15.397
306.465	15.561
306.817	15.728
307.205	15.893
307.700	16.042
308.467	16.142
309.869	16.124
312.553	15.858
317.052	15.227
322.530	14.380
326.982	13.710
329.651	13.378
331.129	13.281
332.072	13.292
332.828	13.344
333.548	13.406
334.294	13.466
335.096	13.519
335.971	13.562
336.932	13.592
337.995	13.606
339.182	13.603
340.519	13.578
342.028	13.527
343.711	13.450
345.529	13.352
347.397	13.243
349.202	13.141
350.837	13.059
352.240	13.009
353.402	12.994
354.350	13.009
355.127	13.050
355.778	13.111
356.340	13.186
356.841	13.272
357.300	13.365
357.729	13.464
358.137	13.567
358.528	13.674
358.904	13.785
359.267	13.899
359.616	14.017
359.952	14.138
360.274	14.264
360.584	14.393
360.881	14.526
361.166	14.663
361.440	14.804
361.704	14.950
361.961	15.098
362.215	15.251
362.474	15.405
362.752	15.559
363.077	15.709
363.504	15.844
364.140	15.948
365.183	15.985
366.935	15.900
369.689	15.636
373.344	15.202
377.113	14.728
380.092	14.377
382.020	14.205
383.166	14.170
383.869	14.216
384.355	14.303
384.742	14.410
385.089	14.527
385.421	14.648
385.752	14.771
386.089	14.896
386.438	15.020
386.802	15.143
387.186	15.265
387.593	15.384
388.027	15.500
388.490	15.612
388.984	15.720
389.513	15.822
390.083	15.918
390.710	16.005
391.427	16.079
392.307	16.127
393.488	16.127
395.223	16.042
397.877	15.812
401.750	15.392
406.589	14.820
411.392	14.250
415.178	13.832
417.725	13.599
419.324	13.506
420.329	13.501
420.985	13.548
421.437	13.625
421.768	13.721
422.028	13.829
422.245	13.945
422.440	14.067
422.625	14.192
422.810	14.319
423.001	14.447
423.205	14.576
423.427	14.704
423.672	14.831
423.945	14.956
424.251	15.077
424.594	15.195
424.977	15.307
425.407	15.413
425.887	15.513
426.428	15.604
427.042	15.685
427.755	15.751
428.609	15.796
429.668	15.811
431.019	15.781
432.745	15.695
434.878	15.544
437.322	15.341
439.835	15.123
442.131	14.933
444.028	14.799
445.499	14.730
446.626	14.714
447.527	14.734
448.307	14.774
449.049	14.824
449.815	14.872
450.645	14.912
451.563	14.941
452.571	14.957
453.647	14.961
454.752	14.959
455.835	14.959
456.847	14.966
457.756	14.987
458.550	15.024
459.240	15.077
459.853	15.142
460.426	15.216
461.008	15.290
461.659	15.358
462.447	15.409
463.451	15.432
464.744	15.415
466.366	15.351
468.286	15.242
470.379	15.105
472.465	14.965
474.383	14.845
476.057	14.759
477.499	14.706
478.774	14.678
479.952	14.665
481.093	14.659
482.231	14.654
483.375	14.648
484.520	14.642
485.647	14.637
486.736	14.636
487.768	14.642
488.735	14.656
489.639	14.678
490.491	14.707
491.310	14.742
492.121	14.778
492.950	14.813
493.830	14.843
494.794	14.864
495.881	14.871
497.137	14.857
498.613	14.819
500.357	14.749
502.396	14.644
504.702	14.507
507.173	14.349
509.641	14.190
511.922	14.049
513.887	13.943
515.486	13.878
516.741	13.851
517.712	13.857
518.465	13.889
519.059	13.940
519.541	14.004
519.943	14.079
520.289	14.161
520.597	14.249
520.878	14.341
521.140	14.436
521.390	14.534
521.633	14.634
521.872	14.736
522.112	14.839
522.355	14.943
522.604	15.047
522.863	15.152
523.135	15.256
523.421	15.359
523.727	15.461
524.053	15.561
524.404	15.659
524.781	15.755
525.186	15.848
525.619	15.937
526.079	16.024
526.562	16.108
527.066	16.189
527.586	16.268
528.117	16.346
528.654	16.423
529.197	16.500
529.747	16.577
530.307	16.653
530.889	16.726
531.508	16.795
532.191	16.856
532.971	16.904
533.903	16.931
535.053	16.927
536.502	16.882
538.314	16.785
540.494	16.634
542.940	16.444
545.439	16.242
547.767	16.062
549.787	15.925
551.496	15.833
552.979	15.775
554.353	15.735
555.711	15.701
557.108	15.663
558.547	15.619
559.984	15.574
561.353	15.535
562.587	15.510
563.644	15.507
564.512	15.527
565.208	15.569
565.762	15.629
566.214	15.705
566.601	15.790
566.960	15.880
567.331	15.972
567.757	16.059
568.294	16.134
569.015	16.188
570.012	16.210
571.384	16.186
573.206	16.105
575.460	15.968
577.994	15.792
580.547	15.610
582.881	15.452
584.904	15.333
586.704	15.248
588.515	15.173
590.674	15.072
593.575	14.907
597.520	14.645
602.417	14.290
607.589	13.904
612.124	13.573
615.506	13.348
617.779	13.226
619.253	13.180
620.237	13.181
620.948	13.209
621.514	13.252
622.008	13.302
622.470	13.355
622.920	13.411
623.371	13.467
623.828	13.523
624.296	13.578
624.776	13.633
625.271	13.686
625.781	13.739
626.308	13.791
626.853	13.841
627.418	13.890
628.003	13.937
628.610	13.982
629.241	14.026
629.895	14.068
630.572	14.107
631.272	14.145
631.992	14.181
632.727	14.215
633.473	14.248
634.221	14.281
634.967	14.314
635.701	14.348
636.418	14.383
637.114	14.420
637.787	14.460
638.439	14.502
639.076	14.545
639.710	14.590
640.357	14.634
641.044	14.675
641.809	14.710
642.705	14.734
643.799	14.742
645.175	14.724
646.914	14.675
649.066	14.587
651.604	14.464
654.388	14.315
657.190	14.162
659.767	14.026
661.958	13.923
663.720	13.857
665.100	13.826
666.189	13.821
667.084	13.835
667.873	13.860
668.624	13.890
669.395	13.919
670.238	13.944
671.201	13.961
672.334	13.964
673.691	13.951
675.323	13.916
677.270	13.857
679.537	13.772
682.079	13.665
684.783	13.545
687.490	13.422
690.034	13.311
692.286	13.220
694.180	13.156
695.717	13.118
696.939	13.104
697.905	13.110
698.680	13.131
699.324	13.163
699.891	13.201
700.427	13.243
700.982	13.286
701.607	13.324
702.362	13.355
703.322	13.374
704.575	13.373
706.217	13.346
708.331	13.288
710.945	13.195
713.988	13.071
717.272	12.929
720.526	12.786
723.491	12.659
726.001	12.562
728.012	12.497
729.570	12.462
730.766	12.452
731.693	12.460
732.433	12.481
733.047	12.511
733.577	12.547
734.054	12.587
734.497	12.629
734.919	12.674
735.330	12.719
735.735	12.766
736.138	12.812
736.542	12.859
736.951	12.906
737.367	12.953
737.795	13.000
738.238	13.046
738.703	13.090
739.197	13.133
739.729	13.174
740.314	13.212
740.967	13.246
741.708	13.275
742.558	13.297
743.542	13.310
744.685	13.313
746.004	13.304
747.507	13.282
749.184	13.249
751.001	13.206
752.903	13.156
754.817	13.103
756.668	13.054
758.388	13.013
759.934	12.982
761.284	12.964
762.437	12.958
763.409	12.964
764.223	12.981
764.905	13.007
765.479	13.040
765.968	13.079
766.389	13.123
766.757	13.171
767.084	13.223
767.378	13.277
767.647	13.333
767.896	13.391
768.130	13.450
768.353	13.511
768.566	13.573
768.772	13.636
768.974	13.700
769.172	13.764
769.369	13.829
769.565	13.895
769.762	13.962
769.961	14.028
770.165	14.095
770.375	14.162
770.596	14.229
770.833	14.295
771.093	14.360
771.388	14.424
771.736	14.484
772.164	14.539
772.714	14.586
773.445	14.620
774.441	14.636
775.808	14.626
777.665	14.579
780.101	14.490
783.120	14.357
786.569	14.191
790.152	14.011
793.527	13.844
796.443	13.709
798.811	13.613
800.681	13.553
802.166	13.522
803.389	13.511
804.450	13.512
805.420	13.520
806.346	13.532
807.252	13.546
808.150	13.560
809.040	13.575
809.917	13.590
810.772	13.607
811.593	13.625
812.373	13.647
813.103	13.671
813.779	13.699
814.399	13.730
814.964	13.766
815.477	13.805
815.945	13.847
816.373	13.893
816.769	13.941
817.143	13.991
817.503	14.043
817.859	14.095
818.223	14.148
818.608	14.199
819.028	14.249
819.501	14.295
820.049	14.337
820.696	14.373
821.469	14.400
822.398	14.416
823.510	14.420
824.822	14.409
826.337	14.384
828.034	14.345
829.859	14.296
831.740	14.242
833.591	14.189
835.330	14.142
836.899	14.106
838.267	14.084
839.431	14.076
840.405	14.081
841.216	14.098
841.895	14.124
842.472	14.158
842.975	14.198
843.427	14.243
843.853	14.289
844.274	14.337
844.716	14.384
845.203	14.429
845.771	14.469
846.457	14.502
847.310	14.524
848.386	14.531
849.741	14.520
851.424	14.486
853.453	14.428
855.796	14.348
858.360	14.252
860.998	14.149
863.543	14.050
865.857	13.966
867.861	13.902
869.532	13.859
870.894	13.838
871.996	13.833
872.890	13.843
873.621	13.864
874.231	13.894
874.747	13.930
875.195	13.971
875.589	14.016
875.943	14.064
876.268	14.115
876.570	14.167
876.858	14.221
877.136	14.276
877.409	14.332
877.683	14.388
877.962	14.444
878.250	14.500
878.551	14.555
878.870	14.610
879.213	14.663
879.583	14.715
879.990	14.765
880.440	14.812
880.945	14.855
881.519	14.895
882.183	14.928
882.965	14.953
883.904	14.969
885.052	14.970
886.475	14.953
888.255	14.912
890.469	14.842
893.171	14.740
896.353	14.606
899.917	14.447
903.678	14.275
907.408	14.106
910.915	13.951
914.089	13.819
916.908	13.712
919.404	13.625
921.632	13.557
923.648	13.502
925.494	13.458
927.197	13.423
928.783	13.396
930.275	13.374
931.696	13.356
933.075	13.342
934.444	13.328
935.833	13.315
937.274	13.299
938.788	13.279
940.386	13.255
942.065	13.227
943.806	13.196
945.572	13.162
947.317	13.129
948.992	13.099
950.553	13.074
951.967	13.056
953.219	13.047
954.302	13.046
955.225	13.054
956.005	13.070
956.659	13.092
957.210	13.120
957.677	13.153
958.077	13.189
958.425	13.229
958.734	13.272
959.015	13.316
959.275	13.362
959.523	13.408
959.764	13.456
960.005	13.504
960.249	13.552
960.502	13.600
960.770	13.647
961.059	13.694
961.375	13.739
961.730	13.783
962.133	13.825
962.598	13.863
963.145	13.898
963.794	13.926
964.573	13.948
965.515	13.962
966.651	13.964
968.015	13.954
969.632	13.930
971.507	13.891
973.620	13.839
975.920	13.775
978.319	13.705
980.716	13.634
983.008	13.568
985.112	13.511
986.981	13.467
988.597	13.436
989.971	13.419
991.131	13.413
992.109	13.418
992.942	13.431
993.660	13.450
994.292	13.474
994.860	13.502
995.385	13.533
995.881	13.566
996.365	13.599
996.849	13.633
997.346	13.667
997.867	13.699
998.426	13.730
999.033	13.759
999.703	13.785
1000.446	13.806
1001.272	13.824
1002.191	13.836
1003.205	13.843
1004.314	13.845
1005.511	13.842
1006.779	13.835
1008.100	13.824
1009.446	13.812
1010.787	13.799
1012.098	13.788
1013.353	13.779
1014.537	13.774
1015.636	13.773
1016.648	13.777
1017.574	13.785
1018.419	13.798
1019.193	13.816
1019.904	13.836
1020.561	13.860
1021.174	13.886
1021.750	13.915
1022.297	13.945
1022.820	13.977
1023.325	14.010
1023.816	14.044
1024.300	14.078
1024.780	14.113
1025.266	14.148
1025.765	14.183
1026.293	14.216
1026.869	14.247
1027.519	14.275
1028.284	14.297
1029.214	14.310
1030.378	14.312
1031.859	14.297
1033.746	14.261
1036.116	14.199
1038.997	14.110
1042.336	13.996
1045.972	13.865
1049.666	13.729
1053.166	13.603
1056.278	13.496
1058.913	13.413
1061.077	13.356
1062.833	13.319
1064.267	13.300
1065.460	13.293
1066.479	13.295
1067.376	13.305
1068.185	13.318
1068.933	13.335
1069.635	13.355
1070.301	13.376
1070.940	13.399
1071.556	13.423
1072.154	13.448
1072.735	13.474
1073.303	13.501
1073.860	13.528
1074.406	13.556
1074.945	13.585
1075.477	13.613
1076.003	13.643
1076.523	13.672
1077.038	13.702
1077.548	13.733
1078.053	13.763
1078.552	13.794
1079.044	13.826
1079.528	13.858
1080.004	13.890
1080.471	13.923
1080.928	13.957
1081.374	13.991
1081.809	14.026
1082.232	14.062
1082.646	14.098
1083.049	14.135
1083.443	14.173
1083.831	14.211
1084.215	14.250
1084.598	14.289
1084.984	14.328
1085.379	14.367
1085.790	14.405
1086.224	14.442
1086.695	14.478
1087.214	14.511
1087.803	14.541
1088.484	14.566
1089.289	14.585
1090.255	14.596
1091.427	14.596
1092.855	14.582
1094.581	14.553
1096.637	14.506
1099.015	14.441
1101.669	14.361
1104.490	14.272
1107.341	14.179
1110.068	14.092
1112.545	14.018
1114.698	13.959
1116.502	13.919
1117.976	13.896
1119.163	13.888
1120.115	13.892
1120.883	13.907
1121.512	13.929
1122.037	13.957
1122.487	13.989
1122.884	14.024
1123.245	14.061
1123.583	14.100
1123.908	14.139
1124.226	14.180
1124.545	14.220
1124.871	14.261
1125.207	14.301
1125.560	14.341
1125.932	14.380
1126.329	14.417
1126.758	14.454
1127.223	14.488
1127.734	14.521
1128.299	14.551
1128.930	14.577
1129.640	14.600
1130.444	14.617
1131.358	14.629
1132.400	14.635
1133.587	14.632
1134.924	14.622
1136.417	14.603
1138.050	14.577
1139.798	14.544
1141.614	14.506
1143.445	14.468
1145.229	14.431
1146.911	14.398
1148.447	14.373
1149.812	14.357
1150.995	14.350
1152.002	14.352
1152.847	14.363
1153.552	14.381
1154.137	14.406
1154.627	14.436
1155.040	14.471
1155.395	14.509
1155.705	14.550
1155.984	14.593
1156.241	14.637
1156.484	14.682
1156.722	14.729
1156.960	14.775
1157.202	14.821
1157.454	14.868
1157.720	14.913
1158.004	14.958
1158.311	15.003
1158.644	15.045
1159.009	15.087
1159.409	15.126
1159.853	15.164
1160.345	15.199
1160.896	15.230
1161.518	15.258
1162.228	15.282
1163.049	15.299
1164.016	15.309
1165.183	15.308
1166.625	15.293
1168.448	15.259
1170.786	15.198
1173.792	15.103
1177.581	14.968
1182.159	14.793
1187.331	14.588
1192.704	14.372
1197.792	14.170
1202.212	14.001
1205.785	13.874
1208.534	13.788
1210.587	13.737
1212.107	13.712
1213.238	13.707
1214.096	13.715
1214.762	13.732
1215.296	13.757
1215.738	13.786
1216.116	13.818
1216.448	13.853
1216.748	13.889
1217.026	13.927
1217.288	13.966
1217.538	14.005
1217.781	14.046
1218.018	14.086
1218.251	14.127
1218.484	14.168
1218.715	14.210
1218.947	14.252
1219.180	14.294
1219.416	14.336
1219.654	14.378
1219.897	14.420
1220.143	14.462
1220.396	14.504
1220.654	14.546
1220.920	14.587
1221.193	14.629
1221.474	14.670
1221.764	14.711
1222.064	14.752
1222.374	14.792
1222.694	14.833
1223.027	14.872
1223.371	14.911
1223.728	14.950
1224.098	14.988
1224.484	15.026
1224.887	15.063
1225.312	15.098
1225.763	15.133
1226.251	15.166
1226.787	15.197
1227.390	15.224
1228.089	15.247
1228.921	15.263
1229.940	15.271
1231.214	15.265
1232.821	15.243
1234.843	15.200
1237.343	15.133
1240.324	15.040
1243.708	14.927
1247.314	14.801
1250.901	14.675
1254.227	14.561
1257.121	14.467
1259.514	14.398
1261.422	14.354
1262.917	14.330
1264.083	14.323
1265.006	14.328
1265.755	14.342
1266.386	14.363
1266.937	14.388
1267.438	14.416
1267.909	14.445
1268.366	14.476
1268.818	14.506
1269.277	14.537
1269.748	14.567
1270.241	14.597
1270.767	14.625
1271.339	14.652
1271.975	14.675
1272.702	14.695
1273.557	14.709
1274.588	14.715
1275.859	14.711
1277.448	14.692
1279.437	14.656
1281.900	14.598
1284.868	14.517
1288.301	14.414
1292.059	14.296
1295.922	14.172
1299.633	14.054
1302.978	13.951
1305.829	13.870
1308.156	13.811
1310.002	13.775
1311.448	13.756
1312.579	13.752
1313.476	13.758
1314.204	13.772
1314.811	13.792
1315.334	13.815
1315.799	13.842
1316.227	13.870
1316.630	13.900
1317.020	13.930
1317.409	13.961
1317.805	13.991
1318.221	14.021
1318.670	14.050
1319.168	14.077
1319.737	14.102
1320.403	14.123
1321.201	14.138
1322.169	14.147
1323.354	14.147
1324.804	14.136
1326.563	14.113
1328.660	14.075
1331.096	14.023
1333.831	13.958
1336.778	13.884
1339.812	13.805
1342.793	13.728
1345.592	13.658
1348.115	13.598
1350.314	13.551
1352.187	13.518
1353.757	13.496
1355.068	13.486
1356.166	13.484
1357.097	13.490
1357.898	13.500
1358.601	13.515
1359.229	13.534
1359.803	13.554
1360.337	13.576
1360.839	13.600
1361.320	13.625
1361.784	13.650
1362.238	13.676
1362.684	13.703
1363.126	13.729
1363.566	13.756
1364.008	13.783
1364.453	13.810
1364.903	13.837
1365.359	13.863
1365.825	13.890
1366.301	13.916
1366.788	13.941
1367.288	13.966
1367.804	13.991
1368.336	14.015
1368.888	14.038
1369.463	14.061
1370.066	14.082
1370.704	14.102
1371.386	14.121
1372.129	14.137
1372.954	14.150
1373.894	14.159
1374.997	14.162
1376.332	14.156
1377.992	14.138
1380.104	14.104
1382.816	14.047
1386.284	13.962
1390.609	13.846
1395.785	13.698
1401.597	13.526
1407.658	13.345
1413.479	13.172
1418.656	13.022
1422.962	12.903
1426.365	12.817
1428.969	12.760
1430.924	12.727
1432.388	12.711
1433.490	12.709
1434.333	12.716
1434.989	12.729
1435.512	12.748
1435.940	12.770
1436.298	12.795
1436.606	12.821
1436.877	12.849
1437.120	12.878
1437.344	12.908
1437.554	12.939
1437.752	12.970
1437.943	13.002
1438.129	13.034
1438.311	13.066
1438.492	13.098
1438.671	13.131
1438.851	13.164
1439.032	13.197
1439.215	13.229
1439.399	13.262
1439.587	13.296
1439.777	13.329
1439.971	13.362
1440.169	13.395
1440.372	13.428
1440.579	13.461
1440.792	13.494
1441.009	13.527
1441.233	13.559
1441.462	13.592
1441.698	13.625
1441.941	13.657
1442.190	13.690
1442.446	13.722
1442.709	13.754
1442.979	13.786
1443.257	13.818
1443.542	13.850
1443.833	13.881
1444.133	13.912
1444.437	13.944
1444.750	13.975
1445.068	14.006
1445.392	14.036
1445.722	14.067
1446.056	14.098
1446.395	14.128
1446.737	14.159
1447.083	14.189
1447.433	14.219
1447.784	14.250
1448.137	14.280
1448.493	14.310
1448.849	14.341
1449.207	14.371
1449.567	14.402
1449.928	14.432
1450.291	14.463
1450.656	14.493
1451.025	14.524
1451.397	14.554
1451.773	14.585
1452.155	14.615
1452.543	14.645
1452.939	14.675
1453.342	14.705
1453.756	14.734
1454.178	14.763
1454.612	14.792
1455.057	14.820
1455.513	14.848
1455.981	14.876
1456.459	14.903
1456.948	14.929
1457.446	14.955
1457.951	14.981
1458.462	15.007
1458.976	15.033
1459.491	15.058
1460.005	15.084
1460.515	15.110
1461.019	15.136
1461.514	15.163
1461.998	15.190
1462.469	15.218
1462.927	15.246
1463.370	15.275
1463.797	15.306
1464.208	15.336
1464.605	15.368
1464.987	15.400
1465.357	15.433
1465.716	15.467
1466.067	15.501
1466.412	15.536
1466.756	15.571
1467.104	15.606
1467.461	15.641
1467.834	15.675
1468.232	15.708
1468.667	15.740
1469.150	15.769
1469.701	15.796
1470.336	15.819
1471.080	15.837
1471.958	15.848
1472.995	15.853
1474.217	15.848
1475.637	15.835
1477.261	15.811
1479.072	15.778
1481.031	15.737
1483.080	15.692
1485.141	15.645
1487.137	15.601
1488.999	15.562
1490.677	15.532
1492.145	15.511
1493.401	15.501
1494.458	15.499
1495.341	15.506
1496.079	15.521
1496.703	15.541
1497.242	15.565
1497.726	15.592
1498.181	15.621
1498.637	15.650
1499.126	15.679
1499.692	15.704
1500.390	15.725
1501.303	15.736
1502.551	15.734
1504.299	15.710
1506.764	15.657
1510.183	15.563
1514.727	15.421
1520.374	15.233
1526.769	15.011
1533.255	14.784
1539.147	14.581
1543.987	14.421
1547.666	14.309
1550.324	14.239
1552.195	14.203
1553.507	14.189
1554.438	14.192
1555.119	14.206
1555.634	14.226
1556.042	14.251
1556.380	14.279
1556.671	14.310
1556.932	14.341
1557.174	14.374
1557.405	14.407
1557.631	14.441
1557.855	14.474
1558.081	14.508
1558.315	14.542
1558.555	14.576
1558.807	14.609
1559.073	14.642
1559.355	14.675
1559.656	14.707
1559.977	14.738
1560.324	14.768
1560.699	14.798
1561.104	14.826
1561.546	14.853
1562.029	14.878
1562.559	14.902
1563.144	14.923
1563.794	14.942
1564.522	14.958
1565.344	14.970
1566.282	14.978
1567.360	14.981
1568.611	14.977
1570.071	14.964
1571.777	14.943
1573.762	14.910
1576.049	14.866
1578.637	14.809
1581.493	14.743
1584.547	14.668
1587.696	14.589
1590.821	14.511
1593.808	14.437
1596.567	14.372
1599.047	14.318
1601.238	14.275
1603.159	14.242
1604.852	14.219
1606.365	14.202
1607.753	14.191
1609.065	14.183
1610.344	14.177
1611.625	14.171
1612.934	14.164
1614.292	14.155
1615.708	14.145
1617.183	14.133
1618.713	14.118
1620.280	14.102
1621.871	14.086
1623.462	14.069
1625.033	14.052
1626.567	14.037
1628.046	14.023
1629.461	14.012
1630.810	14.003
1632.091	13.996
1633.310	13.992
1634.473	13.989
1635.592	13.989
1636.673	13.989
1637.728	13.991
1638.762	13.993
1639.784	13.996
1640.796	14.000
1641.799	14.003
1642.794	14.007
1643.780	14.011
1644.750	14.016
1645.703	14.021
1646.633	14.027
1647.536	14.033
1648.407	14.041
1649.243	14.050
1650.043	14.060
1650.805	14.072
1651.530	14.085
1652.219	14.099
1652.875	14.114
1653.503	14.130
1654.109	14.148
1654.697	14.166
1655.275	14.184
1655.852	14.202
1656.434	14.221
1657.034	14.239
1657.661	14.256
1658.327	14.272
1659.045	14.286
1659.827	14.299
1660.687	14.308
1661.639	14.315
1662.694	14.318
1663.860	14.317
1665.144	14.312
1666.544	14.303
1668.054	14.289
1669.658	14.273
1671.334	14.254
1673.052	14.232
1674.779	14.211
1676.483	14.190
1678.132	14.170
1679.701	14.153
1681.171	14.140
1682.535	14.130
1683.789	14.124
1684.939	14.121
1685.998	14.122
1686.976	14.125
1687.892	14.131
1688.763	14.139
1689.606	14.148
1690.438	14.157
1691.275	14.166
1692.131	14.175
1693.021	14.183
1693.955	14.190
1694.943	14.194
1695.991	14.197
1697.102	14.197
1698.278	14.196
1699.513	14.192
1700.799	14.186
1702.127	14.179
1703.479	14.171
1704.843	14.162
1706.197	14.154
1707.527	14.146
1708.814	14.139
1710.047	14.135
1711.215	14.132
1712.311	14.131
1713.331	14.133
1714.274	14.138
1715.142	14.145
1715.939	14.155
1716.669	14.167
1717.338	14.181
1717.951	14.197
1718.516	14.215
1719.036	14.234
1719.519	14.255
1719.970	14.277
1720.393	14.300
1720.792	14.324
1721.172	14.348
1721.536	14.373
1721.889	14.399
1722.232	14.425
1722.570	14.452
1722.904	14.479
1723.238	14.506
1723.576	14.532
1723.918	14.559
1724.269	14.586
1724.633	14.612
1725.011	14.638
1725.408	14.663
1725.828	14.688
1726.276	14.711
1726.756	14.734
1727.274	14.755
1727.837	14.775
1728.451	14.793
1729.124	14.809
1729.863	14.823
1730.677	14.834
1731.572	14.842
1732.555	14.847
1733.629	14.849
1734.797	14.847
1736.058	14.842
1737.401	14.834
1738.817	14.823
1740.289	14.810
1741.795	14.796
1743.311	14.780
1744.816	14.765
1746.281	14.752
1747.690	14.740
1749.028	14.730
1750.285	14.724
1751.460	14.720
1752.556	14.719
1753.581	14.721
1754.553	14.725
1755.491	14.730
1756.419	14.736
1757.368	14.742
1758.376	14.746
1759.488	14.747
1760.759	14.743
1762.254	14.732
1764.051	14.711
1766.231	14.677
1768.878	14.629
1772.056	14.563
1775.784	14.479
1780.027	14.379
1784.660	14.266
1789.492	14.146
1794.295	14.027
1798.849	13.917
1802.994	13.819
1806.644	13.737
1809.779	13.672
1812.430	13.622
1814.654	13.586
1816.514	13.561
1818.073	13.546
1819.381	13.538
1820.485	13.537
1821.421	13.540
1822.217	13.548
1822.897	13.560
1823.482	13.575
1823.985	13.592
1824.422	13.611
1824.801	13.632
1825.132	13.655
1825.424	13.679
1825.683	13.704
1825.912	13.730
1826.119	13.756
1826.306	13.784
1826.476	13.812
1826.632	13.841
1826.776	13.870
1826.911	13.899
1827.038	13.929
1827.159	13.960
1827.275	13.990
1827.385	14.021
1827.493	14.052
1827.597	14.083
1827.700	14.115
1827.802	14.146
1827.902	14.178
1828.002	14.210
1828.102	14.242
1828.203	14.274
1828.304	14.306
1828.407	14.338
1828.511	14.371
1828.618	14.403
1828.726	14.436
1828.837	14.468
1828.952	14.501
1829.069	14.533
1829.191	14.566
1829.317	14.598
1829.449	14.631
1829.585	14.663
1829.728	14.696
1829.878	14.728
1830.036	14.760
1830.202	14.792
1830.379	14.824
1830.566	14.855
1830.766	14.886
1830.980	14.917
1831.212	14.947
1831.462	14.977
1831.734	15.006
1832.033	15.034
1832.363	15.062
1832.730	15.088
1833.141	15.113
1833.608	15.136
1834.142	15.156
1834.760	15.174
1835.484	15.189
1836.344	15.199
1837.376	15.203
1838.630	15.199
1840.168	15.187
1842.061	15.162
1844.394	15.123
1847.248	15.066
1850.683	14.991
1854.712	14.895
1859.275	14.782
1864.215	14.657
1869.301	14.527
1874.274	14.401
1878.897	14.286
1883.011	14.187
1886.548	14.108
1889.515	14.046
1891.965	14.002
1893.974	13.971
1895.622	13.952
1896.976	13.942
1898.100	13.940
1899.039	13.943
1899.830	13.951
1900.503	13.963
1901.078	13.978
1901.574	13.996
1902.007	14.015
1902.384	14.037
1902.716	14.059
1903.012	14.083
1903.277	14.108
1903.516	14.134
1903.734	14.161
1903.937	14.188
1904.129	14.216
1904.312	14.244
1904.493	14.272
1904.675	14.301
1904.861	14.329
1905.059	14.358
1905.272	14.385
1905.509	14.413
1905.777	14.439
1906.086	14.465
1906.447	14.489
1906.876	14.511
1907.390	14.530
1908.011	14.547
1908.768	14.559
1909.693	14.567
1910.826	14.568
1912.214	14.561
1913.911	14.546
1915.970	14.519
1918.444	14.480
1921.374	14.428
1924.773	14.362
1928.617	14.282
1932.833	14.191
1937.295	14.094
1941.847	13.993
1946.313	13.896
1950.539	13.805
1954.412	13.724
1957.855	13.656
1960.856	13.601
1963.428	13.558
1965.604	13.526
1967.438	13.504
1968.980	13.491
1970.278	13.484
1971.378	13.483
1972.315	13.487
1973.124	13.494
1973.829	13.504
1974.453	13.516
1975.013	13.531
1975.524	13.547
1975.996	13.564
1976.439	13.581
1976.861	13.600
1977.266	13.619
1977.660	13.638
1978.046	13.658
1978.426	13.678
1978.804	13.698
1979.179	13.718
1979.553	13.739
1979.928	13.759
1980.302	13.779
1980.677	13.800
1981.052	13.820
1981.426	13.841
1981.800	13.861
1982.171	13.882
1982.541	13.903
1982.907	13.924
1983.271	13.945
1983.628	13.966
1983.980	13.987
1984.326	14.009
1984.667	14.031
1984.997	14.053
1985.320	14.075
1985.636	14.098
1985.941	14.121
1986.237	14.144
1986.525	14.168
1986.802	14.192
1987.070	14.216
1987.329	14.241
1987.577	14.266
1987.817	14.292
1988.049	14.317
1988.271	14.343
1988.486	14.370
1988.692	14.396
1988.891	14.423
1989.084	14.451
1989.270	14.478
1989.449	14.506
1989.623	14.534
1989.792	14.563
1989.956	14.591
1990.114	14.620
1990.271	14.649
1990.422	14.679
1990.569	14.708
1990.714	14.738
1990.856	14.768
1990.995	14.798
1991.132	14.828
1991.265	14.859
1991.398	14.890
1991.527	14.920
1991.655	14.951
1991.782	14.983
1991.906	15.014
1992.029	15.045
1992.149	15.077
1992.269	15.109
1992.386	15.141
1992.502	15.173
1992.616	15.205
1992.729	15.238
1992.840	15.271
1992.949	15.304
1993.056	15.337
1993.161	15.370
1993.265	15.403
1993.366	15.437
1993.466	15.471
1993.563	15.505
1993.659	15.539
1993.752	15.573
1993.843	15.608
1993.932	15.643
1994.018	15.678
1994.102	15.713
1994.185	15.748
1994.265	15.784
1994.342	15.820
1994.418	15.856
1994.491	15.892
1994.561	15.929
1994.630	15.965
1994.697	16.002
1994.761	16.039
1994.823	16.077
1994.883	16.115
1994.941	16.152
1994.997	16.190
1995.051	16.229
1995.103	16.267
1995.153	16.306
1995.201	16.345
1995.248	16.384
1995.293	16.424
1995.336	16.463
1995.377	16.503
1995.417	16.543
1995.456	16.584
1995.493	16.624
1995.529	16.665
1995.563	16.706
1995.596	16.747
1995.628	16.789
1995.659	16.830
1995.688	16.872
1995.716	16.914
1995.744	16.957
1995.771	16.999
1995.796	17.042
1995.821	17.085
1995.844	17.128
1995.868	17.171
1995.890	17.215
1995.911	17.259
1995.932	17.303
1995.952	17.347
1995.972	17.391
1995.991	17.436
1996.009	17.481
1996.027	17.526
1996.044	17.571
1996.061	17.617
1996.077	17.663
1996.093	17.709
1996.109	17.755
1996.124	17.801
1996.138	17.848
1996.153	17.895
1996.167	17.942
1996.180	17.989
1996.193	18.037
1996.207	18.084
1996.219	18.132
1996.232	18.180
1996.244	18.229
1996.256	18.277
1996.268	18.326
1996.279	18.375
1996.290	18.424
1996.302	18.474
1996.312	18.524
1996.323	18.574
1996.334	18.624
1996.344	18.674
1996.354	18.725
1996.364	18.776
1996.374	18.827
1996.384	18.878
1996.393	18.930
1996.402	18.981
1996.412	19.033
1996.421	19.086
1996.430	19.138
1996.438	19.191
1996.447	19.244
1996.456	19.297
1996.464	19.351
1996.473	19.404
1996.481	19.458
1996.489	19.512
1996.497	19.567
1996.505	19.622
1996.512	19.676
1996.520	19.732
1996.528	19.787
1996.535	19.843
1996.543	19.899
1996.550	19.955
1996.557	20.011
1996.564	20.068
1996.571	20.125
1996.578	20.182
1996.585	20.240
1996.592	20.298
1996.598	20.356
1996.605	20.414
1996.611	20.472
1996.617	20.531
1996.624	20.590
1996.630	20.650
1996.636	20.709
1996.642	20.769
1996.648	20.829
1996.654	20.890
1996.660	20.950
1996.665	21.011
1996.671	21.073
1996.677	21.134
1996.682	21.196
1996.687	21.258
1996.693	21.321
1996.698	21.383
1996.703	21.446
1996.708	21.509
1996.714	21.573
1996.718	21.637
1996.723	21.701
1996.728	21.765
1996.733	21.830
1996.738	21.895
1996.742	21.960
1996.747	22.026
1996.751	22.092
1996.756	22.158
1996.760	22.225
1996.765	22.292
1996.769	22.359
1996.773	22.426
1996.777	22.494
1996.781	22.562
1996.785	22.630
1996.789	22.699
1996.793	22.768
1996.797	22.837
1996.801	22.907
1996.804	22.977
1996.808	23.047
1996.812	23.118
1996.815	23.189
1996.819	23.260
1996.822	23.331
1996.825	23.403
1996.829	23.476
1996.832	23.548
1996.835	23.621
1996.838	23.694
1996.842	23.768
1996.844	23.842
1996.848	23.916
