<j>	<F>
1.246	20.230
3.002	11.614
4.179	10.899
5.196	11.156
6.054	12.657
7.215	14.244
8.585	11.436
9.532	12.759
11.137	12.035
12.467	10.583
13.346	11.228
14.237	12.121
15.522	12.358
17.083	11.206
18.031	11.225
18.729	12.104
19.440	13.182
20.367	13.904
21.486	13.900
22.550	13.992
23.598	14.074
24.543	14.400
25.496	14.789
26.692	14.889
28.339	13.899
29.759	13.131
30.782	13.117
31.548	13.591
32.242	14.305
32.951	15.017
33.668	15.788
34.659	16.272
36.382	15.425
38.246	13.966
39.354	13.671
40.058	14.153
40.693	14.825
41.311	15.561
41.954	16.348
42.828	16.894
44.396	16.488
47.021	14.592
49.278	12.927
50.306	12.732
50.847	13.227
51.368	13.878
52.136	14.383
53.392	14.399
54.975	13.902
56.180	13.619
56.831	13.932
57.242	14.605
57.644	15.395
58.184	16.123
59.043	16.540
60.413	16.340
62.128	15.617
63.566	15.095
64.501	15.129
65.151	15.527
65.716	16.077
66.315	16.641
67.037	17.098
67.946	17.346
69.090	17.324
70.581	16.948
72.480	16.152
74.343	15.315
75.630	14.992
76.493	15.141
77.473	15.351
79.355	15.035
82.678	13.725
85.950	12.324
87.839	11.757
88.864	11.722
89.525	11.900
90.007	12.186
90.395	12.540
90.742	12.941
91.088	13.369
91.469	13.806
91.919	14.227
92.476	14.602
93.164	14.901
93.977	15.113
94.877	15.255
95.812	15.364
96.766	15.461
97.775	15.532
98.919	15.526
100.275	15.387
101.845	15.110
103.539	14.755
105.236	14.403
106.832	14.111
108.221	13.924
109.327	13.877
110.148	13.980
110.755	14.210
111.248	14.524
111.742	14.869
112.371	15.171
113.303	15.331
114.711	15.234
116.582	14.858
118.546	14.389
120.167	14.072
121.324	13.985
122.117	14.086
122.670	14.318
123.085	14.638
123.439	15.012
123.804	15.407
124.257	15.780
124.911	16.069
125.927	16.174
127.442	16.000
129.326	15.585
131.114	15.176
132.486	14.978
133.537	14.971
134.555	15.027
135.900	14.984
138.002	14.662
141.060	13.964
144.396	13.129
146.953	12.555
148.521	12.336
149.469	12.347
150.136	12.469
150.717	12.634
151.315	12.805
151.990	12.960
152.768	13.084
153.647	13.174
154.591	13.237
155.543	13.290
156.447	13.354
157.284	13.440
158.082	13.546
158.909	13.651
159.864	13.726
161.045	13.734
162.496	13.652
164.133	13.496
165.741	13.329
167.100	13.224
168.120	13.221
168.843	13.314
169.359	13.481
169.750	13.699
170.076	13.948
170.380	14.216
170.692	14.492
171.039	14.767
171.447	15.030
171.947	15.268
172.587	15.462
173.465	15.580
174.788	15.554
176.933	15.266
180.220	14.614
184.168	13.743
187.537	13.035
189.773	12.668
191.169	12.552
192.106	12.572
192.798	12.662
193.351	12.793
193.817	12.950
194.232	13.126
194.621	13.315
195.003	13.510
195.390	13.710
195.788	13.911
196.201	14.113
196.628	14.314
197.074	14.515
197.552	14.712
198.096	14.896
198.783	15.046
199.758	15.122
201.234	15.056
203.389	14.790
206.070	14.352
208.703	13.904
210.798	13.601
212.340	13.459
213.572	13.418
214.717	13.412
215.892	13.404
217.124	13.382
218.371	13.351
219.557	13.328
220.618	13.331
221.525	13.368
222.295	13.441
222.978	13.539
223.648	13.648
224.406	13.746
225.384	13.803
226.751	13.781
228.651	13.641
231.055	13.382
233.631	13.067
235.903	12.801
237.598	12.649
238.750	12.614
239.533	12.662
240.109	12.760
240.586	12.885
241.033	13.021
241.490	13.160
241.989	13.294
242.555	13.417
243.215	13.524
243.992	13.607
244.904	13.662
245.955	13.686
247.132	13.681
248.398	13.654
249.704	13.615
251.005	13.575
252.275	13.541
253.513	13.514
254.734	13.493
255.964	13.472
257.225	13.447
258.530	13.414
259.878	13.372
261.247	13.324
262.596	13.278
263.871	13.242
265.018	13.228
266.001	13.243
266.810	13.292
267.460	13.372
267.979	13.481
268.400	13.613
268.757	13.761
269.077	13.922
269.388	14.089
269.711	14.258
270.070	14.424
270.491	14.581
271.005	14.722
271.660	14.835
272.519	14.907
273.673	14.918
275.219	14.844
277.210	14.673
279.545	14.421
281.943	14.146
284.081	13.918
285.806	13.774
287.167	13.710
288.324	13.695
289.435	13.697
290.618	13.692
291.926	13.665
293.353	13.614
294.840	13.550
296.313	13.484
297.720	13.430
299.043	13.390
300.296	13.365
301.495	13.349
302.647	13.341
303.734	13.343
304.731	13.358
305.613	13.391
306.368	13.445
307.000	13.521
307.527	13.618
307.974	13.730
308.367	13.856
308.731	13.989
309.086	14.128
309.451	14.268
309.841	14.405
310.268	14.538
310.739	14.665
311.258	14.783
311.822	14.893
312.422	14.996
313.042	15.094
313.662	15.191
314.264	15.293
314.829	15.401
315.349	15.521
315.820	15.652
316.249	15.796
316.644	15.949
317.021	16.110
317.398	16.275
317.796	16.439
318.245	16.594
318.790	16.732
319.501	16.834
320.491	16.876
321.919	16.819
323.953	16.624
326.609	16.284
329.592	15.864
332.412	15.477
334.771	15.194
336.710	15.012
338.440	14.886
340.167	14.774
342.010	14.647
343.979	14.498
345.979	14.342
347.867	14.201
349.531	14.096
350.934	14.035
352.115	14.014
353.157	14.020
354.162	14.038
355.238	14.050
356.498	14.038
358.044	13.987
359.936	13.884
362.138	13.732
364.482	13.554
366.718	13.385
368.632	13.257
370.132	13.187
371.245	13.172
372.055	13.203
372.651	13.266
373.109	13.351
373.483	13.452
373.810	13.561
374.118	13.676
374.430	13.793
374.770	13.909
375.168	14.019
375.664	14.118
376.317	14.197
377.208	14.244
378.439	14.244
380.108	14.182
382.247	14.050
384.747	13.860
387.350	13.650
389.753	13.462
391.775	13.325
393.402	13.245
394.733	13.208
395.892	13.199
396.984	13.202
398.075	13.208
399.193	13.210
400.330	13.209
401.457	13.208
402.531	13.211
403.513	13.224
404.376	13.251
405.113	13.294
405.728	13.353
406.241	13.426
406.671	13.511
407.042	13.606
407.374	13.708
407.687	13.815
407.999	13.924
408.326	14.032
408.686	14.139
409.101	14.239
409.598	14.331
410.209	14.408
410.980	14.465
411.961	14.493
413.205	14.485
414.746	14.435
416.574	14.344
418.606	14.221
420.702	14.085
422.705	13.959
424.511	13.859
426.099	13.789
427.525	13.745
428.900	13.713
430.363	13.677
432.059	13.618
434.107	13.521
436.544	13.380
439.270	13.204
442.046	13.017
444.600	12.851
446.747	12.728
448.448	12.654
449.766	12.623
450.804	12.625
451.655	12.648
452.384	12.686
453.036	12.734
453.631	12.787
454.180	12.847
454.687	12.911
455.151	12.980
455.573	13.054
455.951	13.133
456.289	13.218
456.588	13.308
456.852	13.403
457.085	13.502
457.294	13.607
457.482	13.715
457.655	13.826
457.820	13.941
457.984	14.057
458.153	14.175
458.341	14.293
458.561	14.408
458.838	14.519
459.211	14.621
459.741	14.705
460.530	14.761
461.737	14.767
463.589	14.698
466.335	14.523
470.089	14.229
474.601	13.844
479.230	13.446
483.314	13.110
486.544	12.870
488.963	12.722
490.747	12.643
492.073	12.612
493.071	12.616
493.835	12.644
494.432	12.689
494.910	12.748
495.308	12.815
495.654	12.889
495.972	12.968
496.284	13.048
496.609	13.128
496.969	13.207
497.390	13.281
497.902	13.347
498.540	13.403
499.347	13.442
500.363	13.461
501.622	13.456
503.132	13.425
504.867	13.369
506.755	13.296
508.700	13.215
510.605	13.137
512.413	13.068
514.123	13.011
515.785	12.961
517.488	12.911
519.330	12.853
521.398	12.777
523.733	12.680
526.307	12.563
529.017	12.433
531.707	12.303
534.218	12.186
536.442	12.092
538.333	12.025
539.906	11.984
541.203	11.966
542.276	11.967
543.172	11.982
543.930	12.008
544.580	12.044
545.146	12.086
545.643	12.135
546.084	12.188
546.481	12.246
546.841	12.307
547.173	12.372
547.483	12.438
547.776	12.507
548.059	12.578
548.337	12.649
548.615	12.722
548.900	12.795
549.199	12.867
549.518	12.939
549.870	13.008
550.263	13.075
550.711	13.138
551.229	13.196
551.834	13.246
552.542	13.288
553.367	13.319
554.321	13.339
555.402	13.347
556.600	13.344
557.891	13.331
559.240	13.312
560.607	13.290
561.959	13.268
563.274	13.250
564.548	13.236
565.795	13.225
567.043	13.214
568.328	13.202
569.684	13.185
571.137	13.160
572.695	13.126
574.344	13.084
576.045	13.036
577.745	12.987
579.382	12.942
580.909	12.906
582.292	12.881
583.521	12.869
584.604	12.869
585.558	12.880
586.407	12.900
587.175	12.928
587.882	12.961
588.547	12.999
589.184	13.039
589.806	13.081
590.421	13.124
591.038	13.167
591.664	13.209
592.305	13.251
592.967	13.291
593.655	13.329
594.370	13.365
595.116	13.399
595.893	13.430
596.696	13.458
597.521	13.484
598.361	13.509
599.205	13.533
600.046	13.557
600.874	13.582
601.688	13.609
602.490	13.637
603.290	13.665
604.112	13.692
604.997	13.716
606.002	13.730
607.214	13.729
608.738	13.704
610.690	13.645
613.155	13.545
616.125	13.402
619.441	13.229
622.810	13.048
625.910	12.885
628.521	12.760
630.583	12.677
632.157	12.634
633.357	12.621
634.295	12.630
635.062	12.654
635.724	12.686
636.322	12.724
636.885	12.765
637.427	12.809
637.958	12.853
638.483	12.898
639.003	12.944
639.519	12.990
640.030	13.037
640.534	13.085
641.030	13.133
641.516	13.183
641.990	13.233
642.452	13.285
642.899	13.338
643.332	13.393
643.749	13.449
644.151	13.507
644.539	13.566
644.914	13.627
645.279	13.689
645.638	13.753
645.996	13.817
646.363	13.881
646.748	13.944
647.170	14.005
647.649	14.062
648.218	14.113
648.915	14.153
649.791	14.180
650.904	14.187
652.309	14.169
654.039	14.124
656.084	14.051
658.364	13.956
660.740	13.850
663.045	13.748
665.140	13.662
666.952	13.598
668.482	13.558
669.785	13.539
670.943	13.533
672.049	13.534
673.198	13.534
674.484	13.526
675.999	13.503
677.823	13.458
680.008	13.387
682.548	13.290
685.365	13.172
688.311	13.043
691.207	12.917
693.899	12.804
696.301	12.712
698.402	12.641
700.243	12.590
701.890	12.554
703.408	12.527
704.850	12.507
706.248	12.490
707.617	12.475
708.954	12.462
710.245	12.452
711.471	12.445
712.611	12.443
713.648	12.447
714.575	12.458
715.387	12.476
716.088	12.501
716.688	12.533
717.197	12.570
717.629	12.614
717.997	12.661
718.313	12.713
718.588	12.768
718.832	12.826
719.054	12.886
719.261	12.947
719.460	13.010
719.657	13.073
719.857	13.137
720.068	13.200
720.297	13.264
720.551	13.326
720.842	13.386
721.185	13.443
721.597	13.497
722.103	13.544
722.735	13.583
723.534	13.611
724.546	13.625
725.823	13.621
727.413	13.595
729.344	13.544
731.605	13.470
734.138	13.377
736.831	13.271
739.548	13.162
742.161	13.060
744.582	12.970
746.775	12.897
748.746	12.839
750.523	12.795
752.144	12.762
753.642	12.737
755.043	12.719
756.366	12.706
757.622	12.697
758.820	12.692
759.969	12.691
761.077	12.692
762.153	12.695
763.207	12.700
764.249	12.705
765.290	12.711
766.340	12.717
767.406	12.722
768.495	12.725
769.611	12.727
770.755	12.728
771.925	12.726
773.116	12.723
774.319	12.720
775.525	12.715
776.723	12.712
777.900	12.709
779.045	12.708
780.149	12.709
781.203	12.712
782.204	12.719
783.150	12.729
784.041	12.743
784.878	12.760
785.668	12.779
786.415	12.802
787.125	12.826
787.805	12.853
788.461	12.881
789.099	12.911
789.724	12.942
790.341	12.973
790.953	13.005
791.564	13.037
792.176	13.069
792.789	13.101
793.405	13.133
794.024	13.164
794.645	13.196
795.267	13.228
795.889	13.260
796.510	13.292
797.130	13.324
797.750	13.356
798.371	13.389
798.996	13.421
799.629	13.453
800.278	13.484
800.952	13.514
801.665	13.542
802.434	13.566
803.285	13.586
804.251	13.599
805.373	13.603
806.705	13.594
808.307	13.569
810.240	13.524
812.549	13.457
815.237	13.366
818.242	13.255
821.429	13.132
824.605	13.008
827.578	12.895
830.199	12.802
832.398	12.733
834.176	12.690
835.578	12.668
836.674	12.665
837.531	12.676
838.209	12.698
838.758	12.729
839.215	12.765
839.609	12.805
839.961	12.849
840.288	12.894
840.602	12.941
840.916	12.988
841.238	13.035
841.578	13.081
841.948	13.126
842.357	13.169
842.819	13.210
843.349	13.247
843.962	13.280
844.679	13.307
845.517	13.327
846.495	13.339
847.629	13.342
848.924	13.335
850.376	13.318
851.963	13.293
853.651	13.261
855.389	13.226
857.121	13.190
858.794	13.156
860.364	13.128
861.805	13.108
863.108	13.095
864.276	13.090
865.325	13.092
866.278	13.101
867.155	13.114
867.981	13.130
868.778	13.149
869.563	13.168
870.351	13.188
871.155	13.207
871.987	13.224
872.852	13.240
873.756	13.254
874.703	13.265
875.691	13.274
876.718	13.280
877.780	13.284
878.870	13.287
879.978	13.288
881.094	13.289
882.206	13.289
883.304	13.290
884.376	13.293
885.413	13.297
886.409	13.303
887.361	13.312
888.266	13.324
889.127	13.338
889.948	13.355
890.734	13.374
891.493	13.394
892.235	13.416
892.966	13.438
893.697	13.461
894.437	13.484
895.193	13.505
895.974	13.526
896.785	13.545
897.635	13.561
898.526	13.575
899.464	13.587
900.455	13.596
901.504	13.601
902.615	13.603
903.796	13.600
905.056	13.594
906.400	13.582
907.838	13.566
909.374	13.544
911.005	13.516
912.726	13.483
914.521	13.446
916.366	13.406
918.229	13.364
920.078	13.324
921.878	13.285
923.599	13.251
925.222	13.222
926.734	13.199
928.128	13.182
929.410	13.172
930.586	13.167
931.665	13.168
932.659	13.174
933.581	13.183
934.440	13.197
935.247	13.213
936.014	13.231
936.747	13.252
937.458	13.274
938.153	13.297
938.841	13.321
939.532	13.344
940.234	13.367
940.956	13.390
941.709	13.411
942.503	13.430
943.347	13.446
944.252	13.459
945.228	13.468
946.280	13.474
947.416	13.475
948.640	13.471
949.949	13.462
951.342	13.449
952.814	13.431
954.355	13.409
955.956	13.385
957.608	13.357
959.299	13.328
961.018	13.297
962.751	13.265
964.486	13.233
966.205	13.202
967.891	13.172
969.523	13.145
971.083	13.122
972.551	13.103
973.916	13.089
975.170	13.080
976.307	13.078
977.333	13.081
978.253	13.090
979.076	13.104
979.815	13.122
980.482	13.144
981.089	13.169
981.649	13.197
982.175	13.228
982.677	13.259
983.167	13.292
983.657	13.325
984.160	13.357
984.689	13.389
985.263	13.419
985.902	13.445
986.634	13.468
987.492	13.484
988.521	13.493
989.773	13.491
991.307	13.474
993.185	13.442
995.452	13.390
998.122	13.317
1001.155	13.227
1004.438	13.123
1007.809	13.014
1011.076	12.909
1014.073	12.817
1016.698	12.741
1018.909	12.686
1020.726	12.649
1022.200	12.629
1023.394	12.622
1024.369	12.626
1025.180	12.639
1025.868	12.657
1026.469	12.680
1027.007	12.706
1027.501	12.735
1027.965	12.765
1028.408	12.796
1028.841	12.828
1029.267	12.861
1029.692	12.893
1030.120	12.926
1030.554	12.959
1030.995	12.991
1031.447	13.024
1031.912	13.055
1032.393	13.086
1032.891	13.117
1033.409	13.146
1033.951	13.175
1034.520	13.202
1035.121	13.229
1035.759	13.253
1036.441	13.275
1037.175	13.295
1037.968	13.313
1038.834	13.327
1039.783	13.337
1040.830	13.342
1041.990	13.343
1043.274	13.337
1044.693	13.325
1046.254	13.306
1047.953	13.281
1049.779	13.249
1051.706	13.212
1053.699	13.172
1055.717	13.130
1057.710	13.089
1059.637	13.051
1061.459	13.017
1063.155	12.989
1064.709	12.968
1066.119	12.953
1067.396	12.944
1068.551	12.941
1069.600	12.943
1070.564	12.950
1071.459	12.960
1072.305	12.972
1073.118	12.986
1073.914	13.001
1074.711	13.016
1075.522	13.031
1076.364	13.044
1077.249	13.056
1078.195	13.066
1079.211	13.072
1080.310	13.075
1081.500	13.074
1082.778	13.069
1084.147	13.059
1085.588	13.046
1087.085	13.030
1088.612	13.013
1090.135	12.995
1091.626	12.979
1093.050	12.964
1094.386	12.954
1095.615	12.948
1096.726	12.947
1097.719	12.951
1098.595	12.960
1099.364	12.975
1100.036	12.994
1100.622	13.016
1101.135	13.043
1101.586	13.072
1101.985	13.104
1102.342	13.138
1102.664	13.173
1102.957	13.211
1103.227	13.249
1103.479	13.289
1103.717	13.330
1103.943	13.371
1104.159	13.414
1104.369	13.456
1104.573	13.499
1104.775	13.543
1104.975	13.587
1105.175	13.631
1105.377	13.676
1105.583	13.720
1105.795	13.765
1106.015	13.809
1106.247	13.853
1106.495	13.896
1106.762	13.939
1107.056	13.981
1107.381	14.022
1107.748	14.060
1108.165	14.097
1108.646	14.130
1109.205	14.160
1109.859	14.186
1110.629	14.205
1111.536	14.218
1112.607	14.223
1113.863	14.218
1115.327	14.203
1117.014	14.177
1118.931	14.139
1121.069	14.090
1123.403	14.031
1125.893	13.965
1128.481	13.893
1131.107	13.819
1133.701	13.747
1136.212	13.679
1138.586	13.618
1140.798	13.564
1142.826	13.519
1144.666	13.483
1146.324	13.456
1147.814	13.437
1149.153	13.425
1150.363	13.419
1151.467	13.419
1152.488	13.422
1153.449	13.428
1154.372	13.437
1155.278	13.446
1156.188	13.456
1157.119	13.465
1158.091	13.473
1159.118	13.478
1160.213	13.480
1161.383	13.479
1162.634	13.475
1163.959	13.467
1165.353	13.455
1166.795	13.442
1168.265	13.426
1169.735	13.411
1171.181	13.396
1172.575	13.383
1173.900	13.373
1175.142	13.366
1176.296	13.364
1177.361	13.365
1178.344	13.370
1179.256	13.378
1180.109	13.389
1180.920	13.402
1181.702	13.417
1182.471	13.432
1183.242	13.448
1184.025	13.463
1184.835	13.477
1185.679	13.490
1186.568	13.501
1187.508	13.509
1188.508	13.516
1189.571	13.519
1190.708	13.520
1191.924	13.517
1193.233	13.510
1194.651	13.499
1196.199	13.482
1197.906	13.459
1199.802	13.429
1201.921	13.390
1204.288	13.340
1206.913	13.281
1209.778	13.212
1212.833	13.135
1215.993	13.054
1219.150	12.972
1222.191	12.895
1225.021	12.826
1227.578	12.768
1229.836	12.721
1231.803	12.686
1233.508	12.661
1234.997	12.646
1236.315	12.637
1237.509	12.634
1238.620	12.634
1239.684	12.636
1240.731	12.640
1241.788	12.643
1242.878	12.646
1244.020	12.646
1245.235	12.645
1246.543	12.640
1247.961	12.631
1249.510	12.618
1251.205	12.600
1253.059	12.577
1255.083	12.547
1257.266	12.512
1259.600	12.472
1262.044	12.427
1264.561	12.380
1267.080	12.333
1269.550	12.286
1271.901	12.244
1274.089	12.207
1276.072	12.176
1277.840	12.153
1279.385	12.137
1280.721	12.128
1281.863	12.126
1282.836	12.130
1283.664	12.139
1284.371	12.153
1284.978	12.169
1285.505	12.189
1285.968	12.211
1286.381	12.235
1286.756	12.261
1287.101	12.287
1287.425	12.315
1287.733	12.343
1288.032	12.372
1288.325	12.401
1288.615	12.430
1288.907	12.459
1289.202	12.489
1289.503	12.518
1289.812	12.547
1290.130	12.576
1290.460	12.605
1290.802	12.634
1291.159	12.662
1291.530	12.689
1291.917	12.716
1292.321	12.743
1292.742	12.769
1293.180	12.795
1293.635	12.820
1294.108	12.844
1294.596	12.868
1295.098	12.891
1295.613	12.914
1296.141	12.937
1296.675	12.959
1297.217	12.981
1297.761	13.003
1298.307	13.025
1298.849	13.047
1299.385	13.069
1299.912	13.092
1300.429	13.115
1300.931	13.139
1301.417	13.163
1301.886	13.188
1302.335	13.214
1302.765	13.240
1303.175	13.268
1303.564	13.296
1303.932	13.325
1304.282	13.355
1304.612	13.386
1304.925	13.418
1305.221	13.450
1305.502	13.484
1305.770	13.518
1306.025	13.553
1306.271	13.588
1306.508	13.624
1306.740	13.660
1306.967	13.696
1307.195	13.733
1307.424	13.770
1307.660	13.807
1307.907	13.843
1308.171	13.879
1308.460	13.915
1308.784	13.949
1309.155	13.981
1309.591	14.011
1310.114	14.038
1310.753	14.060
1311.543	14.077
1312.529	14.085
1313.762	14.083
1315.298	14.070
1317.188	14.041
1319.469	13.997
1322.145	13.936
1325.174	13.860
1328.464	13.773
1331.877	13.680
1335.260	13.589
1338.479	13.503
1341.439	13.428
1344.100	13.365
1346.466	13.314
1348.572	13.274
1350.462	13.243
1352.186	13.219
1353.783	13.200
1355.282	13.185
1356.705	13.173
1358.064	13.164
1359.363	13.157
1360.602	13.152
1361.783	13.150
1362.901	13.149
1363.959	13.151
1364.956	13.155
1365.896	13.161
1366.783	13.169
1367.626	13.179
1368.431	13.190
1369.209	13.203
1369.970	13.216
1370.725	13.230
1371.486	13.243
1372.262	13.256
1373.064	13.268
1373.902	13.280
1374.784	13.289
1375.717	13.297
1376.706	13.303
1377.752	13.306
1378.856	13.308
1380.012	13.307
1381.214	13.305
1382.455	13.301
1383.718	13.296
1384.996	13.291
1386.272	13.285
1387.538	13.280
1388.780	13.275
1389.994	13.271
1391.174	13.269
1392.320	13.268
1393.435	13.268
1394.520	13.269
1395.584	13.271
1396.633	13.274
1397.674	13.277
1398.715	13.280
1399.761	13.283
1400.818	13.285
1401.891	13.287
1402.979	13.289
1404.088	13.290
1405.216	13.290
1406.363	13.289
1407.534	13.288
1408.731	13.286
1409.965	13.282
1411.247	13.277
1412.600	13.270
1414.051	13.260
1415.638	13.246
1417.405	13.226
1419.403	13.198
1421.680	13.161
1424.273	13.115
1427.200	13.057
1430.439	12.989
1433.927	12.912
1437.561	12.831
1441.207	12.749
1444.740	12.670
1448.044	12.598
1451.057	12.536
1453.753	12.485
1456.148	12.443
1458.282	12.411
1460.206	12.385
1461.973	12.365
1463.629	12.349
1465.211	12.335
1466.747	12.323
1468.253	12.312
1469.740	12.302
1471.205	12.293
1472.645	12.284
1474.052	12.276
1475.415	12.269
1476.726	12.264
1477.975	12.260
1479.155	12.258
1480.262	12.259
1481.294	12.261
1482.253	12.266
1483.140	12.273
1483.960	12.282
1484.715	12.292
1485.414	12.305
1486.059	12.319
1486.658	12.335
1487.216	12.351
1487.734	12.370
1488.221	12.389
1488.677	12.409
1489.107	12.430
1489.513	12.451
1489.897	12.474
1490.262	12.497
1490.609	12.521
1490.938	12.545
1491.253	12.570
1491.552	12.596
1491.838	12.622
1492.111	12.648
1492.370	12.675
1492.620	12.702
1492.856	12.730
1493.084	12.759
1493.301	12.787
1493.510	12.816
1493.709	12.846
1493.900	12.876
1494.084	12.906
1494.261	12.937
1494.432	12.968
1494.597	12.999
1494.758	13.030
1494.914	13.062
1495.067	13.094
1495.218	13.126
1495.367	13.159
1495.516	13.191
1495.665	13.224
1495.817	13.257
1495.972	13.290
1496.133	13.323
1496.302	13.355
1496.482	13.388
1496.678	13.420
1496.894	13.452
1497.136	13.483
1497.412	13.513
1497.733	13.541
1498.113	13.568
1498.567	13.593
1499.118	13.614
1499.792	13.632
1500.622	13.644
1501.643	13.650
1502.895	13.648
1504.423	13.637
1506.255	13.616
1508.414	13.583
1510.892	13.539
1513.644	13.486
1516.600	13.425
1519.641	13.360
1522.652	13.296
1525.507	13.236
1528.121	13.184
1530.437	13.142
1532.435	13.110
1534.132	13.089
1535.557	13.076
1536.750	13.072
1537.758	13.074
1538.615	13.081
1539.362	13.092
1540.022	13.106
1540.625	13.123
1541.184	13.141
1541.717	13.159
1542.235	13.179
1542.748	13.199
1543.264	13.219
1543.791	13.238
1544.335	13.258
1544.905	13.276
1545.507	13.294
1546.152	13.310
1546.850	13.325
1547.614	13.338
1548.460	13.348
1549.403	13.355
1550.467	13.358
1551.672	13.357
1553.042	13.351
1554.598	13.339
1556.357	13.321
1558.330	13.296
1560.511	13.264
1562.879	13.226
1565.394	13.183
1567.997	13.137
1570.617	13.090
1573.180	13.044
1575.615	13.002
1577.867	12.965
1579.899	12.935
1581.692	12.913
1583.248	12.897
1584.580	12.889
1585.708	12.887
1586.659	12.891
1587.458	12.899
1588.130	12.912
1588.701	12.928
1589.187	12.947
1589.608	12.968
1589.977	12.990
1590.307	13.014
1590.608	13.039
1590.888	13.065
1591.155	13.092
1591.416	13.119
1591.675	13.146
1591.940	13.173
1592.213	13.200
1592.501	13.226
1592.808	13.253
1593.140	13.278
1593.503	13.303
1593.902	13.326
1594.343	13.349
1594.832	13.370
1595.377	13.389
1595.984	13.406
1596.660	13.422
1597.411	13.434
1598.241	13.445
1599.155	13.453
1600.154	13.457
1601.235	13.460
1602.396	13.459
1603.629	13.456
1604.919	13.451
1606.253	13.445
1607.613	13.437
1608.978	13.430
1610.336	13.422
1611.660	13.415
1612.942	13.409
1614.166	13.405
1615.325	13.403
1616.415	13.403
1617.434	13.406
1618.385	13.411
1619.272	13.418
1620.102	13.426
1620.883	13.437
1621.621	13.449
1622.326	13.462
1623.007	13.475
1623.670	13.490
1624.326	13.505
1624.980	13.520
1625.640	13.535
1626.314	13.550
1627.007	13.564
1627.727	13.577
1628.478	13.589
1629.267	13.600
1630.099	13.610
1630.978	13.619
1631.907	13.625
1632.888	13.630
1633.923	13.634
1635.011	13.635
1636.147	13.635
1637.327	13.634
1638.545	13.631
1639.788	13.627
1641.048	13.622
1642.311	13.618
1643.562	13.613
1644.796	13.609
1645.992	13.606
1647.148	13.604
1648.252	13.604
1649.301	13.606
1650.294	13.609
1651.230	13.614
1652.113	13.621
1652.948	13.630
1653.742	13.640
1654.504	13.651
1655.242	13.663
1655.968	13.676
1656.693	13.689
1657.429	13.701
1658.187	13.713
1658.982	13.724
1659.824	13.734
1660.728	13.741
1661.705	13.747
1662.764	13.749
1663.919	13.749
1665.173	13.746
1666.534	13.739
1668.000	13.729
1669.567	13.715
1671.229	13.698
1672.973	13.679
1674.781	13.658
1676.636	13.634
1678.512	13.610
1680.390	13.586
1682.246	13.563
1684.062	13.540
1685.823	13.520
1687.513	13.501
1689.122	13.485
1690.646	13.472
1692.078	13.461
1693.418	13.454
1694.668	13.449
1695.827	13.447
1696.902	13.447
1697.894	13.450
1698.810	13.456
1699.656	13.463
1700.434	13.473
1701.153	13.485
1701.819	13.498
1702.434	13.513
1703.008	13.530
1703.542	13.548
1704.043	13.566
1704.515	13.586
1704.961	13.607
1705.385	13.628
1705.792	13.650
1706.182	13.673
1706.560	13.696
1706.927	13.720
1707.286	13.744
1707.640	13.768
1707.989	13.792
1708.336	13.817
1708.685	13.842
1709.035	13.866
1709.392	13.891
1709.756	13.915
1710.134	13.939
1710.528	13.963
1710.948	13.986
1711.398	14.008
1711.892	14.029
1712.441	14.048
1713.066	14.065
1713.791	14.079
1714.646	14.089
1715.674	14.094
1716.930	14.092
1718.483	14.081
1720.416	14.058
1722.829	14.021
1725.824	13.966
1729.493	13.892
1733.880	13.795
1738.964	13.679
1744.613	13.546
1750.594	13.403
1756.610	13.260
1762.364	13.125
1767.630	13.005
1772.274	12.903
1776.265	12.821
1779.637	12.756
1782.460	12.708
1784.822	12.672
1786.802	12.647
1788.473	12.631
1789.896	12.621
1791.119	12.618
1792.181	12.618
1793.113	12.622
1793.940	12.629
1794.682	12.639
1795.353	12.650
1795.967	12.663
1796.533	12.677
1797.060	12.693
1797.554	12.709
1798.019	12.726
1798.463	12.744
1798.886	12.762
1799.293	12.781
1799.687	12.800
1800.070	12.820
1800.444	12.840
1800.811	12.860
1801.174	12.880
1801.535	12.901
1801.894	12.921
1802.255	12.942
1802.621	12.963
1802.993	12.983
1803.376	13.003
1803.773	13.023
1804.189	13.043
1804.630	13.062
1805.104	13.080
1805.619	13.097
1806.186	13.113
1806.818	13.127
1807.532	13.139
1808.346	13.149
1809.283	13.156
1810.368	13.158
1811.627	13.157
1813.087	13.150
1814.772	13.137
1816.702	13.117
1818.880	13.091
1821.299	13.059
1823.934	13.021
1826.731	12.978
1829.624	12.932
1832.537	12.885
1835.388	12.840
1838.109	12.798
1840.647	12.760
1842.965	12.728
1845.055	12.702
1846.923	12.682
1848.587	12.667
1850.079	12.657
1851.428	12.651
1852.667	12.647
1853.829	12.646
1854.941	12.647
1856.027	12.648
1857.111	12.649
1858.207	12.650
1859.331	12.651
1860.490	12.651
1861.693	12.650
1862.938	12.648
1864.227	12.644
1865.552	12.640
1866.907	12.635
1868.279	12.630
1869.656	12.624
1871.025	12.618
1872.370	12.613
1873.680	12.608
1874.943	12.605
1876.148	12.603
1877.288	12.602
1878.360	12.603
1879.361	12.606
1880.291	12.610
1881.153	12.617
1881.949	12.624
1882.686	12.634
1883.369	12.644
1884.003	12.656
1884.595	12.669
1885.152	12.683
1885.678	12.698
1886.179	12.713
1886.661	12.729
1887.128	12.746
1887.584	12.762
1888.034	12.779
1888.479	12.797
1888.923	12.814
1889.368	12.831
1889.815	12.848
1890.267	12.865
1890.725	12.883
1891.188	12.900
1891.658	12.916
1892.134	12.933
1892.616	12.950
1893.106	12.966
1893.600	12.982
1894.099	12.999
1894.602	13.015
1895.108	13.031
1895.615	13.047
1896.124	13.063
1896.633	13.079
1897.141	13.095
1897.648	13.111
1898.153	13.127
1898.654	13.144
1899.154	13.160
1899.650	13.177
1900.142	13.193
1900.632	13.210
1901.120	13.227
1901.606	13.244
1902.092	13.261
1902.578	13.278
1903.064	13.295
1903.553	13.312
1904.046	13.329
1904.544	13.346
1905.047	13.362
1905.559	13.379
1906.080	13.395
1906.612	13.411
1907.156	13.427
1907.713	13.443
1908.285	13.458
1908.873	13.472
1909.477	13.487
1910.098	13.500
1910.738	13.514
1911.396	13.527
1912.072	13.539
1912.768	13.551
1913.484	13.562
1914.217	13.573
1914.970	13.583
1915.744	13.593
1916.536	13.602
1917.346	13.611
1918.178	13.619
1919.030	13.627
1919.902	13.634
1920.798	13.640
1921.715	13.646
1922.656	13.651
1923.624	13.655
1924.618	13.659
1925.637	13.662
1926.685	13.664
1927.759	13.666
1928.854	13.666
1929.974	13.667
1931.112	13.666
1932.261	13.665
1933.420	13.664
1934.578	13.663
1935.729	13.662
1936.867	13.661
1937.984	13.661
1939.069	13.662
1940.121	13.663
1941.135	13.665
1942.103	13.669
1943.025	13.674
1943.903	13.680
1944.733	13.688
1945.519	13.696
1946.266	13.706
1946.974	13.717
1947.650	13.729
1948.300	13.742
1948.928	13.755
1949.542	13.769
1950.148	13.783
1950.753	13.798
1951.363	13.812
1951.987	13.826
1952.631	13.839
1953.304	13.852
1954.014	13.864
1954.769	13.874
1955.575	13.884
1956.444	13.891
1957.385	13.897
1958.404	13.900
1959.511	13.901
1960.719	13.899
1962.031	13.895
1963.456	13.887
1965.004	13.876
1966.678	13.861
1968.477	13.843
1970.407	13.822
1972.461	13.797
1974.629	13.769
1976.899	13.738
1979.251	13.705
1981.659	13.670
1984.095	13.634
1986.529	13.599
1988.924	13.564
1991.252	13.532
1993.483	13.502
1995.595	13.474
1997.569	13.451
1999.397	13.431
2001.072	13.416
2002.598	13.404
2003.980	13.396
2005.226	13.392
2006.349	13.390
2007.359	13.392
2008.271	13.397
2009.097	13.404
2009.849	13.413
2010.537	13.423
2011.173	13.435
2011.764	13.449
2012.320	13.463
2012.847	13.478
2013.352	13.494
2013.840	13.510
2014.316	13.527
2014.785	13.544
2015.250	13.561
2015.716	13.578
2016.186	13.595
2016.663	13.612
2017.152	13.629
2017.656	13.646
2018.179	13.662
2018.727	13.677
2019.305	13.692
2019.920	13.705
2020.580	13.718
2021.296	13.729
2022.080	13.739
2022.948	13.746
2023.919	13.751
2025.016	13.753
2026.264	13.751
2027.696	13.744
2029.347	13.732
2031.254	13.713
2033.456	13.687
2035.981	13.653
2038.851	13.611
2042.070	13.559
2045.615	13.499
2049.432	13.433
2053.450	13.362
2057.568	13.288
2061.686	13.215
2065.708	13.144
2069.560	13.077
2073.191	13.016
2076.581	12.962
2079.729	12.913
2082.646	12.870
2085.358	12.833
2087.897	12.800
2090.279	12.771
2092.531	12.745
2094.675	12.722
2096.720	12.701
2098.675	12.682
2100.552	12.666
2102.353	12.651
2104.077	12.637
2105.730	12.626
2107.316	12.615
2108.829	12.607
2110.271	12.600
2111.651	12.594
2112.961	12.590
2114.203	12.587
2115.387	12.586
2116.508	12.586
2117.569	12.587
2118.575	12.589
2119.530	12.593
2120.432	12.598
2121.286	12.603
2122.099	12.610
2122.868	12.618
2123.598	12.626
2124.294	12.636
2124.957	12.646
2125.589	12.656
2126.195	12.668
2126.777	12.680
2127.335	12.692
2127.873	12.705
2128.394	12.718
2128.897	12.732
2129.386	12.746
2129.863	12.760
2130.328	12.775
2130.782	12.790
2131.229	12.805
2131.666	12.821
2132.098	12.836
2132.522	12.852
2132.943	12.868
2133.358	12.884
2133.770	12.900
2134.180	12.916
2134.586	12.932
2134.992	12.949
2135.397	12.965
2135.802	12.981
2136.208	12.998
2136.615	13.014
2137.025	13.031
2137.440	13.047
2137.859	13.064
2138.285	13.080
2138.719	13.096
2139.161	13.112
2139.615	13.127
2140.082	13.143
2140.563	13.158
2141.062	13.173
2141.580	13.187
2142.119	13.201
2142.683	13.214
2143.271	13.227
2143.888	13.239
2144.534	13.251
2145.212	13.262
2145.923	13.272
2146.666	13.281
2147.442	13.290
2148.250	13.297
2149.089	13.304
2149.955	13.311
2150.847	13.316
2151.760	13.321
2152.688	13.326
2153.625	13.331
2154.569	13.335
2155.510	13.339
2156.444	13.344
2157.364	13.348
2158.267	13.353
2159.147	13.359
2160.003	13.365
2160.832	13.372
2161.631	13.379
2162.404	13.387
2163.150	13.396
2163.874	13.405
2164.579	13.415
2165.270	13.426
2165.953	13.436
2166.635	13.447
2167.326	13.457
2168.033	13.467
2168.765	13.477
2169.534	13.485
2170.348	13.493
2171.218	13.500
2172.153	13.505
2173.162	13.508
2174.252	13.510
2175.428	13.509
2176.690	13.506
2178.037	13.501
2179.464	13.495
2180.957	13.486
2182.505	13.476
2184.085	13.466
2185.678	13.454
2187.260	13.443
2188.808	13.433
2190.300	13.424
2191.721	13.416
2193.054	13.410
2194.291	13.407
2195.424	13.405
2196.454	13.407
2197.381	13.411
2198.210	13.417
2198.947	13.425
2199.602	13.435
2200.180	13.448
2200.691	13.461
2201.143	13.477
2201.543	13.494
2201.899	13.511
2202.217	13.530
2202.501	13.550
2202.758	13.570
2202.992	13.592
2203.206	13.613
2203.404	13.635
2203.588	13.658
2203.762	13.681
2203.926	13.704
2204.083	13.728
2204.236	13.751
2204.384	13.775
2204.530	13.799
2204.675	13.823
2204.821	13.847
2204.968	13.871
2205.118	13.896
2205.272	13.920
2205.434	13.944
2205.604	13.968
2205.784	13.992
2205.977	14.015
2206.187	14.038
2206.417	14.061
2206.670	14.083
2206.953	14.105
2207.271	14.126
2207.630	14.146
2208.039	14.164
2208.505	14.182
2209.041	14.197
2209.655	14.211
2210.360	14.222
2211.167	14.231
