<j>	<F>
1.274	18.887
2.379	17.554
3.313	19.507
4.640	15.732
5.585	16.706
6.481	18.587
7.758	17.341
9.406	13.698
10.567	12.774
11.430	13.781
12.357	14.808
13.449	14.967
14.614	14.757
15.942	14.190
17.281	13.288
18.252	13.348
19.100	14.306
20.563	14.106
22.651	12.220
24.299	11.024
25.329	11.018
26.203	11.429
27.141	11.803
28.151	12.022
29.099	12.239
29.894	12.662
30.556	13.331
31.134	14.222
31.681	15.293
32.304	16.387
33.223	16.995
34.597	16.488
35.944	15.751
36.927	15.801
37.821	16.182
38.917	16.313
40.483	15.729
42.576	14.425
44.702	13.097
46.214	12.474
47.202	12.514
48.081	12.775
49.067	12.960
50.123	13.026
51.067	13.138
51.818	13.441
52.455	13.911
53.121	14.424
54.011	14.785
55.447	14.660
57.611	13.787
59.749	12.783
61.125	12.413
61.989	12.528
62.656	12.841
63.236	13.245
63.771	13.713
64.297	14.223
64.866	14.734
65.537	15.181
66.340	15.500
67.215	15.714
68.030	15.955
68.732	16.330
69.405	16.782
70.165	17.166
71.035	17.409
71.928	17.598
72.824	17.807
73.907	17.861
75.370	17.487
76.971	16.870
78.270	16.546
79.366	16.524
80.690	16.394
82.532	15.835
84.655	15.021
86.645	14.352
88.428	13.877
89.921	13.579
91.014	13.516
91.774	13.672
92.352	13.967
92.870	14.326
93.393	14.703
93.951	15.073
94.561	15.420
95.254	15.726
96.115	15.939
97.347	15.930
99.213	15.517
101.625	14.729
103.940	13.981
105.789	13.536
107.310	13.308
108.641	13.187
109.818	13.142
110.883	13.159
111.935	13.200
113.101	13.210
114.471	13.139
116.016	12.982
117.574	12.798
118.957	12.669
120.084	12.637
120.983	12.700
121.720	12.835
122.367	13.017
122.995	13.221
123.683	13.414
124.520	13.561
125.591	13.619
126.928	13.563
128.440	13.416
129.923	13.257
131.208	13.166
132.274	13.165
133.215	13.225
134.138	13.304
135.103	13.370
136.103	13.417
137.071	13.465
137.926	13.546
138.619	13.687
139.147	13.896
139.539	14.171
139.832	14.502
140.061	14.879
140.253	15.293
140.430	15.737
140.611	16.203
140.826	16.678
141.130	17.135
141.687	17.497
142.986	17.531
146.184	16.699
151.569	14.855
156.044	13.388
158.422	12.836
159.841	12.702
161.004	12.686
162.157	12.687
163.347	12.675
164.530	12.657
165.620	12.657
166.551	12.696
167.301	12.786
167.890	12.925
168.355	13.106
168.739	13.319
169.077	13.556
169.400	13.808
169.743	14.065
170.147	14.313
170.675	14.531
171.420	14.688
172.496	14.738
173.980	14.645
175.794	14.423
177.654	14.162
179.261	13.969
180.503	13.893
181.433	13.922
182.146	14.026
182.716	14.183
183.186	14.377
183.589	14.600
183.952	14.845
184.305	15.104
184.681	15.364
185.122	15.612
185.683	15.826
186.432	15.977
187.442	16.034
188.774	15.972
190.463	15.780
192.508	15.468
194.839	15.066
197.233	14.643
199.363	14.297
201.024	14.093
202.249	14.027
203.182	14.057
203.957	14.140
204.654	14.251
205.307	14.376
205.924	14.514
206.503	14.663
207.041	14.828
207.539	15.007
208.008	15.200
208.461	15.403
208.921	15.610
209.416	15.812
209.980	15.997
210.652	16.150
211.467	16.256
212.440	16.305
213.543	16.303
214.702	16.273
215.823	16.249
216.841	16.257
217.746	16.305
218.579	16.385
219.430	16.469
220.448	16.513
221.885	16.439
224.069	16.146
227.098	15.592
230.382	14.942
233.066	14.456
234.934	14.211
236.314	14.123
237.584	14.088
239.007	14.032
240.705	13.917
242.634	13.745
244.579	13.555
246.283	13.407
247.611	13.337
248.587	13.346
249.325	13.413
249.955	13.512
250.595	13.617
251.349	13.707
252.312	13.757
253.550	13.752
255.064	13.685
256.748	13.574
258.416	13.454
259.890	13.367
261.089	13.334
262.037	13.353
262.816	13.412
263.514	13.493
264.205	13.580
264.944	13.660
265.769	13.726
266.699	13.771
267.732	13.794
268.843	13.798
269.986	13.793
271.108	13.788
272.163	13.794
273.128	13.818
274.006	13.860
274.817	13.917
275.594	13.983
276.364	14.053
277.152	14.120
277.965	14.183
278.795	14.240
279.623	14.297
280.419	14.358
281.159	14.431
281.827	14.518
282.422	14.622
282.957	14.741
283.456	14.872
283.953	15.008
284.487	15.139
285.112	15.255
285.884	15.341
286.862	15.382
288.075	15.367
289.488	15.302
290.984	15.208
292.397	15.125
293.594	15.084
294.528	15.102
295.225	15.175
295.744	15.293
296.146	15.444
296.477	15.615
296.770	15.801
297.050	15.995
297.335	16.192
297.643	16.388
297.995	16.579
298.416	16.755
298.939	16.910
299.608	17.029
300.489	17.096
301.694	17.085
303.470	16.947
306.375	16.576
311.248	15.820
317.963	14.714
324.167	13.710
328.026	13.153
329.971	12.960
330.951	12.950
331.535	13.018
331.975	13.116
332.384	13.224
332.813	13.331
333.291	13.434
333.835	13.528
334.458	13.611
335.162	13.681
335.943	13.738
336.782	13.785
337.651	13.826
338.516	13.865
339.343	13.908
340.107	13.961
340.796	14.027
341.409	14.105
341.959	14.196
342.469	14.296
342.965	14.400
343.481	14.505
344.051	14.602
344.712	14.686
345.501	14.749
346.439	14.786
347.523	14.795
348.713	14.782
349.935	14.759
351.099	14.741
352.132	14.744
352.998	14.775
353.701	14.837
354.268	14.925
354.735	15.034
355.138	15.158
355.508	15.291
355.868	15.429
356.241	15.567
356.647	15.702
357.108	15.829
357.652	15.942
358.311	16.034
359.126	16.098
360.135	16.123
361.376	16.103
362.889	16.031
364.746	15.898
367.094	15.685
370.148	15.363
373.986	14.919
378.217	14.412
382.068	13.964
385.004	13.660
387.046	13.499
388.493	13.436
389.636	13.424
390.663	13.434
391.684	13.449
392.757	13.459
393.910	13.458
395.148	13.447
396.454	13.425
397.792	13.397
399.107	13.370
400.345	13.351
401.459	13.346
402.424	13.359
403.234	13.392
403.904	13.444
404.456	13.513
404.916	13.595
405.309	13.688
405.659	13.789
405.983	13.895
406.298	14.005
406.616	14.115
406.947	14.226
407.300	14.335
407.682	14.442
408.098	14.545
408.554	14.643
409.051	14.736
409.592	14.823
410.178	14.903
410.813	14.977
411.501	15.043
412.253	15.100
413.089	15.145
414.032	15.173
415.109	15.182
416.343	15.167
417.733	15.126
419.251	15.064
420.834	14.990
422.406	14.915
423.903	14.850
425.295	14.802
426.588	14.769
427.811	14.748
428.998	14.734
430.176	14.722
431.354	14.710
432.525	14.699
433.672	14.690
434.772	14.687
435.803	14.693
436.751	14.711
437.605	14.741
438.363	14.785
439.029	14.842
439.608	14.913
440.111	14.996
440.547	15.090
440.930	15.193
441.274	15.304
441.593	15.421
441.904	15.541
442.228	15.661
442.599	15.778
443.064	15.883
443.708	15.964
444.675	16.001
446.193	15.961
448.566	15.798
452.014	15.481
456.347	15.035
460.833	14.563
464.683	14.179
467.598	13.925
469.714	13.782
471.272	13.714
472.463	13.694
473.403	13.706
474.162	13.741
474.787	13.792
475.312	13.857
475.765	13.931
476.165	14.013
476.529	14.101
476.869	14.193
477.197	14.287
477.520	14.384
477.847	14.481
478.185	14.578
478.544	14.674
478.936	14.767
479.379	14.855
479.893	14.935
480.508	15.004
481.260	15.056
482.188	15.086
483.323	15.088
484.681	15.061
486.237	15.006
487.932	14.931
489.684	14.846
491.433	14.762
493.186	14.681
495.038	14.595
497.161	14.484
499.741	14.329
502.858	14.116
506.347	13.860
509.795	13.603
512.763	13.393
515.026	13.256
516.616	13.190
517.701	13.180
518.458	13.208
519.029	13.257
519.510	13.318
519.966	13.384
520.442	13.449
520.971	13.511
521.584	13.565
522.308	13.610
523.169	13.641
524.187	13.657
525.371	13.655
526.712	13.638
528.180	13.606
529.719	13.565
531.260	13.522
532.732	13.484
534.078	13.457
535.265	13.445
536.284	13.450
537.142	13.470
537.858	13.505
538.457	13.552
538.960	13.610
539.388	13.676
539.760	13.749
540.089	13.827
540.388	13.909
540.668	13.995
540.937	14.082
541.205	14.171
541.482	14.261
541.777	14.350
542.102	14.436
542.472	14.519
542.904	14.596
543.420	14.666
544.041	14.724
544.795	14.768
545.702	14.796
546.778	14.804
548.021	14.792
549.406	14.764
550.890	14.722
552.414	14.675
553.924	14.628
555.386	14.586
556.794	14.550
558.169	14.520
559.552	14.491
560.987	14.457
562.511	14.416
564.140	14.364
565.860	14.302
567.628	14.235
569.377	14.167
571.038	14.108
572.557	14.062
573.900	14.033
575.061	14.022
576.055	14.028
576.904	14.050
577.638	14.083
578.286	14.127
578.876	14.176
579.434	14.231
579.984	14.287
580.550	14.342
581.154	14.395
581.819	14.442
582.566	14.481
583.410	14.511
584.363	14.530
585.425	14.537
586.584	14.534
587.812	14.522
589.075	14.506
590.329	14.489
591.540	14.476
592.680	14.470
593.737	14.472
594.711	14.482
595.612	14.500
596.454	14.524
597.254	14.554
598.025	14.587
598.779	14.621
599.522	14.657
600.258	14.694
600.985	14.732
601.700	14.771
602.397	14.812
603.070	14.855
603.715	14.902
604.328	14.951
604.906	15.005
605.450	15.062
605.961	15.124
606.443	15.189
606.899	15.257
607.335	15.329
607.755	15.402
608.165	15.478
608.569	15.555
608.973	15.632
609.384	15.710
609.809	15.787
610.260	15.861
610.756	15.932
611.330	15.995
612.042	16.045
613.011	16.069
614.453	16.046
616.747	15.939
620.420	15.694
625.846	15.274
632.564	14.725
639.107	14.189
644.148	13.796
647.440	13.572
649.434	13.473
650.642	13.451
651.410	13.470
651.937	13.513
652.330	13.569
652.646	13.632
652.919	13.701
653.168	13.772
653.406	13.846
653.641	13.920
653.880	13.995
654.128	14.070
654.389	14.144
654.670	14.217
654.974	14.290
655.306	14.360
655.671	14.428
656.073	14.493
656.515	14.555
657.002	14.613
657.533	14.667
658.108	14.718
658.723	14.764
659.373	14.808
660.049	14.848
660.740	14.887
661.439	14.925
662.137	14.963
662.831	15.002
663.524	15.041
664.232	15.079
664.981	15.114
665.813	15.143
666.793	15.159
668.001	15.156
669.530	15.123
671.456	15.054
673.796	14.946
676.459	14.806
679.236	14.651
681.868	14.507
684.147	14.393
685.983	14.317
687.401	14.280
688.486	14.274
689.342	14.291
690.058	14.321
690.709	14.359
691.349	14.399
692.021	14.437
692.753	14.471
693.567	14.498
694.473	14.518
695.471	14.529
696.549	14.533
697.689	14.531
698.862	14.525
700.044	14.518
701.220	14.511
702.391	14.505
703.581	14.499
704.846	14.488
706.266	14.466
707.948	14.425
710.004	14.357
712.516	14.254
715.483	14.114
718.773	13.949
722.134	13.776
725.281	13.617
728.008	13.488
730.237	13.398
732.002	13.342
733.394	13.316
734.511	13.311
735.441	13.321
736.248	13.340
736.981	13.366
737.677	13.395
738.367	13.426
739.078	13.456
739.837	13.483
740.676	13.505
741.626	13.520
742.719	13.526
743.982	13.520
745.428	13.501
747.052	13.470
748.818	13.428
750.662	13.380
752.502	13.330
754.251	13.285
755.839	13.249
757.223	13.227
758.392	13.219
759.360	13.225
760.159	13.244
760.828	13.271
761.408	13.306
761.940	13.345
762.464	13.385
763.016	13.425
763.636	13.461
764.363	13.491
765.236	13.512
766.293	13.521
767.567	13.516
769.075	13.495
770.810	13.459
772.734	13.408
774.774	13.349
776.835	13.287
778.819	13.229
780.642	13.180
782.254	13.144
783.634	13.123
784.792	13.116
785.753	13.123
786.546	13.140
787.204	13.167
787.755	13.202
788.222	13.242
788.625	13.287
788.977	13.336
789.289	13.388
789.572	13.442
789.831	13.499
790.072	13.557
790.301	13.616
790.522	13.677
790.738	13.738
790.953	13.800
791.170	13.862
791.395	13.925
791.630	13.987
791.882	14.049
792.155	14.109
792.456	14.168
792.796	14.225
793.183	14.280
793.634	14.330
794.164	14.374
794.797	14.412
795.557	14.441
796.475	14.459
797.579	14.464
798.898	14.453
800.445	14.425
802.220	14.380
804.191	14.320
806.302	14.250
808.479	14.174
810.643	14.098
812.727	14.027
814.689	13.966
816.515	13.914
818.209	13.871
819.788	13.838
821.271	13.811
822.673	13.790
824.003	13.775
825.268	13.763
826.467	13.756
827.595	13.754
828.650	13.756
829.631	13.763
830.538	13.775
831.374	13.792
832.148	13.813
832.869	13.838
833.551	13.866
834.210	13.895
834.869	13.926
835.552	13.955
836.292	13.982
837.128	14.003
838.111	14.015
839.298	14.015
840.751	13.999
842.528	13.962
844.666	13.902
847.156	13.820
849.925	13.719
852.842	13.607
855.738	13.496
858.454	13.394
860.884	13.310
862.988	13.246
864.780	13.202
866.305	13.174
867.621	13.159
868.786	13.155
869.842	13.157
870.825	13.164
871.758	13.174
872.658	13.187
873.531	13.201
874.381	13.216
875.208	13.233
876.010	13.251
876.783	13.270
877.523	13.292
878.228	13.316
878.895	13.341
879.523	13.369
880.112	13.400
880.664	13.432
881.180	13.467
881.663	13.505
882.116	13.544
882.544	13.585
882.949	13.627
883.336	13.671
883.708	13.716
884.068	13.762
884.421	13.809
884.771	13.856
885.123	13.904
885.485	13.952
885.865	13.998
886.276	14.044
886.741	14.086
887.290	14.125
887.967	14.156
888.840	14.176
890.000	14.180
891.562	14.160
893.650	14.109
896.360	14.021
899.693	13.895
903.488	13.739
907.423	13.572
911.120	13.417
914.273	13.291
916.753	13.203
918.587	13.153
919.889	13.135
920.796	13.141
921.426	13.163
921.872	13.197
922.199	13.239
922.452	13.286
922.658	13.336
922.839	13.388
923.006	13.441
923.168	13.495
923.332	13.549
923.503	13.604
923.684	13.658
923.881	13.712
924.097	13.766
924.338	13.818
924.608	13.869
924.914	13.918
925.264	13.965
925.665	14.009
926.126	14.050
926.657	14.087
927.268	14.119
927.969	14.146
928.768	14.167
929.674	14.182
930.687	14.190
931.808	14.191
933.031	14.186
934.344	14.174
935.731	14.158
937.174	14.139
938.653	14.117
940.147	14.093
941.642	14.070
943.120	14.047
944.572	14.026
945.987	14.007
947.357	13.991
948.674	13.977
949.930	13.967
951.120	13.961
952.240	13.959
953.287	13.962
954.262	13.968
955.167	13.979
956.006	13.994
956.786	14.012
957.514	14.034
958.197	14.058
958.843	14.085
959.458	14.114
960.049	14.144
960.622	14.176
961.181	14.209
961.731	14.242
962.276	14.276
962.819	14.310
963.365	14.344
963.917	14.378
964.481	14.412
965.063	14.445
965.673	14.476
966.322	14.505
967.026	14.531
967.802	14.553
968.674	14.569
969.667	14.579
970.809	14.579
972.124	14.569
973.629	14.548
975.329	14.514
977.204	14.469
979.210	14.416
981.284	14.358
983.347	14.299
985.326	14.245
987.161	14.199
988.818	14.163
990.285	14.139
991.574	14.125
992.706	14.121
993.708	14.125
994.610	14.135
995.434	14.151
996.202	14.169
996.930	14.191
997.628	14.214
998.303	14.238
998.959	14.264
999.597	14.291
1000.217	14.319
1000.817	14.349
1001.394	14.379
1001.947	14.412
1002.472	14.445
1002.968	14.481
1003.435	14.519
1003.874	14.558
1004.286	14.599
1004.677	14.642
1005.050	14.687
1005.418	14.732
1005.793	14.777
1006.194	14.821
1006.650	14.862
1007.202	14.899
1007.907	14.927
1008.846	14.942
1010.122	14.938
1011.860	14.908
1014.179	14.843
1017.145	14.740
1020.713	14.600
1024.672	14.436
1028.688	14.267
1032.420	14.112
1035.635	13.987
1038.266	13.895
1040.367	13.834
1042.053	13.798
1043.442	13.780
1044.630	13.773
1045.691	13.774
1046.670	13.780
1047.598	13.789
1048.495	13.800
1049.370	13.812
1050.233	13.825
1051.089	13.838
1051.945	13.852
1052.808	13.865
1053.685	13.878
1054.585	13.889
1055.516	13.900
1056.487	13.908
1057.505	13.914
1058.574	13.917
1059.697	13.917
1060.871	13.915
1062.090	13.910
1063.343	13.903
1064.613	13.895
1065.883	13.886
1067.132	13.879
1068.343	13.873
1069.497	13.869
1070.583	13.870
1071.592	13.873
1072.520	13.882
1073.369	13.894
1074.141	13.910
1074.843	13.930
1075.482	13.954
1076.065	13.980
1076.602	14.010
1077.098	14.041
1077.563	14.075
1078.003	14.110
1078.421	14.146
1078.826	14.183
1079.219	14.221
1079.607	14.260
1079.991	14.299
1080.376	14.338
1080.764	14.378
1081.158	14.417
1081.560	14.456
1081.971	14.494
1082.395	14.532
1082.832	14.570
1083.284	14.606
1083.752	14.642
1084.236	14.678
1084.737	14.712
1085.253	14.746
1085.785	14.778
1086.332	14.810
1086.892	14.841
1087.464	14.872
1088.047	14.902
1088.637	14.932
1089.235	14.961
1089.839	14.990
1090.448	15.019
1091.064	15.047
1091.687	15.075
1092.320	15.102
1092.966	15.129
1093.630	15.155
1094.318	15.180
1095.036	15.203
1095.792	15.224
1096.594	15.242
1097.448	15.257
1098.359	15.269
1099.331	15.277
1100.362	15.281
1101.448	15.282
1102.577	15.280
1103.734	15.277
1104.899	15.272
1106.051	15.267
1107.169	15.265
1108.234	15.265
1109.230	15.269
1110.149	15.278
1110.984	15.292
1111.738	15.310
1112.413	15.334
1113.016	15.362
1113.556	15.394
1114.042	15.430
1114.484	15.469
1114.892	15.510
1115.276	15.553
1115.646	15.597
1116.016	15.642
1116.401	15.686
1116.825	15.728
1117.321	15.767
1117.943	15.799
1118.775	15.820
1119.952	15.821
1121.672	15.792
1124.206	15.718
1127.841	15.581
1132.735	15.372
1138.676	15.103
1144.992	14.810
1150.805	14.543
1155.505	14.336
1158.951	14.199
1161.340	14.121
1162.971	14.086
1164.106	14.078
1164.934	14.088
1165.581	14.109
1166.121	14.135
1166.605	14.166
1167.062	14.198
1167.512	14.230
1167.970	14.263
1168.445	14.295
1168.948	14.325
1169.484	14.355
1170.060	14.382
1170.680	14.407
1171.350	14.430
1172.071	14.450
1172.845	14.468
1173.669	14.483
1174.541	14.495
1175.454	14.506
1176.400	14.514
1177.368	14.521
1178.347	14.527
1179.324	14.534
1180.286	14.540
1181.221	14.548
1182.120	14.558
1182.973	14.570
1183.776	14.584
1184.526	14.601
1185.220	14.621
1185.861	14.644
1186.450	14.670
1186.992	14.698
1187.490	14.729
1187.952	14.762
1188.383	14.796
1188.791	14.832
1189.184	14.869
1189.572	14.907
1189.965	14.945
1190.377	14.982
1190.822	15.018
1191.320	15.051
1191.892	15.081
1192.565	15.106
1193.366	15.124
1194.328	15.134
1195.478	15.134
1196.840	15.122
1198.421	15.099
1200.209	15.064
1202.164	15.020
1204.224	14.969
1206.304	14.916
1208.320	14.866
1210.199	14.822
1211.891	14.788
1213.373	14.765
1214.645	14.753
1215.724	14.751
1216.637	14.758
1217.410	14.772
1218.072	14.793
1218.644	14.819
1219.147	14.849
1219.593	14.881
1219.995	14.917
1220.360	14.955
1220.696	14.994
1221.005	15.035
1221.292	15.078
1221.560	15.121
1221.810	15.166
1222.044	15.212
1222.265	15.259
1222.473	15.307
1222.671	15.356
1222.861	15.406
1223.047	15.456
1223.232	15.506
1223.421	15.557
1223.621	15.607
1223.843	15.657
1224.103	15.705
1224.424	15.750
1224.839	15.790
1225.399	15.824
1226.176	15.846
1227.267	15.851
1228.796	15.833
1230.897	15.784
1233.674	15.698
1237.134	15.574
1241.122	15.419
1245.303	15.252
1249.279	15.093
1252.718	14.962
1255.466	14.867
1257.537	14.809
1259.043	14.781
1260.123	14.776
1260.904	14.788
1261.485	14.811
1261.936	14.842
1262.306	14.877
1262.628	14.916
1262.922	14.956
1263.205	14.997
1263.487	15.038
1263.775	15.080
1264.079	15.121
1264.403	15.161
1264.757	15.200
1265.146	15.237
1265.582	15.272
1266.073	15.305
1266.632	15.334
1267.271	15.359
1268.004	15.380
1268.847	15.394
1269.813	15.403
1270.915	15.404
1272.163	15.398
1273.561	15.383
1275.106	15.361
1276.790	15.332
1278.594	15.296
1280.497	15.254
1282.471	15.209
1284.486	15.162
1286.515	15.114
1288.528	15.067
1290.500	15.022
1292.407	14.980
1294.228	14.942
1295.943	14.910
1297.535	14.884
1298.995	14.864
1300.318	14.851
1301.502	14.844
1302.555	14.844
1303.487	14.850
1304.311	14.862
1305.042	14.878
1305.696	14.899
1306.289	14.923
1306.838	14.949
1307.356	14.977
1307.858	15.005
1308.356	15.035
1308.863	15.064
1309.389	15.093
1309.947	15.120
1310.545	15.145
1311.196	15.168
1311.907	15.188
1312.692	15.204
1313.560	15.217
1314.522	15.225
1315.590	15.227
1316.777	15.224
1318.096	15.215
1319.558	15.198
1321.173	15.174
1322.947	15.142
1324.878	15.103
1326.956	15.056
1329.157	15.004
1331.450	14.947
1333.793	14.888
1336.145	14.828
1338.472	14.769
1340.748	14.714
1342.965	14.661
1345.130	14.612
1347.265	14.565
1349.393	14.519
1351.542	14.472
1353.731	14.425
1355.963	14.376
1358.229	14.326
1360.499	14.275
1362.732	14.226
1364.882	14.180
1366.907	14.140
1368.770	14.106
1370.454	14.079
1371.954	14.061
1373.277	14.049
1374.441	14.045
1375.467	14.047
1376.380	14.054
1377.202	14.064
1377.954	14.078
1378.654	14.095
1379.320	14.112
1379.960	14.132
1380.587	14.151
1381.207	14.172
1381.826	14.192
1382.449	14.212
1383.078	14.233
1383.718	14.252
1384.367	14.272
1385.033	14.290
1385.713	14.309
1386.413	14.326
1387.136	14.343
1387.886	14.358
1388.669	14.372
1389.488	14.385
1390.350	14.396
1391.261	14.405
1392.223	14.411
1393.241	14.416
1394.314	14.418
1395.439	14.417
1396.610	14.415
1397.816	14.411
1399.044	14.406
1400.278	14.400
1401.496	14.395
1402.684	14.391
1403.822	14.388
1404.896	14.389
1405.896	14.392
1406.814	14.399
1407.651	14.409
1408.403	14.423
1409.076	14.440
1409.675	14.460
1410.207	14.484
1410.680	14.510
1411.101	14.538
1411.478	14.569
1411.816	14.601
1412.125	14.635
1412.407	14.670
1412.671	14.707
1412.918	14.744
1413.154	14.782
1413.381	14.821
1413.604	14.860
1413.825	14.899
1414.046	14.938
1414.271	14.978
1414.500	15.017
1414.736	15.056
1414.981	15.095
1415.238	15.134
1415.507	15.173
1415.791	15.210
1416.093	15.248
1416.414	15.284
1416.757	15.320
1417.126	15.354
1417.526	15.387
1417.962	15.419
1418.447	15.449
1418.994	15.476
1419.633	15.499
1420.407	15.516
1421.388	15.525
1422.691	15.519
1424.488	15.493
1427.024	15.436
1430.587	15.335
1435.419	15.179
1441.530	14.968
1448.506	14.719
1455.550	14.465
1461.811	14.243
1466.776	14.074
1470.383	13.962
1472.854	13.898
1474.500	13.870
1475.594	13.865
1476.337	13.876
1476.866	13.896
1477.270	13.921
1477.602	13.950
1477.897	13.981
1478.178	14.012
1478.456	14.044
1478.742	14.076
1479.042	14.107
1479.359	14.138
1479.701	14.168
1480.065	14.197
1480.458	14.226
1480.880	14.253
1481.333	14.279
1481.818	14.304
1482.334	14.328
1482.884	14.350
1483.464	14.371
1484.074	14.392
1484.711	14.411
1485.372	14.429
1486.052	14.446
1486.749	14.462
1487.456	14.478
1488.170	14.494
1488.885	14.510
1489.598	14.525
1490.307	14.541
1491.007	14.557
1491.698	14.574
1492.380	14.591
1493.053	14.608
1493.720	14.626
1494.382	14.644
1495.043	14.662
1495.708	14.680
1496.380	14.697
1497.064	14.715
1497.765	14.731
1498.487	14.747
1499.234	14.762
1500.009	14.776
1500.818	14.788
1501.659	14.799
1502.538	14.809
1503.455	14.817
1504.411	14.823
1505.409	14.828
1506.449	14.831
1507.536	14.832
1508.673	14.830
1509.865	14.827
1511.117	14.821
1512.435	14.813
1513.827	14.802
1515.296	14.787
1516.843	14.769
1518.465	14.749
1520.153	14.725
1521.891	14.699
1523.659	14.672
1525.428	14.645
1527.168	14.619
1528.851	14.594
1530.449	14.573
1531.942	14.556
1533.317	14.544
1534.565	14.536
1535.688	14.534
1536.692	14.536
1537.585	14.543
1538.380	14.554
1539.090	14.569
1539.729	14.586
1540.311	14.606
1540.847	14.628
1541.351	14.651
1541.835	14.676
1542.308	14.701
1542.781	14.726
1543.266	14.751
1543.771	14.775
1544.307	14.798
1544.884	14.820
1545.510	14.840
1546.195	14.857
1546.945	14.872
1547.768	14.884
1548.665	14.893
1549.639	14.899
1550.686	14.902
1551.800	14.902
1552.970	14.899
1554.184	14.895
1555.428	14.889
1556.686	14.882
1557.945	14.875
1559.198	14.869
1560.439	14.863
1561.669	14.857
1562.898	14.852
1564.137	14.846
1565.404	14.840
1566.720	14.831
1568.108	14.821
1569.586	14.806
1571.170	14.788
1572.866	14.766
1574.673	14.739
1576.576	14.708
1578.545	14.674
1580.544	14.639
1582.534	14.604
1584.473	14.571
1586.329	14.541
1588.076	14.515
1589.703	14.493
1591.210	14.477
1592.605	14.464
1593.903	14.456
1595.123	14.451
1596.282	14.448
1597.401	14.447
1598.497	14.447
1599.581	14.447
1600.666	14.448
1601.760	14.448
1602.865	14.448
1603.987	14.448
1605.122	14.447
1606.269	14.445
1607.427	14.443
1608.588	14.441
1609.750	14.439
1610.908	14.437
1612.055	14.435
1613.191	14.433
1614.308	14.432
1615.405	14.432
1616.478	14.433
1617.524	14.435
1618.542	14.438
1619.527	14.442
1620.479	14.447
1621.396	14.453
1622.276	14.461
1623.117	14.470
1623.920	14.481
1624.681	14.493
1625.403	14.506
1626.087	14.521
1626.730	14.538
1627.338	14.556
1627.909	14.575
1628.447	14.596
1628.954	14.618
1629.433	14.641
1629.887	14.665
1630.321	14.690
1630.736	14.716
1631.139	14.742
1631.536	14.769
1631.932	14.796
1632.335	14.823
1632.755	14.849
1633.203	14.874
1633.697	14.898
1634.254	14.920
1634.898	14.939
1635.661	14.954
1636.577	14.962
1637.689	14.964
1639.044	14.957
1640.680	14.939
1642.639	14.910
1644.930	14.867
1647.532	14.813
1650.393	14.748
1653.406	14.677
1656.452	14.605
1659.400	14.535
1662.146	14.473
1664.625	14.420
1666.814	14.378
1668.728	14.346
1670.411	14.323
1671.916	14.307
1673.302	14.297
1674.627	14.288
1675.937	14.281
1677.275	14.274
1678.672	14.264
1680.142	14.253
1681.700	14.238
1683.333	14.220
1685.031	14.201
1686.761	14.179
1688.493	14.158
1690.189	14.137
1691.816	14.119
1693.341	14.103
1694.745	14.092
1696.014	14.085
1697.144	14.083
1698.137	14.085
1699.004	14.092
1699.754	14.103
1700.403	14.117
1700.965	14.135
1701.453	14.155
1701.881	14.177
1702.261	14.201
1702.602	14.227
1702.914	14.254
1703.204	14.282
1703.479	14.310
1703.744	14.339
1704.004	14.368
1704.264	14.398
1704.527	14.427
1704.796	14.457
1705.074	14.486
1705.363	14.515
1705.667	14.543
1705.986	14.571
1706.324	14.599
1706.680	14.626
1707.057	14.652
1707.455	14.677
1707.876	14.702
1708.319	14.726
1708.784	14.749
1709.272	14.772
1709.781	14.794
1710.310	14.815
1710.858	14.835
1711.424	14.855
1712.007	14.874
1712.603	14.893
1713.214	14.911
1713.840	14.928
1714.480	14.945
1715.135	14.962
1715.810	14.978
1716.510	14.993
1717.240	15.007
1718.013	15.019
1718.838	15.030
1719.734	15.038
1720.718	15.043
1721.812	15.045
1723.040	15.041
1724.427	15.032
1725.992	15.016
1727.753	14.994
1729.715	14.963
1731.864	14.926
1734.177	14.883
1736.605	14.835
1739.088	14.785
1741.557	14.736
1743.949	14.688
1746.207	14.646
1748.297	14.609
1750.202	14.579
1751.922	14.555
1753.472	14.538
1754.877	14.526
1756.167	14.518
1757.374	14.514
1758.531	14.511
1759.670	14.510
1760.820	14.509
1762.012	14.506
1763.274	14.501
1764.631	14.494
1766.106	14.483
1767.719	14.467
1769.481	14.446
1771.398	14.420
1773.463	14.389
1775.655	14.354
1777.946	14.315
1780.291	14.275
1782.641	14.234
1784.948	14.194
1787.162	14.157
1789.247	14.124
1791.180	14.096
1792.943	14.074
1794.534	14.057
1795.967	14.045
1797.249	14.038
1798.398	14.035
1799.438	14.037
1800.386	14.041
1801.262	14.047
1802.088	14.056
1802.880	14.066
1803.658	14.076
1804.439	14.087
1805.238	14.097
1806.075	14.106
1806.964	14.113
1807.923	14.119
1808.964	14.122
1810.103	14.122
1811.348	14.119
1812.705	14.112
1814.176	14.102
1815.755	14.088
1817.429	14.071
1819.180	14.052
1820.980	14.030
1822.804	14.008
1824.621	13.986
1826.406	13.965
1828.136	13.946
1829.799	13.928
1831.387	13.913
1832.903	13.900
1834.356	13.889
1835.761	13.880
1837.139	13.872
1838.510	13.864
1839.896	13.856
1841.323	13.847
1842.807	13.837
1844.365	13.824
1846.005	13.809
1847.731	13.792
1849.535	13.773
1851.401	13.751
1853.309	13.728
1855.227	13.705
1857.125	13.682
1858.968	13.660
1860.728	13.641
1862.379	13.624
1863.904	13.611
1865.296	13.602
1866.549	13.597
1867.668	13.595
1868.661	13.598
1869.538	13.604
1870.311	13.613
1870.993	13.624
1871.595	13.638
1872.131	13.654
1872.609	13.672
1873.039	13.691
1873.429	13.712
1873.787	13.733
1874.117	13.756
1874.426	13.779
1874.717	13.803
1874.993	13.827
1875.258	13.852
1875.518	13.877
1875.770	13.903
1876.021	13.928
1876.272	13.954
1876.526	13.979
1876.786	14.005
1877.055	14.030
1877.339	14.055
1877.641	14.080
1877.967	14.104
1878.325	14.127
1878.723	14.149
1879.171	14.170
1879.684	14.189
1880.276	14.206
1880.966	14.220
1881.778	14.230
1882.738	14.236
1883.874	14.237
1885.219	14.232
1886.804	14.220
1888.656	14.200
1890.793	14.171
1893.219	14.134
1895.915	14.088
1898.839	14.036
1901.926	13.979
1905.085	13.919
1908.228	13.859
1911.260	13.803
1914.109	13.751
1916.723	13.707
1919.074	13.669
1921.159	13.640
1922.986	13.618
1924.576	13.603
1925.955	13.594
1927.151	13.590
1928.187	13.591
1929.089	13.596
1929.875	13.604
1930.563	13.615
1931.168	13.628
1931.702	13.644
1932.174	13.661
1932.594	13.680
1932.968	13.700
1933.302	13.722
1933.602	13.744
1933.873	13.768
1934.116	13.792
1934.336	13.817
1934.536	13.843
1934.719	13.869
1934.885	13.896
1935.038	13.924
1935.177	13.952
1935.306	13.980
1935.426	14.009
1935.537	14.038
1935.640	14.067
1935.736	14.097
1935.826	14.127
1935.911	14.157
1935.990	14.188
1936.065	14.219
1936.137	14.250
1936.205	14.281
1936.270	14.313
1936.333	14.344
1936.393	14.376
1936.451	14.408
1936.508	14.441
1936.563	14.473
1936.616	14.506
1936.670	14.538
1936.722	14.571
1936.774	14.604
1936.826	14.637
1936.878	14.671
1936.930	14.704
1936.983	14.738
1937.037	14.771
1937.093	14.805
1937.150	14.839
1937.209	14.873
1937.270	14.907
1937.335	14.941
1937.403	14.975
1937.476	15.009
1937.553	15.043
1937.637	15.077
1937.727	15.110
1937.826	15.144
1937.934	15.177
1938.054	15.211
1938.188	15.244
1938.339	15.276
1938.509	15.308
1938.704	15.339
1938.930	15.370
1939.191	15.399
1939.498	15.427
1939.861	15.453
1940.294	15.476
1940.813	15.497
1941.439	15.515
1942.197	15.528
1943.116	15.536
1944.228	15.537
1945.567	15.530
1947.166	15.515
1949.044	15.489
1951.211	15.454
1953.654	15.409
1956.323	15.356
1959.145	15.298
1962.028	15.237
1964.860	15.177
1967.545	15.122
1970.011	15.074
1972.207	15.035
1974.120	15.005
1975.754	14.984
1977.137	14.973
1978.298	14.968
1979.274	14.971
1980.100	14.978
1980.802	14.990
1981.410	15.005
1981.943	15.022
1982.416	15.042
1982.847	15.063
1983.243	15.086
1983.614	15.109
1983.965	15.133
1984.301	15.158
1984.627	15.184
1984.944	15.209
1985.254	15.235
1985.559	15.261
1985.861	15.288
1986.158	15.315
1986.451	15.341
1986.741	15.368
1987.027	15.396
1987.308	15.423
1987.585	15.451
1987.857	15.479
1988.123	15.507
1988.383	15.536
1988.636	15.564
1988.882	15.594
1989.120	15.623
1989.351	15.653
1989.573	15.683
1989.787	15.714
1989.991	15.745
1990.187	15.776
1990.375	15.808
1990.552	15.841
1990.722	15.873
1990.883	15.907
1991.035	15.940
1991.179	15.974
1991.315	16.009
1991.443	16.043
1991.563	16.079
1991.677	16.114
1991.783	16.150
1991.884	16.187
1991.978	16.224
1992.066	16.261
1992.149	16.298
1992.226	16.336
1992.299	16.374
1992.367	16.413
1992.431	16.452
1992.492	16.491
1992.549	16.530
1992.602	16.570
1992.652	16.610
1992.699	16.650
1992.743	16.691
1992.785	16.732
1992.825	16.773
1992.863	16.814
1992.898	16.856
1992.932	16.898
1992.965	16.940
1992.995	16.982
1993.025	17.025
1993.053	17.068
1993.080	17.111
1993.106	17.154
1993.131	17.197
1993.155	17.241
1993.178	17.285
1993.201	17.329
1993.223	17.373
1993.244	17.418
1993.265	17.463
1993.285	17.508
1993.305	17.553
1993.324	17.598
1993.343	17.644
1993.361	17.690
1993.379	17.736
1993.397	17.782
1993.415	17.829
1993.432	17.875
1993.449	17.922
1993.466	17.969
1993.482	18.017
1993.499	18.064
1993.515	18.112
1993.531	18.160
1993.547	18.208
1993.563	18.256
1993.579	18.305
1993.594	18.354
1993.610	18.403
1993.625	18.452
1993.641	18.502
1993.656	18.551
1993.671	18.601
1993.686	18.651
1993.701	18.702
1993.715	18.752
1993.730	18.803
1993.745	18.854
1993.760	18.905
1993.774	18.957
1993.789	19.009
1993.803	19.060
1993.817	19.113
1993.832	19.165
1993.846	19.218
1993.860	19.271
1993.874	19.324
1993.888	19.377
1993.902	19.431
1993.916	19.484
1993.930	19.539
1993.944	19.593
1993.957	19.647
1993.971	19.702
1993.984	19.757
1993.998	19.813
1994.011	19.868
1994.025	19.924
1994.038	19.980
1994.051	20.036
1994.064	20.093
1994.077	20.150
1994.090	20.207
1994.103	20.264
1994.116	20.322
1994.128	20.379
1994.141	20.438
1994.153	20.496
1994.166	20.555
1994.178	20.613
1994.190	20.673
1994.203	20.732
1994.215	20.792
1994.227	20.852
1994.239	20.912
1994.250	20.973
1994.262	21.033
1994.273	21.094
1994.285	21.156
1994.296	21.217
1994.308	21.279
1994.319	21.342
1994.330	21.404
1994.341	21.467
1994.352	21.530
1994.363	21.593
1994.373	21.657
1994.384	21.721
1994.394	21.785
1994.404	21.850
1994.415	21.914
1994.425	21.980
1994.435	22.045
1994.445	22.111
1994.454	22.177
1994.464	22.243
1994.474	22.310
1994.483	22.377
1994.492	22.444
1994.501	22.511
1994.511	22.579
1994.520	22.648
1994.528	22.716
1994.537	22.785
1994.546	22.854
1994.554	22.923
1994.563	22.993
1994.571	23.063
1994.579	23.134
1994.587	23.204
1994.595	23.275
1994.603	23.347
1994.611	23.419
1994.619	23.491
1994.626	23.563
1994.633	23.636
1994.641	23.709
1994.648	23.782
1994.655	23.856
1994.662	23.930
1994.669	24.004
1994.676	24.079
