<j>	var(j)
1.250	0.222
2.232	0.287
3.740	0.792
5.137	0.905
6.247	0.816
7.227	0.722
8.105	0.587
8.950	0.764
10.286	1.765
12.079	1.487
13.046	0.955
13.750	0.965
14.648	1.139
15.665	1.126
16.653	1.185
17.710	1.504
19.027	2.246
20.562	1.894
21.521	1.343
22.333	1.579
23.336	1.538
24.231	1.423
25.198	2.831
27.226	6.128
29.642	4.706
30.938	3.660
31.968	3.550
32.967	3.270
33.885	2.967
34.743	2.927
35.634	3.027
36.572	2.774
37.416	2.190
38.106	2.005
38.828	2.539
39.828	3.394
41.079	3.338
42.152	2.547
42.987	2.736
44.011	4.195
45.532	5.684
47.227	5.590
48.658	4.969
49.859	4.627
50.959	4.641
52.059	4.672
53.134	4.058
54.029	2.919
54.675	1.964
55.139	1.432
55.518	1.185
55.874	1.107
56.255	1.232
56.757	1.952
57.723	4.784
59.996	9.987
62.828	7.585
64.327	4.411
65.255	4.239
66.213	4.925
67.332	5.909
68.641	7.297
70.183	9.217
71.975	11.070
73.883	11.658
75.659	10.549
77.124	8.437
78.238	6.325
79.068	4.835
79.723	4.052
80.303	3.856
80.891	4.223
81.579	5.281
82.480	7.080
83.692	8.986
85.145	9.431
86.538	7.791
87.614	5.583
88.380	4.115
88.972	3.510
89.515	3.557
90.107	4.081
90.824	4.819
91.682	5.246
92.597	4.893
93.427	4.067
94.127	3.798
94.850	5.271
95.970	9.698
97.957	15.466
100.496	14.534
102.361	8.375
103.348	4.860
103.960	3.895
104.497	4.010
105.092	4.921
105.871	7.029
107.021	10.663
108.699	14.425
110.713	14.912
112.526	12.259
113.914	10.305
115.087	10.270
116.270	10.982
117.512	11.143
118.731	10.445
119.845	9.591
120.866	9.290
121.866	9.552
122.900	9.814
123.951	9.457
124.945	8.354
125.812	6.965
126.541	5.896
127.177	5.490
127.799	5.816
128.491	6.786
129.322	8.137
130.323	9.346
131.449	9.796
132.591	9.361
133.656	8.681
134.645	8.572
135.642	9.409
136.753	11.060
138.049	13.131
139.543	15.303
141.210	17.409
143.007	18.832
144.826	18.299
146.471	15.410
147.780	11.589
148.740	8.511
149.455	6.751
150.044	6.088
150.602	6.129
151.186	6.540
151.828	7.055
152.533	7.443
153.284	7.538
154.046	7.313
154.790	6.920
155.504	6.650
156.207	6.873
156.963	8.020
157.880	10.573
159.112	14.815
160.794	20.033
162.906	23.961
165.185	24.685
167.318	22.875
169.165	20.063
170.711	16.899
171.975	13.722
172.986	10.968
173.797	8.921
174.468	7.609
175.056	6.947
175.612	6.895
176.186	7.522
176.837	8.959
177.635	11.258
178.650	14.085
179.901	16.444
181.308	17.096
182.702	15.929
183.958	14.643
185.115	15.695
186.396	21.254
188.157	32.446
190.721	46.609
194.009	55.369
197.397	53.787
200.322	47.566
202.726	42.220
204.765	37.729
206.523	32.786
208.007	27.294
209.219	21.974
210.188	17.479
210.961	14.069
211.591	11.712
212.125	10.264
212.605	9.586
213.066	9.583
213.539	10.215
214.059	11.473
214.656	13.345
215.364	15.748
216.210	18.446
217.203	20.993
218.326	22.785
219.530	23.287
220.739	22.344
221.881	20.292
222.907	17.741
223.801	15.240
224.572	13.087
225.241	11.349
225.830	9.968
226.357	8.856
226.834	7.941
227.271	7.184
227.676	6.576
228.056	6.136
228.421	5.909
228.783	5.962
229.161	6.385
229.581	7.289
230.078	8.781
230.692	10.898
231.466	13.489
232.426	16.090
233.557	17.994
234.791	18.730
236.045	18.710
237.282	19.389
238.574	22.794
240.115	30.770
242.176	43.405
244.922	55.970
248.121	59.517
251.149	51.074
253.517	38.017
255.195	27.583
256.399	21.397
257.342	18.326
258.165	17.066
258.944	16.755
259.718	16.898
260.507	17.205
261.316	17.523
262.145	17.803
262.991	18.076
263.854	18.430
264.739	18.952
265.653	19.689
266.607	20.605
267.606	21.581
268.652	22.436
269.734	22.971
270.836	23.020
271.931	22.486
272.994	21.360
273.997	19.713
274.918	17.686
275.744	15.467
276.467	13.254
277.091	11.224
277.625	9.503
278.085	8.163
278.489	7.233
278.856	6.728
279.208	6.679
279.570	7.171
279.973	8.409
280.464	10.815
281.116	15.185
282.055	22.852
283.476	35.475
285.630	53.408
288.667	72.093
292.358	81.739
296.072	77.360
299.250	65.115
301.756	52.905
303.720	43.476
305.303	36.416
306.615	30.874
307.721	26.357
308.665	22.646
309.479	19.627
310.190	17.208
310.820	15.304
311.387	13.841
311.907	12.761
312.394	12.021
312.862	11.595
313.321	11.467
313.783	11.634
314.262	12.096
314.768	12.858
315.316	13.913
315.917	15.237
316.583	16.770
317.323	18.413
318.140	20.032
319.031	21.494
319.986	22.735
320.994	23.826
322.048	25.029
323.155	26.765
324.338	29.507
325.643	33.555
327.117	38.727
328.792	44.059
330.649	47.858
332.597	48.478
334.496	45.483
336.217	40.057
337.695	34.161
338.940	29.369
340.010	26.391
340.980	25.241
341.917	25.563
342.876	26.818
343.885	28.374
344.952	29.560
346.057	29.791
347.160	28.736
348.213	26.433
349.173	23.263
350.014	19.767
350.728	16.444
351.326	13.630
351.827	11.494
352.257	10.087
352.643	9.426
353.014	9.547
353.402	10.558
353.845	12.670
354.390	16.202
355.102	21.526
356.057	28.862
357.333	37.848
358.976	47.000
360.949	53.693
363.102	55.481
365.223	52.049
367.132	45.517
368.754	38.657
370.113	33.237
371.280	29.820
372.332	28.357
373.343	28.698
374.375	30.782
375.490	34.563
376.745	39.816
378.183	45.877
379.816	51.512
381.609	55.197
383.477	55.869
385.313	53.716
387.035	50.255
388.618	47.648
390.108	47.878
391.605	52.342
393.243	61.642
395.158	75.149
397.445	90.204
400.096	101.911
402.955	105.003
405.756	97.442
408.235	82.113
410.249	64.382
411.791	48.490
412.940	36.209
413.797	27.509
414.453	21.626
414.975	17.723
415.409	15.128
415.786	13.371
416.124	12.137
416.436	11.226
416.729	10.512
417.008	9.916
417.276	9.388
417.532	8.901
417.780	8.440
418.017	7.999
418.247	7.578
418.467	7.179
418.679	6.809
418.884	6.475
419.082	6.183
419.274	5.943
419.462	5.763
419.648	5.651
419.834	5.617
420.023	5.673
420.217	5.833
420.421	6.112
420.640	6.532
420.878	7.119
421.143	7.907
421.443	8.940
421.788	10.269
422.192	11.955
422.669	14.065
423.238	16.658
423.917	19.760
424.728	23.336
425.686	27.235
426.799	31.170
428.060	34.733
429.446	37.495
430.916	39.180
432.424	39.792
433.931	39.619
435.409	39.077
436.851	38.519
438.259	38.083
439.639	37.684
440.993	37.102
442.313	36.121
443.586	34.681
444.797	32.953
445.942	31.326
447.029	30.339
448.086	30.587
449.161	32.670
450.321	37.140
451.647	44.356
453.228	54.195
455.133	65.578
457.376	76.179
459.882	82.980
462.491	83.858
465.012	78.998
467.296	70.563
469.276	61.079
470.956	52.202
472.375	44.562
473.579	38.169
474.609	32.819
475.495	28.294
476.260	24.435
476.925	21.136
477.504	18.324
478.010	15.942
478.455	13.949
478.848	12.303
479.200	10.968
479.518	9.909
479.810	9.097
480.082	8.508
480.341	8.119
480.593	7.914
480.842	7.883
481.096	8.020
481.358	8.325
481.636	8.806
481.935	9.477
482.262	10.364
482.625	11.503
483.034	12.951
483.502	14.787
484.042	17.118
484.675	20.096
485.424	23.925
486.322	28.868
487.409	35.243
488.733	43.385
490.349	53.517
492.310	65.483
494.647	78.368
497.343	90.216
500.309	98.367
503.381	100.663
506.369	96.744
509.112	88.228
511.522	77.587
513.585	66.922
515.331	57.483
516.815	49.822
518.095	44.128
519.230	40.461
520.276	38.871
521.289	39.401
522.325	42.044
523.438	46.658
524.676	52.830
526.073	59.757
527.637	66.223
529.344	70.831
531.134	72.483
532.927	70.886
534.646	66.740
536.238	61.429
537.687	56.468
539.012	53.062
540.257	51.966
541.481	53.538
542.747	57.814
544.117	64.507
545.640	72.886
547.346	81.661
549.229	89.033
551.240	93.084
553.295	92.499
555.289	87.171
557.126	78.265
558.747	67.621
560.129	57.006
561.286	47.606
562.250	39.950
563.061	34.078
563.758	29.767
564.371	26.700
564.927	24.563
565.444	23.086
565.935	22.057
566.409	21.317
566.870	20.755
567.324	20.300
567.772	19.915
568.215	19.594
568.656	19.357
569.094	19.249
569.535	19.339
569.983	19.717
570.444	20.494
570.929	21.800
571.451	23.773
572.027	26.551
572.677	30.242
573.423	34.885
574.288	40.382
575.290	46.435
576.439	52.492
577.728	57.784
579.132	61.474
580.606	62.917
582.092	61.907
583.534	58.776
584.887	54.262
586.124	49.225
587.241	44.386
588.246	40.201
589.159	36.860
589.999	34.358
590.786	32.585
591.538	31.397
592.266	30.656
592.982	30.253
593.693	30.108
594.403	30.168
595.120	30.398
595.845	30.770
596.582	31.253
597.334	31.808
598.103	32.383
598.887	32.912
599.687	33.319
600.498	33.526
601.315	33.462
602.130	33.074
602.937	32.340
603.727	31.266
604.491	29.895
605.223	28.290
605.916	26.531
606.569	24.700
607.179	22.873
607.746	21.108
608.273	19.450
608.762	17.926
609.216	16.549
609.639	15.323
610.035	14.245
610.406	13.312
610.756	12.520
611.089	11.870
611.409	11.375
611.720	11.061
612.026	10.982
612.335	11.237
612.657	12.005
613.009	13.598
613.417	16.561
613.927	21.802
614.615	30.760
615.602	45.411
617.062	67.654
619.203	97.193
622.161	127.873
625.814	146.745
629.693	142.769
633.188	118.779
635.928	88.591
637.902	63.734
639.311	47.994
640.385	40.341
641.311	38.507
642.216	40.500
643.182	44.794
644.255	50.112
645.452	55.230
646.760	58.958
648.138	60.340
649.529	58.922
650.866	54.915
652.097	49.101
653.186	42.524
654.125	36.157
654.922	30.681
655.601	26.461
656.193	23.615
656.729	22.126
657.240	21.936
657.755	23.022
658.305	25.446
658.923	29.396
659.645	35.229
660.519	43.502
661.604	54.944
662.976	70.294
664.719	89.813
666.911	112.387
669.583	134.529
672.665	150.443
675.959	154.412
679.181	144.541
682.066	124.301
684.459	100.014
686.338	77.113
687.766	58.397
688.842	44.405
689.663	34.501
690.305	27.711
690.827	23.130
691.268	20.050
691.656	17.962
692.008	16.515
692.336	15.477
692.646	14.693
692.944	14.066
693.232	13.534
693.512	13.063
693.785	12.633
694.052	12.240
694.312	11.884
694.568	11.572
694.820	11.318
695.068	11.136
695.316	11.050
695.564	11.086
695.817	11.279
696.077	11.676
696.350	12.347
696.643	13.390
696.965	14.955
697.331	17.279
697.761	20.737
698.284	25.943
698.949	33.877
699.828	46.046
701.031	64.525
702.716	91.501
705.071	127.589
708.252	168.416
712.241	201.964
716.715	212.942
721.101	195.325
724.868	158.485
727.779	117.892
729.878	83.774
731.348	58.943
732.380	42.165
733.122	31.179
733.677	24.030
734.110	19.344
734.464	16.240
734.766	14.176
735.033	12.826
735.278	11.987
735.511	11.543
735.739	11.424
735.967	11.589
736.202	12.013
736.449	12.681
736.713	13.583
736.999	14.711
737.312	16.053
737.656	17.586
738.037	19.285
738.458	21.107
738.921	23.003
739.429	24.905
739.981	26.748
740.576	28.474
741.212	30.050
741.883	31.488
742.590	32.864
743.329	34.340
744.104	36.188
744.925	38.788
745.811	42.637
746.791	48.328
747.909	56.507
749.221	67.723
750.790	82.184
752.678	99.366
754.922	117.651
757.516	134.318
760.388	146.253
763.407	151.239
766.421	148.960
769.295	140.917
771.938	129.344
774.309	116.187
776.401	102.734
778.225	89.752
779.801	77.734
781.158	67.036
782.322	57.914
783.329	50.484
784.208	44.766
784.992	40.675
785.710	38.060
786.388	36.738
787.047	36.510
787.709	37.171
788.388	38.510
789.095	40.294
789.838	42.277
790.620	44.188
791.437	45.759
792.284	46.738
793.147	46.921
794.012	46.195
794.862	44.550
795.680	42.077
796.450	38.957
797.163	35.418
797.811	31.700
798.391	28.015
798.906	24.533
799.359	21.371
799.755	18.591
800.102	16.219
800.408	14.248
800.679	12.656
800.922	11.413
801.144	10.490
801.351	9.860
801.548	9.510
801.742	9.437
801.936	9.655
802.138	10.197
802.355	11.118
802.596	12.499
802.870	14.450
803.192	17.111
803.578	20.651
804.049	25.242
804.628	31.046
805.345	38.137
806.226	46.417
807.294	55.530
808.564	64.807
810.030	73.324
811.664	80.160
813.421	84.780
815.249	87.361
817.105	88.823
818.970	90.522
820.856	93.709
822.795	99.045
824.829	106.318
826.989	114.395
829.276	121.526
831.657	125.960
834.072	126.673
836.446	123.798
838.720	118.484
840.860	112.292
842.863	106.542
844.745	101.920
846.532	98.520
848.248	96.049
849.910	94.111
851.528	92.473
853.108	91.216
854.659	90.788
856.196	91.955
857.750	95.686
859.366	102.941
861.102	114.383
863.025	130.002
865.193	148.678
867.636	167.734
870.337	183.241
873.214	191.081
876.130	188.655
878.928	176.212
881.475	156.758
883.693	134.500
885.567	113.165
887.129	95.095
888.438	81.227
889.557	71.540
890.547	65.539
891.461	62.585
892.340	62.081
893.217	63.506
894.119	66.423
895.066	70.489
896.074	75.365
897.151	80.724
898.303	86.269
899.532	91.703
900.833	96.741
902.200	101.156
903.622	104.783
905.086	107.526
906.579	109.339
908.089	110.250
909.601	110.271
911.104	109.422
912.587	107.718
914.039	105.153
915.448	101.744
916.804	97.522
918.099	92.594
919.323	87.088
920.470	81.196
921.538	75.126
922.524	69.097
923.430	63.301
924.261	57.907
925.022	53.034
925.721	48.768
926.367	45.165
926.968	42.251
927.532	40.041
928.071	38.550
928.593	37.792
929.109	37.792
929.629	38.596
930.164	40.266
930.726	42.885
931.329	46.545
931.988	51.361
932.719	57.405
933.539	64.736
934.467	73.321
935.518	82.964
936.705	93.307
938.036	103.762
939.507	113.488
941.102	121.543
942.796	127.000
944.545	129.148
946.303	127.723
948.024	122.944
949.661	115.478
951.185	106.247
952.577	96.210
953.831	86.212
954.951	76.850
955.948	68.486
956.837	61.270
957.634	55.208
958.355	50.219
959.013	46.173
959.621	42.927
960.190	40.348
960.727	38.308
961.241	36.705
961.735	35.449
962.216	34.464
962.686	33.690
963.148	33.077
963.603	32.581
964.055	32.171
964.503	31.818
964.949	31.503
965.393	31.214
965.834	30.942
966.275	30.689
966.714	30.468
967.152	30.291
967.589	30.191
968.028	30.201
968.470	30.368
968.917	30.757
969.372	31.430
969.841	32.472
970.329	33.976
970.843	36.033
971.391	38.748
971.985	42.208
972.636	46.474
973.356	51.560
974.157	57.405
975.051	63.829
976.045	70.519
977.140	77.016
978.331	82.744
979.604	87.085
980.933	89.494
982.288	89.623
983.634	87.417
984.936	83.141
986.165	77.303
987.301	70.544
988.333	63.503
989.261	56.716
990.089	50.549
990.828	45.227
991.493	40.817
992.095	37.304
992.649	34.603
993.167	32.595
993.658	31.164
994.131	30.181
994.593	29.536
995.047	29.130
995.498	28.878
995.948	28.709
996.398	28.565
996.847	28.397
997.296	28.171
997.743	27.864
998.187	27.462
998.627	26.960
999.061	26.362
999.487	25.675
999.903	24.919
1000.309	24.114
1000.705	23.285
1001.088	22.459
1001.460	21.666
1001.821	20.943
1002.172	20.334
1002.515	19.893
1002.854	19.701
1003.192	19.885
1003.538	20.643
1003.902	22.327
1004.302	25.541
1004.769	31.366
1005.355	41.716
1006.151	59.916
1007.312	91.417
1009.095	143.959
1011.875	225.103
1016.089	332.841
1021.973	440.060
1029.137	494.624
1036.457	461.838
1042.720	365.366
1047.359	258.400
1050.516	174.469
1052.614	119.419
1054.049	86.778
1055.105	68.636
1055.953	59.324
1056.698	55.366
1057.403	54.788
1058.108	56.474
1058.840	59.750
1059.619	64.160
1060.458	69.315
1061.367	74.825
1062.347	80.260
1063.397	85.153
1064.507	89.041
1065.664	91.504
1066.847	92.240
1068.033	91.112
1069.199	88.179
1070.322	83.687
1071.383	78.008
1072.369	71.593
1073.271	64.884
1074.089	58.272
1074.823	52.051
1075.480	46.425
1076.068	41.506
1076.595	37.340
1077.073	33.907
1077.509	31.168
1077.912	29.065
1078.292	27.526
1078.654	26.490
1079.005	25.892
1079.352	25.682
1079.698	25.809
1080.049	26.233
1080.408	26.919
1080.779	27.829
1081.165	28.938
1081.569	30.208
1081.992	31.610
1082.438	33.109
1082.907	34.665
1083.401	36.245
1083.918	37.801
1084.460	39.306
1085.024	40.721
1085.611	42.029
1086.219	43.220
1086.845	44.299
1087.488	45.303
1088.147	46.274
1088.823	47.301
1089.515	48.468
1090.227	49.915
1090.963	51.758
1091.728	54.182
1092.532	57.336
1093.387	61.438
1094.306	66.718
1095.306	73.468
1096.411	82.099
1097.647	93.171
1099.051	107.486
1100.668	126.067
1102.558	150.104
1104.795	180.482
1107.453	217.002
1110.594	257.090
1114.223	294.832
1118.255	321.499
1122.491	328.748
1126.655	313.077
1130.475	278.149
1133.760	232.654
1136.440	185.785
1138.541	143.905
1140.151	109.807
1141.374	83.723
1142.306	64.538
1143.028	50.764
1143.599	40.992
1144.064	34.076
1144.454	29.151
1144.792	25.598
1145.090	22.985
1145.361	21.018
1145.610	19.500
1145.844	18.304
1146.064	17.350
1146.275	16.591
1146.478	16.006
1146.676	15.586
1146.870	15.347
1147.063	15.304
1147.256	15.497
1147.454	15.975
1147.661	16.801
1147.880	18.064
1148.118	19.872
1148.382	22.369
1148.683	25.732
1149.032	30.184
1149.446	35.990
1149.942	43.459
1150.545	52.925
1151.282	64.704
1152.185	79.038
1153.287	95.964
1154.621	115.184
1156.211	135.888
1158.070	156.718
1160.184	175.783
1162.520	191.027
1165.013	200.740
1167.583	204.004
1170.148	201.069
1172.631	192.996
1174.978	181.404
1177.155	167.800
1179.146	153.410
1180.950	138.978
1182.573	124.960
1184.024	111.564
1185.314	98.927
1186.454	87.152
1187.457	76.328
1188.334	66.543
1189.099	57.852
1189.766	50.280
1190.347	43.823
1190.855	38.459
1191.303	34.138
1191.704	30.823
1192.069	28.473
1192.409	27.084
1192.736	26.656
1193.062	27.258
1193.399	28.970
1193.762	31.958
1194.167	36.399
1194.632	42.556
1195.181	50.673
1195.838	61.013
1196.632	73.730
1197.593	88.775
1198.747	105.741
1200.116	123.753
1201.706	141.349
1203.503	156.634
1205.468	167.570
1207.539	172.584
1209.639	171.064
1211.688	163.649
1213.622	152.055
1215.398	138.580
1217.005	125.450
1218.453	114.467
1219.774	106.766
1221.011	102.912
1222.207	102.938
1223.412	106.527
1224.660	113.010
1225.990	121.518
1227.413	130.769
1228.943	139.477
1230.560	146.129
1232.241	149.494
1233.943	148.713
1235.620	143.551
1237.220	134.430
1238.706	122.304
1240.046	108.385
1241.227	93.927
1242.244	79.969
1243.109	67.243
1243.836	56.196
1244.444	47.009
1244.955	39.706
1245.389	34.199
1245.766	30.384
1246.105	28.166
1246.423	27.490
1246.738	28.377
1247.069	30.914
1247.433	35.288
1247.855	41.767
1248.359	50.708
1248.974	62.444
1249.737	77.369
1250.682	95.571
1251.847	116.843
1253.266	140.293
1254.956	164.179
1256.911	185.910
1259.094	202.388
1261.428	210.709
1263.818	209.220
1266.143	198.073
1268.307	179.276
1270.236	155.884
1271.892	131.111
1273.273	107.508
1274.398	86.656
1275.302	69.245
1276.025	55.325
1276.605	44.570
1277.074	36.509
1277.461	30.646
1277.789	26.549
1278.076	23.863
1278.338	22.322
1278.586	21.744
1278.830	22.015
1279.080	23.088
1279.345	24.961
1279.635	27.690
1279.960	31.359
1280.331	36.095
1280.760	42.032
1281.263	49.341
1281.857	58.128
1282.557	68.469
1283.384	80.311
1284.354	93.431
1285.479	107.320
1286.766	121.229
1288.211	134.094
1289.796	144.725
1291.490	151.942
1293.250	154.908
1295.023	153.271
1296.760	147.345
1298.410	137.984
1299.943	126.368
1301.336	113.749
1302.584	101.219
1303.691	89.564
1304.670	79.271
1305.536	70.542
1306.310	63.380
1307.007	57.658
1307.645	53.187
1308.236	49.754
1308.792	47.158
1309.322	45.210
1309.832	43.760
1310.329	42.674
1310.815	41.864
1311.295	41.256
1311.769	40.811
1312.240	40.520
1312.711	40.394
1313.181	40.481
1313.656	40.861
1314.136	41.651
1314.630	43.022
1315.142	45.201
1315.685	48.488
1316.271	53.272
1316.920	60.065
1317.658	69.445
1318.515	82.136
1319.534	98.859
1320.763	120.189
1322.255	146.403
1324.063	176.906
1326.226	210.001
1328.758	242.480
1331.629	270.054
1334.755	288.247
1338.015	294.101
1341.258	287.313
1344.357	270.401
1347.215	247.569
1349.792	223.112
1352.087	200.222
1354.130	180.616
1355.964	164.759
1357.633	152.302
1359.173	142.523
1360.612	134.646
1361.969	128.025
1363.258	122.215
1364.487	116.951
1365.661	112.226
1366.788	108.066
1367.872	104.710
1368.924	102.313
1369.953	101.146
1370.972	101.357
1371.995	103.094
1373.039	106.378
1374.118	111.166
1375.247	117.251
1376.438	124.338
1377.699	131.985
1379.036	139.661
1380.445	146.832
1381.920	152.996
1383.450	157.854
1385.020	161.394
1386.616	163.974
1388.231	166.423
1389.862	169.926
1391.525	176.051
1393.244	186.558
1395.065	203.326
1397.048	227.783
1399.263	260.851
1401.785	301.915
1404.674	348.246
1407.961	394.688
1411.611	433.564
1415.535	457.176
1419.564	459.712
1423.516	440.213
1427.208	402.767
1430.512	354.672
1433.374	303.657
1435.789	255.772
1437.807	214.493
1439.490	181.036
1440.908	155.143
1442.123	135.815
1443.190	121.792
1444.150	111.882
1445.034	105.058
1445.869	100.524
1446.669	97.642
1447.450	95.978
1448.218	95.176
1448.983	95.024
1449.747	95.340
1450.516	96.000
1451.292	96.943
1452.075	98.090
1452.871	99.427
1453.677	100.909
1454.497	102.535
1455.331	104.283
1456.181	106.159
1457.046	108.154
1457.928	110.258
1458.828	112.457
1459.747	114.731
1460.685	117.056
1461.642	119.352
1462.618	121.598
1463.613	123.691
1464.622	125.515
1465.649	127.017
1466.685	128.015
1467.731	128.459
1468.777	128.192
1469.822	127.158
1470.855	125.279
1471.874	122.544
1472.867	118.957
1473.832	114.577
1474.759	109.490
1475.646	103.821
1476.486	97.697
1477.276	91.282
1478.015	84.711
1478.700	78.138
1479.334	71.689
1479.916	65.464
1480.448	59.557
1480.933	54.028
1481.375	48.926
1481.776	44.277
1482.140	40.095
1482.471	36.379
1482.773	33.119
1483.049	30.312
1483.303	27.936
1483.538	25.977
1483.758	24.419
1483.966	23.251
1484.166	22.467
1484.360	22.061
1484.552	22.035
1484.745	22.398
1484.944	23.160
1485.150	24.350
1485.369	25.987
1485.603	28.107
1485.859	30.751
1486.140	33.957
1486.453	37.767
1486.802	42.220
1487.195	47.338
1487.637	53.139
1488.134	59.611
1488.694	66.701
1489.321	74.292
1490.020	82.248
1490.796	90.348
1491.646	98.271
1492.571	105.711
1493.565	112.286
1494.615	117.605
1495.715	121.373
1496.844	123.335
1497.989	123.391
1499.128	121.588
1500.248	118.104
1501.332	113.282
1502.370	107.513
1503.352	101.259
1504.277	94.965
1505.144	89.051
1505.958	83.882
1506.726	79.752
1507.460	76.891
1508.170	75.480
1508.871	75.645
1509.578	77.470
1510.304	80.989
1511.069	86.169
1511.884	92.921
1512.767	101.079
1513.729	110.315
1514.777	120.161
1515.920	130.070
1517.152	139.273
1518.466	147.013
1519.848	152.513
1521.270	155.109
1522.711	154.441
1524.133	150.411
1525.512	143.280
1526.815	133.605
1528.025	122.103
1529.125	109.592
1530.109	96.825
1530.977	84.424
1531.732	72.874
1532.384	62.470
1532.944	53.373
1533.423	45.627
1533.834	39.196
1534.189	33.994
1534.499	29.915
1534.774	26.841
1535.022	24.668
1535.252	23.308
1535.472	22.670
1535.688	22.692
1535.906	23.340
1536.133	24.570
1536.373	26.363
1536.634	28.728
1536.918	31.620
1537.235	35.069
1537.587	39.037
1537.981	43.514
1538.421	48.445
1538.913	53.761
1539.459	59.355
1540.064	65.090
1540.727	70.775
1541.449	76.205
1542.225	81.131
1543.050	85.319
1543.917	88.546
1544.814	90.619
1545.730	91.441
1546.653	90.973
1547.568	89.281
1548.463	86.532
1549.331	82.905
1550.160	78.709
1550.947	74.191
1551.690	69.628
1552.386	65.273
1553.041	61.303
1553.658	57.901
1554.242	55.162
1554.802	53.174
1555.344	51.985
1555.877	51.625
1556.409	52.125
1556.950	53.511
1557.509	55.837
1558.095	59.181
1558.720	63.689
1559.396	69.593
1560.138	77.239
1560.966	87.173
1561.904	100.164
1562.985	117.268
1564.255	139.860
1565.771	169.527
1567.608	207.783
1569.846	255.373
1572.572	311.254
1575.843	371.184
1579.663	427.061
1583.941	467.892
1588.484	483.356
1593.026	468.738
1597.290	427.254
1601.067	368.583
1604.250	304.143
1606.830	243.037
1608.866	190.407
1610.450	147.912
1611.677	115.040
1612.631	90.290
1613.382	71.949
1613.984	58.440
1614.475	48.495
1614.886	41.147
1615.237	35.669
1615.543	31.544
1615.817	28.406
1616.064	25.992
1616.292	24.128
1616.505	22.692
1616.707	21.608
1616.901	20.838
1617.089	20.366
1617.274	20.209
1617.459	20.417
1617.647	21.061
1617.843	22.270
1618.052	24.222
1618.283	27.160
1618.543	31.442
1618.847	37.517
1619.215	46.016
1619.668	57.734
1620.242	73.678
1620.977	94.972
1621.926	122.758
1623.154	158.020
1624.726	200.805
1626.709	249.762
1629.150	301.382
1632.042	349.328
1635.330	385.896
1638.876	403.609
1642.491	398.530
1645.973	371.971
1649.148	330.045
1651.910	281.016
1654.227	232.488
1656.125	189.700
1657.665	155.189
1658.925	129.596
1659.982	112.320
1660.904	102.311
1661.754	98.526
1662.580	100.031
1663.428	106.098
1664.333	116.145
1665.327	129.658
1666.442	146.211
1667.698	165.035
1669.110	185.199
1670.693	205.606
1672.437	224.611
1674.327	240.555
1676.337	251.873
1678.415	257.252
1680.522	256.112
1682.594	248.620
1684.587	235.699
1686.460	218.883
1688.185	199.907
1689.751	180.449
1691.159	161.930
1692.420	145.399
1693.551	131.475
1694.575	120.480
1695.516	112.429
1696.398	107.249
1697.242	104.650
1698.070	104.388
1698.900	106.115
1699.746	109.448
1700.621	114.066
1701.536	119.543
1702.493	125.441
1703.500	131.389
1704.554	136.936
1705.647	141.679
1706.782	145.319
1707.938	147.565
1709.111	148.282
1710.287	147.455
1711.451	145.171
1712.596	141.652
1713.709	137.197
1714.787	132.147
1715.823	126.884
1716.818	121.749
1717.773	117.051
1718.691	113.025
1719.579	109.872
1720.444	107.684
1721.294	106.498
1722.135	106.266
1722.978	106.937
1723.827	108.344
1724.688	110.280
1725.567	112.574
1726.465	114.950
1727.380	117.122
1728.316	118.903
1729.262	119.997
1730.217	120.224
1731.174	119.461
1732.121	117.603
1733.055	114.652
1733.962	110.672
1734.837	105.765
1735.672	100.123
1736.463	93.905
1737.204	87.347
1737.893	80.627
1738.529	73.941
1739.113	67.433
1739.646	61.230
1740.131	55.432
1740.572	50.085
1740.970	45.235
1741.331	40.892
1741.659	37.045
1741.957	33.687
1742.229	30.784
1742.479	28.311
1742.710	26.235
1742.926	24.524
1743.128	23.146
1743.320	22.079
1743.505	21.295
1743.684	20.780
1743.859	20.517
1744.034	20.498
1744.210	20.722
1744.389	21.190
1744.573	21.914
1744.764	22.906
1744.966	24.193
1745.180	25.803
1745.410	27.774
1745.658	30.152
1745.929	32.990
1746.228	36.349
1746.559	40.287
1746.927	44.875
1747.338	50.169
1747.800	56.220
1748.320	63.051
1748.903	70.653
1749.558	78.963
1750.291	87.853
1751.106	97.113
1752.007	106.434
1752.992	115.428
1754.058	123.628
1755.196	130.521
1756.393	135.614
1757.628	138.512
1758.887	138.926
1760.141	136.789
1761.368	132.226
1762.552	125.525
1763.668	117.162
1764.705	107.657
1765.657	97.546
1766.517	87.323
1767.285	77.413
1767.965	68.108
1768.565	59.629
1769.090	52.111
1769.551	45.602
1769.955	40.135
1770.312	35.704
1770.633	32.309
1770.924	29.979
1771.198	28.783
1771.464	28.871
1771.734	30.491
1772.024	34.064
1772.353	40.233
1772.748	49.925
1773.243	64.493
1773.889	85.831
1774.754	116.300
1775.930	158.718
1777.530	215.772
1779.693	288.778
1782.551	375.463
1786.189	467.412
1790.605	549.490
1795.622	602.494
1800.922	611.920
1806.106	576.113
1810.820	507.436
1814.854	424.952
1818.160	345.509
1820.814	279.103
1822.945	228.875
1824.690	193.914
1826.178	171.457
1827.500	158.405
1828.727	152.086
1829.915	150.325
1831.091	151.498
1832.277	154.360
1833.488	157.988
1834.725	161.694
1835.989	164.934
1837.276	167.305
1838.578	168.536
1839.885	168.456
1841.189	166.965
1842.476	164.099
1843.736	159.934
1844.964	154.645
1846.146	148.412
1847.276	141.492
1848.356	134.078
1849.376	126.440
1850.335	118.782
1851.239	111.257
1852.084	104.067
1852.874	97.308
1853.616	91.081
1854.310	85.472
1854.963	80.507
1855.580	76.246
1856.165	72.690
1856.725	69.837
1857.265	67.710
1857.791	66.266
1858.307	65.521
1858.821	65.431
1859.335	65.974
1859.855	67.098
1860.387	68.796
1860.935	70.977
1861.500	73.558
1862.089	76.514
1862.703	79.695
1863.341	82.983
1864.010	86.303
1864.706	89.470
1865.425	92.338
1866.171	94.808
1866.935	96.701
1867.714	97.921
1868.503	98.383
1869.295	98.020
1870.084	96.822
1870.863	94.809
1871.624	92.047
1872.363	88.620
1873.075	84.657
1873.754	80.283
1874.399	75.648
1875.006	70.889
1875.576	66.137
1876.109	61.519
1876.605	57.128
1877.067	53.063
1877.497	49.398
1877.899	46.188
1878.276	43.503
1878.633	41.392
1878.975	39.912
1879.306	39.138
1879.633	39.156
1879.963	40.072
1880.304	42.040
1880.664	45.225
1881.054	49.870
1881.488	56.268
1881.981	64.727
1882.552	75.655
1883.222	89.493
1884.017	106.588
1884.965	127.254
1886.098	151.635
1887.445	179.387
1889.029	209.669
1890.871	241.029
1892.968	271.163
1895.302	297.306
1897.829	316.665
1900.481	326.929
1903.179	327.028
1905.841	317.408
1908.387	299.890
1910.764	277.148
1912.939	252.127
1914.902	227.291
1916.662	204.467
1918.239	184.684
1919.666	168.362
1920.964	155.450
1922.163	145.602
1923.292	138.368
1924.365	133.248
1925.399	129.806
1926.411	127.637
1927.406	126.432
1928.392	125.939
1929.376	125.996
1930.361	126.471
1931.350	127.280
1932.346	128.381
1933.351	129.726
1934.366	131.284
1935.394	133.023
1936.436	134.884
1937.491	136.803
1938.561	138.716
1939.647	140.520
1940.744	142.099
1941.852	143.356
1942.971	144.206
1944.094	144.556
1945.216	144.370
1946.339	143.610
1947.452	142.326
1948.553	140.552
1949.641	138.395
1950.710	135.973
1951.759	133.422
1952.789	130.873
1953.799	128.478
1954.790	126.338
1955.765	124.555
1956.728	123.185
1957.680	122.252
1958.625	121.748
1959.568	121.616
1960.510	121.794
1961.454	122.143
1962.403	122.568
1963.353	122.872
1964.305	122.942
1965.259	122.625
1966.210	121.795
1967.151	120.337
1968.081	118.197
1968.996	115.354
1969.886	111.804
1970.747	107.601
1971.578	102.832
1972.370	97.605
1973.120	92.026
1973.830	86.235
1974.493	80.354
1975.112	74.488
1975.687	68.747
1976.217	63.211
1976.706	57.935
1977.154	52.982
1977.565	48.362
1977.941	44.107
1978.285	40.206
1978.600	36.665
1978.888	33.462
1979.151	30.583
1979.393	28.006
1979.615	25.708
1979.820	23.667
1980.010	21.858
1980.185	20.259
1980.349	18.850
1980.502	17.612
1980.646	16.527
1980.781	15.580
1980.909	14.756
1981.031	14.043
1981.148	13.430
1981.260	12.907
1981.369	12.468
1981.474	12.104
1981.577	11.809
1981.678	11.582
1981.777	11.415
1981.876	11.307
1981.974	11.257
1982.072	11.261
1982.171	11.321
1982.271	11.435
1982.372	11.604
1982.476	11.830
1982.582	12.113
1982.691	12.454
1982.804	12.858
1982.921	13.325
1983.042	13.858
1983.170	14.458
1983.303	15.132
1983.444	15.878
1983.592	16.698
1983.748	17.596
1983.913	18.571
1984.089	19.621
1984.276	20.747
1984.473	21.942
1984.682	23.204
1984.905	24.526
1985.142	25.895
1985.392	27.294
1985.656	28.711
1985.935	30.131
1986.230	31.534
1986.537	32.882
1986.859	34.156
1987.195	35.336
1987.543	36.387
1987.901	37.272
1988.269	37.980
1988.644	38.488
1989.026	38.768
1989.411	38.813
1989.797	38.612
1990.180	38.169
1990.559	37.490
1990.934	36.584
1991.300	35.475
1991.654	34.188
1991.996	32.742
1992.325	31.175
1992.638	29.519
1992.935	27.796
1993.216	26.044
1993.479	24.289
1993.726	22.547
1993.954	20.852
1994.167	19.207
1994.363	17.636
1994.544	16.143
1994.709	14.740
1994.862	13.425
1995.000	12.205
1995.128	11.076
1995.243	10.042
1995.348	9.093
1995.444	8.229
1995.530	7.443
1995.609	6.733
1995.681	6.091
1995.746	5.513
1995.806	4.993
1995.860	4.527
1995.909	4.110
1995.953	3.737
1995.995	3.403
1996.032	3.104
1996.066	2.838
1996.098	2.601
1996.127	2.390
1996.154	2.202
1996.179	2.033
1996.202	1.883
1996.223	1.749
1996.244	1.629
1996.262	1.522
1996.280	1.426
1996.297	1.340
1996.313	1.263
1996.328	1.194
1996.342	1.131
1996.355	1.075
1996.368	1.024
1996.381	0.978
1996.393	0.935
1996.404	0.897
1996.415	0.862
1996.426	0.830
1996.436	0.800
1996.446	0.773
1996.456	0.748
1996.465	0.725
1996.474	0.703
1996.484	0.682
1996.492	0.663
1996.501	0.645
1996.509	0.629
1996.517	0.613
1996.525	0.597
1996.533	0.583
1996.541	0.569
1996.548	0.556
1996.556	0.544
1996.563	0.532
1996.570	0.520
1996.577	0.509
1996.584	0.498
1996.591	0.488
1996.598	0.478
1996.604	0.468
1996.611	0.458
1996.617	0.449
1996.624	0.440
1996.630	0.431
1996.636	0.423
1996.642	0.415
1996.648	0.406
1996.654	0.398
1996.660	0.391
1996.666	0.383
1996.671	0.376
1996.677	0.368
1996.682	0.361
1996.687	0.354
1996.693	0.348
1996.698	0.341
1996.703	0.334
1996.708	0.328
1996.713	0.322
1996.718	0.316
1996.723	0.309
1996.728	0.304
1996.733	0.298
1996.737	0.292
1996.742	0.286
1996.746	0.281
1996.751	0.275
1996.755	0.270
1996.759	0.265
1996.764	0.260
1996.768	0.255
1996.772	0.250
1996.776	0.245
1996.780	0.240
1996.784	0.235
1996.788	0.231
1996.792	0.226
1996.796	0.222
1996.799	0.218
1996.803	0.213
1996.807	0.209
1996.810	0.205
1996.814	0.201
1996.817	0.197
1996.821	0.193
1996.824	0.189
1996.827	0.185
1996.831	0.182
1996.834	0.178
1996.837	0.174
1996.840	0.171
1996.843	0.167
1996.846	0.164
