<j>	var(j)
1.458	0.384
2.450	0.435
3.668	0.591
4.823	0.537
5.811	0.792
7.185	0.966
8.321	0.759
9.192	0.730
10.201	1.062
11.491	1.196
12.635	1.508
14.088	2.438
15.691	2.220
16.809	1.529
17.571	1.147
18.243	1.178
19.065	1.509
20.190	2.224
21.679	2.966
23.211	2.759
24.374	2.157
25.276	2.045
26.193	2.505
27.376	3.505
28.875	3.572
30.101	2.370
30.884	1.953
31.628	2.436
32.651	3.335
33.975	3.766
35.282	3.700
36.496	3.949
37.744	3.940
38.889	3.200
39.781	2.458
40.499	2.161
41.190	2.216
41.960	2.466
42.853	2.721
43.836	2.722
44.787	2.316
45.579	1.754
46.205	1.434
46.792	1.754
47.690	3.954
49.786	9.177
52.745	8.081
54.420	4.270
55.284	2.914
55.921	2.454
56.504	2.355
57.112	2.545
57.826	3.255
58.810	5.138
60.371	8.459
62.545	9.773
64.464	6.796
65.619	4.027
66.313	2.756
66.826	2.242
67.283	2.048
67.739	2.047
68.238	2.406
68.897	3.870
70.077	8.028
72.343	13.358
75.032	10.670
76.633	5.208
77.384	2.972
77.857	2.521
78.314	3.240
78.985	5.795
80.265	11.251
82.527	16.265
85.050	12.800
86.635	6.575
87.412	3.650
87.877	2.681
88.252	2.340
88.605	2.195
88.962	2.116
89.329	2.054
89.709	2.007
90.105	2.038
90.542	2.354
91.103	3.542
92.052	7.184
93.998	15.127
97.217	19.653
100.074	12.887
101.606	6.896
102.427	4.614
103.019	4.010
103.573	4.222
104.198	5.375
105.048	8.271
106.395	13.726
108.495	19.586
111.026	19.518
113.126	13.969
114.492	9.441
115.417	7.625
116.198	7.593
117.011	8.617
117.955	10.202
119.075	11.708
120.331	12.368
121.610	11.800
122.790	10.369
123.806	8.796
124.669	7.574
125.425	6.856
126.128	6.580
126.824	6.573
127.536	6.599
128.263	6.443
128.980	6.035
129.659	5.516
130.293	5.153
130.908	5.190
131.555	5.763
132.305	6.953
133.233	8.919
134.433	12.092
136.034	16.883
138.137	21.942
140.564	23.181
142.794	19.234
144.471	14.267
145.677	11.335
146.651	10.447
147.572	10.901
148.553	12.273
149.665	14.235
150.944	16.207
152.360	17.340
153.818	17.063
155.198	15.661
156.430	14.078
157.527	13.217
158.565	13.577
159.645	15.249
160.864	17.844
162.271	20.291
163.817	21.085
165.352	19.395
166.702	15.945
167.782	12.260
168.607	9.358
169.247	7.463
169.772	6.401
170.239	5.962
170.692	6.019
171.169	6.527
171.706	7.464
172.338	8.760
173.095	10.211
173.981	11.461
174.969	12.180
176.007	12.446
177.059	13.010
178.169	15.111
179.479	19.792
181.183	26.502
183.341	31.417
185.664	29.702
187.646	22.192
189.028	14.307
189.899	9.080
190.463	6.349
190.875	5.151
191.227	4.855
191.578	5.282
191.981	6.666
192.518	9.707
193.333	15.656
194.667	25.742
196.782	38.354
199.637	45.541
202.591	40.288
204.905	28.294
206.426	18.454
207.408	12.848
208.106	10.036
208.668	8.627
209.167	7.908
209.637	7.593
210.102	7.567
210.578	7.772
211.080	8.140
211.617	8.574
212.194	8.951
212.805	9.143
213.436	9.058
214.066	8.695
214.677	8.155
215.257	7.629
215.811	7.350
216.360	7.561
216.946	8.512
217.630	10.455
218.492	13.573
219.620	17.751
221.069	22.243
222.810	25.736
224.715	27.222
226.619	26.811
228.408	25.176
230.025	22.695
231.439	19.542
232.629	16.107
233.598	12.937
234.377	10.414
235.013	8.632
235.552	7.484
236.032	6.790
236.480	6.390
236.914	6.164
237.343	6.053
237.775	6.061
238.220	6.277
238.695	6.898
239.237	8.271
239.913	10.890
240.828	15.226
242.110	21.080
243.823	26.534
245.833	28.330
247.806	25.336
249.456	20.240
250.734	16.072
251.754	13.699
252.640	12.609
253.468	12.124
254.274	11.847
255.068	11.670
255.856	11.623
256.649	11.722
257.456	11.873
258.277	11.873
259.098	11.514
259.892	10.733
260.630	9.713
261.302	8.874
261.931	8.826
262.586	10.426
263.407	14.940
264.630	23.864
266.555	36.928
269.305	47.858
272.430	47.178
275.128	36.300
277.040	25.226
278.341	18.637
279.321	15.757
280.173	14.855
280.992	14.739
281.813	14.716
282.635	14.397
283.438	13.631
284.197	12.476
284.894	11.140
285.519	9.886
286.082	8.942
286.602	8.466
287.109	8.551
287.637	9.246
288.225	10.560
288.910	12.429
289.726	14.647
290.687	16.803
291.776	18.313
292.940	18.657
294.097	17.689
295.171	15.751
296.114	13.436
296.915	11.268
297.592	9.553
298.175	8.431
298.704	7.998
299.226	8.449
299.802	10.218
300.532	14.171
301.580	21.694
303.191	33.966
305.606	49.070
308.774	59.063
312.132	56.740
315.015	46.240
317.212	36.018
318.882	29.063
320.221	24.447
321.344	20.909
322.304	17.984
323.132	15.877
323.875	15.158
324.605	16.643
325.438	21.408
326.542	30.615
328.127	44.405
330.353	59.393
333.136	67.545
336.030	62.462
338.486	47.671
340.252	32.229
341.415	21.344
342.190	15.331
342.763	12.797
343.261	12.564
343.769	14.098
344.358	17.442
345.103	23.074
346.103	31.684
347.476	43.634
349.335	57.814
351.704	70.422
354.430	75.859
357.176	71.060
359.592	58.723
361.498	44.565
362.907	32.689
363.933	24.342
364.703	19.147
365.318	16.323
365.855	15.209
366.367	15.373
366.897	16.548
367.478	18.554
368.140	21.220
368.903	24.305
369.781	27.449
370.770	30.172
371.852	31.957
372.987	32.412
374.125	31.443
375.218	29.314
376.229	26.549
377.141	23.761
377.960	21.506
378.707	20.273
379.422	20.586
380.164	23.208
381.020	29.381
382.126	40.970
383.678	60.000
385.918	86.504
389.007	114.248
392.800	129.421
396.725	121.257
400.097	95.117
402.579	65.930
404.238	43.307
405.315	28.718
406.034	20.090
406.544	15.123
406.936	12.227
407.260	10.480
407.544	9.380
407.803	8.672
408.047	8.226
408.283	7.983
408.516	7.920
408.752	8.043
408.996	8.367
409.256	8.927
409.538	9.765
409.853	10.936
410.212	12.507
410.629	14.546
411.122	17.122
411.709	20.287
412.411	24.056
413.248	28.393
414.236	33.191
415.388	38.273
416.706	43.411
418.183	48.327
419.803	52.680
421.536	55.999
423.340	57.704
425.156	57.219
426.915	54.279
428.546	49.141
429.994	42.572
431.230	35.556
432.254	28.944
433.085	23.263
433.756	18.705
434.299	15.226
434.747	12.672
435.125	10.855
435.456	9.607
435.754	8.795
436.032	8.330
436.301	8.164
436.571	8.292
436.850	8.761
437.153	9.691
437.495	11.322
437.905	14.115
438.430	18.927
439.149	27.288
440.204	41.680
441.819	65.181
444.292	98.761
447.844	134.868
452.285	154.370
456.848	142.499
460.660	108.273
463.359	72.342
465.097	45.875
466.186	29.408
466.889	19.886
467.372	14.506
467.733	11.475
468.025	9.776
468.280	8.862
468.516	8.444
468.746	8.377
468.979	8.599
469.222	9.108
469.485	9.947
469.778	11.212
470.114	13.060
470.513	15.741
471.002	19.621
471.621	25.204
472.425	33.114
473.486	43.930
474.890	57.769
476.708	73.564
478.962	88.436
481.567	98.198
484.327	99.698
487.000	93.350
489.405	82.936
491.482	72.851
493.278	65.805
494.890	62.473
496.418	62.149
497.933	63.488
499.471	64.990
501.028	65.360
502.574	63.793
504.063	60.151
505.448	54.897
506.700	48.832
507.806	42.783
508.773	37.353
509.618	32.866
510.366	29.402
511.039	26.888
511.661	25.178
512.249	24.109
512.817	23.533
513.378	23.329
513.939	23.400
514.506	23.678
515.086	24.113
515.680	24.663
516.292	25.298
516.925	25.987
517.579	26.708
518.255	27.439
518.952	28.165
519.672	28.889
520.414	29.639
521.178	30.480
521.967	31.520
522.787	32.913
523.647	34.852
524.562	37.543
525.551	41.158
526.638	45.750
527.846	51.141
529.190	56.810
530.669	61.879
532.259	65.236
533.907	65.886
535.541	63.379
537.083	58.039
538.473	50.837
539.675	42.974
540.684	35.472
541.515	28.966
542.195	23.711
542.756	19.695
543.227	16.774
543.633	14.757
543.997	13.470
544.334	12.771
544.660	12.559
544.985	12.772
545.322	13.394
545.681	14.456
546.075	16.064
546.519	18.436
547.036	21.985
547.663	27.443
548.456	36.025
549.509	49.546
550.963	70.174
553.005	99.095
555.810	133.369
559.403	162.654
563.495	172.304
567.511	155.756
570.899	121.928
573.417	85.935
575.139	57.175
576.270	37.544
577.013	25.245
577.519	17.869
577.883	13.526
578.165	10.983
578.398	9.502
578.604	8.654
578.796	8.200
578.980	8.001
579.164	7.980
579.349	8.090
579.540	8.305
579.739	8.607
579.948	8.981
580.169	9.414
580.403	9.893
580.653	10.404
580.918	10.930
581.200	11.452
581.499	11.952
581.813	12.413
582.143	12.824
582.488	13.188
582.845	13.532
583.215	13.926
583.601	14.510
584.008	15.553
584.452	17.540
584.963	21.334
585.601	28.423
586.472	41.204
587.752	62.964
589.702	96.474
592.605	139.416
596.563	177.959
601.208	190.125
605.725	167.100
609.382	124.712
611.965	84.484
613.668	56.121
614.795	39.168
615.593	30.052
616.219	25.638
616.765	23.937
617.285	23.840
617.811	24.770
618.365	26.426
618.961	28.635
619.611	31.257
620.326	34.141
621.108	37.099
621.960	39.893
622.875	42.258
623.842	43.943
624.845	44.763
625.861	44.648
626.871	43.687
627.856	42.116
628.803	40.284
629.710	38.601
630.580	37.488
631.430	37.332
632.283	38.467
633.170	41.144
634.125	45.486
635.187	51.407
636.388	58.512
637.749	66.017
639.271	72.778
640.925	77.541
642.658	79.398
644.400	78.209
646.088	74.737
647.679	70.361
649.164	66.546
650.562	64.393
651.916	64.411
653.271	66.493
654.669	69.999
656.135	73.899
657.671	76.989
659.253	78.183
660.838	76.816
662.375	72.840
663.813	66.796
665.118	59.567
666.274	52.067
667.279	45.009
668.148	38.821
668.899	33.668
669.553	29.537
670.132	26.326
670.652	23.904
671.129	22.152
671.575	20.983
672.003	20.346
672.422	20.227
672.845	20.648
673.281	21.668
673.745	23.371
674.251	25.863
674.817	29.251
675.463	33.617
676.210	38.966
677.079	45.162
678.087	51.853
679.239	58.421
680.528	64.011
681.925	67.687
683.383	68.703
684.841	66.777
686.239	62.220
687.526	55.833
688.669	48.623
689.658	41.505
690.501	35.125
691.215	29.825
691.826	25.704
692.357	22.711
692.831	20.727
693.270	19.622
693.692	19.290
694.113	19.681
694.548	20.819
695.015	22.834
695.535	26.010
696.135	30.854
696.856	38.177
697.757	49.150
698.926	65.206
700.477	87.536
702.537	115.832
705.198	146.317
708.434	170.712
712.025	179.114
715.590	166.931
718.743	139.035
721.262	105.731
723.123	75.656
724.434	52.630
725.343	36.810
725.982	26.822
726.456	21.117
726.837	18.508
727.180	18.263
727.528	20.041
727.920	23.820
728.395	29.793
728.995	38.281
729.773	49.572
730.781	63.665
732.071	79.883
733.673	96.478
735.575	110.565
737.705	118.746
739.932	118.531
742.093	109.714
744.043	94.567
745.687	76.639
746.998	59.155
748.001	44.110
748.745	32.227
749.290	23.378
749.687	17.055
749.980	12.664
750.200	9.674
750.370	7.671
750.508	6.352
750.624	5.505
750.726	4.984
750.821	4.700
750.911	4.595
751.002	4.634
751.094	4.803
751.192	5.104
751.297	5.548
751.413	6.157
751.543	6.967
751.693	8.028
751.868	9.409
752.077	11.206
752.328	13.552
752.636	16.648
753.018	20.821
753.502	26.651
754.128	35.247
754.967	48.833
756.141	71.836
757.883	112.439
760.599	182.949
764.897	292.352
771.332	421.106
779.661	498.914
788.318	461.262
795.407	339.698
800.200	215.080
803.096	127.834
804.787	76.887
805.807	49.570
806.473	35.501
806.961	28.431
807.360	24.983
807.717	23.400
808.055	22.775
808.388	22.633
808.723	22.724
809.061	22.904
809.405	23.092
809.754	23.239
810.107	23.315
810.464	23.300
810.822	23.180
811.181	22.951
811.540	22.609
811.894	22.159
812.243	21.608
812.586	20.964
812.921	20.239
813.247	19.449
813.562	18.608
813.865	17.730
814.156	16.830
814.434	15.924
814.699	15.020
814.950	14.132
815.189	13.268
815.415	12.435
815.628	11.637
815.830	10.880
816.020	10.165
816.199	9.494
816.367	8.866
816.527	8.282
816.677	7.741
816.818	7.241
816.952	6.781
817.078	6.358
817.198	5.973
817.311	5.623
817.419	5.308
817.522	5.027
817.621	4.781
817.716	4.572
817.808	4.402
817.897	4.279
817.985	4.213
818.073	4.217
818.162	4.317
818.255	4.548
818.355	4.968
818.466	5.662
818.595	6.757
818.752	8.450
818.953	11.026
819.220	14.897
819.586	20.627
820.099	28.919
820.822	40.505
821.834	55.816
823.216	74.331
825.024	93.785
827.241	109.853
829.744	117.552
832.313	114.187
834.713	101.574
836.780	85.115
838.481	70.794
839.897	63.285
841.193	66.233
842.601	83.734
844.435	121.303
847.103	184.129
851.048	269.004
856.486	351.201
863.002	386.669
869.509	350.882
874.917	268.705
878.804	183.835
881.369	119.926
883.018	78.913
884.106	54.555
884.866	40.520
885.440	32.488
885.908	27.926
886.316	25.429
886.694	24.227
887.058	23.905
887.422	24.234
887.794	25.082
888.183	26.367
888.596	28.027
889.037	30.014
889.513	32.270
890.028	34.732
890.584	37.319
891.184	39.937
891.829	42.486
892.516	44.855
893.241	46.945
894.003	48.687
894.792	50.035
895.603	50.996
896.431	51.625
897.269	52.019
898.114	52.303
898.964	52.620
899.822	53.104
900.688	53.858
901.569	54.950
902.471	56.407
903.397	58.178
904.353	60.210
905.344	62.405
906.371	64.655
907.433	66.907
908.532	69.145
909.666	71.435
910.835	73.939
912.043	76.900
913.298	80.630
914.613	85.467
916.004	91.734
917.494	99.624
919.106	109.170
920.863	120.048
922.779	131.559
924.855	142.574
927.073	151.591
929.392	157.122
931.754	158.023
934.083	153.840
936.310	145.029
938.376	132.733
940.239	118.418
941.882	103.503
943.307	89.092
944.526	75.896
945.562	64.261
946.439	54.270
947.180	45.850
947.808	38.843
948.342	33.065
948.800	28.337
949.194	24.494
949.537	21.407
949.840	18.954
950.110	17.059
950.356	15.654
950.584	14.700
950.801	14.187
951.012	14.123
951.226	14.557
951.449	15.586
951.692	17.369
951.966	20.156
952.289	24.328
952.684	30.447
953.184	39.304
953.835	51.957
954.702	69.682
955.867	93.720
957.427	124.662
959.481	161.321
962.085	199.339
965.217	230.991
968.716	247.063
972.313	241.873
975.699	216.900
978.630	179.985
980.995	140.501
982.807	105.162
984.148	76.914
985.125	55.923
985.836	41.044
986.361	30.798
986.759	23.878
987.070	19.285
987.326	16.312
987.545	14.496
987.743	13.549
987.931	13.325
988.119	13.782
988.316	14.966
988.534	17.011
988.785	20.141
989.087	24.683
989.460	31.052
989.935	39.783
990.548	51.414
991.342	66.440
992.369	85.009
993.679	106.624
995.307	129.638
997.258	151.133
999.493	167.220
1001.908	174.127
1004.362	169.889
1006.699	155.305
1008.787	133.630
1010.550	109.108
1011.969	85.404
1013.070	64.792
1013.901	48.167
1014.519	35.479
1014.975	26.175
1015.314	19.580
1015.569	15.028
1015.768	11.980
1015.929	10.017
1016.065	8.835
1016.188	8.219
1016.304	8.027
1016.420	8.167
1016.539	8.595
1016.666	9.295
1016.805	10.295
1016.960	11.648
1017.139	13.469
1017.347	15.941
1017.597	19.346
1017.904	24.125
1018.291	30.941
1018.793	40.768
1019.460	54.960
1020.366	75.245
1021.607	103.457
1023.306	140.696
1025.586	185.783
1028.531	233.105
1032.106	271.861
1036.107	289.468
1040.174	278.714
1043.921	243.243
1047.065	195.013
1049.513	146.503
1051.317	105.443
1052.601	74.305
1053.503	52.303
1054.140	37.478
1054.601	27.832
1054.947	21.756
1055.222	18.088
1055.454	16.046
1055.664	15.121
1055.866	14.992
1056.068	15.466
1056.280	16.425
1056.507	17.812
1056.756	19.588
1057.032	21.746
1057.341	24.274
1057.688	27.156
1058.078	30.369
1058.517	33.868
1059.008	37.566
1059.555	41.364
1060.158	45.101
1060.816	48.594
1061.525	51.643
1062.279	54.031
1063.066	55.577
1063.874	56.144
1064.688	55.675
1065.494	54.195
1066.277	51.818
1067.025	48.731
1067.727	45.154
1068.377	41.339
1068.973	37.507
1069.515	33.877
1070.006	30.613
1070.453	27.873
1070.862	25.793
1071.244	24.516
1071.612	24.235
1071.981	25.197
1072.371	27.782
1072.809	32.517
1073.330	40.144
1073.982	51.596
1074.828	67.980
1075.946	90.210
1077.426	118.550
1079.351	151.496
1081.765	184.937
1084.637	212.042
1087.823	225.255
1091.088	220.155
1094.165	198.236
1096.849	166.050
1099.041	131.485
1100.747	100.327
1102.037	75.296
1103.002	56.698
1103.731	43.617
1104.297	34.773
1104.754	28.976
1105.140	25.273
1105.481	22.973
1105.794	21.591
1106.093	20.800
1106.383	20.384
1106.670	20.203
1106.956	20.166
1107.245	20.220
1107.535	20.326
1107.829	20.473
1108.127	20.647
1108.429	20.854
1108.736	21.097
1109.049	21.392
1109.368	21.756
1109.695	22.216
1110.030	22.811
1110.377	23.589
1110.739	24.626
1111.119	26.025
1111.524	27.937
1111.963	30.601
1112.448	34.359
1112.998	39.753
1113.641	47.579
1114.420	59.057
1115.394	75.931
1116.655	100.591
1118.327	135.887
1120.573	184.272
1123.573	245.708
1127.461	314.229
1132.239	375.808
1137.664	411.751
1143.279	409.632
1148.564	372.477
1153.148	315.574
1156.894	255.518
1159.855	202.496
1162.166	160.000
1163.979	127.631
1165.421	103.640
1166.593	86.216
1167.572	73.858
1168.416	65.484
1169.170	60.291
1169.870	57.700
1170.546	57.269
1171.223	58.661
1171.920	61.550
1172.657	65.680
1173.446	70.715
1174.299	76.359
1175.219	82.188
1176.209	87.829
1177.265	92.829
1178.378	96.820
1179.535	99.493
1180.719	100.695
1181.912	100.444
1183.098	98.939
1184.261	96.546
1185.394	93.717
1186.491	90.968
1187.557	88.768
1188.597	87.522
1189.624	87.531
1190.654	88.958
1191.704	91.816
1192.790	96.002
1193.925	101.227
1195.123	107.140
1196.388	113.244
1197.723	119.078
1199.119	124.192
1200.569	128.358
1202.059	131.556
1203.579	134.107
1205.121	136.618
1206.686	139.950
1208.284	145.101
1209.937	153.013
1211.677	164.429
1213.541	179.601
1215.569	198.100
1217.788	218.555
1220.211	238.598
1222.821	255.145
1225.567	264.992
1228.368	265.699
1231.123	256.487
1233.737	238.374
1236.123	213.955
1238.237	186.302
1240.055	158.411
1241.591	132.294
1242.864	109.275
1243.915	89.694
1244.776	73.554
1245.483	60.460
1246.066	49.968
1246.550	41.595
1246.954	34.935
1247.297	29.619
1247.588	25.381
1247.840	21.978
1248.059	19.250
1248.252	17.062
1248.425	15.307
1248.581	13.913
1248.724	12.819
1248.857	11.979
1248.983	11.358
1249.102	10.932
1249.219	10.682
1249.333	10.599
1249.448	10.673
1249.565	10.906
1249.685	11.300
1249.811	11.868
1249.944	12.623
1250.086	13.585
1250.241	14.783
1250.411	16.253
1250.599	18.031
1250.810	20.175
1251.047	22.738
1251.316	25.791
1251.623	29.393
1251.975	33.638
1252.380	38.581
1252.846	44.290
1253.384	50.802
1254.002	58.099
1254.711	66.141
1255.518	74.755
1256.430	83.744
1257.450	92.767
1258.576	101.465
1259.803	109.444
1261.121	116.407
1262.514	122.220
1263.969	127.050
1265.474	131.380
1267.024	136.089
1268.624	142.350
1270.294	151.532
1272.069	165.000
1273.999	183.766
1276.139	208.060
1278.546	236.758
1281.253	266.927
1284.256	293.824
1287.495	311.733
1290.850	315.839
1294.167	304.140
1297.282	278.442
1300.073	243.482
1302.470	204.990
1304.459	167.903
1306.073	135.232
1307.367	108.366
1308.402	87.262
1309.237	71.316
1309.923	59.548
1310.499	51.066
1310.997	45.034
1311.439	40.807
1311.844	37.880
1312.222	35.871
1312.583	34.506
1312.932	33.589
1313.274	32.972
1313.611	32.562
1313.946	32.284
1314.280	32.094
1314.614	31.961
1314.947	31.865
1315.282	31.792
1315.617	31.743
1315.953	31.712
1316.291	31.710
1316.629	31.733
1316.970	31.798
1317.313	31.906
1317.659	32.069
1318.008	32.295
1318.362	32.594
1318.720	32.971
1319.084	33.434
1319.455	33.986
1319.834	34.635
1320.223	35.378
1320.621	36.219
1321.030	37.152
1321.452	38.175
1321.888	39.277
1322.337	40.457
1322.802	41.693
1323.283	42.979
1323.781	44.299
1324.296	45.629
1324.827	46.960
1325.376	48.271
1325.942	49.541
1326.524	50.753
1327.121	51.901
1327.734	52.970
1328.360	53.948
1329.000	54.843
1329.651	55.666
1330.314	56.419
1330.987	57.141
1331.669	57.850
1332.362	58.603
1333.065	59.434
1333.780	60.403
1334.508	61.571
1335.252	62.981
1336.015	64.690
1336.800	66.726
1337.612	69.119
1338.455	71.825
1339.332	74.824
1340.246	78.012
1341.199	81.233
1342.192	84.342
1343.221	87.072
1344.282	89.244
1345.366	90.597
1346.463	90.979
1347.562	90.254
1348.647	88.396
1349.708	85.466
1350.729	81.596
1351.702	77.003
1352.617	71.912
1353.472	66.583
1354.262	61.231
1354.989	56.051
1355.655	51.192
1356.265	46.742
1356.823	42.780
1357.336	39.308
1357.809	36.347
1358.250	33.873
1358.662	31.863
1359.052	30.296
1359.426	29.139
1359.787	28.384
1360.142	28.009
1360.495	28.015
1360.850	28.405
1361.213	29.194
1361.589	30.400
1361.983	32.052
1362.401	34.174
1362.850	36.800
1363.336	39.951
1363.867	43.637
1364.448	47.841
1365.088	52.526
1365.792	57.613
1366.565	62.959
1367.409	68.407
1368.326	73.745
1369.312	78.748
1370.364	83.222
1371.470	87.013
1372.624	90.078
1373.813	92.507
1375.031	94.515
1376.272	96.460
1377.536	98.774
1378.831	101.913
1380.164	106.323
1381.557	112.279
1383.027	119.888
1384.593	128.984
1386.272	139.050
1388.072	149.324
1389.989	158.804
1392.009	166.521
1394.103	171.764
1396.238	174.281
1398.379	174.467
1400.501	173.127
1402.587	171.432
1404.638	170.432
1406.665	170.802
1408.688	172.807
1410.721	175.999
1412.780	179.565
1414.864	182.241
1416.959	182.872
1419.040	180.574
1421.071	175.059
1423.021	166.787
1424.860	156.878
1426.578	146.974
1428.181	139.014
1429.697	135.123
1431.177	137.568
1432.695	148.788
1434.352	171.351
1436.271	207.582
1438.598	258.605
1441.474	322.537
1445.001	392.271
1449.183	454.508
1453.872	492.494
1458.762	493.364
1463.475	455.750
1467.674	390.576
1471.167	314.560
1473.918	242.025
1476.002	181.058
1477.549	133.940
1478.689	99.531
1479.539	75.324
1480.185	58.705
1480.693	47.487
1481.107	39.996
1481.460	35.038
1481.773	31.790
1482.059	29.688
1482.328	28.355
1482.588	27.542
1482.842	27.084
1483.093	26.860
1483.343	26.800
1483.594	26.849
1483.847	26.972
1484.102	27.143
1484.361	27.344
1484.622	27.560
1484.887	27.789
1485.155	28.017
1485.426	28.249
1485.701	28.487
1485.979	28.724
1486.261	28.984
1486.547	29.258
1486.837	29.577
1487.131	29.951
1487.431	30.407
1487.735	30.979
1488.049	31.701
1488.370	32.631
1488.703	33.823
1489.050	35.366
1489.414	37.343
1489.802	39.895
1490.218	43.156
1490.672	47.326
1491.172	52.634
1491.731	59.360
1492.365	67.849
1493.093	78.497
1493.938	91.744
1494.928	108.056
1496.095	127.857
1497.475	151.432
1499.103	178.743
1501.012	209.238
1503.228	241.658
1505.759	273.839
1508.584	302.847
1511.653	325.446
1514.890	338.640
1518.190	340.812
1521.446	332.018
1524.556	313.834
1527.447	289.281
1530.071	261.450
1532.416	233.212
1534.489	206.683
1536.314	183.174
1537.925	163.340
1539.360	147.312
1540.654	134.922
1541.841	125.797
1542.950	119.504
1544.006	115.523
1545.030	113.360
1546.036	112.506
1547.037	112.479
1548.038	112.829
1549.043	113.146
1550.049	113.084
1551.055	112.359
1552.053	110.782
1553.035	108.266
1553.994	104.790
1554.920	100.443
1555.806	95.370
1556.648	89.732
1557.438	83.779
1558.177	77.681
1558.862	71.647
1559.494	65.833
1560.076	60.356
1560.611	55.323
1561.102	50.776
1561.555	46.749
1561.973	43.249
1562.362	40.257
1562.725	37.758
1563.068	35.715
1563.394	34.096
1563.707	32.873
1564.010	32.008
1564.307	31.474
1564.601	31.250
1564.895	31.317
1565.190	31.662
1565.491	32.284
1565.800	33.176
1566.118	34.348
1566.450	35.827
1566.797	37.623
1567.165	39.779
1567.555	42.350
1567.972	45.368
1568.421	48.935
1568.907	53.110
1569.437	57.992
1570.018	63.694
1570.659	70.297
1571.367	77.910
1572.154	86.598
1573.030	96.353
1574.005	107.154
1575.089	118.776
1576.288	130.938
1577.606	143.139
1579.041	154.722
1580.583	164.945
1582.217	173.022
1583.917	178.198
1585.654	180.027
1587.395	178.288
1589.104	173.195
1590.752	165.260
1592.313	155.241
1593.771	144.024
1595.117	132.454
1596.352	121.273
1597.480	111.067
1598.513	102.215
1599.465	94.953
1600.353	89.384
1601.190	85.505
1601.995	83.265
1602.782	82.541
1603.566	83.193
1604.360	85.087
1605.174	88.003
1606.018	91.740
1606.901	96.076
1607.825	100.703
1608.795	105.366
1609.808	109.741
1610.862	113.501
1611.950	116.398
1613.063	118.179
1614.190	118.682
1615.318	117.856
1616.434	115.710
1617.528	112.376
1618.587	108.043
1619.602	102.948
1620.569	97.366
1621.481	91.543
1622.339	85.713
1623.142	80.057
1623.893	74.708
1624.594	69.771
1625.252	65.298
1625.867	61.278
1626.447	57.720
1626.995	54.599
1627.514	51.839
1628.009	49.421
1628.484	47.282
1628.939	45.371
1629.377	43.659
1629.800	42.092
1630.209	40.656
1630.606	39.344
1630.992	38.142
1631.367	37.077
1631.732	36.200
1632.093	35.567
1632.448	35.327
1632.802	35.665
1633.163	36.892
1633.540	39.491
1633.948	44.179
1634.412	52.068
1634.965	64.794
1635.664	84.737
1636.586	115.164
1637.848	160.224
1639.603	224.135
1642.042	309.484
1645.354	413.133
1649.665	521.907
1654.919	611.042
1660.807	652.268
1666.799	630.410
1672.331	554.619
1677.007	451.914
1680.708	350.119
1683.522	266.378
1685.647	206.312
1687.295	168.437
1688.654	148.748
1689.870	143.122
1691.057	148.298
1692.298	161.853
1693.660	181.969
1695.193	207.074
1696.934	235.441
1698.902	264.891
1701.097	292.757
1703.497	316.061
1706.060	331.891
1708.713	337.971
1711.376	333.289
1713.967	318.312
1716.407	294.995
1718.644	266.006
1720.640	234.319
1722.381	202.614
1723.881	172.670
1725.153	145.833
1726.223	122.582
1727.125	102.965
1727.881	86.808
1728.520	73.703
1729.066	63.196
1729.534	54.878
1729.944	48.325
1730.307	43.234
1730.633	39.288
1730.932	36.281
1731.209	34.013
1731.470	32.339
1731.720	31.149
1731.962	30.345
1732.200	29.851
1732.435	29.629
1732.669	29.609
1732.904	29.782
1733.142	30.104
1733.384	30.558
1733.630	31.134
1733.882	31.807
1734.141	32.571
1734.407	33.420
1734.681	34.340
1734.964	35.326
1735.256	36.378
1735.557	37.484
1735.870	38.648
1736.193	39.863
1736.527	41.135
1736.873	42.470
1737.232	43.871
1737.604	45.353
1737.990	46.942
1738.390	48.662
1738.807	50.549
1739.241	52.662
1739.695	55.062
1740.172	57.833
1740.674	61.093
1741.207	64.964
1741.775	69.608
1742.387	75.232
1743.049	82.044
1743.775	90.332
1744.576	100.372
1745.469	112.478
1746.471	126.981
1747.603	144.156
1748.887	164.201
1750.349	187.232
1752.010	213.030
1753.891	241.157
1756.006	270.781
1758.361	300.610
1760.949	328.999
1763.748	354.079
1766.719	373.954
1769.814	386.974
1772.969	392.104
1776.118	388.917
1779.195	377.782
1782.142	359.707
1784.912	336.142
1787.472	308.683
1789.797	279.050
1791.880	248.785
1793.726	219.049
1795.341	190.861
1796.740	164.920
1797.948	141.506
1798.982	120.841
1799.863	102.944
1800.616	87.579
1801.256	74.632
1801.802	63.835
1802.273	54.894
1802.677	47.611
1803.030	41.704
1803.342	37.004
1803.618	33.300
1803.870	30.439
1804.101	28.298
1804.317	26.753
1804.523	25.718
1804.722	25.122
1804.918	24.898
1805.114	25.007
1805.311	25.413
1805.513	26.083
1805.722	27.007
1805.939	28.171
1806.166	29.566
1806.406	31.198
1806.661	33.071
1806.931	35.185
1807.221	37.572
1807.531	40.238
1807.865	43.205
1808.225	46.509
1808.613	50.185
1809.034	54.260
1809.490	58.804
1809.987	63.865
1810.526	69.509
1811.117	75.858
1811.762	82.993
1812.469	91.074
1813.247	100.284
1814.104	110.836
1815.054	123.002
1816.108	137.100
1817.283	153.467
1818.598	172.452
1820.074	194.364
1821.732	219.291
1823.596	247.076
1825.685	277.096
1828.009	308.074
1830.570	338.091
1833.349	364.583
1836.306	384.697
1839.379	395.910
1842.496	396.500
1845.568	386.235
1848.516	366.267
1851.273	338.806
1853.792	306.850
1856.049	273.244
1858.044	240.199
1859.785	209.509
1861.298	182.071
1862.610	158.173
1863.749	137.859
1864.742	120.804
1865.613	106.568
1866.381	94.759
1867.068	84.939
1867.686	76.705
1868.245	69.775
1868.753	63.872
1869.224	58.763
1869.656	54.306
1870.056	50.369
1870.430	46.832
1870.779	43.639
1871.103	40.734
1871.409	38.056
1871.695	35.597
1871.963	33.325
1872.216	31.222
1872.452	29.291
1872.676	27.506
1872.886	25.889
1873.085	24.421
1873.274	23.125
1873.453	21.997
1873.625	21.065
1873.790	20.343
1873.950	19.875
1874.108	19.698
1874.265	19.889
1874.426	20.529
1874.592	21.749
1874.771	23.716
1874.967	26.654
1875.190	30.877
1875.451	36.784
1875.764	44.909
1876.150	55.937
1876.633	70.716
1877.246	90.256
1878.032	115.653
1879.040	147.984
1880.326	187.898
1881.953	235.303
1883.975	288.572
1886.429	344.078
1889.314	395.884
1892.570	436.493
1896.088	458.809
1899.707	458.363
1903.241	435.334
1906.526	394.394
1909.449	342.789
1911.950	288.333
1914.029	236.947
1915.726	192.057
1917.095	155.286
1918.201	126.524
1919.104	104.796
1919.856	88.998
1920.497	77.913
1921.064	70.437
1921.581	65.708
1922.066	63.051
1922.535	61.885
1922.998	61.833
1923.464	62.582
1923.937	63.861
1924.421	65.518
1924.918	67.376
1925.433	69.342
1925.964	71.283
1926.509	73.109
1927.068	74.751
1927.644	76.152
1928.230	77.235
1928.822	77.966
1929.424	78.329
1930.029	78.304
1930.631	77.903
1931.234	77.147
1931.831	76.090
1932.419	74.782
1933.000	73.303
1933.568	71.756
1934.126	70.226
1934.674	68.859
1935.212	67.778
1935.743	67.141
1936.271	67.146
1936.802	67.994
1937.342	69.962
1937.900	73.357
1938.490	78.617
1939.125	86.233
1939.827	96.842
1940.619	111.252
1941.534	130.333
1942.608	155.116
1943.891	186.533
1945.431	225.248
1947.285	271.257
1949.504	323.287
1952.123	378.331
1955.149	431.374
1958.542	475.682
1962.214	504.252
1966.025	511.825
1969.812	496.693
1973.409	461.445
1976.689	411.969
1979.567	355.431
1982.018	298.313
1984.055	245.241
1985.717	198.790
1987.058	159.809
1988.134	128.063
1988.997	102.728
1989.690	82.752
1990.249	67.120
1990.704	54.912
1991.078	45.374
1991.388	37.895
1991.649	31.992
1991.871	27.297
1992.060	23.537
1992.224	20.503
1992.368	18.033
1992.496	15.993
1992.610	14.297
1992.712	12.880
1992.804	11.683
1992.889	10.655
1992.966	9.774
1993.037	9.014
1993.103	8.343
1993.165	7.757
1993.222	7.240
1993.276	6.776
1993.327	6.364
1993.374	5.992
1993.420	5.657
1993.462	5.353
1993.503	5.076
1993.542	4.825
1993.579	4.593
1993.615	4.382
1993.649	4.186
1993.681	4.008
1993.713	3.841
1993.743	3.689
1993.772	3.546
1993.800	3.415
1993.828	3.293
1993.854	3.180
1993.880	3.075
1993.905	2.976
1993.929	2.885
1993.953	2.800
1993.976	2.720
1993.998	2.646
1994.020	2.576
1994.042	2.511
1994.063	2.451
1994.083	2.393
1994.104	2.340
1994.124	2.290
1994.143	2.242
1994.162	2.198
1994.181	2.156
1994.200	2.117
1994.218	2.080
1994.237	2.045
1994.255	2.012
1994.272	1.981
1994.290	1.952
1994.307	1.924
1994.324	1.898
1994.342	1.873
1994.359	1.849
1994.375	1.827
1994.392	1.806
1994.409	1.786
1994.425	1.767
1994.442	1.749
1994.458	1.731
1994.474	1.714
1994.490	1.698
1994.506	1.683
1994.522	1.669
1994.538	1.656
1994.554	1.643
1994.570	1.630
1994.585	1.618
1994.601	1.607
1994.617	1.596
1994.633	1.585
1994.648	1.575
1994.664	1.566
1994.679	1.556
1994.695	1.548
1994.710	1.539
1994.726	1.531
1994.742	1.524
1994.757	1.516
1994.773	1.509
1994.788	1.502
1994.804	1.495
1994.819	1.488
1994.835	1.482
1994.850	1.476
1994.866	1.470
1994.882	1.465
1994.897	1.459
1994.913	1.454
1994.928	1.449
1994.944	1.444
1994.960	1.439
1994.976	1.434
1994.991	1.430
1995.007	1.425
1995.023	1.421
1995.039	1.417
1995.054	1.412
1995.070	1.408
1995.086	1.405
1995.102	1.400
1995.118	1.396
1995.134	1.392
1995.150	1.389
1995.166	1.385
1995.182	1.381
1995.198	1.377
1995.214	1.373
1995.230	1.369
1995.247	1.365
1995.263	1.362
1995.280	1.358
1995.296	1.354
1995.312	1.350
1995.328	1.345
1995.345	1.341
1995.361	1.337
1995.378	1.333
1995.394	1.328
1995.411	1.324
1995.427	1.319
1995.444	1.314
1995.461	1.310
1995.477	1.305
1995.494	1.300
1995.510	1.295
1995.527	1.289
1995.544	1.284
1995.560	1.278
1995.577	1.272
1995.594	1.266
1995.611	1.260
1995.627	1.254
1995.644	1.247
1995.661	1.241
1995.677	1.234
1995.694	1.227
1995.711	1.220
1995.727	1.212
1995.744	1.205
1995.761	1.197
1995.777	1.190
1995.794	1.181
1995.810	1.173
1995.826	1.164
1995.843	1.156
1995.859	1.147
1995.876	1.138
1995.892	1.129
1995.908	1.119
1995.924	1.110
1995.941	1.100
1995.957	1.090
1995.973	1.080
1995.989	1.069
1996.004	1.059
1996.020	1.048
1996.036	1.037
1996.051	1.026
1996.067	1.015
1996.082	1.004
1996.098	0.992
1996.113	0.981
1996.128	0.969
1996.143	0.957
1996.158	0.945
1996.173	0.933
1996.187	0.921
1996.202	0.909
1996.216	0.896
1996.231	0.884
1996.245	0.871
1996.259	0.859
1996.273	0.846
1996.286	0.833
1996.300	0.821
1996.313	0.808
1996.327	0.795
1996.340	0.782
1996.353	0.769
1996.366	0.756
1996.378	0.744
1996.391	0.731
1996.403	0.718
1996.416	0.705
1996.428	0.692
1996.440	0.680
1996.452	0.667
1996.463	0.655
1996.474	0.642
1996.486	0.629
1996.497	0.617
1996.508	0.605
1996.519	0.592
1996.529	0.580
1996.540	0.568
1996.550	0.556
