<j>	var(j)
1.282	0.291
2.467	0.485
3.782	0.932
5.327	1.235
6.578	0.967
7.428	0.637
8.141	0.541
8.915	0.682
10.154	1.790
12.245	2.387
13.638	1.749
14.552	1.388
15.350	1.312
16.190	1.299
17.093	1.469
18.153	1.503
19.142	1.345
20.072	1.598
21.236	2.237
22.689	2.875
24.164	2.457
25.203	1.732
25.971	1.551
26.746	1.712
27.678	2.092
28.808	2.609
30.140	3.508
31.730	4.386
33.342	4.015
34.579	2.972
35.466	2.336
36.205	2.155
36.952	2.404
37.855	3.006
38.989	3.532
40.224	3.633
41.415	3.852
42.654	4.563
44.046	4.959
45.392	4.232
46.446	3.233
47.260	2.739
47.995	2.638
48.748	2.747
49.575	3.230
50.599	4.310
51.939	5.302
53.394	4.945
54.601	3.970
55.554	3.524
56.437	3.786
57.436	4.943
58.755	6.918
60.453	8.414
62.225	8.137
63.733	6.814
64.917	5.603
65.883	5.135
66.797	5.607
67.830	6.951
69.108	8.781
70.643	10.060
72.250	9.728
73.672	8.280
74.827	7.123
75.822	6.759
76.783	6.708
77.742	6.293
78.633	5.335
79.389	4.308
80.017	3.787
80.607	4.053
81.290	5.144
82.200	6.814
83.396	8.201
84.751	8.269
86.025	7.346
87.122	6.684
88.131	6.712
89.157	7.083
90.235	7.357
91.336	7.272
92.403	6.762
93.378	5.907
94.225	4.882
94.930	3.883
95.505	3.058
95.978	2.489
96.388	2.230
96.789	2.375
97.264	3.281
98.002	6.190
99.494	14.027
102.490	24.612
106.133	20.438
108.315	9.454
109.241	4.608
109.728	3.369
110.125	3.340
110.552	3.782
111.065	4.495
111.701	5.328
112.469	6.021
113.336	6.276
114.229	6.071
115.091	5.824
115.935	6.100
116.853	7.166
117.949	8.679
119.242	9.609
120.587	9.196
121.808	8.202
122.887	8.056
123.979	9.315
125.256	11.283
126.742	12.286
128.242	11.168
129.515	8.757
130.482	6.493
131.203	4.896
131.763	3.881
132.228	3.330
132.651	3.224
133.091	3.614
133.621	4.580
134.327	6.140
135.286	7.996
136.500	9.344
137.835	9.420
139.104	8.473
140.209	7.407
141.175	6.799
142.081	6.798
143.010	7.392
144.036	8.423
145.199	9.554
146.487	10.723
147.905	13.316
149.684	21.071
152.427	36.960
156.485	48.946
160.555	38.639
163.144	21.311
164.463	11.460
165.182	7.504
165.679	6.300
166.122	6.453
166.600	7.530
167.181	9.456
167.932	12.170
168.908	15.323
170.126	18.054
171.518	19.282
172.948	18.649
174.284	17.056
175.483	15.902
176.601	16.023
177.737	17.416
178.973	19.407
180.331	20.922
181.756	20.980
183.139	19.330
184.377	16.590
185.421	13.667
186.279	11.165
186.986	9.273
187.584	7.952
188.111	7.126
188.596	6.785
189.076	7.058
189.595	8.313
190.235	11.364
191.146	17.689
192.583	29.003
194.858	44.142
197.991	53.949
201.299	48.413
203.893	33.344
205.546	20.499
206.542	13.148
207.193	9.584
207.685	7.972
208.109	7.319
208.513	7.186
208.922	7.405
209.356	7.921
209.834	8.724
210.374	9.811
210.994	11.149
211.709	12.644
212.528	14.117
213.445	15.315
214.435	15.987
215.460	16.008
216.477	15.461
217.454	14.602
218.375	13.720
219.244	13.011
220.075	12.523
220.882	12.180
221.673	11.846
222.449	11.398
223.199	10.781
223.913	10.025
224.583	9.225
225.206	8.495
225.791	7.938
226.348	7.646
226.900	7.730
227.474	8.372
228.117	9.876
228.901	12.644
229.923	16.924
231.284	22.107
232.995	25.966
234.872	25.689
236.593	21.058
237.921	14.950
238.839	10.041
239.461	7.089
239.917	5.744
240.309	5.516
240.707	6.102
241.169	7.386
241.747	9.316
242.489	11.735
243.424	14.180
244.535	15.854
245.739	16.039
246.917	14.755
247.975	12.921
248.899	11.794
249.768	12.553
250.740	16.474
252.068	25.144
254.082	39.170
257.002	54.144
260.555	60.451
264.006	55.608
266.872	47.506
269.190	41.428
271.148	37.054
272.854	32.936
274.336	28.618
275.602	24.438
276.675	20.866
277.592	18.159
278.396	16.348
279.129	15.342
279.827	15.019
280.522	15.266
281.239	15.973
281.999	17.007
282.814	18.186
283.690	19.262
284.619	19.948
285.577	19.994
286.532	19.283
287.447	17.891
288.294	16.060
289.054	14.100
289.724	12.292
290.315	10.826
290.844	9.810
291.334	9.305
291.811	9.377
292.305	10.136
292.856	11.774
293.513	14.566
294.342	18.813
295.422	24.633
296.823	31.578
298.573	38.343
300.609	43.275
302.795	45.823
305.005	47.281
307.203	49.374
309.426	52.152
311.690	53.519
313.912	50.994
315.931	44.134
317.609	35.014
318.905	26.358
319.872	19.798
320.603	15.660
321.193	13.594
321.719	13.115
322.242	13.838
322.808	15.511
323.454	17.945
324.211	20.912
325.097	24.047
326.115	26.794
327.238	28.481
328.417	28.564
329.580	26.908
330.660	23.897
331.608	20.252
332.409	16.704
333.071	13.769
333.624	11.696
334.103	10.555
334.548	10.336
334.997	11.023
335.490	12.622
336.068	15.141
336.773	18.519
337.642	22.524
338.697	26.628
339.930	30.017
341.292	31.838
342.703	31.628
344.072	29.612
345.329	26.545
346.442	23.267
347.413	20.349
348.265	18.045
349.027	16.397
349.728	15.379
350.394	14.972
351.054	15.208
351.736	16.175
352.473	18.020
353.307	20.906
354.283	24.922
355.449	29.890
356.835	35.101
358.430	39.239
360.158	40.821
361.892	39.163
363.501	35.032
364.904	30.208
366.101	26.444
367.154	24.817
368.160	25.700
369.219	28.933
370.423	33.808
371.821	38.962
373.402	42.523
375.076	42.847
376.709	39.582
378.173	33.953
379.403	27.884
380.405	22.898
381.233	19.693
381.957	18.337
382.647	18.599
383.362	20.139
384.148	22.550
385.035	25.320
386.029	27.812
387.114	29.348
388.245	29.435
389.363	27.975
390.412	25.329
391.354	22.144
392.174	19.069
392.884	16.560
393.507	14.845
394.076	13.993
394.623	14.018
395.184	14.991
395.798	17.123
396.514	20.881
397.403	27.083
398.569	36.862
400.155	51.137
402.309	69.008
405.088	85.538
408.303	92.438
411.508	84.978
414.245	67.526
416.307	48.721
417.753	34.020
418.757	24.450
419.487	18.964
420.067	16.209
420.575	15.157
421.061	15.131
421.556	15.702
422.078	16.581
422.636	17.557
423.231	18.463
423.861	19.168
424.518	19.583
425.191	19.678
425.871	19.484
426.546	19.097
427.212	18.659
427.867	18.345
428.517	18.355
429.175	18.905
429.862	20.240
430.608	22.647
431.455	26.440
432.452	31.889
433.658	39.021
435.124	47.285
436.870	55.237
438.850	60.659
440.947	61.556
442.993	57.476
444.835	49.900
446.393	41.185
447.658	33.227
448.673	26.933
449.500	22.418
450.195	19.421
450.806	17.605
451.370	16.685
451.913	16.470
452.457	16.859
453.023	17.821
453.630	19.369
454.298	21.532
455.047	24.303
455.898	27.582
456.866	31.101
457.953	34.396
459.146	36.852
460.407	37.894
461.685	37.251
462.923	35.142
464.078	32.265
465.131	29.586
466.099	28.132
467.032	28.928
468.010	33.088
469.152	41.960
470.617	57.054
472.599	79.335
475.283	107.438
478.742	135.593
482.816	154.544
487.106	157.554
491.159	145.528
494.673	124.669
497.541	101.073
499.789	78.572
501.498	59.120
502.767	43.463
503.695	31.544
504.370	22.851
504.862	16.705
505.225	12.443
505.500	9.513
505.713	7.500
505.884	6.108
506.026	5.135
506.148	4.445
506.255	3.951
506.352	3.595
506.443	3.342
506.528	3.173
506.611	3.076
506.692	3.049
506.775	3.099
506.861	3.239
506.952	3.490
507.053	3.889
507.168	4.490
507.304	5.372
507.470	6.652
507.681	8.499
507.955	11.156
508.321	14.958
508.820	20.332
509.505	27.750
510.442	37.555
511.706	49.590
513.348	62.673
515.370	74.294
517.680	81.251
520.100	81.421
522.426	75.269
524.500	65.421
526.257	54.831
527.707	45.411
528.901	37.881
529.897	32.253
530.750	28.284
531.504	25.728
532.199	24.417
532.867	24.264
533.540	25.250
534.251	27.405
535.031	30.776
535.914	35.368
536.933	41.069
538.115	47.531
539.474	54.083
541.002	59.727
542.661	63.356
544.384	64.140
546.092	61.912
547.707	57.266
549.176	51.297
550.478	45.154
551.616	39.711
552.618	35.456
553.515	32.556
554.346	30.965
555.144	30.524
555.938	31.022
556.752	32.225
557.601	33.890
558.498	35.783
559.446	37.715
560.444	39.570
561.490	41.339
562.581	43.133
563.717	45.150
564.904	47.599
566.152	50.598
567.475	54.065
568.880	57.653
570.366	60.761
571.914	62.678
573.488	62.827
575.043	60.988
576.530	57.401
577.913	52.647
579.169	47.420
580.293	42.305
581.294	37.660
582.185	33.627
582.984	30.195
583.704	27.274
584.358	24.761
584.955	22.568
585.503	20.644
586.008	18.966
586.476	17.539
586.914	16.386
587.326	15.546
587.723	15.077
588.113	15.064
588.510	15.632
588.928	16.971
589.391	19.371
589.929	23.262
590.586	29.254
591.422	38.124
592.519	50.659
593.973	67.199
595.876	86.738
598.268	105.946
601.078	119.364
604.094	122.000
607.026	112.981
609.622	96.265
611.760	77.534
613.447	60.868
614.757	47.866
615.788	38.477
616.621	32.028
617.321	27.827
617.937	25.399
618.508	24.542
619.069	25.328
619.659	28.111
620.326	33.546
621.136	42.565
622.174	56.215
623.548	75.133
625.369	98.477
627.705	122.545
630.513	140.482
633.592	145.040
636.620	133.681
639.286	110.874
641.420	84.650
643.010	61.448
644.152	44.068
644.972	32.580
645.585	25.898
646.082	22.799
646.531	22.322
646.981	23.827
647.470	26.925
648.031	31.367
648.690	36.934
649.469	43.336
650.384	50.116
651.440	56.609
652.626	61.977
653.913	65.357
655.254	66.098
656.595	63.996
657.877	59.379
659.055	53.003
660.098	45.805
660.995	38.645
661.750	32.158
662.380	26.718
662.907	22.512
663.355	19.630
663.752	18.178
664.128	18.382
664.517	20.701
664.968	25.962
665.547	35.495
666.352	51.191
667.522	75.204
669.232	108.756
671.660	149.520
674.881	188.492
678.739	210.868
682.799	205.288
686.518	174.313
689.517	132.270
691.714	93.170
693.231	63.566
694.260	43.749
694.973	31.427
695.491	24.080
695.894	19.784
696.232	17.278
696.532	15.798
696.810	14.906
697.076	14.362
697.335	14.038
697.591	13.873
697.847	13.842
698.105	13.942
698.367	14.181
698.638	14.577
698.919	15.154
699.214	15.942
699.528	16.975
699.866	18.293
700.234	19.943
700.639	21.975
701.089	24.438
701.595	27.379
702.165	30.833
702.811	34.817
703.544	39.318
704.373	44.287
705.308	49.631
706.355	55.242
707.518	61.015
708.796	66.894
710.189	72.921
711.697	79.249
713.324	86.083
715.075	93.556
716.959	101.529
718.977	109.394
721.118	115.995
723.347	119.827
725.601	119.534
727.801	114.498
729.863	105.171
731.722	92.923
733.340	79.500
734.709	66.468
735.846	54.877
736.782	45.222
737.556	37.572
738.201	31.747
738.751	27.466
739.232	24.435
739.664	22.400
740.065	21.154
740.449	20.546
740.826	20.477
741.205	20.894
741.597	21.788
742.011	23.197
742.456	25.202
742.943	27.935
743.490	31.585
744.112	36.396
744.835	42.647
745.687	50.609
746.701	60.432
747.910	71.988
749.344	84.665
751.013	97.191
752.901	107.682
754.953	114.058
757.079	114.799
759.171	109.673
761.126	99.892
762.876	87.579
764.389	74.940
765.674	63.647
766.763	54.616
767.699	48.115
768.530	44.006
769.297	41.950
770.035	41.536
770.772	42.335
771.529	43.913
772.318	45.850
773.143	47.734
774.003	49.181
774.888	49.872
775.784	49.582
776.672	48.222
777.533	45.839
778.350	42.609
779.108	38.794
779.797	34.686
780.414	30.561
780.958	26.645
781.435	23.100
781.851	20.021
782.213	17.451
782.532	15.389
782.817	13.812
783.075	12.684
783.315	11.967
783.546	11.626
783.772	11.632
784.003	11.976
784.243	12.662
784.501	13.724
784.785	15.231
785.103	17.316
785.470	20.209
785.904	24.295
786.433	30.193
787.097	38.854
787.961	51.658
789.117	70.350
790.690	96.562
792.826	130.509
795.645	168.831
799.154	202.945
803.165	221.524
807.301	217.961
811.159	196.119
814.482	167.065
817.234	140.809
819.518	121.948
821.487	110.442
823.265	104.088
824.938	100.271
826.541	96.858
828.079	92.509
829.535	86.705
830.888	79.568
832.123	71.618
833.228	63.497
834.205	55.788
835.062	48.884
835.816	42.983
836.481	38.116
837.073	34.211
837.609	31.127
838.100	28.707
838.556	26.794
838.985	25.257
839.392	23.985
839.782	22.894
840.157	21.928
840.518	21.054
840.868	20.261
841.206	19.553
841.536	18.956
841.858	18.507
842.175	18.264
842.491	18.295
842.811	18.697
843.142	19.581
843.492	21.095
843.875	23.409
844.304	26.728
844.800	31.289
845.386	37.336
846.090	45.090
846.945	54.681
847.981	66.073
849.229	78.952
850.712	92.720
852.433	106.489
854.383	119.373
856.534	130.756
858.849	140.566
861.292	149.219
863.840	157.217
866.476	164.655
869.186	170.748
871.937	173.980
874.680	172.788
877.343	166.308
879.850	154.887
882.139	139.991
884.174	123.639
885.949	107.678
887.482	93.384
888.805	81.416
889.958	71.924
890.978	64.768
891.899	59.683
892.753	56.386
893.564	54.632
894.354	54.180
895.142	54.859
895.944	56.487
896.773	58.828
897.639	61.648
898.548	64.658
899.502	67.506
900.497	69.821
901.524	71.252
902.569	71.515
903.615	70.433
904.640	67.982
905.627	64.291
906.557	59.608
907.417	54.262
908.198	48.616
908.899	42.977
909.519	37.610
910.062	32.711
910.536	28.375
910.950	24.651
911.312	21.552
911.630	19.045
911.915	17.091
912.172	15.649
912.411	14.681
912.637	14.162
912.859	14.080
913.081	14.444
913.313	15.281
913.562	16.643
913.836	18.607
914.146	21.273
914.504	24.765
914.925	29.219
915.425	34.776
916.024	41.537
916.743	49.535
917.601	58.656
918.615	68.567
919.796	78.681
921.142	88.127
922.635	95.877
924.240	100.949
925.908	102.689
927.582	100.980
929.206	96.293
930.737	89.519
932.148	81.696
933.427	73.777
934.578	66.426
935.613	60.030
936.549	54.744
937.406	50.547
938.200	47.353
938.947	45.050
939.662	43.544
940.357	42.774
941.044	42.725
941.734	43.431
942.440	44.969
943.176	47.466
943.958	51.082
944.803	55.999
945.734	62.400
946.775	70.409
947.949	79.979
949.281	90.835
950.787	102.288
952.468	113.213
954.306	122.127
956.261	127.464
958.267	128.044
960.247	123.484
962.124	114.379
963.836	102.093
965.346	88.290
966.638	74.521
967.723	61.849
968.621	50.924
969.361	41.930
969.972	34.795
970.482	29.326
970.916	25.260
971.293	22.345
971.631	20.355
971.942	19.111
972.238	18.470
972.527	18.327
972.817	18.610
973.115	19.272
973.427	20.295
973.758	21.686
974.116	23.475
974.506	25.732
974.937	28.568
975.419	32.151
975.966	36.740
976.596	42.700
977.333	50.533
978.210	60.909
979.271	74.608
980.572	92.411
982.179	114.778
984.158	141.227
986.557	169.725
989.378	196.152
992.545	215.046
995.904	221.628
999.246	214.331
1002.374	195.762
1005.153	171.226
1007.532	146.052
1009.534	123.901
1011.221	106.341
1012.666	93.436
1013.937	84.496
1015.090	78.528
1016.166	74.624
1017.191	71.974
1018.180	69.970
1019.144	68.173
1020.083	66.279
1020.995	64.132
1021.878	61.663
1022.726	58.889
1023.537	55.890
1024.306	52.769
1025.034	49.651
1025.720	46.658
1026.366	43.912
1026.977	41.524
1027.557	39.590
1028.113	38.209
1028.653	37.489
1029.187	37.532
1029.726	38.489
1030.283	40.504
1030.875	43.786
1031.520	48.549
1032.240	55.018
1033.062	63.415
1034.011	73.821
1035.119	86.171
1036.408	100.007
1037.896	114.475
1039.586	128.218
1041.455	139.492
1043.460	146.620
1045.533	148.356
1047.596	144.421
1049.572	135.566
1051.399	123.310
1053.042	109.480
1054.488	95.682
1055.745	83.086
1056.835	72.327
1057.783	63.630
1058.622	56.936
1059.375	52.055
1060.068	48.736
1060.722	46.748
1061.353	45.880
1061.977	45.991
1062.607	46.969
1063.255	48.783
1063.931	51.428
1064.647	54.978
1065.417	59.566
1066.255	65.400
1067.176	72.742
1068.206	81.930
1069.365	93.256
1070.686	106.928
1072.195	122.849
1073.920	140.413
1075.874	158.284
1078.049	174.349
1080.407	186.014
1082.877	190.829
1085.360	187.348
1087.749	175.739
1089.947	157.758
1091.888	136.113
1093.540	113.560
1094.905	92.271
1096.008	73.546
1096.884	57.920
1097.573	45.378
1098.115	35.589
1098.542	28.127
1098.882	22.525
1099.156	18.393
1099.382	15.394
1099.573	13.262
1099.740	11.800
1099.891	10.857
1100.031	10.326
1100.166	10.132
1100.300	10.222
1100.437	10.572
1100.580	11.163
1100.733	11.999
1100.899	13.089
1101.082	14.454
1101.286	16.129
1101.515	18.152
1101.775	20.577
1102.072	23.456
1102.413	26.868
1102.806	30.871
1103.260	35.549
1103.785	40.952
1104.393	47.140
1105.093	54.102
1105.899	61.801
1106.819	70.106
1107.860	78.776
1109.028	87.485
1110.317	95.773
1111.721	103.151
1113.221	109.113
1114.794	113.265
1116.412	115.375
1118.045	115.439
1119.665	113.678
1121.247	110.480
1122.773	106.311
1124.233	101.631
1125.623	96.850
1126.942	92.230
1128.195	87.960
1129.388	84.085
1130.527	80.606
1131.619	77.449
1132.667	74.527
1133.676	71.755
1134.646	69.050
1135.581	66.367
1136.479	63.680
1137.341	61.000
1138.167	58.372
1138.959	55.879
1139.718	53.633
1140.449	51.813
1141.158	50.668
1141.855	50.587
1142.556	52.159
1143.286	56.329
1144.085	64.562
1145.014	79.122
1146.166	103.253
1147.683	141.171
1149.758	197.012
1152.623	271.979
1156.480	358.821
1161.373	437.190
1167.031	477.941
1172.854	461.418
1178.160	394.410
1182.474	304.285
1185.684	218.063
1187.932	149.654
1189.457	101.178
1190.486	69.073
1191.191	48.600
1191.691	35.788
1192.064	27.803
1192.358	22.789
1192.603	19.588
1192.815	17.488
1193.007	16.063
1193.185	15.060
1193.354	14.328
1193.516	13.780
1193.672	13.366
1193.825	13.059
1193.976	12.845
1194.125	12.723
1194.275	12.693
1194.424	12.766
1194.577	12.956
1194.732	13.277
1194.893	13.759
1195.061	14.424
1195.238	15.319
1195.428	16.479
1195.635	17.974
1195.862	19.862
1196.114	22.238
1196.400	25.197
1196.726	28.863
1197.102	33.374
1197.539	38.889
1198.052	45.577
1198.655	53.618
1199.368	63.181
1200.208	74.412
1201.199	87.403
1202.361	102.182
1203.715	118.660
1205.279	136.655
1207.068	155.809
1209.090	175.668
1211.343	195.534
1213.818	214.528
1216.493	231.415
1219.331	244.793
1222.276	252.953
1225.264	254.637
1228.208	249.014
1231.036	236.415
1233.669	218.075
1236.062	196.020
1238.181	172.462
1240.028	149.358
1241.614	128.103
1242.968	109.512
1244.124	93.853
1245.114	81.042
1245.970	70.782
1246.722	62.693
1247.390	56.382
1247.994	51.508
1248.548	47.768
1249.066	44.941
1249.555	42.854
1250.025	41.393
1250.481	40.493
1250.931	40.128
1251.378	40.305
1251.831	41.068
1252.295	42.487
1252.779	44.669
1253.290	47.744
1253.841	51.883
1254.442	57.275
1255.110	64.132
1255.861	72.661
1256.715	83.053
1257.692	95.365
1258.815	109.528
1260.103	125.177
1261.567	141.583
1263.214	157.615
1265.031	171.794
1266.991	182.444
1269.046	188.113
1271.137	187.860
1273.198	181.586
1275.163	170.077
1276.982	154.758
1278.620	137.328
1280.062	119.414
1281.309	102.283
1282.373	86.778
1283.275	73.326
1284.038	62.061
1284.685	52.906
1285.239	45.683
1285.720	40.186
1286.146	36.216
1286.534	33.613
1286.897	32.267
1287.250	32.125
1287.605	33.186
1287.976	35.517
1288.377	39.234
1288.824	44.502
1289.334	51.509
1289.930	60.478
1290.632	71.543
1291.465	84.773
1292.452	99.985
1293.615	116.738
1294.965	134.077
1296.509	150.709
1298.225	164.896
1300.086	174.892
1302.032	179.232
1304.002	177.221
1305.922	169.111
1307.734	156.043
1309.385	139.773
1310.853	122.116
1312.125	104.710
1313.212	88.665
1314.130	74.656
1314.904	62.927
1315.557	53.449
1316.115	46.021
1316.599	40.379
1317.025	36.256
1317.412	33.413
1317.772	31.653
1318.116	30.838
1318.454	30.885
1318.796	31.764
1319.151	33.501
1319.529	36.172
1319.940	39.907
1320.397	44.883
1320.916	51.310
1321.511	59.439
1322.204	69.507
1323.017	81.674
1323.975	96.017
1325.098	112.267
1326.409	129.910
1327.917	147.856
1329.620	164.648
1331.496	178.432
1333.506	187.435
1335.589	190.306
1337.672	186.587
1339.689	176.816
1341.574	162.446
1343.287	145.341
1344.807	127.374
1346.130	110.113
1347.270	94.524
1348.248	81.167
1349.088	70.153
1349.816	61.376
1350.456	54.562
1351.029	49.407
1351.550	45.587
1352.035	42.819
1352.492	40.852
1352.932	39.481
1353.360	38.537
1353.779	37.884
1354.193	37.421
1354.605	37.064
1355.014	36.751
1355.421	36.435
1355.826	36.084
1356.229	35.680
1356.628	35.205
1357.024	34.657
1357.415	34.040
1357.801	33.355
1358.179	32.624
1358.552	31.849
1358.916	31.057
1359.274	30.261
1359.623	29.487
1359.965	28.758
1360.300	28.099
1360.629	27.546
1360.954	27.137
1361.275	26.922
1361.596	26.978
1361.919	27.395
1362.251	28.318
1362.596	29.953
1362.965	32.579
1363.371	36.648
1363.833	42.748
1364.377	51.783
1365.044	64.928
1365.887	83.777
1366.981	110.180
1368.421	145.973
1370.319	192.166
1372.790	247.463
1375.913	306.662
1379.677	359.826
1383.949	394.642
1388.457	401.995
1392.877	381.452
1396.927	341.772
1400.457	295.622
1403.453	253.805
1405.999	222.439
1408.224	203.455
1410.263	196.374
1412.237	199.670
1414.249	211.704
1416.380	230.709
1418.693	254.890
1421.227	281.928
1424.000	309.033
1426.995	332.777
1430.167	349.651
1433.440	356.778
1436.714	352.558
1439.889	337.348
1442.873	313.103
1445.597	282.916
1448.027	250.099
1450.150	217.500
1451.982	187.150
1453.549	160.222
1454.887	137.169
1456.030	117.976
1457.014	102.316
1457.870	89.772
1458.622	79.861
1459.294	72.142
1459.904	66.234
1460.466	61.787
1460.993	58.537
1461.496	56.260
1461.981	54.776
1462.456	53.951
1462.926	53.670
1463.395	53.855
1463.869	54.441
1464.349	55.389
1464.840	56.667
1465.344	58.267
1465.864	60.188
1466.403	62.444
1466.964	65.060
1467.551	68.057
1468.167	71.481
1468.815	75.354
1469.501	79.707
1470.227	84.566
1471.001	89.907
1471.823	95.704
1472.699	101.871
1473.633	108.274
1474.625	114.740
1475.676	121.017
1476.782	126.815
1477.939	131.816
1479.138	135.733
1480.370	138.267
1481.620	139.202
1482.874	138.450
1484.119	136.025
1485.334	132.051
1486.512	126.784
1487.640	120.529
1488.708	113.658
1489.717	106.500
1490.658	99.429
1491.539	92.673
1492.359	86.490
1493.127	80.993
1493.847	76.304
1494.527	72.447
1495.175	69.422
1495.799	67.213
1496.405	65.767
1497.000	65.027
1497.591	64.927
1498.184	65.392
1498.782	66.368
1499.393	67.788
1500.018	69.584
1500.661	71.711
1501.327	74.116
1502.015	76.760
1502.730	79.615
1503.473	82.655
1504.245	85.882
1505.050	89.304
1505.886	92.957
1506.758	96.908
1507.668	101.255
1508.619	106.150
1509.618	111.779
1510.669	118.407
1511.784	126.374
1512.974	136.055
1514.256	147.943
1515.650	162.506
1517.179	180.232
1518.872	201.423
1520.755	226.088
1522.860	253.757
1525.202	283.133
1527.791	312.233
1530.609	338.067
1533.616	357.456
1536.742	367.429
1539.902	366.183
1542.995	353.700
1545.933	331.562
1548.646	302.749
1551.092	270.589
1553.254	238.170
1555.143	207.803
1556.782	180.870
1558.205	158.047
1559.447	139.355
1560.542	124.504
1561.523	113.057
1562.416	104.436
1563.244	98.180
1564.025	93.804
1564.774	90.913
1565.503	89.203
1566.219	88.375
1566.932	88.249
1567.645	88.632
1568.363	89.400
1569.089	90.453
1569.825	91.720
1570.573	93.147
1571.332	94.684
1572.106	96.327
1572.894	98.052
1573.697	99.831
1574.517	101.695
1575.352	103.598
1576.203	105.525
1577.071	107.480
1577.954	109.388
1578.856	111.255
1579.771	112.972
1580.703	114.527
1581.645	115.828
1582.599	116.819
1583.561	117.450
1584.528	117.672
1585.495	117.454
1586.462	116.810
1587.421	115.742
1588.372	114.311
1589.311	112.571
1590.235	110.623
1591.144	108.554
1592.036	106.472
1592.911	104.498
1593.771	102.709
1594.616	101.183
1595.452	100.017
1596.277	99.211
1597.098	98.817
1597.916	98.791
1598.736	99.109
1599.560	99.722
1600.389	100.506
1601.227	101.387
1602.072	102.227
1602.925	102.914
1603.784	103.305
1604.647	103.295
1605.509	102.786
1606.367	101.703
1607.215	100.012
1608.050	97.700
1608.864	94.792
1609.655	91.349
1610.416	87.449
1611.145	83.194
1611.840	78.688
1612.497	74.040
1613.116	69.369
1613.696	64.769
1614.239	60.317
1614.747	56.080
1615.219	52.119
1615.659	48.488
1616.070	45.197
1616.455	42.265
1616.816	39.727
1617.157	37.580
1617.482	35.832
1617.792	34.512
1618.093	33.634
1618.388	33.243
1618.682	33.387
1618.979	34.147
1619.285	35.642
1619.607	38.024
1619.953	41.503
1620.334	46.383
1620.762	53.022
1621.256	61.933
1621.836	73.721
1622.531	89.143
1623.373	109.065
1624.407	134.369
1625.680	165.788
1627.248	203.689
1629.163	247.451
1631.469	295.206
1634.184	343.280
1637.293	386.441
1640.727	418.788
1644.366	435.297
1648.069	433.682
1651.676	415.288
1655.060	384.328
1658.139	346.512
1660.874	307.215
1663.274	270.222
1665.371	237.704
1667.204	210.312
1668.824	187.814
1670.269	169.488
1671.570	154.480
1672.759	141.983
1673.851	131.346
1674.859	122.044
1675.801	113.726
1676.676	106.154
1677.495	99.166
1678.261	92.694
1678.976	86.687
1679.649	81.130
1680.277	76.030
1680.869	71.377
1681.425	67.195
1681.950	63.469
1682.448	60.216
1682.922	57.426
1683.375	55.091
1683.812	53.218
1684.235	51.781
1684.649	50.771
1685.057	50.186
1685.462	49.992
1685.867	50.182
1686.275	50.735
1686.689	51.610
1687.113	52.802
1687.548	54.252
1687.996	55.928
1688.461	57.785
1688.941	59.760
1689.440	61.797
1689.957	63.822
1690.492	65.769
1691.044	67.552
1691.612	69.106
1692.195	70.358
1692.788	71.238
1693.390	71.702
1693.996	71.710
1694.602	71.247
1695.206	70.313
1695.802	68.932
1696.386	67.152
1696.956	65.033
1697.509	62.653
1698.043	60.113
1698.555	57.516
1699.047	54.982
1699.518	52.637
1699.971	50.626
1700.408	49.104
1700.834	48.238
1701.255	48.250
1701.679	49.395
1702.116	51.952
1702.581	56.297
1703.088	62.889
1703.659	72.212
1704.320	84.898
1705.101	101.522
1706.037	122.606
1707.171	148.520
1708.540	179.013
1710.184	213.196
1712.128	249.103
1714.375	283.557
1716.902	312.621
1719.643	332.129
1722.507	338.983
1725.378	332.106
1728.141	312.913
1730.704	284.809
1733.008	252.104
1735.023	219.059
1736.762	188.859
1738.256	163.445
1739.549	143.779
1740.689	129.992
1741.725	121.725
1742.702	118.466
1743.659	119.565
1744.631	124.378
1745.646	132.239
1746.730	142.490
1747.899	154.340
1749.161	166.913
1750.527	179.311
1751.987	190.447
1753.526	199.311
1755.134	205.059
1756.774	207.008
1758.418	204.871
1760.036	198.753
1761.593	189.138
1763.068	176.753
1764.438	162.557
1765.691	147.424
1766.826	132.241
1767.841	117.652
1768.742	104.144
1769.541	92.010
1770.246	81.382
1770.871	72.268
1771.429	64.608
1771.929	58.265
1772.382	53.092
1772.797	48.940
1773.180	45.641
1773.541	43.065
1773.882	41.075
1774.210	39.562
1774.527	38.427
1774.836	37.590
1775.140	36.978
1775.440	36.537
1775.739	36.215
1776.035	35.976
1776.331	35.786
1776.626	35.621
1776.922	35.462
1777.216	35.292
1777.511	35.103
1777.805	34.890
1778.098	34.649
1778.390	34.380
1778.681	34.091
1778.970	33.788
1779.258	33.485
1779.544	33.200
1779.829	32.951
1780.113	32.771
1780.396	32.701
1780.680	32.792
1780.967	33.117
1781.257	33.779
1781.556	34.922
1781.866	36.749
1782.195	39.555
1782.552	43.763
1782.952	49.991
1783.412	59.126
1783.961	72.421
1784.641	91.613
1785.506	119.039
1786.636	157.577
1788.133	210.339
1790.125	279.874
1792.753	366.252
1796.139	464.375
1800.336	561.687
1805.264	638.580
1810.675	674.619
1816.181	658.440
1821.355	594.832
1825.876	501.660
1829.592	400.170
1832.493	306.790
1834.688	229.459
1836.319	169.683
1837.520	125.689
1838.409	94.198
1839.080	71.953
1839.595	56.428
1840.001	45.589
1840.333	37.981
1840.612	32.653
1840.853	28.887
1841.069	26.253
1841.266	24.438
1841.452	23.250
1841.629	22.565
1841.803	22.313
1841.976	22.452
1842.151	22.985
1842.332	23.915
1842.521	25.293
1842.724	27.160
1842.941	29.604
1843.181	32.708
1843.446	36.600
1843.746	41.423
1844.087	47.348
1844.478	54.575
1844.931	63.305
1845.457	73.785
1846.075	86.288
1846.797	100.976
1847.642	118.027
1848.632	137.545
1849.784	159.371
1851.113	183.144
1852.638	208.248
1854.360	233.635
1856.279	257.978
1858.382	279.693
1860.638	297.231
1863.012	309.138
1865.452	314.574
1867.908	313.242
1870.327	305.561
1872.663	292.514
1874.877	275.384
1876.943	255.597
1878.847	234.419
1880.582	212.947
1882.152	191.955
1883.562	171.936
1884.821	153.237
1885.939	136.029
1886.934	120.286
1887.812	106.045
1888.584	93.270
1889.266	81.824
1889.865	71.640
1890.389	62.652
1890.849	54.718
1891.252	47.762
1891.603	41.706
1891.912	36.419
1892.183	31.853
1892.420	27.907
1892.629	24.514
1892.813	21.610
1892.976	19.121
1893.121	17.012
1893.251	15.218
1893.367	13.712
1893.473	12.449
1893.569	11.408
1893.659	10.561
1893.741	9.893
1893.820	9.388
1893.894	9.042
1893.967	8.854
1894.038	8.826
1894.110	8.972
1894.184	9.310
1894.261	9.869
1894.344	10.691
1894.434	11.826
1894.535	13.352
1894.649	15.355
1894.782	17.950
1894.938	21.297
1895.125	25.577
1895.350	31.005
1895.626	37.884
1895.964	46.520
1896.380	57.267
1896.894	70.542
1897.529	86.703
1898.310	106.011
1899.264	128.580
1900.419	154.204
1901.797	182.109
1903.415	211.022
1905.275	239.018
1907.362	263.641
1909.633	282.393
1912.039	293.318
1914.501	295.431
1916.948	289.212
1919.314	276.529
1921.551	260.170
1923.641	243.324
1925.585	229.071
1927.413	219.944
1929.170	218.027
1930.917	224.690
1932.725	240.860
1934.670	266.701
1936.822	301.661
1939.249	343.825
1941.994	389.722
1945.068	434.082
1948.443	470.510
1952.037	492.682
1955.726	496.031
1959.367	479.317
1962.817	445.087
1965.965	398.593
1968.740	346.079
1971.120	293.259
1973.119	244.197
1974.772	201.162
1976.129	164.933
1977.240	135.342
1978.152	111.640
1978.905	92.909
1979.534	78.214
1980.066	66.722
1980.521	57.740
1980.918	50.693
1981.268	45.142
1981.580	40.752
1981.864	37.270
1982.126	34.492
1982.369	32.259
1982.598	30.471
1982.815	29.044
1983.024	27.903
1983.224	26.985
1983.419	26.269
1983.610	25.718
1983.797	25.285
1983.983	24.970
1984.167	24.755
1984.350	24.603
1984.533	24.517
1984.715	24.482
1984.898	24.485
1985.083	24.522
1985.268	24.574
1985.453	24.641
1985.642	24.719
1985.830	24.796
1986.020	24.863
1986.211	24.927
1986.404	24.975
1986.597	24.996
1986.791	25.007
1986.986	24.983
1987.182	24.936
1987.378	24.856
1987.573	24.744
1987.770	24.601
1987.964	24.422
1988.159	24.210
1988.352	23.963
1988.545	23.682
1988.735	23.369
1988.924	23.024
1989.110	22.647
1989.294	22.245
1989.475	21.814
1989.654	21.361
1989.830	20.885
1990.002	20.392
1990.171	19.881
1990.335	19.357
1990.497	18.821
1990.654	18.277
1990.807	17.725
1990.957	17.173
1991.102	16.616
1991.243	16.062
1991.379	15.510
1991.512	14.962
1991.641	14.422
1991.765	13.889
1991.884	13.365
1992.001	12.850
1992.113	12.347
1992.221	11.857
1992.325	11.379
1992.426	10.915
1992.522	10.464
1992.615	10.028
1992.705	9.606
1992.791	9.198
1992.874	8.804
1992.953	8.424
1993.030	8.059
1993.104	7.709
1993.174	7.371
1993.242	7.046
1993.307	6.736
1993.370	6.438
1993.430	6.151
1993.488	5.876
1993.543	5.614
1993.596	5.364
1993.647	5.124
1993.696	4.895
1993.743	4.675
1993.788	4.464
1993.831	4.264
1993.872	4.074
1993.912	3.889
1993.950	3.715
1993.986	3.549
1994.022	3.388
1994.056	3.236
1994.088	3.091
1994.119	2.952
1994.149	2.820
1994.177	2.694
1994.205	2.573
1994.231	2.458
1994.256	2.348
1994.280	2.244
1994.304	2.144
1994.326	2.048
1994.347	1.958
1994.368	1.871
1994.388	1.789
1994.407	1.709
1994.425	1.634
1994.442	1.563
1994.459	1.494
1994.475	1.429
1994.491	1.367
1994.506	1.308
1994.520	1.252
1994.534	1.198
1994.547	1.147
1994.560	1.098
1994.572	1.051
1994.584	1.007
1994.596	0.965
1994.607	0.924
1994.617	0.886
1994.627	0.849
1994.637	0.814
1994.646	0.781
1994.656	0.750
1994.664	0.720
1994.673	0.691
1994.681	0.663
1994.689	0.637
1994.696	0.612
1994.704	0.589
1994.711	0.566
1994.718	0.545
1994.724	0.524
1994.731	0.504
1994.737	0.486
1994.743	0.468
1994.749	0.451
1994.755	0.435
1994.760	0.419
1994.765	0.404
1994.770	0.390
1994.775	0.377
1994.780	0.364
1994.785	0.352
1994.789	0.340
1994.794	0.329
1994.798	0.318
1994.802	0.308
1994.806	0.298
1994.810	0.289
1994.814	0.280
1994.818	0.271
1994.822	0.263
1994.825	0.255
1994.829	0.247
1994.832	0.240
1994.835	0.233
1994.838	0.226
1994.842	0.220
1994.845	0.214
1994.848	0.208
1994.851	0.202
1994.853	0.196
1994.856	0.191
1994.859	0.186
1994.862	0.181
1994.864	0.176
1994.867	0.172
1994.869	0.167
1994.872	0.163
1994.874	0.159
1994.877	0.155
1994.879	0.151
1994.881	0.148
1994.883	0.144
1994.885	0.140
1994.888	0.137
1994.890	0.134
1994.892	0.131
1994.894	0.128
1994.896	0.125
1994.898	0.122
1994.900	0.119
1994.902	0.116
1994.903	0.113
1994.905	0.111
1994.907	0.108
1994.909	0.106
1994.910	0.104
1994.912	0.101
1994.914	0.099
1994.915	0.097
1994.917	0.095
1994.919	0.093
1994.920	0.091
1994.922	0.089
1994.923	0.087
1994.925	0.085
1994.926	0.083
1994.927	0.081
1994.929	0.079
1994.930	0.078
1994.932	0.076
1994.933	0.074
1994.934	0.073
1994.935	0.071
1994.937	0.070
1994.938	0.068
1994.939	0.067
1994.940	0.065
1994.942	0.064
1994.943	0.062
1994.944	0.061
