<j>	<F>
1.246	20.230
3.002	11.614
4.179	10.899
5.196	11.156
6.054	12.657
7.215	14.244
8.585	11.436
9.532	12.759
11.137	12.035
12.467	10.583
13.346	11.228
14.237	12.121
15.522	12.358
17.083	11.206
18.031	11.225
18.729	12.104
19.440	13.182
20.367	13.904
21.486	13.900
22.550	13.992
23.598	14.074
24.543	14.400
25.496	14.789
26.692	14.889
28.339	13.899
29.759	13.131
30.782	13.117
31.548	13.591
32.242	14.305
32.951	15.017
33.668	15.788
34.659	16.272
36.382	15.425
38.246	13.966
39.354	13.671
40.058	14.153
40.693	14.825
41.311	15.561
41.954	16.348
42.828	16.894
44.396	16.488
47.021	14.592
49.278	12.927
50.306	12.732
50.847	13.227
51.368	13.878
52.136	14.383
53.392	14.399
54.975	13.902
56.180	13.619
56.831	13.932
57.242	14.605
57.644	15.395
58.184	16.123
59.043	16.540
60.413	16.340
62.128	15.617
63.566	15.095
64.501	15.129
65.151	15.527
65.716	16.077
66.315	16.641
67.037	17.098
67.946	17.346
69.090	17.324
70.581	16.948
72.480	16.152
74.343	15.315
75.630	14.992
76.493	15.141
77.473	15.351
79.355	15.035
82.678	13.725
85.950	12.324
87.839	11.757
88.864	11.722
89.525	11.900
90.007	12.186
90.395	12.540
90.742	12.941
91.088	13.369
91.469	13.806
91.919	14.227
92.476	14.602
93.164	14.901
93.977	15.113
94.877	15.255
95.812	15.364
96.766	15.461
97.775	15.532
98.919	15.526
100.275	15.387
101.845	15.110
103.539	14.755
105.236	14.403
106.832	14.111
108.221	13.924
109.327	13.877
110.148	13.980
110.755	14.210
111.248	14.524
111.742	14.869
112.371	15.171
113.303	15.331
114.711	15.234
116.582	14.858
118.546	14.389
120.167	14.072
121.324	13.985
122.117	14.086
122.670	14.318
123.085	14.638
123.439	15.012
123.804	15.407
124.257	15.780
124.911	16.069
125.927	16.174
127.442	16.000
129.326	15.585
131.114	15.176
132.486	14.978
133.537	14.971
134.555	15.027
135.900	14.984
138.002	14.662
141.060	13.964
144.396	13.129
146.953	12.555
148.521	12.336
149.469	12.347
150.136	12.469
150.717	12.634
151.315	12.805
151.990	12.960
152.768	13.084
153.647	13.174
154.591	13.237
155.543	13.290
156.447	13.354
157.284	13.440
158.082	13.546
158.909	13.651
159.864	13.726
161.045	13.734
162.496	13.652
164.133	13.496
165.741	13.329
167.100	13.224
168.120	13.221
168.843	13.314
169.359	13.481
169.750	13.699
170.076	13.948
170.380	14.216
170.692	14.492
171.039	14.767
171.447	15.030
171.947	15.268
172.587	15.462
173.465	15.580
174.788	15.554
176.933	15.266
180.220	14.614
184.168	13.743
187.537	13.035
189.773	12.668
191.169	12.552
192.106	12.572
192.798	12.662
193.351	12.793
193.817	12.950
194.232	13.126
194.621	13.315
195.003	13.510
195.390	13.710
195.788	13.911
196.201	14.113
196.628	14.314
197.074	14.515
197.552	14.712
198.096	14.896
198.783	15.046
199.758	15.122
201.234	15.056
203.389	14.790
206.070	14.352
208.703	13.904
210.798	13.601
212.340	13.459
213.572	13.418
214.717	13.412
215.892	13.404
217.124	13.382
218.371	13.351
219.557	13.328
220.618	13.331
221.525	13.368
222.295	13.441
222.978	13.539
223.648	13.648
224.406	13.746
225.384	13.803
226.751	13.781
228.651	13.641
231.055	13.382
233.631	13.067
235.903	12.801
237.598	12.649
238.750	12.614
239.533	12.662
240.109	12.760
240.586	12.885
241.033	13.021
241.490	13.160
241.989	13.294
242.555	13.417
243.215	13.524
243.992	13.607
244.904	13.662
245.955	13.686
247.132	13.681
248.398	13.654
249.704	13.615
251.005	13.575
252.275	13.541
253.513	13.514
254.734	13.493
255.964	13.472
257.225	13.447
258.530	13.414
259.878	13.372
261.247	13.324
262.596	13.278
263.871	13.242
265.018	13.228
266.001	13.243
266.810	13.292
267.460	13.372
267.979	13.481
268.400	13.613
268.757	13.761
269.077	13.922
269.388	14.089
269.711	14.258
270.070	14.424
270.491	14.581
271.005	14.722
271.660	14.835
272.519	14.907
273.673	14.918
275.219	14.844
277.210	14.673
279.545	14.421
281.943	14.146
284.081	13.918
285.806	13.774
287.167	13.710
288.324	13.695
289.435	13.697
290.618	13.692
291.926	13.665
293.353	13.614
294.840	13.550
296.313	13.484
297.720	13.430
299.043	13.390
300.296	13.365
301.495	13.349
302.647	13.341
303.734	13.343
304.731	13.358
305.613	13.391
306.368	13.445
307.000	13.521
307.527	13.618
307.974	13.730
308.367	13.856
308.731	13.989
309.086	14.128
309.451	14.268
309.841	14.405
310.268	14.538
310.739	14.665
311.258	14.783
311.822	14.893
312.422	14.996
313.042	15.094
313.662	15.191
314.264	15.293
314.829	15.401
315.349	15.521
315.820	15.652
316.250	15.795
316.647	15.949
317.029	16.109
317.421	16.271
317.862	16.427
318.438	16.561
319.341	16.633
321.012	16.558
324.251	16.178
329.610	15.377
335.752	14.402
340.329	13.714
342.928	13.405
344.413	13.316
345.478	13.314
346.451	13.336
347.466	13.356
348.563	13.364
349.736	13.360
350.952	13.348
352.165	13.333
353.331	13.324
354.418	13.325
355.413	13.339
356.319	13.366
357.147	13.404
357.910	13.453
358.621	13.510
359.287	13.575
359.913	13.645
360.501	13.722
361.053	13.805
361.571	13.894
362.059	13.989
362.525	14.088
362.983	14.191
363.450	14.295
363.956	14.395
364.544	14.485
365.279	14.555
366.250	14.591
367.572	14.576
369.357	14.489
371.650	14.324
374.341	14.093
377.154	13.840
379.771	13.611
381.995	13.440
383.796	13.330
385.244	13.274
386.430	13.256
387.436	13.265
388.322	13.292
389.135	13.330
389.914	13.374
390.692	13.420
391.499	13.464
392.361	13.501
393.295	13.530
394.313	13.547
395.419	13.553
396.610	13.547
397.883	13.531
399.240	13.503
400.692	13.465
402.257	13.414
403.962	13.346
405.818	13.262
407.808	13.161
409.876	13.050
411.924	12.939
413.846	12.841
415.557	12.766
417.013	12.720
418.215	12.703
419.195	12.712
419.995	12.743
420.660	12.791
421.231	12.851
421.738	12.919
422.207	12.994
422.655	13.072
423.095	13.152
423.536	13.233
423.982	13.315
424.436	13.396
424.899	13.476
425.367	13.557
425.840	13.638
426.314	13.718
426.789	13.800
427.265	13.882
427.747	13.964
428.244	14.046
428.768	14.125
429.341	14.199
429.990	14.265
430.745	14.318
431.644	14.353
432.717	14.365
433.985	14.351
435.440	14.311
437.050	14.249
438.763	14.173
440.540	14.088
442.392	13.998
444.420	13.894
446.831	13.757
449.919	13.557
453.938	13.268
458.843	12.894
464.090	12.487
468.871	12.124
472.649	11.859
475.371	11.697
477.272	11.615
478.620	11.586
479.621	11.590
480.404	11.615
481.048	11.654
481.598	11.701
482.083	11.754
482.521	11.813
482.923	11.875
483.301	11.939
483.662	12.006
484.012	12.075
484.358	12.145
484.705	12.216
485.061	12.286
485.431	12.357
485.823	12.426
486.244	12.493
486.704	12.558
487.213	12.619
487.783	12.675
488.426	12.724
489.154	12.766
489.977	12.800
490.899	12.824
491.920	12.838
493.026	12.844
494.196	12.842
495.396	12.836
496.590	12.830
497.739	12.826
498.816	12.829
499.800	12.840
500.684	12.860
501.472	12.890
502.175	12.928
502.808	12.974
503.388	13.025
503.932	13.081
504.455	13.140
504.970	13.200
505.490	13.261
506.025	13.320
506.585	13.378
507.178	13.434
507.812	13.485
508.494	13.532
509.230	13.574
510.027	13.609
510.891	13.638
511.827	13.660
512.839	13.673
513.929	13.679
515.097	13.676
516.340	13.666
517.648	13.648
519.006	13.625
520.392	13.598
521.780	13.570
523.141	13.544
524.448	13.523
525.678	13.509
526.814	13.504
527.850	13.509
528.785	13.524
529.627	13.549
530.386	13.582
531.075	13.623
531.709	13.670
532.302	13.721
532.868	13.776
533.419	13.834
533.966	13.892
534.516	13.951
535.075	14.009
535.646	14.067
536.230	14.123
536.823	14.178
537.419	14.233
538.013	14.288
538.594	14.345
539.157	14.403
539.695	14.465
540.205	14.530
540.689	14.598
541.151	14.670
541.606	14.744
542.081	14.817
542.622	14.885
543.321	14.939
544.353	14.963
546.039	14.925
548.906	14.775
553.551	14.452
560.037	13.949
567.187	13.376
573.235	12.900
577.368	12.604
579.894	12.459
581.424	12.409
582.416	12.409
583.131	12.436
583.702	12.477
584.199	12.525
584.657	12.577
585.100	12.631
585.546	12.686
586.009	12.740
586.503	12.793
587.046	12.842
587.656	12.887
588.353	12.925
589.163	12.955
590.112	12.975
591.225	12.981
592.525	12.973
594.022	12.950
595.705	12.910
597.538	12.858
599.457	12.798
601.379	12.736
603.217	12.679
604.902	12.632
606.387	12.601
607.657	12.585
608.723	12.585
609.606	12.600
610.338	12.626
610.949	12.663
611.469	12.707
611.921	12.758
612.326	12.813
612.701	12.871
613.059	12.931
613.413	12.992
613.771	13.054
614.145	13.115
614.541	13.175
614.971	13.232
615.442	13.287
615.966	13.339
616.554	13.385
617.220	13.426
617.980	13.459
618.850	13.484
619.847	13.498
620.988	13.501
622.283	13.491
623.736	13.467
625.337	13.432
627.061	13.385
628.868	13.331
630.707	13.274
632.527	13.217
634.280	13.166
635.933	13.122
637.467	13.087
638.876	13.062
640.164	13.047
641.340	13.041
642.416	13.042
643.403	13.051
644.312	13.066
645.153	13.086
645.934	13.111
646.664	13.140
647.348	13.173
647.994	13.209
648.608	13.248
649.197	13.289
649.764	13.332
650.315	13.377
650.856	13.422
651.389	13.469
651.917	13.517
652.445	13.564
652.973	13.612
653.505	13.660
654.040	13.708
654.581	13.756
655.129	13.803
655.683	13.850
656.245	13.897
656.814	13.943
657.392	13.989
657.980	14.034
658.579	14.078
659.189	14.121
659.812	14.164
660.449	14.205
661.102	14.246
661.772	14.285
662.459	14.322
663.163	14.358
663.884	14.393
664.622	14.426
665.377	14.457
666.147	14.488
666.936	14.517
667.744	14.544
668.578	14.569
669.445	14.591
670.354	14.609
671.319	14.623
672.351	14.632
673.467	14.633
674.684	14.625
676.022	14.607
677.511	14.577
679.196	14.531
681.139	14.464
683.423	14.372
686.128	14.247
689.286	14.088
692.824	13.900
696.534	13.697
700.123	13.504
703.329	13.339
706.019	13.213
708.212	13.128
710.023	13.073
711.612	13.038
713.143	13.011
714.774	12.982
716.642	12.940
718.856	12.877
721.472	12.790
724.459	12.680
727.686	12.553
730.939	12.422
733.989	12.302
736.667	12.203
738.898	12.131
740.699	12.086
742.139	12.063
743.307	12.057
744.289	12.063
745.156	12.077
745.964	12.096
746.752	12.116
747.549	12.137
748.373	12.156
749.235	12.174
750.137	12.189
751.078	12.201
752.048	12.212
753.037	12.222
754.027	12.230
755.005	12.240
755.954	12.250
756.861	12.263
757.716	12.279
758.513	12.297
759.248	12.320
759.922	12.345
760.540	12.375
761.106	12.407
761.630	12.442
762.120	12.480
762.584	12.519
763.034	12.560
763.480	12.601
763.934	12.643
764.406	12.683
764.910	12.723
765.460	12.760
766.070	12.793
766.755	12.823
767.531	12.847
768.408	12.866
769.396	12.877
770.496	12.882
771.703	12.879
772.998	12.871
774.352	12.859
775.731	12.844
777.091	12.829
778.394	12.818
779.606	12.811
780.705	12.810
781.681	12.817
782.532	12.831
783.268	12.853
783.902	12.881
784.450	12.915
784.930	12.954
785.359	12.996
785.755	13.041
786.134	13.088
786.511	13.135
786.903	13.182
787.327	13.228
787.801	13.271
788.346	13.310
788.982	13.344
789.735	13.371
790.629	13.389
791.687	13.397
792.923	13.394
794.343	13.379
795.934	13.352
797.667	13.316
799.489	13.273
801.339	13.227
803.152	13.183
804.874	13.144
806.467	13.112
807.915	13.090
809.218	13.076
810.389	13.071
811.451	13.073
812.427	13.081
813.342	13.093
814.220	13.107
815.083	13.123
815.955	13.139
816.860	13.154
817.828	13.165
818.889	13.172
820.081	13.171
821.445	13.161
823.019	13.139
824.829	13.103
826.887	13.054
829.161	12.991
831.589	12.918
834.069	12.841
836.484	12.767
838.724	12.701
840.715	12.649
842.421	12.612
843.847	12.592
845.021	12.585
845.984	12.591
846.781	12.607
847.453	12.630
848.034	12.658
848.551	12.691
849.026	12.726
849.476	12.764
849.911	12.802
850.341	12.841
850.773	12.881
851.211	12.920
851.659	12.959
852.122	12.997
852.603	13.034
853.107	13.071
853.637	13.106
854.197	13.140
854.795	13.171
855.436	13.201
856.126	13.227
856.871	13.251
857.676	13.271
858.547	13.287
859.483	13.300
860.484	13.308
861.544	13.313
862.654	13.315
863.799	13.314
864.963	13.312
866.128	13.310
867.272	13.308
868.381	13.308
869.440	13.311
870.438	13.317
871.371	13.326
872.236	13.340
873.036	13.358
873.773	13.379
874.451	13.404
875.078	13.432
875.658	13.464
876.197	13.498
876.700	13.534
877.170	13.572
877.612	13.613
878.030	13.655
878.427	13.698
878.805	13.743
879.168	13.790
879.519	13.837
879.861	13.885
880.197	13.934
880.532	13.983
880.869	14.033
881.215	14.082
881.576	14.131
881.960	14.179
882.381	14.225
882.856	14.268
883.410	14.307
884.086	14.338
884.944	14.359
886.082	14.364
887.641	14.345
889.811	14.290
892.805	14.186
896.780	14.025
901.687	13.808
907.150	13.557
912.542	13.307
917.266	13.095
921.014	12.938
923.796	12.836
925.804	12.780
927.271	12.755
928.396	12.751
929.326	12.759
930.169	12.773
931.002	12.788
931.879	12.803
932.848	12.813
933.948	12.818
935.206	12.815
936.644	12.803
938.271	12.782
940.072	12.752
942.018	12.714
944.056	12.671
946.119	12.626
948.136	12.583
950.043	12.544
951.793	12.512
953.361	12.489
954.740	12.475
955.941	12.469
956.984	12.471
957.894	12.480
958.697	12.494
959.417	12.513
960.074	12.534
960.687	12.559
961.270	12.585
961.833	12.612
962.388	12.639
962.943	12.667
963.502	12.695
964.073	12.723
964.664	12.750
965.279	12.775
965.929	12.800
966.623	12.822
967.375	12.842
968.201	12.859
969.121	12.871
970.158	12.878
971.339	12.879
972.692	12.871
974.240	12.855
976.001	12.828
977.977	12.792
980.145	12.746
982.460	12.692
984.854	12.634
987.238	12.576
989.531	12.521
991.659	12.474
993.573	12.435
995.253	12.408
996.700	12.391
997.934	12.383
998.984	12.385
999.882	12.393
1000.660	12.408
1001.348	12.427
1001.969	12.449
1002.545	12.474
1003.094	12.500
1003.629	12.527
1004.162	12.554
1004.702	12.582
1005.255	12.608
1005.830	12.634
1006.428	12.660
1007.052	12.684
1007.704	12.706
1008.382	12.728
1009.085	12.748
1009.810	12.768
1010.551	12.786
1011.303	12.804
1012.058	12.822
1012.809	12.840
1013.553	12.858
1014.281	12.877
1014.989	12.896
1015.675	12.917
1016.337	12.939
1016.977	12.962
1017.598	12.986
1018.206	13.010
1018.809	13.036
1019.417	13.061
1020.047	13.085
1020.714	13.108
1021.440	13.129
1022.248	13.146
1023.167	13.159
1024.223	13.165
1025.447	13.163
1026.860	13.153
1028.476	13.133
1030.293	13.103
1032.280	13.065
1034.396	13.020
1036.568	12.972
1038.718	12.924
1040.773	12.879
1042.672	12.842
1044.380	12.812
1045.882	12.793
1047.188	12.782
1048.320	12.779
1049.308	12.784
1050.186	12.794
1050.988	12.808
1051.745	12.824
1052.489	12.842
1053.247	12.859
1054.045	12.875
1054.910	12.889
1055.864	12.899
1056.932	12.904
1058.130	12.903
1059.476	12.896
1060.977	12.882
1062.630	12.861
1064.424	12.834
1066.331	12.802
1068.317	12.766
1070.337	12.727
1072.342	12.689
1074.294	12.653
1076.154	12.621
1077.898	12.594
1079.514	12.572
1080.996	12.555
1082.352	12.544
1083.587	12.539
1084.716	12.538
1085.750	12.541
1086.702	12.548
1087.584	12.557
1088.405	12.570
1089.175	12.584
1089.903	12.601
1090.596	12.619
1091.259	12.639
1091.899	12.660
1092.522	12.681
1093.132	12.703
1093.733	12.726
1094.330	12.749
1094.926	12.772
1095.526	12.795
1096.132	12.818
1096.750	12.840
1097.381	12.862
1098.029	12.884
1098.700	12.904
1099.395	12.924
1100.119	12.942
1100.877	12.959
1101.674	12.974
1102.513	12.988
1103.398	12.999
1104.337	13.009
1105.329	13.016
1106.381	13.020
1107.492	13.022
1108.662	13.021
1109.890	13.018
1111.167	13.012
1112.488	13.005
1113.838	12.995
1115.207	12.985
1116.573	12.975
1117.925	12.965
1119.244	12.956
1120.514	12.950
1121.726	12.945
1122.865	12.944
1123.931	12.945
1124.914	12.951
1125.819	12.959
1126.644	12.971
1127.394	12.986
1128.076	13.004
1128.693	13.026
1129.251	13.050
1129.758	13.076
1130.218	13.104
1130.638	13.135
1131.023	13.167
1131.378	13.200
1131.707	13.235
1132.016	13.271
1132.306	13.309
1132.584	13.347
1132.851	13.385
1133.113	13.424
1133.372	13.464
1133.634	13.503
1133.902	13.543
1134.185	13.582
1134.490	13.621
1134.831	13.658
1135.227	13.693
1135.710	13.725
1136.332	13.752
1137.180	13.769
1138.396	13.772
1140.208	13.751
1142.962	13.692
1147.102	13.577
1153.058	13.390
1160.918	13.125
1170.080	12.807
1179.264	12.486
1187.181	12.213
1193.197	12.016
1197.382	11.890
1200.165	11.820
1201.998	11.788
1203.228	11.779
1204.086	11.785
1204.718	11.801
1205.207	11.821
1205.607	11.846
1205.948	11.872
1206.250	11.901
1206.524	11.930
1206.780	11.960
1207.023	11.991
1207.258	12.023
1207.488	12.054
1207.715	12.086
1207.942	12.119
1208.171	12.151
1208.403	12.183
1208.641	12.216
1208.884	12.248
1209.135	12.280
1209.394	12.312
1209.662	12.344
1209.940	12.375
1210.228	12.407
1210.526	12.438
1210.836	12.469
1211.156	12.499
1211.486	12.529
1211.826	12.559
1212.176	12.589
1212.533	12.619
1212.899	12.648
1213.269	12.677
1213.646	12.706
1214.024	12.735
1214.405	12.764
1214.784	12.794
1215.163	12.823
1215.538	12.852
1215.908	12.882
1216.273	12.912
1216.631	12.943
1216.980	12.974
1217.322	13.005
1217.654	13.037
1217.977	13.069
1218.291	13.102
1218.597	13.135
1218.895	13.169
1219.187	13.203
1219.473	13.237
1219.756	13.272
1220.036	13.307
1220.318	13.342
1220.604	13.378
1220.897	13.413
1221.202	13.448
1221.523	13.482
1221.868	13.516
1222.244	13.548
1222.660	13.579
1223.130	13.608
1223.667	13.635
1224.288	13.658
1225.016	13.677
1225.874	13.690
1226.889	13.697
1228.087	13.696
1229.491	13.687
1231.116	13.668
1232.963	13.640
1235.013	13.602
1237.223	13.557
1239.529	13.508
1241.849	13.457
1244.102	13.408
1246.216	13.365
1248.135	13.330
1249.835	13.303
1251.305	13.286
1252.563	13.277
1253.627	13.277
1254.530	13.284
1255.299	13.297
1255.964	13.314
1256.550	13.335
1257.078	13.359
1257.567	13.384
1258.034	13.411
1258.491	13.438
1258.951	13.465
1259.425	13.492
1259.924	13.519
1260.457	13.544
1261.035	13.567
1261.668	13.588
1262.367	13.607
1263.142	13.623
1264.005	13.635
1264.964	13.643
1266.031	13.647
1267.209	13.646
1268.508	13.640
1269.925	13.629
1271.459	13.613
1273.103	13.593
1274.846	13.568
1276.675	13.540
1278.572	13.509
1280.519	13.476
1282.500	13.441
1284.496	13.406
1286.493	13.371
1288.479	13.336
1290.439	13.303
1292.363	13.271
1294.242	13.241
1296.067	13.213
1297.828	13.188
1299.521	13.165
1301.140	13.145
1302.683	13.129
1304.150	13.115
1305.544	13.104
1306.870	13.095
1308.134	13.090
1309.346	13.086
1310.515	13.084
1311.651	13.083
1312.766	13.084
1313.869	13.085
1314.968	13.086
1316.073	13.087
1317.186	13.087
1318.313	13.088
1319.451	13.088
1320.599	13.087
1321.749	13.086
1322.896	13.085
1324.027	13.085
1325.134	13.085
1326.201	13.087
1327.223	13.090
1328.187	13.096
1329.089	13.103
1329.923	13.113
1330.689	13.126
1331.385	13.141
1332.015	13.159
1332.583	13.179
1333.093	13.201
1333.553	13.226
1333.966	13.252
1334.341	13.280
1334.683	13.309
1334.999	13.340
1335.294	13.371
1335.575	13.404
1335.846	13.437
1336.113	13.470
1336.381	13.503
1336.654	13.537
1336.939	13.570
1337.240	13.602
1337.563	13.634
1337.914	13.665
1338.300	13.695
1338.729	13.724
1339.208	13.750
1339.749	13.774
1340.365	13.796
1341.069	13.814
1341.881	13.828
1342.821	13.837
1343.916	13.840
1345.195	13.836
1346.688	13.824
1348.429	13.802
1350.446	13.769
1352.755	13.725
1355.354	13.670
1358.213	13.605
1361.270	13.532
1364.435	13.454
1367.598	13.376
1370.653	13.302
1373.506	13.236
1376.095	13.179
1378.390	13.133
1380.389	13.098
1382.111	13.074
1383.589	13.059
1384.858	13.051
1385.957	13.050
1386.917	13.055
1387.766	13.063
1388.532	13.075
1389.232	13.090
1389.887	13.106
1390.508	13.124
1391.109	13.142
1391.701	13.162
1392.295	13.181
1392.898	13.200
1393.522	13.218
1394.174	13.236
1394.864	13.252
1395.601	13.267
1396.393	13.279
1397.248	13.290
1398.175	13.298
1399.180	13.304
1400.270	13.306
1401.448	13.305
1402.714	13.301
1404.071	13.294
1405.511	13.284
1407.027	13.270
1408.614	13.255
1410.253	13.237
1411.935	13.218
1413.641	13.197
1415.356	13.177
1417.065	13.156
1418.750	13.136
1420.400	13.117
1421.999	13.100
1423.538	13.085
1425.006	13.073
1426.398	13.063
1427.707	13.056
1428.931	13.051
1430.068	13.050
1431.119	13.052
1432.086	13.056
1432.973	13.064
1433.783	13.074
1434.523	13.086
1435.198	13.101
1435.813	13.118
1436.377	13.137
1436.893	13.157
1437.369	13.179
1437.809	13.203
1438.219	13.228
1438.603	13.253
1438.967	13.280
1439.315	13.307
1439.652	13.335
1439.980	13.363
1440.306	13.391
1440.635	13.420
1440.971	13.448
1441.321	13.476
1441.696	13.504
1442.104	13.530
1442.561	13.555
1443.089	13.578
1443.712	13.597
1444.469	13.613
1445.411	13.622
1446.607	13.623
1448.139	13.612
1450.110	13.587
1452.627	13.544
1455.778	13.479
1459.599	13.391
1464.020	13.283
1468.861	13.160
1473.820	13.032
1478.576	12.909
1482.847	12.802
1486.466	12.716
1489.401	12.653
1491.697	12.611
1493.458	12.586
1494.792	12.576
1495.806	12.577
1496.581	12.586
1497.184	12.601
1497.665	12.619
1498.057	12.641
1498.387	12.666
1498.674	12.692
1498.928	12.719
1499.161	12.746
1499.378	12.775
1499.586	12.804
1499.787	12.833
1499.986	12.863
1500.184	12.892
1500.385	12.922
1500.590	12.952
1500.801	12.982
1501.022	13.011
1501.254	13.041
1501.501	13.070
1501.765	13.098
1502.051	13.126
1502.362	13.153
1502.703	13.180
1503.079	13.205
1503.495	13.229
1503.957	13.252
1504.471	13.273
1505.044	13.293
1505.684	13.310
1506.393	13.325
1507.181	13.337
1508.047	13.347
1508.994	13.354
1510.021	13.358
1511.123	13.360
1512.294	13.359
1513.520	13.356
1514.787	13.351
1516.078	13.346
1517.375	13.340
1518.660	13.334
1519.915	13.329
1521.126	13.326
1522.281	13.324
1523.374	13.324
1524.401	13.327
1525.360	13.332
1526.257	13.338
1527.094	13.347
1527.879	13.358
1528.621	13.371
1529.327	13.384
1530.008	13.399
1530.674	13.414
1531.333	13.430
1531.997	13.445
1532.675	13.461
1533.380	13.475
1534.121	13.488
1534.912	13.500
1535.766	13.510
1536.696	13.518
1537.715	13.522
1538.837	13.524
1540.075	13.521
1541.437	13.514
1542.931	13.503
1544.555	13.487
1546.302	13.468
1548.162	13.444
1550.105	13.417
1552.106	13.389
1554.127	13.359
1556.129	13.330
1558.083	13.302
1559.953	13.277
1561.723	13.255
1563.373	13.236
1564.904	13.222
1566.316	13.211
1567.617	13.205
1568.822	13.201
1569.943	13.200
1570.999	13.202
1572.005	13.205
1572.976	13.210
1573.930	13.215
1574.875	13.221
1575.829	13.227
1576.800	13.232
1577.798	13.237
1578.833	13.240
1579.911	13.242
1581.039	13.242
1582.221	13.241
1583.460	13.238
1584.762	13.233
1586.123	13.227
1587.543	13.218
1589.020	13.208
1590.547	13.196
1592.119	13.182
1593.725	13.167
1595.356	13.152
1596.999	13.136
1598.641	13.120
1600.270	13.104
1601.874	13.089
1603.442	13.076
1604.965	13.063
1606.435	13.052
1607.848	13.043
1609.203	13.035
1610.499	13.030
1611.737	13.026
1612.923	13.024
1614.060	13.023
1615.152	13.024
1616.206	13.026
1617.226	13.029
1618.217	13.033
1619.182	13.037
1620.125	13.043
1621.047	13.049
1621.951	13.055
1622.836	13.063
1623.700	13.070
1624.545	13.079
1625.368	13.088
1626.168	13.097
1626.943	13.108
1627.694	13.119
1628.416	13.131
1629.111	13.144
1629.780	13.158
1630.422	13.172
1631.040	13.188
1631.636	13.204
1632.212	13.220
1632.775	13.237
1633.325	13.255
1633.869	13.273
1634.415	13.291
1634.965	13.309
1635.530	13.327
1636.115	13.344
1636.729	13.360
1637.380	13.375
1638.075	13.389
1638.823	13.402
1639.630	13.412
1640.503	13.421
1641.448	13.427
1642.469	13.431
1643.567	13.433
1644.741	13.432
1645.990	13.429
1647.315	13.423
1648.706	13.416
1650.163	13.406
1651.689	13.394
1653.280	13.380
1654.946	13.364
1656.699	13.346
1658.551	13.324
1660.521	13.300
1662.627	13.272
1664.881	13.239
1667.286	13.202
1669.832	13.161
1672.488	13.117
1675.212	13.070
1677.940	13.024
1680.606	12.978
1683.142	12.937
1685.491	12.900
1687.615	12.869
1689.491	12.846
1691.117	12.830
1692.505	12.820
1693.675	12.817
1694.656	12.820
1695.475	12.827
1696.160	12.838
1696.738	12.853
1697.232	12.870
1697.660	12.889
1698.039	12.910
1698.383	12.932
1698.703	12.955
1699.010	12.978
1699.309	13.002
1699.610	13.026
1699.918	13.050
1700.235	13.073
1700.570	13.096
1700.928	13.119
1701.308	13.141
1701.720	13.162
1702.168	13.182
1702.654	13.202
1703.189	13.220
1703.774	13.236
1704.419	13.251
1705.131	13.264
1705.918	13.275
1706.792	13.283
1707.762	13.289
1708.840	13.292
1710.038	13.291
1711.369	13.286
1712.845	13.277
1714.474	13.264
1716.265	13.246
1718.216	13.224
1720.323	13.197
1722.569	13.166
1724.928	13.131
1727.365	13.094
1729.838	13.056
1732.299	13.019
1734.696	12.982
1736.988	12.949
1739.138	12.919
1741.118	12.894
1742.915	12.874
1744.524	12.859
1745.945	12.850
1747.193	12.845
1748.279	12.845
1749.221	12.849
1750.037	12.856
1750.742	12.867
1751.354	12.880
1751.887	12.896
1752.354	12.913
1752.767	12.933
1753.135	12.953
1753.469	12.975
1753.775	12.997
1754.060	13.021
1754.331	13.044
1754.592	13.069
1754.848	13.093
1755.104	13.118
1755.364	13.142
1755.634	13.167
1755.916	13.191
1756.215	13.215
1756.537	13.238
1756.890	13.260
1757.276	13.282
1757.706	13.303
1758.189	13.322
1758.732	13.339
1759.349	13.355
1760.057	13.368
1760.865	13.378
1761.796	13.385
1762.868	13.388
1764.097	13.387
1765.510	13.380
1767.115	13.368
1768.933	13.350
1770.966	13.326
1773.210	13.296
1775.651	13.261
1778.262	13.220
1780.999	13.176
1783.818	13.129
1786.665	13.082
1789.486	13.035
1792.240	12.991
1794.891	12.949
1797.411	12.910
1799.789	12.876
1802.014	12.846
1804.091	12.820
1806.021	12.798
1807.810	12.779
1809.464	12.765
1810.991	12.753
1812.397	12.745
1813.686	12.740
1814.866	12.738
1815.940	12.739
1816.914	12.742
1817.797	12.748
1818.591	12.756
1819.305	12.766
1819.944	12.778
1820.516	12.792
1821.025	12.808
1821.479	12.825
1821.885	12.843
1822.247	12.863
1822.570	12.884
1822.860	12.906
1823.122	12.928
1823.358	12.952
1823.574	12.976
1823.773	13.000
1823.958	13.026
1824.131	13.051
1824.297	13.077
1824.457	13.103
1824.614	13.129
1824.770	13.156
1824.929	13.182
1825.092	13.209
1825.262	13.235
1825.441	13.261
1825.633	13.287
1825.840	13.313
1826.066	13.338
1826.314	13.363
1826.587	13.387
1826.890	13.411
1827.225	13.433
1827.598	13.455
1828.013	13.476
1828.475	13.495
1828.985	13.513
1829.549	13.529
1830.171	13.544
1830.850	13.557
1831.586	13.569
1832.383	13.579
1833.235	13.587
1834.134	13.594
1835.081	13.599
1836.059	13.604
1837.062	13.607
1838.080	13.610
1839.093	13.613
1840.097	13.616
1841.073	13.620
1842.015	13.625
1842.911	13.631
1843.756	13.638
1844.544	13.647
1845.274	13.658
1845.942	13.670
1846.552	13.684
1847.104	13.700
1847.604	13.718
1848.052	13.737
1848.456	13.757
1848.819	13.779
1849.145	13.802
1849.438	13.826
1849.705	13.851
1849.947	13.877
1850.168	13.903
1850.372	13.930
1850.562	13.958
1850.740	13.986
1850.908	14.015
1851.069	14.044
1851.224	14.073
1851.374	14.102
1851.523	14.132
1851.670	14.162
1851.817	14.192
1851.966	14.222
1852.117	14.252
1852.272	14.282
1852.433	14.312
1852.600	14.342
1852.776	14.371
1852.963	14.401
1853.164	14.430
1853.383	14.459
1853.626	14.487
1853.901	14.514
1854.222	14.540
1854.607	14.564
1855.083	14.586
1855.693	14.604
1856.499	14.616
1857.592	14.620
1859.100	14.611
1861.200	14.586
1864.106	14.536
1868.040	14.456
1873.168	14.341
1879.474	14.190
1886.662	14.013
1894.161	13.825
1901.291	13.647
1907.500	13.496
1912.534	13.379
1916.403	13.296
1919.284	13.241
1921.410	13.209
1922.988	13.193
1924.187	13.189
1925.131	13.191
1925.904	13.199
1926.564	13.211
1927.150	13.224
1927.689	13.239
1928.198	13.255
1928.690	13.272
1929.176	13.288
1929.663	13.305
1930.160	13.322
1930.672	13.338
1931.207	13.354
1931.771	13.369
1932.372	13.383
1933.017	13.397
1933.714	13.408
1934.471	13.419
1935.294	13.427
1936.190	13.434
1937.165	13.439
1938.223	13.441
1939.367	13.442
1940.594	13.439
1941.901	13.435
1943.280	13.429
1944.720	13.421
1946.209	13.412
1947.729	13.401
1949.262	13.390
1950.789	13.380
1952.292	13.369
1953.754	13.360
1955.167	13.352
1956.519	13.345
1957.801	13.341
1959.016	13.338
1960.165	13.336
1961.253	13.337
1962.286	13.339
1963.276	13.342
1964.235	13.346
1965.175	13.351
1966.114	13.355
1967.069	13.360
1968.059	13.364
1969.107	13.367
1970.237	13.367
1971.477	13.365
1972.855	13.360
1974.403	13.351
1976.146	13.337
1978.115	13.317
1980.326	13.291
1982.783	13.260
1985.478	13.222
1988.376	13.179
1991.426	13.132
1994.555	13.083
1997.683	13.034
2000.723	12.986
2003.603	12.942
2006.266	12.904
2008.674	12.871
2010.814	12.845
2012.686	12.826
2014.310	12.812
2015.707	12.804
2016.907	12.801
2017.939	12.802
2018.830	12.807
2019.606	12.815
2020.288	12.824
2020.895	12.836
2021.443	12.849
2021.943	12.864
2022.409	12.879
2022.847	12.896
2023.265	12.912
2023.669	12.930
2024.063	12.947
2024.451	12.965
2024.836	12.983
2025.221	13.000
2025.607	13.018
2025.997	13.036
2026.392	13.054
2026.793	13.072
2027.200	13.089
2027.615	13.107
2028.037	13.124
2028.469	13.141
2028.911	13.158
2029.363	13.174
2029.827	13.191
2030.304	13.207
2030.796	13.223
2031.304	13.238
2031.831	13.253
2032.381	13.268
2032.956	13.282
2033.562	13.295
2034.204	13.307
2034.889	13.319
2035.624	13.329
2036.417	13.338
2037.278	13.345
2038.218	13.350
2039.246	13.354
2040.375	13.354
2041.614	13.353
2042.972	13.348
2044.453	13.340
2046.062	13.329
2047.794	13.315
2049.640	13.298
2051.586	13.278
2053.609	13.257
2055.685	13.234
2057.781	13.210
2059.867	13.187
2061.915	13.164
2063.897	13.143
2065.796	13.124
2067.597	13.107
2069.296	13.092
2070.891	13.080
2072.390	13.071
2073.803	13.063
2075.144	13.058
2076.428	13.054
2077.672	13.051
2078.894	13.049
2080.110	13.047
2081.335	13.045
2082.588	13.042
2083.878	13.039
2085.225	13.034
2086.632	13.028
2088.115	13.021
2089.679	13.011
2091.328	13.000
2093.067	12.987
2094.894	12.971
2096.805	12.954
2098.793	12.935
2100.852	12.915
2102.967	12.893
2105.117	12.870
2107.287	12.847
2109.463	12.823
2111.615	12.801
2113.724	12.779
2115.781	12.758
2117.756	12.739
2119.635	12.721
2121.417	12.706
2123.084	12.694
2124.631	12.684
2126.062	12.677
2127.372	12.672
2128.565	12.670
2129.650	12.670
2130.628	12.673
2131.508	12.678
2132.300	12.685
2133.008	12.693
2133.642	12.704
2134.209	12.716
2134.717	12.729
2135.172	12.743
2135.579	12.759
2135.945	12.776
2136.274	12.793
2136.573	12.811
2136.842	12.830
2137.088	12.850
2137.313	12.870
2137.520	12.890
2137.711	12.911
2137.888	12.932
2138.054	12.954
2138.210	12.976
2138.357	12.998
2138.497	13.021
2138.631	13.043
2138.760	13.066
2138.885	13.089
2139.007	13.113
2139.126	13.136
2139.244	13.159
2139.360	13.183
2139.476	13.206
2139.592	13.230
2139.707	13.254
2139.824	13.278
2139.942	13.302
2140.062	13.326
2140.185	13.350
2140.309	13.374
2140.438	13.397
2140.569	13.421
2140.706	13.445
2140.846	13.469
2140.993	13.493
2141.146	13.517
2141.305	13.540
2141.472	13.564
2141.647	13.587
2141.833	13.611
2142.028	13.634
2142.236	13.656
2142.456	13.679
2142.692	13.701
2142.945	13.723
2143.217	13.745
2143.509	13.766
2143.826	13.786
2144.170	13.806
2144.543	13.825
2144.953	13.844
2145.400	13.861
2145.892	13.878
2146.431	13.893
2147.026	13.907
2147.682	13.919
2148.403	13.930
2149.198	13.939
2150.069	13.946
2151.024	13.950
2152.065	13.953
2153.192	13.953
2154.406	13.951
2155.700	13.947
2157.069	13.941
2158.501	13.933
2159.982	13.924
2161.494	13.914
2163.017	13.903
2164.532	13.893
2166.019	13.883
2167.459	13.874
2168.838	13.867
2170.142	13.861
2171.362	13.858
2172.494	13.856
2173.535	13.858
2174.486	13.861
2175.353	13.866
2176.140	13.874
2176.854	13.884
2177.503	13.895
2178.097	13.908
2178.646	13.922
2179.158	13.937
2179.647	13.953
2180.126	13.969
2180.610	13.985
2181.120	14.001
2181.682	14.016
2182.329	14.028
2183.109	14.038
2184.088	14.044
2185.350	14.043
2187.010	14.032
2189.214	14.010
2192.129	13.970
2195.926	13.910
2200.743	13.826
2206.608	13.717
2213.368	13.587
2220.686	13.444
2228.074	13.298
2235.038	13.162
2241.200	13.044
2246.385	12.949
2250.600	12.876
2253.958	12.824
2256.624	12.787
2258.765	12.763
2260.521	12.748
2261.997	12.739
2263.279	12.735
2264.425	12.734
2265.471	12.735
2266.444	12.738
2267.369	12.742
2268.257	12.747
2269.117	12.752
2269.954	12.758
2270.785	12.765
2271.610	12.771
2272.436	12.777
2273.274	12.784
