<j>	var(j)
1.246	0.387
3.002	0.921
4.179	0.875
5.196	0.705
6.054	0.711
7.215	1.332
8.585	0.975
9.532	1.532
11.137	2.247
12.467	1.536
13.346	1.420
14.237	1.855
15.522	2.821
17.083	2.218
18.031	1.476
18.729	1.284
19.440	1.445
20.367	1.813
21.486	1.844
22.550	1.870
23.598	1.727
24.543	1.681
25.496	1.971
26.692	3.106
28.339	3.566
29.759	2.826
30.782	2.091
31.548	1.697
32.242	1.605
32.951	1.500
33.668	1.754
34.659	3.159
36.382	4.929
38.246	3.751
39.354	2.254
40.058	1.820
40.693	1.646
41.311	1.533
41.954	1.802
42.828	3.072
44.396	6.558
47.021	9.179
49.278	5.271
50.306	2.556
50.847	2.083
51.368	2.686
52.136	4.268
53.392	6.135
54.975	5.628
56.180	3.194
56.831	1.790
57.242	1.473
57.644	1.710
58.184	2.470
59.043	3.985
60.413	5.858
62.128	5.995
63.566	4.223
64.501	2.795
65.151	2.202
65.716	2.118
66.315	2.367
67.037	2.875
67.946	3.613
69.090	4.820
70.581	6.850
72.480	8.304
74.343	6.766
75.630	4.489
76.493	4.392
77.473	7.979
79.355	17.198
82.678	24.597
85.950	17.998
87.839	10.212
88.864	6.416
89.525	4.486
90.007	3.402
90.395	2.836
90.742	2.622
91.088	2.673
91.469	2.953
91.919	3.441
92.476	4.087
93.164	4.760
93.977	5.266
94.877	5.497
95.812	5.583
96.766	5.832
97.775	6.550
98.919	7.879
100.275	9.604
101.845	11.156
103.539	12.081
105.236	12.203
106.832	11.306
108.221	9.409
109.327	7.104
110.148	5.143
110.755	3.951
111.248	3.634
111.742	4.248
112.371	5.998
113.303	9.142
114.711	13.166
116.582	15.679
118.546	14.469
120.167	10.951
121.324	7.573
122.117	5.169
122.670	3.688
123.085	2.935
123.439	2.768
123.804	3.159
124.257	4.260
124.911	6.416
125.927	9.863
127.442	13.573
129.326	14.666
131.114	12.250
132.486	9.408
133.537	8.627
134.555	10.840
135.900	17.228
138.002	28.217
141.060	37.490
144.396	34.457
146.953	23.237
148.521	14.266
149.469	9.732
150.136	8.081
150.717	7.982
151.315	8.719
151.990	9.871
152.768	11.069
153.647	11.917
154.591	12.093
155.543	11.562
156.447	10.673
157.284	10.002
158.082	10.102
158.909	11.369
159.864	13.943
161.045	17.444
162.496	20.577
164.133	21.423
165.741	19.087
167.100	14.794
168.120	10.531
168.843	7.366
169.359	5.379
169.750	4.279
170.076	3.778
170.380	3.684
170.692	3.897
171.039	4.380
171.447	5.161
171.947	6.384
172.587	8.468
173.465	12.482
174.788	20.594
176.933	34.913
180.220	50.538
184.168	52.486
187.537	39.391
189.773	25.677
191.169	17.207
192.106	12.507
192.798	9.741
193.351	8.003
193.817	6.912
194.232	6.273
194.621	5.951
195.003	5.836
195.390	5.836
195.788	5.881
196.201	5.938
196.628	6.026
197.074	6.252
197.552	6.857
198.096	8.303
198.783	11.380
199.758	17.173
201.234	26.217
203.389	36.000
206.070	39.969
208.703	35.040
210.798	26.918
212.340	21.471
213.572	19.643
214.717	20.068
215.892	21.205
217.124	21.825
218.371	21.192
219.557	19.253
220.618	16.586
221.525	14.006
222.295	12.192
222.978	11.607
223.648	12.662
224.406	15.911
225.384	22.063
226.751	31.382
228.651	42.075
231.055	49.016
233.631	47.046
235.903	37.360
237.598	26.156
238.750	17.743
239.533	12.749
240.109	10.239
240.586	9.250
241.033	9.185
241.490	9.748
241.989	10.823
242.555	12.375
243.215	14.383
243.992	16.775
244.904	19.371
245.955	21.859
247.132	23.845
248.398	25.021
249.704	25.338
251.005	25.064
252.275	24.637
253.513	24.455
254.734	24.736
255.964	25.502
257.225	26.615
258.530	27.808
259.878	28.681
261.247	28.765
262.596	27.669
263.871	25.293
265.018	21.929
266.001	18.141
266.810	14.515
267.460	11.452
267.979	9.119
268.400	7.513
268.757	6.547
269.077	6.118
269.388	6.152
269.711	6.611
270.070	7.514
270.491	8.955
271.005	11.126
271.660	14.369
272.519	19.172
273.673	25.988
275.219	34.587
277.210	42.989
279.545	47.438
281.943	45.299
284.081	38.278
285.806	30.784
287.167	25.958
288.324	24.535
289.435	25.845
290.618	28.699
291.926	31.761
293.353	33.838
294.840	34.305
296.313	33.363
297.720	31.786
299.043	30.306
300.296	29.180
301.495	28.167
302.647	26.806
303.734	24.762
304.731	22.019
305.613	18.871
306.368	15.740
307.000	12.989
307.527	10.824
307.974	9.302
308.367	8.377
308.731	7.965
309.086	7.972
309.451	8.309
309.841	8.899
310.268	9.657
310.739	10.489
311.258	11.280
311.822	11.905
312.422	12.241
313.042	12.205
313.662	11.777
314.264	11.016
314.829	10.044
315.348	9.008
315.820	8.047
316.248	7.268
316.643	6.744
317.020	6.529
317.395	6.695
317.793	7.407
318.251	9.135
318.843	13.270
319.752	23.985
321.473	52.647
325.177	118.635
332.299	202.887
341.299	200.233
347.963	125.503
351.592	74.506
353.693	54.959
355.263	49.755
356.695	49.451
358.114	50.065
359.538	49.818
360.938	47.970
362.270	44.507
363.493	39.945
364.582	35.059
365.536	30.617
366.370	27.201
367.116	25.184
367.815	24.769
368.512	26.049
369.255	29.025
370.093	33.555
371.068	39.253
372.210	45.351
373.520	50.667
374.967	53.831
376.480	53.789
377.964	50.344
379.329	44.301
380.514	37.062
381.498	29.998
382.293	24.011
382.932	19.472
383.457	16.384
383.905	14.576
384.311	13.850
384.706	14.067
385.116	15.177
385.567	17.231
386.088	20.389
386.714	24.898
387.487	31.020
388.456	38.922
389.671	48.392
391.169	58.527
392.950	67.550
394.952	73.152
397.054	73.582
399.099	68.730
400.954	60.257
402.543	50.546
403.857	41.521
404.930	34.156
405.813	28.644
406.559	24.776
407.211	22.226
407.802	20.699
408.361	19.972
408.907	19.898
409.458	20.370
410.030	21.312
410.635	22.641
411.284	24.260
411.985	26.035
412.742	27.800
413.553	29.362
414.410	30.522
415.303	31.120
416.211	31.059
417.117	30.343
418.001	29.056
418.847	27.362
419.644	25.434
420.388	23.447
421.076	21.528
421.712	19.770
422.301	18.219
422.848	16.901
423.362	15.820
423.848	14.982
424.315	14.396
424.769	14.084
425.220	14.089
425.679	14.482
426.158	15.376
426.675	16.941
427.254	19.427
427.929	23.182
428.744	28.653
429.760	36.321
431.048	46.507
432.683	58.921
434.711	72.087
437.109	83.123
439.756	88.677
442.445	87.026
444.964	79.379
447.176	68.990
449.049	59.077
450.629	51.630
452.005	47.401
453.271	46.415
454.518	48.324
455.819	52.503
457.230	58.012
458.778	63.509
460.449	67.408
462.190	68.318
463.918	65.585
465.543	59.630
466.994	51.699
468.237	43.271
469.269	35.515
470.115	29.065
470.810	24.094
471.392	20.485
471.892	18.003
472.338	16.397
472.751	15.448
473.145	14.989
473.534	14.898
473.926	15.097
474.329	15.535
474.749	16.192
475.192	17.068
475.665	18.186
476.174	19.597
476.729	21.389
477.341	23.699
478.025	26.724
478.804	30.739
479.705	36.083
480.767	43.106
482.035	52.015
483.556	62.620
485.363	73.970
487.451	84.192
489.759	90.911
492.168	92.336
494.530	88.408
496.721	80.928
498.678	72.487
500.402	65.246
501.940	60.318
503.358	57.843
504.715	57.329
506.058	57.976
507.411	58.892
508.777	59.305
510.141	58.712
511.480	56.983
512.770	54.355
513.991	51.327
515.140	48.498
516.223	46.415
517.262	45.492
518.284	45.968
519.320	47.911
520.403	51.212
521.563	55.578
522.819	60.496
524.180	65.243
525.635	68.975
527.158	70.898
528.703	70.503
530.219	67.739
531.658	63.034
532.983	57.134
534.175	50.865
535.232	44.913
536.165	39.724
536.991	35.499
537.733	32.253
538.412	29.894
539.047	28.277
539.652	27.239
540.241	26.628
540.820	26.309
541.398	26.173
541.977	26.130
542.559	26.111
543.144	26.062
543.732	25.947
544.321	25.741
544.908	25.432
545.493	25.019
546.071	24.505
546.640	23.905
547.199	23.235
547.746	22.520
548.280	21.791
548.800	21.083
549.307	20.435
549.803	19.893
550.290	19.509
550.772	19.343
551.255	19.461
551.747	19.941
552.256	20.867
552.795	22.335
553.379	24.444
554.025	27.288
554.752	30.941
555.581	35.426
556.533	40.684
557.626	46.535
558.872	52.675
560.270	58.706
561.812	64.235
563.477	68.983
565.237	72.889
567.069	76.078
568.951	78.742
570.869	80.933
572.808	82.461
574.751	82.902
576.671	81.781
578.532	78.797
580.295	73.997
581.926	67.795
583.402	60.830
584.713	53.778
585.866	47.184
586.875	41.398
587.761	36.585
588.547	32.766
589.255	29.886
589.906	27.846
590.518	26.543
591.107	25.883
591.687	25.787
592.271	26.194
592.869	27.052
593.492	28.326
594.149	29.980
594.849	31.978
595.599	34.277
596.407	36.816
597.277	39.507
598.211	42.234
599.209	44.844
600.267	47.151
601.376	48.965
602.522	50.103
603.689	50.438
604.856	49.929
606.006	48.638
607.120	46.740
608.186	44.494
609.199	42.210
610.160	40.208
611.078	38.795
611.966	38.232
612.848	38.739
613.747	40.474
614.692	43.508
615.713	47.799
616.837	53.125
618.084	59.035
619.463	64.838
620.962	69.678
622.553	72.724
624.189	73.426
625.815	71.710
627.381	67.995
628.847	63.008
630.193	57.530
631.414	52.181
632.518	47.333
633.518	43.134
634.432	39.579
635.272	36.593
636.052	34.083
636.781	31.981
637.469	30.254
638.124	28.905
638.753	27.972
639.368	27.522
639.977	27.654
640.595	28.493
641.239	30.196
641.927	32.956
642.686	36.996
643.544	42.553
644.536	49.828
645.700	58.890
647.071	69.531
648.677	81.071
650.524	92.247
652.586	101.305
654.798	106.447
657.064	106.513
659.273	101.507
661.328	92.590
663.166	81.553
664.760	70.134
666.117	59.594
667.265	50.623
668.240	43.457
669.079	38.057
669.820	34.258
670.492	31.856
671.123	30.663
671.737	30.521
672.355	31.316
672.995	32.973
673.674	35.454
674.410	38.765
675.219	42.944
676.119	48.073
677.129	54.271
678.270	61.665
679.563	70.348
681.032	80.289
682.696	91.208
684.564	102.446
686.631	112.910
688.867	121.200
691.214	125.974
693.599	126.428
695.936	122.655
698.156	115.618
700.210	106.798
702.080	97.718
703.772	89.578
705.313	83.149
706.739	78.809
708.088	76.652
709.400	76.561
710.711	78.259
712.049	81.295
713.435	85.051
714.880	88.754
716.377	91.529
717.909	92.571
719.443	91.300
720.942	87.521
722.363	81.478
723.676	73.770
724.856	65.184
725.893	56.491
726.790	48.313
727.557	41.065
728.211	34.955
728.770	30.040
729.255	26.276
729.682	23.571
730.070	21.826
730.433	20.952
730.787	20.889
731.144	21.611
731.518	23.121
731.924	25.446
732.375	28.629
732.887	32.703
733.476	37.671
734.160	43.462
734.950	49.880
735.858	56.565
736.886	62.976
738.025	68.415
739.255	72.153
740.541	73.577
741.841	72.373
743.107	68.641
744.297	62.873
745.379	55.811
746.335	48.252
747.158	40.881
747.855	34.185
748.440	28.435
748.928	23.729
749.339	20.041
749.689	17.291
749.995	15.375
750.270	14.194
750.529	13.676
750.782	13.775
751.042	14.489
751.319	15.848
751.627	17.929
751.980	20.851
752.396	24.773
752.895	29.900
753.502	36.455
754.247	44.655
755.161	54.626
756.279	66.321
757.630	79.360
759.231	92.905
761.080	105.644
763.146	115.932
765.366	122.228
767.654	123.579
769.915	119.960
772.062	112.262
774.036	101.900
775.799	90.367
777.345	78.916
778.686	68.409
779.844	59.385
780.848	52.098
781.732	46.660
782.529	43.100
783.271	41.425
783.991	41.678
784.724	43.990
785.507	48.648
786.380	56.183
787.397	67.472
788.623	83.856
790.150	107.160
792.092	139.342
794.589	181.357
797.770	230.882
801.685	279.698
806.220	313.795
811.043	319.668
815.693	293.986
819.761	246.417
823.037	192.286
825.523	143.502
827.347	105.314
828.677	78.025
829.663	59.725
830.423	48.075
831.041	41.072
831.575	37.228
832.064	35.501
832.537	35.192
833.010	35.820
833.495	37.063
834.000	38.688
834.531	40.523
835.091	42.430
835.678	44.295
836.293	46.021
836.935	47.538
837.600	48.789
838.284	49.740
838.983	50.387
839.692	50.756
840.409	50.898
841.128	50.884
841.850	50.794
842.572	50.731
843.296	50.784
844.022	51.034
844.755	51.532
845.497	52.333
846.254	53.446
847.029	54.842
847.826	56.476
848.649	58.282
849.500	60.174
850.381	62.050
851.289	63.819
852.223	65.411
853.181	66.780
854.158	67.908
855.152	68.818
856.158	69.578
857.175	70.252
858.202	70.913
859.238	71.618
860.283	72.405
861.340	73.252
862.409	74.080
863.488	74.806
864.577	75.305
865.672	75.449
866.766	75.149
867.854	74.379
868.929	73.192
869.985	71.735
871.019	70.263
872.032	69.118
873.029	68.746
874.023	69.659
875.033	72.490
876.088	77.951
877.229	86.833
878.503	99.947
879.971	117.959
881.700	141.094
883.751	168.594
886.172	198.288
888.966	226.318
892.081	247.745
895.397	258.168
898.752	255.692
901.982	241.865
904.959	220.958
907.623	197.925
909.972	176.742
912.047	159.746
913.910	147.633
915.624	140.078
917.245	136.241
918.819	135.058
920.375	135.433
921.928	136.381
923.485	137.082
925.043	136.879
926.588	135.353
928.109	132.353
929.587	127.924
931.007	122.303
932.359	115.846
933.636	108.943
934.832	101.952
935.950	95.191
936.993	88.861
937.966	83.089
938.877	77.934
939.732	73.383
940.539	69.389
941.304	65.895
942.032	62.825
942.729	60.106
943.397	57.691
944.041	55.520
944.663	53.553
945.264	51.765
945.848	50.133
946.416	48.640
946.969	47.270
947.509	46.011
948.037	44.855
948.553	43.783
949.060	42.784
949.557	41.845
950.046	40.950
950.526	40.084
950.998	39.237
951.463	38.400
951.920	37.562
952.369	36.729
952.810	35.900
953.243	35.083
953.669	34.296
954.087	33.562
954.499	32.901
954.905	32.354
955.306	31.958
955.705	31.755
956.103	31.805
956.505	32.165
956.915	32.892
957.336	34.063
957.776	35.752
958.241	38.031
958.739	40.974
959.278	44.639
959.870	49.067
960.522	54.261
961.247	60.167
962.053	66.664
962.946	73.548
963.932	80.537
965.010	87.271
966.174	93.382
967.416	98.541
968.720	102.560
970.069	105.463
971.452	107.536
972.853	109.353
974.273	111.712
975.721	115.519
977.214	121.733
978.786	131.170
980.475	144.267
982.326	160.925
984.377	180.255
986.651	200.346
989.143	218.481
991.816	231.595
994.595	237.103
997.382	233.909
1000.078	222.761
1002.597	205.995
1004.891	186.664
1006.945	167.582
1008.773	150.797
1010.409	137.381
1011.896	127.636
1013.275	121.308
1014.587	117.854
1015.861	116.589
1017.123	116.792
1018.384	117.751
1019.654	118.819
1020.934	119.416
1022.215	119.092
1023.488	117.517
1024.742	114.525
1025.958	110.122
1027.124	104.448
1028.227	97.764
1029.256	90.398
1030.208	82.685
1031.077	74.968
1031.865	67.516
1032.576	60.538
1033.214	54.189
1033.787	48.541
1034.303	43.637
1034.768	39.468
1035.192	36.005
1035.580	33.207
1035.941	31.023
1036.280	29.401
1036.604	28.295
1036.918	27.672
1037.228	27.504
1037.537	27.774
1037.853	28.482
1038.179	29.639
1038.521	31.276
1038.885	33.440
1039.276	36.196
1039.703	39.646
1040.173	43.905
1040.697	49.139
1041.287	55.551
1041.956	63.377
1042.723	72.969
1043.608	84.677
1044.637	99.048
1045.841	116.705
1047.257	138.425
1048.932	165.223
1050.919	198.093
1053.280	237.919
1056.080	284.821
1059.374	337.136
1063.188	390.518
1067.485	437.272
1072.145	467.789
1076.958	473.724
1081.658	452.125
1085.995	407.045
1089.784	347.680
1092.943	284.275
1095.478	224.769
1097.457	173.604
1098.973	132.186
1100.122	100.022
1100.992	75.740
1101.651	57.759
1102.156	44.603
1102.548	35.051
1102.858	28.148
1103.109	23.167
1103.318	19.582
1103.495	17.003
1103.650	15.155
1103.791	13.837
1103.919	12.914
1104.041	12.282
1104.157	11.878
1104.271	11.649
1104.383	11.570
1104.495	11.613
1104.609	11.777
1104.726	12.043
1104.845	12.423
1104.970	12.918
1105.101	13.535
1105.238	14.288
1105.385	15.199
1105.542	16.285
1105.711	17.578
1105.896	19.112
1106.098	20.930
1106.321	23.088
1106.568	25.642
1106.845	28.673
1107.156	32.261
1107.509	36.509
1107.910	41.523
1108.369	47.418
1108.895	54.315
1109.501	62.306
1110.197	71.469
1110.998	81.813
1111.916	93.267
1112.962	105.649
1114.143	118.616
1115.468	131.731
1116.928	144.394
1118.524	156.022
1120.233	166.085
1122.040	174.253
1123.918	180.537
1125.847	185.309
1127.812	189.214
1129.802	193.166
1131.819	198.005
1133.871	204.416
1135.975	212.638
1138.148	222.410
1140.401	232.865
1142.738	242.607
1145.146	249.930
1147.597	253.101
1150.047	250.906
1152.444	242.771
1154.733	229.111
1156.869	211.056
1158.815	190.223
1160.554	168.305
1162.082	146.762
1163.408	126.682
1164.550	108.706
1165.528	93.114
1166.367	79.911
1167.088	68.936
1167.711	59.932
1168.256	52.621
1168.736	46.727
1169.164	42.009
1169.552	38.240
1169.907	35.251
1170.236	32.897
1170.545	31.049
1170.839	29.626
1171.121	28.536
1171.394	27.733
1171.661	27.158
1171.925	26.776
1172.187	26.560
1172.447	26.472
1172.708	26.504
1172.972	26.626
1173.238	26.831
1173.508	27.101
1173.782	27.427
1174.061	27.801
1174.345	28.210
1174.635	28.650
1174.931	29.117
1175.233	29.604
1175.543	30.109
1175.858	30.628
1176.182	31.167
1176.512	31.719
1176.850	32.296
1177.196	32.896
1177.550	33.534
1177.912	34.213
1178.284	34.949
1178.666	35.751
1179.058	36.640
1179.462	37.638
1179.879	38.758
1180.310	40.037
1180.758	41.495
1181.224	43.182
1181.711	45.127
1182.223	47.406
1182.763	50.076
1183.336	53.259
1183.948	57.090
1184.606	61.796
1185.322	67.683
1186.109	75.209
1186.987	85.019
1187.983	98.003
1189.135	115.344
1190.492	138.470
1192.121	168.851
1194.100	207.583
1196.512	254.429
1199.430	306.663
1202.877	358.022
1206.800	399.014
1211.038	419.534
1215.350	413.359
1219.459	381.523
1223.140	331.795
1226.260	274.814
1228.796	219.708
1230.796	172.044
1232.351	133.874
1233.557	104.991
1234.504	84.085
1235.266	69.617
1235.901	60.121
1236.454	54.503
1236.961	51.925
1237.449	51.875
1237.942	54.056
1238.458	58.386
1239.022	64.932
1239.652	73.918
1240.373	85.643
1241.213	100.500
1242.199	118.797
1243.367	140.785
1244.747	166.270
1246.372	194.632
1248.261	224.377
1250.420	253.197
1252.827	278.005
1255.433	295.511
1258.160	302.945
1260.910	298.958
1263.578	284.007
1266.074	260.333
1268.331	231.146
1270.312	199.833
1272.009	169.215
1273.438	141.189
1274.625	116.781
1275.605	96.270
1276.414	79.502
1277.083	66.048
1277.640	55.403
1278.110	47.053
1278.511	40.546
1278.859	35.491
1279.165	31.575
1279.440	28.544
1279.689	26.210
1279.920	24.420
1280.137	23.065
1280.343	22.060
1280.541	21.348
1280.735	20.888
1280.925	20.657
1281.115	20.638
1281.306	20.836
1281.500	21.263
1281.699	21.943
1281.906	22.911
1282.124	24.224
1282.356	25.958
1282.606	28.194
1282.880	31.072
1283.183	34.718
1283.526	39.345
1283.915	45.150
1284.365	52.410
1284.890	61.387
1285.508	72.401
1286.239	85.663
1287.105	101.372
1288.131	119.438
1289.337	139.533
1290.742	160.862
1292.353	182.125
1294.162	201.533
1296.145	217.041
1298.256	226.692
1300.434	229.103
1302.607	223.857
1304.704	211.670
1306.663	194.163
1308.441	173.482
1310.018	151.765
1311.388	130.804
1312.564	111.845
1313.569	95.607
1314.428	82.369
1315.171	72.129
1315.824	64.742
1316.414	59.997
1316.965	57.691
1317.500	57.695
1318.040	59.957
1318.604	64.482
1319.218	71.414
1319.899	80.874
1320.677	93.096
1321.573	108.208
1322.618	126.290
1323.835	147.113
1325.252	170.184
1326.881	194.430
1328.731	218.312
1330.790	239.811
1333.025	256.684
1335.390	267.024
1337.818	269.580
1340.235	264.259
1342.574	252.085
1344.778	234.988
1346.812	215.246
1348.661	195.109
1350.326	176.379
1351.826	160.296
1353.187	147.598
1354.441	138.607
1355.619	133.423
1356.757	132.000
1357.885	134.313
1359.037	140.367
1360.244	150.315
1361.538	164.384
1362.953	182.951
1364.528	206.415
1366.300	235.172
1368.309	269.355
1370.597	308.617
1373.194	351.815
1376.122	396.686
1379.376	439.761
1382.925	476.582
1386.698	502.628
1390.599	514.165
1394.507	509.646
1398.303	490.024
1401.883	458.457
1405.177	419.435
1408.146	377.439
1410.787	336.222
1413.116	298.227
1415.168	264.854
1416.981	236.405
1418.594	212.721
1420.043	193.209
1421.355	177.169
1422.561	163.922
1423.674	152.831
1424.714	143.357
1425.688	135.077
1426.608	127.641
1427.477	120.833
1428.302	114.438
1429.083	108.364
1429.824	102.522
1430.526	96.866
1431.190	91.386
1431.818	86.067
1432.410	80.923
1432.969	75.957
1433.494	71.181
1433.988	66.609
1434.450	62.251
1434.885	58.112
1435.291	54.200
1435.672	50.511
1436.027	47.054
1436.360	43.819
1436.672	40.804
1436.962	38.002
1437.234	35.416
1437.488	33.017
1437.726	30.825
1437.950	28.812
1438.160	26.978
1438.357	25.322
1438.543	23.821
1438.719	22.492
1438.886	21.303
1439.045	20.277
1439.198	19.386
1439.343	18.652
1439.485	18.055
1439.623	17.609
1439.758	17.312
1439.892	17.169
1440.026	17.193
1440.160	17.390
1440.297	17.777
1440.438	18.377
1440.585	19.205
1440.739	20.305
1440.903	21.707
1441.079	23.457
1441.271	25.622
1441.482	28.266
1441.717	31.490
1441.979	35.380
1442.276	40.081
1442.613	45.726
1443.001	52.501
1443.447	60.581
1443.965	70.176
1444.566	81.480
1445.266	94.676
1446.080	109.871
1447.026	127.054
1448.119	146.059
1449.373	166.433
1450.798	187.456
1452.395	208.026
1454.156	226.781
1456.063	242.226
1458.079	252.819
1460.168	257.520
1462.270	255.699
1464.338	247.537
1466.322	233.874
1468.178	216.028
1469.881	195.623
1471.411	174.145
1472.770	152.878
1473.955	132.853
1474.986	114.591
1475.873	98.460
1476.635	84.499
1477.291	72.628
1477.856	62.701
1478.345	54.472
1478.772	47.740
1479.148	42.291
1479.482	37.935
1479.784	34.513
1480.061	31.899
1480.318	29.989
1480.561	28.705
1480.796	27.996
1481.026	27.843
1481.257	28.244
1481.493	29.235
1481.739	30.878
1482.001	33.292
1482.286	36.653
1482.601	41.214
1482.958	47.345
1483.371	55.558
1483.859	66.583
1484.448	81.417
1485.171	101.391
1486.075	128.253
1487.220	164.081
1488.686	211.163
1490.567	271.401
1492.967	345.333
1495.985	430.511
1499.682	519.804
1504.048	600.826
1508.956	658.057
1514.167	678.179
1519.365	656.335
1524.241	598.525
1528.566	518.580
1532.228	431.926
1535.226	350.195
1537.628	279.876
1539.532	222.965
1541.044	178.603
1542.254	144.859
1543.235	119.443
1544.047	100.352
1544.732	85.948
1545.321	74.977
1545.838	66.509
1546.297	59.883
1546.714	54.612
1547.094	50.347
1547.448	46.854
1547.778	43.957
1548.088	41.526
1548.385	39.475
1548.666	37.729
1548.937	36.261
1549.198	35.017
1549.452	33.987
1549.699	33.168
1549.942	32.523
1550.180	32.090
1550.418	31.850
1550.654	31.832
1550.891	32.058
1551.132	32.550
1551.377	33.364
1551.630	34.535
1551.893	36.157
1552.170	38.294
1552.465	41.076
1552.783	44.630
1553.132	49.130
1553.516	54.783
1553.948	61.828
1554.437	70.566
1554.998	81.313
1555.647	94.420
1556.402	110.241
1557.285	129.055
1558.320	151.033
1559.530	176.115
1560.938	203.859
1562.561	233.348
1564.409	263.086
1566.477	291.031
1568.742	314.744
1571.167	331.746
1573.693	340.150
1576.252	338.861
1578.769	328.166
1581.178	309.446
1583.424	284.925
1585.474	257.239
1587.311	228.744
1588.935	201.487
1590.359	176.807
1591.606	155.503
1592.703	137.887
1593.677	123.982
1594.554	113.657
1595.362	106.600
1596.122	102.562
1596.858	101.310
1597.587	102.550
1598.329	106.179
1599.101	111.983
1599.917	119.763
1600.794	129.412
1601.740	140.537
1602.771	152.934
1603.890	166.085
1605.106	179.445
1606.416	192.381
1607.816	204.103
1609.297	213.924
1610.842	221.117
1612.431	225.186
1614.041	225.826
1615.647	223.022
1617.225	217.073
1618.754	208.473
1620.215	197.919
1621.598	186.183
1622.895	174.030
1624.104	162.129
1625.230	151.018
1626.277	141.104
1627.257	132.635
1628.179	125.707
1629.055	120.366
1629.895	116.518
1630.709	114.037
1631.509	112.757
1632.301	112.438
1633.092	112.904
1633.891	113.918
1634.694	115.204
1635.510	116.592
1636.335	117.841
1637.170	118.751
1638.013	119.187
1638.857	118.978
1639.702	118.067
1640.539	116.380
1641.364	113.914
1642.172	110.722
1642.957	106.848
1643.714	102.419
1644.441	97.536
1645.134	92.329
1645.790	86.953
1646.408	81.515
1646.989	76.150
1647.532	70.950
1648.040	65.991
1648.512	61.382
1648.954	57.129
1649.366	53.286
1649.751	49.905
1650.114	46.944
1650.456	44.454
1650.782	42.430
1651.094	40.840
1651.396	39.726
1651.692	39.040
1651.984	38.812
1652.275	39.024
1652.570	39.686
1652.871	40.800
1653.183	42.370
1653.508	44.409
1653.851	46.933
1654.215	49.939
1654.603	53.449
1655.021	57.448
1655.472	61.965
1655.959	66.969
1656.488	72.453
1657.061	78.375
1657.682	84.691
1658.356	91.361
1659.082	98.275
1659.864	105.363
1660.704	112.541
1661.599	119.684
1662.553	126.723
1663.562	133.585
1664.622	140.217
1665.737	146.617
1666.899	152.802
1668.110	158.822
1669.365	164.776
1670.666	170.723
1672.010	176.771
1673.400	182.934
1674.835	189.242
1676.316	195.561
1677.841	201.774
1679.410	207.555
1681.017	212.661
1682.658	216.734
1684.324	219.424
1686.001	220.496
1687.678	219.790
1689.344	217.230
1690.981	213.011
1692.579	207.344
1694.128	200.535
1695.621	193.083
1697.054	185.273
1698.426	177.565
1699.737	170.280
1700.994	163.538
1702.200	157.608
1703.361	152.469
1704.484	148.167
1705.576	144.636
1706.643	141.806
1707.687	139.595
1708.718	137.930
1709.735	136.693
1710.744	135.902
1711.747	135.522
1712.748	135.546
1713.750	136.085
1714.756	137.198
1715.771	138.984
1716.800	141.635
1717.850	145.191
1718.926	149.861
1720.037	155.734
1721.193	162.795
1722.401	171.110
1723.670	180.505
1725.007	190.735
1726.418	201.479
1727.904	212.166
1729.464	222.188
1731.092	230.869
1732.774	237.374
1734.496	241.145
1736.235	241.639
1737.967	238.547
1739.667	231.949
1741.310	222.088
1742.874	209.495
1744.344	194.871
1745.704	178.947
1746.950	162.473
1748.078	146.103
1749.090	130.359
1749.992	115.627
1750.792	102.148
1751.499	90.050
1752.124	79.374
1752.675	70.084
1753.164	62.108
1753.598	55.347
1753.986	49.662
1754.336	44.965
1754.654	41.151
1754.947	38.089
1755.219	35.724
1755.476	33.992
1755.722	32.801
1755.961	32.146
1756.197	32.007
1756.433	32.340
1756.673	33.196
1756.920	34.582
1757.180	36.551
1757.456	39.193
1757.754	42.584
1758.080	46.884
1758.439	52.245
1758.844	58.902
1759.301	67.108
1759.823	77.196
1760.428	89.533
1761.130	104.559
1761.953	122.725
1762.920	144.493
1764.058	170.271
1765.398	200.306
1766.970	234.558
1768.802	272.616
1770.919	313.419
1773.332	355.375
1776.039	396.182
1779.022	433.233
1782.239	463.868
1785.632	486.062
1789.133	498.502
1792.667	501.174
1796.167	494.994
1799.574	481.510
1802.843	462.547
1805.945	439.823
1808.863	414.783
1811.588	388.539
1814.117	361.969
1816.457	335.788
1818.614	310.635
1820.598	287.088
1822.423	265.680
1824.107	246.745
1825.668	230.676
1827.123	217.642
1828.498	207.656
1829.808	200.730
1831.075	196.672
1832.319	195.205
1833.552	196.031
1834.792	198.717
1836.049	202.791
1837.330	207.741
1838.643	213.037
1839.986	218.108
1841.358	222.456
1842.755	225.625
1844.168	227.232
1845.586	227.027
1847.000	224.903
1848.396	220.882
1849.763	215.118
1851.090	207.889
1852.370	199.531
1853.596	190.423
1854.765	180.954
1855.873	171.516
1856.923	162.394
1857.918	153.871
1858.860	146.166
1859.755	139.386
1860.611	133.612
1861.432	128.911
1862.225	125.256
1862.997	122.571
1863.755	120.840
1864.503	119.965
1865.248	119.834
1865.992	120.356
1866.742	121.411
1867.500	122.862
1868.267	124.600
1869.047	126.502
1869.839	128.432
1870.645	130.283
1871.462	131.948
1872.290	133.321
1873.127	134.329
1873.971	134.911
1874.819	135.018
1875.667	134.633
1876.514	133.778
1877.355	132.475
1878.189	130.782
1879.011	128.780
1879.821	126.562
1880.619	124.236
1881.402	121.917
1882.171	119.731
1882.928	117.797
1883.673	116.259
1884.409	115.233
1885.141	114.822
1885.872	115.131
1886.606	116.258
1887.349	118.300
1888.107	121.297
1888.885	125.279
1889.691	130.292
1890.530	136.268
1891.409	143.132
1892.333	150.804
1893.308	159.064
1894.336	167.675
1895.419	176.374
1896.558	184.794
1897.749	192.573
1898.987	199.344
1900.268	204.754
1901.579	208.519
1902.911	210.452
1904.251	210.478
1905.587	208.672
1906.908	205.225
1908.205	200.464
1909.468	194.823
1910.694	188.782
1911.881	182.862
1913.028	177.603
1914.143	173.493
1915.234	170.954
1916.308	170.403
1917.381	172.181
1918.468	176.488
1919.583	183.506
1920.743	193.255
1921.967	205.635
1923.269	220.339
1924.664	236.979
1926.161	254.795
1927.767	272.910
1929.481	290.239
1931.294	305.562
1933.195	317.705
1935.158	325.588
1937.157	328.491
1939.162	326.077
1941.137	318.476
1943.055	306.314
1944.888	290.515
1946.617	272.269
1948.231	252.797
1949.723	233.223
1951.097	214.553
1952.359	197.482
1953.519	182.600
1954.591	170.148
1955.593	160.259
1956.537	152.895
1957.440	147.960
1958.316	145.264
1959.178	144.551
1960.037	145.513
1960.905	147.899
1961.787	151.340
1962.693	155.527
1963.624	160.109
1964.582	164.683
1965.567	168.950
1966.578	172.584
1967.610	175.278
1968.657	176.812
1969.712	177.000
1970.767	175.746
1971.812	173.044
1972.840	168.960
1973.843	163.638
1974.812	157.292
1975.744	150.156
1976.633	142.509
1977.476	134.641
1978.273	126.817
1979.025	119.289
1979.732	112.279
1980.398	106.000
1981.029	100.576
1981.629	96.159
1982.204	92.841
1982.761	90.708
1983.308	89.816
1983.851	90.177
1984.399	91.857
1984.958	94.850
1985.539	99.165
1986.148	104.771
1986.794	111.616
1987.482	119.593
1988.222	128.621
1989.019	138.477
1989.878	148.953
1990.802	159.737
1991.792	170.444
1992.849	180.696
1993.967	190.004
1995.140	197.948
1996.360	204.087
1997.614	208.063
1998.889	209.642
2000.171	208.691
2001.441	205.234
2002.689	199.442
2003.897	191.621
2005.054	182.156
2006.153	171.486
2007.186	160.074
2008.148	148.363
2009.039	136.754
2009.861	125.557
2010.615	115.032
2011.307	105.389
2011.942	96.735
2012.526	89.154
2013.065	82.677
2013.567	77.307
2014.038	73.061
2014.485	69.931
2014.914	67.932
2015.333	67.100
2015.750	67.514
2016.171	69.318
2016.606	72.722
2017.065	78.058
2017.560	85.768
2018.107	96.499
2018.726	111.148
2019.443	130.831
2020.289	156.967
2021.309	191.403
2022.554	236.104
2024.088	292.903
2025.989	363.419
2028.336	447.753
2031.201	543.321
2034.638	644.329
2038.655	740.617
2043.183	818.610
2048.080	864.842
2053.137	870.110
2058.103	832.830
2062.747	760.274
2066.906	665.179
2070.477	561.880
2073.455	461.794
2075.877	372.554
2077.817	297.490
2079.360	237.057
2080.587	190.049
2081.573	154.401
2082.375	128.073
2083.043	109.060
2083.615	95.810
2084.121	86.991
2084.582	81.679
2085.019	79.148
2085.444	78.879
2085.871	80.486
2086.308	83.773
2086.766	88.565
2087.251	94.760
2087.771	102.267
2088.337	111.186
2088.952	121.356
2089.623	132.811
2090.362	145.565
2091.171	159.504
2092.056	174.495
2093.027	190.474
2094.087	207.204
2095.236	224.351
2096.482	241.720
2097.821	258.902
2099.250	275.493
2100.768	291.154
2102.368	305.585
2104.040	318.428
2105.776	329.565
2107.567	338.901
2109.401	346.485
2111.268	352.417
2113.159	356.863
2115.066	360.018
2116.981	362.142
2118.902	363.320
2120.822	363.674
2122.733	363.115
2124.635	361.599
2126.524	358.953
2128.391	354.952
2130.227	349.424
2132.031	342.227
2133.792	333.211
2135.498	322.454
2137.140	310.072
2138.722	296.181
2140.226	281.142
2141.646	265.378
2142.987	249.050
2144.243	232.680
2145.413	216.629
2146.502	201.069
2147.514	186.299
2148.449	172.539
2149.315	159.836
2150.122	148.286
2150.868	137.925
2151.562	128.705
2152.213	120.604
2152.824	113.534
2153.399	107.431
2153.945	102.194
2154.467	97.754
2154.967	93.995
2155.446	90.821
2155.915	88.202
2156.368	85.999
2156.812	84.177
2157.248	82.646
2157.678	81.387
2158.100	80.302
2158.520	79.366
2158.935	78.563
2159.347	77.811
2159.755	77.115
2160.162	76.449
2160.566	75.784
2160.967	75.107
2161.365	74.418
2161.761	73.700
2162.154	72.952
2162.544	72.181
2162.930	71.382
2163.313	70.570
2163.693	69.743
2164.070	68.923
2164.442	68.115
2164.811	67.337
2165.177	66.599
2165.540	65.936
2165.900	65.343
2166.258	64.866
2166.615	64.516
2166.970	64.324
2167.325	64.313
2167.682	64.529
2168.041	65.005
2168.403	65.779
2168.771	66.914
2169.146	68.465
2169.532	70.512
2169.930	73.129
2170.345	76.441
2170.780	80.555
2171.240	85.643
2171.730	91.883
2172.259	99.515
2172.833	108.795
2173.461	120.027
2174.157	133.629
2174.935	149.986
2175.808	169.550
2176.796	192.819
2177.923	220.296
2179.208	252.266
2180.677	288.906
2182.357	330.173
2184.271	375.356
2186.433	423.231
2188.858	471.824
2191.541	518.438
2194.457	559.741
2197.576	592.416
2200.840	613.443
2204.177	620.650
2207.509	613.488
2210.767	592.896
2213.881	561.094
2216.792	521.236
2219.471	476.721
2221.906	430.647
2224.091	385.530
2226.033	343.294
2227.757	304.901
2229.288	270.834
2230.642	241.307
2231.846	216.028
2232.929	194.537
2233.902	176.527
2234.786	161.526
2235.597	149.021
2236.348	138.716
2237.045	130.237
2237.702	123.270
2238.329	117.632
2238.925	113.053
2239.500	109.390
2240.058	106.491
2240.604	104.244
2241.138	102.520
2241.662	101.230
2242.186	100.333
2242.704	99.713
2243.218	99.319
2243.734	99.117
2244.250	99.049
2244.764	99.074
2245.281	99.129
2245.800	99.239
2246.319	99.335
2246.839	99.396
2247.363	99.431
2247.885	99.412
2248.410	99.330
2248.934	99.191
2249.459	99.018
2249.984	98.780
2250.508	98.524
2251.033	98.251
2251.556	97.999
2252.080	97.770
2252.602	97.594
2253.125	97.531
2253.650	97.566
2254.174	97.765
2254.700	98.104
