<j>	<F>
1.246	20.230
3.002	11.614
4.179	10.899
5.196	11.156
6.054	12.657
7.215	14.244
8.585	11.436
9.532	12.759
11.137	12.035
12.467	10.583
13.346	11.228
14.237	12.121
15.522	12.358
17.083	11.206
18.031	11.225
18.729	12.104
19.440	13.182
20.367	13.904
21.486	13.900
22.550	13.992
23.598	14.074
24.543	14.400
25.496	14.789
26.692	14.889
28.339	13.899
29.759	13.131
30.782	13.117
31.548	13.591
32.242	14.305
32.951	15.017
33.668	15.788
34.659	16.272
36.382	15.425
38.246	13.966
39.354	13.671
40.058	14.153
40.693	14.825
41.311	15.561
41.954	16.348
42.828	16.894
44.396	16.488
47.021	14.592
49.278	12.927
50.306	12.732
50.847	13.227
51.368	13.878
52.136	14.383
53.392	14.399
54.975	13.902
56.180	13.619
56.831	13.932
57.242	14.605
57.644	15.395
58.184	16.123
59.043	16.540
60.413	16.340
62.128	15.617
63.566	15.095
64.501	15.129
65.151	15.527
65.716	16.077
66.315	16.641
67.037	17.098
67.946	17.346
69.090	17.324
70.581	16.948
72.480	16.152
74.343	15.315
75.630	14.992
76.493	15.141
77.473	15.351
79.355	15.035
82.678	13.725
85.950	12.324
87.839	11.757
88.864	11.722
89.525	11.900
90.007	12.186
90.395	12.540
90.742	12.941
91.088	13.369
91.469	13.806
91.919	14.227
92.476	14.602
93.164	14.901
93.977	15.113
94.877	15.255
95.812	15.364
96.766	15.461
97.775	15.532
98.919	15.526
100.275	15.387
101.845	15.110
103.539	14.755
105.236	14.403
106.832	14.111
108.221	13.924
109.327	13.877
110.148	13.980
110.755	14.210
111.248	14.524
111.742	14.869
112.371	15.171
113.303	15.331
114.711	15.234
116.582	14.858
118.546	14.389
120.167	14.072
121.324	13.985
122.117	14.086
122.670	14.318
123.085	14.638
123.439	15.012
123.804	15.407
124.257	15.780
124.911	16.069
125.927	16.174
127.442	16.000
129.326	15.585
131.114	15.176
132.486	14.978
133.537	14.971
134.555	15.027
135.900	14.984
138.002	14.662
141.060	13.964
144.396	13.129
146.953	12.555
148.521	12.336
149.469	12.347
150.136	12.469
150.717	12.634
151.315	12.805
151.990	12.960
152.768	13.084
153.647	13.174
154.591	13.237
155.543	13.290
156.447	13.354
157.284	13.440
158.082	13.546
158.909	13.651
159.864	13.726
161.045	13.734
162.496	13.652
164.133	13.496
165.741	13.329
167.100	13.224
168.120	13.221
168.843	13.314
169.359	13.481
169.750	13.699
170.076	13.948
170.380	14.216
170.692	14.492
171.039	14.767
171.447	15.030
171.947	15.268
172.587	15.462
173.465	15.580
174.788	15.554
176.933	15.266
180.220	14.614
184.168	13.743
187.537	13.035
189.773	12.668
191.169	12.552
192.106	12.572
192.798	12.662
193.351	12.793
193.817	12.950
194.232	13.126
194.621	13.315
195.003	13.510
195.390	13.710
195.788	13.911
196.201	14.113
196.628	14.314
197.074	14.515
197.552	14.712
198.096	14.896
198.783	15.046
199.758	15.122
201.234	15.056
203.389	14.790
206.070	14.352
208.703	13.904
210.798	13.601
212.340	13.459
213.572	13.418
214.717	13.412
215.892	13.404
217.124	13.382
218.371	13.351
219.557	13.328
220.618	13.331
221.525	13.368
222.295	13.441
222.978	13.539
223.648	13.648
224.406	13.746
225.384	13.803
226.751	13.781
228.651	13.641
231.055	13.382
233.631	13.067
235.903	12.801
237.598	12.649
238.750	12.614
239.533	12.662
240.109	12.760
240.586	12.885
241.033	13.021
241.490	13.160
241.989	13.294
242.555	13.417
243.215	13.524
243.992	13.607
244.904	13.662
245.955	13.686
247.132	13.681
248.398	13.654
249.704	13.615
251.005	13.575
252.275	13.541
253.513	13.514
254.734	13.493
255.964	13.472
257.225	13.447
258.530	13.414
259.878	13.372
261.247	13.324
262.596	13.278
263.871	13.242
265.018	13.228
266.001	13.243
266.810	13.292
267.460	13.372
267.979	13.481
268.400	13.613
268.757	13.761
269.077	13.922
269.388	14.089
269.711	14.258
270.070	14.424
270.491	14.581
271.005	14.722
271.660	14.835
272.519	14.907
273.673	14.918
275.219	14.844
277.210	14.673
279.545	14.421
281.943	14.146
284.081	13.918
285.806	13.774
287.167	13.710
288.324	13.695
289.435	13.697
290.618	13.692
291.926	13.665
293.353	13.614
294.840	13.550
296.313	13.484
297.720	13.430
299.043	13.390
300.296	13.365
301.495	13.349
302.647	13.341
303.734	13.343
304.731	13.358
305.613	13.391
306.368	13.445
307.000	13.521
307.527	13.618
307.974	13.730
308.367	13.856
308.731	13.989
309.086	14.128
309.451	14.268
309.841	14.405
310.268	14.538
310.739	14.665
311.258	14.783
311.822	14.893
312.422	14.996
313.042	15.094
313.662	15.191
314.264	15.293
314.829	15.401
315.349	15.521
315.820	15.652
316.249	15.796
316.644	15.949
317.022	16.110
317.399	16.275
317.801	16.438
318.264	16.591
318.848	16.721
319.670	16.803
320.951	16.790
323.056	16.602
326.358	16.162
330.702	15.500
335.114	14.825
338.751	14.323
341.669	13.995
344.358	13.744
347.162	13.496
350.094	13.234
352.909	12.986
355.332	12.791
357.251	12.666
358.735	12.604
359.928	12.588
360.974	12.596
361.982	12.613
363.016	12.628
364.110	12.637
365.269	12.638
366.477	12.631
367.707	12.620
368.935	12.609
370.142	12.599
371.327	12.593
372.505	12.589
373.702	12.584
374.948	12.574
376.272	12.556
377.692	12.528
379.207	12.488
380.796	12.439
382.419	12.384
384.021	12.330
385.549	12.283
386.957	12.249
388.216	12.230
389.316	12.229
390.261	12.245
391.069	12.277
391.762	12.323
392.367	12.380
392.910	12.446
393.418	12.517
393.920	12.591
394.441	12.664
395.012	12.733
395.659	12.795
396.414	12.845
397.304	12.881
398.351	12.899
399.566	12.896
400.941	12.874
402.449	12.835
404.045	12.784
405.674	12.728
407.287	12.673
408.849	12.623
410.346	12.581
411.773	12.547
413.135	12.520
414.438	12.501
415.684	12.488
416.871	12.481
418.000	12.480
419.073	12.485
420.095	12.496
421.079	12.512
422.041	12.531
423.001	12.550
423.975	12.569
424.977	12.585
426.011	12.598
427.072	12.607
428.140	12.615
429.191	12.623
430.196	12.635
431.129	12.654
431.971	12.681
432.715	12.720
433.362	12.769
433.924	12.828
434.417	12.895
434.861	12.970
435.278	13.049
435.691	13.130
436.127	13.210
436.619	13.287
437.206	13.354
437.933	13.407
438.857	13.440
440.034	13.445
441.504	13.416
443.266	13.353
445.251	13.262
447.322	13.156
449.310	13.056
451.072	12.977
452.541	12.930
453.721	12.915
454.665	12.927
455.447	12.959
456.143	13.003
456.819	13.052
457.534	13.099
458.339	13.138
459.275	13.165
460.366	13.175
461.613	13.168
462.985	13.145
464.423	13.113
465.846	13.080
467.175	13.054
468.353	13.043
469.354	13.050
470.181	13.075
470.859	13.117
471.423	13.173
471.910	13.239
472.357	13.310
472.796	13.385
473.255	13.459
473.764	13.528
474.346	13.591
475.027	13.645
475.824	13.685
476.747	13.712
477.793	13.724
478.943	13.724
480.160	13.714
481.398	13.700
482.607	13.688
483.748	13.682
484.799	13.686
485.757	13.700
486.633	13.724
487.450	13.755
488.238	13.791
489.034	13.828
489.885	13.860
490.858	13.882
492.058	13.884
493.644	13.849
495.831	13.758
498.843	13.588
502.752	13.330
507.272	13.011
511.759	12.689
515.568	12.427
518.420	12.253
520.406	12.161
521.773	12.128
522.756	12.133
523.525	12.159
524.188	12.196
524.810	12.239
525.431	12.283
526.077	12.325
526.764	12.365
527.504	12.400
528.307	12.431
529.179	12.456
530.120	12.476
531.130	12.489
532.197	12.497
533.308	12.501
534.442	12.502
535.575	12.502
536.680	12.504
537.737	12.510
538.727	12.520
539.642	12.537
540.479	12.560
541.244	12.589
541.949	12.624
542.609	12.663
543.242	12.706
543.871	12.749
544.516	12.793
545.201	12.833
545.949	12.869
546.781	12.898
547.715	12.919
548.765	12.930
549.934	12.931
551.216	12.921
552.593	12.903
554.033	12.878
555.503	12.850
556.968	12.821
558.402	12.795
559.787	12.772
561.117	12.755
562.396	12.741
563.631	12.732
564.831	12.726
566.001	12.723
567.143	12.721
568.254	12.723
569.326	12.727
570.351	12.734
571.317	12.746
572.219	12.763
573.050	12.786
573.810	12.815
574.500	12.849
575.127	12.889
575.698	12.935
576.221	12.984
576.707	13.038
577.166	13.094
577.608	13.152
578.045	13.212
578.487	13.272
578.948	13.331
579.441	13.388
579.981	13.441
580.583	13.490
581.265	13.532
582.044	13.566
582.935	13.591
583.948	13.604
585.083	13.606
586.330	13.598
587.663	13.580
589.045	13.558
590.433	13.533
591.788	13.511
593.077	13.494
594.284	13.483
595.409	13.481
596.466	13.484
597.477	13.493
598.474	13.504
599.490	13.514
600.561	13.521
601.725	13.520
603.016	13.509
604.462	13.486
606.077	13.449
607.857	13.398
609.772	13.334
611.769	13.264
613.777	13.191
615.727	13.122
617.562	13.062
619.250	13.014
620.784	12.978
622.175	12.954
623.446	12.941
624.624	12.935
625.736	12.935
626.805	12.939
627.852	12.945
628.893	12.952
629.939	12.959
631.000	12.965
632.083	12.970
633.191	12.972
634.327	12.973
635.490	12.971
636.678	12.967
637.887	12.962
639.113	12.955
640.350	12.948
641.596	12.940
642.847	12.931
644.100	12.922
645.356	12.913
646.616	12.904
647.881	12.894
649.154	12.884
650.436	12.874
651.728	12.863
653.029	12.851
654.336	12.838
655.644	12.826
656.946	12.814
658.233	12.802
659.497	12.793
660.729	12.785
661.922	12.780
663.070	12.778
664.171	12.779
665.223	12.784
666.226	12.792
667.184	12.803
668.098	12.818
668.975	12.835
669.820	12.855
670.641	12.876
671.444	12.900
672.240	12.923
673.041	12.947
673.859	12.971
674.713	12.992
675.625	13.009
676.628	13.021
677.760	13.025
679.075	13.018
680.631	12.994
682.495	12.951
684.716	12.885
687.310	12.794
690.225	12.681
693.333	12.555
696.451	12.426
699.385	12.308
701.992	12.210
704.204	12.137
706.031	12.088
707.522	12.062
708.751	12.052
709.786	12.055
710.689	12.068
711.507	12.086
712.276	12.108
713.026	12.131
713.775	12.155
714.540	12.179
715.331	12.201
716.156	12.221
717.020	12.239
717.922	12.255
718.861	12.268
719.831	12.280
720.821	12.290
721.820	12.299
722.815	12.308
723.791	12.317
724.736	12.329
725.638	12.342
726.490	12.359
727.286	12.379
728.026	12.402
728.711	12.429
729.345	12.458
729.935	12.491
730.488	12.527
731.014	12.564
731.521	12.603
732.021	12.643
732.523	12.683
733.041	12.723
733.586	12.762
734.172	12.798
734.812	12.831
735.520	12.860
736.310	12.885
737.191	12.903
738.173	12.915
739.256	12.921
740.436	12.920
741.698	12.914
743.020	12.903
744.377	12.889
745.742	12.874
747.091	12.860
748.409	12.847
749.695	12.837
750.957	12.829
752.218	12.821
753.508	12.813
754.863	12.801
756.318	12.784
757.899	12.760
759.620	12.727
761.468	12.687
763.410	12.640
765.388	12.590
767.331	12.541
769.172	12.498
770.859	12.462
772.361	12.438
773.672	12.424
774.805	12.421
775.785	12.428
776.641	12.442
777.404	12.462
778.103	12.486
778.760	12.513
779.395	12.542
780.022	12.572
780.653	12.602
781.294	12.632
781.951	12.660
782.625	12.688
783.315	12.715
784.020	12.741
784.737	12.766
785.462	12.791
786.194	12.815
786.932	12.839
787.678	12.863
788.440	12.885
789.233	12.907
790.082	12.926
791.024	12.940
792.110	12.947
793.410	12.942
795.006	12.922
796.980	12.881
799.396	12.815
802.255	12.724
805.470	12.611
808.850	12.488
812.145	12.366
815.121	12.261
817.623	12.180
819.607	12.127
821.111	12.100
822.216	12.095
823.014	12.108
823.587	12.134
824.002	12.169
824.309	12.211
824.542	12.257
824.726	12.307
824.877	12.359
825.008	12.413
825.125	12.468
825.234	12.524
825.339	12.581
825.444	12.638
825.549	12.696
825.658	12.754
825.774	12.812
825.898	12.870
826.033	12.928
826.185	12.985
826.357	13.042
826.557	13.098
826.792	13.153
827.075	13.205
827.421	13.254
827.849	13.298
828.386	13.337
829.064	13.368
829.922	13.389
831.003	13.397
832.352	13.389
834.005	13.363
835.976	13.318
838.242	13.255
840.736	13.177
843.349	13.091
845.956	13.005
848.437	12.925
850.712	12.856
852.746	12.801
854.549	12.761
856.158	12.732
857.626	12.711
859.015	12.697
860.384	12.685
861.791	12.672
863.288	12.655
864.923	12.632
866.735	12.601
868.744	12.559
870.953	12.508
873.335	12.448
875.834	12.381
878.368	12.312
880.851	12.245
883.199	12.184
885.349	12.133
887.266	12.092
888.942	12.063
890.390	12.045
891.634	12.038
892.704	12.039
893.630	12.047
894.439	12.061
895.156	12.080
895.800	12.103
896.386	12.128
896.927	12.156
897.432	12.186
897.910	12.218
898.366	12.251
898.805	12.285
899.233	12.319
899.651	12.354
900.064	12.390
900.474	12.426
900.883	12.462
901.293	12.499
901.707	12.535
902.125	12.571
902.548	12.608
902.979	12.644
903.419	12.679
903.868	12.715
904.328	12.750
904.801	12.784
905.287	12.819
905.790	12.852
906.312	12.884
906.856	12.916
907.428	12.946
908.034	12.975
908.685	13.001
909.393	13.025
910.177	13.046
911.061	13.061
912.079	13.070
913.278	13.070
914.717	13.059
916.469	13.033
918.618	12.988
921.245	12.919
924.400	12.826
928.066	12.707
932.131	12.570
936.379	12.423
940.540	12.279
944.365	12.151
947.684	12.046
950.433	11.967
952.640	11.913
954.380	11.882
955.740	11.868
956.811	11.867
957.663	11.877
958.354	11.894
958.929	11.917
959.418	11.944
959.846	11.975
960.229	12.007
960.579	12.041
960.907	12.077
961.218	12.113
961.517	12.151
961.809	12.188
962.096	12.227
962.381	12.265
962.665	12.304
962.949	12.343
963.234	12.382
963.521	12.422
963.810	12.461
964.102	12.501
964.397	12.540
964.695	12.580
964.996	12.619
965.299	12.659
965.605	12.699
965.912	12.739
966.220	12.779
966.529	12.819
966.838	12.860
967.146	12.900
967.454	12.941
967.759	12.982
968.063	13.024
968.365	13.066
968.665	13.108
968.963	13.150
969.261	13.193
969.559	13.235
969.858	13.278
970.161	13.322
970.471	13.365
970.789	13.407
971.120	13.450
971.469	13.492
971.840	13.533
972.239	13.572
972.673	13.610
973.148	13.646
973.671	13.680
974.249	13.711
974.888	13.739
975.592	13.763
976.361	13.783
977.196	13.800
978.091	13.813
979.036	13.824
980.021	13.831
981.029	13.838
982.049	13.843
983.067	13.848
984.075	13.854
985.078	13.860
986.085	13.866
987.122	13.871
988.230	13.873
989.466	13.869
990.904	13.856
992.635	13.828
994.746	13.781
997.306	13.711
1000.326	13.617
1003.729	13.503
1007.348	13.376
1010.945	13.250
1014.299	13.134
1017.254	13.038
1019.757	12.966
1021.840	12.914
1023.579	12.881
1025.068	12.861
1026.396	12.850
1027.632	12.845
1028.831	12.841
1030.025	12.839
1031.231	12.836
1032.459	12.832
1033.699	12.827
1034.941	12.822
1036.167	12.818
1037.357	12.815
1038.497	12.813
1039.568	12.815
1040.564	12.820
1041.481	12.829
1042.319	12.841
1043.082	12.857
1043.778	12.875
1044.418	12.897
1045.013	12.921
1045.575	12.947
1046.115	12.974
1046.647	13.002
1047.181	13.029
1047.730	13.057
1048.304	13.083
1048.915	13.108
1049.575	13.131
1050.293	13.152
1051.084	13.169
1051.954	13.183
1052.916	13.192
1053.979	13.197
1055.148	13.197
1056.429	13.191
1057.819	13.181
1059.314	13.165
1060.903	13.145
1062.567	13.121
1064.285	13.095
1066.025	13.067
1067.762	13.039
1069.463	13.012
1071.100	12.988
1072.655	12.967
1074.106	12.951
1075.446	12.940
1076.671	12.934
1077.780	12.933
1078.782	12.937
1079.683	12.946
1080.495	12.959
1081.229	12.976
1081.896	12.995
1082.510	13.018
1083.080	13.042
1083.618	13.069
1084.135	13.096
1084.640	13.124
1085.146	13.153
1085.660	13.181
1086.196	13.209
1086.761	13.235
1087.371	13.260
1088.036	13.283
1088.770	13.302
1089.589	13.318
1090.507	13.329
1091.545	13.335
1092.716	13.335
1094.042	13.329
1095.538	13.314
1097.217	13.292
1099.091	13.260
1101.157	13.221
1103.409	13.173
1105.823	13.117
1108.361	13.056
1110.974	12.992
1113.601	12.927
1116.179	12.865
1118.646	12.806
1120.956	12.754
1123.073	12.711
1124.980	12.676
1126.676	12.650
1128.168	12.633
1129.476	12.623
1130.621	12.621
1131.628	12.624
1132.518	12.633
1133.315	12.646
1134.037	12.661
1134.700	12.680
1135.319	12.701
1135.904	12.723
1136.465	12.746
1137.010	12.770
1137.546	12.795
1138.078	12.820
1138.612	12.845
1139.152	12.870
1139.703	12.894
1140.271	12.918
1140.861	12.941
1141.484	12.964
1142.145	12.984
1142.856	13.003
1143.630	13.019
1144.483	13.032
1145.430	13.042
1146.490	13.046
1147.683	13.046
1149.027	13.039
1150.536	13.026
1152.218	13.005
1154.078	12.978
1156.102	12.943
1158.272	12.902
1160.555	12.856
1162.914	12.807
1165.309	12.757
1167.700	12.707
1170.056	12.658
1172.352	12.612
1174.573	12.569
1176.707	12.530
1178.748	12.495
1180.688	12.463
1182.525	12.435
1184.247	12.412
1185.854	12.393
1187.336	12.379
1188.695	12.370
1189.928	12.365
1191.039	12.364
1192.034	12.368
1192.922	12.376
1193.711	12.388
1194.412	12.403
1195.037	12.422
1195.596	12.443
1196.099	12.466
1196.556	12.491
1196.974	12.517
1197.361	12.545
1197.724	12.574
1198.067	12.604
1198.396	12.635
1198.714	12.667
1199.026	12.698
1199.333	12.730
1199.638	12.763
1199.944	12.795
1200.251	12.828
1200.560	12.860
1200.874	12.893
1201.192	12.925
1201.515	12.958
1201.844	12.990
1202.177	13.023
1202.516	13.055
1202.859	13.087
1203.207	13.119
1203.558	13.151
1203.912	13.183
1204.269	13.215
1204.626	13.247
1204.986	13.279
1205.345	13.311
1205.705	13.344
1206.066	13.376
1206.429	13.409
1206.794	13.441
1207.165	13.474
1207.546	13.506
1207.941	13.538
1208.358	13.569
1208.808	13.599
1209.302	13.627
1209.859	13.653
1210.499	13.675
1211.249	13.693
1212.139	13.706
1213.203	13.711
1214.475	13.708
1215.985	13.694
1217.751	13.669
1219.768	13.633
1222.002	13.587
1224.392	13.534
1226.845	13.478
1229.259	13.422
1231.536	13.371
1233.607	13.328
1235.424	13.296
1236.981	13.274
1238.290	13.264
1239.385	13.262
1240.301	13.268
1241.080	13.281
1241.756	13.298
1242.363	13.318
1242.925	13.341
1243.466	13.364
1244.004	13.389
1244.556	13.413
1245.132	13.436
1245.746	13.458
1246.408	13.478
1247.130	13.495
1247.922	13.510
1248.801	13.522
1249.779	13.529
1250.879	13.532
1252.123	13.529
1253.541	13.519
1255.165	13.501
1257.031	13.474
1259.171	13.436
1261.605	13.387
1264.331	13.326
1267.320	13.255
1270.501	13.176
1273.772	13.093
1277.011	13.011
1280.099	12.935
1282.939	12.867
1285.473	12.812
1287.677	12.768
1289.562	12.737
1291.160	12.717
1292.510	12.706
1293.657	12.704
1294.640	12.707
1295.494	12.716
1296.248	12.728
1296.925	12.744
1297.543	12.762
1298.116	12.782
1298.654	12.803
1299.167	12.825
1299.660	12.849
1300.139	12.872
1300.609	12.897
1301.076	12.921
1301.541	12.946
1302.012	12.970
1302.491	12.995
1302.985	13.019
1303.501	13.042
1304.044	13.064
1304.624	13.086
1305.250	13.105
1305.931	13.123
1306.679	13.138
1307.505	13.151
1308.418	13.160
1309.432	13.166
1310.549	13.168
1311.778	13.166
1313.113	13.159
1314.550	13.149
1316.069	13.135
1317.653	13.119
1319.271	13.101
1320.894	13.082
1322.488	13.064
1324.028	13.048
1325.485	13.035
1326.847	13.025
1328.103	13.019
1329.250	13.017
1330.293	13.019
1331.239	13.025
1332.099	13.033
1332.886	13.045
1333.612	13.059
1334.290	13.075
1334.931	13.093
1335.546	13.112
1336.144	13.131
1336.734	13.151
1337.323	13.171
1337.916	13.191
1338.522	13.211
1339.142	13.230
1339.783	13.248
1340.447	13.266
1341.138	13.283
1341.857	13.299
1342.609	13.313
1343.392	13.326
1344.209	13.339
1345.057	13.349
1345.939	13.359
1346.849	13.368
1347.787	13.375
1348.746	13.381
1349.722	13.387
1350.711	13.392
1351.701	13.397
1352.691	13.402
1353.668	13.408
1354.629	13.414
1355.564	13.420
1356.470	13.428
1357.339	13.437
1358.170	13.448
1358.960	13.460
1359.708	13.474
1360.415	13.489
1361.081	13.506
1361.709	13.524
1362.302	13.544
1362.866	13.565
1363.403	13.588
1363.921	13.611
1364.424	13.635
1364.922	13.659
1365.421	13.683
1365.934	13.707
1366.473	13.731
1367.054	13.753
1367.696	13.772
1368.423	13.789
1369.267	13.802
1370.260	13.809
1371.445	13.809
1372.864	13.800
1374.557	13.781
1376.553	13.750
1378.864	13.708
1381.464	13.653
1384.293	13.590
1387.249	13.521
1390.212	13.451
1393.055	13.385
1395.676	13.327
1398.006	13.279
1400.020	13.243
1401.726	13.218
1403.154	13.204
1404.348	13.199
1405.350	13.202
1406.205	13.210
1406.950	13.222
1407.615	13.238
1408.226	13.256
1408.801	13.275
1409.355	13.295
1409.901	13.316
1410.446	13.337
1410.996	13.358
1411.556	13.379
1412.129	13.399
1412.716	13.419
1413.320	13.438
1413.938	13.456
1414.571	13.475
1415.218	13.492
1415.877	13.509
1416.547	13.526
1417.227	13.543
1417.917	13.559
1418.614	13.575
1419.324	13.590
1420.044	13.605
1420.782	13.619
1421.542	13.633
1422.330	13.646
1423.157	13.657
1424.034	13.667
1424.974	13.675
1425.989	13.680
1427.096	13.681
1428.309	13.679
1429.641	13.673
1431.099	13.661
1432.690	13.645
1434.406	13.625
1436.232	13.600
1438.152	13.571
1440.126	13.540
1442.125	13.508
1444.106	13.477
1446.035	13.447
1447.880	13.420
1449.620	13.396
1451.240	13.377
1452.738	13.362
1454.113	13.352
1455.374	13.346
1456.531	13.343
1457.595	13.345
1458.578	13.348
1459.493	13.355
1460.348	13.364
1461.153	13.374
1461.915	13.387
1462.641	13.400
1463.335	13.415
1464.002	13.431
1464.646	13.447
1465.269	13.465
1465.874	13.483
1466.462	13.502
1467.036	13.521
1467.598	13.541
1468.148	13.561
1468.689	13.582
1469.222	13.603
1469.748	13.624
1470.270	13.646
1470.789	13.668
1471.309	13.689
1471.830	13.711
1472.357	13.733
1472.892	13.755
1473.439	13.776
1474.003	13.796
1474.589	13.816
1475.204	13.835
1475.853	13.853
1476.548	13.869
1477.294	13.884
1478.106	13.896
1478.995	13.905
1479.971	13.912
1481.053	13.914
1482.249	13.912
1483.574	13.906
1485.034	13.895
1486.631	13.878
1488.362	13.857
1490.212	13.831
1492.162	13.801
1494.179	13.769
1496.230	13.735
1498.279	13.701
1500.286	13.669
1502.226	13.638
1504.075	13.611
1505.824	13.588
1507.470	13.568
1509.020	13.552
1510.489	13.539
1511.893	13.528
1513.256	13.520
1514.604	13.512
1515.961	13.504
1517.352	13.495
1518.805	13.484
1520.344	13.471
1521.987	13.455
1523.755	13.434
1525.655	13.409
1527.688	13.380
1529.845	13.347
1532.104	13.310
1534.437	13.271
1536.800	13.231
1539.156	13.190
1541.462	13.151
1543.684	13.115
1545.800	13.082
1547.793	13.054
1549.665	13.029
1551.419	13.008
1553.073	12.991
1554.646	12.976
1556.162	12.964
1557.652	12.953
1559.140	12.942
1560.661	12.931
1562.246	12.918
1563.933	12.902
1565.762	12.883
1567.774	12.859
1570.015	12.828
1572.533	12.790
1575.365	12.743
1578.539	12.687
1582.062	12.622
1585.904	12.548
1590.005	12.467
1594.261	12.382
1598.544	12.296
1602.724	12.213
1606.674	12.137
1610.307	12.069
1613.568	12.011
1616.438	11.963
1618.934	11.926
1621.083	11.898
1622.928	11.878
1624.511	11.865
1625.875	11.858
1627.055	11.856
1628.084	11.858
1628.988	11.863
1629.789	11.871
1630.503	11.881
1631.144	11.893
1631.726	11.907
1632.256	11.922
1632.742	11.939
1633.191	11.956
1633.607	11.974
1633.995	11.993
1634.359	12.013
1634.702	12.033
1635.027	12.054
1635.335	12.076
1635.630	12.098
1635.914	12.120
1636.187	12.142
1636.451	12.165
1636.709	12.188
1636.961	12.212
1637.209	12.235
1637.454	12.259
1637.698	12.283
1637.941	12.307
1638.184	12.331
1638.430	12.355
1638.679	12.379
1638.932	12.403
1639.191	12.427
1639.458	12.451
1639.734	12.474
1640.021	12.498
1640.319	12.521
1640.632	12.544
1640.961	12.567
1641.309	12.589
1641.677	12.610
1642.067	12.632
1642.483	12.652
1642.925	12.672
1643.397	12.691
1643.900	12.709
1644.436	12.726
1645.007	12.743
1645.613	12.758
1646.255	12.773
1646.935	12.786
1647.647	12.799
1648.394	12.810
1649.171	12.821
1649.974	12.830
1650.801	12.839
1651.643	12.848
1652.497	12.856
1653.358	12.864
1654.216	12.872
1655.067	12.880
1655.905	12.888
1656.724	12.897
1657.520	12.906
1658.287	12.917
1659.026	12.928
1659.732	12.940
1660.406	12.953
1661.047	12.967
1661.656	12.981
1662.234	12.997
1662.785	13.014
1663.308	13.031
1663.809	13.050
1664.288	13.069
1664.750	13.088
1665.198	13.108
1665.633	13.129
1666.059	13.149
1666.480	13.171
1666.899	13.192
1667.319	13.213
1667.742	13.234
1668.174	13.255
1668.619	13.276
1669.081	13.296
1669.566	13.316
1670.081	13.335
1670.637	13.353
1671.244	13.369
1671.919	13.384
1672.681	13.396
1673.557	13.405
1674.583	13.410
1675.798	13.409
1677.260	13.402
1679.031	13.386
1681.182	13.359
1683.783	13.319
1686.890	13.265
1690.522	13.196
1694.646	13.113
1699.156	13.019
1703.876	12.919
1708.593	12.818
1713.088	12.723
1717.189	12.639
1720.791	12.569
1723.858	12.513
1726.416	12.472
1728.518	12.443
1730.234	12.425
1731.638	12.416
1732.792	12.414
1733.750	12.417
1734.557	12.424
1735.249	12.435
1735.850	12.448
1736.382	12.463
1736.863	12.479
1737.303	12.497
1737.714	12.516
1738.102	12.535
1738.476	12.555
1738.840	12.575
1739.198	12.596
1739.555	12.616
1739.914	12.637
1740.279	12.657
1740.651	12.678
1741.034	12.698
1741.431	12.718
1741.843	12.737
1742.273	12.756
1742.722	12.775
1743.194	12.793
1743.690	12.811
1744.211	12.827
1744.759	12.844
1745.335	12.859
1745.938	12.874
1746.571	12.888
1747.233	12.901
1747.922	12.913
1748.636	12.925
1749.375	12.936
1750.135	12.947
1750.912	12.956
1751.704	12.966
1752.505	12.975
1753.311	12.984
1754.118	12.993
1754.919	13.002
1755.710	13.011
1756.489	13.021
1757.248	13.031
1757.987	13.042
1758.703	13.053
1759.391	13.065
1760.053	13.078
1760.687	13.091
1761.294	13.106
1761.875	13.121
1762.431	13.137
1762.965	13.153
1763.479	13.170
1763.978	13.188
1764.464	13.206
1764.945	13.224
1765.423	13.243
1765.907	13.261
1766.404	13.279
1766.925	13.297
1767.481	13.314
1768.084	13.329
1768.753	13.343
1769.509	13.355
1770.374	13.364
1771.379	13.369
1772.558	13.369
1773.946	13.364
1775.582	13.351
1777.507	13.331
1779.741	13.303
1782.309	13.265
1785.202	13.219
1788.384	13.164
1791.802	13.103
1795.369	13.037
1798.995	12.970
1802.592	12.904
1806.090	12.841
1809.450	12.781
1812.655	12.727
1815.719	12.676
1818.667	12.630
1821.536	12.586
1824.351	12.544
1827.135	12.504
1829.896	12.464
1832.622	12.425
1835.298	12.388
1837.890	12.353
1840.371	12.320
1842.705	12.291
1844.871	12.265
1846.849	12.244
1848.638	12.228
1850.236	12.216
1851.656	12.208
1852.915	12.204
1854.029	12.204
1855.022	12.206
1855.914	12.212
1856.726	12.219
1857.478	12.227
1858.184	12.237
1858.862	12.248
1859.527	12.259
1860.189	12.271
1860.859	12.282
1861.548	12.293
1862.261	12.303
1863.007	12.313
1863.789	12.322
1864.611	12.330
1865.475	12.337
1866.380	12.343
1867.326	12.348
1868.307	12.352
1869.320	12.355
1870.357	12.358
1871.409	12.360
1872.468	12.362
1873.525	12.364
1874.568	12.367
1875.586	12.369
1876.576	12.373
1877.523	12.377
1878.427	12.382
1879.278	12.389
1880.076	12.396
1880.818	12.405
1881.503	12.416
1882.133	12.427
1882.710	12.440
1883.235	12.454
1883.713	12.470
1884.147	12.486
1884.540	12.504
1884.897	12.522
1885.220	12.541
1885.513	12.561
1885.781	12.582
1886.025	12.604
1886.249	12.626
1886.455	12.648
1886.646	12.671
1886.824	12.694
1886.990	12.718
1887.146	12.742
1887.294	12.767
1887.435	12.791
1887.570	12.816
1887.700	12.841
1887.826	12.867
1887.948	12.892
1888.068	12.918
1888.185	12.944
1888.301	12.970
1888.416	12.996
1888.530	13.022
1888.644	13.048
1888.758	13.074
1888.873	13.101
1888.988	13.127
1889.105	13.154
1889.224	13.181
1889.346	13.207
1889.471	13.234
1889.600	13.260
1889.733	13.287
1889.873	13.314
1890.021	13.340
1890.177	13.366
1890.345	13.392
1890.526	13.418
1890.725	13.444
1890.945	13.469
1891.191	13.493
1891.468	13.517
1891.785	13.540
1892.149	13.561
1892.573	13.581
1893.068	13.599
1893.650	13.615
1894.337	13.629
1895.147	13.639
1896.103	13.645
1897.227	13.646
1898.537	13.643
1900.053	13.633
1901.784	13.618
1903.723	13.597
1905.858	13.571
1908.161	13.539
1910.577	13.505
1913.049	13.468
1915.515	13.431
1917.903	13.396
1920.160	13.364
1922.245	13.337
1924.129	13.315
1925.802	13.298
1927.270	13.287
1928.542	13.282
1929.639	13.281
1930.582	13.285
1931.394	13.292
1932.096	13.302
1932.707	13.315
1933.242	13.329
1933.718	13.346
1934.144	13.364
1934.532	13.383
1934.890	13.403
1935.224	13.424
1935.541	13.446
1935.845	13.468
1936.142	13.490
1936.435	13.512
1936.727	13.535
1937.025	13.557
1937.333	13.579
1937.655	13.601
1937.997	13.623
1938.366	13.644
1938.768	13.664
1939.214	13.683
1939.713	13.701
1940.274	13.717
1940.912	13.731
1941.640	13.742
1942.470	13.751
1943.418	13.757
1944.495	13.760
1945.710	13.758
1947.072	13.753
1948.578	13.743
1950.219	13.730
1951.977	13.713
1953.829	13.693
1955.742	13.672
1957.668	13.650
1959.576	13.628
1961.427	13.607
1963.179	13.589
1964.818	13.574
1966.327	13.562
1967.695	13.554
1968.932	13.550
1970.047	13.549
1971.052	13.551
1971.969	13.555
1972.815	13.562
1973.612	13.570
1974.380	13.580
1975.139	13.589
1975.907	13.599
1976.702	13.608
1977.540	13.616
1978.436	13.623
1979.400	13.627
1980.441	13.630
1981.566	13.631
1982.775	13.629
1984.064	13.625
1985.426	13.619
1986.845	13.612
1988.304	13.603
1989.784	13.593
1991.260	13.583
1992.711	13.574
1994.113	13.566
1995.447	13.560
1996.700	13.555
1997.866	13.553
1998.936	13.554
1999.908	13.557
2000.788	13.562
2001.582	13.570
2002.294	13.580
2002.934	13.592
2003.514	13.606
2004.039	13.621
2004.520	13.638
2004.967	13.656
2005.385	13.674
2005.783	13.693
2006.169	13.713
2006.547	13.733
2006.925	13.752
2007.308	13.772
2007.702	13.792
2008.112	13.811
2008.544	13.830
2009.004	13.849
2009.499	13.866
2010.035	13.882
2010.619	13.897
2011.260	13.911
2011.968	13.923
2012.748	13.932
2013.611	13.940
2014.568	13.945
2015.628	13.948
2016.798	13.947
2018.082	13.943
2019.489	13.936
2021.018	13.926
2022.669	13.912
2024.432	13.895
2026.300	13.875
2028.259	13.853
2030.286	13.829
2032.371	13.803
2034.491	13.776
2036.626	13.749
2038.762	13.722
2040.885	13.695
2042.984	13.669
2045.049	13.644
2047.076	13.620
2049.055	13.597
2050.981	13.576
2052.852	13.556
2054.656	13.538
2056.389	13.521
2058.044	13.507
2059.614	13.495
2061.093	13.485
2062.479	13.477
2063.768	13.472
2064.960	13.470
2066.059	13.469
2067.066	13.471
2067.989	13.476
2068.832	13.482
2069.605	13.490
2070.316	13.500
2070.975	13.511
2071.592	13.524
2072.176	13.537
2072.740	13.551
2073.295	13.565
2073.853	13.580
2074.429	13.594
2075.037	13.607
2075.694	13.620
2076.421	13.630
2077.237	13.639
2078.166	13.645
2079.233	13.648
2080.464	13.646
2081.884	13.640
2083.515	13.629
2085.372	13.612
2087.460	13.589
2089.769	13.561
2092.271	13.528
2094.924	13.490
2097.664	13.451
2100.424	13.410
2103.128	13.371
2105.713	13.334
2108.123	13.301
2110.326	13.273
2112.300	13.251
2114.046	13.235
2115.573	13.223
2116.899	13.217
2118.049	13.215
2119.046	13.217
2119.913	13.222
2120.673	13.230
2121.345	13.240
2121.945	13.252
2122.487	13.265
2122.981	13.280
2123.437	13.296
2123.863	13.312
2124.262	13.329
2124.641	13.347
2125.002	13.365
2125.349	13.384
2125.683	13.403
2126.006	13.422
2126.318	13.442
2126.623	13.462
2126.918	13.482
2127.207	13.503
2127.488	13.523
2127.763	13.544
2128.032	13.565
2128.294	13.586
2128.551	13.608
2128.803	13.629
2129.049	13.651
2129.291	13.673
2129.528	13.695
2129.760	13.718
2129.989	13.740
2130.214	13.763
2130.436	13.786
2130.656	13.809
2130.873	13.832
2131.088	13.855
2131.303	13.878
2131.518	13.902
2131.735	13.925
2131.956	13.948
2132.183	13.972
2132.421	13.995
2132.674	14.018
2132.950	14.040
2133.262	14.061
2133.627	14.082
2134.068	14.101
2134.626	14.117
2135.354	14.129
2136.333	14.135
2137.680	14.132
2139.557	14.117
2142.173	14.084
2145.785	14.028
2150.646	13.942
2156.925	13.822
2164.581	13.669
2173.258	13.491
2182.305	13.304
2190.959	13.126
2198.615	12.972
2204.976	12.848
2210.043	12.755
2214.002	12.688
2217.092	12.642
2219.536	12.611
2221.516	12.591
2223.167	12.579
2224.581	12.571
2225.810	12.568
2226.895	12.569
2227.864	12.571
2228.737	12.576
2229.518	12.583
2230.218	12.591
2230.851	12.601
2231.419	12.612
2231.926	12.625
2232.381	12.638
2232.790	12.653
2233.155	12.669
2233.481	12.685
2233.777	12.702
2234.042	12.720
2234.282	12.739
2234.501	12.758
2234.702	12.777
2234.886	12.797
2235.058	12.817
2235.219	12.838
2235.371	12.859
2235.518	12.880
2235.659	12.901
2235.799	12.922
2235.938	12.943
2236.079	12.965
2236.223	12.986
2236.373	13.007
2236.532	13.029
2236.703	13.050
2236.888	13.070
2237.094	13.091
2237.327	13.111
2237.593	13.130
2237.903	13.149
2238.269	13.166
2238.708	13.182
2239.241	13.196
2239.895	13.208
2240.707	13.216
2241.723	13.221
2242.997	13.220
2244.597	13.212
2246.603	13.196
2249.094	13.170
2252.147	13.132
2255.812	13.082
2260.102	13.018
2264.959	12.943
2270.247	12.858
2275.766	12.768
