<j>	<F>
1.204	20.472
2.625	13.678
3.355	18.923
4.797	15.980
6.276	11.276
6.972	13.356
7.651	17.448
8.871	16.772
10.426	14.235
11.673	13.147
12.966	12.794
13.860	12.827
14.614	14.537
16.195	14.077
17.894	11.790
18.710	12.138
19.388	13.259
20.226	14.169
21.231	14.493
22.386	14.649
23.912	13.697
25.003	13.367
25.938	13.941
27.432	13.587
28.955	12.593
29.805	12.776
30.544	13.505
31.682	13.777
33.208	13.161
34.294	12.878
34.844	13.542
35.252	14.656
35.714	15.876
36.360	16.889
37.272	17.358
38.447	17.261
40.030	16.516
42.047	15.040
43.707	14.009
44.850	13.882
46.033	13.889
47.422	13.614
48.754	13.341
50.013	13.225
51.407	13.033
52.904	12.715
54.312	12.450
55.551	12.327
56.630	12.337
57.590	12.453
58.502	12.625
59.423	12.796
60.334	12.958
61.175	13.159
61.913	13.444
62.565	13.820
63.200	14.255
63.984	14.632
65.218	14.684
67.106	14.148
69.137	13.368
70.682	12.956
71.913	12.870
73.200	12.810
74.620	12.650
75.966	12.483
77.037	12.461
77.864	12.604
78.573	12.841
79.245	13.115
79.903	13.405
80.542	13.714
81.175	14.040
81.843	14.364
82.619	14.634
83.606	14.777
84.919	14.703
86.592	14.370
88.386	13.912
89.890	13.591
90.923	13.552
91.595	13.759
92.102	14.110
92.623	14.499
93.349	14.810
94.540	14.868
96.396	14.513
98.652	13.862
100.653	13.320
102.172	13.058
103.379	12.990
104.478	13.002
105.634	13.011
106.956	12.961
108.510	12.813
110.241	12.585
111.988	12.337
113.579	12.137
114.864	12.043
115.827	12.066
116.502	12.205
116.989	12.429
117.370	12.712
117.718	13.029
118.106	13.353
118.635	13.646
119.488	13.833
120.938	13.795
123.197	13.419
125.889	12.815
128.141	12.326
129.574	12.137
130.407	12.185
130.933	12.363
131.310	12.611
131.624	12.897
131.909	13.208
132.194	13.534
132.495	13.869
132.835	14.203
133.232	14.527
133.737	14.820
134.432	15.048
135.536	15.124
137.442	14.892
140.477	14.207
144.021	13.286
146.808	12.621
148.546	12.347
149.648	12.313
150.458	12.389
151.127	12.517
151.724	12.675
152.305	12.845
152.903	13.017
153.571	13.175
154.341	13.304
155.232	13.394
156.235	13.443
157.284	13.468
158.312	13.491
159.249	13.539
160.079	13.622
160.816	13.741
161.496	13.883
162.155	14.038
162.821	14.195
163.519	14.344
164.264	14.480
165.086	14.592
166.002	14.671
167.020	14.712
168.131	14.714
169.280	14.696
170.408	14.680
171.498	14.678
172.561	14.691
173.673	14.696
174.914	14.664
176.357	14.568
177.993	14.402
179.664	14.212
181.186	14.058
182.464	13.981
183.524	13.981
184.488	14.023
185.492	14.063
186.604	14.075
187.837	14.047
189.123	13.994
190.354	13.949
191.459	13.938
192.454	13.963
193.384	14.013
194.338	14.065
195.399	14.091
196.582	14.080
197.853	14.038
199.110	13.989
200.236	13.969
201.180	13.998
201.959	14.078
202.648	14.193
203.365	14.313
204.259	14.398
205.520	14.395
207.303	14.255
209.606	13.967
212.101	13.608
214.283	13.312
215.922	13.149
217.103	13.106
217.988	13.144
218.709	13.228
219.361	13.334
219.998	13.446
220.631	13.563
221.298	13.675
222.028	13.775
222.842	13.856
223.749	13.916
224.776	13.946
225.913	13.946
227.098	13.930
228.263	13.913
229.355	13.909
230.321	13.932
231.109	13.997
231.753	14.099
232.269	14.236
232.689	14.403
233.045	14.592
233.368	14.796
233.696	15.006
234.055	15.215
234.476	15.412
235.001	15.586
235.685	15.719
236.560	15.798
237.665	15.810
239.001	15.752
240.539	15.633
242.223	15.471
243.984	15.289
245.758	15.103
247.473	14.932
249.024	14.801
250.363	14.724
251.502	14.701
252.507	14.716
253.449	14.752
254.406	14.790
255.440	14.813
256.608	14.805
257.912	14.766
259.365	14.691
260.965	14.584
262.693	14.448
264.516	14.293
266.378	14.129
268.216	13.973
269.990	13.833
271.730	13.708
273.508	13.585
275.408	13.448
277.508	13.282
279.795	13.087
282.186	12.873
284.494	12.671
286.555	12.507
288.236	12.402
289.564	12.355
290.575	12.359
291.352	12.403
291.952	12.478
292.452	12.572
292.884	12.680
293.281	12.796
293.672	12.916
294.066	13.038
294.489	13.158
294.946	13.274
295.455	13.383
296.019	13.484
296.628	13.578
297.310	13.660
298.054	13.730
298.844	13.792
299.657	13.848
300.478	13.902
301.304	13.954
302.116	14.008
302.920	14.065
303.709	14.124
304.493	14.185
305.282	14.246
306.090	14.303
306.896	14.360
307.699	14.417
308.489	14.477
309.279	14.538
310.093	14.597
310.980	14.646
312.044	14.667
313.394	14.639
315.150	14.538
317.325	14.357
319.721	14.127
322.005	13.906
323.902	13.748
325.341	13.670
326.419	13.661
327.284	13.695
328.069	13.748
328.872	13.803
329.763	13.846
330.784	13.869
331.956	13.867
333.262	13.841
334.642	13.800
336.036	13.755
337.392	13.713
338.683	13.680
339.882	13.663
341.010	13.658
342.121	13.660
343.289	13.658
344.619	13.638
346.278	13.576
348.420	13.451
351.125	13.249
354.246	12.988
357.427	12.711
360.236	12.476
362.463	12.314
364.046	12.236
365.121	12.226
365.870	12.262
366.441	12.324
366.920	12.402
367.378	12.484
367.855	12.568
368.388	12.646
369.010	12.716
369.764	12.771
370.684	12.807
371.819	12.817
373.133	12.803
374.624	12.766
376.224	12.712
377.822	12.655
379.339	12.603
380.747	12.563
381.925	12.549
382.882	12.562
383.653	12.599
384.288	12.653
384.816	12.722
385.270	12.803
385.685	12.890
386.093	12.981
386.524	13.071
387.021	13.155
387.626	13.229
388.414	13.282
389.451	13.307
390.806	13.294
392.548	13.233
394.681	13.122
397.085	12.975
399.608	12.808
401.982	12.655
404.034	12.538
405.707	12.464
407.043	12.431
408.097	12.431
408.973	12.454
409.733	12.491
410.402	12.540
411.010	12.598
411.601	12.658
412.191	12.721
412.813	12.780
413.507	12.833
414.261	12.880
415.105	12.918
416.053	12.944
417.108	12.958
418.275	12.958
419.558	12.945
420.919	12.921
422.310	12.892
423.686	12.864
425.011	12.840
426.265	12.824
427.441	12.816
428.547	12.817
429.597	12.824
430.597	12.838
431.590	12.854
432.637	12.868
433.837	12.869
435.312	12.847
437.268	12.781
439.843	12.658
443.174	12.464
447.136	12.209
451.312	11.930
455.175	11.676
458.344	11.483
460.755	11.358
462.500	11.295
463.794	11.273
464.786	11.280
465.591	11.304
466.288	11.339
466.906	11.381
467.474	11.427
468.003	11.478
468.507	11.531
468.986	11.586
469.444	11.643
469.881	11.703
470.297	11.765
470.688	11.829
471.061	11.896
471.419	11.964
471.762	12.035
472.091	12.107
472.405	12.181
472.702	12.258
472.971	12.338
473.227	12.420
473.475	12.504
473.716	12.590
473.948	12.677
474.175	12.766
474.396	12.856
474.603	12.950
474.813	13.043
475.023	13.139
475.233	13.235
475.436	13.333
475.632	13.433
475.830	13.535
476.040	13.636
476.263	13.738
476.501	13.839
476.745	13.940
477.013	14.041
477.329	14.137
477.694	14.230
478.154	14.313
478.757	14.382
479.567	14.428
480.719	14.438
482.311	14.398
484.512	14.289
487.304	14.111
490.545	13.878
493.843	13.633
496.797	13.421
499.154	13.272
500.898	13.190
502.154	13.163
503.070	13.175
503.771	13.211
504.338	13.263
504.828	13.326
505.304	13.391
505.813	13.456
506.402	13.515
507.159	13.560
508.205	13.581
509.706	13.561
511.816	13.484
514.643	13.340
518.160	13.126
521.985	12.878
525.544	12.648
528.469	12.472
530.621	12.364
532.103	12.319
533.116	12.318
533.821	12.347
534.351	12.393
534.779	12.450
535.157	12.513
535.507	12.579
535.847	12.647
536.186	12.716
536.532	12.785
536.884	12.854
537.241	12.923
537.597	12.993
537.962	13.063
538.336	13.132
538.722	13.201
539.123	13.269
539.541	13.336
539.982	13.401
540.444	13.466
540.932	13.528
541.463	13.587
542.065	13.640
542.756	13.686
543.555	13.721
544.495	13.744
545.602	13.750
546.872	13.740
548.283	13.716
549.823	13.678
551.449	13.630
553.100	13.579
554.720	13.530
556.283	13.486
557.809	13.448
559.349	13.411
560.964	13.369
562.735	13.317
564.689	13.250
566.879	13.163
569.298	13.057
571.830	12.940
574.336	12.824
576.673	12.720
578.770	12.636
580.611	12.573
582.199	12.533
583.611	12.509
584.940	12.493
586.250	12.480
587.587	12.467
588.992	12.450
590.495	12.426
592.076	12.396
593.723	12.360
595.412	12.321
597.085	12.282
598.696	12.247
600.215	12.217
601.608	12.197
602.871	12.185
604.005	12.183
605.036	12.189
605.961	12.202
606.811	12.222
607.595	12.246
608.354	12.273
609.071	12.303
609.776	12.334
610.462	12.367
611.161	12.399
611.840	12.432
612.518	12.466
613.193	12.500
613.866	12.535
614.540	12.569
615.232	12.602
615.918	12.636
616.604	12.670
617.313	12.703
618.036	12.734
618.772	12.765
619.520	12.795
620.302	12.822
621.086	12.849
621.876	12.876
622.685	12.901
623.498	12.925
624.308	12.950
625.102	12.975
625.870	13.003
626.610	13.032
627.315	13.064
627.984	13.099
628.606	13.137
629.179	13.180
629.708	13.226
630.191	13.276
630.635	13.330
631.053	13.387
631.443	13.446
631.811	13.508
632.165	13.571
632.513	13.636
632.869	13.701
633.241	13.765
633.647	13.828
634.111	13.886
634.661	13.938
635.332	13.981
636.156	14.011
637.170	14.026
638.416	14.020
639.895	13.995
641.615	13.947
643.481	13.885
645.361	13.819
647.180	13.757
648.841	13.706
650.290	13.672
651.507	13.657
652.504	13.661
653.315	13.681
653.977	13.715
654.539	13.759
655.042	13.809
655.528	13.861
656.034	13.914
656.607	13.962
657.321	14.001
658.257	14.024
659.558	14.020
661.406	13.976
664.024	13.874
667.589	13.701
672.023	13.460
676.898	13.183
681.602	12.915
685.521	12.701
688.484	12.557
690.570	12.477
692.017	12.444
693.005	12.445
693.696	12.469
694.212	12.506
694.624	12.551
694.958	12.602
695.250	12.657
695.517	12.714
695.767	12.773
695.998	12.834
696.229	12.896
696.463	12.958
696.680	13.021
696.894	13.086
697.124	13.149
697.355	13.214
697.586	13.278
697.822	13.343
698.066	13.408
698.326	13.473
698.608	13.536
698.918	13.598
699.263	13.658
699.654	13.716
700.122	13.768
700.685	13.814
701.376	13.851
702.240	13.875
703.330	13.884
704.674	13.873
706.319	13.840
708.302	13.781
710.574	13.699
713.026	13.603
715.543	13.500
718.021	13.399
720.303	13.311
722.342	13.241
724.144	13.189
725.760	13.151
727.222	13.126
728.600	13.108
729.977	13.091
731.381	13.075
732.890	13.052
734.562	13.021
736.421	12.978
738.463	12.923
740.688	12.857
743.102	12.779
745.576	12.696
748.012	12.615
750.292	12.542
752.349	12.482
754.165	12.436
755.699	12.407
756.975	12.394
758.030	12.395
758.888	12.408
759.588	12.431
760.178	12.461
760.691	12.497
761.139	12.536
761.529	12.580
761.905	12.625
762.263	12.672
762.600	12.721
762.948	12.769
763.299	12.817
763.651	12.866
764.023	12.914
764.411	12.961
764.807	13.008
765.242	13.053
765.685	13.098
766.150	13.141
766.656	13.182
767.187	13.221
767.724	13.261
768.300	13.297
768.921	13.331
769.568	13.364
770.232	13.395
770.939	13.424
771.675	13.450
772.450	13.475
773.255	13.497
774.102	13.516
774.973	13.533
775.859	13.550
776.758	13.565
777.668	13.579
778.583	13.593
779.476	13.608
780.373	13.622
781.227	13.639
782.027	13.660
782.790	13.683
783.525	13.709
784.218	13.737
784.873	13.768
785.526	13.800
786.193	13.832
786.890	13.862
787.680	13.888
788.618	13.904
789.777	13.908
791.255	13.891
793.157	13.847
795.617	13.766
798.548	13.654
801.836	13.517
805.220	13.371
808.421	13.233
811.239	13.119
813.476	13.040
815.179	12.995
816.426	12.979
817.310	12.987
817.967	13.011
818.443	13.047
818.813	13.091
819.125	13.139
819.382	13.191
819.625	13.245
819.863	13.300
820.090	13.356
820.324	13.412
820.583	13.466
820.856	13.521
821.126	13.576
821.432	13.629
821.773	13.680
822.141	13.730
822.537	13.778
822.980	13.824
823.478	13.867
824.048	13.905
824.698	13.938
825.435	13.966
826.302	13.986
827.380	13.993
828.701	13.985
830.353	13.957
832.424	13.904
835.043	13.817
838.250	13.695
842.023	13.538
846.095	13.362
850.287	13.177
854.195	13.009
857.606	12.870
860.362	12.768
862.508	12.703
864.176	12.666
865.437	12.654
866.473	12.654
867.284	12.669
867.989	12.690
868.592	12.717
869.136	12.748
869.649	12.781
870.150	12.815
870.680	12.848
871.196	12.882
871.747	12.915
872.337	12.945
872.953	12.975
873.629	13.001
874.384	13.024
875.202	13.043
876.115	13.057
877.130	13.065
878.239	13.068
879.433	13.067
880.760	13.058
882.205	13.043
883.740	13.023
885.376	12.997
887.100	12.966
888.842	12.934
890.620	12.899
892.416	12.864
894.214	12.828
895.945	12.796
897.659	12.765
899.312	12.737
900.871	12.714
902.380	12.694
903.789	12.678
905.118	12.667
906.370	12.660
907.514	12.658
908.583	12.660
909.555	12.666
910.446	12.677
911.231	12.694
911.960	12.713
912.604	12.737
913.214	12.762
913.714	12.794
914.178	12.827
914.591	12.864
914.944	12.904
915.276	12.945
915.573	12.989
915.861	13.033
916.123	13.079
916.378	13.126
916.633	13.173
916.888	13.221
917.176	13.268
917.487	13.313
917.846	13.357
918.255	13.398
918.748	13.435
919.346	13.467
920.053	13.493
920.918	13.511
921.955	13.519
923.169	13.517
924.585	13.504
926.150	13.482
927.824	13.453
929.567	13.419
931.310	13.383
932.939	13.354
934.482	13.327
935.852	13.310
937.008	13.305
937.968	13.310
938.758	13.325
939.400	13.349
939.902	13.381
940.327	13.417
940.660	13.459
940.927	13.506
941.151	13.555
941.331	13.607
941.497	13.661
941.640	13.716
941.753	13.774
941.874	13.831
941.984	13.890
942.077	13.950
942.174	14.010
942.273	14.071
942.362	14.133
942.452	14.195
942.552	14.257
942.646	14.320
942.746	14.383
942.860	14.446
942.981	14.509
943.106	14.572
943.256	14.634
943.433	14.695
943.650	14.754
943.905	14.811
944.244	14.863
944.690	14.909
945.276	14.947
946.062	14.973
947.122	14.982
948.583	14.965
950.523	14.919
952.974	14.840
955.961	14.726
959.372	14.584
963.016	14.426
966.566	14.273
969.797	14.138
972.590	14.031
974.953	13.951
976.951	13.894
978.662	13.857
980.211	13.830
981.694	13.809
983.237	13.787
984.870	13.761
986.721	13.725
988.850	13.676
991.265	13.612
994.015	13.530
997.007	13.436
1000.186	13.332
1003.313	13.230
1006.328	13.132
1008.980	13.052
1011.324	12.987
1013.216	12.944
1014.789	12.918
1016.038	12.907
1017.047	12.909
1017.845	12.922
1018.511	12.942
1019.056	12.968
1019.528	12.999
1019.953	13.032
1020.341	13.067
1020.717	13.103
1021.095	13.139
1021.479	13.176
1021.901	13.211
1022.326	13.246
1022.817	13.278
1023.340	13.309
1023.954	13.336
1024.638	13.359
1025.427	13.377
1026.323	13.391
1027.308	13.400
1028.414	13.403
1029.653	13.399
1030.994	13.390
1032.488	13.373
1033.991	13.356
1035.630	13.331
1037.262	13.307
1038.964	13.279
1040.614	13.253
1042.322	13.225
1043.935	13.201
1045.606	13.175
1047.209	13.152
1048.851	13.128
1050.490	13.104
1052.108	13.082
1053.764	13.057
1055.370	13.035
1057.004	13.012
1058.601	12.990
1060.196	12.968
1061.719	12.950
1063.219	12.932
1064.621	12.919
1065.987	12.907
1067.260	12.900
1068.489	12.895
1069.687	12.892
1070.862	12.890
1072.056	12.887
1073.244	12.885
1074.490	12.881
1075.747	12.877
1077.086	12.868
1078.461	12.859
1079.906	12.846
1081.386	12.831
1082.889	12.816
1084.412	12.799
1085.898	12.783
1087.382	12.768
1088.785	12.755
1090.112	12.746
1091.393	12.739
1092.587	12.736
1093.774	12.733
1094.866	12.734
1096.004	12.734
1097.065	12.737
1098.188	12.738
1099.303	12.740
1100.484	12.739
1101.736	12.735
1103.084	12.728
1104.545	12.717
1106.150	12.699
1107.907	12.676
1109.891	12.645
1112.057	12.606
1114.509	12.557
1117.160	12.500
1120.110	12.432
1123.230	12.357
1126.464	12.278
1129.821	12.194
1132.976	12.118
1136.052	12.044
1138.774	11.983
1141.187	11.933
1143.348	11.893
1145.125	11.867
1146.630	11.851
1147.884	11.845
1148.901	11.847
1149.766	11.855
1150.487	11.869
1151.098	11.886
1151.635	11.907
1152.086	11.931
1152.487	11.958
1152.853	11.985
1153.193	12.014
1153.511	12.044
1153.807	12.075
1154.089	12.106
1154.367	12.138
1154.639	12.170
1154.910	12.203
1155.192	12.235
1155.468	12.267
1155.768	12.299
1156.069	12.331
1156.384	12.363
1156.729	12.394
1157.091	12.424
1157.489	12.453
1157.905	12.482
1158.374	12.508
1158.873	12.534
1159.434	12.557
1160.058	12.578
1160.732	12.598
1161.483	12.614
1162.283	12.628
1163.172	12.639
1164.143	12.647
1165.154	12.653
1166.266	12.655
1167.388	12.656
1168.563	12.655
1169.786	12.652
1170.953	12.651
1172.209	12.646
1173.313	12.647
1174.492	12.645
1175.533	12.648
1176.571	12.651
1177.500	12.659
1178.387	12.667
1179.227	12.678
1179.998	12.692
1180.720	12.708
1181.402	12.725
1182.061	12.743
1182.708	12.763
1183.323	12.783
1183.968	12.803
1184.596	12.823
1185.283	12.842
1185.982	12.860
1186.736	12.876
1187.557	12.889
1188.432	12.901
1189.394	12.909
1190.427	12.914
1191.550	12.916
1192.770	12.913
1194.073	12.908
1195.433	12.899
1196.844	12.889
1198.281	12.877
1199.719	12.865
1201.188	12.851
1202.536	12.842
1203.894	12.833
1205.100	12.829
1206.274	12.826
1207.314	12.828
1208.245	12.834
1209.125	12.843
1209.861	12.857
1210.557	12.873
1211.134	12.894
1211.682	12.916
1212.146	12.942
1212.568	12.970
1212.946	12.999
1213.279	13.031
1213.594	13.063
1213.869	13.097
1214.137	13.132
1214.368	13.168
1214.608	13.205
1214.821	13.242
1215.037	13.280
1215.241	13.319
1215.448	13.357
1215.650	13.396
1215.850	13.435
1216.059	13.474
1216.263	13.514
1216.487	13.553
1216.702	13.592
1216.945	13.631
1217.189	13.669
1217.458	13.707
1217.742	13.744
1218.053	13.781
1218.400	13.816
1218.785	13.849
1219.232	13.880
1219.756	13.909
1220.381	13.933
1221.151	13.950
1222.091	13.961
1223.276	13.962
1224.752	13.950
1226.576	13.923
1228.818	13.879
1231.432	13.817
1234.435	13.739
1237.637	13.651
1241.018	13.555
1244.318	13.461
1247.353	13.377
1250.075	13.306
1252.351	13.254
1254.294	13.216
1255.855	13.194
1257.151	13.184
1258.230	13.183
1259.134	13.190
1259.942	13.202
1260.665	13.217
1261.341	13.234
1262.002	13.253
1262.620	13.273
1263.260	13.292
1263.892	13.312
1264.534	13.332
1265.201	13.350
1265.864	13.369
1266.577	13.386
1267.295	13.403
1268.060	13.418
1268.845	13.432
1269.658	13.445
1270.520	13.456
1271.417	13.466
1272.366	13.474
1273.338	13.481
1274.354	13.485
1275.412	13.488
1276.502	13.490
1277.647	13.490
1278.818	13.488
1280.021	13.485
1281.271	13.481
1282.540	13.475
1283.937	13.466
1285.373	13.454
1287.022	13.436
1288.828	13.412
1290.920	13.377
1293.367	13.330
1296.236	13.268
1299.474	13.192
1303.256	13.097
1307.210	12.994
1311.279	12.887
1315.416	12.777
1319.063	12.683
1322.373	12.602
1325.181	12.539
1327.442	12.495
1329.302	12.466
1330.814	12.449
1332.013	12.445
1333.048	12.446
1333.926	12.454
1334.700	12.465
1335.442	12.478
1336.158	12.492
1336.835	12.508
1337.584	12.521
1338.335	12.535
1339.099	12.548
1339.977	12.558
1340.838	12.568
1341.789	12.575
1342.801	12.580
1343.831	12.585
1344.956	12.586
1346.045	12.588
1347.246	12.586
1348.411	12.585
1349.583	12.584
1350.771	12.582
1351.886	12.583
1353.009	12.583
1354.037	12.586
1355.028	12.590
1355.946	12.597
1356.778	12.606
1357.542	12.618
1358.261	12.631
1358.891	12.648
1359.454	12.666
1359.994	12.686
1360.430	12.709
1360.863	12.733
1361.212	12.759
1361.534	12.787
1361.855	12.814
1362.102	12.845
1362.370	12.875
1362.583	12.907
1362.791	12.939
1362.990	12.972
1363.158	13.006
1363.350	13.040
1363.513	13.074
1363.680	13.109
1363.846	13.144
1364.006	13.179
1364.186	13.214
1364.357	13.249
1364.549	13.284
1364.745	13.319
1364.969	13.353
1365.210	13.386
1365.479	13.419
1365.785	13.450
1366.127	13.481
1366.554	13.508
1366.991	13.535
1367.563	13.558
1368.194	13.578
1368.963	13.593
1369.869	13.603
1370.911	13.608
1372.159	13.606
1373.639	13.595
1375.320	13.576
1377.181	13.551
1379.358	13.513
1381.568	13.474
1384.091	13.423
1386.550	13.374
1389.090	13.321
1391.564	13.271
1393.910	13.225
1396.042	13.186
1398.042	13.153
1399.766	13.129
1401.307	13.112
1402.687	13.101
1403.878	13.097
1404.911	13.098
1405.840	13.104
1406.615	13.115
1407.311	13.129
1407.936	13.146
1408.446	13.167
1408.987	13.187
1409.430	13.211
1409.846	13.235
1410.249	13.261
1410.591	13.289
1410.965	13.316
1411.318	13.344
1411.668	13.372
1412.028	13.400
1412.396	13.428
1412.783	13.455
1413.196	13.481
1413.648	13.506
1414.112	13.531
1414.667	13.553
1415.254	13.574
1415.896	13.592
1416.651	13.607
1417.417	13.621
1418.322	13.630
1419.267	13.638
1420.276	13.643
1421.433	13.642
1422.644	13.640
1423.865	13.636
1425.173	13.630
1426.462	13.624
1427.836	13.614
1429.235	13.604
1430.564	13.596
1431.990	13.585
1433.365	13.576
1434.791	13.565
1436.235	13.553
1437.727	13.540
1439.275	13.526
1440.932	13.507
1442.623	13.487
1444.466	13.462
1446.319	13.437
1448.296	13.407
1450.228	13.378
1452.220	13.348
1454.170	13.318
1455.937	13.294
1457.756	13.268
1459.309	13.252
1460.759	13.239
1462.049	13.231
1463.160	13.230
1464.161	13.233
1465.004	13.241
1465.734	13.253
1466.407	13.268
1466.991	13.286
1467.509	13.306
1467.980	13.328
1468.410	13.352
1468.831	13.376
1469.235	13.401
1469.648	13.426
1470.075	13.451
1470.521	13.475
1470.997	13.499
1471.531	13.520
1472.095	13.541
1472.741	13.559
1473.486	13.573
1474.259	13.587
1475.208	13.594
1476.207	13.600
1477.302	13.602
1478.589	13.597
1479.815	13.594
1481.233	13.584
1482.689	13.573
1484.145	13.561
1485.713	13.545
1487.176	13.533
1488.660	13.519
1490.045	13.509
1491.337	13.502
1492.560	13.497
1493.734	13.494
1494.779	13.496
1495.780	13.499
1496.718	13.505
1497.538	13.515
1498.366	13.524
1499.097	13.538
1499.817	13.551
1500.546	13.565
1501.210	13.581
1501.918	13.595
1502.606	13.610
1503.283	13.626
1504.006	13.640
1504.695	13.656
1505.422	13.670
1506.177	13.683
1506.951	13.695
1507.752	13.707
1508.578	13.718
1509.404	13.728
1510.250	13.738
1511.113	13.747
1511.965	13.757
1512.870	13.764
1513.781	13.772
1514.683	13.779
1515.599	13.787
1516.475	13.795
1517.378	13.803
1518.263	13.811
1519.129	13.820
1520.035	13.827
1520.919	13.836
1521.807	13.844
1522.709	13.852
1523.631	13.859
1524.558	13.866
1525.556	13.871
1526.583	13.875
1527.682	13.876
1528.906	13.873
1530.187	13.868
1531.625	13.858
1533.209	13.843
1534.936	13.823
1536.814	13.798
1538.913	13.765
1541.092	13.729
1543.434	13.688
1545.922	13.641
1548.362	13.596
1550.853	13.549
1553.286	13.503
1555.594	13.462
1557.810	13.424
1559.938	13.390
1561.863	13.362
1563.708	13.337
1565.517	13.314
1567.168	13.297
1568.858	13.278
1570.589	13.259
1572.298	13.241
1574.140	13.219
1576.073	13.195
1578.091	13.168
1580.252	13.137
1582.500	13.103
1584.841	13.066
1587.223	13.028
1589.613	12.989
1591.890	12.953
1594.119	12.919
1596.173	12.889
1597.929	12.869
1599.653	12.849
1601.108	12.837
1602.309	12.834
1603.473	12.831
1604.385	12.836
1605.149	12.845
1605.856	12.857
1606.426	12.873
1606.917	12.891
1607.367	12.911
1607.748	12.932
1608.083	12.956
1608.402	12.980
1608.687	13.005
1608.941	13.032
1609.202	13.058
1609.440	13.085
1609.669	13.113
1609.913	13.140
1610.141	13.167
1610.374	13.195
1610.619	13.223
1610.857	13.250
1611.104	13.278
1611.366	13.305
1611.630	13.333
1611.902	13.360
1612.204	13.386
1612.512	13.412
1612.817	13.439
1613.173	13.464
1613.534	13.488
1613.863	13.514
1614.263	13.538
1614.637	13.562
1615.033	13.586
1615.489	13.608
1615.882	13.632
1616.350	13.654
1616.853	13.674
1617.256	13.698
1617.767	13.718
1618.257	13.739
1618.725	13.761
1619.270	13.780
1619.743	13.802
1620.242	13.823
1620.767	13.843
1621.264	13.864
1621.815	13.883
1622.344	13.903
1622.898	13.923
1623.460	13.942
1624.048	13.960
1624.690	13.977
1625.327	13.993
1626.045	14.008
1626.817	14.020
1627.693	14.030
1628.677	14.035
1629.795	14.037
1631.112	14.032
1632.590	14.022
1634.354	14.002
1636.409	13.974
1638.865	13.932
1641.635	13.880
1644.735	13.817
1648.320	13.739
1652.015	13.657
1655.820	13.572
1659.770	13.481
1663.476	13.398
1666.793	13.327
1669.886	13.263
1672.548	13.213
1674.693	13.178
1676.590	13.152
1678.156	13.135
1679.375	13.130
1680.418	13.131
1681.298	13.136
1681.980	13.148
1682.566	13.163
1683.073	13.180
1683.484	13.201
1683.839	13.223
1684.172	13.247
1684.462	13.271
1684.716	13.297
1684.975	13.323
1685.216	13.350
1685.439	13.377
1685.685	13.404
1685.929	13.431
1686.177	13.458
1686.461	13.485
1686.768	13.510
1687.102	13.535
1687.490	13.558
1687.958	13.580
1688.472	13.600
1689.085	13.617
1689.857	13.629
1690.752	13.638
1691.856	13.641
1693.228	13.636
1694.863	13.623
1696.859	13.599
1699.172	13.566
1701.913	13.520
1705.053	13.461
1708.322	13.399
1711.903	13.327
1715.613	13.251
1719.132	13.180
1722.567	13.111
1725.768	13.049
1728.580	12.998
1731.077	12.957
1733.252	12.925
1735.192	12.900
1736.807	12.885
1738.246	12.875
1739.632	12.866
1740.797	12.864
1741.838	12.866
1742.914	12.867
1743.862	12.872
1744.710	12.879
1745.603	12.885
1746.441	12.893
1747.213	12.903
1747.990	12.912
1748.746	12.922
1749.437	12.934
1750.105	12.946
1750.790	12.958
1751.421	12.972
1752.034	12.986
1752.601	13.001
1753.156	13.017
1753.699	13.033
1754.172	13.051
1754.649	13.069
1755.113	13.087
1755.504	13.108
1755.908	13.128
1756.295	13.149
1756.623	13.171
1756.968	13.193
1757.286	13.216
1757.567	13.240
1757.853	13.264
1758.121	13.288
1758.359	13.314
1758.600	13.339
1758.821	13.366
1759.028	13.392
1759.236	13.419
1759.424	13.446
1759.606	13.474
1759.792	13.502
1759.956	13.530
1760.119	13.559
1760.290	13.587
1760.437	13.617
1760.590	13.646
1760.746	13.675
1760.886	13.705
1761.038	13.735
1761.185	13.764
1761.325	13.795
1761.481	13.824
1761.620	13.855
1761.763	13.885
1761.915	13.916
1762.056	13.946
1762.206	13.977
1762.364	14.007
1762.519	14.038
1762.687	14.068
1762.857	14.099
1763.036	14.129
1763.236	14.159
1763.429	14.189
1763.647	14.218
1763.891	14.247
1764.138	14.276
1764.452	14.302
1764.813	14.328
1765.244	14.351
1765.841	14.370
1766.568	14.385
1767.592	14.391
1769.096	14.384
1771.100	14.361
1774.038	14.311
1778.170	14.225
1783.588	14.101
1790.454	13.933
1798.265	13.737
1806.688	13.521
1814.410	13.324
1820.882	13.164
1826.179	13.038
1830.036	12.954
1832.780	12.903
1834.710	12.876
1836.208	12.862
1837.323	12.860
1838.119	12.867
1838.794	12.878
1839.455	12.890
1839.970	12.905
1840.412	12.923
1840.966	12.938
1841.464	12.954
1841.888	12.973
1842.365	12.990
1842.876	13.007
1843.318	13.025
1843.780	13.042
1844.305	13.059
1844.802	13.076
1845.293	13.093
1845.827	13.109
1846.349	13.125
1846.885	13.141
1847.430	13.157
1847.983	13.172
1848.593	13.186
1849.181	13.201
1849.753	13.216
1850.401	13.229
1851.045	13.243
1851.611	13.258
1852.272	13.271
1852.995	13.282
1853.580	13.296
1854.212	13.310
1854.944	13.321
1855.535	13.335
1856.132	13.350
1856.845	13.361
1857.449	13.375
1858.001	13.391
1858.637	13.404
1859.213	13.419
1859.712	13.436
1860.257	13.452
1860.790	13.468
1861.231	13.487
1861.691	13.505
1862.158	13.524
1862.552	13.544
1862.954	13.564
1863.339	13.585
1863.688	13.606
1864.036	13.628
1864.355	13.651
1864.667	13.674
1864.972	13.697
1865.241	13.722
1865.526	13.746
1865.798	13.770
1866.040	13.796
1866.309	13.821
1866.563	13.846
1866.790	13.872
1867.054	13.897
1867.309	13.923
1867.535	13.949
1867.802	13.975
1868.068	14.000
1868.307	14.026
1868.588	14.052
1868.876	14.077
1869.146	14.102
1869.456	14.127
1869.781	14.151
1870.093	14.176
1870.445	14.199
1870.824	14.222
1871.195	14.245
1871.588	14.267
1872.032	14.288
1872.485	14.309
1872.944	14.330
1873.471	14.348
1874.026	14.366
1874.571	14.384
1875.217	14.399
1875.886	14.413
1876.547	14.427
1877.344	14.438
1878.146	14.448
1878.980	14.457
1880.009	14.461
1881.100	14.462
1882.327	14.460
1883.788	14.450
1885.414	14.436
1887.398	14.411
1889.596	14.380
1892.114	14.339
1895.119	14.284
1898.271	14.224
1901.733	14.154
1905.402	14.078
1909.037	14.003
1912.591	13.929
1915.806	13.865
1918.780	13.809
1921.415	13.762
1923.542	13.730
1925.433	13.705
1927.041	13.689
1928.324	13.682
1929.483	13.680
1930.498	13.681
1931.364	13.687
1932.203	13.695
1932.996	13.703
1933.728	13.714
1934.502	13.724
1935.278	13.733
1936.033	13.744
1936.857	13.752
1937.749	13.759
1938.631	13.766
1939.544	13.772
1940.543	13.775
1941.569	13.778
1942.592	13.781
1943.660	13.782
1944.793	13.782
1945.889	13.783
1946.943	13.784
1948.080	13.783
1949.179	13.784
1950.175	13.787
1951.210	13.789
1952.223	13.791
1953.110	13.797
1953.997	13.803
1954.878	13.809
1955.645	13.818
1956.375	13.829
1957.121	13.839
1957.794	13.851
1958.402	13.865
1959.018	13.878
1959.604	13.893
1960.124	13.909
1960.656	13.926
1961.189	13.942
1961.661	13.960
1962.120	13.979
1962.610	13.996
1963.072	14.015
1963.482	14.035
1963.937	14.054
1964.391	14.072
1964.779	14.093
1965.208	14.113
1965.650	14.132
1966.026	14.154
1966.439	14.174
1966.865	14.194
1967.235	14.216
1967.640	14.236
1968.053	14.257
1968.424	14.279
1968.823	14.300
1969.230	14.320
1969.605	14.342
1970.003	14.363
1970.405	14.385
1970.784	14.406
1971.194	14.427
1971.591	14.449
1971.986	14.470
1972.410	14.491
1972.820	14.512
1973.247	14.533
1973.685	14.554
1974.120	14.574
1974.580	14.594
1975.030	14.614
1975.497	14.634
1975.980	14.653
1976.438	14.673
1976.937	14.692
1977.432	14.711
1977.908	14.731
1978.444	14.748
1978.942	14.767
1979.430	14.786
1979.995	14.803
1980.476	14.823
1980.967	14.842
1981.540	14.859
1981.984	14.879
1982.448	14.899
1982.972	14.918
1983.410	14.939
1983.853	14.960
1984.327	14.979
1984.753	15.001
1985.167	15.023
1985.597	15.044
1985.981	15.067
1986.347	15.091
1986.745	15.114
1987.081	15.138
1987.404	15.164
1987.764	15.188
1988.053	15.214
1988.352	15.241
1988.667	15.266
1988.906	15.295
1989.202	15.321
1989.467	15.349
1989.642	15.380
1989.928	15.407
1990.152	15.437
1990.327	15.468
1990.586	15.496
1990.762	15.528
1990.949	15.559
1991.156	15.589
1991.276	15.623
1991.468	15.654
1991.632	15.686
1991.742	15.720
1991.937	15.752
1992.047	15.786
1992.172	15.821
1992.320	15.854
1992.392	15.890
1992.547	15.924
1992.642	15.960
1992.720	15.996
1992.851	16.031
1992.906	16.069
1993.021	16.104
1993.098	16.141
1993.150	16.179
1993.258	16.216
1993.295	16.255
1993.391	16.292
1993.448	16.330
1993.489	16.370
1993.570	16.408
1993.588	16.448
1993.673	16.486
1993.709	16.527
1993.755	16.567
1993.808	16.607
1993.813	16.648
1993.890	16.688
1993.906	16.730
1993.958	16.770
1993.987	16.812
1994.014	16.854
1994.055	16.895
1994.053	16.939
1994.112	16.980
1994.121	17.023
1994.162	17.066
1994.181	17.109
1994.205	17.152
1994.230	17.196
1994.236	17.240
1994.272	17.283
1994.269	17.329
1994.310	17.372
1994.314	17.417
1994.343	17.462
1994.353	17.507
1994.373	17.552
1994.389	17.598
1994.401	17.644
1994.420	17.689
1994.426	17.736
1994.448	17.782
1994.445	17.829
1994.473	17.876
1994.466	17.924
1994.496	17.970
1994.492	18.018
1994.517	18.065
1994.516	18.114
1994.538	18.162
1994.537	18.211
1994.557	18.259
1994.558	18.308
1994.575	18.357
1994.577	18.406
1994.593	18.456
1994.594	18.506
1994.610	18.555
1994.610	18.606
1994.626	18.656
1994.626	18.707
1994.642	18.758
1994.641	18.809
1994.657	18.860
1994.654	18.913
1994.672	18.964
1994.666	19.017
1994.685	19.068
1994.680	19.122
1994.696	19.174
1994.695	19.227
1994.707	19.280
1994.709	19.334
1994.717	19.388
1994.723	19.442
1994.727	19.496
1994.736	19.551
1994.736	19.606
1994.749	19.660
1994.743	19.716
1994.757	19.771
1994.756	19.827
1994.765	19.883
1994.769	19.940
1994.773	19.996
1994.781	20.053
1994.777	20.110
1994.790	20.167
1994.788	20.225
1994.797	20.283
1994.801	20.341
1994.803	20.399
1994.811	20.458
1994.807	20.517
1994.818	20.576
1994.820	20.636
1994.823	20.695
1994.830	20.755
1994.826	20.816
1994.836	20.876
1994.838	20.937
1994.839	20.998
1994.847	21.060
1994.845	21.122
1994.852	21.183
1994.857	21.245
1994.852	21.309
1994.862	21.371
1994.864	21.434
1994.864	21.498
1994.871	21.561
1994.870	21.625
1994.874	21.690
1994.879	21.754
1994.878	21.819
1994.883	21.884
1994.887	21.949
1994.885	22.015
1994.890	22.081
1994.894	22.148
1994.892	22.215
1994.897	22.281
1994.901	22.349
1994.900	22.416
1994.903	22.484
1994.907	22.552
1994.907	22.621
1994.909	22.690
1994.913	22.759
1994.914	22.828
1994.914	22.898
1994.919	22.968
1994.921	23.039
1994.919	23.110
1994.923	23.180
1994.926	23.252
1994.927	23.324
1994.927	23.396
1994.930	23.468
1994.933	23.541
1994.932	23.614
1994.934	23.687
1994.937	23.761
1994.939	23.835
1994.937	23.909
1994.940	23.984
1994.943	24.059
