<j>	<F>
1.716	13.518
2.960	11.743
4.047	11.393
4.957	12.595
6.172	14.502
7.912	10.094
9.006	10.281
9.970	10.793
10.841	11.751
11.952	12.622
13.756	11.215
15.107	10.254
16.114	10.515
17.006	11.004
17.869	11.682
18.971	12.152
20.544	11.608
21.913	10.893
22.739	11.207
23.360	12.007
23.907	13.100
24.561	14.292
25.799	14.653
28.065	12.987
30.366	11.227
32.022	10.478
33.186	10.378
34.126	10.552
34.923	10.862
35.585	11.314
36.132	11.925
36.606	12.698
37.102	13.581
37.858	14.331
39.439	14.177
41.904	12.650
43.649	11.668
44.555	11.740
45.287	12.119
46.090	12.482
47.018	12.725
48.005	12.867
48.934	13.027
49.744	13.297
50.434	13.698
51.030	14.234
51.622	14.855
52.402	15.350
53.564	15.397
54.972	15.022
56.196	14.780
57.235	14.838
58.468	14.823
60.212	14.341
62.190	13.543
63.773	13.044
64.930	12.947
65.891	13.040
66.785	13.207
67.732	13.378
68.980	13.413
70.935	13.054
73.641	12.201
76.137	11.364
77.717	11.013
78.650	11.042
79.303	11.244
79.844	11.522
80.343	11.840
80.837	12.179
81.362	12.522
81.954	12.846
82.646	13.126
83.465	13.337
84.433	13.467
85.638	13.486
87.325	13.291
89.763	12.740
92.586	11.947
94.808	11.367
96.110	11.197
96.860	11.298
97.373	11.526
97.789	11.814
98.170	12.134
98.547	12.476
98.965	12.820
99.483	13.142
100.194	13.396
101.236	13.507
102.711	13.406
104.542	13.108
106.437	12.752
108.121	12.486
109.596	12.331
110.971	12.237
112.315	12.161
113.623	12.094
114.814	12.060
115.846	12.078
116.703	12.164
117.450	12.300
118.167	12.461
118.944	12.614
119.854	12.724
120.937	12.769
122.149	12.751
123.374	12.711
124.486	12.699
125.428	12.747
126.222	12.858
126.943	13.010
127.694	13.167
128.602	13.284
129.819	13.301
131.442	13.166
133.359	12.899
135.202	12.621
136.624	12.468
137.586	12.478
138.231	12.613
138.747	12.813
139.260	13.033
139.886	13.232
140.738	13.365
141.912	13.392
143.455	13.285
145.229	13.079
147.002	12.855
148.547	12.696
149.825	12.625
150.888	12.628
151.810	12.682
152.669	12.763
153.518	12.854
154.449	12.931
155.567	12.964
157.011	12.915
158.935	12.738
161.320	12.433
163.922	12.058
166.324	11.720
168.211	11.507
169.615	11.416
170.666	11.417
171.506	11.476
172.244	11.563
172.913	11.670
173.544	11.788
174.156	11.911
174.724	12.046
175.279	12.188
175.816	12.338
176.376	12.488
177.008	12.628
177.780	12.741
178.791	12.802
180.150	12.779
181.841	12.669
183.771	12.486
185.679	12.292
187.319	12.152
188.616	12.092
189.636	12.100
190.461	12.161
191.182	12.250
191.858	12.354
192.504	12.467
193.135	12.584
193.769	12.703
194.378	12.829
194.988	12.956
195.608	13.086
196.277	13.209
197.081	13.308
198.161	13.353
199.710	13.298
201.938	13.092
204.856	12.725
208.012	12.291
210.825	11.919
212.958	11.685
214.450	11.586
215.487	11.582
216.226	11.641
216.767	11.742
217.187	11.870
217.528	12.018
217.812	12.182
218.068	12.357
218.310	12.541
218.556	12.729
218.825	12.918
219.127	13.105
219.493	13.284
219.952	13.448
220.533	13.588
221.267	13.694
222.176	13.757
223.238	13.780
224.361	13.781
225.476	13.775
226.505	13.784
227.366	13.832
228.078	13.919
228.689	14.035
229.241	14.171
229.805	14.312
230.461	14.439
231.348	14.520
232.664	14.510
234.652	14.350
237.458	14.000
240.796	13.517
243.944	13.062
246.371	12.758
248.092	12.608
249.322	12.567
250.276	12.587
251.075	12.641
251.761	12.718
252.379	12.809
252.943	12.913
253.481	13.025
254.011	13.141
254.554	13.258
255.154	13.367
255.846	13.462
256.669	13.534
257.671	13.571
258.889	13.567
260.325	13.518
261.951	13.429
263.693	13.312
265.431	13.192
267.058	13.090
268.514	13.018
269.759	12.985
270.819	12.986
271.722	13.018
272.517	13.072
273.238	13.143
273.932	13.222
274.648	13.299
275.422	13.369
276.284	13.424
277.241	13.462
278.315	13.477
279.471	13.473
280.645	13.463
281.767	13.458
282.804	13.466
283.723	13.496
284.537	13.547
285.287	13.613
286.049	13.683
286.937	13.739
288.103	13.752
289.710	13.693
291.865	13.540
294.496	13.297
297.268	13.017
299.699	12.782
301.534	12.640
302.789	12.594
303.634	12.620
304.215	12.693
304.656	12.794
305.012	12.911
305.324	13.039
305.615	13.173
305.894	13.312
306.168	13.455
306.438	13.600
306.712	13.748
307.002	13.897
307.324	14.043
307.689	14.184
308.122	14.317
308.654	14.434
309.343	14.525
310.257	14.577
311.451	14.577
312.947	14.519
314.742	14.401
316.674	14.251
318.564	14.101
320.250	13.985
321.660	13.918
322.833	13.895
323.840	13.907
324.799	13.934
325.847	13.954
327.168	13.940
328.993	13.858
331.587	13.665
335.041	13.344
339.036	12.937
342.815	12.551
345.764	12.278
347.826	12.130
349.261	12.073
350.349	12.070
351.270	12.092
352.139	12.126
353.007	12.161
353.910	12.193
354.852	12.220
355.845	12.241
356.892	12.254
357.926	12.267
358.928	12.283
359.868	12.306
360.756	12.334
361.587	12.369
362.345	12.413
363.039	12.466
363.708	12.523
364.353	12.584
365.010	12.646
365.712	12.703
366.478	12.754
367.317	12.796
368.255	12.826
369.289	12.844
370.440	12.846
371.683	12.836
372.957	12.819
374.227	12.801
375.452	12.787
376.582	12.784
377.634	12.790
378.604	12.806
379.461	12.837
380.244	12.877
380.954	12.927
381.617	12.984
382.234	13.048
382.825	13.116
383.393	13.187
383.938	13.263
384.486	13.339
385.037	13.416
385.609	13.491
386.222	13.562
386.889	13.627
387.649	13.682
388.534	13.721
389.606	13.737
390.910	13.724
392.531	13.669
394.469	13.573
396.654	13.441
398.932	13.294
401.107	13.155
403.037	13.043
404.635	12.972
405.910	12.942
406.894	12.949
407.674	12.984
408.314	13.038
408.882	13.103
409.411	13.174
409.938	13.247
410.464	13.322
411.027	13.393
411.605	13.463
412.234	13.527
412.909	13.586
413.635	13.639
414.412	13.685
415.231	13.725
416.089	13.760
416.971	13.792
417.884	13.819
418.801	13.845
419.728	13.869
420.666	13.892
421.597	13.916
422.531	13.940
423.490	13.961
424.490	13.978
425.554	13.988
426.741	13.985
428.119	13.960
429.807	13.902
431.921	13.796
434.583	13.629
437.787	13.400
441.322	13.132
444.805	12.866
447.846	12.646
450.234	12.496
452.000	12.414
453.251	12.387
454.146	12.401
454.803	12.440
455.286	12.500
455.658	12.573
455.961	12.655
456.218	12.743
456.451	12.835
456.671	12.930
456.891	13.027
457.141	13.123
457.430	13.216
457.780	13.304
458.218	13.385
458.786	13.454
459.562	13.503
460.628	13.522
462.038	13.504
463.887	13.439
466.137	13.329
468.659	13.186
471.244	13.031
473.615	12.894
475.640	12.791
477.226	12.732
478.426	12.714
479.329	12.727
480.015	12.765
480.559	12.818
481.004	12.883
481.377	12.957
481.702	13.037
482.002	13.120
482.282	13.207
482.544	13.296
482.795	13.388
483.031	13.483
483.263	13.580
483.502	13.678
483.769	13.773
484.085	13.866
484.471	13.953
484.988	14.029
485.773	14.080
487.016	14.088
489.045	14.018
492.223	13.834
496.713	13.516
502.056	13.105
507.167	12.707
511.184	12.410
513.883	12.240
515.585	12.168
516.658	12.160
517.385	12.187
517.935	12.233
518.402	12.288
518.838	12.347
519.270	12.407
519.716	12.468
520.183	12.527
520.678	12.584
521.202	12.639
521.752	12.692
522.328	12.743
522.948	12.790
523.615	12.834
524.334	12.873
525.116	12.907
525.974	12.935
526.921	12.955
527.967	12.967
529.155	12.968
530.536	12.952
532.139	12.917
533.970	12.862
536.000	12.789
538.166	12.703
540.354	12.612
542.416	12.530
544.244	12.467
545.818	12.424
547.142	12.401
548.226	12.399
549.107	12.415
549.831	12.444
550.438	12.485
550.957	12.534
551.418	12.588
551.842	12.647
552.250	12.707
552.646	12.769
553.051	12.832
553.459	12.894
553.878	12.956
554.310	13.018
554.756	13.079
555.213	13.139
555.686	13.198
556.188	13.256
556.718	13.311
557.279	13.363
557.871	13.413
558.498	13.460
559.163	13.503
559.858	13.544
560.580	13.583
561.360	13.618
562.230	13.644
563.229	13.661
564.429	13.661
565.957	13.635
567.984	13.569
570.702	13.448
574.283	13.258
578.629	13.004
583.386	12.715
587.997	12.435
591.860	12.211
594.773	12.060
596.820	11.977
598.206	11.946
599.129	11.952
599.759	11.982
600.208	12.027
600.546	12.081
600.805	12.142
601.013	12.207
601.195	12.276
601.355	12.347
601.502	12.419
601.635	12.494
601.763	12.570
601.892	12.646
602.020	12.724
602.147	12.802
602.276	12.881
602.408	12.961
602.548	13.041
602.698	13.121
602.860	13.201
603.040	13.281
603.238	13.360
603.460	13.438
603.714	13.513
604.007	13.587
604.347	13.657
604.748	13.723
605.218	13.783
605.769	13.836
606.419	13.881
607.171	13.917
608.035	13.943
608.977	13.962
609.996	13.973
611.095	13.976
612.256	13.972
613.463	13.964
614.705	13.953
615.982	13.940
617.311	13.922
618.740	13.898
620.346	13.860
622.194	13.804
624.344	13.723
626.778	13.618
629.421	13.495
632.167	13.361
634.761	13.237
637.053	13.136
638.965	13.065
640.499	13.025
641.721	13.011
642.712	13.016
643.562	13.035
644.341	13.060
645.112	13.088
645.924	13.114
646.792	13.136
647.734	13.152
648.758	13.162
649.863	13.166
651.012	13.165
652.180	13.162
653.371	13.157
654.512	13.154
655.574	13.157
656.544	13.166
657.423	13.183
658.219	13.205
658.922	13.235
659.544	13.272
660.104	13.314
660.623	13.360
661.119	13.408
661.597	13.458
662.069	13.510
662.556	13.560
663.066	13.609
663.597	13.657
664.162	13.703
664.763	13.746
665.406	13.785
666.088	13.822
666.792	13.856
667.512	13.889
668.238	13.921
668.965	13.953
669.696	13.985
670.408	14.017
671.090	14.052
671.735	14.091
672.336	14.133
672.895	14.178
673.416	14.228
673.900	14.280
674.354	14.336
674.782	14.395
675.201	14.456
675.625	14.516
676.069	14.576
676.558	14.633
677.133	14.684
677.852	14.723
678.805	14.745
680.128	14.737
682.012	14.684
684.661	14.569
688.168	14.383
692.433	14.135
697.025	13.856
701.389	13.592
705.031	13.384
707.787	13.245
709.755	13.169
711.151	13.138
712.145	13.140
712.884	13.162
713.479	13.196
713.976	13.239
714.411	13.286
714.808	13.338
715.202	13.390
715.599	13.443
716.021	13.494
716.473	13.544
716.966	13.592
717.523	13.635
718.159	13.673
718.890	13.705
719.741	13.728
720.726	13.741
721.859	13.744
723.152	13.734
724.588	13.714
726.133	13.684
727.771	13.648
729.461	13.606
731.129	13.565
732.724	13.529
734.253	13.498
735.680	13.473
736.986	13.458
738.182	13.450
739.309	13.448
740.381	13.451
741.413	13.456
742.445	13.463
743.492	13.468
744.584	13.472
745.729	13.471
746.922	13.468
748.218	13.458
749.576	13.444
751.011	13.424
752.552	13.397
754.175	13.365
755.886	13.327
757.684	13.284
759.553	13.237
761.531	13.184
763.647	13.123
765.873	13.056
768.243	12.980
770.694	12.899
773.174	12.817
775.673	12.734
777.994	12.661
780.216	12.594
782.225	12.539
784.027	12.496
785.577	12.468
786.878	12.455
788.042	12.450
789.021	12.456
789.881	12.469
790.618	12.490
791.238	12.518
791.805	12.549
792.294	12.585
792.730	12.624
793.114	12.667
793.448	12.713
793.772	12.760
794.059	12.810
794.306	12.862
794.559	12.915
794.797	12.969
795.017	13.024
795.249	13.080
795.482	13.135
795.727	13.191
796.004	13.245
796.303	13.298
796.652	13.349
797.069	13.396
797.568	13.439
798.170	13.476
798.913	13.504
799.839	13.521
800.979	13.525
802.326	13.515
803.938	13.489
805.781	13.447
807.813	13.392
809.969	13.328
812.125	13.263
814.200	13.202
816.099	13.151
817.809	13.110
819.272	13.086
820.519	13.074
821.598	13.074
822.535	13.083
823.364	13.099
824.128	13.120
824.869	13.143
825.616	13.166
826.410	13.188
827.266	13.206
828.232	13.218
829.294	13.224
830.501	13.223
831.864	13.211
833.311	13.195
834.916	13.168
836.592	13.137
838.331	13.101
839.971	13.070
841.540	13.042
843.034	13.019
844.354	13.005
845.564	12.997
846.605	12.999
847.496	13.011
848.314	13.026
849.013	13.049
849.637	13.077
850.205	13.109
850.727	13.143
851.233	13.179
851.692	13.218
852.148	13.257
852.609	13.297
853.055	13.337
853.531	13.376
854.010	13.415
854.501	13.454
855.031	13.491
855.570	13.527
856.141	13.561
856.739	13.594
857.352	13.626
858.017	13.654
858.681	13.683
859.357	13.711
860.067	13.737
860.776	13.762
861.489	13.788
862.209	13.813
862.920	13.838
863.632	13.864
864.360	13.889
865.063	13.915
865.775	13.941
866.506	13.965
867.242	13.990
867.987	14.014
868.769	14.036
869.563	14.057
870.384	14.076
871.248	14.093
872.137	14.108
873.049	14.122
874.024	14.131
875.019	14.139
876.042	14.146
877.138	14.147
878.277	14.147
879.483	14.142
880.804	14.130
882.219	14.113
883.749	14.088
885.437	14.054
887.251	14.012
889.197	13.962
891.226	13.906
893.352	13.844
895.435	13.783
897.449	13.727
899.331	13.678
901.012	13.641
902.583	13.610
903.919	13.594
905.074	13.588
906.082	13.592
906.930	13.605
907.670	13.625
908.305	13.651
908.856	13.683
909.357	13.719
909.787	13.758
910.172	13.801
910.538	13.846
910.881	13.892
911.204	13.940
911.527	13.989
911.861	14.037
912.212	14.085
912.594	14.131
913.035	14.174
913.561	14.213
914.178	14.247
914.935	14.272
915.890	14.286
917.099	14.285
918.613	14.266
920.409	14.229
922.611	14.167
925.099	14.087
927.749	13.996
930.498	13.897
933.143	13.804
935.608	13.720
937.732	13.656
939.579	13.609
941.098	13.581
942.350	13.569
943.416	13.568
944.276	13.580
945.070	13.596
945.752	13.619
946.357	13.647
946.922	13.677
947.442	13.711
947.962	13.745
948.462	13.780
948.963	13.815
949.484	13.850
950.037	13.883
950.630	13.914
951.264	13.944
951.984	13.968
952.778	13.989
953.655	14.004
954.672	14.012
955.837	14.011
957.082	14.006
958.502	13.990
960.040	13.968
961.659	13.940
963.379	13.906
965.166	13.869
967.015	13.827
968.848	13.787
970.718	13.745
972.599	13.703
974.499	13.660
976.412	13.617
978.370	13.573
980.425	13.524
982.516	13.473
984.715	13.418
986.976	13.360
989.280	13.300
991.610	13.239
993.973	13.176
996.204	13.120
998.414	13.065
1000.459	13.018
1002.371	12.977
1004.089	12.946
1005.651	12.922
1007.019	12.908
1008.265	12.900
1009.331	12.901
1010.300	12.907
1011.131	12.920
1011.889	12.936
1012.570	12.956
1013.198	12.979
1013.792	13.004
1014.339	13.032
1014.871	13.060
1015.393	13.090
1015.885	13.120
1016.388	13.151
1016.867	13.183
1017.378	13.213
1017.886	13.244
1018.424	13.273
1018.977	13.302
1019.542	13.330
1020.141	13.357
1020.790	13.382
1021.480	13.405
1022.239	13.424
1023.038	13.442
1023.920	13.455
1024.909	13.464
1025.982	13.468
1027.179	13.466
1028.447	13.460
1029.870	13.447
1031.362	13.430
1032.975	13.407
1034.562	13.384
1036.233	13.357
1037.842	13.332
1039.432	13.308
1040.935	13.288
1042.315	13.274
1043.612	13.264
1044.807	13.259
1045.891	13.259
1046.889	13.264
1047.798	13.273
1048.666	13.285
1049.439	13.301
1050.199	13.318
1050.916	13.337
1051.618	13.357
1052.343	13.377
1053.038	13.398
1053.801	13.416
1054.535	13.436
1055.348	13.452
1056.205	13.466
1057.123	13.477
1058.146	13.483
1059.228	13.487
1060.443	13.484
1061.776	13.476
1063.200	13.463
1064.764	13.443
1066.392	13.420
1068.131	13.392
1069.978	13.358
1071.854	13.323
1073.818	13.284
1075.756	13.247
1077.731	13.207
1079.734	13.167
1081.684	13.129
1083.651	13.090
1085.565	13.054
1087.414	13.021
1089.251	12.988
1090.941	12.962
1092.581	12.938
1094.038	12.921
1095.413	12.909
1096.602	12.904
1097.703	12.904
1098.684	12.909
1099.563	12.918
1100.371	12.931
1101.086	12.949
1101.764	12.968
1102.376	12.990
1102.969	13.013
1103.532	13.038
1104.100	13.063
1104.654	13.088
1105.221	13.113
1105.798	13.138
1106.388	13.163
1106.996	13.186
1107.624	13.209
1108.262	13.232
1108.925	13.253
1109.605	13.274
1110.314	13.293
1111.024	13.312
1111.775	13.329
1112.501	13.348
1113.282	13.363
1114.003	13.382
1114.773	13.398
1115.483	13.417
1116.249	13.434
1116.982	13.452
1117.750	13.468
1118.515	13.485
1119.297	13.501
1120.101	13.517
1120.922	13.531
1121.782	13.544
1122.709	13.554
1123.687	13.562
1124.791	13.564
1125.966	13.564
1127.339	13.554
1128.838	13.540
1130.600	13.513
1132.504	13.481
1134.710	13.435
1137.139	13.380
1139.834	13.313
1142.726	13.237
1145.709	13.157
1148.708	13.076
1151.562	13.001
1154.267	12.932
1156.701	12.874
1158.779	12.831
1160.597	12.798
1162.103	12.779
1163.385	12.770
1164.420	12.771
1165.314	12.779
1166.052	12.793
1166.661	12.812
1167.196	12.835
1167.637	12.863
1168.044	12.892
1168.399	12.923
1168.726	12.956
1169.031	12.990
1169.323	13.024
1169.604	13.060
1169.876	13.096
1170.162	13.131
1170.434	13.168
1170.739	13.203
1171.038	13.239
1171.385	13.273
1171.734	13.307
1172.142	13.338
1172.576	13.369
1173.077	13.398
1173.642	13.423
1174.284	13.446
1175.027	13.464
1175.890	13.477
1176.859	13.486
1178.021	13.487
1179.292	13.483
1180.779	13.469
1182.375	13.450
1184.157	13.424
1186.053	13.392
1187.997	13.357
1190.030	13.318
1192.015	13.281
1194.003	13.244
1195.874	13.211
1197.660	13.182
1199.322	13.158
1200.844	13.140
1202.268	13.126
1203.548	13.118
1204.760	13.113
1205.882	13.113
1206.935	13.115
1207.959	13.119
1208.922	13.125
1209.883	13.131
1210.785	13.140
1211.714	13.148
1212.617	13.158
1213.527	13.166
1214.418	13.176
1215.318	13.185
1216.211	13.195
1217.113	13.204
1217.996	13.214
1218.885	13.224
1219.739	13.235
1220.588	13.246
1221.390	13.259
1222.182	13.272
1222.938	13.287
1223.662	13.303
1224.349	13.321
1225.031	13.339
1225.645	13.359
1226.270	13.380
1226.836	13.403
1227.430	13.425
1227.991	13.449
1228.606	13.471
1229.240	13.493
1229.970	13.511
1230.808	13.525
1231.823	13.532
1233.062	13.531
1234.625	13.517
1236.584	13.488
1239.005	13.441
1242.029	13.370
1245.432	13.284
1249.362	13.176
1253.394	13.063
1257.393	12.950
1261.206	12.843
1264.525	12.755
1267.262	12.689
1269.546	12.641
1271.242	12.615
1272.645	12.601
1273.693	12.601
1274.508	12.610
1275.183	12.624
1275.679	12.646
1276.112	12.670
1276.452	12.698
1276.738	12.729
1277.002	12.760
1277.212	12.794
1277.413	12.828
1277.587	12.863
1277.750	12.899
1277.903	12.936
1278.036	12.973
1278.179	13.011
1278.318	13.049
1278.441	13.087
1278.577	13.125
1278.697	13.165
1278.833	13.203
1278.961	13.242
1279.099	13.282
1279.244	13.321
1279.378	13.360
1279.544	13.399
1279.685	13.438
1279.863	13.477
1280.028	13.516
1280.219	13.554
1280.410	13.593
1280.618	13.631
1280.841	13.669
1281.066	13.706
1281.331	13.742
1281.588	13.779
1281.885	13.814
1282.174	13.850
1282.507	13.884
1282.833	13.918
1283.205	13.950
1283.566	13.983
1283.974	14.014
1284.383	14.046
1284.816	14.076
1285.261	14.105
1285.723	14.134
1286.190	14.163
1286.671	14.191
1287.149	14.219
1287.636	14.247
1288.115	14.276
1288.591	14.304
1289.049	14.334
1289.499	14.363
1289.944	14.394
1290.373	14.425
1290.805	14.455
1291.213	14.488
1291.637	14.519
1292.034	14.552
1292.462	14.584
1292.868	14.617
1293.321	14.648
1293.774	14.679
1294.308	14.707
1294.918	14.732
1295.654	14.752
1296.575	14.763
1297.731	14.765
1299.198	14.752
1301.069	14.721
1303.352	14.671
1306.191	14.596
1309.285	14.509
1312.777	14.402
1316.221	14.296
1319.582	14.193
1322.559	14.106
1325.085	14.038
1327.158	13.991
1328.764	13.964
1330.027	13.953
1330.990	13.956
1331.753	13.969
1332.376	13.987
1332.889	14.012
1333.352	14.038
1333.776	14.067
1334.193	14.097
1334.628	14.126
1335.073	14.155
1335.570	14.182
1336.109	14.207
1336.709	14.230
1337.376	14.250
1338.123	14.267
1338.971	14.280
1339.896	14.289
1340.978	14.292
1342.115	14.292
1343.466	14.283
1344.847	14.273
1346.461	14.252
1348.123	14.230
1349.939	14.201
1351.823	14.169
1353.778	14.133
1355.779	14.096
1357.775	14.059
1359.786	14.021
1361.770	13.985
1363.704	13.950
1365.592	13.917
1367.396	13.888
1369.123	13.862
1370.764	13.840
1372.323	13.821
1373.835	13.804
1375.206	13.793
1376.563	13.782
1377.743	13.779
1378.941	13.774
1380.006	13.775
1381.017	13.778
1381.927	13.785
1382.770	13.795
1383.562	13.807
1384.262	13.822
1384.912	13.840
1385.508	13.860
1386.032	13.883
1386.528	13.906
1386.952	13.934
1387.373	13.961
1387.724	13.991
1388.074	14.022
1388.389	14.054
1388.680	14.087
1388.957	14.121
1389.212	14.156
1389.465	14.191
1389.701	14.228
1389.947	14.264
1390.181	14.300
1390.431	14.337
1390.695	14.373
1390.975	14.408
1391.295	14.442
1391.651	14.475
1392.079	14.505
1392.585	14.533
1393.215	14.555
1393.982	14.572
1394.978	14.580
1396.187	14.579
1397.801	14.561
1399.760	14.530
1402.175	14.479
1405.076	14.409
1408.299	14.324
1411.932	14.223
1415.641	14.117
1419.239	14.016
1422.681	13.920
1425.726	13.840
1428.445	13.774
1430.809	13.723
1432.886	13.684
1434.776	13.653
1436.577	13.627
1438.260	13.605
1440.052	13.581
1441.879	13.556
1443.776	13.530
1445.895	13.495
1448.098	13.459
1450.525	13.414
1453.054	13.366
1455.825	13.310
1458.589	13.254
1461.455	13.194
1464.352	13.134
1466.999	13.081
1469.637	13.029
1472.005	12.985
1474.124	12.950
1476.045	12.922
1477.678	12.903
1479.088	12.891
1480.267	12.887
1481.299	12.888
1482.116	12.897
1482.859	12.908
1483.483	12.923
1483.986	12.943
1484.464	12.963
1484.859	12.987
1485.228	13.011
1485.567	13.037
1485.893	13.063
1486.208	13.090
1486.520	13.117
1486.851	13.144
1487.156	13.172
1487.502	13.198
1487.867	13.224
1488.236	13.250
1488.667	13.274
1489.093	13.298
1489.557	13.321
1490.076	13.342
1490.604	13.363
1491.213	13.381
1491.811	13.400
1492.464	13.416
1493.170	13.431
1493.865	13.446
1494.645	13.459
1495.414	13.471
1496.227	13.482
1497.062	13.492
1497.886	13.503
1498.748	13.512
1499.564	13.522
1500.396	13.532
1501.227	13.543
1502.083	13.552
1502.907	13.562
1503.748	13.572
1504.599	13.581
1505.438	13.592
1506.336	13.600
1507.239	13.608
1508.248	13.613
1509.325	13.615
1510.553	13.613
1511.894	13.607
1513.447	13.595
1515.262	13.573
1517.241	13.547
1519.625	13.507
1522.234	13.459
1525.136	13.401
1528.229	13.337
1531.504	13.267
1534.766	13.197
1537.839	13.132
1540.945	13.066
1543.607	13.015
1546.056	12.971
1548.300	12.933
1550.157	12.908
1551.882	12.888
1553.437	12.873
1554.873	12.863
1556.254	12.855
1557.613	12.849
1559.039	12.840
1560.461	12.832
1561.995	12.821
1563.702	12.806
1565.420	12.789
1567.299	12.768
1569.336	12.742
1571.294	12.719
1573.336	12.692
1575.389	12.665
1577.295	12.642
1579.139	12.620
1580.848	12.602
1582.437	12.587
1583.855	12.578
1585.091	12.573
1586.219	12.572
1587.185	12.576
1588.005	12.584
1588.767	12.594
1589.398	12.607
1589.973	12.623
1590.527	12.639
1590.983	12.658
1591.419	12.678
1591.848	12.699
1592.231	12.721
1592.608	12.743
1592.981	12.765
1593.340	12.788
1593.700	12.811
1594.048	12.834
1594.410	12.857
1594.768	12.880
1595.105	12.904
1595.485	12.927
1595.847	12.950
1596.178	12.974
1596.577	12.996
1596.943	13.019
1597.261	13.044
1597.665	13.066
1598.008	13.091
1598.323	13.116
1598.712	13.138
1599.030	13.164
1599.352	13.189
1599.718	13.212
1600.005	13.239
1600.328	13.264
1600.656	13.289
1600.897	13.317
1601.192	13.343
1601.462	13.370
1601.692	13.399
1601.962	13.426
1602.193	13.455
1602.413	13.484
1602.656	13.513
1602.859	13.543
1603.070	13.573
1603.291	13.602
1603.506	13.632
1603.737	13.662
1603.969	13.692
1604.233	13.721
1604.540	13.749
1604.887	13.776
1605.319	13.800
1605.848	13.821
1606.513	13.838
1607.360	13.850
1608.464	13.853
1609.886	13.847
1611.568	13.831
1613.792	13.799
1616.443	13.752
1619.396	13.695
1622.961	13.618
1626.574	13.538
1630.162	13.459
1633.747	13.378
1636.934	13.309
1639.708	13.253
1641.999	13.213
1643.889	13.185
1645.319	13.172
1646.489	13.168
1647.408	13.172
1648.060	13.184
1648.639	13.199
1649.091	13.219
1649.457	13.242
1649.812	13.265
1650.134	13.289
1650.456	13.314
1650.798	13.339
1651.182	13.362
1651.642	13.384
1652.146	13.404
1652.783	13.421
1653.630	13.431
1654.564	13.439
1655.765	13.440
1657.316	13.430
1659.135	13.412
1661.367	13.382
1663.986	13.340
1667.068	13.284
1670.483	13.218
1673.902	13.152
1677.665	13.074
1681.262	13.001
1684.442	12.940
1687.580	12.879
1690.280	12.832
1692.548	12.797
1694.573	12.769
1696.260	12.751
1697.722	12.740
1698.987	12.735
1700.138	12.733
1701.220	12.734
1702.176	12.739
1703.093	12.744
1704.046	12.749
1704.925	12.756
1705.758	12.764
1706.702	12.769
1707.601	12.776
1708.414	12.785
1709.299	12.792
1710.195	12.798
1710.996	12.807
1711.806	12.816
1712.668	12.823
1713.425	12.833
1714.118	12.845
1714.889	12.855
1715.589	12.867
1716.198	12.881
1716.824	12.895
1717.432	12.909
1717.941	12.926
1718.439	12.943
1718.950	12.960
1719.365	12.980
1719.763	13.001
1720.188	13.020
1720.525	13.042
1720.847	13.065
1721.201	13.087
1721.483	13.111
1721.759	13.135
1722.047	13.160
1722.290	13.185
1722.536	13.211
1722.784	13.236
1723.004	13.262
1723.231	13.289
1723.463	13.315
1723.674	13.342
1723.890	13.369
1724.118	13.396
1724.336	13.423
1724.548	13.450
1724.781	13.477
1725.016	13.504
1725.240	13.531
1725.481	13.558
1725.742	13.585
1725.980	13.612
1726.239	13.638
1726.525	13.664
1726.773	13.691
1727.059	13.717
1727.373	13.743
1727.637	13.770
1727.968	13.794
1728.315	13.819
1728.609	13.845
1728.980	13.869
1729.371	13.892
1729.696	13.917
1730.098	13.940
1730.507	13.963
1730.871	13.988
1731.322	14.009
1731.764	14.031
1732.200	14.053
1732.719	14.073
1733.214	14.093
1733.725	14.113
1734.295	14.131
1734.885	14.149
1735.497	14.166
1736.148	14.181
1736.868	14.195
1737.601	14.208
1738.392	14.219
1739.255	14.227
1740.137	14.235
1741.126	14.240
1742.165	14.243
1743.258	14.244
1744.468	14.242
1745.769	14.236
1747.193	14.227
1748.718	14.215
1750.405	14.197
1752.246	14.175
1754.277	14.147
1756.587	14.110
1759.015	14.069
1761.645	14.022
1764.584	13.966
1767.568	13.908
1770.616	13.848
1773.792	13.784
1776.784	13.725
1779.609	13.672
1782.290	13.622
1784.640	13.583
1786.712	13.552
1788.546	13.528
1790.161	13.511
1791.520	13.502
1792.687	13.499
1793.746	13.500
1794.642	13.505
1795.433	13.514
1796.179	13.524
1796.868	13.536
1797.489	13.550
1798.095	13.565
1798.737	13.579
1799.328	13.595
1799.915	13.611
1800.601	13.624
1801.265	13.638
1801.936	13.651
1802.743	13.661
1803.572	13.671
1804.439	13.679
1805.468	13.682
1806.576	13.684
1807.793	13.682
1809.166	13.676
1810.682	13.666
1812.400	13.650
1814.239	13.630
1816.227	13.606
1818.490	13.575
1820.837	13.540
1823.242	13.504
1825.803	13.464
1828.437	13.421
1830.967	13.381
1833.400	13.343
1835.891	13.304
1838.220	13.270
1840.287	13.243
1842.266	13.218
1844.181	13.195
1845.826	13.180
1847.300	13.169
1848.833	13.157
1850.198	13.150
1851.418	13.147
1852.583	13.145
1853.771	13.143
1854.891	13.143
1855.903	13.146
1856.992	13.147
1858.152	13.146
1859.216	13.148
1860.277	13.150
1861.482	13.149
1862.685	13.147
1863.850	13.146
1865.055	13.145
1866.447	13.138
1867.750	13.133
1868.993	13.130
1870.352	13.124
1871.720	13.118
1872.911	13.116
1874.124	13.113
1875.426	13.108
1876.490	13.109
1877.544	13.111
1878.605	13.112
1879.490	13.117
1880.309	13.125
1881.109	13.133
1881.813	13.143
1882.438	13.156
1883.060	13.169
1883.588	13.184
1884.063	13.201
1884.540	13.218
1884.962	13.237
1885.358	13.256
1885.769	13.275
1886.155	13.295
1886.530	13.315
1886.940	13.335
1887.366	13.354
1887.787	13.373
1888.289	13.390
1888.847	13.406
1889.427	13.422
1890.116	13.435
1890.954	13.444
1891.858	13.451
1892.880	13.455
1894.132	13.453
1895.566	13.446
1897.133	13.436
1898.933	13.419
1900.929	13.397
1903.106	13.371
1905.431	13.339
1907.724	13.309
1910.208	13.273
1912.715	13.236
1914.941	13.206
1917.098	13.178
1919.234	13.150
1921.014	13.131
1922.573	13.118
1924.059	13.107
1925.288	13.103
1926.336	13.104
1927.279	13.107
1928.083	13.114
1928.774	13.125
1929.396	13.137
1929.926	13.152
1930.403	13.168
1930.859	13.185
1931.274	13.203
1931.652	13.223
1932.048	13.242
1932.435	13.261
1932.778	13.281
1933.153	13.301
1933.560	13.320
1933.950	13.340
1934.365	13.359
1934.861	13.376
1935.349	13.393
1935.847	13.410
1936.477	13.424
1937.147	13.436
1937.811	13.449
1938.660	13.457
1939.629	13.463
1940.583	13.468
1941.705	13.469
1943.084	13.464
1944.460	13.458
1945.974	13.449
1947.740	13.433
1949.609	13.414
1951.507	13.395
1953.562	13.371
1955.665	13.345
1957.777	13.320
1959.839	13.295
1961.807	13.273
1963.793	13.249
1965.595	13.231
1967.214	13.217
1968.784	13.204
1970.175	13.196
1971.365	13.194
1972.499	13.192
1973.521	13.194
1974.391	13.200
1975.184	13.207
1975.942	13.216
1976.591	13.228
1977.175	13.241
1977.751	13.255
1978.247	13.270
1978.716	13.287
1979.163	13.304
1979.605	13.321
1980.005	13.340
1980.396	13.359
1980.787	13.377
1981.125	13.398
1981.476	13.418
1981.836	13.438
1982.163	13.458
1982.478	13.480
1982.832	13.500
1983.145	13.521
1983.434	13.543
1983.765	13.564
1984.077	13.585
1984.353	13.608
1984.664	13.630
1984.998	13.651
1985.249	13.674
1985.528	13.697
1985.858	13.718
1986.102	13.742
1986.377	13.765
1986.690	13.787
1986.953	13.810
1987.192	13.834
1987.481	13.857
1987.763	13.880
1987.982	13.905
1988.252	13.928
1988.527	13.952
1988.718	13.978
1988.983	14.002
1989.248	14.026
1989.436	14.052
1989.663	14.077
1989.915	14.101
1990.099	14.128
1990.296	14.154
1990.528	14.179
1990.701	14.206
1990.874	14.234
1991.083	14.260
1991.244	14.288
1991.397	14.316
1991.584	14.343
1991.729	14.371
1991.865	14.400
1992.029	14.428
1992.159	14.457
1992.278	14.487
1992.422	14.516
1992.537	14.546
1992.644	14.576
1992.769	14.606
1992.870	14.636
1992.967	14.667
1993.075	14.698
1993.163	14.729
1993.254	14.761
1993.346	14.792
1993.421	14.825
1993.505	14.857
1993.580	14.889
1993.643	14.922
1993.715	14.955
1993.778	14.988
1993.837	15.021
1993.900	15.055
1993.953	15.089
1994.010	15.123
1994.066	15.157
1994.108	15.191
1994.162	15.226
1994.211	15.260
1994.245	15.296
1994.298	15.331
1994.338	15.366
1994.376	15.402
1994.423	15.437
1994.452	15.473
1994.493	15.509
1994.535	15.545
1994.552	15.582
1994.598	15.619
1994.626	15.656
1994.654	15.693
1994.699	15.729
1994.716	15.767
1994.752	15.805
1994.779	15.842
1994.793	15.881
1994.842	15.918
1994.857	15.957
1994.887	15.995
1994.918	16.033
1994.927	16.073
1994.971	16.111
1994.983	16.150
1995.010	16.190
1995.039	16.229
1995.047	16.269
1995.090	16.308
1995.099	16.349
1995.126	16.389
1995.147	16.429
1995.155	16.470
1995.201	16.510
1995.207	16.551
1995.238	16.592
1995.249	16.634
1995.265	16.675
1995.298	16.716
1995.304	16.759
1995.342	16.800
1995.348	16.843
1995.375	16.885
1995.386	16.928
1995.399	16.971
1995.430	17.013
1995.436	17.057
1995.473	17.099
1995.477	17.143
1995.506	17.186
1995.515	17.231
1995.535	17.275
1995.549	17.319
1995.557	17.364
1995.587	17.408
1995.592	17.453
1995.624	17.498
1995.630	17.543
1995.658	17.588
1995.666	17.634
1995.691	17.680
1995.700	17.726
1995.719	17.772
1995.731	17.819
1995.747	17.866
1995.762	17.913
1995.770	17.960
1995.793	18.007
1995.796	18.055
1995.823	18.102
1995.827	18.150
1995.853	18.198
1995.857	18.247
1995.881	18.295
1995.887	18.344
1995.910	18.393
1995.915	18.442
1995.937	18.491
1995.943	18.542
1995.965	18.591
1995.971	18.642
1995.992	18.691
1995.997	18.742
1996.019	18.793
1996.023	18.844
1996.045	18.895
1996.048	18.947
1996.071	18.998
1996.073	19.051
1996.095	19.102
1996.098	19.155
1996.119	19.207
1996.124	19.261
1996.142	19.313
1996.150	19.367
1996.165	19.420
1996.176	19.474
1996.187	19.528
1996.202	19.583
1996.205	19.638
1996.226	19.692
1996.223	19.748
1996.247	19.802
1996.250	19.858
1996.267	19.914
1996.276	19.970
1996.286	20.026
1996.302	20.083
1996.295	20.141
1996.322	20.197
1996.323	20.255
1996.341	20.312
1996.350	20.370
1996.353	20.428
1996.373	20.486
1996.369	20.546
1996.391	20.604
1996.397	20.663
1996.403	20.723
1996.420	20.782
1996.415	20.843
1996.437	20.903
1996.444	20.963
1996.445	21.025
1996.465	21.085
1996.464	21.147
1996.481	21.208
1996.492	21.270
1996.482	21.334
1996.507	21.395
1996.512	21.458
1996.512	21.522
1996.532	21.584
1996.532	21.649
1996.541	21.713
1996.556	21.776
1996.553	21.842
1996.566	21.906
1996.579	21.971
1996.574	22.037
1996.589	22.103
1996.601	22.168
1996.596	22.236
1996.610	22.302
1996.622	22.369
1996.618	22.437
1996.629	22.504
1996.642	22.571
1996.641	22.640
1996.646	22.709
1996.661	22.777
1996.664	22.847
1996.662	22.917
1996.678	22.986
1996.686	23.056
1996.680	23.127
1996.692	23.197
1996.703	23.268
1996.705	23.340
1996.705	23.412
1996.718	23.484
1996.725	23.556
1996.723	23.629
1996.729	23.702
1996.740	23.775
1996.746	23.849
1996.742	23.924
