<j>	var(j)
1.477	0.353
2.348	0.410
3.740	0.348
4.406	0.345
5.487	0.403
6.581	0.523
7.865	1.149
9.762	1.752
11.015	0.954
11.710	0.706
12.365	0.914
13.568	1.904
15.182	1.335
15.986	0.935
16.755	1.562
18.199	2.286
19.527	1.257
20.207	1.081
21.005	1.768
22.360	2.412
23.719	2.243
24.899	2.704
26.251	3.672
27.881	4.791
29.575	4.301
30.821	2.984
31.656	2.395
32.391	2.441
33.208	2.559
34.086	2.313
34.877	1.961
35.603	2.291
36.577	3.560
38.043	4.917
39.718	5.293
41.249	4.767
42.472	3.350
43.284	2.052
43.807	1.459
44.239	1.541
44.794	2.610
45.891	6.293
48.329	13.573
51.702	15.371
54.237	12.073
55.918	9.197
57.122	7.224
58.059	6.025
58.858	5.288
59.583	4.860
60.276	4.730
60.983	4.882
61.747	5.210
62.588	5.486
63.487	5.507
64.395	5.354
65.286	5.399
66.208	5.848
67.223	6.320
68.306	6.059
69.309	4.887
70.100	3.561
70.692	2.841
71.207	3.100
71.844	4.988
72.968	10.242
75.190	19.545
78.500	23.119
81.336	15.769
82.953	9.011
83.850	5.703
84.437	4.214
84.895	3.562
85.311	3.416
85.738	3.760
86.243	4.786
86.930	6.786
87.941	9.836
89.381	12.847
91.117	13.531
92.764	11.395
94.053	8.721
95.021	6.978
95.813	6.095
96.528	5.833
97.237	6.097
98.008	6.911
98.909	8.152
99.973	9.373
101.175	10.065
102.425	9.985
103.621	9.425
104.735	8.898
105.776	8.819
106.820	9.797
107.996	12.569
109.499	17.603
111.514	23.485
113.928	26.177
116.288	23.416
118.188	18.446
119.603	14.266
120.683	11.376
121.544	9.248
122.254	7.693
122.861	6.662
123.402	6.216
123.928	6.370
124.491	7.116
125.146	8.455
125.944	10.378
126.937	12.862
128.166	15.822
129.640	18.976
131.338	21.601
133.167	22.572
134.960	21.270
136.558	18.467
137.891	15.789
139.020	14.326
140.046	14.311
141.085	15.289
142.196	16.584
143.397	17.300
144.626	16.879
145.794	15.475
146.860	13.883
147.808	12.910
148.704	12.978
149.617	14.042
150.614	15.589
151.732	17.022
152.923	17.495
154.140	16.737
155.271	14.975
156.274	12.895
157.140	11.216
157.897	10.325
158.616	10.512
159.364	11.933
160.237	14.765
161.338	18.958
162.729	23.493
164.411	26.480
166.201	25.862
167.842	21.747
169.179	16.333
170.149	11.703
170.849	8.548
171.377	6.696
171.797	5.747
172.181	5.387
172.552	5.368
172.936	5.570
173.352	5.936
173.808	6.399
174.312	6.999
174.880	7.848
175.536	9.075
176.307	10.962
177.259	13.657
178.443	16.987
179.882	20.303
181.547	22.954
183.334	25.151
185.210	28.206
187.253	32.566
189.473	36.145
191.778	36.277
193.933	32.348
195.737	26.982
197.196	22.566
198.405	19.471
199.444	17.350
200.369	15.670
201.220	14.144
201.983	12.982
202.693	12.163
203.375	11.793
204.049	11.855
204.730	12.232
205.454	12.815
206.218	13.548
207.027	14.326
207.897	15.149
208.826	16.098
209.805	17.226
210.857	18.670
212.005	20.565
213.249	23.088
214.633	26.258
216.192	29.808
217.910	32.931
219.737	34.478
221.575	33.436
223.284	29.807
224.751	24.850
225.950	19.872
226.903	15.799
227.665	13.084
228.307	11.880
228.903	12.043
229.530	13.412
230.247	16.041
231.114	19.594
232.184	23.537
233.455	26.965
234.875	29.078
236.368	29.815
237.865	29.843
239.339	30.590
240.834	32.998
242.423	36.556
244.146	39.745
245.967	40.921
247.779	39.206
249.451	35.173
250.909	30.471
252.153	26.424
253.236	23.516
254.198	21.626
255.081	20.376
255.920	19.358
256.738	18.315
257.503	17.132
258.221	15.840
258.892	14.519
259.522	13.268
260.099	12.199
260.633	11.368
261.143	10.842
261.644	10.634
262.142	10.747
262.651	11.122
263.192	11.863
263.786	13.028
264.440	14.652
265.194	16.920
266.071	20.092
267.124	24.500
268.398	30.180
269.946	36.351
271.768	41.736
273.779	44.377
275.817	43.322
277.712	39.797
279.409	36.422
280.936	35.202
282.399	36.555
283.923	39.887
285.549	43.332
287.273	44.785
289.025	42.872
290.645	37.574
292.020	30.663
293.123	23.797
293.976	18.226
294.636	14.247
295.160	11.795
295.600	10.615
296.008	10.311
296.419	10.769
296.856	11.758
297.348	13.192
297.902	14.866
298.537	16.567
299.253	18.009
300.042	18.919
300.860	19.069
301.676	18.467
302.472	17.245
303.221	15.741
303.903	14.389
304.536	13.451
305.133	13.240
305.735	13.868
306.387	15.487
307.128	18.084
307.995	21.503
309.027	25.495
310.256	29.673
311.664	33.428
313.211	36.326
314.857	38.234
316.542	39.256
318.235	39.688
319.907	39.182
321.536	37.520
323.042	34.500
324.407	30.440
325.586	25.920
326.586	21.613
327.426	17.929
328.123	15.193
328.723	13.460
329.259	12.707
329.783	12.984
330.335	14.446
330.964	17.375
331.735	22.212
332.726	29.386
334.042	38.937
335.768	49.447
337.878	57.511
340.229	59.439
342.489	53.853
344.449	43.541
345.970	32.954
347.112	24.769
347.970	20.294
348.697	19.377
349.407	22.192
350.245	29.100
351.356	40.416
352.929	56.157
355.071	72.896
357.699	83.448
360.490	81.658
363.062	68.075
365.114	49.627
366.553	33.477
367.508	22.124
368.146	15.182
368.587	11.485
368.930	9.684
369.233	9.076
369.525	9.173
369.824	9.718
370.146	10.605
370.515	11.829
370.921	13.297
371.389	15.137
371.937	17.438
372.563	20.301
373.307	24.001
374.189	28.937
375.260	35.723
376.592	45.098
378.249	57.506
380.319	72.084
382.837	86.309
385.701	95.630
388.675	96.460
391.506	88.423
394.028	75.033
396.079	60.864
397.706	49.068
398.993	40.473
400.049	34.662
400.957	31.103
401.797	29.048
402.588	28.088
403.360	27.839
404.116	27.805
404.871	27.857
405.635	27.803
406.401	27.416
407.187	26.772
407.943	25.861
408.667	24.571
409.353	23.033
409.992	21.412
410.603	19.716
411.184	18.107
411.708	16.659
412.188	15.374
412.641	14.266
413.074	13.495
413.481	13.035
413.882	12.995
414.297	13.535
414.734	14.749
415.217	16.981
415.777	20.498
416.475	26.077
417.371	34.507
418.569	46.952
420.199	64.185
422.354	85.448
425.137	107.779
428.466	124.561
432.062	129.876
435.574	122.746
438.716	108.097
441.354	93.137
443.567	82.332
445.494	76.631
447.279	75.113
449.021	76.114
450.754	77.532
452.472	77.626
454.185	75.539
455.838	70.757
457.368	63.701
458.726	55.299
459.892	46.583
460.865	38.430
461.659	31.368
462.312	25.518
462.849	20.857
463.295	17.220
463.670	14.420
463.993	12.257
464.270	10.624
464.503	9.424
464.715	8.538
464.913	7.924
465.102	7.560
465.285	7.460
465.469	7.624
465.658	8.091
465.861	8.828
466.093	9.984
466.363	11.755
466.687	14.385
467.083	18.145
467.576	23.190
468.227	30.167
469.099	39.625
470.233	51.482
471.688	65.306
473.527	79.943
475.693	92.811
478.139	101.455
480.721	104.445
483.283	102.326
485.706	97.243
487.951	91.788
490.032	87.062
491.968	83.079
493.794	79.220
495.520	74.617
497.136	68.914
498.597	62.317
499.878	55.372
501.023	48.557
502.032	42.207
502.913	36.656
503.677	32.131
504.350	28.491
504.954	25.546
505.497	23.193
505.985	21.353
506.441	19.822
506.870	18.525
507.280	17.385
507.673	16.357
508.051	15.443
508.412	14.660
508.744	14.029
509.066	13.520
509.386	13.203
509.705	13.148
510.026	13.471
510.361	14.237
510.725	15.570
511.118	17.642
511.566	20.574
512.111	24.662
512.777	30.377
513.603	38.044
514.627	47.793
515.908	59.287
517.487	71.479
519.357	82.592
521.474	90.024
523.711	91.678
525.905	87.682
527.954	79.445
529.771	69.527
531.331	60.130
532.677	52.444
533.854	46.985
534.907	43.733
535.877	42.273
536.819	42.380
537.773	43.714
538.765	45.811
539.823	48.419
540.936	50.939
542.110	52.845
543.319	53.572
544.521	52.819
545.672	50.574
546.777	47.089
547.809	42.718
548.749	37.951
549.586	33.324
550.316	29.381
550.968	26.348
551.560	24.514
552.109	24.329
552.664	26.263
553.279	30.940
554.016	39.368
554.971	53.065
556.270	73.466
558.068	101.160
560.508	133.981
563.602	164.718
567.151	183.352
570.922	183.331
574.521	165.253
577.617	138.147
580.122	111.607
582.097	90.904
583.699	76.221
585.039	66.261
586.192	59.579
587.240	54.954
588.213	51.125
589.111	47.660
589.944	44.349
590.740	41.153
591.476	38.002
592.147	34.911
592.765	31.890
593.337	29.058
593.864	26.424
594.347	24.037
594.784	21.845
595.182	19.874
595.550	18.118
595.895	16.541
596.213	15.160
596.508	13.978
596.779	13.015
597.035	12.276
597.276	11.771
597.515	11.501
597.748	11.483
597.987	11.770
598.236	12.452
598.503	13.588
598.799	15.310
599.140	17.827
599.539	21.331
600.019	26.164
600.613	32.713
601.363	41.333
602.312	52.360
603.521	66.026
605.041	82.043
606.909	99.339
609.137	115.852
611.681	129.189
614.410	137.154
617.180	139.037
619.898	135.166
622.475	126.890
624.856	116.068
626.987	104.255
628.860	92.495
630.496	81.464
631.947	71.661
633.213	63.312
634.314	56.524
635.300	51.341
636.209	47.418
637.045	44.578
637.836	42.751
638.609	41.807
639.361	41.429
640.101	41.314
640.843	41.349
641.603	41.404
642.354	41.266
643.097	40.849
643.848	40.111
644.586	39.022
645.312	37.501
646.006	35.729
646.663	33.874
647.297	31.990
647.895	30.199
648.461	28.657
649.003	27.334
649.521	26.433
650.026	25.935
650.523	25.798
651.022	25.986
651.539	26.584
652.071	27.489
652.626	28.713
653.207	30.261
653.817	32.196
654.472	34.708
655.187	38.097
655.977	42.761
656.871	49.385
657.905	58.787
659.145	72.000
660.658	89.523
662.524	111.076
664.807	134.684
667.519	155.762
670.550	168.457
673.694	168.658
676.725	156.383
679.428	135.811
681.708	112.846
683.564	91.988
685.063	75.253
686.304	63.051
687.334	54.572
688.225	48.828
689.030	44.717
689.773	41.737
690.474	39.442
691.133	37.426
691.777	35.424
692.378	33.435
692.940	31.521
693.469	29.597
693.978	27.641
694.460	25.796
694.916	24.118
695.342	22.700
695.742	21.545
696.117	20.630
696.492	20.021
696.859	19.800
697.225	20.009
697.595	20.657
697.980	21.760
698.399	23.423
698.847	25.558
699.338	28.279
699.885	31.686
700.507	35.868
701.218	40.873
702.040	46.868
702.975	53.796
704.045	61.830
705.264	71.122
706.686	82.017
708.307	94.721
710.141	109.299
712.250	126.180
714.658	143.962
717.333	160.752
720.258	174.306
723.332	181.436
726.420	180.642
729.395	172.228
732.148	158.482
734.627	142.863
736.832	127.482
738.770	114.260
740.482	103.519
742.031	94.829
743.458	88.402
744.773	83.057
746.012	78.031
747.157	73.006
748.230	67.795
749.254	62.179
750.165	56.405
750.968	50.607
751.737	44.663
752.402	39.111
752.966	34.076
753.483	29.416
753.919	25.449
754.297	22.045
754.639	19.156
754.931	16.790
755.187	14.994
755.419	13.682
755.640	12.817
755.844	12.495
756.043	12.721
756.255	13.630
756.485	15.392
756.747	18.350
757.067	23.162
757.474	30.534
758.011	41.440
758.765	57.923
759.816	82.103
761.301	116.341
763.401	161.875
766.222	215.417
769.878	268.825
774.241	306.524
778.969	314.656
783.558	290.296
787.580	244.901
790.850	193.322
793.390	147.427
795.266	111.285
796.675	84.525
797.747	65.340
798.561	51.654
799.223	41.679
799.767	34.444
800.215	28.996
800.595	25.014
800.914	22.092
801.208	19.750
801.481	18.150
801.726	17.115
801.960	16.469
802.190	16.290
802.418	16.540
802.652	17.285
802.899	18.561
803.171	20.522
803.474	23.282
803.819	27.125
804.226	32.292
804.711	39.015
805.305	48.086
806.053	59.961
806.975	74.835
808.130	93.222
809.570	114.920
811.317	138.888
813.386	162.837
815.806	183.841
818.494	198.340
821.295	203.179
824.093	198.109
826.725	184.329
829.177	164.897
831.285	143.487
833.137	123.176
834.684	104.993
836.038	89.657
837.152	77.144
838.118	67.489
838.972	59.717
839.716	53.902
840.409	48.939
841.042	45.377
841.625	42.673
842.176	40.677
842.707	39.567
843.202	38.631
843.728	38.540
844.245	38.917
844.765	39.725
845.302	41.151
845.849	42.863
846.435	45.164
847.042	48.084
847.719	51.568
848.425	55.666
849.210	60.779
850.044	66.309
850.956	73.026
851.992	80.229
853.102	88.179
854.330	96.699
855.684	104.705
857.115	111.895
858.657	118.122
860.230	121.566
861.876	122.359
863.523	120.237
865.105	115.310
866.632	107.695
868.045	98.638
869.303	88.936
870.433	79.377
871.463	70.781
872.349	63.332
873.188	57.826
873.944	54.591
874.649	54.057
875.366	56.717
876.099	62.711
876.956	72.809
877.939	88.037
879.138	108.622
880.604	134.173
882.435	164.716
884.595	194.935
887.179	222.536
890.038	240.707
893.022	244.750
896.013	233.887
898.810	209.925
901.213	179.912
903.284	146.944
904.952	117.188
906.246	92.439
907.287	72.919
908.090	58.401
908.751	48.128
909.287	40.978
909.764	35.966
910.182	32.692
910.568	30.366
910.924	28.820
911.249	27.626
911.582	26.792
911.893	26.069
912.219	25.449
912.517	24.876
912.827	24.312
913.113	23.713
913.422	22.982
913.706	22.316
913.995	21.608
914.261	20.976
914.517	20.388
914.784	19.704
915.023	19.202
915.289	18.705
915.534	18.372
915.773	18.304
916.015	18.308
916.250	18.735
916.515	19.391
916.778	20.678
917.064	22.727
917.384	25.577
917.738	29.810
918.172	35.870
918.682	44.262
919.325	56.470
920.153	72.858
921.223	95.216
922.640	125.101
924.453	161.474
926.769	203.420
929.677	246.963
933.061	283.174
936.800	303.965
940.737	303.235
944.490	282.888
947.848	249.352
950.777	210.972
953.193	174.974
955.177	145.324
956.806	123.326
958.194	107.718
959.386	97.687
960.510	92.115
961.527	89.901
962.573	89.665
963.586	91.283
964.650	93.215
965.716	95.803
966.799	97.595
967.899	99.216
969.019	99.442
970.151	98.771
971.274	96.574
972.369	93.288
973.435	88.733
974.414	83.687
975.352	77.763
976.222	72.054
977.023	66.289
977.787	60.986
978.463	56.523
979.120	52.805
979.713	50.215
980.286	48.829
980.846	48.604
981.406	50.121
981.986	52.904
982.621	57.849
983.296	64.111
984.083	72.880
984.944	82.677
985.940	94.459
987.036	106.288
988.324	119.262
989.723	130.711
991.288	140.375
992.940	146.538
994.644	148.269
996.341	145.242
997.969	137.990
999.527	127.145
1000.953	114.220
1002.224	100.624
1003.339	87.370
1004.299	75.702
1005.128	65.756
1005.865	57.861
1006.499	52.379
1007.085	49.047
1007.644	47.525
1008.184	48.180
1008.740	50.169
1009.332	54.118
1009.961	58.911
1010.656	65.176
1011.403	71.950
1012.247	79.601
1013.182	87.300
1014.204	94.772
1015.346	101.494
1016.521	106.754
1017.817	110.257
1019.039	111.899
1020.345	111.213
1021.610	109.249
1022.869	105.518
1024.097	101.364
1025.233	97.159
1026.342	93.685
1027.410	90.902
1028.430	89.667
1029.473	90.048
1030.479	92.132
1031.553	96.197
1032.639	100.977
1033.833	107.708
1035.040	114.066
1036.411	121.060
1037.736	126.751
1039.197	131.371
1040.644	134.419
1042.160	135.183
1043.675	134.270
1045.156	131.044
1046.633	126.575
1048.000	121.025
1049.325	115.109
1050.567	108.907
1051.750	103.166
1052.878	97.463
1053.926	92.636
1054.949	88.121
1055.900	84.205
1056.826	80.479
1057.697	77.104
1058.535	73.907
1059.324	70.938
1060.108	67.864
1060.836	65.075
1061.566	61.962
1062.240	59.310
1062.912	56.308
1063.524	53.967
1064.125	51.450
1064.679	49.610
1065.241	47.677
1065.762	46.350
1066.301	45.062
1066.802	44.399
1067.325	43.775
1067.814	43.821
1068.329	43.830
1068.816	44.426
1069.338	45.180
1069.855	46.219
1070.404	47.662
1070.959	49.075
1071.559	51.066
1072.150	52.869
1072.820	55.231
1073.432	57.364
1074.141	59.952
1074.835	62.813
1075.601	66.007
1076.405	69.937
1077.248	74.322
1078.162	79.851
1079.119	85.965
1080.166	93.448
1081.307	101.275
1082.523	110.714
1083.876	120.500
1085.318	130.925
1086.903	141.196
1088.586	150.025
1090.382	157.815
1092.210	162.290
1094.115	164.494
1095.970	164.044
1097.857	161.450
1099.678	158.150
1101.455	154.608
1103.206	152.191
1104.880	152.144
1106.575	154.650
1108.268	160.310
1110.044	169.317
1111.884	180.839
1113.881	194.898
1115.973	208.987
1118.226	221.894
1120.597	232.220
1123.009	237.092
1125.504	236.499
1127.861	229.520
1130.203	217.037
1132.331	200.533
1134.286	180.979
1136.055	160.256
1137.578	140.150
1138.948	120.773
1140.073	104.472
1141.101	89.347
1141.940	77.492
1142.688	67.463
1143.330	59.749
1143.913	54.071
1144.436	49.973
1144.926	47.904
1145.404	47.183
1145.868	48.430
1146.360	51.183
1146.881	56.445
1147.445	63.219
1148.100	73.139
1148.833	85.046
1149.730	101.226
1150.769	119.938
1152.023	142.613
1153.490	168.103
1155.209	195.224
1157.198	222.966
1159.449	248.359
1161.885	268.125
1164.582	281.350
1167.267	284.427
1169.987	277.750
1172.576	263.418
1174.962	242.506
1177.201	219.115
1179.180	195.393
1180.910	173.288
1182.457	153.866
1183.784	138.474
1185.042	125.642
1186.144	116.774
1187.189	111.172
1188.180	108.252
1189.134	108.395
1190.115	109.854
1191.088	114.316
1192.126	119.931
1193.203	127.274
1194.362	135.613
1195.580	144.111
1196.891	152.854
1198.221	160.234
1199.676	166.707
1201.128	171.031
1202.675	172.865
1204.184	172.273
1205.689	169.260
1207.184	164.057
1208.564	157.138
1209.961	148.631
1211.229	140.089
1212.449	130.861
1213.564	122.853
1214.611	115.175
1215.593	108.569
1216.534	102.844
1217.401	98.366
1218.266	94.457
1219.075	91.929
1219.866	89.811
1220.643	88.400
1221.411	87.832
1222.178	86.853
1222.938	86.914
1223.701	86.548
1224.447	86.400
1225.214	86.341
1225.952	85.710
1226.728	85.544
1227.478	84.661
1228.232	83.890
1228.974	82.942
1229.684	81.609
1230.419	80.540
1231.134	78.830
1231.839	77.444
1232.537	76.016
1233.208	74.455
1233.879	73.181
1234.527	71.426
1235.156	70.303
1235.813	69.017
1236.421	68.131
1237.050	67.048
1237.662	66.306
1238.258	65.586
1238.868	64.828
1239.455	64.415
1240.044	63.602
1240.653	63.364
1241.209	62.422
1241.815	61.932
1242.372	61.011
1242.947	60.137
1243.531	59.202
1244.037	57.782
1244.632	56.451
1245.117	54.759
1245.674	52.999
1246.147	51.133
1246.638	49.062
1247.115	47.002
1247.549	44.817
1248.000	42.529
1248.384	40.337
1248.797	38.086
1249.155	35.959
1249.510	33.862
1249.842	31.870
1250.147	30.101
1250.453	28.278
1250.725	26.792
1251.002	25.278
1251.242	24.121
1251.495	22.928
1251.727	22.089
1251.952	21.288
1252.173	20.759
1252.387	20.404
1252.604	20.241
1252.811	20.334
1253.033	20.640
1253.245	21.250
1253.483	22.158
1253.711	23.456
1253.977	25.123
1254.243	27.407
1254.558	30.239
1254.886	34.030
1255.278	38.710
1255.712	44.946
1256.230	52.729
1256.831	62.997
1257.551	75.993
1258.432	93.019
1259.495	114.276
1260.829	141.099
1262.440	173.275
1264.430	210.228
1266.815	250.870
1269.603	289.690
1272.844	324.194
1276.281	345.729
1279.964	351.746
1283.456	342.234
1286.855	318.161
1289.898	285.957
1292.656	249.749
1295.000	214.689
1297.001	183.218
1298.683	156.505
1300.112	134.625
1301.370	117.140
1302.456	103.044
1303.406	92.013
1304.251	82.872
1305.014	75.881
1305.729	70.118
1306.368	65.971
1307.004	63.046
1307.583	61.758
1308.189	62.540
1308.777	65.699
1309.416	72.321
1310.119	83.383
1310.932	101.278
1311.946	128.805
1313.222	169.435
1314.894	227.112
1317.170	308.209
1320.221	413.222
1324.151	532.416
1329.206	655.230
1335.154	748.107
1341.605	780.662
1348.027	744.646
1354.019	648.179
1358.867	528.039
1362.808	405.689
1365.767	301.891
1367.897	222.769
1369.494	164.727
1370.680	123.471
1371.532	96.047
1372.240	77.168
1372.803	64.104
1373.241	55.786
1373.677	50.007
1374.044	45.970
1374.357	43.725
1374.711	42.033
1375.015	41.102
1375.313	40.855
1375.649	40.598
1375.950	40.866
1376.261	41.292
1376.593	41.675
1376.898	42.435
1377.221	43.104
1377.572	43.913
1377.911	44.865
1378.259	45.540
1378.647	46.557
1379.007	47.469
1379.365	48.059
1379.772	48.976
1380.129	49.585
1380.548	50.265
1380.981	51.083
1381.331	51.561
1381.803	52.057
1382.222	52.643
1382.621	52.839
1383.110	53.170
1383.504	53.716
1383.961	53.763
1384.425	54.275
1384.833	54.829
1385.332	54.513
1385.775	55.241
1386.241	55.433
1386.712	55.657
1387.182	56.637
1387.659	56.600
1388.130	57.362
1388.645	58.126
1389.124	58.558
1389.654	59.659
1390.161	60.220
1390.667	61.033
1391.220	62.007
1391.724	62.742
1392.297	63.669
1392.855	64.547
1393.423	65.389
1394.005	66.254
1394.578	67.175
1395.181	68.042
1395.779	68.894
1396.405	69.879
1397.006	71.087
1397.666	72.592
1398.297	74.157
1398.978	76.095
1399.673	78.606
1400.353	81.809
1401.134	85.751
1401.872	90.583
1402.732	96.406
1403.603	103.671
1404.542	112.115
1405.594	122.124
1406.688	133.881
1407.931	146.380
1409.270	160.945
1410.734	175.593
1412.336	191.456
1414.090	207.495
1415.888	220.947
1417.920	234.756
1419.978	245.923
1422.107	254.666
1424.391	261.926
1426.615	267.216
1428.915	271.633
1431.224	275.998
1433.553	282.591
1435.914	289.681
1438.299	297.868
1440.768	309.258
1443.270	316.693
1445.816	324.436
1448.434	328.719
1451.031	327.258
1453.614	320.795
1456.062	306.677
1458.430	287.551
1460.603	264.179
1462.550	237.692
1464.381	210.380
1465.905	184.484
1467.250	159.745
1468.466	137.585
1469.451	118.955
1470.326	102.209
1471.092	89.412
1471.738	78.496
1472.314	69.779
1472.857	63.282
1473.312	57.834
1473.746	54.099
1474.185	51.193
1474.535	49.159
1474.913	47.940
1475.299	47.153
1475.630	46.939
1476.010	47.062
1476.386	47.408
1476.745	48.127
1477.148	48.869
1477.518	49.811
1477.904	50.937
1478.313	52.019
1478.725	53.324
1479.157	54.549
1479.596	55.739
1480.050	57.183
1480.506	58.243
1480.974	59.162
1481.456	60.042
1481.928	60.650
1482.448	61.328
1482.931	61.571
1483.418	61.699
1483.976	61.779
1484.442	61.227
1484.956	60.584
1485.484	59.678
1485.945	58.500
1486.478	57.156
1486.925	55.640
1487.369	54.020
1487.855	52.123
1488.247	50.267
1488.709	48.247
1489.121	46.161
1489.493	44.339
1489.897	42.348
1490.223	40.795
1490.587	39.220
1490.926	37.623
1491.243	36.621
1491.580	35.600
1491.875	35.293
1492.196	35.297
1492.500	35.513
1492.814	36.667
1493.145	38.312
1493.491	41.094
1493.865	44.846
1494.274	49.887
1494.743	56.859
1495.251	65.368
1495.888	77.318
1496.581	91.218
1497.452	109.101
1498.500	131.595
1499.679	156.745
1501.217	187.584
1502.905	219.901
1504.997	254.673
1507.297	286.720
1509.867	315.013
1512.717	333.333
1515.572	341.130
1518.590	336.235
1521.382	320.058
1524.091	295.163
1526.486	266.046
1528.653	234.334
1530.530	205.737
1532.188	178.998
1533.610	157.517
1534.873	140.238
1535.997	126.750
1537.008	118.699
1537.964	113.635
1538.886	113.150
1539.822	115.559
1540.739	120.967
1541.763	131.365
1542.823	142.896
1543.972	157.615
1545.339	177.186
1546.752	197.382
1548.365	219.597
1550.215	243.545
1552.157	264.685
1554.284	282.928
1556.563	296.630
1558.907	302.952
1561.213	301.934
1563.584	293.283
1565.859	278.002
1567.888	258.311
1569.881	233.672
1571.639	209.237
1573.119	185.835
1574.519	161.668
1575.722	141.309
1576.735	123.968
1577.649	107.709
1578.457	95.269
1579.151	84.957
1579.769	75.830
1580.350	69.116
1580.855	63.627
1581.315	59.011
1581.785	55.624
1582.189	52.834
1582.584	50.560
1583.005	48.878
1583.351	47.483
1583.725	46.321
1584.107	45.493
1584.418	44.879
1584.780	44.277
1585.130	44.003
1585.455	43.745
1585.822	43.433
1586.156	43.614
1586.501	43.451
1586.866	43.349
1587.195	43.679
1587.541	43.517
1587.896	43.763
1588.252	44.052
1588.605	44.003
1588.972	44.648
1589.338	44.968
1589.690	45.234
1590.083	45.704
1590.461	45.858
1590.828	46.290
1591.232	46.686
1591.604	47.010
1592.011	47.446
1592.413	47.723
1592.781	48.130
1593.208	48.366
1593.617	48.762
1594.039	49.094
1594.470	49.368
1594.885	49.977
1595.312	50.278
1595.737	51.005
1596.176	51.904
1596.625	52.618
1597.103	54.092
1597.577	55.809
1598.061	58.163
1598.587	61.524
1599.108	65.509
1599.709	70.967
1600.345	78.429
1601.036	87.948
1601.856	101.407
1602.766	118.222
1603.840	139.765
1605.130	168.256
1606.668	203.266
1608.529	246.592
1610.761	296.455
1613.396	351.525
1616.470	407.258
1620.066	460.603
1623.968	502.737
1628.130	530.786
1632.552	542.213
1636.782	540.176
1640.958	529.380
1645.034	514.524
1648.905	506.652
1652.643	501.753
1656.299	502.566
1659.988	510.661
1663.634	520.192
1667.241	521.650
1670.865	517.198
1674.470	506.873
1677.869	481.283
1681.017	446.943
1683.984	408.584
1686.679	363.592
1688.924	319.927
1690.948	278.053
1692.762	237.774
1694.233	203.556
1695.492	173.453
1696.604	148.026
1697.552	126.918
1698.323	109.890
1698.992	96.545
1699.637	84.702
1700.177	76.060
1700.638	69.863
1701.097	64.145
1701.521	60.501
1701.890	58.448
1702.257	56.066
1702.642	55.188
1703.019	55.627
1703.369	55.693
1703.724	56.070
1704.129	57.900
1704.509	59.552
1704.851	60.732
1705.312	63.569
1705.768	66.503
1706.149	68.712
1706.634	72.036
1707.185	76.066
1707.628	79.357
1708.157	83.606
1708.826	89.215
1709.380	94.635
1709.979	101.084
1710.775	109.699
1711.506	119.414
1712.281	131.186
1713.251	146.064
1714.274	164.744
1715.383	187.458
1716.703	214.449
1718.201	246.733
1719.937	286.827
1721.929	330.711
1724.107	374.625
1726.760	424.466
1729.724	471.758
1732.693	507.200
1736.034	532.289
1739.681	543.490
1743.021	537.915
1746.345	514.558
1749.599	476.696
1752.533	434.290
1755.140	387.612
1757.437	340.935
1759.454	300.429
1761.299	264.780
1762.839	237.498
1764.192	219.709
1765.538	208.297
1766.795	205.930
1767.974	214.707
1769.261	230.753
1770.672	253.672
1772.180	289.333
1773.919	334.923
1775.912	386.072
1778.174	444.422
1780.881	511.917
1783.916	575.386
1787.145	627.313
1790.723	668.418
1794.581	690.234
1798.321	686.300
1802.031	659.568
1805.672	611.380
1808.948	549.803
1811.735	484.465
1814.258	413.688
1816.400	347.023
1818.142	290.167
1819.659	238.918
1820.885	194.895
1821.839	161.187
1822.638	134.110
1823.373	110.856
1823.928	93.018
1824.377	79.893
1824.789	69.032
1825.178	60.128
1825.472	53.569
1825.736	48.351
1825.993	44.184
1826.247	40.714
1826.448	37.992
1826.636	35.827
1826.834	34.133
1827.038	32.515
1827.194	31.336
1827.354	30.455
1827.526	29.730
1827.701	28.917
1827.846	28.472
1827.996	28.258
1828.159	28.033
1828.320	27.781
1828.464	27.860
1828.619	28.088
1828.785	28.293
1828.942	28.583
1829.096	29.134
1829.268	29.840
1829.436	30.591
1829.608	31.564
1829.782	32.786
1829.980	34.151
1830.173	35.619
1830.387	37.463
1830.606	39.472
1830.836	41.693
1831.075	44.283
1831.344	47.332
1831.616	50.449
1831.905	54.091
1832.245	58.350
1832.613	63.207
1832.975	67.958
1833.363	73.412
1833.836	79.851
1834.326	86.784
1834.808	93.918
1835.398	102.069
1836.077	111.563
1836.733	121.287
1837.420	131.512
1838.263	142.556
1839.169	154.926
1840.064	168.321
1841.108	182.246
1842.275	196.795
1843.446	212.379
1844.716	229.288
1846.156	246.106
1847.671	263.145
1849.229	281.737
1850.937	300.306
1852.786	318.895
1854.678	336.600
1856.682	354.087
1858.797	370.517
1861.004	387.097
1863.284	402.115
1865.601	417.449
1868.031	433.791
1870.579	450.407
1873.165	471.771
1875.799	498.342
1878.606	530.374
1881.627	571.560
1884.849	625.479
1888.290	687.558
1891.990	754.402
1896.036	822.634
1900.543	892.847
1905.242	947.566
1910.042	975.875
1914.880	974.600
1919.781	943.803
1924.487	883.503
1928.673	801.058
1932.401	706.161
1935.683	606.162
1938.510	508.871
1940.850	421.623
1942.776	345.435
1944.324	280.858
1945.568	228.379
1946.618	185.708
1947.475	151.328
1948.160	124.412
1948.686	104.142
1949.160	87.835
1949.592	74.562
1949.943	64.627
1950.218	57.432
1950.465	51.752
1950.723	47.083
1950.952	43.591
1951.154	41.232
1951.331	39.515
1951.518	38.075
1951.714	36.987
1951.891	36.510
1952.057	36.380
1952.222	36.378
1952.409	36.403
1952.590	36.821
1952.769	37.441
1952.938	38.139
1953.116	38.662
1953.323	39.655
1953.526	40.797
1953.724	42.082
1953.918	43.079
1954.134	44.135
1954.368	45.572
1954.603	47.182
1954.824	48.593
1955.045	49.570
1955.324	51.263
1955.600	52.934
1955.867	54.564
1956.105	55.550
1956.406	57.063
1956.715	58.528
1957.030	60.099
1957.299	60.994
1957.621	62.126
1957.970	63.247
1958.310	64.335
1958.599	64.864
1958.936	65.431
1959.321	65.944
1959.684	66.348
1959.980	66.362
1960.313	66.204
1960.720	65.891
1961.091	65.470
1961.385	64.896
1961.708	64.057
1962.112	62.862
1962.453	61.691
1962.747	60.565
1963.054	59.162
1963.422	57.320
1963.724	55.650
1964.003	54.123
1964.283	52.353
1964.614	50.108
1964.869	48.269
1965.127	46.488
1965.374	44.552
1965.663	42.167
1965.868	40.460
1966.092	38.686
1966.308	36.770
1966.527	34.773
1966.706	33.188
1966.896	31.542
1967.084	29.783
1967.247	28.220
1967.408	26.771
1967.563	25.439
1967.712	24.037
1967.835	22.923
1967.973	21.804
1968.103	20.771
1968.222	19.731
1968.333	18.865
1968.454	18.058
1968.559	17.304
1968.654	16.604
1968.755	16.028
1968.857	15.474
1968.942	14.998
1969.029	14.644
1969.127	14.359
1969.214	14.134
1969.292	13.820
1969.379	13.765
1969.473	13.686
1969.548	13.619
1969.630	13.714
1969.729	13.915
1969.813	14.124
1969.884	14.223
1969.985	14.716
1970.091	15.184
1970.174	15.539
1970.271	16.188
1970.392	17.021
1970.495	17.743
1970.587	18.458
1970.732	19.683
1970.878	21.000
1970.987	22.105
1971.135	23.627
1971.315	25.365
1971.466	27.076
1971.633	29.031
1971.851	31.254
1972.069	33.856
1972.275	36.506
1972.542	39.405
1972.827	42.676
1973.092	46.184
1973.415	49.837
1973.779	53.626
1974.128	58.050
1974.545	62.779
1974.988	66.996
1975.433	71.723
1975.961	77.154
1976.483	81.307
1977.011	85.480
1977.679	90.915
1978.307	94.762
1978.923	97.940
1979.663	101.536
1980.385	103.929
1981.061	105.359
1981.831	106.304
1982.607	106.305
1983.294	105.459
1984.031	103.471
1984.808	100.886
1985.479	97.972
1986.179	93.667
1986.852	89.070
1987.456	84.718
1988.072	79.252
1988.625	73.870
1989.137	69.011
1989.637	63.519
1990.062	58.507
1990.483	53.803
1990.875	48.981
1991.192	44.806
1991.528	40.706
1991.830	36.832
1992.060	33.635
1992.324	30.302
1992.553	27.374
1992.719	25.066
1992.923	22.495
1993.091	20.439
1993.215	18.820
1993.370	16.951
1993.497	15.504
1993.596	14.309
1993.717	12.947
1993.813	11.941
1993.894	11.061
1993.991	10.068
1994.064	9.386
1994.131	8.747
1994.205	8.041
1994.261	7.577
1994.318	7.103
1994.375	6.604
1994.425	6.272
1994.474	5.895
1994.519	5.539
1994.564	5.307
1994.607	4.992
1994.643	4.740
1994.686	4.584
1994.719	4.317
1994.751	4.135
1994.792	4.000
1994.819	3.789
1994.851	3.658
1994.887	3.522
1994.910	3.367
1994.944	3.282
1994.969	3.142
1994.988	3.033
1995.025	2.979
1995.041	2.845
1995.067	2.757
1995.099	2.675
1995.114	2.583
1995.143	2.549
1995.157	2.457
1995.172	2.371
1995.210	2.327
1995.221	2.249
1995.245	2.211
1995.263	2.149
1995.274	2.079
1995.309	2.048
1995.317	1.987
1995.338	1.953
1995.356	1.908
1995.364	1.847
1995.398	1.824
1995.404	1.777
1995.426	1.750
1995.438	1.716
1995.444	1.662
1995.477	1.645
1995.485	1.601
1995.511	1.587
1995.515	1.556
1995.526	1.515
1995.549	1.500
1995.554	1.459
1995.582	1.447
1995.589	1.416
1995.611	1.403
1995.616	1.383
1995.624	1.345
1995.647	1.338
1995.650	1.302
1995.677	1.295
1995.682	1.269
1995.703	1.258
1995.710	1.241
1995.725	1.222
1995.735	1.218
1995.738	1.182
1995.762	1.181
1995.765	1.152
1995.789	1.148
1995.793	1.126
1995.813	1.118
1995.820	1.102
1995.837	1.090
1995.846	1.080
1995.859	1.066
1995.870	1.061
1995.880	1.042
1995.893	1.044
1995.897	1.018
1995.916	1.022
1995.915	0.997
1995.939	0.999
1995.939	0.977
1995.962	0.978
1995.963	0.958
1995.984	0.958
1995.985	0.940
1996.005	0.939
1996.008	0.922
1996.027	0.921
1996.030	0.904
1996.049	0.903
1996.051	0.886
1996.070	0.886
1996.072	0.869
1996.092	0.870
1996.093	0.851
1996.114	0.854
1996.113	0.834
1996.135	0.839
1996.133	0.820
1996.154	0.822
1996.154	0.805
1996.173	0.804
1996.176	0.791
1996.192	0.786
1996.198	0.777
1996.210	0.768
1996.221	0.763
1996.229	0.750
1996.244	0.749
1996.244	0.734
1996.264	0.736
1996.260	0.722
1996.281	0.717
1996.283	0.708
1996.299	0.698
1996.307	0.694
1996.315	0.680
1996.330	0.683
1996.322	0.670
1996.347	0.663
1996.347	0.655
1996.364	0.644
1996.372	0.642
1996.375	0.629
1996.393	0.627
1996.388	0.618
1996.409	0.606
1996.415	0.603
1996.420	0.591
1996.436	0.589
1996.431	0.581
1996.451	0.568
1996.458	0.567
1996.458	0.556
1996.478	0.549
1996.476	0.544
1996.492	0.528
1996.502	0.530
1996.493	0.524
1996.517	0.508
1996.521	0.507
1996.521	0.499
1996.540	0.488
1996.540	0.486
1996.548	0.475
1996.563	0.468
1996.560	0.466
1996.572	0.452
1996.585	0.447
1996.580	0.445
1996.594	0.430
1996.606	0.426
1996.601	0.425
1996.614	0.411
1996.626	0.405
1996.622	0.404
1996.633	0.392
1996.645	0.384
1996.644	0.383
1996.649	0.375
1996.664	0.363
1996.667	0.362
1996.665	0.359
1996.681	0.344
1996.688	0.341
1996.682	0.342
1996.694	0.329
1996.705	0.320
1996.706	0.319
1996.706	0.316
1996.719	0.303
1996.727	0.298
1996.724	0.299
1996.730	0.291
1996.741	0.279
1996.747	0.276
1996.744	0.277
