<j>	var(j)
1.625	0.537
2.653	0.417
3.516	0.612
4.958	0.708
6.180	1.711
7.948	1.640
9.105	1.607
10.167	1.417
11.092	1.206
11.935	1.308
12.999	2.016
14.496	1.843
15.460	1.166
16.165	1.170
17.024	1.487
18.128	1.475
19.110	1.387
20.069	1.367
21.049	2.045
22.579	3.172
24.232	3.331
25.665	3.564
27.018	3.877
28.382	3.799
29.558	2.642
30.335	1.979
30.989	2.388
31.906	4.118
33.517	6.311
35.424	4.896
36.573	2.576
37.188	1.764
37.668	1.678
38.203	2.460
39.131	5.484
41.203	11.222
44.111	10.249
45.900	5.727
46.835	3.992
47.522	3.244
48.115	2.827
48.672	2.718
49.257	3.029
49.967	3.942
50.948	5.660
52.346	7.834
54.093	8.784
55.771	7.418
57.038	5.446
57.947	4.368
58.708	4.119
59.466	4.201
60.267	4.250
61.095	4.202
61.930	4.248
62.801	4.545
63.754	5.006
64.803	5.474
65.933	5.979
67.144	6.745
68.474	7.882
69.956	8.985
71.523	9.154
72.984	8.050
74.190	6.656
75.176	6.145
76.113	7.032
77.223	9.279
78.673	12.033
80.423	13.293
82.160	12.074
83.606	10.050
84.771	8.910
85.808	8.846
86.848	9.523
87.968	10.755
89.224	12.473
90.646	14.236
92.202	15.019
93.753	13.945
95.113	11.447
96.195	8.878
97.032	7.130
97.718	6.302
98.352	6.243
99.006	6.768
99.743	7.745
100.610	9.047
101.626	10.353
102.784	11.121
103.996	10.749
105.125	9.183
106.072	7.057
106.794	5.166
107.337	3.941
107.772	3.487
108.187	3.871
108.692	5.396
109.442	8.685
110.691	14.260
112.623	19.927
114.989	20.383
117.050	15.413
118.474	10.717
119.454	8.582
120.267	8.374
121.092	9.401
122.041	11.348
123.196	13.802
124.573	15.786
126.082	16.006
127.530	14.105
128.750	11.200
129.702	8.646
130.441	6.949
131.055	5.995
131.602	5.496
132.126	5.302
132.649	5.367
133.202	5.766
133.816	6.589
134.550	7.960
135.447	9.762
136.553	11.656
137.836	12.937
139.212	13.072
140.539	12.175
141.737	10.671
142.770	9.076
143.642	7.749
144.403	7.215
145.139	8.408
146.055	13.010
147.542	23.790
150.120	39.471
153.756	45.630
157.120	32.952
159.180	17.648
160.227	9.256
160.787	5.739
161.152	4.430
161.455	4.192
161.756	4.773
162.124	6.565
162.656	10.563
163.549	18.751
165.152	33.334
167.829	51.468
171.457	59.379
174.975	48.276
177.466	31.193
178.979	19.194
179.898	12.644
180.512	9.115
180.972	6.970
181.334	5.595
181.628	4.661
181.890	4.014
182.118	3.596
182.333	3.339
182.543	3.229
182.750	3.264
182.972	3.459
183.219	3.858
183.503	4.502
183.851	5.569
184.301	7.293
184.912	10.235
185.788	15.634
187.153	25.962
189.371	44.063
192.810	66.987
197.247	77.250
201.458	63.800
204.457	41.757
206.269	25.321
207.346	15.962
208.035	10.946
208.515	8.218
208.886	6.712
209.202	5.874
209.487	5.406
209.760	5.168
210.027	5.130
210.299	5.208
210.593	5.421
210.898	5.723
211.233	6.096
211.608	6.559
212.014	7.054
212.461	7.533
212.956	7.993
213.486	8.434
214.053	8.976
214.673	9.938
215.380	11.952
216.250	16.073
217.444	23.908
219.229	36.533
221.804	50.573
225.003	56.696
228.153	49.536
230.623	35.934
232.309	24.672
233.451	17.748
234.278	13.842
234.940	11.652
235.507	10.451
236.028	9.845
236.530	9.574
237.033	9.599
237.543	9.831
238.078	10.160
238.645	10.491
239.238	10.707
239.843	10.743
240.459	10.541
241.079	10.208
241.681	9.913
242.274	10.120
242.897	11.646
243.647	15.889
244.712	25.291
246.421	42.174
249.138	63.575
252.810	74.553
256.516	62.781
259.259	40.184
260.883	22.988
261.797	13.912
262.365	10.027
262.799	8.709
263.192	8.695
263.588	9.566
264.047	11.422
264.610	14.650
265.350	19.880
266.356	27.349
267.753	37.091
269.588	46.838
271.816	52.606
274.150	51.000
276.288	43.188
278.011	33.591
279.318	25.805
280.318	20.970
281.143	18.647
281.889	17.972
282.627	18.194
283.382	18.726
284.155	19.260
284.959	19.482
285.775	19.288
286.599	18.743
287.388	17.991
288.147	17.294
288.886	16.890
289.620	17.032
290.371	17.893
291.159	19.531
292.038	21.970
293.030	24.911
294.163	27.890
295.418	30.155
296.728	30.993
298.071	30.202
299.357	28.065
300.534	25.231
301.577	22.404
302.504	20.016
303.339	18.241
304.107	17.032
304.839	16.331
305.539	16.026
306.232	16.207
306.943	16.944
307.708	18.475
308.552	21.174
309.520	25.286
310.685	31.197
312.116	38.742
313.875	46.947
315.943	53.669
318.174	56.397
320.422	54.143
322.475	48.063
324.245	40.415
325.696	33.253
326.876	27.448
327.845	23.339
328.679	20.722
329.423	19.459
330.145	19.497
330.875	20.971
331.674	23.994
332.590	28.902
333.708	36.065
335.107	45.745
336.862	57.663
339.010	70.168
341.513	80.898
344.272	86.941
347.071	87.209
349.766	82.218
352.203	74.115
354.306	64.807
356.095	55.518
357.592	46.756
358.845	39.001
359.913	32.212
360.786	26.540
361.501	22.017
362.087	18.408
362.585	15.482
363.026	13.246
363.404	11.571
363.730	10.248
364.024	9.227
364.305	8.495
364.561	7.957
364.804	7.638
365.048	7.501
365.286	7.617
365.539	7.977
365.807	8.741
366.106	10.001
366.463	12.129
366.905	15.320
367.468	20.023
368.213	26.648
369.204	35.185
370.527	45.276
372.214	55.014
374.169	61.040
376.252	60.930
378.253	54.621
379.976	44.799
381.360	34.668
382.417	26.444
383.223	20.742
383.864	17.400
384.415	15.912
384.927	15.909
385.449	17.116
386.039	19.635
386.713	23.335
387.526	28.304
388.512	34.474
389.703	41.347
391.135	48.254
392.788	53.968
394.579	57.118
396.420	57.286
398.221	54.787
399.893	51.122
401.424	47.511
402.848	44.827
404.205	43.655
405.495	43.720
406.793	45.118
408.118	47.312
409.504	50.420
410.981	53.868
412.543	56.835
414.176	58.906
415.824	59.115
417.442	57.009
418.980	53.053
420.375	47.867
421.628	42.184
422.753	36.832
423.721	32.874
424.592	30.590
425.400	30.245
426.201	31.776
427.061	35.348
428.039	41.075
429.174	48.915
430.527	58.665
432.120	69.522
433.985	80.791
436.112	91.132
438.427	99.400
440.907	104.384
443.405	106.459
445.888	105.421
448.277	101.473
450.519	94.489
452.566	85.003
454.363	73.779
455.882	62.071
457.155	50.882
458.196	40.961
459.036	32.653
459.708	25.987
460.244	20.874
460.676	17.024
461.030	14.173
461.328	12.105
461.589	10.599
461.822	9.529
462.039	8.766
462.245	8.234
462.444	7.887
462.625	7.641
462.804	7.496
462.986	7.443
463.173	7.483
463.364	7.624
463.557	7.874
463.747	8.199
463.967	8.596
464.209	9.152
464.465	9.909
464.734	10.877
465.036	12.050
465.379	13.473
465.763	15.297
466.220	17.579
466.746	20.287
467.363	23.507
468.074	27.111
468.893	30.861
469.824	34.689
470.859	38.202
472.008	41.009
473.248	43.163
474.535	44.565
475.843	45.312
477.159	46.035
478.490	47.406
479.845	49.921
481.278	53.914
482.834	59.356
484.515	65.424
486.359	71.229
488.306	74.981
490.302	75.619
492.281	73.053
494.133	67.903
495.822	61.263
497.327	54.408
498.652	48.506
499.836	44.197
500.914	41.623
501.937	40.594
502.932	40.968
503.950	42.478
505.006	44.692
506.104	47.047
507.257	49.195
508.471	50.781
509.713	51.495
510.970	50.924
512.194	49.081
513.359	46.152
514.458	42.431
515.463	38.286
516.358	34.187
517.161	30.568
517.885	27.732
518.553	25.820
519.178	25.076
519.793	25.675
520.420	27.913
521.123	32.122
521.938	38.295
522.925	47.032
524.131	58.163
525.638	70.896
527.457	82.946
529.496	91.299
531.676	93.674
533.853	89.562
535.888	80.870
537.669	71.138
539.221	62.994
540.596	58.459
541.873	58.092
543.151	61.208
544.505	67.016
545.981	73.801
547.591	79.696
549.279	83.132
551.019	82.758
552.722	78.351
554.312	70.632
555.733	61.089
556.954	51.281
557.976	42.498
558.816	35.288
559.515	29.597
560.104	25.270
560.615	22.137
561.066	19.892
561.477	18.288
561.859	17.123
562.223	16.258
562.577	15.602
562.919	15.089
563.244	14.748
563.561	14.547
563.880	14.477
564.205	14.601
564.539	15.015
564.892	15.884
565.271	17.481
565.700	20.265
566.203	24.812
566.810	31.783
567.598	42.409
568.667	57.939
570.140	79.211
572.139	104.913
574.702	130.195
577.748	147.069
581.032	148.275
584.146	133.409
586.817	109.258
588.944	84.308
590.561	63.909
591.773	49.961
592.732	41.652
593.546	37.346
594.282	35.632
594.987	35.398
595.688	35.982
596.409	36.814
597.151	37.627
597.918	38.074
598.689	38.068
599.465	37.627
600.233	36.767
600.983	35.541
601.717	34.075
602.422	32.466
603.096	30.851
603.731	29.422
604.338	28.191
604.925	27.157
605.496	26.380
606.057	25.922
606.615	25.876
607.177	26.301
607.755	27.235
608.361	28.737
609.009	30.942
609.698	33.952
610.458	37.722
611.305	42.060
612.251	46.710
613.305	51.314
614.464	55.305
615.714	58.115
617.023	59.070
618.338	57.847
619.611	54.574
620.771	49.853
621.820	44.301
622.753	38.524
623.567	33.103
624.271	28.432
624.879	24.743
625.413	22.141
625.901	20.626
626.362	20.208
626.824	20.943
627.303	22.920
627.830	26.299
628.448	31.327
629.194	38.167
630.114	46.886
631.245	57.203
632.618	68.330
634.249	78.883
636.099	87.035
638.088	91.182
640.087	91.033
642.048	87.321
643.899	81.949
645.617	77.269
647.228	75.276
648.801	77.596
650.423	84.514
652.188	95.936
654.195	111.336
656.489	128.141
659.043	142.304
661.809	150.141
664.637	148.473
667.333	137.190
669.748	119.382
671.803	98.894
673.477	79.278
674.796	62.487
675.844	49.381
676.676	39.622
677.339	32.529
677.883	27.355
678.357	23.611
678.768	20.943
679.130	18.989
679.461	17.492
679.770	16.344
680.068	15.416
680.353	14.713
680.624	14.232
680.889	13.952
681.150	13.851
681.411	13.971
681.682	14.259
681.959	14.810
682.251	15.666
682.566	16.957
682.911	18.713
683.296	21.038
683.731	24.050
684.241	27.982
684.836	32.847
685.534	38.718
686.356	45.620
687.334	53.494
688.476	61.864
689.781	70.040
691.250	77.227
692.844	82.439
694.524	84.907
696.231	84.299
697.902	80.913
699.488	75.460
700.946	68.821
702.264	62.125
703.457	55.913
704.521	50.793
705.478	46.813
706.370	43.868
707.215	42.018
708.025	41.128
708.825	41.105
709.624	41.933
710.450	43.757
711.323	46.393
712.246	49.869
713.238	54.133
714.312	59.053
715.489	64.457
716.782	70.157
718.165	75.495
719.633	80.003
721.169	83.213
722.783	84.792
724.400	84.370
725.971	82.046
727.476	78.261
728.931	73.428
730.285	68.010
731.518	62.626
732.640	57.636
733.692	53.287
734.659	49.894
735.562	47.510
736.417	46.263
737.266	46.284
738.125	47.405
738.997	49.321
739.907	52.289
740.889	56.103
741.938	60.456
743.069	65.190
744.287	70.109
745.593	74.802
746.969	79.149
748.424	83.067
749.935	86.716
751.504	90.275
753.121	93.814
754.798	97.482
756.520	100.720
758.275	103.613
760.068	106.004
761.883	107.195
763.702	107.334
765.495	106.251
767.243	104.180
768.949	102.054
770.620	100.430
772.244	100.148
773.850	101.165
775.479	103.968
777.140	108.765
778.866	114.565
780.668	120.143
782.525	124.926
784.438	127.649
786.399	127.605
788.306	124.205
790.153	117.950
791.869	109.330
793.439	99.312
794.867	89.000
796.132	78.957
797.270	70.005
798.266	62.387
799.138	55.988
799.947	51.091
800.684	47.564
801.361	45.286
802.019	44.226
802.670	44.679
803.337	46.707
804.020	50.463
804.773	56.469
805.632	65.213
806.624	77.149
807.793	92.859
809.203	111.937
810.908	133.984
812.894	156.894
815.219	178.441
817.770	193.521
820.527	199.988
823.291	195.477
825.910	181.323
828.299	161.020
830.339	137.827
832.116	115.115
833.551	95.447
834.775	79.104
835.764	66.803
836.612	57.733
837.344	51.584
837.990	48.073
838.616	46.257
839.208	46.514
839.833	48.363
840.467	51.807
841.154	57.232
841.913	63.667
842.771	72.062
843.736	81.439
844.838	91.726
846.067	102.272
847.432	111.747
848.895	119.334
850.492	124.404
852.093	125.216
853.742	122.166
855.307	115.146
856.765	105.213
858.094	93.382
859.255	81.021
860.250	68.954
861.096	57.974
861.835	47.745
862.433	39.447
862.924	32.656
863.337	27.144
863.678	22.896
863.959	19.439
864.218	16.854
864.437	14.885
864.637	13.479
864.813	12.512
864.973	11.709
865.141	11.277
865.291	11.074
865.445	11.031
865.605	11.162
865.755	11.467
865.924	11.902
866.098	12.511
866.276	13.310
866.474	14.253
866.687	15.492
866.922	17.035
867.180	18.833
867.466	21.073
867.799	23.924
868.167	27.301
868.589	31.564
869.089	36.911
869.701	43.626
870.387	51.654
871.203	61.404
872.205	72.929
873.385	85.995
874.751	100.634
876.344	115.057
878.170	128.539
880.177	139.305
882.295	145.270
884.466	146.065
886.589	141.606
888.660	132.649
890.558	120.787
892.268	108.479
893.790	96.099
895.107	85.081
896.296	75.589
897.335	67.614
898.276	61.424
899.130	56.440
899.930	52.431
900.666	49.115
901.338	46.281
902.000	43.748
902.627	41.352
903.219	39.188
903.771	37.040
904.291	34.813
904.819	32.508
905.282	30.435
905.703	28.418
906.131	26.238
906.524	24.277
906.874	22.541
907.207	20.799
907.523	19.295
907.808	18.026
908.087	16.831
908.344	15.946
908.586	15.255
908.828	14.750
909.062	14.484
909.288	14.504
909.525	14.858
909.763	15.303
910.011	16.024
910.285	17.182
910.579	18.709
910.883	20.485
911.230	22.668
911.632	25.380
912.082	28.632
912.571	32.387
913.129	36.730
913.780	41.714
914.533	47.566
915.387	54.203
916.337	61.638
917.429	69.975
918.669	79.468
920.063	90.260
921.646	102.286
923.448	115.825
925.456	130.648
927.693	146.811
930.152	161.356
932.785	172.811
935.573	179.381
938.380	178.680
941.127	170.114
943.660	155.227
945.900	136.770
947.904	116.933
949.554	98.684
950.928	82.904
952.103	70.080
953.079	60.648
953.949	53.994
954.718	49.787
955.438	47.852
956.132	47.388
956.801	48.250
957.540	50.832
958.302	54.719
959.084	60.472
960.015	68.583
961.059	80.350
962.258	96.720
963.740	119.929
965.562	151.068
967.863	191.872
970.649	238.092
974.154	286.802
978.136	322.672
982.509	337.173
986.820	323.495
990.853	285.280
994.207	235.796
996.971	184.190
999.053	141.020
1000.655	106.357
1001.848	82.151
1002.765	64.987
1003.505	54.146
1004.120	47.097
1004.666	43.208
1005.173	41.081
1005.661	40.322
1006.155	40.407
1006.627	40.894
1007.113	41.577
1007.617	42.547
1008.116	43.285
1008.677	44.162
1009.186	44.637
1009.776	45.001
1010.287	45.043
1010.869	44.560
1011.420	43.804
1011.967	42.803
1012.511	41.541
1013.022	40.296
1013.528	38.981
1014.011	37.981
1014.488	37.582
1014.955	38.314
1015.480	40.659
1015.998	46.748
1016.623	58.354
1017.416	79.436
1018.502	116.874
1020.086	175.621
1022.509	268.830
1026.117	396.258
1031.286	544.679
1038.068	668.524
1045.617	705.850
1053.238	636.009
1059.558	495.333
1064.232	345.895
1067.385	223.982
1069.389	140.674
1070.639	88.014
1071.412	56.493
1071.929	37.984
1072.264	27.470
1072.522	21.133
1072.712	17.498
1072.883	15.243
1073.027	13.805
1073.159	12.866
1073.287	12.189
1073.400	11.755
1073.522	11.342
1073.629	11.142
1073.743	10.892
1073.851	10.831
1073.964	10.709
1074.071	10.755
1074.186	10.737
1074.295	10.887
1074.412	10.957
1074.526	11.206
1074.646	11.385
1074.768	11.740
1074.894	12.031
1075.027	12.531
1075.161	12.950
1075.309	13.602
1075.457	14.172
1075.623	15.006
1075.789	15.743
1075.979	16.801
1076.166	17.748
1076.383	19.052
1076.589	20.291
1076.833	21.929
1077.077	23.592
1077.365	25.672
1077.665	27.952
1078.008	30.637
1078.386	33.788
1078.800	37.368
1079.267	41.689
1079.763	46.526
1080.335	52.373
1080.995	59.500
1081.724	67.937
1082.615	78.407
1083.560	90.771
1084.728	105.589
1086.032	122.966
1087.563	141.892
1089.354	163.272
1091.322	184.556
1093.603	205.586
1096.038	223.161
1098.700	236.325
1101.436	243.547
1104.202	244.261
1106.956	240.630
1109.581	233.196
1112.112	226.049
1114.528	219.066
1116.863	215.471
1119.129	212.878
1121.375	213.685
1123.568	213.988
1125.791	214.951
1127.939	213.221
1130.110	209.159
1132.178	201.249
1134.182	190.382
1136.031	176.767
1137.755	161.492
1139.311	145.953
1140.714	130.391
1141.952	116.582
1143.083	103.623
1144.047	93.131
1144.954	84.011
1145.724	76.675
1146.491	70.680
1147.159	66.102
1147.801	62.420
1148.415	59.693
1148.990	57.727
1149.562	56.159
1150.099	55.286
1150.655	54.282
1151.195	54.156
1151.728	53.651
1152.279	53.784
1152.808	53.750
1153.357	54.056
1153.895	54.478
1154.452	54.937
1155.008	55.793
1155.582	56.486
1156.157	57.610
1156.761	58.524
1157.354	59.916
1157.984	60.917
1158.609	62.577
1159.268	63.631
1159.927	65.384
1160.608	66.435
1161.312	68.015
1162.016	68.983
1162.751	70.206
1163.483	71.009
1164.247	71.881
1164.993	72.447
1165.773	73.105
1166.535	73.726
1167.328	74.608
1168.106	75.794
1168.921	77.624
1169.747	80.416
1170.611	84.580
1171.524	91.009
1172.501	100.155
1173.601	113.691
1174.836	132.742
1176.289	158.565
1178.011	192.852
1180.101	235.594
1182.604	284.830
1185.662	338.827
1189.139	386.973
1193.099	422.158
1197.266	435.307
1201.395	421.186
1205.321	385.099
1208.755	334.343
1211.691	278.879
1214.147	225.666
1216.081	180.501
1217.619	143.866
1218.848	115.878
1219.814	95.686
1220.651	80.286
1221.340	70.301
1221.949	63.000
1222.500	58.572
1223.004	55.921
1223.499	54.110
1223.974	53.829
1224.465	54.215
1224.946	55.280
1225.451	56.982
1225.967	58.860
1226.494	61.452
1227.060	64.033
1227.633	67.058
1228.257	70.116
1228.914	73.695
1229.582	76.653
1230.302	79.934
1231.036	82.689
1231.776	85.045
1232.615	87.425
1233.383	88.920
1234.248	89.770
1235.045	90.060
1235.892	89.300
1236.728	88.307
1237.545	86.253
1238.349	83.738
1239.132	80.950
1239.858	77.095
1240.608	73.598
1241.273	69.300
1241.939	65.464
1242.546	61.182
1243.103	57.339
1243.675	53.333
1244.143	49.873
1244.656	46.212
1245.050	43.163
1245.498	40.099
1245.857	37.572
1246.230	35.139
1246.565	33.013
1246.886	31.194
1247.192	29.574
1247.476	28.266
1247.762	27.135
1248.029	26.357
1248.291	25.777
1248.556	25.516
1248.808	25.544
1249.078	25.935
1249.333	26.700
1249.620	27.754
1249.902	29.558
1250.215	31.398
1250.546	34.393
1250.910	37.469
1251.317	41.922
1251.760	46.514
1252.270	52.669
1252.841	59.259
1253.495	67.372
1254.222	75.765
1255.062	85.625
1255.981	95.287
1257.052	106.160
1258.175	115.841
1259.474	125.882
1260.808	133.889
1262.294	140.753
1263.764	145.377
1265.333	148.073
1266.870	149.044
1268.443	148.172
1269.974	146.299
1271.489	143.813
1272.991	141.087
1274.447	138.851
1275.886	136.674
1277.279	135.488
1278.671	134.089
1280.045	133.889
1281.419	133.058
1282.760	132.114
1284.113	130.220
1285.417	127.606
1286.709	124.109
1287.929	119.910
1289.156	115.288
1290.304	110.323
1291.414	106.051
1292.469	102.246
1293.493	100.299
1294.498	100.143
1295.506	102.636
1296.534	107.838
1297.636	117.016
1298.795	128.421
1300.136	145.206
1301.588	164.149
1303.267	185.845
1305.151	208.623
1307.220	229.306
1309.490	246.232
1311.889	256.680
1314.317	258.147
1316.824	251.950
1319.149	237.702
1321.351	218.387
1323.349	196.585
1325.096	175.472
1326.702	155.920
1328.075	140.618
1329.348	129.377
1330.510	122.253
1331.606	120.623
1332.719	122.049
1333.814	127.881
1334.989	136.786
1336.240	148.783
1337.577	162.638
1339.084	178.119
1340.699	193.917
1342.420	208.302
1344.347	221.471
1346.265	231.037
1348.328	235.033
1350.404	235.649
1352.414	229.897
1354.411	220.098
1356.287	207.531
1357.993	191.400
1359.621	174.735
1361.069	158.119
1362.370	141.615
1363.578	126.465
1364.608	113.162
1365.550	101.447
1366.399	91.712
1367.133	83.657
1367.840	77.114
1368.492	72.087
1369.092	68.659
1369.689	66.587
1370.242	66.127
1370.807	67.295
1371.387	69.912
1371.975	74.989
1372.650	81.776
1373.346	91.211
1374.158	104.059
1375.080	119.851
1376.118	139.728
1377.363	162.869
1378.804	190.193
1380.449	218.931
1382.357	248.438
1384.540	277.702
1386.869	300.186
1389.450	316.087
1392.084	322.060
1394.678	315.601
1397.263	299.539
1399.649	275.249
1401.817	245.129
1403.713	214.182
1405.405	183.344
1406.805	155.768
1408.001	132.613
1409.043	113.702
1409.893	99.836
1410.676	90.405
1411.383	85.982
1412.048	86.092
1412.735	90.346
1413.452	100.240
1414.268	115.141
1415.195	134.762
1416.280	161.419
1417.594	193.581
1419.119	230.038
1420.987	272.055
1423.198	315.296
1425.683	355.480
1428.463	387.386
1431.416	406.890
1434.515	410.620
1437.524	397.391
1440.481	369.073
1443.167	329.459
1445.451	286.272
1447.520	239.587
1449.170	197.394
1450.533	159.976
1451.668	127.410
1452.529	102.186
1453.241	81.550
1453.811	65.742
1454.266	53.493
1454.642	44.783
1454.961	38.270
1455.226	33.594
1455.467	30.744
1455.695	28.720
1455.894	27.876
1456.103	27.843
1456.311	28.344
1456.513	29.569
1456.739	31.309
1456.976	33.454
1457.225	36.264
1457.509	39.448
1457.810	42.980
1458.143	47.224
1458.505	51.637
1458.902	56.620
1459.343	62.147
1459.810	67.602
1460.354	73.926
1460.942	80.270
1461.541	86.141
1462.269	92.908
1463.007	98.784
1463.721	103.730
1464.584	108.740
1465.419	112.512
1466.287	115.253
1467.244	116.738
1468.132	117.230
1469.077	116.159
1469.977	113.786
1470.850	110.818
1471.734	106.123
1472.546	101.292
1473.373	95.699
1474.100	89.571
1474.795	83.993
1475.482	77.769
1476.053	71.876
1476.655	66.244
1477.160	61.181
1477.625	56.577
1478.111	52.271
1478.488	48.731
1478.891	45.467
1479.280	42.728
1479.593	40.257
1479.938	38.227
1480.246	36.579
1480.539	35.243
1480.851	34.268
1481.111	33.548
1481.387	33.179
1481.676	32.822
1481.939	32.911
1482.236	33.119
1482.510	33.600
1482.798	34.459
1483.095	35.430
1483.386	36.880
1483.714	38.496
1484.052	40.598
1484.408	43.199
1484.788	46.270
1485.208	50.200
1485.639	54.500
1486.134	59.769
1486.670	66.134
1487.240	73.167
1487.946	82.268
1488.660	92.007
1489.504	103.092
1490.460	116.301
1491.476	130.050
1492.688	145.256
1493.964	161.246
1495.429	177.149
1497.032	192.507
1498.747	206.475
1500.606	217.734
1502.491	225.725
1504.470	229.969
1506.446	229.976
1508.412	225.940
1510.335	219.030
1512.184	208.210
1513.931	196.776
1515.588	183.552
1517.084	170.810
1518.515	159.042
1519.814	147.410
1521.008	137.776
1522.158	128.769
1523.213	121.119
1524.218	114.768
1525.169	109.676
1526.076	105.385
1526.939	102.414
1527.795	99.745
1528.609	98.471
1529.439	97.044
1530.242	96.155
1531.039	96.208
1531.858	95.650
1532.656	96.411
1533.469	96.721
1534.270	97.247
1535.093	98.374
1535.897	98.343
1536.748	99.182
1537.592	99.397
1538.412	99.448
1539.285	99.450
1540.094	99.139
1540.943	98.558
1541.759	97.828
1542.583	97.091
1543.426	95.529
1544.209	94.579
1545.057	93.144
1545.815	91.993
1546.605	90.935
1547.382	89.852
1548.121	89.283
1548.926	88.589
1549.639	88.663
1550.417	88.911
1551.199	89.565
1551.948	90.915
1552.750	92.395
1553.537	95.044
1554.359	97.976
1555.192	101.071
1556.093	106.058
1557.010	110.773
1557.976	117.469
1559.045	125.374
1560.086	134.450
1561.302	146.739
1562.541	160.432
1563.946	179.014
1565.557	200.968
1567.231	227.115
1569.273	258.812
1571.497	295.157
1574.021	333.622
1576.800	371.483
1579.996	408.643
1583.329	433.530
1586.723	445.905
1590.445	442.505
1593.752	424.031
1596.964	391.564
1600.003	349.156
1602.526	305.420
1604.749	260.401
1606.673	218.748
1608.255	183.127
1609.526	153.331
1610.661	127.859
1611.596	108.243
1612.324	93.240
1613.032	80.185
1613.632	70.905
1614.105	63.850
1614.603	57.503
1615.042	53.258
1615.394	49.998
1615.785	46.864
1616.143	44.862
1616.453	43.402
1616.799	41.662
1617.121	40.826
1617.416	40.267
1617.744	39.214
1618.047	39.182
1618.336	39.170
1618.641	38.881
1618.940	39.565
1619.252	39.961
1619.560	40.464
1619.886	41.879
1620.225	42.741
1620.561	44.191
1620.927	46.459
1621.284	47.997
1621.663	50.390
1622.090	53.347
1622.510	56.276
1622.969	60.112
1623.468	64.235
1623.996	69.040
1624.580	74.749
1625.178	80.520
1625.849	87.800
1626.569	95.663
1627.372	104.631
1628.279	115.744
1629.195	127.398
1630.286	140.890
1631.458	156.732
1632.741	173.070
1634.231	190.378
1635.763	209.767
1637.524	228.414
1639.391	245.494
1641.363	262.222
1643.563	274.258
1645.698	282.148
1647.942	284.914
1650.219	280.929
1652.353	272.003
1654.449	257.315
1656.454	239.873
1658.254	220.130
1659.882	199.009
1661.432	177.847
1662.755	158.843
1663.894	140.782
1664.982	124.506
1665.905	111.719
1666.706	99.694
1667.481	90.095
1668.162	83.351
1668.753	76.954
1669.366	72.358
1669.937	69.929
1670.421	67.550
1670.961	66.648
1671.489	67.146
1671.958	68.119
1672.516	70.135
1673.070	73.145
1673.607	77.432
1674.269	82.246
1674.896	88.047
1675.592	95.794
1676.401	103.769
1677.160	112.987
1678.086	124.225
1679.091	135.426
1680.119	148.129
1681.362	161.324
1682.629	174.375
1684.001	188.102
1685.512	199.033
1687.048	209.453
1688.705	217.981
1690.357	222.038
1692.096	225.058
1693.847	224.907
1695.506	221.304
1697.263	216.248
1698.886	210.504
1700.419	203.207
1701.998	196.181
1703.444	190.975
1704.862	186.720
1706.275	184.272
1707.625	183.265
1709.022	185.808
1710.435	189.871
1711.796	194.351
1713.279	202.228
1714.819	209.266
1716.287	216.105
1717.923	223.430
1719.593	228.111
1721.214	231.356
1722.916	231.322
1724.611	228.582
1726.290	223.731
1727.879	215.135
1729.380	205.402
1730.901	194.240
1732.227	182.367
1733.504	170.086
1734.762	158.005
1735.828	148.024
1736.870	137.653
1737.877	128.611
1738.772	123.014
1739.640	116.646
1740.458	111.836
1741.270	109.866
1742.044	107.131
1742.783	105.117
1743.573	105.017
1744.322	104.191
1745.036	103.439
1745.813	103.577
1746.568	102.994
1747.269	102.023
1748.030	101.127
1748.776	99.463
1749.458	97.415
1750.191	94.849
1750.882	91.774
1751.522	88.545
1752.190	84.507
1752.796	80.535
1753.365	76.626
1753.916	72.212
1754.444	68.012
1754.946	63.902
1755.387	59.897
1755.839	56.042
1756.272	52.334
1756.620	49.317
1757.005	46.280
1757.375	43.523
1757.653	41.925
1757.988	40.076
1758.296	38.860
1758.562	38.572
1758.883	38.140
1759.174	38.733
1759.458	40.365
1759.800	42.120
1760.118	45.270
1760.464	49.894
1760.870	55.274
1761.288	62.585
1761.801	72.580
1762.393	84.693
1763.049	100.045
1763.876	119.731
1764.877	144.700
1766.036	175.892
1767.446	213.493
1769.220	262.482
1771.309	322.487
1773.798	394.302
1777.042	485.967
1780.850	595.131
1785.316	718.099
1790.872	849.096
1797.084	978.951
1804.023	1089.613
1811.473	1146.547
1818.976	1151.444
1826.376	1100.519
1833.039	1003.308
1839.016	886.665
1844.262	761.544
1848.532	649.816
1852.113	553.849
1855.277	474.284
1857.910	412.763
1860.120	362.855
1862.076	323.095
1863.912	291.723
1865.533	264.374
1866.906	241.167
1868.176	221.278
1869.431	201.772
1870.544	184.501
1871.516	169.257
1872.419	153.963
1873.277	139.482
1874.044	127.571
1874.737	116.017
1875.339	104.998
1875.902	95.417
1876.466	86.977
1876.953	78.884
1877.338	71.903
1877.727	66.090
1878.146	60.463
1878.475	55.514
1878.722	51.517
1879.037	47.677
1879.355	44.115
1879.577	41.352
1879.754	39.082
1880.016	36.590
1880.255	34.542
1880.412	33.110
1880.574	31.718
1880.807	30.096
1880.995	28.988
1881.121	28.254
1881.286	27.375
1881.479	26.495
1881.624	26.119
1881.745	25.893
1881.920	25.403
1882.093	25.131
1882.223	25.421
1882.361	25.597
1882.538	25.506
1882.693	25.947
1882.835	26.784
1883.005	27.363
1883.182	28.111
1883.351	29.578
1883.525	31.323
1883.725	32.564
1883.929	34.581
1884.150	37.356
1884.388	40.192
1884.634	43.249
1884.920	47.536
1885.223	52.518
1885.546	57.391
1885.918	63.586
1886.354	71.485
1886.799	79.653
1887.298	89.029
1887.908	100.714
1888.552	113.644
1889.279	127.630
1890.151	144.718
1891.129	164.056
1892.135	183.519
1893.352	205.729
1894.786	231.097
1896.195	256.362
1897.852	281.610
1899.739	307.613
1901.698	333.526
1903.799	356.657
1906.110	375.399
1908.449	391.163
1910.875	403.665
1913.441	407.744
1915.921	407.635
1918.340	402.501
1920.832	391.557
1923.219	377.460
1925.417	361.793
1927.540	342.603
1929.580	321.994
1931.497	302.123
1933.230	282.169
1934.821	263.325
1936.385	243.800
1937.810	226.724
1939.106	211.815
1940.318	197.331
1941.469	183.119
1942.525	171.835
1943.511	161.997
1944.440	152.101
1945.309	143.398
1946.154	136.486
1946.949	130.266
1947.690	124.125
1948.413	118.852
1949.115	114.196
1949.775	110.170
1950.389	106.394
1951.025	102.702
1951.639	99.272
1952.212	96.524
1952.783	93.600
1953.349	90.637
1953.872	87.796
1954.381	85.479
1954.895	82.976
1955.394	80.193
1955.844	77.884
1956.330	75.887
1956.802	73.467
1957.216	70.810
1957.628	68.937
1958.080	66.906
1958.485	64.473
1958.823	62.576
1959.232	60.995
1959.632	59.131
1959.954	57.343
1960.287	55.876
1960.683	54.235
1961.009	52.705
1961.296	51.538
1961.643	50.222
1961.983	48.971
1962.246	48.140
1962.523	47.183
1962.867	46.009
1963.151	45.396
1963.423	44.759
1963.720	43.877
1964.004	43.413
1964.264	42.961
1964.523	42.391
1964.814	41.842
1965.096	41.704
1965.361	41.389
1965.621	41.025
1965.898	40.981
1966.169	40.819
1966.413	40.694
1966.688	40.645
1966.981	40.686
1967.227	40.816
1967.489	40.908
1967.790	40.986
1968.057	41.195
1968.309	41.493
1968.611	41.702
1968.911	42.147
1969.158	42.694
1969.461	42.931
1969.788	43.586
1970.046	44.396
1970.353	44.728
1970.698	45.476
1970.997	46.744
1971.300	47.205
1971.646	47.920
1971.997	49.511
1972.317	50.433
1972.666	51.240
1973.061	52.957
1973.413	54.381
1973.786	55.460
1974.205	57.121
1974.609	59.248
1975.018	60.665
1975.458	62.133
1975.922	64.845
1976.378	66.822
1976.857	68.271
1977.364	70.894
1977.882	73.443
1978.403	74.812
1978.935	76.948
1979.544	79.922
1980.115	81.041
1980.641	82.290
1981.340	85.108
1981.969	85.738
1982.511	86.351
1983.231	87.794
1983.888	87.665
1984.444	87.323
1985.154	87.002
1985.822	85.781
1986.375	84.283
1987.039	82.210
1987.688	79.824
1988.219	77.227
1988.803	73.867
1989.402	70.564
1989.879	67.224
1990.357	63.392
1990.888	59.657
1991.290	56.114
1991.673	52.337
1992.137	48.446
1992.465	45.062
1992.767	41.654
1993.156	37.998
1993.411	35.071
1993.646	32.206
1993.961	29.031
1994.142	26.764
1994.327	24.453
1994.563	21.990
1994.687	20.288
1994.851	18.328
1995.025	16.508
1995.104	15.268
1995.256	13.617
1995.376	12.375
1995.419	11.505
1995.558	10.207
1995.636	9.389
1995.667	8.660
1995.785	7.678
1995.830	7.120
1995.874	6.505
1995.957	5.862
1995.977	5.473
1996.036	4.950
1996.088	4.560
1996.087	4.296
1996.158	3.847
1996.184	3.599
1996.197	3.351
1996.250	3.051
1996.255	2.893
1996.291	2.652
1996.322	2.484
1996.310	2.377
1996.362	2.154
1996.370	2.054
1996.386	1.919
1996.417	1.795
1996.406	1.737
1996.445	1.594
1996.453	1.531
1996.460	1.449
1996.489	1.362
1996.477	1.327
1996.509	1.229
1996.515	1.189
1996.522	1.133
1996.545	1.077
1996.530	1.059
1996.562	0.980
1996.562	0.955
1996.575	0.910
1996.589	0.877
1996.580	0.858
1996.606	0.806
1996.598	0.796
1996.618	0.748
1996.622	0.731
1996.628	0.705
1996.643	0.680
1996.632	0.673
1996.656	0.633
1996.647	0.629
1996.666	0.592
1996.666	0.584
1996.674	0.561
1996.683	0.546
1996.680	0.535
1996.698	0.513
1996.684	0.514
1996.706	0.484
1996.698	0.484
1996.714	0.458
1996.712	0.454
1996.722	0.434
1996.725	0.427
1996.729	0.413
1996.737	0.404
1996.735	0.396
1996.748	0.382
1996.742	0.379
1996.757	0.363
1996.747	0.365
1996.765	0.346
1996.754	0.350
1996.772	0.330
1996.763	0.333
1996.778	0.315
1996.771	0.317
1996.785	0.301
1996.779	0.302
1996.792	0.288
1996.786	0.288
1996.798	0.275
1996.793	0.276
1996.804	0.263
1996.799	0.264
1996.811	0.252
1996.805	0.253
1996.818	0.241
1996.810	0.243
1996.824	0.230
1996.815	0.234
1996.830	0.220
1996.822	0.224
1996.834	0.212
1996.828	0.214
1996.838	0.204
1996.835	0.205
1996.841	0.197
1996.842	0.195
1996.845	0.191
1996.849	0.186
1996.848	0.184
1996.856	0.177
1996.850	0.179
1996.861	0.169
1996.855	0.173
1996.864	0.164
1996.862	0.164
1996.866	0.159
1996.869	0.155
1996.868	0.155
1996.876	0.147
1996.869	0.152
1996.878	0.143
1996.876	0.143
1996.880	0.139
1996.884	0.135
1996.881	0.136
1996.889	0.129
1996.885	0.132
1996.890	0.126
1996.892	0.123
1996.891	0.124
1996.897	0.117
1996.894	0.120
1996.898	0.114
1996.901	0.112
1996.899	0.113
1996.905	0.107
1996.903	0.108
1996.906	0.105
1996.911	0.100
1996.906	0.104
1996.911	0.098
1996.913	0.096
1996.911	0.097
1996.916	0.092
1996.916	0.092
1996.917	0.091
1996.921	0.087
1996.920	0.088
1996.921	0.085
1996.925	0.082
1996.923	0.083
1996.925	0.081
1996.929	0.077
1996.927	0.079
1996.929	0.076
1996.932	0.073
1996.931	0.074
1996.933	0.072
1996.936	0.069
1996.935	0.069
1996.936	0.069
1996.939	0.065
1996.940	0.064
1996.938	0.065
1996.942	0.062
1996.944	0.060
1996.942	0.062
1996.944	0.059
1996.946	0.057
1996.947	0.056
1996.946	0.057
1996.948	0.054
1996.950	0.052
1996.950	0.053
1996.950	0.052
1996.952	0.050
1996.954	0.048
1996.953	0.049
