<j>	var(j)
1.246	0.387
3.002	0.921
4.179	0.875
5.196	0.705
6.054	0.711
7.215	1.332
8.585	0.975
9.532	1.532
11.137	2.247
12.467	1.536
13.346	1.420
14.237	1.855
15.522	2.821
17.083	2.218
18.031	1.476
18.729	1.284
19.440	1.445
20.367	1.813
21.486	1.844
22.550	1.870
23.598	1.727
24.543	1.681
25.496	1.971
26.692	3.106
28.339	3.566
29.759	2.826
30.782	2.091
31.548	1.697
32.242	1.605
32.951	1.500
33.668	1.754
34.659	3.159
36.382	4.929
38.246	3.751
39.354	2.254
40.058	1.820
40.693	1.646
41.311	1.533
41.954	1.802
42.828	3.072
44.396	6.558
47.021	9.179
49.278	5.271
50.306	2.556
50.847	2.083
51.368	2.686
52.136	4.268
53.392	6.135
54.975	5.628
56.180	3.194
56.831	1.790
57.242	1.473
57.644	1.710
58.184	2.470
59.043	3.985
60.413	5.858
62.128	5.995
63.566	4.223
64.501	2.795
65.151	2.202
65.716	2.118
66.315	2.367
67.037	2.875
67.946	3.613
69.090	4.820
70.581	6.850
72.480	8.304
74.343	6.766
75.630	4.489
76.493	4.392
77.473	7.979
79.355	17.198
82.678	24.597
85.950	17.998
87.839	10.212
88.864	6.416
89.525	4.486
90.007	3.402
90.395	2.836
90.742	2.622
91.088	2.673
91.469	2.953
91.919	3.441
92.476	4.087
93.164	4.760
93.977	5.266
94.877	5.497
95.812	5.583
96.766	5.832
97.775	6.550
98.919	7.879
100.275	9.604
101.845	11.156
103.539	12.081
105.236	12.203
106.832	11.306
108.221	9.409
109.327	7.104
110.148	5.143
110.755	3.951
111.248	3.634
111.742	4.248
112.371	5.998
113.303	9.142
114.711	13.166
116.582	15.679
118.546	14.469
120.167	10.951
121.324	7.573
122.117	5.169
122.670	3.688
123.085	2.935
123.439	2.768
123.804	3.159
124.257	4.260
124.911	6.416
125.927	9.863
127.442	13.573
129.326	14.666
131.114	12.250
132.486	9.408
133.537	8.627
134.555	10.840
135.900	17.228
138.002	28.217
141.060	37.490
144.396	34.457
146.953	23.237
148.521	14.266
149.469	9.732
150.136	8.081
150.717	7.982
151.315	8.719
151.990	9.871
152.768	11.069
153.647	11.917
154.591	12.093
155.543	11.562
156.447	10.673
157.284	10.002
158.082	10.102
158.909	11.369
159.864	13.943
161.045	17.444
162.496	20.577
164.133	21.423
165.741	19.087
167.100	14.794
168.120	10.531
168.843	7.366
169.359	5.379
169.750	4.279
170.076	3.778
170.380	3.684
170.692	3.897
171.039	4.380
171.447	5.161
171.947	6.384
172.587	8.468
173.465	12.482
174.788	20.594
176.933	34.913
180.220	50.538
184.168	52.486
187.537	39.391
189.773	25.677
191.169	17.207
192.106	12.507
192.798	9.741
193.351	8.003
193.817	6.912
194.232	6.273
194.621	5.951
195.003	5.836
195.390	5.836
195.788	5.881
196.201	5.938
196.628	6.026
197.074	6.252
197.552	6.857
198.096	8.303
198.783	11.380
199.758	17.173
201.234	26.217
203.389	36.000
206.070	39.969
208.703	35.040
210.798	26.918
212.340	21.471
213.572	19.643
214.717	20.068
215.892	21.205
217.124	21.825
218.371	21.192
219.557	19.253
220.618	16.586
221.525	14.006
222.295	12.192
222.978	11.607
223.648	12.662
224.406	15.911
225.384	22.063
226.751	31.382
228.651	42.075
231.055	49.016
233.631	47.046
235.903	37.360
237.598	26.156
238.750	17.743
239.533	12.749
240.109	10.239
240.586	9.250
241.033	9.185
241.490	9.748
241.989	10.823
242.555	12.375
243.215	14.383
243.992	16.775
244.904	19.371
245.955	21.859
247.132	23.845
248.398	25.021
249.704	25.338
251.005	25.064
252.275	24.637
253.513	24.455
254.734	24.736
255.964	25.502
257.225	26.615
258.530	27.808
259.878	28.681
261.247	28.765
262.596	27.669
263.871	25.293
265.018	21.929
266.001	18.141
266.810	14.515
267.460	11.452
267.979	9.119
268.400	7.513
268.757	6.547
269.077	6.118
269.388	6.152
269.711	6.611
270.070	7.514
270.491	8.955
271.005	11.126
271.660	14.369
272.519	19.172
273.673	25.988
275.219	34.587
277.210	42.989
279.545	47.438
281.943	45.299
284.081	38.278
285.806	30.784
287.167	25.958
288.324	24.535
289.435	25.845
290.618	28.699
291.926	31.761
293.353	33.838
294.840	34.305
296.313	33.363
297.720	31.786
299.043	30.306
300.296	29.180
301.495	28.167
302.647	26.806
303.734	24.762
304.731	22.019
305.613	18.871
306.368	15.740
307.000	12.989
307.527	10.824
307.974	9.302
308.367	8.377
308.731	7.965
309.086	7.972
309.451	8.309
309.841	8.899
310.268	9.657
310.739	10.489
311.258	11.280
311.822	11.905
312.422	12.241
313.042	12.205
313.662	11.777
314.264	11.016
314.829	10.044
315.349	9.009
315.820	8.050
316.249	7.273
316.644	6.753
317.021	6.540
317.397	6.689
317.794	7.299
318.242	8.563
318.786	10.860
319.498	14.866
320.493	21.588
321.943	31.863
324.020	44.621
326.737	54.762
329.757	56.051
332.559	49.279
334.865	42.037
336.795	40.502
338.675	46.511
340.837	58.447
343.463	70.808
346.442	75.284
349.362	67.498
351.793	51.999
353.574	36.750
354.807	26.076
355.687	20.324
356.391	18.358
357.048	19.084
357.749	21.782
358.564	25.955
359.541	31.057
360.708	36.265
362.054	40.463
363.528	42.575
365.046	42.123
366.514	39.601
367.870	36.252
369.100	33.442
370.234	32.162
371.330	32.863
372.459	35.546
373.685	39.878
375.056	45.208
376.594	50.628
378.288	55.106
380.091	57.781
381.935	58.290
383.751	56.859
385.484	54.135
387.104	50.825
388.604	47.447
389.990	44.262
391.274	41.308
392.466	38.502
393.572	35.736
394.597	32.931
395.540	30.078
396.402	27.231
397.184	24.486
397.890	21.956
398.527	19.736
399.105	17.888
399.635	16.438
400.127	15.376
400.595	14.669
401.047	14.269
401.493	14.117
401.941	14.155
402.397	14.328
402.864	14.585
403.346	14.886
403.842	15.205
404.356	15.532
404.885	15.885
405.433	16.303
406.001	16.858
406.594	17.643
407.223	18.775
407.899	20.364
408.639	22.494
409.464	25.165
410.391	28.242
411.431	31.392
412.581	34.109
413.817	35.813
415.098	36.091
416.370	34.901
417.584	32.643
418.709	30.007
419.739	27.726
420.693	26.405
421.611	26.471
422.542	28.240
423.548	31.988
424.697	38.003
426.065	46.533
427.728	57.585
429.749	70.564
432.155	83.770
434.897	94.370
437.839	99.272
440.776	96.939
443.508	88.521
445.903	77.126
447.929	65.973
449.632	57.128
451.095	51.325
452.408	48.392
453.648	47.725
454.872	48.558
456.117	50.132
457.398	51.775
458.712	52.969
460.046	53.423
461.382	53.063
462.697	52.019
463.977	50.505
465.213	48.725
466.400	46.815
467.536	44.805
468.620	42.656
469.651	40.310
470.623	37.728
471.533	34.927
472.376	31.978
473.149	28.990
473.851	26.089
474.487	23.383
475.060	20.958
475.577	18.863
476.048	17.113
476.480	15.705
476.881	14.613
477.259	13.808
477.621	13.255
477.974	12.924
478.322	12.788
478.672	12.827
479.028	13.028
479.395	13.384
479.777	13.901
480.179	14.587
480.605	15.462
481.064	16.557
481.560	17.911
482.103	19.567
482.702	21.581
483.368	24.009
484.115	26.904
484.956	30.305
485.906	34.229
486.979	38.655
488.187	43.512
489.538	48.673
491.035	53.954
492.674	59.096
494.440	63.733
496.310	67.382
498.246	69.466
500.198	69.435
502.104	66.978
503.902	62.204
505.540	55.675
506.981	48.234
508.216	40.739
509.252	33.849
510.111	27.946
510.823	23.161
511.416	19.449
511.920	16.680
512.358	14.695
512.749	13.339
513.110	12.484
513.453	12.030
513.790	11.907
514.129	12.071
514.477	12.501
514.844	13.200
515.237	14.199
515.665	15.565
516.141	17.420
516.681	19.970
517.308	23.554
518.057	28.698
518.978	36.154
520.145	46.826
521.654	61.407
523.608	79.530
526.070	98.586
528.996	113.585
532.194	119.806
535.386	117.109
538.365	111.013
541.101	108.865
543.739	115.404
546.497	130.663
549.549	149.508
552.913	162.795
556.404	161.796
559.699	144.295
562.505	116.124
564.682	86.131
566.260	60.548
567.357	41.513
568.108	28.497
568.627	20.032
568.996	14.676
569.270	11.325
569.486	9.229
569.665	7.905
569.821	7.056
569.963	6.498
570.096	6.121
570.223	5.859
570.347	5.672
570.468	5.537
570.589	5.440
570.708	5.375
570.829	5.337
570.949	5.327
571.072	5.346
571.197	5.400
571.325	5.494
571.456	5.637
571.594	5.842
571.739	6.125
571.893	6.510
572.059	7.029
572.242	7.730
572.446	8.679
572.680	9.978
572.953	11.777
573.280	14.299
573.684	17.876
574.197	22.982
574.865	30.250
575.750	40.412
576.935	54.044
578.508	70.965
580.535	89.349
583.008	105.164
585.799	113.298
588.664	110.632
591.334	98.509
593.620	81.667
595.465	64.939
596.910	51.112
598.044	40.941
598.955	34.090
599.722	29.917
600.405	27.865
601.050	27.587
601.700	28.931
602.391	31.905
603.162	36.604
604.055	43.140
605.111	51.537
606.373	61.591
607.870	72.749
609.616	84.045
611.599	94.218
613.773	102.013
616.070	106.545
618.409	107.512
620.711	105.118
622.910	99.854
624.956	92.327
626.815	83.210
628.464	73.258
629.901	63.252
631.131	53.895
632.175	45.707
633.061	38.981
633.819	33.813
634.481	30.146
635.077	27.839
635.635	26.714
636.176	26.588
636.721	27.275
637.286	28.595
637.884	30.356
638.522	32.355
639.206	34.368
639.935	36.164
640.703	37.518
641.500	38.246
642.312	38.238
643.123	37.476
643.917	36.048
644.681	34.129
645.404	31.950
646.083	29.760
646.718	27.796
647.315	26.255
647.884	25.294
648.437	25.028
648.991	25.539
649.563	26.878
650.172	29.070
650.836	32.102
651.575	35.899
652.406	40.305
653.340	45.050
654.382	49.750
655.528	53.935
656.762	57.137
658.059	59.002
659.384	59.416
660.707	58.561
662.000	56.890
663.249	55.008
664.452	53.550
665.623	53.064
666.786	53.946
667.970	56.406
669.212	60.450
670.542	65.829
671.985	72.023
673.553	78.230
675.237	83.472
677.010	86.813
678.824	87.646
680.625	85.915
682.364	82.162
684.004	77.331
685.534	72.487
686.958	68.555
688.302	66.176
689.599	65.667
690.888	67.036
692.203	69.979
693.575	73.905
695.018	77.961
696.528	81.123
698.084	82.422
699.646	81.180
701.165	77.238
702.593	70.998
703.892	63.270
705.041	55.006
706.034	47.055
706.883	40.009
707.606	34.179
708.228	29.660
708.771	26.407
709.260	24.309
709.717	23.251
710.159	23.140
710.605	23.941
711.072	25.675
711.580	28.440
712.149	32.400
712.803	37.771
713.571	44.797
714.487	53.655
715.584	64.317
716.896	76.350
718.441	88.715
720.213	99.722
722.170	107.276
724.232	109.592
726.290	105.952
728.235	97.114
729.984	84.976
731.491	71.794
732.752	59.439
733.792	49.069
734.651	41.176
735.377	35.820
736.015	32.870
736.609	32.168
737.200	33.618
737.828	37.218
738.532	43.035
739.353	51.126
740.332	61.392
741.508	73.409
742.908	86.200
744.535	98.145
746.360	107.143
748.316	111.197
750.304	109.188
752.215	101.418
753.956	89.498
755.468	75.666
756.733	61.993
757.762	49.899
758.590	40.104
759.257	32.783
759.807	27.827
760.281	25.056
760.714	24.326
761.144	25.604
761.605	28.983
762.136	34.682
762.780	42.975
763.583	54.094
764.598	67.984
765.869	83.998
767.427	100.590
769.266	115.223
771.331	124.834
773.517	126.927
775.685	120.768
777.700	107.834
779.461	91.087
780.926	73.663
782.099	57.851
783.016	44.799
783.726	34.744
784.280	27.385
784.720	22.225
785.082	18.752
785.391	16.535
785.669	15.238
785.928	14.616
786.180	14.502
786.435	14.787
786.697	15.395
786.973	16.279
787.268	17.408
787.587	18.753
787.933	20.289
788.311	21.982
788.723	23.784
789.172	25.638
789.658	27.462
790.181	29.165
790.738	30.642
791.326	31.795
791.936	32.535
792.562	32.805
793.194	32.586
793.822	31.920
794.438	30.904
795.036	29.694
795.612	28.522
796.170	27.697
796.715	27.660
797.268	29.069
797.858	32.959
798.543	41.021
799.414	55.998
800.623	82.013
802.403	124.258
805.068	186.283
808.935	262.874
814.087	331.584
820.097	358.857
826.065	329.270
831.134	262.941
834.961	192.762
837.676	137.630
839.588	100.331
840.980	76.616
842.049	61.540
842.914	51.516
843.644	44.362
844.276	38.867
844.833	34.400
845.329	30.631
845.773	27.395
846.173	24.615
846.534	22.239
846.864	20.230
847.166	18.563
847.445	17.213
847.707	16.157
847.955	15.372
848.193	14.842
848.426	14.552
848.656	14.494
848.888	14.665
849.125	15.075
849.371	15.741
849.631	16.696
849.910	17.999
850.214	19.729
850.550	22.013
850.929	25.032
851.364	29.043
851.874	34.411
852.484	41.639
853.227	51.380
854.149	64.432
855.307	81.658
856.773	103.708
858.620	130.549
860.914	160.757
863.678	190.950
866.869	215.955
870.357	230.423
873.944	231.419
877.418	219.868
880.614	199.851
883.443	176.390
885.891	153.338
887.990	132.750
889.788	115.287
891.341	100.829
892.695	88.979
893.888	79.330
894.952	71.558
895.913	65.411
896.794	60.717
897.614	57.322
898.393	55.103
899.145	53.938
899.884	53.704
900.624	54.285
901.376	55.557
902.148	57.376
902.948	59.595
903.781	62.058
904.650	64.584
905.554	66.979
906.493	69.078
907.461	70.699
908.450	71.698
909.451	71.990
910.456	71.536
911.452	70.347
912.429	68.506
913.381	66.138
914.298	63.397
915.177	60.446
916.016	57.459
916.815	54.579
917.574	51.930
918.299	49.626
918.995	47.743
919.666	46.339
920.322	45.471
920.968	45.182
921.613	45.501
922.267	46.488
922.939	48.187
923.638	50.647
924.378	53.942
925.169	58.138
926.024	63.277
926.957	69.395
927.982	76.462
929.111	84.333
930.354	92.762
931.717	101.311
933.196	109.359
934.781	116.158
936.451	120.936
938.170	122.986
939.900	121.917
941.596	117.711
943.215	110.736
944.724	101.686
946.099	91.401
947.326	80.705
948.406	70.284
949.344	60.626
950.152	52.022
950.847	44.595
951.445	38.354
951.961	33.243
952.411	29.173
952.810	26.076
953.169	23.912
953.502	22.737
953.823	22.768
954.149	24.479
954.507	28.864
954.939	37.781
955.516	54.665
956.367	85.560
957.712	140.175
959.913	231.738
963.490	370.797
968.989	546.168
976.574	700.497
985.474	746.311
994.075	650.940
1000.970	477.781
1005.732	311.950
1008.732	192.626
1010.557	118.827
1011.680	76.644
1012.410	53.300
1012.925	40.374
1013.320	33.008
1013.648	28.548
1013.934	25.607
1014.193	23.470
1014.433	21.768
1014.657	20.315
1014.867	19.018
1015.065	17.831
1015.252	16.730
1015.429	15.702
1015.596	14.741
1015.754	13.844
1015.903	13.010
1016.044	12.237
1016.178	11.526
1016.305	10.874
1016.425	10.285
1016.540	9.757
1016.650	9.292
1016.756	8.895
1016.858	8.567
1016.957	8.313
1017.053	8.144
1017.149	8.067
1017.245	8.100
1017.342	8.261
1017.442	8.579
1017.547	9.085
1017.659	9.836
1017.782	10.889
1017.920	12.333
1018.077	14.286
1018.262	16.896
1018.482	20.357
1018.750	24.927
1019.081	30.926
1019.495	38.744
1020.017	48.827
1020.678	61.647
1021.515	77.620
1022.568	96.939
1023.879	119.372
1025.484	143.975
1027.399	168.915
1029.616	191.522
1032.085	208.737
1034.724	218.098
1037.422	218.621
1040.074	211.162
1042.586	198.253
1044.908	182.807
1047.023	167.504
1048.945	154.101
1050.701	143.277
1052.330	135.098
1053.859	129.071
1055.318	124.596
1056.723	121.046
1058.084	117.892
1059.407	114.794
1060.691	111.521
1061.935	108.025
1063.138	104.342
1064.297	100.584
1065.413	96.909
1066.488	93.482
1067.524	90.459
1068.527	87.975
1069.503	86.132
1070.460	85.001
1071.406	84.622
1072.349	84.998
1073.299	86.091
1074.261	87.834
1075.245	90.118
1076.253	92.774
1077.294	95.644
1078.365	98.481
1079.467	101.047
1080.597	103.115
1081.746	104.475
1082.909	104.966
1084.074	104.496
1085.230	103.074
1086.369	100.781
1087.478	97.777
1088.554	94.276
1089.589	90.517
1090.583	86.736
1091.534	83.140
1092.447	79.890
1093.326	77.107
1094.174	74.847
1095.001	73.126
1095.809	71.893
1096.607	71.091
1097.397	70.607
1098.183	70.325
1098.969	70.130
1099.753	69.894
1100.536	69.504
1101.315	68.877
1102.088	67.944
1102.852	66.666
1103.602	65.043
1104.335	63.095
1105.046	60.873
1105.733	58.443
1106.394	55.876
1107.027	53.257
1107.633	50.665
1108.210	48.167
1108.761	45.829
1109.287	43.697
1109.791	41.806
1110.275	40.179
1110.742	38.834
1111.196	37.768
1111.640	36.977
1112.078	36.457
1112.511	36.175
1112.944	36.132
1113.378	36.280
1113.816	36.615
1114.261	37.086
1114.714	37.677
1115.176	38.350
1115.648	39.066
1116.132	39.804
1116.626	40.524
1117.131	41.209
1117.647	41.831
1118.173	42.386
1118.707	42.862
1119.249	43.279
1119.798	43.658
1120.353	44.041
1120.916	44.498
1121.487	45.115
1122.068	46.024
1122.663	47.383
1123.279	49.419
1123.926	52.412
1124.615	56.723
1125.367	62.806
1126.203	71.183
1127.156	82.431
1128.264	97.066
1129.568	115.370
1131.116	137.100
1132.943	161.135
1135.066	185.180
1137.470	205.825
1140.090	219.235
1142.822	222.351
1145.528	214.209
1148.080	196.377
1150.372	172.447
1152.354	146.523
1154.018	122.188
1155.398	101.764
1156.546	86.483
1157.526	76.725
1158.404	72.549
1159.245	73.916
1160.115	80.896
1161.076	93.687
1162.199	112.502
1163.550	137.306
1165.196	167.421
1167.188	200.964
1169.550	234.528
1172.259	263.247
1175.237	281.925
1178.354	286.663
1181.445	276.586
1184.361	254.221
1186.986	224.426
1189.266	192.473
1191.198	162.547
1192.818	137.173
1194.182	117.326
1195.348	103.079
1196.378	93.907
1197.321	89.240
1198.224	88.524
1199.125	91.348
1200.061	97.430
1201.063	106.600
1202.164	118.676
1203.390	133.429
1204.767	150.422
1206.314	168.925
1208.043	187.886
1209.951	205.887
1212.023	221.301
1214.226	232.556
1216.513	238.441
1218.828	238.389
1221.114	232.657
1223.318	222.206
1225.401	208.481
1227.337	193.012
1229.116	177.211
1230.739	162.063
1232.218	148.232
1233.567	135.982
1234.803	125.330
1235.940	116.137
1236.995	108.173
1237.977	101.185
1238.897	94.944
1239.761	89.254
1240.575	83.971
1241.340	78.989
1242.062	74.235
1242.742	69.676
1243.381	65.300
1243.982	61.106
1244.545	57.102
1245.073	53.304
1245.568	49.721
1246.030	46.369
1246.463	43.252
1246.869	40.373
1247.249	37.732
1247.606	35.330
1247.942	33.150
1248.259	31.197
1248.558	29.446
1248.842	27.902
1249.113	26.542
1249.372	25.369
1249.621	24.362
1249.861	23.526
1250.096	22.844
1250.324	22.325
1250.549	21.961
1250.770	21.761
1250.993	21.733
1251.215	21.889
1251.442	22.252
1251.673	22.847
1251.913	23.720
1252.163	24.921
1252.428	26.525
1252.712	28.622
1253.021	31.346
1253.361	34.855
1253.743	39.366
1254.176	45.149
1254.677	52.560
1255.263	62.025
1255.958	74.069
1256.791	89.285
1257.798	108.311
1259.019	131.707
1260.501	159.826
1262.289	192.541
1264.426	228.946
1266.936	267.114
1269.821	304.023
1273.043	335.950
1276.526	359.214
1280.167	371.282
1283.840	371.466
1287.434	360.980
1290.852	342.370
1294.035	318.594
1296.947	292.267
1299.584	265.428
1301.952	239.433
1304.069	215.143
1305.957	193.124
1307.643	173.687
1309.154	157.055
1310.518	143.293
1311.761	132.408
1312.911	124.308
1313.992	118.842
1315.027	115.816
1316.039	114.983
1317.046	116.064
1318.064	118.760
1319.108	122.703
1320.187	127.542
1321.308	132.858
1322.476	138.255
1323.688	143.294
1324.944	147.605
1326.232	150.839
1327.546	152.763
1328.871	153.227
1330.197	152.206
1331.508	149.796
1332.797	146.173
1334.048	141.602
1335.260	136.348
1336.423	130.719
1337.536	124.944
1338.600	119.276
1339.615	113.855
1340.584	108.824
1341.510	104.252
1342.399	100.197
1343.254	96.686
1344.080	93.748
1344.882	91.396
1345.667	89.672
1346.437	88.597
1347.201	88.237
1347.963	88.631
1348.731	89.850
1349.512	91.953
1350.313	94.971
1351.142	98.945
1352.009	103.842
1352.918	109.596
1353.881	116.072
1354.899	123.033
1355.980	130.185
1357.121	137.128
1358.321	143.406
1359.574	148.556
1360.868	152.104
1362.187	153.680
1363.514	153.055
1364.832	150.164
1366.119	145.138
1367.358	138.269
1368.534	129.996
1369.639	120.801
1370.661	111.238
1371.602	101.741
1372.463	92.753
1373.248	84.557
1373.965	77.391
1374.622	71.381
1375.231	66.594
1375.802	63.046
1376.345	60.715
1376.870	59.543
1377.388	59.469
1377.909	60.412
1378.440	62.282
1378.991	64.980
1379.568	68.394
1380.178	72.385
1380.825	76.802
1381.514	81.470
1382.244	86.175
1383.018	90.704
1383.834	94.831
1384.687	98.311
1385.570	100.939
1386.477	102.530
1387.396	102.971
1388.319	102.198
1389.233	100.232
1390.128	97.169
1390.995	93.156
1391.825	88.410
1392.614	83.148
1393.355	77.630
1394.048	72.081
1394.692	66.728
1395.289	61.772
1395.843	57.383
1396.360	53.713
1396.846	50.922
1397.309	49.148
1397.759	48.557
1398.207	49.335
1398.666	51.731
1399.151	56.030
1399.681	62.587
1400.277	71.805
1400.966	84.170
1401.777	100.128
1402.744	120.048
1403.904	144.074
1405.293	171.867
1406.946	202.555
1408.874	234.140
1411.086	264.093
1413.545	288.994
1416.200	305.679
1418.962	311.864
1421.733	306.897
1424.418	292.097
1426.933	270.167
1429.232	244.511
1431.292	218.213
1433.116	193.662
1434.727	172.215
1436.156	154.379
1437.437	140.091
1438.599	128.879
1439.670	120.150
1440.671	113.273
1441.614	107.676
1442.513	102.899
1443.373	98.557
1444.197	94.399
1444.988	90.252
1445.745	86.025
1446.466	81.683
1447.153	77.233
1447.802	72.720
1448.415	68.192
1448.990	63.719
1449.529	59.351
1450.032	55.150
1450.500	51.161
1450.937	47.409
1451.341	43.937
1451.718	40.740
1452.069	37.839
1452.397	35.229
1452.703	32.911
1452.990	30.882
1453.261	29.133
1453.518	27.662
1453.764	26.463
1454.000	25.542
1454.229	24.900
1454.454	24.548
1454.677	24.512
1454.902	24.818
1455.131	25.520
1455.368	26.678
1455.618	28.388
1455.885	30.770
1456.178	34.007
1456.503	38.347
1456.874	44.126
1457.302	51.797
1457.809	62.038
1458.420	75.707
1459.169	93.966
1460.103	118.376
1461.280	150.622
1462.780	192.734
1464.688	246.054
1467.109	310.827
1470.123	384.176
1473.784	459.334
1478.055	524.930
1482.791	567.622
1487.756	577.340
1492.634	551.709
1497.155	497.675
1501.123	427.721
1504.457	354.477
1507.180	286.788
1509.354	229.337
1511.084	183.011
1512.459	147.023
1513.564	119.625
1514.465	99.042
1515.214	83.692
1515.849	72.309
1516.401	63.911
1516.892	57.786
1517.338	53.383
1517.753	50.310
1518.147	48.281
1518.526	47.048
1518.899	46.469
1519.268	46.388
1519.639	46.709
1520.014	47.332
1520.396	48.183
1520.786	49.201
1521.186	50.308
1521.597	51.462
1522.018	52.596
1522.450	53.674
1522.891	54.636
1523.343	55.453
1523.802	56.079
1524.268	56.488
1524.738	56.656
1525.210	56.566
1525.683	56.209
1526.154	55.581
1526.621	54.695
1527.081	53.567
1527.533	52.214
1527.974	50.662
1528.404	48.942
1528.820	47.088
1529.221	45.132
1529.606	43.112
1529.976	41.054
1530.329	38.992
1530.666	36.952
1530.985	34.959
1531.289	33.026
1531.577	31.181
1531.850	29.425
1532.109	27.768
1532.354	26.228
1532.587	24.793
1532.808	23.476
1533.018	22.272
1533.219	21.180
1533.410	20.202
1533.594	19.330
1533.770	18.569
1533.941	17.916
1534.107	17.372
1534.268	16.945
1534.427	16.638
1534.583	16.470
1534.739	16.465
1534.897	16.655
1535.057	17.093
1535.222	17.868
1535.397	19.093
1535.585	20.943
1535.794	23.693
1536.033	27.700
1536.315	33.540
1536.660	42.002
1537.097	54.208
1537.665	71.717
1538.422	96.529
1539.444	131.103
1540.832	177.915
1542.706	238.570
1545.194	312.227
1548.393	393.107
1552.328	469.377
1556.884	524.451
1561.795	543.383
1566.698	520.965
1571.236	464.981
1575.163	391.742
1578.397	317.702
1580.979	253.867
1583.025	204.895
1584.675	170.942
1586.057	150.004
1587.280	139.535
1588.426	137.152
1589.562	140.969
1590.736	149.522
1591.983	161.623
1593.334	176.296
1594.804	192.540
1596.404	209.335
1598.137	225.570
1599.991	240.037
1601.952	251.585
1603.989	259.189
1606.069	262.166
1608.157	260.235
1610.209	253.556
1612.193	242.731
1614.076	228.647
1615.837	212.383
1617.466	194.894
1618.950	177.152
1620.297	159.816
1621.508	143.425
1622.591	128.285
1623.562	114.521
1624.428	102.197
1625.200	91.264
1625.893	81.618
1626.511	73.168
1627.069	65.776
1627.571	59.343
1628.026	53.753
1628.439	48.926
1628.817	44.776
1629.163	41.258
1629.485	38.309
1629.784	35.922
1630.067	34.074
1630.337	32.784
1630.598	32.090
1630.855	32.045
1631.114	32.759
1631.381	34.373
1631.663	37.082
1631.970	41.159
1632.314	46.964
1632.709	54.952
1633.175	65.742
1633.736	80.074
1634.422	98.837
1635.272	123.010
1636.331	153.598
1637.653	191.421
1639.295	236.657
1641.311	288.452
1643.748	344.402
1646.620	400.019
1649.901	449.162
1653.519	484.949
1657.340	501.932
1661.210	497.639
1664.965	473.772
1668.469	435.447
1671.634	388.979
1674.423	340.689
1676.838	294.869
1678.913	254.144
1680.691	219.440
1682.223	190.653
1683.552	167.198
1684.719	148.296
1685.754	133.240
1686.686	121.487
1687.537	112.682
1688.330	106.673
1689.085	103.477
1689.820	103.362
1690.558	106.791
1691.326	114.365
1692.152	126.968
1693.076	145.769
1694.141	171.985
1695.400	206.906
1696.917	251.708
1698.757	306.611
1700.988	370.652
1703.663	440.624
1706.799	510.303
1710.383	571.387
1714.314	614.030
1718.457	630.289
1722.618	616.525
1726.601	574.913
1730.241	512.857
1733.435	439.963
1736.134	365.516
1738.354	296.153
1740.137	235.811
1741.550	185.752
1742.661	145.676
1743.531	114.420
1744.216	90.437
1744.759	72.261
1745.194	58.590
1745.549	48.336
1745.843	40.656
1746.092	34.888
1746.307	30.547
1746.496	27.263
1746.666	24.767
1746.822	22.859
1746.966	21.394
1747.102	20.266
1747.231	19.396
1747.356	18.730
1747.477	18.223
1747.595	17.846
1747.711	17.575
1747.827	17.394
1747.941	17.291
1748.055	17.257
1748.170	17.285
1748.286	17.372
1748.402	17.512
1748.520	17.707
1748.640	17.955
1748.763	18.257
1748.888	18.617
1749.016	19.037
1749.147	19.524
1749.282	20.087
1749.423	20.730
1749.568	21.465
1749.719	22.313
1749.877	23.291
1750.043	24.418
1750.216	25.729
1750.401	27.266
1750.599	29.071
1750.808	31.203
1751.036	33.753
1751.283	36.806
1751.554	40.481
1751.854	44.956
1752.187	50.377
1752.563	57.003
1752.991	65.123
1753.482	75.014
1754.049	87.101
1754.709	101.773
1755.484	119.434
1756.393	140.495
1757.463	165.170
1758.720	193.502
1760.189	225.147
1761.891	259.178
1763.839	294.086
1766.032	327.716
1768.452	357.284
1771.062	380.069
1773.804	393.698
1776.608	396.766
1779.397	389.286
1782.100	372.626
1784.655	349.184
1787.028	321.798
1789.195	293.227
1791.157	265.722
1792.927	240.812
1794.525	219.347
1795.979	201.637
1797.316	187.506
1798.559	176.568
1799.730	168.299
1800.847	162.137
1801.925	157.526
1802.972	153.957
1803.997	150.996
1805.001	148.295
1805.989	145.547
1806.959	142.554
1807.906	139.189
1808.832	135.350
1809.733	131.032
1810.604	126.293
1811.445	121.145
1812.250	115.706
1813.019	110.080
1813.753	104.332
1814.448	98.606
1815.105	92.968
1815.726	87.490
1816.311	82.253
1816.862	77.297
1817.382	72.634
1817.871	68.312
1818.332	64.313
1818.767	60.645
1819.179	57.299
1819.569	54.246
1819.940	51.475
1820.292	48.961
1820.629	46.681
1820.952	44.600
1821.260	42.712
1821.557	40.983
1821.844	39.392
1822.119	37.928
1822.386	36.567
1822.644	35.296
1822.893	34.105
1823.136	32.979
1823.372	31.911
1823.599	30.893
1823.822	29.925
1824.038	28.996
1824.249	28.098
1824.452	27.248
1824.651	26.429
1824.845	25.643
1825.034	24.901
1825.218	24.196
1825.398	23.530
1825.572	22.917
1825.744	22.346
1825.912	21.836
1826.076	21.387
1826.239	21.002
1826.399	20.700
1826.557	20.479
1826.715	20.362
1826.872	20.353
1827.030	20.476
1827.190	20.747
1827.353	21.192
1827.520	21.836
1827.694	22.721
1827.875	23.882
1828.067	25.369
1828.273	27.248
1828.494	29.584
1828.736	32.459
1829.004	35.980
1829.301	40.248
1829.636	45.386
1830.015	51.543
1830.448	58.849
1830.943	67.434
1831.513	77.451
1832.168	88.940
1832.922	101.915
1833.787	116.336
1834.772	131.896
1835.887	148.200
1837.138	164.704
1838.522	180.547
1840.029	194.828
1841.650	206.626
1843.353	215.038
1845.114	219.490
1846.898	219.775
1848.670	216.055
1850.399	208.942
1852.062	199.357
1853.639	188.317
1855.121	176.892
1856.512	166.026
1857.813	156.459
1859.040	148.723
1860.208	143.170
1861.333	139.928
1862.436	139.021
1863.535	140.357
1864.646	143.749
1865.786	148.954
1866.969	155.699
1868.205	163.673
1869.504	172.551
1870.873	182.060
1872.313	191.993
1873.826	202.318
1875.419	213.185
1877.092	225.025
1878.849	238.595
1880.711	254.934
1882.693	275.402
1884.826	301.474
1887.155	334.355
1889.724	374.766
1892.585	422.371
1895.779	474.796
1899.325	527.813
1903.206	575.065
1907.356	609.158
1911.665	623.911
1915.982	615.980
1920.156	586.351
1924.049	539.861
1927.574	483.430
1930.683	424.140
1933.381	367.475
1935.698	316.931
1937.687	273.953
1939.400	238.676
1940.890	210.288
1942.203	187.693
1943.376	169.699
1944.439	155.185
1945.411	143.243
1946.310	133.156
1947.148	124.350
1947.931	116.442
1948.664	109.174
1949.353	102.348
1950.000	95.865
1950.606	89.680
1951.174	83.761
1951.706	78.102
1952.203	72.721
1952.667	67.637
1953.099	62.862
1953.501	58.414
1953.876	54.295
1954.226	50.508
1954.552	47.070
1954.857	43.968
1955.143	41.191
1955.412	38.745
1955.665	36.628
1955.907	34.820
1956.137	33.327
1956.358	32.173
1956.573	31.352
1956.783	30.902
1956.991	30.885
1957.201	31.365
1957.415	32.471
1957.638	34.387
1957.876	37.377
1958.137	41.830
1958.432	48.308
1958.776	57.605
1959.188	70.847
1959.698	89.628
1960.348	116.121
1961.196	153.209
1962.316	204.343
1963.809	273.541
1965.802	364.353
1968.442	478.314
1971.858	611.790
1976.155	753.665
1981.330	883.209
1987.209	973.659
1993.490	1002.480
1999.741	961.600
2005.538	862.794
2010.595	730.445
2014.778	590.836
2018.101	463.090
2020.674	356.648
2022.642	273.348
2024.147	210.887
2025.306	165.356
2026.218	132.589
2026.953	109.210
2027.560	92.475
2028.078	80.396
2028.531	71.554
2028.936	64.944
2029.305	59.882
2029.647	55.906
2029.968	52.685
2030.272	50.004
2030.561	47.722
2030.838	45.730
2031.105	43.959
2031.362	42.364
2031.610	40.906
2031.851	39.560
2032.085	38.310
2032.312	37.140
2032.533	36.039
2032.748	35.002
2032.958	34.024
2033.162	33.092
2033.362	32.210
2033.557	31.375
2033.747	30.584
2033.933	29.840
2034.116	29.136
2034.295	28.484
2034.471	27.883
2034.643	27.339
2034.812	26.862
2034.980	26.461
2035.146	26.148
2035.310	25.946
2035.474	25.880
2035.638	25.986
2035.803	26.307
2035.972	26.906
2036.145	27.860
2036.325	29.276
2036.516	31.295
2036.721	34.103
2036.946	37.943
2037.198	43.138
2037.487	50.109
2037.824	59.398
2038.226	71.705
2038.714	87.881
2039.315	108.993
2040.062	136.234
2040.998	170.920
2042.173	214.256
2043.643	267.045
2045.468	329.212
2047.703	399.141
2050.387	473.111
2053.530	544.970
2057.096	606.775
2060.997	650.251
2065.099	669.283
2069.237	662.200
2073.252	632.694
2077.026	588.740
2080.485	540.702
2083.628	498.689
2086.508	471.173
2089.222	464.506
2091.898	482.994
2094.680	529.352
2097.729	603.809
2101.188	703.508
2105.183	821.296
2109.784	943.670
2114.975	1051.809
2120.635	1124.749
2126.542	1145.452
2132.406	1107.266
2137.936	1016.544
2142.898	889.985
2147.158	747.856
2150.683	607.858
2153.515	481.802
2155.741	375.419
2157.465	289.822
2158.791	223.194
2159.811	172.638
2160.603	134.964
2161.223	107.337
2161.718	87.410
2162.121	73.312
2162.463	63.624
2162.762	57.265
2163.032	53.552
2163.286	51.985
2163.536	52.229
2163.787	54.041
2164.049	57.407
2164.329	62.346
2164.634	68.888
2164.972	77.183
2165.354	87.510
2165.788	100.100
2166.284	115.153
2166.859	133.154
2167.524	154.426
2168.295	179.101
2169.192	207.669
2170.232	240.203
2171.431	276.449
2172.814	316.322
2174.390	358.904
2176.172	403.006
2178.168	447.131
2180.365	489.014
2182.757	526.521
2185.312	557.247
2187.994	579.278
2190.763	591.386
2193.559	593.199
2196.346	585.378
2199.070	569.695
2201.704	548.319
2204.218	524.021
2206.609	499.405
2208.875	476.894
2211.031	458.279
2213.094	444.878
2215.094	437.405
2217.055	436.090
2219.005	440.589
2220.972	450.230
2222.977	463.905
2225.037	480.297
2227.163	497.743
2229.359	514.487
2231.615	528.767
2233.922	538.979
2236.262	543.815
2238.612	542.335
2240.939	534.218
2243.219	519.554
2245.424	499.053
2247.531	473.820
2249.522	445.130
2251.388	414.343
2253.115	382.896
2254.705	352.035
2256.166	322.539
2257.504	295.173
2258.724	270.583
2259.842	248.854
2260.871	230.029
2261.824	214.089
2262.710	200.982
2263.543	190.348
2264.335	181.952
2265.092	175.601
2265.823	170.957
2266.537	167.753
2267.238	165.781
2267.932	164.784
2268.624	164.531
2269.315	164.841
2270.009	165.528
2270.707	166.411
2271.408	167.358
2272.115	168.229
2272.827	168.909
2273.542	169.297
2274.259	169.307
2274.977	168.876
2275.693	167.951
2276.406	166.504
2277.114	164.520
2277.813	161.998
2278.503	158.948
2279.180	155.398
2279.843	151.393
2280.488	146.980
2281.116	142.212
2281.725	137.141
2282.312	131.828
2282.877	126.340
2283.419	120.752
2283.937	115.111
2284.433	109.454
2284.905	103.837
2285.354	98.325
2285.779	92.945
2286.181	87.717
2286.562	82.670
2286.921	77.848
2287.261	73.229
2287.582	68.834
2287.883	64.689
2288.167	60.786
2288.435	57.107
2288.687	53.654
2288.925	50.456
2289.148	47.466
2289.360	44.682
2289.559	42.112
2289.748	39.743
2289.926	37.542
2290.096	35.511
2290.256	33.657
2290.408	31.949
2290.554	30.377
2290.693	28.943
2290.825	27.638
2290.952	26.437
2291.074	25.345
2291.191	24.360
2291.304	23.462
2291.414	22.646
2291.520	21.906
