<j>	<F>
1.246	20.230
3.002	11.614
4.179	10.899
5.196	11.156
6.054	12.657
7.215	14.244
8.585	11.436
9.532	12.759
11.137	12.035
12.467	10.583
13.346	11.228
14.237	12.121
15.522	12.358
17.083	11.206
18.031	11.225
18.729	12.104
19.440	13.182
20.367	13.904
21.486	13.900
22.550	13.992
23.598	14.074
24.543	14.400
25.496	14.789
26.692	14.889
28.339	13.899
29.759	13.131
30.782	13.117
31.548	13.591
32.242	14.305
32.951	15.017
33.668	15.788
34.659	16.272
36.382	15.425
38.246	13.966
39.354	13.671
40.058	14.153
40.693	14.825
41.311	15.561
41.954	16.348
42.828	16.894
44.396	16.488
47.021	14.592
49.278	12.927
50.306	12.732
50.847	13.227
51.368	13.878
52.136	14.383
53.392	14.399
54.975	13.902
56.180	13.619
56.831	13.932
57.242	14.605
57.644	15.395
58.184	16.123
59.043	16.540
60.413	16.340
62.128	15.617
63.566	15.095
64.501	15.129
65.151	15.527
65.716	16.077
66.315	16.641
67.037	17.098
67.946	17.346
69.090	17.324
70.581	16.948
72.480	16.152
74.343	15.315
75.630	14.992
76.493	15.141
77.473	15.351
79.355	15.035
82.678	13.725
85.950	12.324
87.839	11.757
88.864	11.722
89.525	11.900
90.007	12.186
90.395	12.540
90.742	12.941
91.088	13.369
91.469	13.806
91.919	14.227
92.476	14.602
93.164	14.901
93.977	15.113
94.877	15.255
95.812	15.364
96.766	15.461
97.775	15.532
98.919	15.526
100.275	15.387
101.845	15.110
103.539	14.755
105.236	14.403
106.832	14.111
108.221	13.924
109.327	13.877
110.148	13.980
110.755	14.210
111.248	14.524
111.742	14.869
112.371	15.171
113.303	15.331
114.711	15.234
116.582	14.858
118.546	14.389
120.167	14.072
121.324	13.985
122.117	14.086
122.670	14.318
123.085	14.638
123.439	15.012
123.804	15.407
124.257	15.780
124.911	16.069
125.927	16.174
127.442	16.000
129.326	15.585
131.114	15.176
132.486	14.978
133.537	14.971
134.555	15.027
135.900	14.984
138.002	14.662
141.060	13.964
144.396	13.129
146.953	12.555
148.521	12.336
149.469	12.347
150.136	12.469
150.717	12.634
151.315	12.805
151.990	12.960
152.768	13.084
153.647	13.174
154.591	13.237
155.543	13.290
156.447	13.354
157.284	13.440
158.082	13.546
158.909	13.651
159.864	13.726
161.045	13.734
162.496	13.652
164.133	13.496
165.741	13.329
167.100	13.224
168.120	13.221
168.843	13.314
169.359	13.481
169.750	13.699
170.076	13.948
170.380	14.216
170.692	14.492
171.039	14.767
171.447	15.030
171.947	15.268
172.587	15.462
173.465	15.580
174.788	15.554
176.933	15.266
180.220	14.614
184.168	13.743
187.537	13.035
189.773	12.668
191.169	12.552
192.106	12.572
192.798	12.662
193.351	12.793
193.817	12.950
194.232	13.126
194.621	13.315
195.003	13.510
195.390	13.710
195.788	13.911
196.201	14.113
196.628	14.314
197.074	14.515
197.552	14.712
198.096	14.896
198.783	15.046
199.758	15.122
201.234	15.056
203.389	14.790
206.070	14.352
208.703	13.904
210.798	13.601
212.340	13.459
213.572	13.418
214.717	13.412
215.892	13.404
217.124	13.382
218.371	13.351
219.557	13.328
220.618	13.331
221.525	13.368
222.295	13.441
222.978	13.539
223.648	13.648
224.406	13.746
225.384	13.803
226.751	13.781
228.651	13.641
231.055	13.382
233.631	13.067
235.903	12.801
237.598	12.649
238.750	12.614
239.533	12.662
240.109	12.760
240.586	12.885
241.033	13.021
241.490	13.160
241.989	13.294
242.555	13.417
243.215	13.524
243.992	13.607
244.904	13.662
245.955	13.686
247.132	13.681
248.398	13.654
249.704	13.615
251.005	13.575
252.275	13.541
253.513	13.514
254.734	13.493
255.964	13.472
257.225	13.447
258.530	13.414
259.878	13.372
261.247	13.324
262.596	13.278
263.871	13.242
265.018	13.228
266.001	13.243
266.810	13.292
267.460	13.372
267.979	13.481
268.400	13.613
268.757	13.761
269.077	13.922
269.388	14.089
269.711	14.258
270.070	14.424
270.491	14.581
271.005	14.722
271.660	14.835
272.519	14.907
273.673	14.918
275.219	14.844
277.210	14.673
279.545	14.421
281.943	14.146
284.081	13.918
285.806	13.774
287.167	13.710
288.324	13.695
289.435	13.697
290.618	13.692
291.926	13.665
293.353	13.614
294.840	13.550
296.313	13.484
297.720	13.430
299.043	13.390
300.296	13.365
301.495	13.349
302.647	13.341
303.734	13.343
304.731	13.358
305.613	13.391
306.368	13.445
307.000	13.521
307.527	13.618
307.974	13.730
308.367	13.856
308.731	13.989
309.086	14.128
309.451	14.268
309.841	14.405
310.268	14.538
310.739	14.665
311.258	14.783
311.822	14.893
312.422	14.996
313.042	15.094
313.662	15.191
314.264	15.293
314.829	15.401
315.349	15.521
315.820	15.652
316.249	15.796
316.645	15.949
317.023	16.110
317.404	16.274
317.814	16.436
318.300	16.585
318.948	16.703
319.939	16.754
321.633	16.661
324.574	16.312
329.025	15.649
334.071	14.854
338.213	14.239
341.060	13.893
343.163	13.715
345.107	13.590
347.214	13.454
349.557	13.286
352.006	13.099
354.339	12.924
356.373	12.788
358.045	12.701
359.398	12.661
360.519	12.654
361.492	12.670
362.384	12.699
363.234	12.734
364.067	12.773
364.896	12.812
365.725	12.852
366.556	12.891
367.387	12.930
368.219	12.970
369.053	13.009
369.894	13.047
370.749	13.085
371.628	13.119
372.548	13.149
373.527	13.172
374.590	13.185
375.761	13.185
377.065	13.169
378.515	13.133
380.104	13.080
381.798	13.011
383.532	12.936
385.227	12.863
386.805	12.802
388.218	12.761
389.447	12.742
390.504	12.744
391.421	12.765
392.233	12.800
392.979	12.845
393.688	12.895
394.385	12.948
395.086	13.001
395.798	13.053
396.522	13.104
397.254	13.153
397.985	13.202
398.702	13.253
399.397	13.306
400.062	13.363
400.694	13.425
401.300	13.491
401.892	13.559
402.498	13.628
403.154	13.693
403.921	13.746
404.881	13.778
406.141	13.775
407.821	13.721
410.005	13.605
412.658	13.428
415.571	13.214
418.405	13.003
420.857	12.834
422.794	12.724
424.244	12.673
425.313	12.667
426.117	12.695
426.747	12.745
427.267	12.809
427.718	12.882
428.130	12.962
428.522	13.045
428.907	13.130
429.296	13.216
429.698	13.302
430.121	13.386
430.570	13.468
431.050	13.547
431.566	13.623
432.117	13.694
432.705	13.762
433.328	13.825
433.981	13.885
434.662	13.941
435.364	13.994
436.086	14.045
436.826	14.094
437.589	14.140
438.384	14.183
439.227	14.220
440.139	14.249
441.147	14.266
442.281	14.269
443.561	14.252
444.995	14.215
446.565	14.160
448.223	14.092
449.903	14.020
451.537	13.952
453.077	13.895
454.506	13.852
455.834	13.823
457.090	13.803
458.309	13.790
459.520	13.779
460.745	13.767
461.995	13.752
463.274	13.734
464.585	13.712
465.935	13.687
467.342	13.657
468.838	13.618
470.470	13.566
472.292	13.497
474.353	13.404
476.667	13.286
479.190	13.146
481.813	12.996
484.380	12.849
486.746	12.722
488.818	12.623
490.571	12.556
492.027	12.518
493.236	12.504
494.251	12.510
495.117	12.531
495.868	12.563
496.531	12.604
497.123	12.652
497.660	12.706
498.152	12.765
498.607	12.828
499.036	12.894
499.445	12.963
499.845	13.034
500.244	13.106
500.653	13.178
501.086	13.248
501.558	13.316
502.088	13.379
502.699	13.435
503.419	13.480
504.280	13.513
505.312	13.529
506.546	13.524
507.997	13.498
509.658	13.450
511.496	13.383
513.448	13.303
515.431	13.219
517.370	13.138
519.204	13.067
520.900	13.010
522.445	12.966
523.843	12.937
525.100	12.921
526.225	12.918
527.224	12.926
528.103	12.945
528.869	12.975
529.530	13.015
530.096	13.063
530.580	13.121
530.994	13.185
531.351	13.256
531.663	13.333
531.942	13.413
532.197	13.497
532.438	13.584
532.673	13.672
532.911	13.761
533.159	13.851
533.425	13.939
533.719	14.027
534.053	14.111
534.446	14.190
534.926	14.262
535.541	14.321
536.367	14.361
537.533	14.369
539.223	14.327
541.661	14.213
545.003	14.011
549.141	13.728
553.571	13.412
557.602	13.127
560.769	12.921
563.012	12.802
564.527	12.752
565.560	12.750
566.306	12.776
566.897	12.817
567.411	12.868
567.897	12.922
568.382	12.977
568.881	13.031
569.404	13.084
569.956	13.135
570.539	13.184
571.155	13.229
571.804	13.273
572.487	13.313
573.207	13.350
573.969	13.384
574.784	13.413
575.666	13.437
576.639	13.454
577.728	13.461
578.966	13.455
580.377	13.435
581.975	13.399
583.749	13.346
585.657	13.281
587.624	13.210
589.560	13.139
591.376	13.077
593.014	13.030
594.444	12.999
595.672	12.986
596.721	12.988
597.626	13.002
598.421	13.027
599.139	13.058
599.805	13.095
600.437	13.135
601.051	13.177
601.653	13.221
602.250	13.265
602.842	13.309
603.430	13.355
604.009	13.400
604.578	13.447
605.132	13.496
605.670	13.546
606.189	13.597
606.691	13.651
607.181	13.706
607.665	13.763
608.154	13.819
608.667	13.874
609.228	13.927
609.873	13.972
610.653	14.008
611.643	14.027
612.943	14.021
614.683	13.978
617.005	13.889
620.005	13.743
623.650	13.543
627.700	13.309
631.745	13.073
635.375	12.868
638.349	12.714
640.631	12.615
642.320	12.562
643.557	12.546
644.473	12.555
645.168	12.581
645.717	12.620
646.170	12.666
646.563	12.718
646.923	12.774
647.269	12.831
647.617	12.889
647.982	12.946
648.378	13.002
648.822	13.055
649.330	13.104
649.922	13.148
650.617	13.184
651.439	13.211
652.405	13.228
653.529	13.232
654.815	13.224
656.248	13.204
657.797	13.175
659.413	13.139
661.040	13.102
662.622	13.066
664.116	13.037
665.502	13.015
666.778	13.002
667.966	12.996
669.101	12.995
670.229	12.996
671.404	12.994
672.682	12.987
674.117	12.970
675.753	12.940
677.614	12.895
679.688	12.834
681.921	12.762
684.223	12.683
686.479	12.606
688.584	12.538
690.462	12.484
692.081	12.447
693.445	12.427
694.585	12.423
695.540	12.431
696.356	12.449
697.068	12.475
697.709	12.505
698.301	12.540
698.862	12.577
699.405	12.615
699.936	12.655
700.460	12.695
700.979	12.736
701.493	12.777
702.000	12.819
702.500	12.862
702.988	12.905
703.464	12.950
703.924	12.995
704.367	13.042
704.791	13.091
705.196	13.141
705.582	13.193
705.948	13.247
706.297	13.302
706.629	13.359
706.947	13.417
707.256	13.476
707.558	13.537
707.859	13.598
708.165	13.659
708.485	13.720
708.828	13.780
709.209	13.838
709.646	13.892
710.161	13.942
710.784	13.983
711.553	14.015
712.511	14.032
713.703	14.032
715.164	14.012
716.915	13.969
718.934	13.905
721.154	13.824
723.467	13.735
725.744	13.646
727.873	13.568
729.784	13.505
731.451	13.460
732.891	13.432
734.138	13.419
735.235	13.418
736.223	13.425
737.133	13.438
737.990	13.456
738.814	13.476
739.619	13.498
740.418	13.521
741.225	13.543
742.054	13.565
742.925	13.584
743.859	13.599
744.881	13.608
746.019	13.610
747.302	13.602
748.751	13.583
750.376	13.551
752.167	13.508
754.092	13.455
756.092	13.396
758.097	13.336
760.036	13.279
761.851	13.230
763.510	13.191
765.003	13.164
766.342	13.147
767.552	13.139
768.661	13.138
769.700	13.142
770.694	13.150
771.664	13.160
772.625	13.171
773.586	13.181
774.553	13.192
775.529	13.202
776.513	13.211
777.506	13.220
778.506	13.228
779.516	13.236
780.539	13.243
781.579	13.249
782.644	13.254
783.742	13.256
784.877	13.256
786.056	13.254
787.278	13.249
788.541	13.241
789.839	13.231
791.158	13.219
792.489	13.206
793.818	13.193
795.135	13.181
796.436	13.170
797.718	13.160
798.986	13.151
800.247	13.142
801.511	13.134
802.790	13.125
804.090	13.115
805.419	13.104
806.776	13.090
808.159	13.075
809.557	13.059
810.959	13.043
812.350	13.027
813.715	13.012
815.042	13.000
816.324	12.990
817.557	12.983
818.742	12.979
819.886	12.977
821.000	12.978
822.097	12.980
823.193	12.982
824.307	12.983
825.454	12.983
826.650	12.981
827.910	12.975
829.242	12.965
830.649	12.950
832.128	12.932
833.663	12.910
835.234	12.885
836.812	12.860
838.366	12.835
839.864	12.814
841.280	12.796
842.593	12.784
843.795	12.778
844.885	12.778
845.869	12.785
846.762	12.797
847.582	12.813
848.355	12.832
849.106	12.854
849.866	12.875
850.674	12.895
851.571	12.910
852.610	12.919
853.849	12.918
855.352	12.903
857.181	12.872
859.379	12.821
861.951	12.750
864.845	12.662
867.944	12.562
871.080	12.459
874.076	12.361
876.791	12.277
879.148	12.211
881.129	12.164
882.767	12.135
884.118	12.121
885.243	12.119
886.200	12.125
887.033	12.139
887.778	12.157
888.461	12.178
889.101	12.202
889.710	12.227
890.294	12.254
890.860	12.282
891.411	12.311
891.948	12.340
892.473	12.371
892.987	12.402
893.492	12.433
893.989	12.465
894.480	12.498
894.968	12.530
895.458	12.563
895.952	12.596
896.455	12.629
896.974	12.661
897.513	12.692
898.080	12.722
898.680	12.751
899.319	12.778
900.002	12.802
900.733	12.824
901.515	12.844
902.346	12.861
903.225	12.875
904.144	12.887
905.094	12.897
906.064	12.906
907.037	12.914
907.999	12.923
908.937	12.933
909.834	12.944
910.681	12.958
911.471	12.975
912.199	12.995
912.862	13.019
913.464	13.046
914.009	13.076
914.500	13.110
914.944	13.146
915.349	13.184
915.720	13.225
916.066	13.268
916.394	13.311
916.709	13.356
917.019	13.402
917.332	13.448
917.657	13.493
918.000	13.538
918.375	13.582
918.792	13.623
919.267	13.662
919.820	13.697
920.473	13.726
921.254	13.749
922.197	13.762
923.341	13.765
924.726	13.754
926.392	13.728
928.365	13.684
930.652	13.623
933.227	13.546
936.026	13.455
938.948	13.358
941.875	13.260
944.694	13.167
947.313	13.085
949.679	13.016
951.775	12.962
953.609	12.923
955.214	12.895
956.625	12.878
957.883	12.870
959.029	12.867
960.101	12.870
961.132	12.874
962.155	12.880
963.194	12.885
964.270	12.889
965.399	12.890
966.588	12.888
967.836	12.884
969.136	12.876
970.470	12.867
971.814	12.857
973.143	12.847
974.427	12.839
975.642	12.833
976.768	12.832
977.793	12.835
978.711	12.844
979.523	12.858
980.233	12.877
980.850	12.900
981.386	12.928
981.850	12.959
982.256	12.994
982.611	13.032
982.926	13.072
983.208	13.114
983.466	13.157
983.705	13.202
983.931	13.248
984.149	13.294
984.363	13.341
984.581	13.389
984.807	13.436
985.049	13.483
985.317	13.528
985.622	13.573
985.982	13.615
986.420	13.653
986.967	13.687
987.666	13.713
988.571	13.729
989.752	13.731
991.290	13.715
993.263	13.678
995.724	13.615
998.672	13.526
1002.015	13.417
1005.575	13.294
1009.108	13.172
1012.390	13.061
1015.265	12.970
1017.674	12.902
1019.643	12.856
1021.245	12.829
1022.571	12.816
1023.711	12.814
1024.741	12.817
1025.727	12.824
1026.722	12.831
1027.770	12.836
1028.911	12.838
1030.174	12.834
1031.583	12.824
1033.154	12.807
1034.887	12.783
1036.770	12.752
1038.777	12.714
1040.859	12.674
1042.968	12.631
1045.042	12.589
1047.030	12.551
1048.889	12.518
1050.588	12.491
1052.117	12.472
1053.474	12.460
1054.668	12.456
1055.716	12.458
1056.632	12.465
1057.438	12.478
1058.149	12.495
1058.781	12.515
1059.349	12.539
1059.862	12.565
1060.332	12.593
1060.765	12.623
1061.168	12.654
1061.547	12.687
1061.906	12.720
1062.250	12.755
1062.581	12.790
1062.902	12.826
1063.218	12.863
1063.529	12.899
1063.839	12.936
1064.152	12.974
1064.470	13.011
1064.798	13.048
1065.139	13.084
1065.499	13.120
1065.885	13.155
1066.302	13.189
1066.762	13.221
1067.272	13.251
1067.846	13.278
1068.496	13.302
1069.237	13.322
1070.083	13.337
1071.046	13.347
1072.141	13.351
1073.372	13.348
1074.741	13.338
1076.242	13.323
1077.857	13.301
1079.570	13.275
1081.354	13.245
1083.189	13.213
1085.061	13.179
1086.966	13.144
1088.917	13.108
1090.935	13.069
1093.054	13.027
1095.303	12.980
1097.702	12.927
1100.249	12.868
1102.909	12.804
1105.620	12.738
1108.292	12.672
1110.832	12.612
1113.156	12.560
1115.206	12.519
1116.954	12.490
1118.405	12.473
1119.580	12.468
1120.518	12.473
1121.255	12.486
1121.833	12.507
1122.284	12.533
1122.638	12.563
1122.916	12.597
1123.139	12.634
1123.319	12.672
1123.469	12.713
1123.595	12.754
1123.703	12.797
1123.800	12.840
1123.886	12.884
1123.966	12.929
1124.042	12.974
1124.113	13.020
1124.182	13.066
1124.250	13.113
1124.317	13.159
1124.383	13.206
1124.449	13.254
1124.516	13.301
1124.583	13.349
1124.652	13.398
1124.722	13.446
1124.793	13.495
1124.867	13.544
1124.943	13.593
1125.022	13.642
1125.105	13.691
1125.191	13.741
1125.283	13.791
1125.380	13.840
1125.484	13.890
1125.596	13.939
1125.720	13.989
1125.857	14.038
1126.012	14.086
1126.190	14.134
1126.401	14.180
1126.656	14.225
1126.973	14.267
1127.379	14.305
1127.916	14.337
1128.645	14.361
1129.657	14.371
1131.086	14.363
1133.119	14.326
1135.990	14.251
1139.948	14.126
1145.158	13.945
1151.556	13.711
1158.760	13.442
1166.136	13.168
1173.061	12.918
1179.158	12.707
1184.324	12.539
1188.642	12.409
1192.247	12.310
1195.269	12.235
1197.806	12.180
1199.937	12.140
1201.721	12.114
1203.208	12.098
1204.444	12.092
1205.469	12.094
1206.321	12.102
1207.027	12.116
1207.616	12.134
1208.108	12.156
1208.524	12.181
1208.876	12.208
1209.177	12.238
1209.437	12.269
1209.663	12.302
1209.862	12.335
1210.039	12.370
1210.198	12.406
1210.342	12.442
1210.474	12.479
1210.597	12.517
1210.711	12.555
1210.819	12.594
1210.923	12.633
1211.023	12.672
1211.121	12.712
1211.218	12.752
1211.315	12.792
1211.415	12.832
1211.518	12.873
1211.628	12.913
1211.746	12.953
1211.875	12.994
1212.021	13.033
1212.187	13.073
1212.382	13.111
1212.613	13.148
1212.893	13.184
1213.236	13.217
1213.663	13.248
1214.196	13.274
1214.869	13.295
1215.718	13.310
1216.789	13.315
1218.133	13.311
1219.797	13.293
1221.826	13.261
1224.241	13.214
1227.030	13.152
1230.140	13.076
1233.473	12.992
1236.901	12.903
1240.291	12.816
1243.534	12.734
1246.555	12.661
1249.332	12.597
1251.868	12.544
1254.198	12.499
1256.358	12.461
1258.391	12.428
1260.324	12.399
1262.184	12.374
1263.979	12.351
1265.718	12.329
1267.395	12.310
1269.008	12.294
1270.551	12.279
1272.017	12.268
1273.402	12.259
1274.707	12.252
1275.931	12.249
1277.081	12.248
1278.164	12.249
1279.189	12.253
1280.165	12.258
1281.107	12.265
1282.022	12.272
1282.925	12.280
1283.823	12.289
1284.730	12.297
1285.649	12.305
1286.593	12.312
1287.563	12.319
1288.566	12.324
1289.602	12.328
1290.673	12.331
1291.777	12.333
1292.911	12.334
1294.072	12.334
1295.254	12.333
1296.451	12.332
1297.659	12.330
1298.870	12.328
1300.082	12.325
1301.288	12.323
1302.488	12.322
1303.675	12.320
1304.852	12.319
1306.013	12.318
1307.163	12.318
1308.297	12.318
1309.417	12.319
1310.521	12.320
1311.609	12.322
1312.678	12.325
1313.727	12.328
1314.753	12.331
1315.753	12.336
1316.724	12.341
1317.665	12.348
1318.572	12.355
1319.443	12.364
1320.277	12.374
1321.071	12.385
1321.826	12.398
1322.542	12.411
1323.218	12.427
1323.856	12.443
1324.457	12.461
1325.021	12.480
1325.552	12.500
1326.052	12.522
1326.521	12.544
1326.962	12.568
1327.378	12.592
1327.771	12.617
1328.142	12.644
1328.495	12.671
1328.831	12.698
1329.152	12.727
1329.463	12.755
1329.763	12.785
1330.057	12.814
1330.346	12.844
1330.634	12.875
1330.923	12.905
1331.217	12.935
1331.520	12.965
1331.836	12.995
1332.168	13.025
1332.523	13.053
1332.905	13.081
1333.321	13.108
1333.776	13.134
1334.279	13.158
1334.834	13.180
1335.450	13.200
1336.133	13.217
1336.888	13.232
1337.720	13.244
1338.628	13.253
1339.615	13.260
1340.671	13.263
1341.792	13.264
1342.961	13.263
1344.167	13.260
1345.389	13.257
1346.612	13.253
1347.814	13.250
1348.986	13.248
1350.115	13.247
1351.196	13.248
1352.234	13.251
1353.237	13.255
1354.226	13.260
1355.232	13.265
1356.299	13.268
1357.487	13.268
1358.875	13.261
1360.561	13.245
1362.662	13.216
1365.297	13.168
1368.562	13.100
1372.487	13.008
1376.993	12.897
1381.866	12.772
1386.784	12.645
1391.412	12.526
1395.475	12.425
1398.846	12.346
1401.502	12.291
1403.532	12.257
1405.043	12.241
1406.159	12.238
1406.984	12.245
1407.601	12.259
1408.075	12.278
1408.448	12.301
1408.758	12.326
1409.023	12.353
1409.263	12.381
1409.487	12.410
1409.704	12.439
1409.921	12.468
1410.141	12.498
1410.369	12.527
1410.607	12.556
1410.859	12.585
1411.127	12.613
1411.415	12.641
1411.723	12.668
1412.056	12.695
1412.415	12.721
1412.804	12.746
1413.226	12.770
1413.684	12.793
1414.180	12.815
1414.717	12.835
1415.298	12.854
1415.924	12.872
1416.599	12.888
1417.320	12.902
1418.089	12.915
1418.905	12.926
1419.767	12.936
1420.672	12.944
1421.617	12.951
1422.599	12.957
1423.613	12.961
1424.659	12.964
1425.732	12.967
1426.834	12.968
1427.966	12.968
1429.131	12.968
1430.336	12.966
1431.589	12.962
1432.901	12.957
1434.284	12.950
1435.752	12.940
1437.313	12.927
1438.980	12.910
1440.752	12.890
1442.629	12.867
1444.599	12.841
1446.640	12.812
1448.726	12.781
1450.818	12.750
1452.884	12.720
1454.881	12.692
1456.780	12.667
1458.553	12.645
1460.186	12.628
1461.669	12.615
1463.003	12.608
1464.195	12.604
1465.251	12.606
1466.189	12.610
1467.017	12.619
1467.750	12.631
1468.402	12.645
1468.980	12.662
1469.499	12.681
1469.962	12.701
1470.382	12.723
1470.760	12.747
1471.105	12.772
1471.418	12.798
1471.705	12.824
1471.968	12.852
1472.210	12.881
1472.433	12.910
1472.640	12.940
1472.832	12.971
1473.010	13.002
1473.177	13.034
1473.333	13.066
1473.480	13.098
1473.618	13.132
1473.750	13.165
1473.876	13.199
1473.997	13.233
1474.114	13.267
1474.228	13.302
1474.341	13.337
1474.453	13.372
1474.565	13.408
1474.678	13.443
1474.795	13.479
1474.916	13.514
1475.044	13.550
1475.179	13.585
1475.324	13.620
1475.483	13.655
1475.657	13.690
1475.851	13.724
1476.069	13.757
1476.316	13.789
1476.597	13.821
1476.921	13.851
1477.294	13.879
1477.727	13.905
1478.230	13.929
1478.817	13.950
1479.499	13.968
1480.290	13.981
1481.206	13.990
1482.262	13.994
1483.469	13.992
1484.847	13.984
1486.408	13.970
1488.190	13.948
1490.243	13.916
1492.675	13.873
1495.682	13.812
1499.598	13.725
1504.938	13.596
1512.341	13.407
1522.311	13.146
1534.683	12.816
1548.221	12.455
1561.008	12.116
1571.512	11.846
1579.277	11.654
1584.674	11.532
1588.373	11.458
1590.966	11.416
1592.887	11.394
1594.402	11.383
1595.680	11.379
1596.810	11.379
1597.848	11.381
1598.820	11.385
1599.743	11.391
1600.625	11.397
1601.466	11.404
1602.272	11.412
1603.041	11.421
1603.775	11.431
1604.474	11.442
1605.137	11.454
1605.769	11.466
1606.369	11.479
1606.940	11.493
1607.485	11.507
1608.005	11.522
1608.505	11.538
1608.986	11.554
1609.454	11.571
1609.909	11.587
1610.357	11.604
1610.800	11.622
1611.243	11.639
1611.688	11.657
1612.138	11.674
1612.597	11.691
1613.068	11.708
1613.554	11.725
1614.058	11.741
1614.582	11.757
1615.127	11.772
1615.697	11.787
1616.291	11.801
1616.911	11.815
1617.558	11.828
1618.230	11.840
1618.927	11.852
1619.646	11.863
1620.386	11.874
1621.144	11.884
1621.914	11.894
1622.695	11.903
1623.481	11.913
1624.268	11.922
1625.050	11.931
1625.823	11.941
1626.583	11.951
1627.326	11.961
1628.047	11.972
1628.745	11.983
1629.416	11.995
1630.059	12.008
1630.672	12.021
1631.254	12.035
1631.806	12.050
1632.328	12.066
1632.821	12.083
1633.286	12.100
1633.722	12.118
1634.133	12.137
1634.521	12.157
1634.885	12.177
1635.227	12.198
1635.551	12.219
1635.856	12.241
1636.144	12.264
1636.417	12.287
1636.676	12.310
1636.923	12.334
1637.157	12.358
1637.381	12.383
1637.595	12.408
1637.800	12.433
1637.996	12.459
1638.186	12.484
1638.369	12.511
1638.545	12.537
1638.716	12.564
1638.883	12.591
1639.044	12.618
1639.202	12.645
1639.356	12.673
1639.506	12.701
1639.655	12.729
1639.801	12.757
1639.945	12.785
1640.088	12.814
1640.229	12.842
1640.370	12.871
1640.511	12.900
1640.651	12.929
1640.793	12.958
1640.935	12.987
1641.078	13.016
1641.224	13.045
1641.371	13.075
1641.522	13.104
1641.675	13.134
1641.833	13.163
1641.994	13.192
1642.160	13.222
1642.330	13.251
1642.507	13.280
1642.690	13.309
1642.879	13.339
1643.077	13.368
1643.281	13.396
1643.494	13.425
1643.717	13.454
1643.948	13.482
1644.191	13.510
1644.443	13.538
1644.707	13.565
1644.984	13.593
1645.272	13.620
1645.575	13.646
1645.891	13.672
1646.222	13.698
1646.569	13.724
1646.932	13.749
1647.311	13.773
1647.709	13.797
1648.125	13.820
1648.562	13.843
1649.021	13.865
1649.501	13.887
1650.006	13.907
1650.538	13.927
1651.097	13.946
1651.687	13.964
1652.309	13.981
1652.968	13.997
1653.666	14.012
1654.407	14.025
1655.195	14.036
1656.037	14.046
1656.938	14.054
1657.905	14.059
1658.947	14.063
1660.075	14.063
1661.300	14.060
1662.635	14.054
1664.098	14.043
1665.700	14.028
1667.460	14.008
1669.386	13.982
1671.483	13.951
1673.748	13.915
1676.162	13.873
1678.693	13.828
1681.297	13.780
1683.914	13.731
1686.484	13.683
1688.947	13.639
1691.253	13.600
1693.367	13.567
1695.261	13.540
1696.935	13.521
1698.397	13.508
1699.656	13.502
1700.736	13.501
1701.662	13.505
1702.452	13.514
1703.130	13.527
1703.717	13.542
1704.226	13.561
1704.676	13.581
1705.077	13.603
1705.441	13.626
1705.777	13.650
1706.093	13.675
1706.396	13.701
1706.693	13.727
1706.989	13.753
1707.291	13.779
1707.604	13.804
1707.934	13.830
1708.287	13.855
1708.670	13.879
1709.090	13.901
1709.555	13.923
1710.072	13.943
1710.652	13.961
1711.302	13.977
1712.033	13.990
1712.855	14.001
1713.776	14.008
1714.803	14.012
1715.945	14.012
1717.201	14.009
1718.574	14.001
1720.060	13.990
1721.647	13.976
1723.327	13.958
1725.082	13.938
1726.896	13.916
1728.750	13.892
1730.627	13.868
1732.512	13.843
1734.394	13.819
1736.261	13.795
1738.110	13.772
1739.938	13.749
1741.746	13.728
1743.534	13.707
1745.304	13.686
1747.058	13.666
1748.799	13.647
1750.527	13.628
1752.242	13.610
1753.946	13.592
1755.637	13.575
1757.314	13.558
1758.975	13.541
1760.620	13.526
1762.245	13.510
1763.846	13.496
1765.423	13.482
1766.968	13.469
1768.481	13.457
1769.957	13.446
1771.393	13.437
1772.784	13.428
1774.131	13.421
1775.429	13.416
1776.680	13.412
1777.883	13.409
1779.037	13.407
1780.147	13.407
1781.214	13.408
1782.239	13.411
1783.229	13.414
1784.185	13.419
1785.111	13.424
1786.012	13.430
1786.888	13.437
1787.745	13.445
1788.586	13.453
1789.412	13.461
1790.226	13.470
1791.033	13.479
1791.829	13.488
1792.620	13.498
1793.406	13.508
1794.185	13.518
1794.960	13.528
1795.731	13.538
1796.497	13.548
1797.258	13.559
1798.012	13.569
1798.760	13.580
1799.501	13.591
1800.232	13.602
1800.953	13.614
1801.663	13.626
1802.361	13.638
1803.045	13.651
1803.715	13.664
1804.368	13.678
1805.005	13.692
1805.624	13.707
1806.226	13.722
1806.810	13.737
1807.375	13.754
1807.922	13.771
1808.451	13.788
1808.964	13.806
1809.461	13.825
1809.941	13.844
1810.409	13.863
1810.867	13.883
1811.315	13.904
1811.756	13.924
1812.197	13.945
1812.638	13.965
1813.085	13.986
1813.547	14.006
1814.027	14.026
1814.537	14.045
1815.087	14.063
1815.689	14.080
1816.361	14.094
1817.119	14.106
1817.986	14.115
1818.987	14.120
1820.150	14.120
1821.503	14.114
1823.078	14.102
1824.898	14.082
1826.984	14.055
1829.340	14.019
1831.953	13.975
1834.795	13.925
1837.811	13.869
1840.934	13.809
1844.090	13.749
1847.205	13.690
1850.219	13.634
1853.089	13.582
1855.792	13.535
1858.321	13.494
1860.688	13.457
1862.906	13.425
1864.997	13.397
1866.983	13.373
1868.878	13.351
1870.704	13.331
1872.468	13.313
1874.179	13.297
1875.841	13.282
1877.457	13.268
1879.025	13.256
1880.546	13.245
1882.014	13.235
1883.429	13.227
1884.790	13.220
1886.094	13.215
1887.340	13.211
1888.530	13.209
1889.666	13.208
1890.748	13.209
1891.781	13.211
1892.768	13.214
1893.711	13.218
1894.618	13.224
1895.490	13.230
1896.331	13.238
1897.147	13.246
1897.939	13.254
1898.712	13.263
1899.469	13.273
1900.211	13.283
1900.941	13.294
1901.660	13.304
1902.370	13.315
1903.073	13.327
1903.768	13.338
1904.456	13.350
1905.139	13.361
1905.818	13.373
1906.493	13.385
1907.165	13.398
1907.835	13.410
1908.505	13.422
1909.176	13.434
1909.850	13.446
1910.531	13.459
1911.218	13.470
1911.917	13.482
1912.632	13.493
1913.362	13.504
1914.114	13.514
1914.889	13.524
1915.693	13.533
1916.526	13.541
1917.392	13.549
1918.293	13.555
1919.229	13.560
1920.201	13.565
1921.207	13.568
1922.246	13.571
1923.313	13.572
1924.405	13.573
1925.514	13.574
1926.635	13.574
1927.760	13.573
1928.882	13.573
1929.997	13.573
1931.096	13.574
1932.172	13.575
1933.225	13.576
1934.252	13.578
1935.247	13.581
1936.215	13.585
1937.157	13.590
1938.073	13.595
1938.970	13.601
1939.852	13.607
1940.724	13.614
1941.594	13.621
1942.468	13.628
1943.353	13.634
1944.258	13.640
1945.190	13.646
1946.157	13.650
1947.168	13.653
1948.228	13.656
1949.344	13.656
1950.523	13.655
1951.770	13.652
1953.085	13.647
1954.469	13.641
1955.921	13.632
1957.435	13.622
1958.998	13.610
1960.604	13.597
1962.238	13.583
1963.879	13.569
1965.513	13.555
1967.124	13.542
1968.690	13.530
1970.200	13.519
1971.641	13.509
1973.001	13.502
1974.279	13.497
1975.470	13.495
1976.572	13.494
1977.589	13.496
1978.526	13.500
1979.388	13.507
1980.182	13.515
1980.915	13.524
1981.594	13.536
1982.227	13.548
1982.821	13.562
1983.383	13.576
1983.918	13.592
1984.433	13.608
1984.934	13.624
1985.423	13.641
1985.907	13.658
1986.389	13.675
1986.872	13.692
1987.358	13.709
1987.852	13.726
1988.354	13.743
1988.865	13.760
1989.386	13.776
1989.920	13.792
1990.464	13.808
1991.020	13.823
1991.586	13.839
1992.163	13.854
1992.749	13.868
1993.342	13.883
1993.940	13.897
1994.545	13.911
1995.155	13.925
1995.766	13.939
1996.379	13.953
1996.995	13.967
1997.613	13.981
1998.230	13.995
1998.853	14.009
1999.481	14.022
2000.113	14.036
2000.755	14.049
2001.411	14.062
2002.082	14.075
2002.774	14.087
2003.490	14.098
2004.235	14.109
2005.015	14.119
2005.835	14.127
2006.700	14.135
2007.612	14.141
2008.579	14.145
2009.605	14.148
2010.689	14.149
2011.837	14.149
2013.054	14.146
2014.338	14.142
2015.692	14.135
2017.124	14.127
2018.636	14.116
2020.231	14.103
2021.926	14.088
2023.726	14.069
2025.644	14.048
2027.695	14.023
2029.888	13.994
2032.231	13.961
2034.722	13.925
2037.353	13.884
2040.100	13.841
2042.925	13.796
2045.786	13.749
2048.630	13.703
2051.401	13.659
2054.052	13.618
2056.541	13.581
2058.844	13.549
2060.950	13.522
2062.857	13.500
2064.577	13.483
2066.123	13.471
2067.520	13.463
2068.789	13.458
2069.949	13.457
2071.022	13.457
2072.026	13.460
2072.975	13.463
2073.881	13.468
2074.756	13.474
2075.605	13.481
2076.435	13.488
2077.250	13.496
2078.054	13.504
2078.846	13.512
2079.629	13.520
2080.402	13.529
2081.166	13.538
2081.918	13.547
2082.659	13.557
2083.389	13.566
2084.106	13.576
2084.811	13.587
2085.503	13.598
2086.183	13.609
2086.852	13.620
2087.512	13.632
2088.164	13.643
2088.812	13.655
2089.457	13.668
2090.105	13.680
2090.761	13.692
2091.429	13.703
2092.116	13.714
2092.829	13.725
2093.576	13.735
2094.368	13.744
2095.214	13.751
2096.125	13.757
2097.113	13.761
2098.189	13.763
2099.365	13.762
2100.652	13.759
2102.056	13.753
2103.584	13.743
2105.235	13.730
2107.004	13.714
2108.878	13.696
2110.840	13.675
2112.864	13.652
2114.922	13.629
2116.982	13.605
2119.009	13.582
2120.979	13.560
2122.863	13.540
2124.644	13.523
2126.309	13.508
2127.851	13.497
2129.273	13.488
2130.576	13.483
2131.770	13.480
2132.863	13.480
2133.867	13.482
2134.793	13.486
2135.652	13.492
2136.454	13.500
2137.208	13.508
2137.923	13.518
2138.607	13.528
2139.265	13.540
2139.904	13.551
2140.529	13.563
2141.142	13.576
2141.749	13.588
2142.350	13.601
2142.950	13.614
2143.550	13.627
2144.151	13.640
2144.755	13.653
2145.361	13.665
2145.970	13.678
2146.582	13.691
2147.198	13.703
2147.816	13.716
2148.435	13.728
2149.055	13.741
2149.674	13.753
2150.291	13.766
2150.904	13.779
2151.513	13.791
2152.115	13.804
2152.710	13.818
2153.296	13.831
2153.873	13.845
2154.439	13.858
2154.993	13.873
2155.536	13.887
2156.068	13.902
2156.588	13.917
2157.098	13.933
2157.597	13.948
2158.089	13.964
2158.575	13.981
2159.055	13.997
2159.535	14.013
2160.015	14.030
2160.500	14.046
2160.995	14.063
2161.502	14.078
2162.028	14.094
2162.579	14.109
2163.159	14.123
2163.776	14.137
2164.438	14.149
2165.151	14.160
2165.923	14.169
2166.761	14.177
2167.673	14.183
2168.665	14.187
2169.740	14.188
2170.902	14.187
2172.150	14.184
2173.482	14.179
2174.892	14.172
2176.368	14.162
2177.901	14.152
2179.472	14.140
2181.069	14.127
2182.671	14.114
2184.263	14.101
2185.831	14.089
2187.362	14.077
2188.847	14.067
2190.281	14.058
2191.662	14.051
2192.991	14.045
2194.271	14.040
2195.504	14.036
2196.699	14.034
2197.861	14.032
2198.994	14.031
2200.105	14.031
2201.199	14.031
2202.279	14.032
2203.350	14.033
2204.413	14.034
2205.471	14.035
2206.525	14.037
2207.579	14.038
2208.634	14.040
2209.693	14.041
2210.760	14.042
2211.844	14.043
2212.951	14.043
2214.093	14.043
2215.285	14.041
2216.543	14.038
2217.891	14.033
2219.350	14.025
