<j>	<Fwlc>
1049.526	13.253
1050.431	13.261
1051.223	13.275
1051.933	13.293
1052.583	13.314
1053.189	13.337
1053.761	13.362
1054.307	13.388
1054.833	13.416
1055.343	13.444
1055.842	13.473
1056.333	13.502
1056.820	13.532
1057.307	13.562
1057.799	13.592
1058.301	13.622
1058.818	13.651
1059.356	13.679
1059.921	13.706
1060.520	13.732
1061.159	13.756
1061.843	13.777
1062.576	13.797
1063.363	13.814
1064.204	13.828
1065.097	13.839
1066.040	13.849
1067.025	13.855
1068.043	13.861
1069.083	13.864
1070.135	13.867
1071.188	13.870
1072.232	13.873
1073.263	13.877
1074.278	13.882
1075.280	13.887
1076.277	13.893
1077.282	13.898
1078.312	13.903
1079.388	13.905
1080.535	13.905
1081.780	13.900
1083.154	13.890
1084.682	13.872
1086.390	13.846
1088.291	13.812
1090.384	13.768
1092.652	13.716
1095.055	13.658
1097.534	13.595
1100.018	13.533
1102.431	13.472
1104.709	13.418
1106.801	13.372
1108.678	13.336
1110.331	13.309
1111.766	13.292
1112.999	13.285
1114.054	13.285
1114.955	13.293
1115.727	13.306
1116.392	13.325
1116.970	13.348
1117.478	13.374
1117.931	13.402
1118.340	13.433
1118.715	13.466
1119.065	13.500
1119.396	13.535
1119.714	13.570
1120.022	13.607
1120.326	13.644
1120.628	13.681
1120.930	13.718
1121.235	13.756
1121.544	13.793
1121.861	13.830
1122.185	13.867
1122.520	13.904
1122.866	13.940
1123.225	13.976
1123.600	14.012
1123.992	14.046
1124.406	14.080
1124.844	14.113
1125.312	14.144
1125.817	14.174
1126.367	14.202
1126.976	14.228
1127.661	14.250
1128.449	14.267
1129.375	14.278
1130.488	14.281
1131.855	14.273
1133.560	14.250
1135.699	14.207
1138.368	14.140
1141.627	14.047
1145.460	13.928
1149.735	13.789
1154.201	13.640
1158.548	13.496
1162.492	13.368
1165.858	13.266
1168.593	13.191
1170.743	13.142
1172.402	13.114
1173.680	13.103
1174.674	13.105
1175.465	13.117
1176.118	13.134
1176.679	13.156
1177.184	13.181
1177.660	13.207
1178.129	13.234
1178.607	13.260
1179.107	13.286
1179.642	13.311
1180.220	13.334
1180.850	13.356
1181.538	13.375
1182.288	13.391
1183.101	13.405
1183.975	13.416
1184.908	13.425
1185.890	13.431
1186.910	13.436
1187.957	13.439
1189.014	13.442
1190.067	13.444
1191.100	13.448
1192.101	13.452
1193.061	13.458
1193.971	13.466
1194.830	13.477
1195.638	13.489
1196.401	13.503
1197.126	13.519
1197.824	13.537
1198.512	13.555
1199.207	13.573
1199.932	13.590
1200.714	13.605
1201.588	13.617
1202.590	13.624
1203.766	13.625
1205.159	13.616
1206.814	13.598
1208.762	13.567
1211.012	13.524
1213.537	13.470
1216.271	13.407
1219.109	13.338
1221.921	13.270
1224.583	13.206
1226.992	13.153
1229.089	13.111
1230.853	13.082
1232.299	13.066
1233.462	13.061
1234.388	13.066
1235.121	13.079
1235.704	13.098
1236.171	13.122
1236.550	13.149
1236.864	13.180
1237.129	13.213
1237.360	13.247
1237.564	13.283
1237.751	13.320
1237.924	13.357
1238.089	13.395
1238.248	13.434
1238.404	13.472
1238.559	13.511
1238.716	13.551
1238.876	13.590
1239.041	13.629
1239.215	13.668
1239.398	13.707
1239.596	13.746
1239.812	13.784
1240.052	13.821
1240.322	13.857
1240.632	13.892
1240.994	13.925
1241.425	13.956
1241.949	13.983
1242.598	14.005
1243.419	14.020
1244.473	14.026
1245.848	14.020
1247.657	13.997
1250.038	13.951
1253.140	13.878
1257.080	13.772
1261.885	13.633
1267.414	13.465
1273.344	13.282
1279.229	13.101
1284.646	12.937
1289.318	12.802
1293.154	12.698
1296.206	12.624
1298.600	12.574
1300.477	12.544
1301.964	12.528
1303.163	12.524
1304.148	12.526
1304.975	12.535
1305.684	12.548
1306.304	12.565
1306.855	12.584
1307.351	12.605
1307.804	12.627
1308.222	12.651
1308.611	12.676
1308.977	12.702
1309.322	12.729
1309.650	12.756
1309.964	12.785
1310.266	12.813
1310.557	12.842
1310.839	12.872
1311.115	12.902
1311.384	12.932
1311.648	12.963
1311.908	12.993
1312.166	13.024
1312.423	13.056
1312.678	13.087
1312.935	13.118
1313.193	13.150
1313.454	13.182
1313.718	13.213
1313.986	13.245
1314.261	13.276
1314.542	13.308
1314.830	13.339
1315.127	13.370
1315.434	13.401
1315.751	13.431
1316.080	13.461
1316.421	13.491
1316.775	13.521
1317.143	13.550
1317.525	13.578
1317.922	13.606
1318.335	13.634
1318.765	13.661
1319.212	13.687
1319.679	13.713
1320.169	13.738
1320.686	13.762
1321.236	13.785
1321.831	13.806
1322.484	13.825
1323.220	13.842
1324.068	13.854
1325.072	13.861
1326.290	13.860
1327.794	13.848
1329.665	13.824
1331.988	13.782
1334.823	13.722
1338.182	13.642
1341.995	13.545
1346.096	13.436
1350.245	13.325
1354.186	13.219
1357.706	13.129
1360.687	13.058
1363.103	13.007
1365.001	12.975
1366.463	12.959
1367.581	12.956
1368.443	12.962
1369.118	12.976
1369.664	12.994
1370.124	13.016
1370.528	13.041
1370.902	13.066
1371.261	13.093
1371.621	13.120
1371.993	13.146
1372.385	13.172
1372.807	13.197
1373.268	13.221
1373.778	13.243
1374.349	13.264
1374.991	13.282
1375.720	13.297
1376.552	13.309
1377.504	13.317
1378.594	13.320
1379.839	13.317
1381.256	13.309
1382.852	13.295
1384.630	13.274
1386.576	13.247
1388.667	13.215
1390.861	13.179
1393.107	13.141
1395.347	13.103
1397.522	13.066
1399.579	13.033
1401.480	13.005
1403.199	12.984
1404.728	12.968
1406.070	12.959
1407.236	12.956
1408.244	12.958
1409.117	12.965
1409.874	12.977
1410.538	12.991
1411.127	13.008
1411.660	13.028
1412.151	13.048
1412.617	13.070
1413.070	13.093
1413.526	13.116
1414.001	13.138
1414.513	13.159
1415.084	13.179
1415.743	13.196
1416.525	13.210
1417.478	13.218
1418.660	13.219
1420.144	13.211
1422.014	13.191
1424.353	13.156
1427.233	13.105
1430.682	13.035
1434.662	12.948
1439.039	12.848
1443.597	12.741
1448.076	12.636
1452.230	12.540
1455.884	12.460
1458.954	12.397
1461.443	12.352
1463.409	12.323
1464.936	12.308
1466.113	12.304
1467.021	12.308
1467.727	12.319
1468.284	12.334
1468.731	12.353
1469.099	12.375
1469.410	12.399
1469.680	12.424
1469.921	12.450
1470.142	12.477
1470.349	12.504
1470.546	12.532
1470.739	12.560
1470.930	12.588
1471.121	12.617
1471.315	12.645
1471.512	12.673
1471.715	12.702
1471.925	12.730
1472.143	12.758
1472.370	12.786
1472.608	12.814
1472.857	12.842
1473.118	12.869
1473.393	12.896
1473.682	12.923
1473.988	12.949
1474.310	12.975
1474.649	13.000
1475.008	13.025
1475.386	13.049
1475.785	13.073
1476.207	13.096
1476.653	13.118
1477.123	13.140
1477.620	13.160
1478.146	13.180
1478.701	13.199
1479.289	13.217
1479.912	13.234
1480.573	13.250
1481.273	13.264
1482.017	13.277
1482.807	13.289
1483.647	13.299
1484.539	13.307
1485.486	13.314
1486.489	13.318
1487.549	13.321
1488.665	13.322
1489.834	13.321
1491.052	13.318
1492.312	13.314
1493.605	13.309
1494.921	13.303
1496.249	13.297
1497.576	13.290
1498.891	13.283
1500.184	13.278
1501.446	13.273
1502.670	13.269
1503.852	13.267
1504.991	13.266
1506.087	13.266
1507.142	13.268
1508.162	13.271
1509.152	13.275
1510.117	13.280
1511.064	13.286
1511.998	13.292
1512.926	13.298
1513.851	13.305
1514.777	13.311
1515.706	13.317
1516.639	13.324
1517.574	13.330
1518.510	13.336
1519.446	13.342
1520.375	13.348
1521.296	13.355
1522.203	13.361
1523.093	13.369
1523.960	13.377
1524.802	13.386
1525.616	13.395
1526.401	13.406
1527.154	13.418
1527.875	13.431
1528.565	13.444
1529.225	13.459
1529.855	13.475
1530.457	13.492
1531.034	13.509
1531.587	13.528
1532.117	13.547
1532.627	13.567
1533.120	13.588
1533.595	13.609
1534.055	13.631
1534.501	13.654
1534.935	13.676
1535.357	13.700
1535.768	13.724
1536.169	13.748
1536.562	13.772
1536.946	13.797
1537.323	13.823
1537.693	13.848
1538.058	13.874
1538.418	13.900
1538.776	13.926
1539.132	13.953
1539.489	13.979
1539.847	14.006
1540.210	14.032
1540.581	14.059
1540.962	14.085
1541.357	14.110
1541.770	14.135
1542.206	14.160
1542.670	14.183
1543.168	14.206
1543.707	14.227
1544.293	14.246
1544.936	14.264
1545.645	14.279
1546.429	14.292
1547.300	14.302
1548.269	14.308
1549.351	14.310
1550.559	14.308
1551.907	14.300
1553.414	14.288
1555.094	14.269
1556.964	14.243
1559.040	14.211
1561.336	14.171
1563.860	14.123
1566.614	14.068
1569.588	14.006
1572.760	13.937
1576.095	13.863
1579.543	13.786
1583.047	13.707
1586.544	13.629
1589.979	13.553
1593.302	13.482
1596.482	13.415
1599.498	13.355
1602.347	13.300
1605.035	13.250
1607.574	13.206
1609.981	13.167
1612.271	13.131
1614.460	13.098
1616.558	13.069
1618.574	13.042
1620.509	13.018
1622.364	12.996
1624.135	12.977
1625.818	12.960
1627.407	12.946
1628.897	12.935
1630.285	12.926
1631.570	12.921
1632.750	12.919
1633.829	12.919
1634.812	12.922
1635.702	12.928
1636.508	12.937
1637.238	12.948
1637.898	12.960
1638.498	12.975
1639.045	12.991
1639.548	13.009
1640.013	13.028
1640.447	13.047
1640.858	13.068
1641.251	13.089
1641.633	13.111
1642.010	13.133
1642.387	13.155
1642.771	13.177
1643.168	13.198
1643.586	13.219
1644.031	13.240
1644.511	13.259
1645.037	13.278
1645.617	13.295
1646.265	13.310
1646.990	13.323
1647.807	13.333
1648.728	13.340
1649.766	13.344
1650.930	13.344
1652.228	13.340
1653.662	13.332
1655.228	13.320
1656.912	13.305
1658.695	13.286
1660.546	13.265
1662.430	13.243
1664.309	13.221
1666.143	13.200
1667.896	13.180
1669.539	13.164
1671.052	13.152
1672.422	13.143
1673.645	13.139
1674.725	13.139
1675.670	13.143
1676.491	13.151
1677.201	13.162
1677.813	13.176
1678.341	13.192
1678.797	13.211
1679.192	13.231
1679.536	13.254
1679.838	13.277
1680.104	13.302
1680.340	13.328
1680.552	13.354
1680.743	13.382
1680.918	13.410
1681.078	13.438
1681.227	13.467
1681.366	13.497
1681.498	13.527
1681.622	13.557
1681.741	13.587
1681.855	13.618
1681.966	13.649
1682.074	13.680
1682.179	13.711
1682.283	13.743
1682.385	13.774
1682.487	13.806
1682.589	13.838
1682.691	13.870
1682.793	13.903
1682.897	13.935
1683.004	13.967
1683.113	14.000
1683.225	14.032
1683.342	14.064
1683.464	14.097
1683.593	14.129
1683.730	14.161
1683.877	14.193
1684.036	14.225
1684.209	14.256
1684.401	14.287
1684.614	14.317
1684.854	14.347
1685.128	14.376
1685.443	14.403
1685.811	14.429
1686.244	14.452
1686.760	14.474
1687.382	14.491
1688.138	14.505
1689.065	14.513
1690.207	14.514
1691.619	14.507
1693.364	14.488
1695.505	14.457
1698.105	14.411
1701.203	14.349
1704.804	14.271
1708.864	14.179
1713.278	14.075
1717.898	13.964
1722.558	13.853
1727.110	13.746
1731.451	13.646
1735.533	13.556
1739.357	13.475
1742.953	13.401
1746.364	13.334
1749.629	13.273
1752.773	13.216
1755.804	13.162
1758.716	13.112
1761.495	13.066
1764.117	13.024
1766.566	12.987
1768.826	12.956
1770.891	12.929
1772.763	12.908
1774.451	12.892
1775.970	12.880
1777.338	12.873
1778.574	12.869
1779.700	12.868
1780.733	12.870
1781.692	12.874
1782.592	12.880
1783.447	12.887
1784.269	12.894
1785.068	12.903
1785.852	12.912
1786.627	12.921
1787.399	12.931
1788.172	12.940
1788.948	12.949
1789.729	12.959
1790.516	12.968
1791.309	12.977
1792.107	12.985
1792.908	12.994
1793.709	13.003
1794.509	13.011
1795.305	13.020
1796.093	13.029
1796.870	13.038
1797.633	13.048
1798.380	13.058
1799.108	13.068
1799.814	13.079
1800.497	13.091
1801.156	13.103
1801.789	13.116
1802.397	13.130
1802.978	13.144
1803.534	13.159
1804.065	13.175
1804.572	13.191
1805.056	13.208
1805.518	13.226
1805.960	13.244
1806.383	13.263
1806.788	13.283
1807.177	13.303
1807.552	13.323
1807.913	13.344
1808.262	13.365
1808.600	13.387
1808.929	13.408
1809.249	13.431
1809.562	13.453
1809.870	13.476
1810.172	13.499
1810.470	13.522
1810.767	13.545
1811.062	13.568
1811.358	13.592
1811.658	13.615
1811.963	13.638
1812.276	13.661
1812.603	13.684
1812.948	13.707
1813.318	13.729
1813.723	13.750
1814.174	13.769
1814.688	13.788
1815.284	13.804
1815.989	13.817
1816.837	13.826
