<j>	<Fwlc>
1050.525	13.194
1050.609	13.241
1050.692	13.288
1050.775	13.336
1050.858	13.385
1050.942	13.433
1051.027	13.482
1051.113	13.531
1051.202	13.580
1051.294	13.630
1051.389	13.679
1051.488	13.729
1051.592	13.779
1051.702	13.828
1051.820	13.878
1051.946	13.927
1052.084	13.977
1052.237	14.026
1052.410	14.074
1052.609	14.121
1052.847	14.167
1053.138	14.211
1053.510	14.251
1054.001	14.285
1054.669	14.312
1055.601	14.326
1056.921	14.323
1058.790	14.293
1061.397	14.229
1064.911	14.121
1069.389	13.967
1074.676	13.774
1080.381	13.560
1085.995	13.351
1091.102	13.166
1095.518	13.015
1099.274	12.897
1102.518	12.804
1105.407	12.730
1108.062	12.667
1110.547	12.611
1112.880	12.563
1115.050	12.521
1117.036	12.486
1118.816	12.458
1120.383	12.439
1121.740	12.428
1122.898	12.425
1123.882	12.429
1124.716	12.439
1125.426	12.454
1126.038	12.472
1126.575	12.495
1127.057	12.519
1127.503	12.545
1127.927	12.572
1128.345	12.600
1128.769	12.628
1129.211	12.656
1129.685	12.682
1130.204	12.707
1130.784	12.730
1131.439	12.750
1132.190	12.767
1133.056	12.779
1134.059	12.787
1135.222	12.788
1136.565	12.783
1138.105	12.770
1139.850	12.749
1141.797	12.720
1143.928	12.684
1146.207	12.642
1148.583	12.596
1150.995	12.549
1153.379	12.502
1155.675	12.457
1157.836	12.418
1159.830	12.385
1161.641	12.358
1163.270	12.339
1164.724	12.325
1166.018	12.318
1167.170	12.316
1168.200	12.319
1169.124	12.325
1169.959	12.335
1170.718	12.348
1171.413	12.364
1172.054	12.381
1172.648	12.400
1173.204	12.421
1173.727	12.443
1174.222	12.466
1174.693	12.491
1175.144	12.516
1175.579	12.541
1176.000	12.568
1176.412	12.595
1176.817	12.622
1177.217	12.649
1177.617	12.677
1178.020	12.705
1178.429	12.732
1178.849	12.760
1179.284	12.786
1179.740	12.813
1180.223	12.838
1180.740	12.862
1181.298	12.885
1181.907	12.906
1182.575	12.925
1183.313	12.942
1184.131	12.955
1185.039	12.965
1186.046	12.971
1187.160	12.974
1188.384	12.972
1189.717	12.965
1191.154	12.955
1192.682	12.941
1194.284	12.923
1195.937	12.904
1197.614	12.884
1199.289	12.863
1200.934	12.843
1202.529	12.825
1204.055	12.809
1205.501	12.796
1206.861	12.787
1208.132	12.781
1209.318	12.778
1210.423	12.778
1211.452	12.781
1212.414	12.786
1213.314	12.794
1214.159	12.805
1214.956	12.816
1215.710	12.830
1216.427	12.845
1217.113	12.862
1217.772	12.879
1218.411	12.897
1219.034	12.916
1219.649	12.936
1220.262	12.955
1220.881	12.975
1221.513	12.994
1222.168	13.013
1222.855	13.030
1223.584	13.046
1224.366	13.060
1225.213	13.072
1226.135	13.081
1227.144	13.087
1228.247	13.089
1229.453	13.088
1230.766	13.082
1232.186	13.073
1233.710	13.059
1235.329	13.042
1237.029	13.021
1238.792	12.998
1240.598	12.973
1242.425	12.948
1244.251	12.922
1246.055	12.897
1247.821	12.873
1249.535	12.851
1251.189	12.831
1252.775	12.814
1254.292	12.800
1255.739	12.788
1257.118	12.778
1258.432	12.771
1259.685	12.766
1260.883	12.763
1262.029	12.762
1263.129	12.763
1264.189	12.765
1265.212	12.769
1266.205	12.773
1267.170	12.779
1268.111	12.786
1269.032	12.793
1269.935	12.801
1270.823	12.810
1271.696	12.819
1272.556	12.829
1273.402	12.839
1274.237	12.849
1275.058	12.860
1275.867	12.872
1276.663	12.884
1277.444	12.896
1278.212	12.909
1278.966	12.923
1279.705	12.937
1280.431	12.951
1281.144	12.966
1281.845	12.981
1282.534	12.997
1283.214	13.014
1283.885	13.030
1284.550	13.047
1285.211	13.064
1285.870	13.082
1286.529	13.099
1287.190	13.116
1287.856	13.133
1288.529	13.150
1289.211	13.167
1289.904	13.183
1290.610	13.199
1291.331	13.214
1292.070	13.229
1292.828	13.243
1293.608	13.256
1294.411	13.268
1295.241	13.280
1296.101	13.290
1296.996	13.299
1297.931	13.307
1298.911	13.313
1299.944	13.317
1301.040	13.319
1302.208	13.318
1303.460	13.315
1304.805	13.308
1306.256	13.297
1307.820	13.282
1309.504	13.263
1311.308	13.240
1313.226	13.212
1315.245	13.181
1317.342	13.146
1319.489	13.110
1321.651	13.073
1323.793	13.037
1325.880	13.002
1327.880	12.970
1329.770	12.942
1331.533	12.919
1333.162	12.900
1334.655	12.886
1336.016	12.877
1337.251	12.872
1338.373	12.871
1339.391	12.874
1340.318	12.880
1341.164	12.889
1341.941	12.900
1342.658	12.914
1343.324	12.929
1343.950	12.946
1344.541	12.964
1345.107	12.984
1345.654	13.004
1346.189	13.024
1346.722	13.045
1347.259	13.066
1347.810	13.086
1348.385	13.106
1348.994	13.125
1349.651	13.142
1350.368	13.158
1351.161	13.171
1352.046	13.180
1353.039	13.187
1354.157	13.189
1355.412	13.186
1356.811	13.178
1358.357	13.165
1360.039	13.147
1361.837	13.125
1363.720	13.100
1365.646	13.072
1367.566	13.045
1369.434	13.018
1371.204	12.995
1372.843	12.976
1374.328	12.962
1375.646	12.954
1376.798	12.951
1377.791	12.954
1378.639	12.962
1379.357	12.975
1379.963	12.991
1380.475	13.011
1380.908	13.034
1381.278	13.059
1381.597	13.086
1381.876	13.115
1382.128	13.145
1382.363	13.176
1382.591	13.207
1382.825	13.238
1383.080	13.269
1383.376	13.299
1383.738	13.327
1384.204	13.352
1384.823	13.372
1385.665	13.386
1386.823	13.389
1388.417	13.378
1390.589	13.349
1393.483	13.297
1397.204	13.217
1401.761	13.109
1407.003	12.979
1412.606	12.835
1418.143	12.692
1423.210	12.564
1427.541	12.458
1431.047	12.378
1433.780	12.324
1435.867	12.290
1437.454	12.273
1438.673	12.267
1439.629	12.270
1440.401	12.279
1441.045	12.293
1441.598	12.309
1442.086	12.328
1442.527	12.348
1442.931	12.370
1443.308	12.392
1443.664	12.415
1444.001	12.439
1444.326	12.463
1444.640	12.488
1444.948	12.513
1445.253	12.538
1445.560	12.563
1445.874	12.588
1446.200	12.613
1446.545	12.638
1446.916	12.661
1447.322	12.684
1447.773	12.706
1448.281	12.726
1448.860	12.745
1449.524	12.760
1450.290	12.773
1451.174	12.782
1452.193	12.788
1453.361	12.788
1454.689	12.784
1456.181	12.775
1457.832	12.761
1459.627	12.742
1461.538	12.720
1463.528	12.694
1465.551	12.667
1467.557	12.641
1469.498	12.616
1471.334	12.594
1473.033	12.575
1474.575	12.562
1475.953	12.553
1477.168	12.549
1478.231	12.550
1479.155	12.555
1479.957	12.564
1480.655	12.576
1481.266	12.590
1481.807	12.608
1482.292	12.626
1482.734	12.647
1483.147	12.668
1483.540	12.691
1483.924	12.713
1484.309	12.736
1484.705	12.759
1485.123	12.781
1485.573	12.802
1486.068	12.823
1486.623	12.841
1487.252	12.858
1487.974	12.871
1488.809	12.882
1489.777	12.889
1490.902	12.891
1492.206	12.888
1493.707	12.879
1495.419	12.863
1497.348	12.842
1499.488	12.813
1501.818	12.779
1504.304	12.740
1506.898	12.698
1509.543	12.654
1512.183	12.610
1514.761	12.567
1517.234	12.527
1519.570	12.492
1521.748	12.461
1523.761	12.435
1525.610	12.413
1527.302	12.396
1528.849	12.384
1530.261	12.375
1531.551	12.370
1532.729	12.368
1533.807	12.369
1534.792	12.372
1535.696	12.378
1536.525	12.386
1537.289	12.396
1537.997	12.408
1538.659	12.421
1539.284	12.435
1539.886	12.450
1540.476	12.465
1541.072	12.481
1541.693	12.496
1542.361	12.510
1543.106	12.522
1543.963	12.531
1544.977	12.537
1546.200	12.537
1547.695	12.531
1549.530	12.515
1551.776	12.489
1554.492	12.451
1557.712	12.399
1561.428	12.334
1565.569	12.258
1570.004	12.174
1574.554	12.086
1579.023	12.000
1583.243	11.920
1587.095	11.850
1590.531	11.791
1593.560	11.742
1596.235	11.703
1598.633	11.671
1600.835	11.646
1602.923	11.623
1604.965	11.603
1607.016	11.583
1609.118	11.562
1611.293	11.540
1613.548	11.516
1615.874	11.490
1618.248	11.463
1620.638	11.436
1623.001	11.409
1625.295	11.384
1627.481	11.360
1629.526	11.340
1631.404	11.323
1633.103	11.310
1634.617	11.301
1635.951	11.296
1637.114	11.295
1638.121	11.297
1638.988	11.303
1639.732	11.311
1640.370	11.322
1640.918	11.334
1641.390	11.349
1641.799	11.365
1642.154	11.383
1642.467	11.401
1642.744	11.421
1642.992	11.441
1643.216	11.462
1643.421	11.483
1643.610	11.505
1643.787	11.527
1643.953	11.549
1644.111	11.572
1644.263	11.595
1644.409	11.618
1644.551	11.641
1644.690	11.665
1644.826	11.689
1644.959	11.712
1645.091	11.736
1645.222	11.760
1645.352	11.784
1645.482	11.809
1645.611	11.833
1645.740	11.857
1645.870	11.882
1645.999	11.906
1646.130	11.931
1646.260	11.956
1646.392	11.981
1646.525	12.005
1646.660	12.030
1646.795	12.055
1646.933	12.080
1647.072	12.105
1647.213	12.130
1647.357	12.155
1647.503	12.181
1647.652	12.206
1647.804	12.231
1647.959	12.256
1648.117	12.281
1648.280	12.306
1648.446	12.332
1648.617	12.357
1648.792	12.382
1648.973	12.407
1649.158	12.432
1649.349	12.457
1649.546	12.482
1649.749	12.507
1649.959	12.531
1650.175	12.556
1650.398	12.580
1650.628	12.605
1650.865	12.629
1651.110	12.653
1651.363	12.677
1651.623	12.701
1651.891	12.725
1652.168	12.749
1652.452	12.772
1652.744	12.795
1653.044	12.818
1653.352	12.841
1653.667	12.864
1653.990	12.887
1654.321	12.909
1654.660	12.932
1655.005	12.954
1655.359	12.976
1655.721	12.998
1656.091	13.020
1656.471	13.041
1656.861	13.063
1657.262	13.084
1657.677	13.104
1658.108	13.125
1658.557	13.144
1659.028	13.164
1659.525	13.182
1660.054	13.200
1660.620	13.217
1661.229	13.233
1661.890	13.247
1662.609	13.259
1663.396	13.270
1664.258	13.279
1665.204	13.285
1666.239	13.288
1667.367	13.289
1668.590	13.287
1669.905	13.283
1671.305	13.275
1672.776	13.266
1674.302	13.255
1675.861	13.242
1677.429	13.229
1678.982	13.217
1680.494	13.205
1681.945	13.195
1683.318	13.187
1684.601	13.182
1685.786	13.179
1686.873	13.179
1687.862	13.182
1688.761	13.188
1689.577	13.196
1690.321	13.206
1691.002	13.218
1691.631	13.232
1692.220	13.247
1692.779	13.263
1693.319	13.280
1693.850	13.297
1694.382	13.315
1694.927	13.332
1695.498	13.348
1696.108	13.364
1696.776	13.378
1697.524	13.390
1698.380	13.399
1699.385	13.404
1700.586	13.404
1702.051	13.397
1703.862	13.381
1706.119	13.353
1708.934	13.310
1712.416	13.250
1716.642	13.170
1721.624	13.070
1727.268	12.953
1733.367	12.824
1739.622	12.690
1745.716	12.562
1751.385	12.445
1756.473	12.343
1760.934	12.258
1764.807	12.189
1768.177	12.134
1771.142	12.089
1773.792	12.052
1776.198	12.022
1778.414	11.997
1780.474	11.975
1782.402	11.957
1784.210	11.941
1785.907	11.928
1787.500	11.918
1788.994	11.910
1790.395	11.903
1791.713	11.899
1792.957	11.897
1794.139	11.896
1795.274	11.896
1796.376	11.897
1797.461	11.899
1798.548	11.900
1799.652	11.902
1800.794	11.903
1801.990	11.902
1803.258	11.901
1804.617	11.897
1806.080	11.892
1807.664	11.884
1809.378	11.873
1811.230	11.859
1813.224	11.842
1815.357	11.823
1817.622	11.800
1820.007	11.775
1822.496	11.748
1825.070	11.719
1827.707	11.689
1830.389	11.658
1833.096	11.626
1835.814	11.595
1838.531	11.563
1841.237	11.532
1843.927	11.502
1846.593	11.472
1849.229	11.443
1851.828	11.415
1854.379	11.388
1856.871	11.362
1859.288	11.337
1861.617	11.314
1863.841	11.293
1865.948	11.275
1867.925	11.259
1869.765	11.245
1871.462	11.234
1873.016	11.226
1874.428	11.221
1875.704	11.218
1876.851	11.217
1877.878	11.219
1878.795	11.223
1879.612	11.229
1880.340	11.237
1880.988	11.246
1881.568	11.257
1882.086	11.269
1882.553	11.282
1882.974	11.296
1883.357	11.311
1883.707	11.326
1884.029	11.342
1884.329	11.358
1884.610	11.375
1884.876	11.393
1885.130	11.410
1885.375	11.428
1885.613	11.446
1885.846	11.464
1886.078	11.482
1886.309	11.501
1886.542	11.519
1886.778	11.537
1887.019	11.556
1887.268	11.574
1887.524	11.592
1887.791	11.610
1888.069	11.628
1893.150	11.550
1893.443	11.568
1893.755	11.585
1894.087	11.602
1894.439	11.618
1894.813	11.634
1895.211	11.649
1895.631	11.664
1896.076	11.679
1896.547	11.693
1897.044	11.707
1897.567	11.720
1898.117	11.733
1898.696	11.745
1899.302	11.756
1899.938	11.767
1900.603	11.778
