<j>	<Fwlc>
1077.355	12.100
1077.842	12.124
1078.330	12.149
1078.817	12.174
1079.302	12.199
1079.783	12.224
1080.260	12.250
1080.731	12.276
1081.195	12.302
1081.652	12.328
1082.100	12.355
1082.542	12.382
1082.976	12.409
1083.404	12.437
1083.828	12.465
1084.250	12.494
1084.673	12.522
1085.100	12.551
1085.535	12.579
1085.983	12.607
1086.450	12.634
1086.941	12.661
1087.464	12.686
1088.025	12.710
1088.632	12.733
1089.292	12.753
1090.012	12.771
1090.798	12.786
1091.653	12.799
1092.578	12.808
1093.573	12.815
1094.630	12.819
1095.742	12.821
1096.892	12.821
1098.066	12.820
1099.243	12.818
1100.403	12.816
1101.529	12.816
1102.604	12.818
1103.615	12.822
1104.555	12.829
1105.418	12.839
1106.205	12.852
1106.918	12.868
1107.565	12.887
1108.151	12.909
1108.686	12.932
1109.177	12.958
1109.635	12.986
1110.068	13.015
1110.484	13.045
1110.892	13.075
1111.299	13.105
1111.714	13.136
1112.142	13.166
1112.592	13.195
1113.069	13.224
1113.580	13.251
1114.131	13.276
1114.727	13.300
1115.372	13.321
1116.068	13.341
1116.819	13.358
1117.623	13.373
1118.479	13.385
1119.382	13.395
1120.324	13.404
1121.299	13.411
1122.297	13.416
1123.305	13.421
1124.315	13.426
1125.316	13.431
1126.300	13.437
1127.262	13.444
1128.200	13.451
1129.112	13.460
1130.003	13.470
1130.878	13.481
1131.748	13.492
1132.626	13.503
1133.527	13.513
1134.471	13.521
1135.480	13.527
1136.581	13.530
1137.800	13.527
1139.165	13.519
1140.702	13.503
1142.429	13.480
1144.351	13.448
1146.458	13.408
1148.714	13.361
1151.066	13.310
1153.442	13.258
1155.764	13.207
1157.962	13.160
1159.979	13.121
1161.781	13.091
1163.357	13.069
1164.712	13.057
1165.865	13.054
1166.841	13.058
1167.668	13.068
1168.374	13.083
1168.981	13.103
1169.513	13.126
1169.985	13.152
1170.415	13.180
1170.814	13.209
1171.192	13.240
1171.559	13.271
1171.923	13.302
1172.292	13.334
1172.672	13.365
1173.070	13.396
1173.494	13.425
1173.951	13.454
1174.448	13.481
1174.995	13.506
1175.599	13.529
1176.267	13.549
1177.008	13.567
1177.826	13.581
1178.726	13.591
1179.707	13.598
1180.765	13.602
1181.893	13.602
1183.076	13.600
1184.296	13.596
1185.531	13.591
1186.760	13.586
1187.958	13.582
1189.105	13.580
1190.186	13.581
1191.187	13.585
1192.102	13.592
1192.931	13.603
1193.675	13.618
1194.340	13.636
1194.934	13.657
1195.467	13.682
1195.947	13.708
1196.385	13.737
1196.790	13.768
1197.171	13.799
1197.537	13.832
1197.897	13.865
1198.259	13.898
1198.631	13.931
1199.022	13.963
1199.441	13.995
1199.898	14.025
1200.403	14.053
1200.969	14.078
1201.608	14.101
1202.335	14.119
1203.164	14.134
1204.114	14.143
1205.199	14.146
1206.438	14.142
1207.847	14.131
1209.440	14.112
1211.233	14.084
1213.240	14.047
1215.479	14.000
1217.966	13.944
1220.721	13.876
1223.763	13.797
1227.104	13.708
1230.733	13.607
1234.614	13.497
1238.668	13.381
1242.783	13.264
1246.825	13.150
1250.663	13.045
1254.193	12.951
1257.352	12.872
1260.120	12.808
1262.511	12.759
1264.560	12.723
1266.312	12.698
1267.815	12.682
1269.112	12.674
1270.241	12.673
1271.231	12.676
1272.109	12.684
1272.895	12.695
1273.604	12.709
1274.249	12.726
1274.840	12.744
1275.385	12.764
1275.892	12.786
1276.365	12.809
1276.809	12.833
1277.229	12.859
1277.627	12.885
1278.007	12.911
1278.371	12.939
1278.722	12.967
1279.061	12.996
1279.391	13.025
1279.713	13.054
1280.029	13.084
1280.340	13.114
1280.648	13.145
1280.954	13.175
1281.259	13.206
1281.563	13.237
1281.870	13.268
1282.178	13.299
1282.490	13.330
1282.807	13.361
1283.129	13.392
1283.458	13.422
1283.795	13.453
1284.140	13.483
1284.497	13.513
1284.865	13.543
1285.246	13.572
1285.643	13.601
1286.056	13.629
1286.489	13.657
1286.943	13.683
1287.420	13.709
1287.924	13.734
1288.458	13.758
1289.026	13.781
1289.631	13.802
1290.278	13.822
1290.973	13.839
1291.720	13.855
1292.527	13.869
1293.400	13.879
1294.344	13.887
1295.368	13.892
1296.477	13.893
1297.675	13.891
1298.966	13.885
1300.351	13.875
1301.825	13.861
1303.382	13.844
1305.012	13.824
1306.699	13.802
1308.425	13.778
1310.170	13.753
1311.914	13.728
1313.639	13.703
1315.330	13.680
1316.974	13.659
1318.566	13.640
1320.103	13.623
1321.587	13.608
1323.023	13.595
1324.420	13.584
1325.788	13.574
1327.138	13.565
1328.482	13.557
1329.832	13.548
1331.198	13.539
1332.592	13.529
1334.023	13.518
1335.496	13.505
1337.017	13.490
1338.587	13.474
1340.203	13.456
1341.859	13.437
1343.544	13.416
1345.246	13.395
1346.950	13.374
1348.639	13.353
1350.298	13.333
1351.916	13.314
1353.482	13.298
1354.991	13.283
1356.441	13.271
1357.833	13.260
1359.174	13.252
1360.469	13.245
1361.729	13.240
1362.963	13.236
1364.179	13.233
1365.386	13.230
1366.593	13.227
1367.804	13.224
1369.024	13.221
1370.256	13.217
1371.500	13.213
1372.756	13.209
1374.022	13.204
1375.294	13.199
1376.568	13.194
1377.839	13.189
1379.100	13.184
1380.346	13.180
1381.571	13.176
1382.768	13.173
1383.933	13.172
1385.059	13.171
1386.142	13.172
1387.178	13.175
1388.164	13.179
1389.097	13.185
1389.976	13.193
1390.800	13.203
1391.571	13.214
1392.288	13.228
1392.954	13.243
1393.571	13.260
1394.143	13.279
1394.672	13.300
1395.162	13.321
1395.618	13.345
1396.042	13.369
1396.439	13.394
1396.813	13.421
1397.167	13.448
1397.507	13.476
1397.835	13.504
1398.157	13.533
1398.475	13.562
1398.795	13.591
1399.120	13.620
1399.455	13.649
1399.807	13.677
1400.179	13.705
1400.580	13.732
1401.016	13.758
1401.496	13.782
1402.029	13.805
1402.625	13.825
1403.297	13.843
1404.055	13.857
1404.914	13.868
1405.886	13.875
1406.982	13.877
1408.214	13.875
1409.588	13.866
1411.110	13.853
1412.785	13.834
1414.621	13.809
1416.638	13.778
1418.878	13.740
1421.424	13.692
1424.416	13.630
1428.069	13.550
1432.659	13.441
1438.471	13.296
1445.654	13.110
1454.037	12.889
1463.025	12.650
1471.740	12.419
1479.382	12.221
1485.527	12.067
1490.166	11.959
1493.542	11.889
1495.977	11.848
1497.761	11.826
1499.118	11.818
1500.204	11.817
1501.122	11.822
1501.940	11.830
1502.699	11.840
1503.423	11.851
1504.126	11.863
1504.818	11.875
1505.501	11.887
1506.176	11.900
1506.844	11.913
1507.502	11.926
1508.149	11.939
1508.784	11.952
1509.405	11.966
1510.010	11.981
1510.599	11.995
1511.170	12.011
1511.724	12.026
1512.260	12.043
1512.779	12.059
1513.282	12.077
1513.769	12.094
1514.243	12.112
1514.705	12.131
1515.157	12.150
1515.601	12.169
1516.040	12.188
1516.476	12.207
1516.911	12.227
1517.348	12.246
1517.791	12.266
1518.241	12.285
1518.702	12.304
1519.176	12.323
1519.666	12.342
1520.174	12.360
1520.703	12.377
1521.256	12.394
1521.834	12.410
1522.439	12.425
1523.072	12.440
1523.734	12.454
1524.426	12.467
1525.147	12.479
1525.898	12.491
1526.676	12.502
1527.481	12.511
1528.310	12.521
1529.160	12.529
1530.028	12.537
1530.912	12.545
1531.808	12.552
1532.713	12.559
1533.622	12.565
1534.534	12.572
1535.444	12.578
1536.350	12.585
1537.250	12.592
1538.141	12.599
1539.021	12.606
1539.888	12.614
1540.740	12.622
1541.576	12.631
1542.393	12.640
1543.192	12.649
1543.969	12.659
1544.723	12.670
1545.453	12.682
1546.158	12.694
1546.837	12.707
1547.487	12.721
1548.109	12.736
1548.701	12.751
1549.264	12.768
1549.796	12.785
1550.299	12.803
1550.772	12.822
1551.216	12.842
1551.633	12.863
1552.021	12.885
1552.384	12.908
1552.723	12.931
1553.038	12.955
1553.331	12.980
1553.604	13.006
1553.858	13.032
1554.096	13.059
1554.318	13.087
1554.526	13.115
1554.723	13.144
1554.909	13.173
1555.088	13.202
1555.260	13.232
1555.428	13.262
1555.595	13.292
1555.764	13.322
1555.940	13.352
1556.127	13.382
1556.333	13.412
1556.565	13.441
1556.836	13.469
1557.161	13.495
1557.559	13.519
1558.058	13.541
1558.692	13.559
1559.504	13.571
1560.546	13.576
1561.879	13.573
1563.570	13.559
1565.679	13.531
1568.249	13.490
1571.284	13.433
1574.733	13.364
1578.482	13.284
1582.360	13.200
1586.175	13.117
1589.748	13.041
1592.953	12.975
1595.726	12.923
1598.064	12.884
1600.007	12.857
1601.619	12.840
1602.967	12.831
1604.117	12.829
1605.126	12.832
1606.037	12.837
1606.887	12.845
1607.701	12.854
1608.497	12.863
1609.288	12.873
1610.080	12.883
1610.877	12.893
1611.680	12.902
1612.487	12.912
1613.295	12.921
1614.100	12.930
1614.897	12.940
1615.681	12.950
1616.448	12.960
1617.193	12.971
1617.912	12.983
1618.603	12.995
1619.265	13.008
1619.895	13.023
1620.496	13.038
1621.068	13.054
1621.613	13.071
1622.135	13.088
1622.639	13.106
1623.129	13.125
1623.612	13.144
1624.095	13.163
1624.588	13.182
1625.100	13.201
1625.643	13.219
1626.232	13.235
1626.880	13.250
1627.608	13.263
1628.432	13.273
1629.376	13.280
1630.460	13.283
1631.704	13.281
1633.126	13.274
1634.737	13.262
1636.537	13.243
1638.515	13.220
1640.647	13.192
1642.892	13.160
1645.198	13.126
1647.508	13.091
1649.763	13.058
1651.912	13.027
1653.917	13.001
1655.752	12.979
1657.409	12.962
1658.891	12.951
1660.213	12.944
1661.394	12.941
1662.458	12.942
1663.431	12.946
1664.336	12.952
1665.197	12.959
1666.036	12.967
1666.874	12.975
1667.729	12.984
1668.617	12.991
1669.553	12.997
1670.553	13.001
1671.627	13.004
1672.786	13.004
1674.036	13.001
1675.382	12.996
1676.823	12.989
1678.354	12.978
1679.966	12.966
1681.643	12.951
1683.368	12.935
1685.116	12.918
1686.865	12.901
1688.588	12.885
1690.263	12.869
1691.871	12.856
1693.395	12.844
1694.825	12.835
1696.156	12.829
1697.385	12.825
1698.515	12.825
1699.550	12.826
1700.499	12.831
1701.370	12.837
1702.171	12.845
1702.912	12.856
1703.602	12.867
1704.249	12.880
1704.861	12.894
1705.446	12.908
1706.011	12.924
1706.564	12.939
1707.114	12.955
1707.669	12.971
1708.243	12.987
1708.853	13.002
1709.523	13.015
1710.289	13.026
1711.202	13.034
1712.337	13.037
1713.801	13.031
1715.741	13.015
1718.344	12.982
1721.831	12.928
1726.411	12.847
1732.208	12.737
1739.146	12.598
1746.879	12.439
1754.811	12.274
1762.271	12.119
1768.732	11.987
1773.936	11.886
1777.892	11.814
1780.770	11.768
1782.803	11.743
1784.211	11.733
1785.177	11.734
1785.840	11.743
1786.298	11.757
1786.620	11.774
1786.850	11.793
1787.021	11.814
1787.152	11.836
1787.258	11.859
1787.347	11.883
1787.425	11.906
1787.495	11.930
1787.562	11.955
1787.625	11.979
1787.686	12.004
1787.747	12.028
1787.807	12.053
1787.866	12.078
1787.927	12.103
1787.987	12.128
1788.048	12.153
1788.110	12.178
1788.173	12.203
1788.236	12.228
1788.302	12.254
1788.368	12.279
1788.437	12.304
1788.507	12.330
1788.580	12.355
1788.655	12.381
1788.734	12.407
1788.816	12.432
1788.903	12.458
1788.994	12.483
1789.092	12.509
1789.198	12.534
1789.313	12.560
1789.440	12.585
1789.582	12.609
1789.743	12.634
1789.928	12.658
1790.145	12.681
1790.404	12.704
1790.717	12.725
1791.102	12.745
1791.580	12.763
1792.181	12.778
1792.943	12.789
1793.912	12.795
1795.145	12.796
1796.709	12.788
1798.676	12.771
1801.113	12.743
1804.071	12.703
1807.568	12.649
1811.565	12.583
1815.954	12.508
1820.568	12.427
1825.197	12.344
1829.628	12.266
1833.691	12.196
1837.274	12.137
1840.338	12.090
1842.899	12.055
1845.010	12.031
1846.743	12.015
1848.173	12.007
1849.370	12.004
1850.394	12.006
1851.294	12.011
1852.111	12.017
1852.874	12.026
1853.608	12.035
1854.332	12.044
1855.060	12.053
1855.803	12.063
1856.568	12.071
1857.362	12.079
1858.190	12.087
1859.052	12.094
1859.951	12.100
1860.887	12.105
1861.856	12.109
1862.856	12.113
1863.882	12.116
1864.929	12.118
1865.989	12.120
1867.055	12.122
1868.119	12.124
1869.172	12.126
1870.207	12.129
1871.216	12.131
1872.191	12.135
1873.128	12.139
1874.021	12.145
1874.865	12.151
1875.660	12.158
1876.403	12.167
1877.094	12.177
1877.734	12.187
1878.324	12.199
1878.867	12.213
1879.363	12.227
