<j>	var(j)
1.678	0.729
2.918	0.649
3.894	0.771
5.076	0.880
6.240	0.931
7.327	0.822
8.237	0.716
9.183	0.897
10.316	1.021
11.476	1.077
12.527	0.796
13.263	0.504
13.868	0.455
14.623	0.809
16.235	1.764
17.910	1.842
19.273	1.855
20.370	1.180
21.048	0.744
21.569	0.585
22.088	0.557
22.725	0.711
23.670	1.034
24.983	1.709
26.635	1.764
27.721	0.933
28.369	0.947
29.268	1.650
30.706	2.253
32.127	1.877
33.150	1.636
34.138	1.820
35.152	1.419
35.881	1.046
36.570	1.732
38.045	4.823
40.729	5.501
42.400	3.258
43.399	3.072
44.387	3.076
45.351	2.776
46.223	2.749
47.151	3.688
48.462	5.844
50.315	6.912
51.997	4.463
52.924	2.336
53.446	1.898
53.956	2.507
54.731	4.021
55.989	5.671
57.529	5.365
58.771	3.977
59.685	3.580
60.569	3.973
61.576	4.408
62.658	4.164
63.623	3.187
64.346	2.322
64.914	2.268
65.568	3.527
66.712	7.101
68.848	11.773
71.429	10.207
73.103	5.686
73.993	4.262
74.746	5.690
75.853	9.764
77.698	15.128
80.118	16.545
82.276	13.571
83.863	11.175
85.133	9.823
86.232	8.489
87.173	7.282
87.988	6.781
88.773	7.315
89.652	8.901
90.743	11.210
92.097	13.318
93.633	13.904
95.136	12.463
96.412	9.908
97.400	7.425
98.143	5.569
98.716	4.406
99.191	3.856
99.632	3.867
100.107	4.500
100.697	5.982
101.521	8.643
102.729	12.397
104.389	15.657
106.292	15.879
108.024	13.273
109.377	10.619
110.447	9.341
111.404	9.209
112.364	9.611
113.372	10.032
114.419	10.156
115.469	9.868
116.480	9.195
117.416	8.204
118.251	6.987
118.967	5.688
119.558	4.476
120.036	3.480
120.422	2.750
120.744	2.281
121.028	2.069
121.306	2.182
121.630	2.923
122.117	5.272
123.084	11.857
125.239	25.602
128.999	35.056
132.638	24.839
134.706	13.263
135.770	8.094
136.445	6.031
136.974	5.170
137.450	4.943
137.928	5.203
138.456	5.959
139.087	7.302
139.885	9.331
140.917	11.947
142.220	14.606
143.749	16.530
145.390	17.649
147.062	18.833
148.780	20.352
150.554	20.745
152.255	18.371
153.671	13.828
154.695	9.276
155.376	6.044
155.831	4.162
156.159	3.180
156.424	2.701
156.663	2.492
156.896	2.438
157.136	2.487
157.395	2.624
157.681	2.853
158.008	3.207
158.394	3.769
158.869	4.697
159.489	6.241
160.338	8.666
161.520	12.031
163.109	16.295
165.148	22.750
167.826	34.430
171.436	48.070
175.539	48.881
178.913	35.900
181.097	23.309
182.461	15.836
183.390	11.774
184.095	9.490
184.678	8.191
185.195	7.496
185.684	7.195
186.167	7.161
186.662	7.324
187.183	7.649
187.740	8.130
188.346	8.781
189.014	9.630
189.759	10.692
190.596	11.938
191.536	13.235
192.575	14.343
193.690	15.007
194.840	15.143
195.983	14.962
197.104	14.843
198.212	15.051
199.334	15.546
200.487	16.037
201.663	16.274
202.842	16.338
204.015	16.644
205.207	17.565
206.460	18.993
207.799	20.173
209.187	20.116
210.527	18.425
211.719	15.714
212.720	13.085
213.557	11.367
214.300	10.894
215.035	11.713
215.850	13.749
216.822	16.746
218.005	20.003
219.389	22.256
220.873	22.233
222.294	19.726
223.509	15.878
224.468	12.176
225.205	9.505
225.793	8.097
226.315	7.938
226.852	9.116
227.497	11.995
228.376	17.226
229.651	25.344
231.482	35.571
233.899	44.591
236.669	48.571
239.418	47.941
241.947	46.603
244.288	46.607
246.535	46.840
248.697	45.290
250.696	41.151
252.445	35.208
253.899	28.887
255.075	23.238
256.016	18.673
256.776	15.174
257.400	12.568
257.925	10.670
258.379	9.338
258.786	8.472
259.164	8.012
259.532	7.929
259.906	8.228
260.304	8.959
260.751	10.234
261.274	12.258
261.914	15.369
262.732	20.042
263.808	26.793
265.240	35.747
267.106	45.777
269.393	53.836
271.920	56.204
274.384	51.761
276.522	43.215
278.236	34.353
279.571	27.318
280.629	22.436
281.502	19.203
282.258	17.007
282.935	15.385
283.555	14.058
284.129	12.888
284.662	11.827
285.158	10.876
285.621	10.057
286.057	9.400
286.473	8.931
286.876	8.680
287.276	8.680
287.686	8.978
288.121	9.648
288.599	10.803
289.148	12.621
289.801	15.361
290.610	19.390
291.641	25.160
292.977	33.055
294.705	42.945
296.876	53.430
299.438	61.480
302.198	63.796
304.870	59.560
307.219	51.273
309.157	42.470
310.724	35.384
312.017	30.571
313.135	27.615
314.149	25.798
315.100	24.452
316.004	23.099
316.859	21.483
317.656	19.563
318.383	17.447
319.034	15.324
319.611	13.382
320.121	11.770
320.576	10.575
320.993	9.832
321.389	9.536
321.783	9.662
322.192	10.166
322.631	10.989
323.115	12.046
323.653	13.223
324.251	14.376
324.906	15.340
325.609	15.967
326.342	16.167
327.085	15.938
327.819	15.375
328.529	14.629
329.210	13.854
329.859	13.165
330.484	12.609
331.089	12.176
331.680	11.816
332.261	11.469
332.831	11.085
333.387	10.647
333.927	10.169
334.449	9.699
334.953	9.313
335.445	9.103
335.936	9.182
336.443	9.688
336.991	10.793
337.618	12.698
338.370	15.592
339.305	19.539
340.475	24.315
341.908	29.337
343.592	34.001
345.482	38.404
347.552	43.597
349.834	50.381
352.372	57.351
355.104	60.603
357.798	57.077
360.173	48.112
362.080	37.939
363.547	29.679
364.689	24.088
365.624	20.605
366.433	18.447
367.166	17.044
367.851	16.089
368.505	15.462
369.141	15.150
369.772	15.193
370.414	15.652
371.085	16.592
371.805	18.073
372.598	20.136
373.489	22.770
374.499	25.862
375.643	29.143
376.921	32.158
378.311	34.345
379.768	35.217
381.230	34.622
382.640	32.862
383.958	30.609
385.174	28.681
386.314	27.861
387.428	28.839
388.595	32.260
389.911	38.729
391.494	48.641
393.456	61.692
395.871	76.139
398.717	88.530
401.838	94.889
404.978	93.101
407.882	84.198
410.382	71.248
412.422	57.410
414.026	44.807
415.261	34.426
416.207	26.442
416.936	20.585
417.508	16.428
417.972	13.535
418.360	11.546
418.697	10.182
418.999	9.248
419.280	8.611
419.546	8.182
419.803	7.908
420.056	7.755
420.309	7.706
420.565	7.757
420.827	7.910
421.099	8.178
421.386	8.589
421.693	9.192
422.027	10.070
422.401	11.373
422.831	13.363
423.347	16.478
423.997	21.436
424.856	29.269
426.039	41.133
427.691	57.449
429.939	76.053
432.771	90.771
435.927	94.165
438.969	84.617
441.538	68.401
443.533	53.351
445.066	43.485
446.322	39.340
447.477	40.175
448.675	45.275
450.035	54.133
451.657	65.935
453.604	78.790
455.870	89.270
458.345	93.285
460.824	88.459
463.081	75.970
464.953	59.767
466.389	43.930
467.430	30.856
468.158	21.172
468.660	14.479
469.006	10.054
469.251	7.208
469.429	5.415
469.567	4.310
469.679	3.660
469.777	3.324
469.868	3.233
469.959	3.368
470.057	3.762
470.170	4.505
470.308	5.766
470.491	7.836
470.745	11.189
471.117	16.576
471.677	25.088
472.533	38.068
473.829	56.531
475.722	79.607
478.294	102.402
481.423	116.158
484.742	114.144
487.795	98.419
490.293	77.721
492.204	59.555
493.650	46.697
494.785	38.726
495.734	34.306
496.585	32.316
497.396	32.121
498.211	33.478
499.069	36.385
500.009	40.909
501.070	47.011
502.291	54.318
503.693	61.948
505.275	68.472
506.993	72.197
508.768	71.827
510.493	67.121
512.072	59.067
513.438	49.385
514.567	39.769
515.471	31.357
516.184	24.639
516.747	19.631
517.201	16.106
517.579	13.756
517.908	12.301
518.207	11.518
518.493	11.250
518.777	11.398
519.070	11.918
519.382	12.807
519.722	14.105
520.103	15.884
520.537	18.250
521.043	21.330
521.641	25.246
522.354	30.073
523.207	35.749
524.222	41.977
525.407	48.136
526.753	53.286
528.222	56.367
529.748	56.583
531.250	53.783
532.653	48.564
533.901	42.015
534.970	35.268
535.863	29.173
536.603	24.182
537.221	20.427
537.748	17.849
538.216	16.319
538.652	15.712
539.080	15.964
539.524	17.099
540.008	19.272
540.563	22.821
541.231	28.329
542.071	36.672
543.167	48.940
544.630	66.026
546.581	87.578
549.099	110.420
552.141	127.966
555.477	133.131
558.750	123.911
561.640	105.336
564.004	85.064
565.870	68.298
567.356	56.627
568.589	49.430
569.673	45.374
570.674	43.193
571.631	41.920
572.562	40.901
573.472	39.747
574.356	38.279
575.207	36.480
576.019	34.448
576.787	32.349
577.511	30.380
578.194	28.739
578.844	27.602
579.474	27.122
580.099	27.422
580.737	28.593
581.410	30.687
582.139	33.697
582.945	37.523
583.846	41.932
584.853	46.532
585.968	50.776
587.176	54.049
588.452	55.812
589.756	55.784
591.046	54.056
592.284	51.085
593.445	47.552
594.523	44.166
595.523	41.506
596.467	39.942
597.380	39.634
598.292	40.555
599.231	42.525
600.219	45.238
601.272	48.288
602.394	51.215
603.579	53.576
604.811	55.041
606.067	55.485
607.325	55.028
608.564	54.010
609.775	52.896
610.957	52.162
612.122	52.196
613.288	53.240
614.478	55.358
615.716	58.434
617.020	62.180
618.401	66.167
619.861	69.872
621.389	72.770
622.963	74.432
624.554	74.616
626.130	73.309
627.662	70.707
629.124	67.131
630.500	62.939
631.782	58.456
632.966	53.937
634.056	49.558
635.056	45.429
635.972	41.615
636.813	38.149
637.586	35.040
638.298	32.287
638.958	29.874
639.571	27.780
640.146	25.979
640.686	24.441
641.199	23.137
641.687	22.041
642.157	21.128
642.611	20.382
643.052	19.791
643.485	19.352
643.912	19.071
644.337	18.962
644.763	19.051
645.196	19.376
645.641	19.992
646.104	20.972
646.596	22.417
647.127	24.468
647.713	27.314
648.373	31.215
649.134	36.511
650.031	43.618
651.107	52.982
652.413	64.932
654.006	79.385
655.928	95.412
658.191	110.862
660.748	122.513
663.479	127.166
666.212	123.294
668.769	111.997
671.023	96.323
672.917	79.624
674.458	64.303
675.692	51.488
676.678	41.362
677.473	33.617
678.122	27.777
678.662	23.380
679.122	20.045
679.520	17.477
679.870	15.462
680.184	13.846
680.468	12.522
680.727	11.418
680.967	10.486
681.189	9.694
681.397	9.025
681.593	8.475
681.779	8.046
681.958	7.756
682.133	7.635
682.308	7.739
682.489	8.157
682.684	9.041
682.904	10.643
683.170	13.395
683.513	18.051
683.985	25.925
684.676	39.288
685.736	61.868
687.407	98.942
690.038	155.348
694.008	228.318
699.447	296.896
705.875	326.565
712.246	302.119
717.634	245.331
721.745	187.102
724.770	142.229
727.032	111.486
728.793	91.016
730.230	77.144
731.448	67.395
732.515	60.278
733.471	54.921
734.345	50.806
735.157	47.618
735.921	45.157
736.648	43.287
737.349	41.905
738.031	40.925
738.700	40.267
739.362	39.854
740.020	39.610
740.676	39.460
741.334	39.329
741.991	39.151
742.648	38.864
743.302	38.421
743.951	37.789
744.592	36.953
745.220	35.918
745.833	34.703
746.427	33.343
747.000	31.883
747.551	30.371
748.078	28.864
748.581	27.413
749.062	26.066
749.522	24.861
749.964	23.833
750.391	23.006
750.806	22.398
751.214	22.025
751.619	21.893
752.024	22.007
752.436	22.370
752.858	22.982
753.296	23.840
753.753	24.935
754.235	26.261
754.747	27.805
755.292	29.551
755.875	31.476
756.499	33.551
757.166	35.742
757.880	38.014
758.641	40.330
759.451	42.652
760.308	44.940
761.211	47.159
762.159	49.272
763.148	51.237
764.176	53.001
765.237	54.492
766.326	55.618
767.434	56.278
768.550	56.368
769.665	55.808
770.764	54.555
771.834	52.643
772.864	50.196
773.842	47.433
774.766	44.671
775.637	42.345
776.466	41.034
777.276	41.533
778.107	44.959
779.021	52.894
780.115	67.489
781.526	91.240
783.434	125.933
786.029	170.112
789.425	215.664
793.531	247.326
797.968	250.509
802.195	223.483
805.767	179.210
808.520	134.049
810.533	97.707
811.987	72.367
813.066	56.204
813.912	46.440
814.620	40.704
815.248	37.329
815.830	35.251
816.383	33.826
816.918	32.688
817.438	31.637
817.944	30.580
818.435	29.483
818.910	28.356
819.371	27.228
819.815	26.145
820.244	25.155
820.660	24.314
821.065	23.679
821.462	23.308
821.857	23.254
822.254	23.575
822.660	24.336
823.084	25.595
823.534	27.406
824.020	29.825
824.554	32.896
825.146	36.637
825.810	41.022
826.556	45.976
827.393	51.340
828.329	56.878
829.364	62.270
830.492	67.153
831.704	71.188
832.980	74.129
834.300	75.902
835.641	76.671
836.989	76.847
838.333	77.044
839.676	78.068
841.036	80.883
842.446	86.590
843.958	96.396
845.643	111.508
847.587	132.704
849.881	159.601
852.596	189.606
855.744	217.220
859.235	234.933
862.869	236.381
866.385	220.143
869.544	190.675
872.197	155.593
874.313	121.732
875.946	93.066
877.186	70.815
878.129	54.504
878.858	42.989
879.437	35.046
879.913	29.645
880.321	25.989
880.682	23.513
881.013	21.823
881.323	20.644
881.618	19.800
881.905	19.173
882.184	18.688
882.459	18.292
882.730	17.964
882.998	17.691
883.264	17.469
883.529	17.307
883.793	17.219
884.059	17.228
884.326	17.363
884.599	17.659
884.878	18.166
885.168	18.941
885.473	20.056
885.800	21.599
886.155	23.674
886.548	26.402
886.991	29.917
887.496	34.359
888.081	39.854
888.763	46.480
889.560	54.212
890.492	62.903
891.571	72.159
892.803	81.349
894.183	89.650
895.689	96.131
897.286	99.997
898.927	100.826
900.561	98.725
902.142	94.304
903.638	88.525
905.032	82.440
906.325	76.974
907.530	72.822
908.673	70.406
909.780	69.930
910.885	71.427
912.017	74.788
913.205	79.782
914.474	86.058
915.839	93.110
917.310	100.328
918.884	107.029
920.549	112.562
922.283	116.445
924.058	118.495
925.845	118.799
927.619	117.761
929.361	115.892
931.062	113.639
932.717	111.348
934.330	109.137
935.901	106.888
937.431	104.403
938.918	101.432
940.354	97.774
941.730	93.365
943.038	88.270
944.268	82.680
945.417	76.848
946.483	71.058
947.467	65.547
948.374	60.495
949.214	56.019
949.992	52.142
950.719	48.848
951.403	46.082
952.051	43.750
952.668	41.762
953.260	40.025
953.830	38.446
954.380	36.964
954.911	35.514
955.423	34.059
955.916	32.576
956.390	31.049
956.843	29.481
957.275	27.886
957.686	26.270
958.075	24.659
958.441	23.073
958.787	21.525
959.110	20.041
959.413	18.632
959.697	17.311
959.963	16.092
960.211	14.983
960.444	13.993
960.663	13.131
960.871	12.411
961.069	11.853
961.260	11.481
961.447	11.337
961.634	11.483
961.826	12.013
962.030	13.068
962.256	14.858
962.516	17.696
962.832	22.031
963.232	28.520
963.755	38.045
964.460	51.762
965.423	70.963
966.743	96.727
968.526	129.091
970.867	165.904
973.797	201.819
977.238	229.071
980.990	240.922
984.771	235.807
988.334	218.317
991.532	195.884
994.339	174.432
996.802	156.652
998.992	142.495
1000.968	130.677
1002.767	119.801
1004.403	108.944
1005.881	97.781
1007.198	86.460
1008.357	75.369
1009.365	64.921
1010.231	55.460
1010.970	47.178
1011.601	40.134
1012.140	34.288
1012.603	29.531
1013.004	25.729
1013.356	22.737
1013.670	20.422
1013.954	18.668
1014.217	17.374
1014.464	16.466
1014.700	15.882
1014.930	15.584
1015.158	15.543
1015.388	15.744
1015.623	16.192
1015.867	16.889
1016.124	17.860
1016.398	19.135
1016.695	20.750
1017.019	22.750
1017.377	25.183
1017.777	28.100
1018.226	31.541
1018.733	35.535
1019.307	40.076
1019.957	45.121
1020.689	50.561
1021.511	56.230
1022.425	61.872
1023.427	67.181
1024.512	71.823
1025.666	75.486
1026.872	77.957
1028.110	79.162
1029.360	79.209
1030.605	78.387
1031.831	77.126
1033.035	75.935
1034.218	75.359
1035.394	75.936
1036.580	78.147
1037.805	82.423
1039.100	89.040
1040.500	98.099
1042.042	109.322
1043.751	121.940
1045.643	134.597
1047.704	145.354
1049.896	152.105
1052.147	153.135
1054.371	147.773
1056.475	136.641
1058.389	121.450
1060.064	104.351
1061.489	87.319
1062.672	71.744
1063.640	58.387
1064.428	47.447
1065.070	38.818
1065.599	32.202
1066.040	27.267
1066.417	23.680
1066.748	21.171
1067.048	19.517
1067.327	18.554
1067.596	18.160
1067.862	18.268
1068.134	18.828
1068.416	19.845
1068.717	21.335
1069.043	23.363
1069.404	26.019
1069.810	29.436
1070.272	33.792
1070.807	39.330
1071.434	46.357
1072.176	55.276
1073.065	66.671
1074.140	81.428
1075.453	101.152
1077.086	128.923
1079.164	170.898
1081.910	238.429
1085.705	349.157
1091.132	520.086
1098.827	740.392
1108.925	932.153
1120.337	974.959
1130.994	833.495
1139.279	604.048
1144.908	396.056
1148.469	251.277
1150.695	163.529
1152.145	114.285
1153.167	88.122
1153.968	75.221
1154.659	69.881
1155.310	68.965
1155.958	70.734
1156.626	74.226
1157.331	78.865
1158.082	84.253
1158.887	90.097
1159.747	96.068
1160.666	101.895
1161.640	107.213
1162.665	111.724
1163.730	115.091
1164.826	117.056
1165.938	117.429
1167.050	116.116
1168.147	113.163
1169.214	108.696
1170.237	102.972
1171.204	96.274
1172.107	88.950
1172.940	81.313
1173.703	73.661
1174.394	66.230
1175.016	59.205
1175.573	52.713
1176.071	46.813
1176.514	41.553
1176.909	36.907
1177.262	32.876
1177.578	29.392
1177.861	26.439
1178.118	23.940
1178.352	21.873
1178.568	20.184
1178.768	18.845
1178.956	17.831
1179.135	17.125
1179.309	16.724
1179.480	16.640
1179.652	16.895
1179.828	17.537
1180.013	18.633
1180.210	20.280
1180.428	22.611
1180.672	25.806
1180.954	30.098
1181.286	35.784
1181.683	43.234
1182.166	52.883
1182.759	65.223
1183.494	80.745
1184.406	99.841
1185.533	122.647
1186.914	148.818
1188.578	177.235
1190.543	205.868
1192.798	231.814
1195.299	251.735
1197.967	262.767
1200.701	263.405
1203.391	254.173
1205.943	237.279
1208.290	216.021
1210.401	193.573
1212.275	172.425
1213.936	154.027
1215.414	138.878
1216.745	126.880
1217.961	117.522
1219.088	110.183
1220.145	104.230
1221.147	99.144
1222.100	94.497
1223.009	90.029
1223.875	85.550
1224.699	81.012
1225.479	76.390
1226.216	71.755
1226.909	67.160
1227.559	62.708
1228.167	58.460
1228.735	54.511
1229.267	50.895
1229.765	47.677
1230.234	44.865
1230.677	42.495
1231.099	40.561
1231.503	39.073
1231.895	38.029
1232.279	37.417
1232.658	37.245
1233.039	37.501
1233.424	38.187
1233.819	39.296
1234.228	40.830
1234.655	42.781
1235.104	45.136
1235.582	47.887
1236.089	50.993
1236.633	54.423
1237.214	58.107
1237.837	61.969
1238.503	65.910
1239.213	69.803
1239.964	73.505
1240.757	76.879
1241.586	79.755
1242.446	82.015
1243.329	83.526
1244.229	84.228
1245.133	84.082
1246.037	83.112
1246.928	81.386
1247.802	79.018
1248.648	76.146
1249.464	72.922
1250.245	69.508
1250.992	66.041
1251.701	62.660
1252.375	59.462
1253.017	56.524
1253.629	53.908
1254.214	51.644
1254.777	49.753
1255.322	48.236
1255.852	47.089
1256.372	46.300
1256.886	45.855
1257.397	45.731
1257.910	45.916
1258.426	46.377
1258.950	47.103
1259.485	48.056
1260.032	49.218
1260.596	50.545
1261.176	52.013
1261.775	53.558
1262.393	55.140
1263.032	56.704
1263.689	58.172
1264.365	59.490
1265.057	60.586
1265.763	61.396
1266.479	61.864
1267.202	61.942
1267.925	61.602
1268.645	60.840
1269.356	59.652
1270.054	58.082
1270.735	56.181
1271.393	54.009
1272.027	51.655
1272.634	49.210
1273.214	46.778
1273.767	44.464
1274.294	42.387
1274.799	40.661
1275.286	39.429
1275.760	38.839
1276.231	39.077
1276.710	40.343
1277.208	42.911
1277.743	47.072
1278.335	53.176
1279.010	61.594
1279.796	72.653
1280.727	86.582
1281.838	103.309
1283.160	122.309
1284.717	142.417
1286.512	161.707
1288.525	177.680
1290.703	187.810
1292.967	190.208
1295.218	184.347
1297.362	171.273
1299.323	153.225
1301.054	132.888
1302.542	112.666
1303.794	94.243
1304.839	78.521
1305.710	65.762
1306.441	55.808
1307.066	48.304
1307.609	42.827
1308.096	38.966
1308.542	36.371
1308.962	34.783
1309.368	34.003
1309.767	33.914
1310.169	34.458
1310.580	35.636
1311.009	37.523
1311.463	40.226
1311.954	43.938
1312.494	48.875
1313.098	55.353
1313.787	63.663
1314.583	74.151
1315.513	87.068
1316.606	102.485
1317.891	120.194
1319.391	139.441
1321.119	158.939
1323.067	176.727
1325.205	190.576
1327.475	198.371
1329.800	198.819
1332.090	191.846
1334.264	178.655
1336.260	161.322
1338.041	142.141
1339.596	123.096
1340.935	105.557
1342.080	90.265
1343.059	77.434
1343.899	66.950
1344.629	58.512
1345.268	51.774
1345.837	46.381
1346.349	42.039
1346.817	38.490
1347.246	35.545
1347.646	33.058
1348.019	30.921
1348.369	29.069
1348.701	27.452
1349.016	26.057
1349.317	24.883
1349.605	23.960
1349.885	23.342
1350.160	23.125
1350.435	23.454
1350.717	24.559
1351.015	26.795
1351.346	30.714
1351.730	37.120
1352.202	47.277
1352.811	62.987
1353.631	86.766
1354.767	121.899
1356.363	171.760
1358.595	238.516
1361.642	319.793
1365.621	405.118
1370.472	474.471
1375.898	505.537
1381.396	487.306
1386.449	428.446
1390.718	350.675
1394.111	274.770
1396.722	212.206
1398.721	165.801
1400.282	133.423
1401.542	111.502
1402.602	96.676
1403.525	86.376
1404.354	78.833
1405.114	72.916
1405.820	67.942
1406.479	63.531
1407.096	59.519
1407.677	55.814
1408.223	52.472
1408.738	49.539
1409.226	47.129
1409.692	45.380
1410.144	44.454
1410.590	44.589
1411.041	46.050
1411.511	49.219
1412.018	54.568
1412.586	62.696
1413.244	74.352
1414.030	90.358
1414.989	111.597
1416.176	138.694
1417.648	171.735
1419.461	209.702
1421.654	249.990
1424.232	288.016
1427.148	317.823
1430.299	333.542
1433.529	331.473
1436.664	311.765
1439.548	278.333
1442.073	237.281
1444.193	194.702
1445.913	155.145
1447.272	121.121
1448.328	93.443
1449.143	71.796
1449.769	55.334
1450.254	43.058
1450.633	34.023
1450.934	27.424
1451.179	22.626
1451.383	19.141
1451.557	16.605
1451.710	14.757
1451.847	13.405
1451.972	12.414
1452.089	11.689
1452.200	11.161
1452.307	10.781
1452.411	10.524
1452.513	10.361
1452.615	10.285
1452.716	10.289
1452.818	10.371
1452.921	10.537
1453.028	10.798
1453.137	11.170
1453.251	11.675
1453.371	12.351
1453.499	13.245
1453.638	14.424
1453.790	15.980
1453.960	18.045
1454.154	20.798
1454.379	24.494
1454.647	29.479
1454.972	36.230
1455.375	45.406
1455.883	57.862
1456.535	74.682
1457.379	97.152
1458.479	126.594
1459.910	164.014
1461.752	209.418
1464.079	260.844
1466.931	313.511
1470.286	359.681
1474.036	390.353
1477.988	398.621
1481.903	382.911
1485.559	348.004
1488.801	302.439
1491.564	254.977
1493.863	211.842
1495.758	176.090
1497.328	148.373
1498.651	127.895
1499.796	113.242
1500.813	102.977
1501.743	95.831
1502.611	90.777
1503.436	87.057
1504.231	84.099
1504.999	81.499
1505.744	79.003
1506.469	76.440
1507.169	73.728
1507.847	70.830
1508.498	67.769
1509.121	64.578
1509.717	61.324
1510.283	58.076
1510.821	54.911
1511.331	51.901
1511.814	49.122
1512.273	46.629
1512.709	44.481
1513.129	42.721
1513.533	41.389
1513.927	40.538
1514.315	40.186
1514.701	40.356
1515.092	41.101
1515.493	42.421
1515.909	44.350
1516.346	46.912
1516.811	50.076
1517.310	53.881
1517.848	58.247
1518.433	63.159
1519.068	68.492
1519.759	74.132
1520.506	79.896
1521.313	85.572
1522.177	90.931
1523.092	95.710
1524.055	99.689
1525.056	102.683
1526.084	104.579
1527.129	105.393
1528.180	105.243
1529.227	104.364
1530.263	103.149
1531.287	102.019
1532.300	101.515
1533.309	102.224
1534.329	104.627
1535.376	109.345
1536.474	116.780
1537.651	127.262
1538.936	140.887
1540.359	157.331
1541.944	175.873
1543.707	195.135
1545.650	213.232
1547.752	227.903
1549.972	236.902
1552.248	238.599
1554.509	232.378
1556.682	218.853
1558.702	199.696
1560.525	177.173
1562.127	153.579
1563.506	130.826
1564.676	110.259
1565.660	92.636
1566.487	78.239
1567.187	67.056
1567.792	58.911
1568.326	53.578
1568.817	50.859
1569.289	50.619
1569.764	52.826
1570.266	57.535
1570.817	64.902
1571.444	75.164
1572.176	88.534
1573.039	105.178
1574.067	125.142
1575.288	148.076
1576.727	173.107
1578.402	198.848
1580.307	223.063
1582.422	243.222
1584.700	256.687
1587.068	261.449
1589.447	256.734
1591.748	243.185
1593.898	222.740
1595.844	198.047
1597.557	171.824
1599.032	146.282
1600.282	123.005
1601.330	102.826
1602.205	86.029
1602.939	72.527
1603.560	62.029
1604.094	54.157
1604.563	48.559
1604.988	44.904
1605.384	42.945
1605.766	42.503
1606.148	43.462
1606.543	45.776
1606.961	49.437
1607.417	54.486
1607.922	60.965
1608.491	68.924
1609.135	78.384
1609.870	89.289
1610.709	101.486
1611.661	114.646
1612.736	128.294
1613.936	141.748
1615.255	154.128
1616.682	164.500
1618.196	171.920
1619.764	175.662
1621.357	175.310
1622.932	170.877
1624.456	162.784
1625.900	151.801
1627.236	138.907
1628.453	125.100
1629.545	111.264
1630.513	98.134
1631.368	86.166
1632.118	75.670
1632.778	66.733
1633.362	59.351
1633.883	53.417
1634.355	48.794
1634.789	45.305
1635.194	42.794
1635.579	41.099
1635.951	40.078
1636.316	39.603
1636.680	39.558
1637.044	39.847
1637.413	40.385
1637.789	41.097
1638.172	41.918
1638.565	42.794
1638.968	43.670
1639.380	44.500
1639.801	45.254
1640.231	45.897
1640.667	46.402
1641.110	46.752
1641.556	46.941
1642.006	46.954
1642.457	46.812
1642.907	46.510
1643.356	46.083
1643.802	45.565
1644.244	44.987
1644.681	44.416
1645.115	43.938
1645.545	43.631
1645.974	43.651
1646.405	44.184
1646.845	45.460
1647.300	47.853
1647.783	51.835
1648.313	58.067
1648.911	67.463
1649.612	81.214
1650.464	100.801
1651.527	127.999
1652.880	164.458
1654.616	211.287
1656.830	267.856
1659.600	330.480
1662.953	391.560
1666.829	440.084
1671.059	465.149
1675.390	460.793
1679.550	429.495
1683.322	381.055
1686.596	328.009
1689.374	281.100
1691.738	247.156
1693.820	229.283
1695.763	228.374
1697.716	244.111
1699.815	275.398
1702.185	320.266
1704.927	375.079
1708.104	433.808
1711.719	487.864
1715.700	527.266
1719.901	543.350
1724.124	531.842
1728.154	494.739
1731.817	439.187
1735.005	374.636
1737.683	309.732
1739.871	250.390
1741.626	199.642
1743.019	158.236
1744.120	125.471
1744.993	100.103
1745.693	80.671
1746.258	65.872
1746.721	54.648
1747.108	46.090
1747.436	39.528
1747.719	34.497
1747.967	30.600
1748.190	27.566
1748.390	25.219
1748.575	23.391
1748.749	21.994
1748.911	20.956
1749.069	20.212
1749.221	19.745
1749.370	19.515
1749.519	19.528
1749.669	19.766
1749.822	20.244
1749.979	20.965
1750.143	21.949
1750.315	23.213
1750.499	24.792
1750.696	26.707
1750.910	29.001
1751.143	31.701
1751.399	34.859
1751.683	38.523
1751.997	42.709
1752.346	47.458
1752.737	52.830
1753.173	58.790
1753.658	65.338
1754.201	72.488
1754.802	80.104
1755.468	88.130
1756.201	96.422
1757.002	104.772
1757.875	113.037
1758.812	120.934
1759.816	128.309
1760.879	134.970
1761.994	140.816
1763.155	145.841
1764.355	150.138
1765.588	153.920
1766.849	157.486
1768.137	161.241
1769.455	165.560
1770.805	170.869
1772.199	177.430
1773.644	185.419
1775.153	194.770
1776.733	205.127
1778.392	215.941
1780.134	226.392
1781.949	235.411
1783.823	241.963
1785.739	245.186
1787.666	244.417
1789.569	239.523
1791.422	230.793
1793.196	219.020
1794.865	205.353
1796.426	190.915
1797.870	177.080
1799.207	164.916
1800.453	155.328
1801.627	149.150
1802.758	146.838
1803.876	148.900
1805.015	155.535
1806.209	166.954
1807.496	183.059
1808.908	203.592
1810.476	227.850
1812.228	254.644
1814.176	282.275
1816.319	308.434
1818.641	330.500
1821.103	345.942
1823.650	352.653
1826.215	349.626
1828.727	337.056
1831.121	316.311
1833.344	289.645
1835.359	259.647
1837.153	228.721
1838.723	198.820
1840.083	171.283
1841.251	146.849
1842.251	125.820
1843.109	108.108
1843.847	93.445
1844.486	81.481
1845.047	71.812
1845.541	64.063
1845.985	57.895
1846.388	53.014
1846.758	49.173
1847.104	46.175
1847.431	43.854
1847.742	42.076
1848.042	40.750
1848.334	39.798
1848.621	39.125
1848.904	38.709
1849.186	38.514
1849.466	38.469
1849.748	38.578
1850.032	38.824
1850.319	39.149
1850.609	39.572
1850.904	40.069
1851.203	40.600
1851.507	41.180
1851.816	41.780
1852.133	42.394
1852.453	43.001
1852.779	43.581
1853.112	44.147
1853.450	44.660
1853.791	45.120
1854.139	45.518
1854.490	45.846
1854.843	46.088
1855.202	46.256
1855.561	46.336
1855.922	46.327
1856.284	46.244
1856.646	46.078
1857.009	45.848
1857.370	45.564
1857.731	45.233
1858.088	44.876
1858.446	44.515
1858.801	44.166
1859.154	43.843
1859.506	43.589
1859.858	43.408
1860.208	43.337
1860.560	43.402
1860.914	43.625
1861.270	44.035
1861.632	44.667
1862.000	45.536
1862.377	46.684
1862.765	48.132
1863.167	49.907
1863.585	52.038
1864.023	54.551
1864.484	57.467
1864.970	60.794
1865.487	64.564
1866.038	68.755
1866.625	73.363
1867.254	78.372
1867.927	83.724
1868.646	89.347
1869.415	95.174
1870.234	101.051
1871.103	106.857
1872.022	112.417
1872.988	117.543
1873.997	122.056
1875.042	125.769
1876.118	128.528
1877.214	130.207
1878.322	130.745
1879.431	130.138
1880.534	128.439
1881.619	125.786
1882.679	122.373
1883.709	118.428
1884.705	114.251
1885.665	110.146
1886.591	106.440
1887.487	103.496
1888.360	101.704
1889.221	101.458
1890.083	103.176
1890.964	107.331
1891.886	114.417
1892.873	124.884
1893.956	139.195
1895.166	157.622
1896.536	180.088
1898.102	206.230
1899.888	234.858
1901.907	264.016
1904.158	291.123
1906.612	313.021
1909.214	326.676
1911.890	329.978
1914.556	322.263
1917.119	304.525
1919.508	279.165
1921.675	249.266
1923.588	217.945
1925.249	187.669
1926.673	160.156
1927.884	136.278
1928.913	116.287
1929.794	100.024
1930.552	87.068
1931.215	76.917
1931.804	69.064
1932.335	63.043
1932.822	58.442
1933.277	54.942
1933.707	52.268
1934.116	50.197
1934.513	48.591
1934.897	47.303
1935.273	46.256
1935.642	45.374
1936.005	44.609
1936.363	43.935
1936.717	43.322
1937.068	42.768
1937.414	42.264
1937.759	41.820
1938.100	41.446
1938.439	41.166
1938.778	41.006
1939.116	41.008
1939.457	41.224
1939.799	41.720
1940.148	42.590
1940.506	43.957
1940.878	45.977
1941.269	48.873
1941.687	52.938
1942.143	58.563
1942.651	66.273
1943.231	76.775
1943.907	90.972
1944.711	109.969
1945.689	135.143
1946.893	167.859
1948.388	209.380
1950.247	260.198
1952.540	319.259
1955.323	383.129
1958.611	445.220
1962.357	496.292
1966.435	526.646
1970.649	529.476
1974.776	503.816
1978.605	455.012
1981.991	392.339
1984.858	325.558
1987.202	262.315
1989.071	207.047
1990.537	161.278
1991.677	124.789
1992.557	96.493
1993.237	74.886
1993.768	58.460
1994.184	46.064
1994.512	36.702
1994.776	29.569
1994.989	24.125
1995.164	19.941
1995.310	16.675
1995.433	14.120
1995.537	12.095
1995.627	10.472
1995.705	9.164
1995.775	8.091
1995.835	7.211
1995.891	6.474
1995.940	5.859
1995.986	5.334
1996.027	4.887
1996.065	4.499
1996.100	4.164
1996.133	3.867
1996.163	3.606
1996.192	3.373
1996.219	3.163
1996.245	2.975
1996.269	2.803
1996.292	2.647
1996.313	2.503
1996.334	2.371
1996.353	2.248
1996.372	2.135
1996.390	2.029
1996.407	1.931
1996.423	1.839
1996.438	1.753
1996.453	1.671
1996.468	1.595
1996.481	1.524
1996.494	1.456
1996.507	1.393
1996.519	1.333
1996.530	1.276
1996.542	1.222
1996.552	1.171
1996.563	1.123
1996.573	1.078
1996.583	1.035
1996.592	0.994
1996.601	0.955
1996.609	0.918
1996.618	0.883
1996.626	0.850
1996.634	0.819
1996.641	0.789
1996.648	0.760
1996.655	0.733
1996.662	0.707
1996.669	0.683
1996.676	0.659
1996.682	0.637
1996.688	0.616
1996.694	0.596
1996.700	0.576
1996.705	0.558
1996.711	0.540
1996.716	0.524
1996.721	0.507
1996.726	0.492
1996.731	0.477
1996.736	0.463
1996.740	0.450
1996.745	0.437
1996.749	0.425
1996.754	0.413
1996.758	0.401
1996.762	0.390
1996.766	0.380
1996.770	0.370
1996.774	0.360
1996.778	0.351
1996.781	0.342
1996.785	0.333
1996.788	0.325
1996.792	0.316
1996.795	0.309
1996.799	0.301
1996.802	0.294
1996.805	0.287
1996.808	0.280
1996.811	0.274
1996.814	0.267
1996.817	0.261
1996.820	0.255
1996.823	0.249
1996.826	0.244
1996.829	0.238
1996.832	0.233
1996.834	0.228
1996.837	0.223
1996.839	0.218
1996.842	0.214
1996.844	0.209
1996.847	0.205
1996.849	0.200
1996.852	0.196
1996.854	0.192
1996.856	0.188
1996.859	0.184
1996.861	0.181
1996.863	0.177
1996.865	0.173
1996.867	0.170
1996.869	0.167
1996.871	0.163
1996.874	0.160
1996.875	0.157
1996.877	0.154
1996.880	0.151
1996.881	0.148
1996.883	0.145
1996.885	0.142
1996.887	0.139
1996.889	0.137
1996.891	0.134
1996.892	0.131
1996.894	0.129
1996.896	0.126
1996.897	0.124
1996.899	0.122
1996.901	0.119
1996.902	0.117
1996.904	0.115
1996.906	0.113
1996.907	0.110
1996.909	0.108
1996.910	0.106
1996.911	0.104
1996.913	0.102
1996.914	0.100
1996.916	0.098
1996.917	0.097
1996.919	0.095
1996.920	0.093
1996.921	0.091
1996.923	0.089
1996.924	0.088
1996.925	0.086
1996.926	0.084
1996.928	0.083
1996.929	0.081
1996.930	0.080
1996.931	0.078
1996.932	0.077
1996.934	0.075
1996.935	0.074
1996.936	0.072
1996.937	0.071
1996.938	0.070
1996.939	0.068
1996.940	0.067
1996.941	0.066
1996.942	0.064
1996.943	0.063
1996.944	0.062
1996.945	0.061
1996.946	0.059
1996.947	0.058
1996.948	0.057
1996.949	0.056
1996.950	0.055
1996.951	0.054
1996.952	0.053
1996.953	0.052
1996.954	0.051
1996.954	0.050
1996.955	0.049
1996.956	0.048
1996.957	0.047
1996.958	0.046
1996.959	0.045
1996.959	0.044
1996.960	0.043
1996.961	0.042
1996.962	0.041
1996.962	0.041
1996.963	0.040
1996.964	0.039
1996.964	0.038
1996.965	0.037
