<j>	<F>
1.026	23.252
2.509	14.961
3.044	23.004
4.060	22.855
5.231	21.717
7.649	11.095
8.799	11.076
9.869	11.264
10.780	11.841
11.465	13.212
11.942	16.046
12.529	20.399
14.102	16.950
15.892	16.047
18.234	11.272
19.369	11.192
20.384	11.383
21.255	11.785
21.955	12.511
22.520	13.652
23.141	15.085
24.592	15.308
27.215	12.336
28.646	11.379
29.560	11.600
30.307	12.050
30.889	12.755
31.324	13.780
31.643	15.197
31.891	17.082
32.181	19.375
33.025	20.749
35.117	17.884
36.233	17.153
37.351	17.623
40.221	15.193
42.952	12.501
44.060	12.177
44.640	12.640
45.060	13.354
45.379	14.273
45.621	15.420
45.810	16.829
45.970	18.533
46.142	20.524
46.476	22.536
48.008	22.394
52.374	16.259
54.155	14.501
54.656	15.040
54.998	15.964
55.453	16.899
56.320	17.407
57.888	16.898
59.519	15.996
60.381	16.013
60.730	16.823
60.906	18.034
61.041	19.491
61.186	21.130
61.392	22.867
61.743	24.481
62.419	25.464
63.962	24.600
66.849	21.021
69.264	18.678
71.434	17.326
73.463	16.148
74.736	15.767
75.517	15.988
76.239	16.353
77.143	16.592
78.504	16.488
80.855	15.642
83.897	14.155
85.891	13.307
86.721	13.328
87.109	13.723
87.372	14.253
87.595	14.856
87.808	15.514
88.033	16.216
88.297	16.939
88.633	17.649
89.080	18.293
89.652	18.826
90.314	19.256
90.988	19.664
91.634	20.117
92.325	20.559
93.254	20.761
94.585	20.478
96.229	19.831
98.273	18.920
100.931	17.521
103.182	16.397
104.412	16.133
105.152	16.330
105.861	16.615
106.778	16.777
107.948	16.733
109.123	16.619
109.985	16.693
110.480	17.051
110.743	17.632
110.896	18.356
111.010	19.176
111.124	20.061
111.291	20.969
111.662	21.762
112.853	21.866
116.254	19.930
120.170	17.356
121.907	16.622
122.602	16.781
123.072	17.177
123.767	17.506
125.223	17.406
127.668	16.628
129.967	15.789
131.156	15.581
131.677	15.832
132.130	16.205
133.038	16.421
135.171	16.080
138.762	14.964
141.876	13.924
143.320	13.626
143.851	13.782
144.093	14.101
144.251	14.479
144.378	14.892
144.488	15.334
144.585	15.806
144.672	16.308
144.751	16.841
144.824	17.408
144.893	18.009
144.962	18.646
145.032	19.318
145.110	20.025
145.204	20.761
145.333	21.512
145.546	22.241
146.000	22.818
147.265	22.797
150.598	21.181
154.878	18.757
157.102	17.794
158.007	17.787
158.519	18.071
158.943	18.436
159.416	18.798
160.053	19.079
160.955	19.203
162.092	19.158
163.221	19.078
164.073	19.148
164.600	19.431
164.913	19.879
165.138	20.418
165.381	20.979
165.760	21.480
166.449	21.783
167.607	21.736
169.065	21.412
170.299	21.200
171.110	21.307
171.765	21.574
172.639	21.728
173.980	21.552
175.604	21.128
177.008	20.825
178.178	20.735
179.912	20.444
183.784	19.124
189.229	16.976
192.501	15.829
193.796	15.638
194.446	15.764
194.915	15.978
195.311	16.229
195.659	16.507
195.971	16.808
196.259	17.128
196.540	17.464
196.828	17.807
197.142	18.151
197.502	18.485
197.947	18.791
198.564	19.031
199.554	19.114
201.266	18.876
203.850	18.222
206.566	17.457
208.462	17.026
209.550	16.961
210.297	17.071
211.051	17.205
212.010	17.270
213.238	17.227
214.619	17.105
215.903	16.999
216.896	16.994
217.577	17.112
218.035	17.328
218.374	17.604
218.668	17.912
218.969	18.228
219.312	18.538
219.727	18.824
220.234	19.076
220.833	19.287
221.494	19.466
222.157	19.639
222.756	19.839
223.242	20.094
223.609	20.416
223.876	20.801
224.074	21.237
224.238	21.710
224.408	22.200
224.649	22.672
225.121	23.038
226.202	23.082
228.401	22.482
231.261	21.439
233.317	20.793
234.422	20.698
235.297	20.784
236.575	20.723
238.790	20.259
242.062	19.334
245.492	18.336
248.053	17.694
249.651	17.440
250.638	17.428
251.308	17.543
251.834	17.720
252.318	17.921
252.830	18.121
253.437	18.294
254.203	18.413
255.171	18.459
256.319	18.432
257.525	18.370
258.624	18.336
259.502	18.377
260.149	18.506
260.623	18.706
260.995	18.955
261.327	19.228
261.665	19.508
262.043	19.779
262.481	20.031
262.986	20.258
263.554	20.461
264.174	20.643
264.878	20.795
265.831	20.861
267.495	20.671
270.549	19.955
274.694	18.804
278.130	17.893
280.174	17.497
281.414	17.405
282.319	17.436
283.071	17.521
283.755	17.633
284.452	17.748
285.282	17.834
286.400	17.840
287.948	17.721
289.900	17.472
291.946	17.176
293.673	16.956
294.891	16.879
295.673	16.932
296.177	17.072
296.526	17.265
296.791	17.489
297.010	17.733
297.198	17.993
297.366	18.265
297.517	18.550
297.655	18.847
297.784	19.154
297.907	19.472
298.030	19.798
298.162	20.130
298.312	20.465
298.496	20.796
298.736	21.114
299.065	21.405
299.525	21.649
300.167	21.822
301.034	21.903
302.142	21.880
303.477	21.761
305.063	21.547
307.048	21.198
309.672	20.635
312.866	19.880
315.949	19.162
318.260	18.705
319.753	18.523
320.708	18.524
321.378	18.624
321.933	18.769
322.495	18.920
323.164	19.045
324.023	19.116
325.105	19.116
326.346	19.059
327.593	18.989
328.691	18.958
329.588	18.990
330.344	19.071
331.090	19.165
331.978	19.225
333.141	19.208
334.630	19.090
336.364	18.893
338.169	18.670
339.932	18.464
341.678	18.272
343.472	18.074
345.281	17.872
346.946	17.700
348.305	17.602
349.306	17.595
350.001	17.669
350.479	17.805
350.818	17.982
351.070	18.186
351.269	18.411
351.431	18.651
351.570	18.903
351.692	19.166
351.805	19.437
351.917	19.716
352.043	19.997
352.208	20.275
352.459	20.534
352.887	20.746
353.659	20.859
355.037	20.788
357.291	20.449
360.451	19.839
364.138	19.093
367.777	18.385
370.829	17.843
372.985	17.532
374.299	17.432
375.036	17.482
375.447	17.619
375.695	17.803
375.867	18.011
376.010	18.233
376.146	18.462
376.292	18.694
376.461	18.925
376.665	19.151
376.921	19.368
377.248	19.570
377.667	19.750
378.203	19.900
378.899	20.009
379.886	20.047
381.621	19.916
385.416	19.335
392.851	17.957
401.304	16.347
406.328	15.469
408.510	15.205
409.592	15.179
410.353	15.226
411.069	15.287
411.859	15.341
412.791	15.374
413.906	15.378
415.194	15.352
416.587	15.305
417.968	15.255
419.214	15.221
420.241	15.219
421.026	15.256
421.593	15.330
421.990	15.434
422.265	15.561
422.461	15.704
422.607	15.860
422.726	16.024
422.833	16.193
422.942	16.366
423.063	16.540
423.212	16.712
423.410	16.880
423.688	17.036
424.105	17.171
424.750	17.267
425.764	17.299
427.319	17.231
429.530	17.040
432.291	16.741
435.189	16.408
437.744	16.129
439.722	15.952
441.166	15.871
442.225	15.860
443.034	15.895
443.679	15.960
444.207	16.045
444.648	16.147
445.019	16.263
445.334	16.390
445.603	16.526
445.841	16.671
446.062	16.822
446.297	16.975
446.612	17.119
447.179	17.231
448.448	17.244
451.475	17.002
457.785	16.275
466.829	15.127
474.461	14.161
478.625	13.692
480.568	13.548
481.585	13.539
482.263	13.580
482.816	13.640
483.321	13.707
483.812	13.777
484.304	13.847
484.810	13.917
485.335	13.985
485.883	14.051
486.453	14.115
487.042	14.177
487.643	14.237
488.246	14.297
488.840	14.358
489.414	14.421
489.956	14.488
490.459	14.560
490.917	14.638
491.327	14.723
491.690	14.814
492.006	14.913
492.280	15.018
492.515	15.130
492.717	15.248
492.890	15.371
493.038	15.500
493.165	15.634
493.275	15.772
493.371	15.915
493.455	16.061
493.530	16.211
493.597	16.365
493.659	16.522
493.717	16.683
493.771	16.847
493.825	17.013
493.877	17.183
493.931	17.355
493.986	17.530
494.045	17.707
494.108	17.886
494.176	18.067
494.253	18.250
494.339	18.434
494.436	18.619
494.547	18.804
494.674	18.989
494.820	19.173
494.987	19.356
495.178	19.536
495.393	19.713
495.634	19.887
495.901	20.057
496.192	20.224
496.505	20.388
496.842	20.548
497.210	20.704
497.647	20.847
498.263	20.957
499.380	20.971
501.779	20.731
506.646	19.998
513.626	18.826
519.535	17.848
522.781	17.390
524.338	17.267
525.195	17.284
525.786	17.353
526.260	17.444
526.665	17.549
527.019	17.664
527.328	17.787
527.601	17.919
527.842	18.057
528.058	18.202
528.254	18.353
528.435	18.508
528.604	18.668
528.766	18.832
528.924	18.998
529.085	19.167
529.259	19.336
529.481	19.500
529.858	19.643
530.737	19.710
533.120	19.541
539.007	18.808
548.665	17.442
556.872	16.267
560.699	15.779
561.989	15.701
562.385	15.771
562.517	15.887
562.575	16.018
562.613	16.154
562.645	16.293
562.676	16.434
562.707	16.577
562.740	16.723
562.774	16.870
562.811	17.019
562.853	17.169
562.901	17.321
562.958	17.474
563.033	17.626
563.152	17.776
563.423	17.911
564.294	17.984
567.605	17.797
578.779	16.758
600.143	14.582
615.954	12.960
621.328	12.458
622.716	12.392
623.136	12.432
623.344	12.496
623.500	12.567
623.639	12.640
623.767	12.714
623.888	12.790
624.001	12.867
624.108	12.946
624.209	13.025
624.304	13.106
624.394	13.189
624.480	13.272
624.561	13.357
624.639	13.444
624.713	13.531
624.783	13.620
624.850	13.710
624.915	13.801
624.977	13.894
625.037	13.988
625.094	14.083
625.150	14.179
625.204	14.277
625.257	14.376
625.308	14.477
625.358	14.579
625.407	14.682
625.455	14.786
625.503	14.892
625.551	14.999
625.599	15.107
625.648	15.217
625.699	15.328
625.752	15.440
625.811	15.553
625.876	15.666
625.953	15.780
626.048	15.894
626.172	16.006
626.340	16.114
626.579	16.216
626.930	16.308
627.451	16.381
628.227	16.427
629.356	16.433
630.931	16.387
632.971	16.284
635.362	16.137
637.836	15.973
640.082	15.830
641.886	15.734
643.198	15.694
644.086	15.704
644.661	15.752
645.026	15.826
645.259	15.917
645.410	16.019
645.513	16.129
645.588	16.244
645.646	16.363
645.694	16.485
645.737	16.609
645.777	16.734
645.815	16.862
645.852	16.991
645.891	17.122
645.930	17.255
645.971	17.389
646.015	17.524
646.062	17.661
646.114	17.799
646.172	17.937
646.239	18.077
646.318	18.216
646.417	18.355
646.549	18.491
646.736	18.621
647.025	18.740
647.498	18.835
648.302	18.886
649.670	18.859
651.883	18.714
655.063	18.429
658.853	18.048
662.433	17.685
665.134	17.438
666.847	17.326
667.822	17.319
668.353	17.376
668.642	17.470
668.809	17.583
668.915	17.706
668.992	17.836
669.056	17.969
669.116	18.104
669.177	18.242
669.244	18.380
669.319	18.518
669.407	18.657
669.511	18.795
669.636	18.932
669.788	19.067
669.975	19.197
670.205	19.323
670.490	19.442
670.837	19.552
671.258	19.652
671.758	19.740
672.335	19.815
672.982	19.879
673.678	19.934
674.398	19.985
675.115	20.036
675.811	20.090
676.490	20.147
677.204	20.202
678.084	20.236
679.420	20.207
681.734	20.040
685.654	19.641
691.144	19.008
696.766	18.343
700.905	17.882
703.317	17.667
704.605	17.615
705.325	17.645
705.794	17.714
706.160	17.799
706.496	17.890
706.843	17.981
707.227	18.069
707.676	18.149
708.214	18.219
708.867	18.275
709.654	18.314
710.585	18.333
711.651	18.334
712.819	18.320
714.039	18.298
715.246	18.276
716.389	18.261
717.435	18.258
718.379	18.268
719.243	18.290
720.063	18.319
720.896	18.349
721.803	18.370
722.857	18.375
724.129	18.353
725.673	18.296
727.500	18.204
729.545	18.082
731.681	17.947
733.768	17.817
735.746	17.703
737.695	17.598
739.866	17.479
742.645	17.304
746.407	17.033
751.169	16.659
756.283	16.244
760.760	15.888
764.017	15.653
766.110	15.535
767.395	15.502
768.208	15.517
768.773	15.559
769.220	15.615
769.616	15.677
769.997	15.741
770.381	15.805
770.781	15.869
771.207	15.931
771.674	15.990
772.200	16.044
772.814	16.090
773.557	16.126
774.486	16.146
775.667	16.143
777.171	16.111
779.044	16.045
781.272	15.946
783.748	15.821
786.281	15.689
788.652	15.568
790.694	15.475
792.334	15.417
793.589	15.394
794.523	15.400
795.215	15.429
795.734	15.474
796.136	15.530
796.459	15.595
796.730	15.665
796.966	15.739
797.179	15.816
797.376	15.895
797.561	15.976
797.737	16.059
797.906	16.142
798.069	16.228
798.226	16.314
798.379	16.402
798.526	16.491
798.669	16.581
798.807	16.672
798.941	16.765
799.070	16.859
799.195	16.955
799.317	17.051
799.434	17.149
799.548	17.248
799.658	17.349
799.765	17.451
799.869	17.554
799.971	17.658
800.071	17.764
800.169	17.871
800.267	17.978
800.364	18.088
800.462	18.198
800.562	18.309
800.665	18.420
800.773	18.532
800.888	18.645
801.014	18.757
801.154	18.869
801.313	18.980
801.497	19.088
801.718	19.194
801.989	19.294
802.340	19.385
802.836	19.461
803.643	19.504
805.195	19.468
808.528	19.244
815.366	18.650
826.101	17.639
836.739	16.625
843.329	16.027
846.345	15.801
847.582	15.763
848.106	15.800
848.363	15.866
848.520	15.943
848.639	16.025
848.740	16.109
848.834	16.195
848.923	16.282
849.010	16.370
849.095	16.459
849.178	16.550
849.259	16.641
849.341	16.733
849.421	16.825
849.500	16.919
849.579	17.014
849.657	17.110
849.735	17.206
849.812	17.304
849.889	17.402
849.966	17.502
850.042	17.602
850.118	17.703
850.194	17.806
850.271	17.909
850.348	18.013
850.427	18.118
850.508	18.224
850.593	18.330
850.685	18.437
850.789	18.543
850.913	18.649
851.072	18.752
851.288	18.849
851.603	18.937
852.084	19.009
852.839	19.051
854.023	19.047
855.832	18.975
858.425	18.816
861.798	18.569
865.705	18.264
869.817	17.943
874.045	17.625
878.692	17.290
884.238	16.897
890.857	16.429
898.070	15.925
904.987	15.458
910.945	15.079
915.767	14.796
919.538	14.596
922.417	14.463
924.556	14.382
926.097	14.344
927.179	14.337
927.926	14.354
928.436	14.388
928.785	14.434
929.026	14.488
929.197	14.547
929.322	14.610
929.418	14.676
929.496	14.744
929.562	14.813
929.621	14.884
929.676	14.955
929.729	15.027
929.781	15.100
929.832	15.173
929.885	15.247
929.939	15.322
929.994	15.397
930.052	15.472
930.111	15.548
930.174	15.624
930.239	15.701
930.309	15.778
930.382	15.856
930.459	15.933
930.542	16.011
930.630	16.090
930.724	16.168
930.826	16.246
930.937	16.325
931.056	16.403
931.187	16.481
931.332	16.559
931.492	16.636
931.672	16.711
931.876	16.786
932.112	16.858
932.387	16.928
932.713	16.994
933.108	17.054
933.591	17.108
934.191	17.152
934.939	17.183
935.874	17.199
937.032	17.196
938.437	17.170
940.092	17.123
941.960	17.056
943.962	16.976
945.993	16.892
947.944	16.814
949.732	16.749
951.322	16.701
952.727	16.669
953.995	16.650
955.208	16.638
956.463	16.625
957.884	16.601
959.604	16.555
961.753	16.478
964.412	16.363
967.549	16.210
970.973	16.034
974.372	15.857
977.430	15.703
979.950	15.589
981.894	15.517
983.342	15.483
984.412	15.478
985.226	15.493
985.880	15.520
986.449	15.555
986.988	15.593
987.534	15.632
988.118	15.668
988.761	15.700
989.477	15.728
990.275	15.750
991.155	15.766
992.110	15.776
993.122	15.782
994.169	15.784
995.221	15.786
996.249	15.789
997.225	15.795
998.130	15.806
998.949	15.823
999.680	15.846
1000.325	15.876
1000.893	15.911
1001.396	15.951
1001.847	15.996
1002.263	16.044
1002.656	16.094
1003.041	16.145
1003.431	16.196
1003.838	16.246
1004.271	16.295
1004.739	16.341
1005.250	16.384
1005.805	16.425
1006.404	16.462
1007.045	16.495
1007.718	16.526
1008.413	16.555
1009.114	16.584
1009.805	16.613
1010.471	16.643
1011.099	16.677
1011.676	16.714
1012.197	16.756
1012.659	16.802
1013.063	16.853
1013.412	16.910
1013.713	16.970
1013.972	17.034
1014.199	17.102
1014.402	17.172
1014.592	17.244
1014.780	17.316
1014.979	17.389
1015.206	17.460
1015.481	17.528
1015.829	17.591
1016.282	17.645
1016.880	17.688
1017.665	17.716
1018.679	17.724
1019.950	17.711
1021.475	17.675
1023.208	17.620
1025.052	17.553
1026.880	17.487
1028.565	17.430
1030.019	17.391
1031.204	17.375
1032.124	17.382
1032.816	17.408
1033.324	17.450
1033.692	17.505
1033.959	17.570
1034.154	17.642
1034.299	17.719
1034.409	17.799
1034.496	17.883
1034.568	17.968
1034.630	18.055
1034.687	18.144
1034.743	18.233
1034.799	18.323
1034.861	18.413
1034.932	18.504
1035.017	18.593
1035.122	18.682
1035.258	18.769
1035.436	18.852
1035.672	18.931
1035.989	19.003
1036.412	19.066
1036.972	19.116
1037.701	19.150
1038.625	19.165
1039.752	19.161
1041.066	19.137
1042.509	19.099
1043.994	19.056
1045.425	19.016
1046.712	18.988
1047.804	18.979
1048.681	18.990
1049.358	19.021
1049.866	19.069
1050.240	19.131
1050.516	19.203
1050.728	19.283
1050.909	19.368
1051.108	19.452
1051.419	19.529
1052.066	19.579
1053.621	19.556
1057.407	19.352
1065.601	18.786
1078.809	17.803
1092.290	16.789
1101.080	16.155
1105.577	15.874
1107.951	15.768
1109.520	15.729
1110.815	15.712
1112.009	15.704
1113.138	15.700
1114.199	15.699
1115.176	15.704
1116.056	15.715
1116.832	15.733
1117.506	15.757
1118.083	15.787
1118.571	15.823
1118.984	15.865
1119.331	15.911
1119.624	15.961
1119.873	16.014
1120.087	16.070
1120.273	16.128
1120.437	16.188
1120.585	16.250
1120.720	16.313
1120.847	16.377
1120.966	16.442
1121.082	16.508
1121.197	16.575
1121.311	16.641
1121.428	16.709
1121.548	16.776
1121.675	16.843
1121.810	16.910
1121.955	16.977
1122.114	17.044
1122.290	17.110
1122.485	17.174
1122.704	17.238
1122.953	17.299
1123.234	17.359
1123.555	17.416
1123.918	17.470
1124.330	17.520
1124.793	17.567
1125.310	17.610
1125.880	17.649
1126.500	17.684
1127.164	17.715
1127.863	17.743
1128.584	17.770
1129.314	17.795
1130.037	17.821
1130.743	17.848
1131.421	17.877
1132.063	17.909
1132.668	17.944
1133.237	17.982
1133.774	18.023
1134.286	18.066
1134.783	18.111
1135.275	18.156
1135.773	18.201
1136.287	18.245
1136.826	18.288
1137.398	18.328
1138.009	18.365
1138.665	18.398
1139.364	18.428
1140.104	18.454
1140.884	18.477
1141.697	18.497
1142.538	18.515
1143.407	18.530
1144.307	18.543
1145.255	18.552
1146.291	18.555
1147.491	18.546
1149.001	18.515
1151.082	18.443
1154.151	18.301
1158.738	18.050
1165.189	17.668
1173.084	17.185
1181.102	16.695
1187.884	16.296
1192.951	16.019
1196.587	15.845
1199.271	15.738
1201.376	15.670
1203.118	15.627
1204.608	15.600
1205.893	15.585
1207.000	15.581
1207.945	15.586
1208.742	15.600
1209.410	15.622
1209.964	15.651
1210.422	15.686
1210.800	15.726
1211.114	15.769
1211.374	15.817
1211.592	15.867
1211.775	15.920
1211.932	15.975
1212.067	16.031
1212.185	16.089
1212.288	16.149
1212.381	16.209
1212.465	16.270
1212.541	16.332
1212.612	16.395
1212.677	16.459
1212.738	16.523
1212.796	16.588
1212.851	16.654
1212.903	16.720
1212.954	16.787
1213.003	16.855
1213.051	16.922
1213.098	16.991
1213.146	17.060
1213.194	17.129
1213.245	17.199
1213.299	17.269
1213.360	17.339
1213.431	17.408
1213.520	17.477
1213.635	17.545
1213.792	17.611
1214.015	17.673
1214.339	17.728
1214.821	17.773
1215.538	17.803
1216.598	17.809
1218.126	17.784
1220.244	17.717
1222.997	17.605
1226.290	17.454
1229.841	17.282
1233.263	17.116
1236.224	16.980
1238.558	16.886
1240.273	16.834
1241.481	16.817
1242.318	16.827
1242.904	16.855
1243.330	16.894
1243.659	16.941
1243.932	16.992
1244.178	17.046
1244.413	17.101
1244.650	17.156
1244.898	17.211
1245.167	17.265
1245.467	17.317
1245.810	17.367
1246.214	17.413
1246.703	17.454
1247.313	17.487
1248.093	17.510
1249.105	17.518
1250.425	17.505
1252.130	17.467
1254.278	17.400
1256.864	17.303
1259.790	17.183
1262.860	17.051
1265.831	16.924
1268.478	16.816
1270.670	16.737
1272.387	16.689
1273.671	16.670
1274.605	16.673
1275.273	16.694
1275.750	16.728
1276.091	16.772
1276.339	16.822
1276.523	16.877
1276.663	16.935
1276.774	16.996
1276.864	17.058
1276.942	17.122
1277.011	17.186
1277.075	17.252
1277.136	17.318
1277.197	17.385
1277.259	17.452
1277.322	17.519
1277.389	17.587
1277.459	17.654
1277.533	17.722
1277.613	17.790
1277.699	17.858
1277.792	17.926
1277.893	17.994
1278.002	18.061
1278.120	18.129
1278.248	18.195
1278.389	18.262
1278.542	18.328
1278.712	18.393
1278.901	18.457
1279.113	18.520
1279.357	18.581
1279.643	18.639
1279.988	18.694
1280.416	18.743
1280.965	18.783
1281.688	18.811
1282.660	18.821
1283.969	18.807
1285.718	18.761
1287.982	18.677
1290.764	18.554
1293.948	18.401
1297.301	18.234
1300.543	18.074
1303.456	17.937
1305.963	17.830
1308.116	17.750
1310.045	17.689
1311.920	17.634
1313.910	17.575
1316.169	17.501
1318.804	17.405
1321.843	17.283
1325.201	17.141
1328.683	16.991
1332.032	16.847
1335.016	16.725
1337.502	16.633
1339.462	16.573
1340.950	16.542
1342.052	16.535
1342.859	16.546
1343.452	16.571
1343.892	16.606
1344.224	16.648
1344.482	16.694
1344.687	16.745
1344.856	16.798
1345.001	16.852
1345.128	16.909
1345.244	16.966
1345.353	17.024
1345.457	17.083
1345.560	17.142
1345.664	17.201
1345.770	17.261
1345.879	17.321
1345.995	17.381
1346.118	17.440
1346.251	17.500
1346.396	17.559
1346.555	17.617
1346.732	17.675
1346.931	17.732
1347.161	17.787
1347.432	17.839
1347.769	17.888
1348.215	17.931
1348.859	17.963
1349.883	17.973
1351.644	17.941
1354.796	17.831
1360.314	17.586
1368.998	17.161
1380.192	16.591
1391.258	16.024
1399.646	15.606
1404.858	15.365
1407.758	15.254
1409.316	15.219
1410.165	15.224
1410.651	15.249
1410.947	15.284
1411.140	15.326
1411.272	15.371
1411.369	15.418
1411.442	15.467
1411.500	15.516
1411.547	15.567
1411.587	15.618
1411.622	15.670
1411.653	15.723
1411.682	15.776
1411.710	15.829
1411.736	15.882
1411.762	15.936
1411.788	15.990
1411.814	16.045
1411.840	16.100
1411.866	16.155
1411.893	16.210
1411.921	16.266
1411.950	16.322
1411.979	16.378
1412.009	16.435
1412.041	16.492
1412.073	16.549
1412.107	16.606
1412.142	16.664
1412.178	16.722
1412.216	16.780
1412.256	16.838
1412.297	16.897
1412.340	16.956
1412.385	17.015
1412.433	17.074
1412.482	17.134
1412.534	17.194
1412.588	17.254
1412.645	17.314
1412.704	17.374
1412.766	17.434
1412.831	17.495
1412.900	17.556
1412.971	17.617
1413.046	17.678
1413.124	17.739
1413.206	17.801
1413.291	17.862
1413.382	17.923
1413.477	17.985
1413.578	18.046
1413.689	18.108
1413.813	18.169
1413.959	18.228
1414.147	18.286
1414.413	18.340
1414.827	18.385
1415.524	18.415
1416.750	18.413
1418.926	18.357
1422.655	18.208
1428.480	17.934
1436.272	17.541
1444.729	17.102
1452.008	16.729
1457.113	16.480
1460.206	16.350
1461.910	16.303
1462.807	16.304
1463.269	16.332
1463.508	16.373
1463.637	16.421
1463.710	16.473
1463.757	16.527
1463.792	16.582
1463.820	16.638
1463.846	16.694
1463.872	16.751
1463.898	16.808
1463.924	16.865
1463.951	16.922
1463.980	16.980
1464.010	17.038
1464.041	17.096
1464.074	17.155
1464.109	17.213
1464.146	17.272
1464.185	17.331
1464.227	17.391
1464.271	17.450
1464.318	17.510
1464.368	17.570
1464.420	17.630
1464.477	17.690
1464.538	17.750
1464.602	17.810
1464.671	17.871
1464.744	17.931
1464.823	17.992
1464.906	18.052
1464.995	18.112
1465.091	18.173
1465.193	18.233
1465.304	18.293
1465.424	18.353
1465.556	18.412
1465.702	18.471
1465.869	18.529
1466.065	18.585
1466.303	18.639
1466.605	18.690
1467.003	18.735
1467.549	18.771
1468.317	18.793
1469.415	18.795
1470.975	18.768
1473.134	18.703
1475.980	18.594
1479.470	18.444
1483.356	18.266
1487.236	18.086
1490.699	17.930
1493.495	17.814
1495.574	17.743
1497.029	17.712
1498.007	17.711
1498.651	17.731
1499.070	17.766
1499.345	17.811
1499.529	17.862
1499.656	17.917
1499.748	17.975
1499.818	18.034
1499.876	18.095
1499.927	18.156
1499.974	18.219
1500.019	18.281
1500.065	18.344
1500.112	18.407
1500.162	18.471
1500.215	18.534
1500.272	18.598
1500.335	18.661
1500.403	18.725
1500.478	18.789
1500.561	18.852
1500.654	18.915
1500.756	18.978
1500.870	19.040
1500.997	19.102
1501.138	19.163
1501.295	19.223
1501.469	19.283
1501.661	19.342
1501.872	19.399
1502.103	19.456
1502.354	19.511
1502.627	19.565
1502.920	19.617
1503.232	19.669
1503.561	19.719
1503.906	19.769
1504.263	19.818
1504.629	19.866
1504.999	19.914
1505.372	19.962
1505.741	20.010
1506.104	20.059
1506.457	20.109
1506.799	20.159
1507.127	20.211
1507.442	20.264
1507.744	20.318
1508.035	20.374
1508.321	20.430
1508.606	20.486
1508.899	20.542
1509.212	20.597
1509.563	20.650
1509.973	20.699
1510.480	20.740
1511.131	20.772
1512.006	20.788
1513.229	20.778
1515.018	20.730
1517.746	20.616
1522.010	20.399
1528.521	20.034
1537.487	19.508
1547.721	18.902
1556.947	18.365
1563.647	17.993
1567.837	17.784
1570.261	17.689
1571.628	17.661
1572.406	17.671
1572.862	17.701
1573.141	17.743
1573.320	17.792
1573.442	17.844
1573.530	17.899
1573.598	17.955
1573.652	18.013
1573.698	18.071
1573.738	18.130
1573.774	18.190
1573.806	18.250
1573.837	18.311
1573.867	18.372
1573.897	18.433
1573.926	18.495
1573.957	18.557
1573.989	18.619
1574.023	18.682
1574.061	18.745
1574.102	18.807
1574.150	18.870
1574.206	18.932
1574.273	18.995
1574.352	19.056
1574.450	19.117
1574.572	19.177
1574.724	19.235
1574.918	19.291
1575.165	19.344
1575.483	19.393
1575.893	19.436
1576.420	19.472
1577.097	19.498
1577.956	19.512
1579.029	19.513
1580.344	19.497
1581.910	19.465
1583.719	19.417
1585.742	19.355
1587.934	19.281
1590.259	19.200
1592.710	19.111
1595.326	19.014
1598.188	18.903
1601.394	18.775
1604.995	18.624
1608.942	18.454
1613.035	18.275
1616.978	18.105
1620.487	17.959
1623.388	17.847
1625.645	17.773
1627.330	17.732
1628.562	17.717
1629.459	17.722
1630.126	17.741
1630.639	17.769
1631.054	17.803
1631.413	17.840
1631.744	17.880
1632.067	17.920
1632.398	17.960
1632.749	18.000
1633.131	18.038
1633.551	18.074
1634.020	18.107
1634.542	18.137
1635.126	18.165
1635.778	18.188
1636.502	18.207
1637.303	18.222
1638.184	18.233
1639.145	18.239
1640.187	18.240
1641.311	18.237
1642.511	18.229
1643.785	18.217
1645.124	18.202
1646.514	18.183
1647.946	18.162
1649.392	18.139
1650.836	18.117
1652.245	18.096
1653.597	18.078
1654.865	18.065
1656.035	18.057
1657.088	18.055
1658.023	18.060
1658.835	18.072
1659.533	18.090
1660.125	18.114
1660.621	18.143
1661.033	18.178
1661.373	18.217
1661.653	18.259
1661.882	18.305
1662.070	18.353
1662.224	18.404
1662.350	18.456
1662.453	18.510
1662.539	18.566
1662.610	18.622
1662.669	18.680
1662.720	18.738
1662.763	18.797
1662.800	18.857
1662.832	18.917
1662.861	18.978
1662.887	19.040
1662.911	19.101
1662.934	19.164
1662.955	19.226
1662.975	19.289
1662.995	19.353
1663.014	19.417
1663.034	19.481
1663.054	19.545
1663.075	19.610
1663.096	19.675
1663.119	19.740
1663.144	19.806
1663.173	19.872
1663.206	19.937
1663.249	20.003
1663.308	20.068
1663.404	20.131
1663.577	20.190
1663.924	20.239
1664.664	20.267
1666.278	20.244
1669.733	20.115
1676.525	19.793
1687.654	19.216
1701.241	18.491
1712.904	17.871
1720.272	17.496
1724.118	17.325
1725.992	17.270
1726.943	17.268
1727.496	17.290
1727.883	17.322
1728.203	17.357
1728.498	17.395
1728.782	17.433
1729.061	17.472
1729.339	17.511
1729.617	17.550
1729.897	17.589
1730.184	17.628
1730.479	17.667
1730.790	17.705
1731.128	17.742
1731.508	17.778
1731.950	17.810
1732.486	17.838
1733.156	17.860
1734.016	17.873
1735.132	17.873
1736.586	17.857
1738.457	17.820
1740.804	17.759
1743.646	17.674
1746.929	17.567
1750.530	17.444
1754.297	17.313
1758.109	17.181
1761.936	17.052
1765.863	16.921
1770.046	16.783
1774.644	16.630
1779.702	16.461
1785.078	16.279
1790.441	16.097
1795.385	15.933
1799.590	15.799
1802.920	15.701
1805.410	15.637
1807.195	15.603
1808.440	15.592
1809.296	15.597
1809.882	15.614
1810.285	15.638
1810.567	15.668
1810.767	15.702
1810.913	15.738
1811.022	15.776
1811.106	15.815
1811.173	15.855
1811.229	15.895
1811.275	15.936
1811.315	15.978
1811.351	16.020
1811.382	16.062
1811.410	16.105
1811.436	16.148
1811.460	16.191
1811.481	16.235
1811.502	16.279
1811.521	16.323
1811.538	16.367
1811.555	16.412
1811.571	16.456
1811.586	16.501
1811.600	16.547
1811.614	16.592
1811.627	16.638
1811.639	16.684
1811.651	16.730
1811.663	16.777
1811.674	16.824
1811.685	16.870
1811.695	16.918
1811.705	16.965
1811.715	17.013
1811.725	17.061
1811.735	17.109
1811.744	17.157
1811.754	17.206
1811.763	17.254
1811.772	17.303
1811.781	17.353
1811.790	17.402
1811.800	17.452
1811.809	17.502
1811.818	17.552
1811.828	17.603
1811.838	17.653
1811.849	17.704
1811.859	17.755
1811.871	17.807
1811.884	17.858
1811.897	17.910
1811.912	17.962
1811.929	18.014
1811.947	18.066
1811.969	18.118
1811.993	18.171
1812.022	18.223
1812.057	18.276
1812.097	18.328
1812.147	18.380
1812.207	18.432
1812.280	18.484
1812.371	18.534
1812.483	18.584
1812.621	18.633
1812.795	18.680
1813.010	18.726
1813.278	18.768
1813.612	18.808
1814.027	18.843
1814.536	18.873
1815.159	18.898
1815.912	18.915
1816.811	18.925
1817.862	18.926
1819.065	18.919
1820.412	18.903
1821.879	18.881
1823.429	18.854
1825.021	18.824
1826.611	18.794
1828.159	18.766
1829.639	18.742
1831.034	18.722
1832.346	18.707
1833.582	18.695
1834.758	18.688
1835.891	18.682
1836.998	18.679
1838.094	18.676
1839.187	18.673
1840.278	18.671
1841.366	18.668
1842.443	18.666
1843.500	18.665
1844.519	18.666
1845.491	18.669
1846.405	18.675
1847.253	18.684
1848.028	18.698
1848.729	18.715
1849.359	18.736
1849.919	18.761
1850.416	18.789
1850.855	18.821
1851.243	18.855
1851.587	18.892
1851.891	18.931
1852.164	18.972
1852.410	19.015
1852.633	19.060
1852.839	19.105
1853.031	19.151
1853.215	19.199
1853.393	19.246
1853.572	19.294
1853.759	19.342
1853.963	19.389
1854.200	19.434
1854.497	19.477
1854.899	19.515
1855.495	19.543
1856.454	19.553
1858.108	19.529
1861.082	19.440
1866.392	19.238
1875.185	18.865
1887.531	18.319
1901.103	17.713
1912.485	17.211
1920.091	16.891
1924.499	16.724
1926.898	16.654
1928.196	16.637
1928.914	16.647
1929.327	16.671
1929.580	16.703
1929.745	16.740
1929.861	16.779
1929.951	16.819
1930.028	16.860
1930.100	16.902
1930.173	16.944
1930.251	16.986
1930.337	17.027
1930.434	17.069
1930.547	17.109
1930.678	17.150
1930.831	17.189
1931.012	17.228
1931.223	17.265
1931.474	17.301
1931.769	17.335
1932.114	17.367
1932.518	17.397
1932.990	17.424
1933.534	17.447
1934.156	17.468
1934.863	17.484
1935.651	17.497
1936.523	17.506
1937.467	17.512
1938.472	17.515
1939.520	17.515
1940.591	17.515
1941.662	17.514
1942.710	17.514
1943.713	17.516
1944.655	17.520
1945.523	17.528
1946.308	17.539
1947.010	17.554
1947.629	17.572
1948.170	17.595
1948.640	17.620
1949.046	17.649
1949.397	17.680
1949.703	17.714
1949.971	17.749
1950.209	17.786
1950.423	17.824
1950.620	17.863
1950.805	17.903
1950.983	17.944
1951.158	17.985
1951.334	18.026
1951.515	18.067
1951.704	18.107
1951.904	18.148
1952.117	18.188
1952.347	18.227
1952.596	18.265
1952.866	18.303
1953.158	18.340
1953.475	18.375
1953.820	18.410
1954.194	18.443
1954.601	18.474
1955.042	18.504
1955.520	18.533
1956.043	18.559
1956.617	18.583
1957.253	18.604
1957.965	18.621
1958.777	18.634
1959.711	18.641
1960.804	18.640
1962.094	18.630
1963.619	18.609
1965.412	18.575
1967.485	18.528
1969.823	18.467
1972.367	18.397
1975.011	18.321
1977.637	18.245
1980.117	18.175
1982.347	18.117
1984.269	18.073
1985.867	18.044
1987.155	18.030
1988.174	18.029
1988.966	18.038
1989.579	18.057
1990.053	18.082
1990.421	18.113
1990.709	18.147
1990.939	18.185
1991.125	18.225
1991.280	18.267
1991.411	18.310
1991.525	18.354
1991.625	18.399
1991.716	18.444
1991.799	18.490
1991.876	18.537
1991.949	18.584
1992.018	18.631
1992.083	18.679
1992.146	18.727
1992.205	18.776
1992.263	18.825
1992.318	18.874
1992.372	18.923
1992.424	18.973
1992.474	19.023
1992.522	19.073
1992.568	19.124
1992.614	19.175
1992.657	19.226
1992.699	19.277
1992.740	19.329
1992.780	19.381
1992.818	19.434
1992.855	19.486
1992.890	19.539
1992.925	19.592
1992.959	19.646
1992.992	19.700
1993.024	19.754
1993.054	19.808
1993.085	19.863
1993.114	19.918
1993.142	19.973
1993.170	20.028
1993.197	20.084
1993.223	20.140
1993.249	20.196
1993.274	20.253
1993.298	20.310
1993.322	20.367
1993.346	20.424
1993.369	20.482
1993.391	20.540
1993.413	20.598
1993.435	20.657
1993.456	20.716
1993.477	20.775
1993.497	20.834
1993.517	20.894
1993.537	20.954
1993.556	21.014
1993.575	21.075
1993.594	21.136
1993.612	21.197
1993.631	21.258
1993.648	21.320
1993.666	21.382
1993.684	21.444
1993.700	21.507
1993.717	21.570
1993.734	21.633
1993.750	21.697
1993.766	21.760
1993.782	21.824
1993.798	21.889
1993.813	21.954
1993.829	22.019
1993.844	22.084
1993.859	22.149
1993.873	22.215
1993.888	22.281
1993.902	22.348
1993.916	22.415
1993.930	22.482
1993.943	22.549
1993.957	22.617
1993.970	22.685
1993.983	22.754
1993.996	22.822
1994.009	22.891
1994.021	22.961
1994.034	23.030
1994.046	23.100
1994.058	23.171
1994.070	23.241
1994.082	23.312
1994.094	23.384
1994.105	23.455
1994.116	23.527
1994.128	23.600
1994.139	23.672
1994.149	23.745
1994.160	23.818
1994.171	23.892
1994.181	23.966
1994.192	24.040
1994.202	24.115
1994.212	24.190
1994.222	24.265
1994.232	24.341
1994.241	24.417
1994.251	24.493
1994.261	24.570
1994.270	24.647
1994.279	24.725
1994.288	24.803
1994.298	24.881
1994.307	24.959
1994.315	25.038
1994.324	25.117
1994.333	25.197
1994.342	25.277
1994.350	25.357
1994.359	25.438
1994.367	25.519
1994.375	25.600
1994.384	25.682
1994.392	25.764
1994.400	25.847
1994.408	25.929
1994.416	26.013
1994.424	26.096
1994.432	26.180
1994.439	26.265
1994.447	26.349
1994.455	26.435
1994.462	26.520
1994.470	26.606
1994.477	26.692
1994.485	26.779
1994.492	26.866
1994.499	26.953
1994.506	27.041
1994.514	27.129
1994.521	27.218
1994.528	27.307
1994.535	27.396
1994.542	27.486
1994.549	27.576
1994.556	27.667
1994.563	27.758
1994.569	27.849
1994.576	27.941
1994.583	28.033
1994.589	28.125
1994.596	28.218
1994.603	28.312
1994.609	28.406
1994.616	28.500
1994.622	28.594
1994.628	28.689
1994.635	28.785
1994.641	28.881
1994.647	28.977
1994.653	29.073
1994.659	29.170
1994.666	29.268
1994.672	29.366
1994.678	29.464
1994.683	29.563
1994.689	29.662
1994.695	29.762
1994.701	29.862
1994.707	29.962
1994.712	30.063
1994.718	30.164
1994.723	30.266
1994.729	30.368
1994.734	30.471
1994.740	30.574
1994.745	30.677
1994.750	30.781
1994.755	30.886
1994.761	30.990
1994.766	31.096
1994.771	31.201
1994.776	31.307
1994.780	31.414
1994.785	31.521
1994.790	31.628
1994.795	31.736
1994.799	31.844
1994.804	31.953
1994.808	32.062
1994.813	32.172
1994.817	32.282
1994.822	32.393
1994.826	32.504
1994.830	32.615
1994.834	32.727
1994.838	32.840
1994.842	32.952
1994.846	33.066
1994.850	33.179
1994.854	33.294
1994.857	33.408
1994.861	33.523
1994.865	33.639
1994.868	33.755
1994.872	33.872
1994.875	33.988
1994.878	34.106
1994.882	34.224
1994.885	34.342
1994.888	34.461
1994.891	34.580
1994.894	34.700
1994.897	34.820
1994.900	34.941
1994.903	35.062
1994.905	35.184
1994.908	35.306
1994.911	35.428
1994.913	35.552
1994.916	35.675
1994.918	35.799
1994.921	35.923
1994.923	36.048
1994.925	36.174
1994.928	36.300
1994.930	36.426
1994.932	36.553
1994.934	36.680
1994.936	36.808
1994.938	36.936
1994.940	37.065
1994.942	37.194
1994.944	37.324
1994.946	37.454
1994.947	37.584
1994.949	37.715
1994.951	37.847
1994.952	37.979
1994.954	38.112
1994.955	38.245
1994.957	38.378
1994.958	38.512
1994.960	38.646
1994.961	38.781
1994.962	38.917
1994.964	39.052
1994.965	39.189
1994.966	39.325
1994.967	39.463
1994.968	39.600
1994.969	39.739
1994.970	39.877
1994.972	40.016
1994.973	40.156
1994.974	40.296
1994.974	40.437
1994.975	40.578
1994.976	40.719
1994.977	40.861
1994.978	41.004
1994.979	41.147
1994.980	41.290
1994.980	41.434
1994.981	41.578
1994.982	41.723
1994.982	41.868
1994.983	42.014
1994.984	42.160
1994.984	42.307
1994.985	42.454
1994.985	42.602
1994.986	42.750
1994.987	42.898
1994.987	43.047
1994.988	43.197
1994.988	43.347
1994.989	43.497
1994.989	43.648
1994.989	43.799
1994.990	43.951
1994.990	44.103
1994.991	44.256
1994.991	44.409
1994.991	44.563
1994.992	44.717
1994.992	44.872
1994.992	45.027
1994.993	45.182
1994.993	45.338
1994.993	45.494
1994.994	45.651
1994.994	45.808
1994.994	45.966
1994.994	46.124
1994.995	46.283
1994.995	46.442
1994.995	46.601
1994.995	46.761
1994.995	46.922
1994.996	47.083
1994.996	47.244
1994.996	47.406
1994.996	47.568
1994.996	47.731
1994.996	47.894
1994.997	48.057
1994.997	48.221
1994.997	48.386
1994.997	48.550
1994.997	48.716
1994.997	48.881
1994.997	49.048
1994.998	49.214
1994.998	49.381
1994.998	49.549
1994.998	49.716
1994.998	49.885
1994.998	50.054
1994.998	50.223
1994.998	50.392
1994.998	50.562
1994.998	50.733
1994.998	50.904
1994.998	51.075
1994.999	51.246
1994.999	51.419
1994.999	51.591
1994.999	51.764
1994.999	51.937
1994.999	52.111
1994.999	52.285
1994.999	52.460
1994.999	52.635
1994.999	52.810
1994.999	52.986
1994.999	53.162
1994.999	53.339
1994.999	53.516
1994.999	53.694
1994.999	53.871
1994.999	54.050
1994.999	54.228
1994.999	54.407
1994.999	54.587
1994.999	54.767
1994.999	54.947
1995.000	55.127
1995.000	55.308
1995.000	55.490
1995.000	55.672
1995.000	55.854
1995.000	56.036
1995.000	56.219
1995.000	56.403
1995.000	56.586
1995.000	56.770
1995.000	56.955
1995.000	57.140
1995.000	57.325
1995.000	57.511
1995.000	57.696
1995.000	57.883
1995.000	58.070
1995.000	58.257
1995.000	58.444
1995.000	58.632
1995.000	58.820
1995.000	59.009
1995.000	59.198
1995.000	59.387
1995.000	59.576
1995.000	59.766
1995.000	59.957
1995.000	60.147
1995.000	60.339
1995.000	60.530
1995.000	60.722
1995.000	60.914
1995.000	61.106
1995.000	61.299
1995.000	61.492
1995.000	61.686
1995.000	61.880
1995.000	62.074
1995.000	62.268
1995.000	62.463
1995.000	62.658
1995.000	62.854
1995.000	63.050
1995.000	63.246
1995.000	63.442
1995.000	63.639
1995.000	63.836
1995.000	64.034
1995.000	64.232
1995.000	64.430
1995.000	64.628
1995.000	64.827
1995.000	65.026
1995.000	65.226
1995.000	65.426
1995.000	65.626
1995.000	65.826
1995.000	66.027
1995.000	66.228
1995.000	66.429
1995.000	66.631
1995.000	66.833
1995.000	67.035
1995.000	67.238
1995.000	67.440
1995.000	67.644
1995.000	67.847
1995.000	68.051
1995.000	68.255
1995.000	68.459
1995.000	68.664
1995.000	68.869
1995.000	69.074
1995.000	69.280
1995.000	69.485
1995.000	69.692
1995.000	69.898
1995.000	70.105
1995.000	70.312
1995.000	70.519
1995.000	70.726
1995.000	70.934
1995.000	71.142
1995.000	71.351
1995.000	71.559
1995.000	71.768
1995.000	71.978
1995.000	72.187
1995.000	72.397
1995.000	72.607
1995.000	72.817
1995.000	73.028
1995.000	73.238
1995.000	73.449
1995.000	73.661
1995.000	73.872
1995.000	74.084
1995.000	74.296
1995.000	74.509
1995.000	74.721
1995.000	74.934
1995.000	75.147
1995.000	75.361
1995.000	75.575
1995.000	75.788
1995.000	76.003
1995.000	76.217
1995.000	76.432
1995.000	76.647
1995.000	76.862
1995.000	77.077
1995.000	77.293
1995.000	77.509
1995.000	77.725
1995.000	77.941
1995.000	78.158
1995.000	78.374
1995.000	78.591
1995.000	78.809
1995.000	79.026
1995.000	79.244
1995.000	79.462
1995.000	79.680
1995.000	79.899
1995.000	80.117
1995.000	80.336
1995.000	80.555
1995.000	80.775
1995.000	80.994
1995.000	81.214
1995.000	81.434
1995.000	81.654
1995.000	81.875
1995.000	82.095
1995.000	82.316
1995.000	82.537
1995.000	82.759
1995.000	82.980
1995.000	83.202
1995.000	83.424
1995.000	83.646
1995.000	83.868
1995.000	84.091
1995.000	84.314
1995.000	84.537
1995.000	84.760
1995.000	84.983
1995.000	85.207
1995.000	85.430
1995.000	85.654
1995.000	85.879
1995.000	86.103
1995.000	86.327
1995.000	86.552
1995.000	86.777
1995.000	87.002
1995.000	87.228
1995.000	87.453
1995.000	87.679
1995.000	87.905
1995.000	88.131
1995.000	88.357
1995.000	88.584
1995.000	88.810
1995.000	89.037
1995.000	89.264
1995.000	89.491
1995.000	89.719
1995.000	89.946
1995.000	90.174
1995.000	90.402
1995.000	90.630
1995.000	90.858
1995.000	91.087
1995.000	91.316
1995.000	91.544
1995.000	91.773
1995.000	92.002
1995.000	92.232
1995.000	92.461
1995.000	92.691
1995.000	92.921
1995.000	93.151
1995.000	93.381
1995.000	93.611
1995.000	93.842
1995.000	94.072
1995.000	94.303
1995.000	94.534
1995.000	94.765
1995.000	94.997
1995.000	95.228
1995.000	95.460
1995.000	95.692
1995.000	95.924
1995.000	96.156
1995.000	96.388
1995.000	96.620
1995.000	96.853
1995.000	97.086
1995.000	97.318
1995.000	97.551
1995.000	97.785
1995.000	98.018
1995.000	98.251
1995.000	98.485
1995.000	98.719
1995.000	98.953
1995.000	99.187
1995.000	99.421
1995.000	99.655
1995.000	99.890
1995.000	100.125
1995.000	100.359
1995.000	100.594
1995.000	100.829
1995.000	101.065
1995.000	101.300
1995.000	101.535
1995.000	101.771
1995.000	102.007
1995.000	102.243
1995.000	102.479
1995.000	102.715
1995.000	102.951
1995.000	103.188
1995.000	103.424
1995.000	103.661
1995.000	103.898
1995.000	104.135
1995.000	104.372
1995.000	104.609
1995.000	104.847
1995.000	105.084
1995.000	105.322
1995.000	105.559
1995.000	105.797
1995.000	106.035
1995.000	106.273
1995.000	106.512
1995.000	106.750
1995.000	106.989
1995.000	107.227
1995.000	107.466
1995.000	107.705
1995.000	107.944
1995.000	108.183
1995.000	108.422
1995.000	108.661
1995.000	108.901
1995.000	109.140
1995.000	109.380
1995.000	109.620
1995.000	109.860
1995.000	110.100
1995.000	110.340
1995.000	110.580
1995.000	110.821
1995.000	111.061
1995.000	111.302
1995.000	111.543
1995.000	111.783
1995.000	112.024
1995.000	112.265
1995.000	112.507
1995.000	112.748
1995.000	112.989
1995.000	113.231
1995.000	113.472
1995.000	113.714
1995.000	113.956
1995.000	114.198
1995.000	114.440
1995.000	114.682
1995.000	114.924
1995.000	115.167
1995.000	115.409
1995.000	115.652
1995.000	115.894
1995.000	116.137
1995.000	116.380
1995.000	116.623
1995.000	116.866
1995.000	117.109
1995.000	117.352
1995.000	117.596
1995.000	117.839
1995.000	118.083
1995.000	118.326
1995.000	118.570
1995.000	118.814
1995.000	119.058
1995.000	119.302
1995.000	119.546
1995.000	119.790
1995.000	120.034
1995.000	120.279
1995.000	120.523
1995.000	120.768
1995.000	121.013
1995.000	121.257
1995.000	121.502
1995.000	121.747
1995.000	121.992
1995.000	122.237
1995.000	122.483
1995.000	122.728
1995.000	122.973
1995.000	123.219
1995.000	123.464
1995.000	123.710
1995.000	123.956
1995.000	124.202
1995.000	124.448
1995.000	124.694
1995.000	124.940
1995.000	125.186
1995.000	125.432
1995.000	125.678
1995.000	125.925
1995.000	126.171
1995.000	126.418
1995.000	126.665
1995.000	126.911
1995.000	127.158
1995.000	127.405
1995.000	127.652
1995.000	127.899
1995.000	128.146
1995.000	128.394
1995.000	128.641
1995.000	128.888
1995.000	129.136
1995.000	129.383
1995.000	129.631
1995.000	129.879
1995.000	130.127
1995.000	130.374
1995.000	130.622
1995.000	130.870
1995.000	131.119
1995.000	131.367
1995.000	131.615
1995.000	131.863
1995.000	132.112
1995.000	132.360
1995.000	132.609
1995.000	132.857
1995.000	133.106
1995.000	133.355
1995.000	133.604
1995.000	133.852
1995.000	134.101
1995.000	134.350
1995.000	134.600
1995.000	134.849
