<j>	<F>
1.246	20.230
3.002	11.614
4.179	10.899
5.196	11.156
6.054	12.657
7.215	14.244
8.585	11.436
9.532	12.759
11.137	12.035
12.467	10.583
13.346	11.228
14.237	12.121
15.522	12.358
17.083	11.206
18.031	11.225
18.729	12.104
19.440	13.182
20.367	13.904
21.486	13.900
22.550	13.992
23.598	14.074
24.543	14.400
25.496	14.789
26.692	14.889
28.339	13.899
29.759	13.131
30.782	13.117
31.548	13.591
32.242	14.305
32.951	15.017
33.668	15.788
34.659	16.272
36.382	15.425
38.246	13.966
39.354	13.671
40.058	14.153
40.693	14.825
41.311	15.561
41.954	16.348
42.828	16.894
44.396	16.488
47.021	14.592
49.278	12.927
50.306	12.732
50.847	13.227
51.368	13.878
52.136	14.383
53.392	14.399
54.975	13.902
56.180	13.619
56.831	13.932
57.242	14.605
57.644	15.395
58.184	16.123
59.043	16.540
60.413	16.340
62.128	15.617
63.566	15.095
64.501	15.129
65.151	15.527
65.716	16.077
66.315	16.641
67.037	17.098
67.946	17.346
69.090	17.324
70.581	16.948
72.480	16.152
74.343	15.315
75.630	14.992
76.493	15.141
77.473	15.351
79.355	15.035
82.678	13.725
85.950	12.324
87.839	11.757
88.864	11.722
89.525	11.900
90.007	12.186
90.395	12.540
90.742	12.941
91.088	13.369
91.469	13.806
91.919	14.227
92.476	14.602
93.164	14.901
93.977	15.113
94.877	15.255
95.812	15.364
96.766	15.461
97.775	15.532
98.919	15.526
100.275	15.387
101.845	15.110
103.539	14.755
105.236	14.403
106.832	14.111
108.221	13.924
109.327	13.877
110.148	13.980
110.755	14.210
111.248	14.524
111.742	14.869
112.371	15.171
113.303	15.331
114.711	15.234
116.582	14.858
118.546	14.389
120.167	14.072
121.324	13.985
122.117	14.086
122.670	14.318
123.085	14.638
123.439	15.012
123.804	15.407
124.257	15.780
124.911	16.069
125.927	16.174
127.442	16.000
129.326	15.585
131.114	15.176
132.486	14.978
133.537	14.971
134.555	15.027
135.900	14.984
138.002	14.662
141.060	13.964
144.396	13.129
146.953	12.555
148.521	12.336
149.469	12.347
150.136	12.469
150.717	12.634
151.315	12.805
151.990	12.960
152.768	13.084
153.647	13.174
154.591	13.237
155.543	13.290
156.447	13.354
157.284	13.440
158.082	13.546
158.909	13.651
159.864	13.726
161.045	13.734
162.496	13.652
164.133	13.496
165.741	13.329
167.100	13.224
168.120	13.221
168.843	13.314
169.359	13.481
169.750	13.699
170.076	13.948
170.380	14.216
170.692	14.492
171.039	14.767
171.447	15.030
171.947	15.268
172.587	15.462
173.465	15.580
174.788	15.554
176.933	15.266
180.220	14.614
184.168	13.743
187.537	13.035
189.773	12.668
191.169	12.552
192.106	12.572
192.798	12.662
193.351	12.793
193.817	12.950
194.232	13.126
194.621	13.315
195.003	13.510
195.390	13.710
195.788	13.911
196.201	14.113
196.628	14.314
197.074	14.515
197.552	14.712
198.096	14.896
198.783	15.046
199.758	15.122
201.234	15.056
203.389	14.790
206.070	14.352
208.703	13.904
210.798	13.601
212.340	13.459
213.572	13.418
214.717	13.412
215.892	13.404
217.124	13.382
218.371	13.351
219.557	13.328
220.618	13.331
221.525	13.368
222.295	13.441
222.978	13.539
223.648	13.648
224.406	13.746
225.384	13.803
226.751	13.781
228.651	13.641
231.055	13.382
233.631	13.067
235.903	12.801
237.598	12.649
238.750	12.614
239.533	12.662
240.109	12.760
240.586	12.885
241.033	13.021
241.490	13.160
241.989	13.294
242.555	13.417
243.215	13.524
243.992	13.607
244.904	13.662
245.955	13.686
247.132	13.681
248.398	13.654
249.704	13.615
251.005	13.575
252.275	13.541
253.513	13.514
254.734	13.493
255.964	13.472
257.225	13.447
258.530	13.414
259.878	13.372
261.247	13.324
262.596	13.278
263.871	13.242
265.018	13.228
266.001	13.243
266.810	13.292
267.460	13.372
267.979	13.481
268.400	13.613
268.757	13.761
269.077	13.922
269.388	14.089
269.711	14.258
270.070	14.424
270.491	14.581
271.005	14.722
271.660	14.835
272.519	14.907
273.673	14.918
275.219	14.844
277.210	14.673
279.545	14.421
281.943	14.146
284.081	13.918
285.806	13.774
287.167	13.710
288.324	13.695
289.435	13.697
290.618	13.692
291.926	13.665
293.353	13.614
294.840	13.550
296.313	13.484
297.720	13.430
299.043	13.390
300.296	13.365
301.495	13.349
302.647	13.341
303.734	13.343
304.731	13.358
305.613	13.391
306.368	13.445
307.000	13.521
307.527	13.618
307.974	13.730
308.367	13.856
308.731	13.989
309.086	14.128
309.451	14.268
309.841	14.405
310.268	14.538
310.739	14.665
311.258	14.783
311.822	14.893
312.422	14.996
313.042	15.094
313.662	15.191
314.264	15.293
314.829	15.401
315.348	15.521
315.820	15.652
316.248	15.796
316.643	15.949
317.019	16.111
317.393	16.276
317.786	16.441
318.226	16.598
318.756	16.739
319.448	16.847
320.438	16.891
321.969	16.820
324.404	16.557
328.017	16.046
332.453	15.361
336.674	14.722
339.929	14.285
342.247	14.040
343.970	13.918
345.376	13.859
346.621	13.833
347.786	13.822
348.918	13.818
350.061	13.815
351.266	13.806
352.591	13.781
354.092	13.732
355.798	13.654
357.690	13.547
359.678	13.423
361.628	13.301
363.408	13.200
364.934	13.132
366.187	13.103
367.200	13.108
368.022	13.141
368.709	13.195
369.308	13.264
369.857	13.341
370.392	13.423
370.945	13.504
371.552	13.581
372.259	13.645
373.119	13.691
374.200	13.709
375.567	13.688
377.264	13.622
379.272	13.512
381.478	13.370
383.695	13.222
385.728	13.093
387.452	13.003
388.839	12.957
389.926	12.951
390.784	12.976
391.478	13.024
392.067	13.088
392.597	13.161
393.108	13.240
393.637	13.318
394.230	13.391
394.946	13.452
395.865	13.490
397.092	13.493
398.753	13.445
400.949	13.332
403.681	13.154
406.773	12.929
409.891	12.696
412.696	12.495
414.998	12.351
416.787	12.265
418.153	12.228
419.208	12.228
420.044	12.253
420.728	12.295
421.302	12.351
421.795	12.416
422.225	12.489
422.606	12.568
422.947	12.653
423.256	12.742
423.539	12.836
423.801	12.933
424.047	13.033
424.283	13.137
424.513	13.242
424.744	13.349
424.984	13.457
425.242	13.564
425.533	13.669
425.876	13.770
426.298	13.863
426.838	13.944
427.547	14.005
428.489	14.039
429.732	14.036
431.328	13.988
433.282	13.894
435.522	13.761
437.901	13.609
440.251	13.458
442.448	13.326
444.447	13.219
446.263	13.136
447.935	13.071
449.494	13.021
450.951	12.982
452.302	12.954
453.536	12.939
454.646	12.936
455.632	12.947
456.505	12.971
457.283	13.005
457.991	13.048
458.654	13.096
459.300	13.148
459.954	13.200
460.642	13.250
461.384	13.294
462.199	13.331
463.095	13.359
464.074	13.378
465.126	13.389
466.227	13.392
467.346	13.393
468.447	13.394
469.498	13.399
470.475	13.412
471.370	13.434
472.183	13.464
472.929	13.504
473.630	13.549
474.310	13.597
475.000	13.646
475.732	13.692
476.534	13.731
477.434	13.759
478.450	13.775
479.586	13.777
480.829	13.766
482.141	13.746
483.473	13.721
484.768	13.699
485.980	13.684
487.081	13.682
488.068	13.692
488.956	13.714
489.774	13.745
490.559	13.781
491.355	13.817
492.205	13.850
493.157	13.872
494.253	13.880
495.529	13.869
497.001	13.837
498.655	13.783
500.433	13.714
502.245	13.640
503.989	13.569
505.579	13.514
506.971	13.479
508.161	13.465
509.179	13.470
510.075	13.490
510.907	13.518
511.735	13.549
512.616	13.576
513.608	13.594
514.759	13.597
516.106	13.581
517.656	13.544
519.380	13.488
521.204	13.420
523.024	13.349
524.732	13.287
526.250	13.242
527.538	13.219
528.597	13.218
529.453	13.237
530.146	13.274
530.714	13.323
531.190	13.383
531.603	13.450
531.973	13.523
532.318	13.599
532.651	13.678
532.985	13.757
533.332	13.836
533.706	13.914
534.122	13.989
534.597	14.058
535.155	14.120
535.820	14.172
536.621	14.210
537.585	14.231
538.736	14.233
540.092	14.213
541.657	14.172
543.430	14.109
545.410	14.025
547.609	13.922
550.048	13.798
552.740	13.652
555.653	13.488
558.677	13.314
561.636	13.145
564.346	12.998
566.690	12.884
568.646	12.804
570.275	12.756
571.678	12.729
572.959	12.715
574.209	12.706
575.494	12.696
576.853	12.681
578.297	12.659
579.807	12.632
581.346	12.601
582.862	12.570
584.302	12.544
585.624	12.526
586.799	12.519
587.820	12.524
588.690	12.541
589.425	12.568
590.045	12.605
590.571	12.651
591.025	12.702
591.428	12.759
591.802	12.819
592.169	12.880
592.558	12.941
593.006	13.000
593.563	13.051
594.302	13.090
595.325	13.109
596.761	13.098
598.750	13.046
601.393	12.944
604.666	12.793
608.349	12.607
612.054	12.414
615.386	12.246
618.107	12.121
620.188	12.043
621.731	12.004
622.885	11.996
623.783	12.008
624.525	12.032
625.179	12.064
625.787	12.100
626.374	12.137
626.954	12.176
627.535	12.215
628.119	12.253
628.706	12.292
629.297	12.331
629.890	12.369
630.483	12.408
631.076	12.446
631.669	12.485
632.262	12.524
632.856	12.563
633.454	12.602
634.056	12.641
634.665	12.680
635.283	12.718
635.911	12.756
636.552	12.792
637.203	12.828
637.865	12.864
638.534	12.899
639.205	12.933
639.875	12.968
640.538	13.003
641.186	13.039
641.813	13.077
642.415	13.116
642.986	13.158
643.523	13.203
644.024	13.251
644.489	13.302
644.918	13.356
645.313	13.413
645.676	13.473
646.013	13.536
646.327	13.601
646.624	13.668
646.911	13.737
647.197	13.807
647.493	13.877
647.813	13.946
648.178	14.012
648.616	14.073
649.165	14.127
649.875	14.167
650.812	14.190
652.049	14.188
653.651	14.155
655.651	14.089
658.003	13.990
660.571	13.871
663.143	13.748
665.503	13.639
667.505	13.558
669.099	13.510
670.316	13.493
671.226	13.502
671.907	13.531
672.428	13.575
672.842	13.628
673.187	13.688
673.491	13.752
673.773	13.819
674.050	13.888
674.336	13.957
674.645	14.024
674.997	14.089
675.419	14.150
675.952	14.203
676.663	14.243
677.651	14.263
679.065	14.250
681.103	14.191
683.963	14.069
687.737	13.876
692.247	13.625
696.994	13.352
701.362	13.105
704.943	12.915
707.666	12.789
709.689	12.717
711.236	12.682
712.506	12.669
713.645	12.667
714.750	12.669
715.884	12.671
717.083	12.669
718.368	12.662
719.745	12.649
721.206	12.630
722.734	12.607
724.306	12.581
725.889	12.553
727.454	12.526
728.970	12.502
730.414	12.482
731.768	12.467
733.025	12.457
734.183	12.454
735.248	12.457
736.229	12.465
737.139	12.478
737.992	12.494
738.803	12.514
739.586	12.535
740.356	12.558
741.127	12.580
741.911	12.603
742.718	12.624
743.560	12.643
744.442	12.660
745.372	12.674
746.354	12.685
747.389	12.693
748.480	12.697
749.627	12.698
750.831	12.695
752.092	12.689
753.413	12.679
754.797	12.666
756.251	12.648
757.778	12.627
759.383	12.600
761.061	12.570
762.805	12.536
764.594	12.499
766.399	12.460
768.186	12.422
769.914	12.387
771.546	12.357
773.052	12.334
774.412	12.319
775.616	12.312
776.667	12.315
777.573	12.325
778.348	12.343
779.009	12.368
779.572	12.399
780.054	12.435
780.470	12.475
780.832	12.519
781.150	12.566
781.435	12.615
781.694	12.666
781.934	12.719
782.160	12.773
782.376	12.828
782.588	12.884
782.798	12.940
783.010	12.997
783.229	13.054
783.457	13.111
783.699	13.167
783.958	13.223
784.241	13.278
784.552	13.331
784.899	13.383
785.290	13.432
785.736	13.478
786.247	13.520
786.836	13.558
787.518	13.589
788.306	13.614
789.214	13.631
790.250	13.640
791.417	13.639
792.709	13.630
794.108	13.614
795.583	13.591
797.096	13.565
798.600	13.539
800.055	13.516
801.425	13.497
802.683	13.485
803.817	13.482
804.826	13.486
805.716	13.498
806.498	13.518
807.184	13.544
807.788	13.576
808.324	13.613
808.801	13.654
809.230	13.699
809.618	13.747
809.973	13.797
810.300	13.850
810.603	13.905
810.889	13.961
811.160	14.019
811.422	14.078
811.681	14.138
811.943	14.198
812.221	14.258
812.527	14.316
812.888	14.372
813.343	14.422
813.953	14.463
814.820	14.488
816.099	14.487
818.010	14.445
820.819	14.345
824.731	14.173
829.702	13.930
835.273	13.645
840.674	13.368
845.235	13.141
848.692	12.985
851.145	12.892
852.847	12.848
854.048	12.837
854.932	12.845
855.621	12.867
856.188	12.897
856.678	12.931
857.118	12.969
857.523	13.010
857.904	13.052
858.269	13.095
858.622	13.140
858.971	13.185
859.317	13.230
859.667	13.276
860.024	13.322
860.393	13.367
860.778	13.411
861.185	13.455
861.617	13.497
862.081	13.538
862.580	13.576
863.121	13.613
863.708	13.647
864.347	13.678
865.046	13.705
865.814	13.728
866.663	13.747
867.610	13.759
868.680	13.765
869.905	13.762
871.328	13.747
872.998	13.719
874.962	13.673
877.258	13.609
879.883	13.525
882.784	13.424
885.846	13.314
888.910	13.202
891.811	13.099
894.418	13.012
896.668	12.945
898.554	12.898
900.113	12.869
901.407	12.857
902.499	12.855
903.449	12.863
904.305	12.876
905.105	12.893
905.879	12.912
906.645	12.931
907.418	12.950
908.205	12.969
909.010	12.987
909.831	13.004
910.663	13.020
911.500	13.035
912.331	13.051
913.149	13.067
913.943	13.085
914.702	13.104
915.423	13.125
916.099	13.149
916.725	13.175
917.303	13.204
917.833	13.236
918.317	13.270
918.760	13.307
919.167	13.346
919.542	13.387
919.891	13.430
920.221	13.475
920.537	13.520
920.846	13.566
921.155	13.613
921.472	13.660
921.806	13.706
922.170	13.751
922.579	13.794
923.056	13.833
923.633	13.867
924.354	13.894
925.284	13.910
926.514	13.910
928.161	13.888
930.363	13.836
933.249	13.747
936.877	13.617
941.155	13.451
945.803	13.264
950.407	13.078
954.570	12.913
958.050	12.784
960.799	12.694
962.899	12.638
964.492	12.609
965.717	12.599
966.688	12.604
967.491	12.617
968.186	12.637
968.814	12.660
969.403	12.686
969.970	12.713
970.530	12.740
971.090	12.768
971.655	12.796
972.229	12.823
972.813	12.850
973.408	12.876
974.012	12.903
974.624	12.928
975.241	12.954
975.860	12.979
976.477	13.005
977.087	13.030
977.686	13.057
978.272	13.084
978.841	13.111
979.390	13.140
979.919	13.170
980.425	13.202
980.912	13.234
981.381	13.267
981.837	13.302
982.286	13.337
982.740	13.372
983.210	13.406
983.715	13.440
984.280	13.470
984.937	13.497
985.728	13.517
986.704	13.529
987.928	13.529
989.464	13.513
991.370	13.479
993.675	13.424
996.361	13.350
999.341	13.260
1002.466	13.161
1005.548	13.063
1008.419	12.974
1010.960	12.901
1013.127	12.846
1014.935	12.809
1016.435	12.788
1017.696	12.778
1018.786	12.778
1019.758	12.784
1020.660	12.794
1021.523	12.806
1022.371	12.819
1023.218	12.833
1024.070	12.846
1024.932	12.859
1025.804	12.871
1026.682	12.883
1027.564	12.895
1028.445	12.906
1029.323	12.918
1030.198	12.930
1031.070	12.942
1031.945	12.954
1032.830	12.966
1033.734	12.977
1034.674	12.987
1035.665	12.994
1036.728	12.999
1037.885	13.000
1039.155	12.995
1040.563	12.985
1042.123	12.968
1043.844	12.943
1045.730	12.912
1047.763	12.873
1049.927	12.829
1052.189	12.780
1054.510	12.728
1056.860	12.675
1059.206	12.623
1061.528	12.572
1063.812	12.523
1066.049	12.476
1068.237	12.432
1070.368	12.390
1072.437	12.352
1074.432	12.316
1076.341	12.284
1078.153	12.256
1079.857	12.232
1081.447	12.213
1082.920	12.199
1084.279	12.189
1085.531	12.183
1086.687	12.182
1087.756	12.184
1088.752	12.189
1089.687	12.196
1090.570	12.206
1091.413	12.218
1092.223	12.231
1093.005	12.245
1093.765	12.260
1094.505	12.276
1095.228	12.292
1095.933	12.309
1096.620	12.327
1097.289	12.346
1097.938	12.366
1098.566	12.386
1099.172	12.407
1099.754	12.430
1100.311	12.453
1100.845	12.477
1101.353	12.503
1101.838	12.529
1102.298	12.557
1102.737	12.585
1103.155	12.615
1103.555	12.645
1103.939	12.676
1104.309	12.708
1104.671	12.741
1105.025	12.774
1105.379	12.807
1105.736	12.840
1106.103	12.873
1106.487	12.906
1106.898	12.938
1107.346	12.968
1107.844	12.997
1108.407	13.023
1109.056	13.046
1109.809	13.064
1110.692	13.077
1111.726	13.084
1112.936	13.083
1114.335	13.075
1115.930	13.057
1117.713	13.032
1119.652	12.999
1121.700	12.960
1123.790	12.920
1125.851	12.879
1127.813	12.843
1129.618	12.812
1131.232	12.789
1132.635	12.775
1133.832	12.769
1134.833	12.772
1135.665	12.782
1136.348	12.799
1136.911	12.821
1137.375	12.847
1137.760	12.877
1138.082	12.911
1138.355	12.946
1138.590	12.984
1138.795	13.023
1138.979	13.063
1139.146	13.104
1139.300	13.147
1139.446	13.189
1139.587	13.233
1139.727	13.276
1139.866	13.320
1140.010	13.364
1140.160	13.408
1140.319	13.452
1140.492	13.496
1140.681	13.539
1140.891	13.581
1141.128	13.623
1141.397	13.663
1141.705	13.702
1142.060	13.739
1142.471	13.773
1142.947	13.805
1143.498	13.833
1144.135	13.858
1144.866	13.878
1145.701	13.893
1146.642	13.903
1147.692	13.907
1148.847	13.907
1150.097	13.902
1151.430	13.892
1152.827	13.879
1154.270	13.864
1155.742	13.847
1157.231	13.830
1158.732	13.812
1160.250	13.793
1161.795	13.773
1163.387	13.752
1165.047	13.728
1166.798	13.700
1168.657	13.668
1170.630	13.630
1172.713	13.588
1174.883	13.542
1177.106	13.493
1179.332	13.444
1181.516	13.397
1183.609	13.353
1185.581	13.314
1187.412	13.282
1189.096	13.256
1190.644	13.236
1192.069	13.222
1193.396	13.212
1194.645	13.206
1195.840	13.203
1197.001	13.201
1198.145	13.200
1199.286	13.200
1200.437	13.199
1201.604	13.197
1202.794	13.195
1204.012	13.192
1205.261	13.187
1206.542	13.181
1207.858	13.174
1209.208	13.165
1210.594	13.155
1212.017	13.144
1213.475	13.131
1214.967	13.117
1216.489	13.101
1218.033	13.085
1219.592	13.067
1221.152	13.050
1222.699	13.033
1224.215	13.017
1225.683	13.003
1227.087	12.991
1228.413	12.982
1229.649	12.977
1230.789	12.975
1231.828	12.977
1232.767	12.984
1233.608	12.994
1234.358	13.007
1235.022	13.025
1235.610	13.045
1236.130	13.068
1236.590	13.094
1236.998	13.122
1237.361	13.152
1237.686	13.184
1237.979	13.217
1238.244	13.252
1238.488	13.288
1238.713	13.324
1238.923	13.362
1239.121	13.400
1239.310	13.439
1239.492	13.478
1239.669	13.518
1239.843	13.558
1240.017	13.598
1240.192	13.639
1240.372	13.680
1240.557	13.720
1240.753	13.761
1240.962	13.801
1241.190	13.840
1241.441	13.879
1241.724	13.916
1242.047	13.953
1242.420	13.987
1242.857	14.018
1243.374	14.046
1243.987	14.071
1244.719	14.090
1245.587	14.103
1246.614	14.109
1247.813	14.108
1249.199	14.098
1250.765	14.080
1252.500	14.053
1254.370	14.021
1256.340	13.983
1258.355	13.944
1260.372	13.903
1262.355	13.864
1264.286	13.828
1266.164	13.794
1268.012	13.763
1269.864	13.731
1271.766	13.699
1273.765	13.664
1275.904	13.623
1278.208	13.576
1280.681	13.523
1283.300	13.464
1286.014	13.400
1288.747	13.336
1291.418	13.274
1293.947	13.217
1296.275	13.168
1298.367	13.127
1300.209	13.097
1301.813	13.076
1303.198	13.064
1304.396	13.059
1305.434	13.060
1306.343	13.067
1307.147	13.078
1307.869	13.092
1308.525	13.109
1309.130	13.128
1309.697	13.149
1310.232	13.171
1310.745	13.194
1311.239	13.218
1311.721	13.243
1312.192	13.268
1312.656	13.293
1313.115	13.319
1313.571	13.345
1314.024	13.371
1314.477	13.397
1314.927	13.424
1315.377	13.450
1315.827	13.477
1316.276	13.503
1316.724	13.530
1317.171	13.557
1317.619	13.584
1318.065	13.611
1318.514	13.638
1318.965	13.665
1319.423	13.692
1319.892	13.719
1320.380	13.745
1320.899	13.770
1321.465	13.793
1322.102	13.814
1322.842	13.832
1323.734	13.843
1324.841	13.847
1326.246	13.840
1328.051	13.818
1330.362	13.776
1333.280	13.712
1336.845	13.622
1341.001	13.510
1345.564	13.381
1350.239	13.247
1354.698	13.119
1358.671	13.009
1362.012	12.923
1364.700	12.861
1366.810	12.820
1368.452	12.798
1369.745	12.789
1370.797	12.789
1371.698	12.796
1372.516	12.806
1373.310	12.818
1374.124	12.829
1374.992	12.839
1375.950	12.847
1377.017	12.850
1378.219	12.850
1379.562	12.845
1381.057	12.834
1382.690	12.819
1384.450	12.799
1386.300	12.776
1388.205	12.750
1390.115	12.724
1391.985	12.699
1393.774	12.676
1395.444	12.657
1396.977	12.643
1398.353	12.633
1399.580	12.628
1400.658	12.629
1401.603	12.633
1402.428	12.642
1403.152	12.655
1403.787	12.670
1404.352	12.688
1404.857	12.709
1405.314	12.731
1405.732	12.754
1406.120	12.779
1406.483	12.804
1406.825	12.830
1407.152	12.857
1407.466	12.885
1407.770	12.913
1408.065	12.942
1408.354	12.970
1408.638	12.999
1408.918	13.029
1409.196	13.058
1409.473	13.088
1409.749	13.118
1410.027	13.148
1410.308	13.178
1410.593	13.207
1410.885	13.237
1411.185	13.267
1411.497	13.296
1411.822	13.325
1412.164	13.354
1412.528	13.382
1412.917	13.409
1413.338	13.435
1413.796	13.460
1414.300	13.483
1414.860	13.505
1415.489	13.524
1416.198	13.540
1417.007	13.553
1417.938	13.562
1419.015	13.565
1420.270	13.563
1421.732	13.553
1423.442	13.535
1425.425	13.506
1427.711	13.468
1430.306	13.418
1433.190	13.358
1436.322	13.290
1439.611	13.215
1442.963	13.139
1446.254	13.064
1449.380	12.994
1452.259	12.933
1454.834	12.882
1457.095	12.841
1459.040	12.812
1460.702	12.791
1462.110	12.780
1463.305	12.776
1464.323	12.778
1465.197	12.785
1465.956	12.795
1466.623	12.810
1467.221	12.826
1467.763	12.845
1468.265	12.865
1468.737	12.886
1469.191	12.908
1469.633	12.930
1470.072	12.953
1470.513	12.976
1470.963	12.998
1471.427	13.020
1471.910	13.042
1472.417	13.063
1472.952	13.083
1473.519	13.102
1474.123	13.120
1474.764	13.137
1475.448	13.153
1476.173	13.167
1476.942	13.179
1477.753	13.191
1478.603	13.200
1479.491	13.209
1480.409	13.216
1481.354	13.223
1482.315	13.228
1483.288	13.234
1484.262	13.239
1485.231	13.244
1486.186	13.250
1487.122	13.256
1488.032	13.263
1488.915	13.271
1489.767	13.280
1490.589	13.289
1491.383	13.300
1492.152	13.312
1492.899	13.325
1493.632	13.338
1494.359	13.352
1495.087	13.365
1495.825	13.379
1496.585	13.391
1497.379	13.403
1498.218	13.414
1499.116	13.422
1500.086	13.428
1501.141	13.432
1502.293	13.432
1503.549	13.429
1504.920	13.421
1506.403	13.410
1507.991	13.396
1509.675	13.378
1511.426	13.357
1513.226	13.334
1515.033	13.311
1516.818	13.289
1518.545	13.268
1520.185	13.250
1521.716	13.235
1523.123	13.224
1524.398	13.218
1525.544	13.215
1526.563	13.217
1527.469	13.223
1528.269	13.233
1528.979	13.246
1529.612	13.261
1530.180	13.279
1530.696	13.299
1531.171	13.320
1531.616	13.342
1532.038	13.365
1532.447	13.389
1532.850	13.413
1533.255	13.438
1533.668	13.462
1534.096	13.486
1534.547	13.509
1535.028	13.531
1535.549	13.552
1536.120	13.571
1536.756	13.589
1537.473	13.604
1538.293	13.616
1539.244	13.623
1540.363	13.625
1541.695	13.621
1543.292	13.608
1545.215	13.584
1547.522	13.548
1550.257	13.499
1553.437	13.435
1557.027	13.358
1560.934	13.270
1565.000	13.177
1569.033	13.084
1572.843	12.997
1576.280	12.922
1579.255	12.861
1581.745	12.815
1583.774	12.784
1585.397	12.766
1586.680	12.758
1587.692	12.759
1588.490	12.767
1589.125	12.780
1589.637	12.798
1590.057	12.818
1590.407	12.841
1590.708	12.865
1590.971	12.891
1591.208	12.917
1591.425	12.945
1591.630	12.973
1591.827	13.001
1592.019	13.030
1592.209	13.059
1592.400	13.088
1592.593	13.117
1592.792	13.146
1592.996	13.174
1593.209	13.203
1593.431	13.232
1593.663	13.260
1593.909	13.288
1594.169	13.316
1594.445	13.343
1594.739	13.370
1595.052	13.397
1595.388	13.422
1595.747	13.447
1596.135	13.472
1596.552	13.495
1597.004	13.517
1597.496	13.538
1598.033	13.558
1598.623	13.576
1599.275	13.593
1600.001	13.607
1600.818	13.618
1601.743	13.625
1602.800	13.629
1604.017	13.628
1605.426	13.621
1607.061	13.606
1608.957	13.584
1611.144	13.552
1613.639	13.511
1616.442	13.460
1619.531	13.400
1622.856	13.333
1626.348	13.260
1629.929	13.185
1633.525	13.110
1637.081	13.037
1640.569	12.966
1643.987	12.899
1647.350	12.835
1650.686	12.772
1654.014	12.710
1657.339	12.649
1660.648	12.590
1663.898	12.532
1667.041	12.476
1670.021	12.426
1672.772	12.381
1675.265	12.343
1677.472	12.313
1679.387	12.290
1681.026	12.275
1682.407	12.266
1683.562	12.264
1684.520	12.267
1685.316	12.275
1685.977	12.286
1686.529	12.300
1686.992	12.317
1687.386	12.336
1687.725	12.357
1688.022	12.378
1688.287	12.401
1688.527	12.424
1688.751	12.448
1688.964	12.473
1689.171	12.498
1689.379	12.523
1689.591	12.547
1689.814	12.572
1690.053	12.597
1690.317	12.621
1690.613	12.644
1690.951	12.666
1691.346	12.687
1691.811	12.706
1692.368	12.723
1693.037	12.737
1693.847	12.748
1694.829	12.754
1696.019	12.755
1697.450	12.750
1699.158	12.737
1701.166	12.716
1703.487	12.687
1706.110	12.650
1708.991	12.606
1712.069	12.556
1715.247	12.503
1718.410	12.450
1721.465	12.400
1724.314	12.354
1726.890	12.315
1729.167	12.284
1731.131	12.261
1732.800	12.245
1734.203	12.237
1735.372	12.234
1736.346	12.237
1737.157	12.244
1737.838	12.254
1738.412	12.267
1738.903	12.283
1739.326	12.301
1739.696	12.319
1740.023	12.340
1740.318	12.361
1740.584	12.383
1740.829	12.405
1741.056	12.428
1741.268	12.452
1741.468	12.476
1741.659	12.500
1741.841	12.525
1742.016	12.550
1742.184	12.575
1742.348	12.601
1742.508	12.626
1742.665	12.652
1742.819	12.678
1742.971	12.704
1743.121	12.731
1743.271	12.757
1743.421	12.784
1743.571	12.810
1743.722	12.837
1743.875	12.864
1744.031	12.890
1744.190	12.917
1744.353	12.944
1744.522	12.970
1744.697	12.997
1744.881	13.023
1745.075	13.050
1745.281	13.076
1745.502	13.102
1745.741	13.127
1746.000	13.152
1746.286	13.176
1746.603	13.200
1746.957	13.222
1747.354	13.244
1747.807	13.264
1748.319	13.282
1748.906	13.299
1749.581	13.313
1750.352	13.324
1751.239	13.332
1752.252	13.337
1753.399	13.337
1754.696	13.334
1756.138	13.326
1757.726	13.314
1759.447	13.298
1761.276	13.279
1763.186	13.257
1765.137	13.234
1767.087	13.210
1768.996	13.187
1770.823	13.167
1772.538	13.149
1774.119	13.135
1775.551	13.125
1776.833	13.119
1777.967	13.118
1778.962	13.120
1779.830	13.126
1780.586	13.135
1781.243	13.147
1781.817	13.162
1782.321	13.179
1782.765	13.198
1783.161	13.218
1783.518	13.239
1783.841	13.261
1784.140	13.285
1784.418	13.309
1784.679	13.333
1784.929	13.358
1785.169	13.383
1785.402	13.409
1785.632	13.435
1785.859	13.461
1786.085	13.487
1786.312	13.513
1786.541	13.539
1786.774	13.566
1787.012	13.592
1787.255	13.618
1787.504	13.644
1787.762	13.670
1788.028	13.695
1788.306	13.721
1788.594	13.746
1788.895	13.771
1789.211	13.795
1789.544	13.819
1789.897	13.843
1790.271	13.866
1790.672	13.888
1791.104	13.910
1791.573	13.930
1792.089	13.949
1792.662	13.967
1793.305	13.982
1794.041	13.995
1794.890	14.004
1795.887	14.010
1797.073	14.009
1798.494	14.002
1800.209	13.987
1802.280	13.961
1804.765	13.923
1807.711	13.872
1811.134	13.806
1815.002	13.728
1819.226	13.639
1823.665	13.544
1828.144	13.447
1832.487	13.355
1836.557	13.270
1840.263	13.196
1843.577	13.133
1846.514	13.082
1849.117	13.040
1851.443	13.006
1853.547	12.979
1855.479	12.956
1857.278	12.938
1858.973	12.923
1860.584	12.910
1862.123	12.899
1863.596	12.889
1865.007	12.882
1866.354	12.876
1867.638	12.871
1868.858	12.869
1870.014	12.867
1871.106	12.868
1872.137	12.870
1873.109	12.874
1874.027	12.879
1874.895	12.885
1875.718	12.892
1876.502	12.901
1877.251	12.910
1877.971	12.921
1878.668	12.932
1879.346	12.943
1880.009	12.955
1880.662	12.967
1881.306	12.980
1881.947	12.992
1882.585	13.005
1883.222	13.018
1883.861	13.030
1884.501	13.043
1885.143	13.056
1885.787	13.069
1886.434	13.081
1887.081	13.094
1887.729	13.106
1888.374	13.119
1889.017	13.132
1889.656	13.144
1890.289	13.157
1890.914	13.170
1891.531	13.184
1892.136	13.197
1892.727	13.211
1893.305	13.226
1893.869	13.241
1894.416	13.256
1894.945	13.272
1895.458	13.288
1895.954	13.304
1896.432	13.322
1896.892	13.339
1897.337	13.358
1897.765	13.376
1898.179	13.395
1898.579	13.415
1898.966	13.435
1899.343	13.455
1899.711	13.476
1900.071	13.496
1900.426	13.517
1900.778	13.539
1901.128	13.560
1901.480	13.581
1901.835	13.603
1902.196	13.624
1902.565	13.645
1902.946	13.666
1903.340	13.686
1903.750	13.707
1904.179	13.726
1904.629	13.745
1905.104	13.764
1905.607	13.782
1906.138	13.799
1906.703	13.815
1907.305	13.830
1907.946	13.844
1908.632	13.857
1909.372	13.868
1910.173	13.878
1911.046	13.886
1912.016	13.891
1913.105	13.893
1914.350	13.891
1915.809	13.883
1917.541	13.868
1919.638	13.844
1922.193	13.807
1925.310	13.757
1929.058	13.689
1933.469	13.604
1938.468	13.503
1943.869	13.392
1949.402	13.276
1954.745	13.165
1959.611	13.066
1963.815	12.983
1967.287	12.919
1970.046	12.874
1972.179	12.845
1973.798	12.829
1975.008	12.825
1975.909	12.828
1976.581	12.837
1977.083	12.851
1977.464	12.868
1977.756	12.888
1977.987	12.909
1978.172	12.932
1978.327	12.955
1978.459	12.980
1978.577	13.004
1978.684	13.029
1978.785	13.055
1978.882	13.080
1978.977	13.106
1979.072	13.132
1979.168	13.158
1979.267	13.184
1979.369	13.210
1979.474	13.236
1979.586	13.261
1979.703	13.287
1979.827	13.313
1979.960	13.339
1980.102	13.364
1980.255	13.389
1980.421	13.414
1980.600	13.439
1980.797	13.464
1981.012	13.488
1981.248	13.511
1981.509	13.534
1981.798	13.557
1982.119	13.578
1982.477	13.599
1982.878	13.619
1983.326	13.637
1983.829	13.654
1984.394	13.670
1985.029	13.683
1985.743	13.695
1986.543	13.705
1987.441	13.711
1988.445	13.715
1989.564	13.716
1990.804	13.714
1992.169	13.709
1993.661	13.700
1995.280	13.687
1997.018	13.671
1998.864	13.653
2000.802	13.632
2002.814	13.608
2004.877	13.584
2006.964	13.558
2009.052	13.533
2011.119	13.508
2013.141	13.484
2015.100	13.462
2016.988	13.441
2018.793	13.423
2020.509	13.407
2022.137	13.393
2023.676	13.382
2025.130	13.373
2026.503	13.366
2027.801	13.361
2029.030	13.357
2030.196	13.356
2031.304	13.356
2032.361	13.357
2033.372	13.359
2034.341	13.363
2035.275	13.367
2036.176	13.373
2037.049	13.379
2037.897	13.385
2038.725	13.393
2039.534	13.401
2040.330	13.409
2041.114	13.417
2041.891	13.426
2042.668	13.435
2043.449	13.443
2044.243	13.452
2045.061	13.460
2045.915	13.467
2046.824	13.473
2047.811	13.477
2048.905	13.479
2050.142	13.477
2051.568	13.472
2053.233	13.460
2055.194	13.442
2057.508	13.415
2060.223	13.379
2063.363	13.333
2066.917	13.276
2070.833	13.211
2074.995	13.140
2079.255	13.066
2083.442	12.993
2087.387	12.926
2090.971	12.866
2094.110	12.817
2096.783	12.779
2099.003	12.751
2100.816	12.733
2102.278	12.723
2103.451	12.721
2104.390	12.723
2105.145	12.730
2105.757	12.741
2106.259	12.754
2106.679	12.770
2107.035	12.786
2107.345	12.805
2107.620	12.824
2107.870	12.843
2108.100	12.863
2108.317	12.884
2108.524	12.905
2108.725	12.926
2108.921	12.947
2109.116	12.969
2109.310	12.990
2109.505	13.012
2109.701	13.033
2109.900	13.055
2110.104	13.077
2110.311	13.098
2110.524	13.120
2110.743	13.141
2110.969	13.162
2111.203	13.183
2111.446	13.204
2111.698	13.225
2111.960	13.246
2112.234	13.266
2112.519	13.287
2112.818	13.307
2113.129	13.326
2113.456	13.346
2113.797	13.365
2114.154	13.384
2114.528	13.402
2114.918	13.420
2115.325	13.438
2115.749	13.455
2116.190	13.472
2116.648	13.488
2117.123	13.504
2117.612	13.520
2118.117	13.535
2118.635	13.551
2119.164	13.565
2119.703	13.580
2120.250	13.594
2120.804	13.608
2121.362	13.622
2121.923	13.636
2122.484	13.650
2123.043	13.665
2123.601	13.679
2124.156	13.693
2124.707	13.707
2125.255	13.722
2125.802	13.736
2126.353	13.751
2126.910	13.765
2127.482	13.779
2128.080	13.792
2128.718	13.805
2129.414	13.816
2130.194	13.826
2131.094	13.833
2132.153	13.836
2133.424	13.834
2134.972	13.825
2136.868	13.808
2139.180	13.782
2141.979	13.743
2145.296	13.692
2149.123	13.629
2153.391	13.555
2157.958	13.473
2162.627	13.388
2167.188	13.305
2171.439	13.229
2175.242	13.163
2178.523	13.110
2181.273	13.069
2183.532	13.040
2185.363	13.022
2186.841	13.011
2188.041	13.008
2189.023	13.010
2189.844	13.016
2190.547	13.024
2191.166	13.035
2191.730	13.047
2192.260	13.061
2192.774	13.074
2193.288	13.088
2193.813	13.102
2194.364	13.115
2194.950	13.128
2195.584	13.139
2196.277	13.150
2197.043	13.158
2197.893	13.165
2198.838	13.170
2199.892	13.173
2201.068	13.173
2202.370	13.170
2203.808	13.164
2205.387	13.155
2207.097	13.143
2208.929	13.128
2210.875	13.111
2212.908	13.091
2214.999	13.070
2217.119	13.048
2219.241	13.026
2221.328	13.005
2223.357	12.985
2225.310	12.967
2227.174	12.950
2228.940	12.936
2230.612	12.923
2232.202	12.913
2233.720	12.904
2235.188	12.897
2236.631	12.890
2238.075	12.884
2239.551	12.877
2241.097	12.869
2242.750	12.859
2244.552	12.846
2246.546	12.830
2248.780	12.809
2251.298	12.782
2254.134	12.750
2257.311	12.710
2260.837	12.664
2264.687	12.612
2268.804	12.554
2273.109	12.493
2277.489	12.430
2281.828	12.367
2286.011	12.308
2289.939	12.253
2293.545	12.205
2296.791	12.164
2299.662	12.129
2302.175	12.102
2304.356	12.081
2306.241	12.066
2307.868	12.056
2309.273	12.050
2310.495	12.047
2311.561	12.048
