<j>	var(j)
1.246	0.387
3.002	0.921
4.179	0.875
5.196	0.705
6.054	0.711
7.215	1.332
8.585	0.975
9.532	1.532
11.137	2.247
12.467	1.536
13.346	1.420
14.237	1.855
15.522	2.821
17.083	2.218
18.031	1.476
18.729	1.284
19.440	1.445
20.367	1.813
21.486	1.844
22.550	1.870
23.598	1.727
24.543	1.681
25.496	1.971
26.692	3.106
28.339	3.566
29.759	2.826
30.782	2.091
31.548	1.697
32.242	1.605
32.951	1.500
33.668	1.754
34.659	3.159
36.382	4.929
38.246	3.751
39.354	2.254
40.058	1.820
40.693	1.646
41.311	1.533
41.954	1.802
42.828	3.072
44.396	6.558
47.021	9.179
49.278	5.271
50.306	2.556
50.847	2.083
51.368	2.686
52.136	4.268
53.392	6.135
54.975	5.628
56.180	3.194
56.831	1.790
57.242	1.473
57.644	1.710
58.184	2.470
59.043	3.985
60.413	5.858
62.128	5.995
63.566	4.223
64.501	2.795
65.151	2.202
65.716	2.118
66.315	2.367
67.037	2.875
67.946	3.613
69.090	4.820
70.581	6.850
72.480	8.304
74.343	6.766
75.630	4.489
76.493	4.392
77.473	7.979
79.355	17.198
82.678	24.597
85.950	17.998
87.839	10.212
88.864	6.416
89.525	4.486
90.007	3.402
90.395	2.836
90.742	2.622
91.088	2.673
91.469	2.953
91.919	3.441
92.476	4.087
93.164	4.760
93.977	5.266
94.877	5.497
95.812	5.583
96.766	5.832
97.775	6.550
98.919	7.879
100.275	9.604
101.845	11.156
103.539	12.081
105.236	12.203
106.832	11.306
108.221	9.409
109.327	7.104
110.148	5.143
110.755	3.951
111.248	3.634
111.742	4.248
112.371	5.998
113.303	9.142
114.711	13.166
116.582	15.679
118.546	14.469
120.167	10.951
121.324	7.573
122.117	5.169
122.670	3.688
123.085	2.935
123.439	2.768
123.804	3.159
124.257	4.260
124.911	6.416
125.927	9.863
127.442	13.573
129.326	14.666
131.114	12.250
132.486	9.408
133.537	8.627
134.555	10.840
135.900	17.228
138.002	28.217
141.060	37.490
144.396	34.457
146.953	23.237
148.521	14.266
149.469	9.732
150.136	8.081
150.717	7.982
151.315	8.719
151.990	9.871
152.768	11.069
153.647	11.917
154.591	12.093
155.543	11.562
156.447	10.673
157.284	10.002
158.082	10.102
158.909	11.369
159.864	13.943
161.045	17.444
162.496	20.577
164.133	21.423
165.741	19.087
167.100	14.794
168.120	10.531
168.843	7.366
169.359	5.379
169.750	4.279
170.076	3.778
170.380	3.684
170.692	3.897
171.039	4.380
171.447	5.161
171.947	6.384
172.587	8.468
173.465	12.482
174.788	20.594
176.933	34.913
180.220	50.538
184.168	52.486
187.537	39.391
189.773	25.677
191.169	17.207
192.106	12.507
192.798	9.741
193.351	8.003
193.817	6.912
194.232	6.273
194.621	5.951
195.003	5.836
195.390	5.836
195.788	5.881
196.201	5.938
196.628	6.026
197.074	6.252
197.552	6.857
198.096	8.303
198.783	11.380
199.758	17.173
201.234	26.217
203.389	36.000
206.070	39.969
208.703	35.040
210.798	26.918
212.340	21.471
213.572	19.643
214.717	20.068
215.892	21.205
217.124	21.825
218.371	21.192
219.557	19.253
220.618	16.586
221.525	14.006
222.295	12.192
222.978	11.607
223.648	12.662
224.406	15.911
225.384	22.063
226.751	31.382
228.651	42.075
231.055	49.016
233.631	47.046
235.903	37.360
237.598	26.156
238.750	17.743
239.533	12.749
240.109	10.239
240.586	9.250
241.033	9.185
241.490	9.748
241.989	10.823
242.555	12.375
243.215	14.383
243.992	16.775
244.904	19.371
245.955	21.859
247.132	23.845
248.398	25.021
249.704	25.338
251.005	25.064
252.275	24.637
253.513	24.455
254.734	24.736
255.964	25.502
257.225	26.615
258.530	27.808
259.878	28.681
261.247	28.765
262.596	27.669
263.871	25.293
265.018	21.929
266.001	18.141
266.810	14.515
267.460	11.452
267.979	9.119
268.400	7.513
268.757	6.547
269.077	6.118
269.388	6.152
269.711	6.611
270.070	7.514
270.491	8.955
271.005	11.126
271.660	14.369
272.519	19.172
273.673	25.988
275.219	34.587
277.210	42.989
279.545	47.438
281.943	45.299
284.081	38.278
285.806	30.784
287.167	25.958
288.324	24.535
289.435	25.845
290.618	28.699
291.926	31.761
293.353	33.838
294.840	34.305
296.313	33.363
297.720	31.786
299.043	30.306
300.296	29.180
301.495	28.167
302.647	26.806
303.734	24.762
304.731	22.019
305.613	18.871
306.368	15.740
307.000	12.989
307.527	10.824
307.974	9.302
308.367	8.377
308.731	7.965
309.086	7.972
309.451	8.309
309.841	8.899
310.268	9.657
310.739	10.489
311.258	11.280
311.822	11.905
312.422	12.241
313.042	12.205
313.662	11.777
314.264	11.017
314.829	10.045
315.349	9.011
315.820	8.054
316.249	7.285
316.645	6.779
317.024	6.602
317.404	6.839
317.812	7.659
318.286	9.428
318.893	12.925
319.755	19.650
321.091	31.928
323.227	51.200
326.420	72.377
330.405	81.431
334.288	72.022
337.364	55.730
339.617	43.501
341.350	36.751
342.812	33.212
344.130	31.120
345.361	29.963
346.545	30.184
347.744	32.822
349.059	39.343
350.643	51.572
352.705	71.331
355.474	99.008
359.108	130.578
363.523	155.559
368.287	161.816
372.774	146.098
376.500	116.813
379.305	85.526
381.283	59.415
382.632	40.460
383.546	27.787
384.177	19.711
384.630	14.692
384.973	11.597
385.249	9.679
385.485	8.480
385.695	7.728
385.891	7.272
386.079	7.034
386.264	6.982
386.452	7.116
386.647	7.459
386.856	8.057
387.086	8.975
387.348	10.305
387.655	12.161
388.024	14.673
388.477	17.970
389.039	22.133
389.738	27.112
390.598	32.626
391.632	38.058
392.829	42.464
394.149	44.810
395.519	44.386
396.853	41.203
398.072	36.024
399.125	29.988
399.995	24.138
400.696	19.117
401.254	15.165
401.702	12.243
402.069	10.183
402.380	8.790
402.655	7.889
402.907	7.349
403.147	7.077
403.383	7.014
403.622	7.127
403.870	7.400
404.132	7.832
404.416	8.428
404.727	9.197
405.072	10.148
405.459	11.280
405.896	12.578
406.389	14.000
406.944	15.474
407.561	16.896
408.239	18.142
408.968	19.091
409.736	19.666
410.528	19.869
411.328	19.802
412.126	19.654
412.923	19.676
413.726	20.133
414.557	21.271
415.444	23.281
416.422	26.256
417.530	30.149
418.799	34.749
420.248	39.758
421.880	45.063
423.697	51.189
425.723	59.677
428.043	72.868
430.807	92.328
434.169	115.563
438.110	133.330
442.289	134.279
446.145	116.342
449.250	89.188
451.517	63.714
453.096	44.743
454.199	32.180
454.996	24.277
455.606	19.353
456.099	16.241
456.521	14.225
456.896	12.891
457.242	12.010
457.569	11.460
457.887	11.172
458.201	11.119
458.520	11.290
458.848	11.683
459.194	12.309
459.563	13.186
459.965	14.338
460.408	15.798
460.902	17.615
461.460	19.850
462.095	22.583
462.823	25.908
463.663	29.918
464.636	34.665
465.763	40.085
467.059	45.890
468.527	51.486
470.150	55.971
471.878	58.354
473.638	57.958
475.346	54.762
476.925	49.456
478.326	43.131
479.535	36.846
480.562	31.353
481.437	27.070
482.198	24.198
482.887	22.888
483.550	23.407
484.243	26.296
485.038	32.513
486.040	43.496
487.392	60.891
489.274	85.465
491.850	114.738
495.152	140.774
498.950	152.828
502.789	146.260
506.234	127.454
509.096	107.212
511.437	92.145
513.421	83.291
515.203	78.773
516.877	76.225
518.482	73.824
520.021	70.557
521.477	66.115
522.830	60.674
524.061	54.623
525.165	48.384
526.139	42.298
526.991	36.593
527.729	31.394
528.364	26.755
528.909	22.680
529.373	19.147
529.769	16.123
530.105	13.563
530.390	11.419
530.634	9.641
530.842	8.182
531.021	6.998
531.176	6.045
531.312	5.286
531.433	4.689
531.542	4.228
531.642	3.880
531.735	3.629
531.824	3.460
531.910	3.367
531.996	3.349
532.083	3.409
532.173	3.562
532.269	3.840
532.375	4.297
532.496	5.035
532.641	6.237
532.826	8.234
533.077	11.626
533.441	17.485
533.999	27.660
534.895	45.060
536.356	73.304
538.690	114.139
542.162	161.115
546.707	195.042
551.704	196.865
556.295	170.670
560.006	138.818
562.913	117.483
565.341	109.224
567.584	109.519
569.810	112.522
572.057	113.423
574.271	109.463
576.359	100.266
578.231	87.390
579.834	73.214
581.163	59.846
582.242	48.575
583.118	39.872
583.841	33.666
584.456	29.623
585.004	27.361
585.516	26.531
586.020	26.867
586.536	28.171
587.083	30.302
587.677	33.149
588.332	36.602
589.059	40.535
589.867	44.773
590.762	49.092
591.743	53.217
592.804	56.852
593.934	59.726
595.116	61.660
596.330	62.616
597.557	62.730
598.779	62.296
599.988	61.724
601.183	61.467
602.370	61.959
603.566	63.551
604.793	66.482
606.075	70.817
607.438	76.415
608.903	82.876
610.481	89.530
612.169	95.484
613.949	99.779
615.783	101.612
617.623	100.590
619.417	96.845
621.122	90.985
622.705	83.878
624.151	76.392
625.459	69.204
626.640	62.723
627.709	57.105
628.682	52.326
629.575	48.254
630.401	44.728
631.169	41.585
631.885	38.696
632.555	35.974
633.180	33.372
633.762	30.876
634.304	28.498
634.807	26.266
635.274	24.211
635.707	22.367
636.111	20.765
636.489	19.425
636.846	18.369
637.187	17.608
637.517	17.150
637.843	17.008
638.169	17.189
638.504	17.702
638.852	18.564
639.221	19.790
639.620	21.393
640.055	23.389
640.534	25.787
641.068	28.583
641.663	31.757
642.328	35.265
643.069	39.038
643.892	42.975
644.799	46.950
645.789	50.826
646.858	54.457
648.000	57.711
649.205	60.477
650.461	62.659
651.756	64.169
653.073	64.925
654.396	64.841
655.710	63.849
656.994	61.924
658.233	59.114
659.407	55.564
660.507	51.511
661.523	47.263
662.453	43.169
663.304	39.594
664.088	36.909
664.823	35.514
665.538	35.881
666.269	38.620
667.068	44.550
668.002	54.729
669.160	70.362
670.651	92.351
672.593	120.375
675.078	151.433
678.110	178.939
681.550	194.311
685.115	191.687
688.472	172.230
691.369	143.221
693.706	112.968
695.513	86.811
696.889	66.545
697.942	51.773
698.763	41.295
699.423	33.886
699.969	28.580
700.434	24.692
700.839	21.770
701.201	19.517
701.527	17.744
701.828	16.327
702.107	15.184
702.369	14.264
702.618	13.534
702.857	12.978
703.088	12.595
703.316	12.403
703.542	12.446
703.773	12.807
704.013	13.632
704.273	15.172
704.567	17.851
704.919	22.381
705.370	29.940
705.982	42.408
706.860	62.599
708.163	94.160
710.112	140.351
712.959	200.405
716.872	263.743
721.736	308.082
727.033	311.821
732.023	274.096
736.150	215.830
739.263	159.965
741.514	117.640
743.155	89.569
744.405	72.218
745.420	61.745
746.294	55.289
747.082	51.036
747.813	47.932
748.503	45.399
749.160	43.144
749.786	41.026
750.384	38.987
750.956	37.010
751.500	35.097
752.020	33.256
752.514	31.497
752.985	29.827
753.434	28.251
753.862	26.776
754.270	25.406
754.660	24.144
755.033	22.994
755.391	21.961
755.735	21.046
756.068	20.256
756.391	19.591
756.706	19.057
757.016	18.656
757.321	18.393
757.625	18.275
757.929	18.307
758.237	18.502
758.552	18.877
758.875	19.454
759.212	20.266
759.566	21.361
759.943	22.812
760.349	24.727
760.793	27.261
761.288	30.643
761.849	35.205
762.499	41.421
763.270	49.965
764.205	61.714
765.364	77.731
766.824	99.066
768.673	126.241
770.997	158.320
773.849	191.847
777.198	220.484
780.903	236.767
784.715	235.856
788.356	218.602
791.607	190.925
794.364	160.181
796.629	131.892
798.470	108.736
799.979	91.195
801.242	78.641
802.334	70.087
803.312	64.589
804.217	61.364
805.081	59.800
805.927	59.415
806.771	59.845
807.623	60.790
808.492	61.987
809.379	63.202
810.283	64.227
811.203	64.893
812.133	65.070
813.065	64.668
813.990	63.645
814.900	62.018
815.787	59.855
816.643	57.264
817.462	54.373
818.241	51.313
818.977	48.222
819.670	45.221
820.322	42.416
820.936	39.877
821.516	37.663
822.067	35.824
822.594	34.398
823.103	33.416
823.601	32.918
824.095	32.966
824.594	33.653
825.108	35.105
825.648	37.505
826.231	41.117
826.874	46.292
827.604	53.477
828.453	63.195
829.460	75.992
830.672	92.273
832.141	112.041
833.912	134.475
836.013	157.582
838.432	178.083
841.107	192.035
843.918	196.123
846.712	189.194
849.339	172.878
851.686	150.755
853.696	126.839
855.365	104.283
856.726	84.879
857.830	69.224
858.732	57.163
859.478	48.182
860.112	41.692
860.664	37.134
861.161	34.054
861.620	32.101
862.057	31.016
862.483	30.600
862.907	30.718
863.335	31.262
863.775	32.163
864.231	33.360
864.706	34.807
865.205	36.466
865.731	38.308
866.286	40.295
866.872	42.389
867.492	44.558
868.145	46.757
868.833	48.936
869.555	51.035
870.309	53.003
871.093	54.779
871.905	56.294
872.740	57.509
873.594	58.392
874.461	58.936
875.336	59.168
876.215	59.160
877.095	59.030
877.973	58.945
878.852	59.115
879.735	59.807
880.630	61.317
881.551	63.966
882.516	68.105
883.547	74.060
884.670	82.065
885.917	92.251
887.316	104.517
888.895	118.442
890.671	133.275
892.650	148.032
894.819	161.688
897.153	173.528
899.617	183.465
902.179	192.081
904.817	200.343
907.524	208.996
910.302	218.016
913.151	226.302
916.053	231.715
918.966	231.846
921.821	224.946
924.534	210.701
927.026	190.404
929.241	166.469
931.150	141.610
932.758	118.021
934.090	97.111
935.181	79.515
936.075	65.246
936.809	53.982
937.419	45.252
937.934	38.572
938.375	33.495
938.761	29.649
939.106	26.746
939.419	24.550
939.709	22.893
939.982	21.651
940.242	20.722
940.493	20.042
940.738	19.562
940.978	19.241
941.217	19.055
941.455	18.986
941.694	19.020
941.936	19.151
942.181	19.376
942.431	19.696
942.687	20.116
942.950	20.644
943.222	21.293
943.505	22.079
943.800	23.025
944.111	24.155
944.439	25.501
944.787	27.098
945.161	28.982
945.563	31.196
945.998	33.780
946.472	36.767
946.992	40.190
947.562	44.052
948.190	48.336
948.882	52.997
949.641	57.918
950.473	62.956
951.377	67.908
952.351	72.505
953.389	76.489
954.481	79.602
955.613	81.643
956.770	82.524
957.935	82.281
959.092	81.083
960.228	79.261
961.336	77.221
962.415	75.450
963.469	74.489
964.511	74.872
965.562	77.179
966.650	81.969
967.810	89.754
969.084	100.951
970.518	115.674
972.156	133.512
974.035	153.293
976.169	172.831
978.538	189.153
981.084	199.108
983.707	200.417
986.290	192.621
988.722	177.311
990.920	157.483
992.844	136.477
994.495	116.975
995.902	100.729
997.113	88.513
998.179	80.413
999.153	76.244
1000.084	75.642
1001.013	78.235
1001.980	83.725
1003.020	91.798
1004.163	102.105
1005.434	114.230
1006.852	127.484
1008.426	141.008
1010.157	153.702
1012.025	164.290
1014.000	171.623
1016.039	174.858
1018.091	173.665
1020.104	168.389
1022.032	159.860
1023.845	149.274
1025.525	137.867
1027.065	126.722
1028.475	116.655
1029.770	108.186
1030.970	101.545
1032.097	96.796
1033.172	93.868
1034.217	92.618
1035.250	92.873
1036.287	94.436
1037.344	97.156
1038.432	100.864
1039.561	105.411
1040.742	110.683
1041.979	116.539
1043.280	122.861
1044.648	129.497
1046.085	136.243
1047.592	142.834
1049.162	148.933
1050.792	154.128
1052.467	157.943
1054.173	159.934
1055.888	159.703
1057.586	157.025
1059.245	151.863
1060.837	144.411
1062.340	135.079
1063.741	124.379
1065.022	112.946
1066.182	101.330
1067.221	90.024
1068.141	79.429
1068.955	69.772
1069.670	61.197
1070.298	53.747
1070.853	47.389
1071.343	42.057
1071.781	37.644
1072.174	34.048
1072.533	31.156
1072.863	28.864
1073.171	27.081
1073.462	25.724
1073.741	24.721
1074.010	24.016
1074.274	23.556
1074.535	23.304
1074.795	23.225
1075.055	23.298
1075.319	23.505
1075.586	23.834
1075.859	24.280
1076.139	24.846
1076.427	25.539
1076.726	26.371
1077.035	27.365
1077.359	28.551
1077.699	29.968
1078.057	31.665
1078.439	33.709
1078.848	36.163
1079.289	39.131
1079.769	42.710
1080.296	47.013
1080.880	52.173
1081.529	58.282
1082.258	65.470
1083.079	73.751
1084.005	83.107
1085.049	93.373
1086.219	104.199
1087.521	115.078
1088.952	125.266
1090.499	133.934
1092.140	140.204
1093.843	143.381
1095.567	143.074
1097.270	139.294
1098.913	132.505
1100.462	123.428
1101.894	112.978
1103.198	102.029
1104.371	91.296
1105.418	81.322
1106.350	72.406
1107.181	64.704
1107.925	58.215
1108.597	52.882
1109.210	48.590
1109.776	45.206
1110.305	42.610
1110.808	40.674
1111.290	39.313
1111.759	38.425
1112.220	37.973
1112.678	37.898
1113.139	38.220
1113.606	38.960
1114.084	40.223
1114.582	42.201
1115.108	45.208
1115.675	49.797
1116.306	56.818
1117.032	67.645
1117.904	84.318
1119.001	109.889
1120.437	148.352
1122.374	204.304
1125.022	281.040
1128.596	376.459
1133.242	477.703
1138.888	559.040
1145.158	591.627
1151.428	562.682
1157.084	485.822
1161.758	389.911
1165.393	299.843
1168.133	227.657
1170.193	174.940
1171.770	138.299
1173.019	113.326
1174.045	96.230
1174.921	84.280
1175.692	75.646
1176.387	69.176
1177.026	64.147
1177.620	60.110
1178.180	56.801
1178.710	54.020
1179.218	51.673
1179.704	49.647
1180.174	47.905
1180.629	46.368
1181.072	45.014
1181.503	43.788
1181.925	42.675
1182.338	41.643
1182.742	40.671
1183.139	39.750
1183.529	38.866
1183.911	38.028
1184.288	37.229
1184.657	36.497
1185.022	35.836
1185.380	35.295
1185.737	34.904
1186.090	34.734
1186.444	34.862
1186.802	35.404
1187.167	36.517
1187.547	38.412
1187.949	41.380
1188.386	45.827
1188.874	52.302
1189.436	61.536
1190.100	74.468
1190.911	92.266
1191.918	116.237
1193.189	147.601
1194.799	187.036
1196.826	233.890
1199.333	285.197
1202.338	335.002
1205.792	374.798
1209.557	395.857
1213.421	392.784
1217.147	366.242
1220.532	322.718
1223.448	271.476
1225.859	220.950
1227.798	176.662
1229.338	141.141
1230.566	114.633
1231.565	96.306
1232.409	84.867
1233.159	79.146
1233.865	78.136
1234.568	81.141
1235.304	87.650
1236.104	97.348
1236.995	109.928
1238.005	125.112
1239.153	142.396
1240.459	161.191
1241.932	180.510
1243.573	199.203
1245.373	215.919
1247.307	229.322
1249.345	238.362
1251.441	242.514
1253.553	241.877
1255.640	237.266
1257.668	229.962
1259.620	221.481
1261.486	213.343
1263.276	206.747
1265.002	202.544
1266.688	201.159
1268.358	202.610
1270.036	206.540
1271.740	212.318
1273.487	219.136
1275.280	226.013
1277.122	232.028
1278.998	236.305
1280.900	238.209
1282.801	237.406
1284.686	233.850
1286.528	227.892
1288.314	219.984
1290.026	210.871
1291.662	201.193
1293.214	191.597
1294.688	182.583
1296.088	174.478
1297.425	167.444
1298.705	161.560
1299.940	156.699
1301.136	152.767
1302.302	149.507
1303.441	146.782
1304.561	144.336
1305.660	142.047
1306.742	139.749
1307.806	137.400
1308.852	134.947
1309.878	132.436
1310.886	129.906
1311.873	127.512
1312.845	125.324
1313.798	123.550
1314.740	122.291
1315.672	121.739
1316.601	121.987
1317.533	123.175
1318.476	125.337
1319.435	128.545
1320.421	132.715
1321.440	137.813
1322.498	143.651
1323.601	149.996
1324.752	156.562
1325.952	162.967
1327.200	168.802
1328.489	173.661
1329.813	177.140
1331.159	178.914
1332.514	178.771
1333.864	176.645
1335.194	172.628
1336.490	166.927
1337.739	159.947
1338.934	152.087
1340.068	143.918
1341.140	135.872
1342.151	128.535
1343.109	122.274
1344.019	117.593
1344.899	114.779
1345.757	114.251
1346.616	116.236
1347.491	121.090
1348.406	128.981
1349.383	140.157
1350.448	154.626
1351.622	172.335
1352.931	192.847
1354.394	215.517
1356.023	239.098
1357.821	262.064
1359.781	282.466
1361.876	298.187
1364.070	307.407
1366.310	308.780
1368.538	301.879
1370.696	287.230
1372.730	266.241
1374.601	240.846
1376.281	213.166
1377.760	185.139
1379.040	158.292
1380.130	133.679
1381.050	111.871
1381.820	93.071
1382.461	77.221
1382.994	64.088
1383.438	53.347
1383.808	44.655
1384.120	37.696
1384.384	32.141
1384.611	27.741
1384.808	24.274
1384.980	21.534
1385.135	19.397
1385.276	17.709
1385.404	16.399
1385.525	15.371
1385.638	14.576
1385.746	13.955
1385.850	13.482
1385.951	13.114
1386.050	12.841
1386.148	12.634
1386.245	12.487
1386.341	12.386
1386.437	12.323
1386.533	12.294
1386.629	12.293
1386.726	12.317
1386.823	12.366
1386.922	12.443
1387.021	12.544
1387.122	12.677
1387.225	12.848
1387.330	13.063
1387.437	13.336
1387.547	13.680
1387.660	14.115
1387.778	14.670
1387.902	15.380
1388.032	16.290
1388.171	17.461
1388.320	18.972
1388.484	20.923
1388.666	23.442
1388.872	26.691
1389.108	30.886
1389.382	36.271
1389.707	43.167
1390.096	51.948
1390.566	62.999
1391.139	76.833
1391.839	93.771
1392.697	114.218
1393.739	138.107
1394.999	165.148
1396.497	194.245
1398.252	223.686
1400.251	250.817
1402.473	272.693
1404.854	286.319
1407.323	289.649
1409.783	282.096
1412.145	264.839
1414.336	240.400
1416.299	212.130
1418.019	183.169
1419.493	156.232
1420.747	133.087
1421.814	114.930
1422.737	102.364
1423.565	95.919
1424.348	96.173
1425.142	104.188
1426.011	121.623
1427.036	151.094
1428.317	196.200
1429.984	261.415
1432.199	351.165
1435.150	467.646
1439.019	606.945
1443.928	754.427
1449.845	883.050
1456.514	959.898
1463.467	961.546
1470.147	888.381
1476.087	764.168
1481.037	621.620
1484.968	487.135
1487.997	374.635
1490.303	287.410
1492.062	222.899
1493.425	176.408
1494.504	143.296
1495.382	119.692
1496.119	102.732
1496.754	90.395
1497.316	81.243
1497.822	74.356
1498.288	69.054
1498.722	64.918
1499.132	61.631
1499.522	58.993
1499.898	56.850
1500.261	55.097
1500.615	53.658
1500.960	52.474
1501.300	51.501
1501.634	50.706
1501.965	50.065
1502.292	49.560
1502.618	49.174
1502.942	48.896
1503.266	48.716
1503.589	48.626
1503.914	48.614
1504.239	48.686
1504.567	48.824
1504.896	49.028
1505.228	49.297
1505.564	49.605
1505.902	49.967
1506.245	50.357
1506.591	50.780
1506.942	51.208
1507.296	51.640
1507.655	52.068
1508.019	52.466
1508.385	52.831
1508.757	53.152
1509.131	53.404
1509.509	53.588
1509.890	53.688
1510.271	53.688
1510.655	53.602
1511.038	53.397
1511.423	53.097
1511.805	52.692
1512.187	52.195
1512.565	51.613
1512.941	50.962
1513.313	50.278
1513.682	49.560
1514.046	48.876
1514.407	48.248
1514.765	47.735
1515.118	47.414
1515.474	47.333
1515.828	47.624
1516.187	48.364
1516.553	49.729
1516.932	51.855
1517.329	54.975
1517.752	59.312
1518.211	65.182
1518.718	72.893
1519.289	82.849
1519.939	95.418
1520.691	111.014
1521.568	129.935
1522.596	152.333
1523.800	178.044
1525.205	206.497
1526.828	236.502
1528.676	266.201
1530.740	293.163
1532.991	314.594
1535.381	327.887
1537.844	331.152
1540.300	323.744
1542.672	306.459
1544.892	281.328
1546.910	251.094
1548.695	218.643
1550.239	186.485
1551.549	156.436
1552.645	129.628
1553.552	106.552
1554.296	87.236
1554.907	71.444
1555.409	58.731
1555.822	48.680
1556.167	40.817
1556.457	34.722
1556.705	30.077
1556.922	26.552
1557.114	23.936
1557.289	22.034
1557.451	20.688
1557.604	19.800
1557.752	19.263
1557.897	19.029
1558.041	19.032
1558.186	19.249
1558.333	19.643
1558.485	20.205
1558.641	20.910
1558.804	21.764
1558.975	22.751
1559.154	23.866
1559.343	25.125
1559.542	26.508
1559.755	28.030
1559.980	29.682
1560.219	31.466
1560.474	33.390
1560.745	35.434
1561.036	37.617
1561.344	39.917
1561.673	42.340
1562.022	44.867
1562.395	47.501
1562.790	50.230
1563.209	53.049
1563.654	55.953
1564.124	58.943
1564.620	62.025
1565.144	65.212
1565.696	68.522
1566.277	71.995
1566.890	75.679
1567.535	79.619
1568.215	83.908
1568.933	88.605
1569.693	93.800
1570.499	99.580
1571.355	105.983
1572.268	113.109
1573.242	120.903
1574.285	129.366
1575.399	138.379
1576.590	147.782
1577.861	157.382
1579.209	166.930
1580.636	176.243
1582.138	185.255
1583.709	194.056
1585.350	203.078
1587.060	213.146
1588.849	225.530
1590.736	242.058
1592.755	265.000
1594.961	296.853
1597.422	339.982
1600.224	395.683
1603.456	463.079
1607.188	537.659
1611.443	610.372
1616.163	668.403
1621.196	698.544
1626.308	692.235
1631.229	649.526
1635.724	578.914
1639.638	493.675
1642.914	406.690
1645.573	327.098
1647.692	259.602
1649.363	205.290
1650.681	163.161
1651.729	131.255
1652.573	107.461
1653.267	89.843
1653.850	76.843
1654.351	67.233
1654.792	60.097
1655.188	54.779
1655.551	50.784
1655.890	47.778
1656.209	45.523
1656.516	43.835
1656.812	42.605
1657.102	41.745
1657.387	41.194
1657.669	40.925
1657.951	40.888
1658.234	41.076
1658.519	41.467
1658.809	42.051
1659.103	42.824
1659.405	43.774
1659.715	44.884
1660.033	46.162
1660.362	47.598
1660.702	49.162
1661.055	50.865
1661.422	52.697
1661.802	54.609
1662.198	56.630
1662.610	58.716
1663.038	60.844
1663.484	63.028
1663.946	65.200
1664.426	67.388
1664.923	69.550
1665.437	71.678
1665.967	73.780
1666.516	75.831
1667.080	77.857
1667.660	79.870
1668.258	81.872
1668.870	83.924
1669.500	86.053
1670.147	88.286
1670.811	90.716
1671.496	93.349
1672.202	96.268
1672.931	99.524
1673.687	103.103
1674.470	107.093
1675.285	111.421
1676.134	116.102
1677.019	121.029
1677.943	126.119
1678.905	131.208
1679.906	136.132
1680.944	140.658
1682.015	144.581
1683.115	147.661
1684.236	149.695
1685.370	150.528
1686.509	150.028
1687.641	148.187
1688.757	145.060
1689.848	140.712
1690.903	135.396
1691.918	129.320
1692.886	122.738
1693.803	115.968
1694.671	109.214
1695.488	102.780
1696.256	96.873
1696.984	91.633
1697.672	87.260
1698.330	83.856
1698.965	81.521
1699.583	80.352
1700.196	80.393
1700.812	81.743
1701.440	84.425
1702.093	88.517
1702.780	94.033
1703.512	101.016
1704.300	109.439
1705.156	119.289
1706.091	130.449
1707.114	142.769
1708.233	156.022
1709.453	169.893
1710.780	184.058
1712.215	198.144
1713.752	211.724
1715.386	224.510
1717.113	236.260
1718.921	246.825
1720.798	256.288
1722.737	264.666
1724.728	272.093
1726.763	278.778
1728.835	284.497
1730.937	289.186
1733.060	292.460
1735.192	293.604
1737.320	292.254
1739.420	287.679
1741.475	279.641
1743.456	268.034
1745.344	253.134
1747.113	235.521
1748.751	215.972
1750.245	195.413
1751.592	174.713
1752.791	154.735
1753.852	136.083
1754.783	119.275
1755.600	104.611
1756.318	92.293
1756.953	82.442
1757.522	75.105
1758.043	70.324
1758.536	68.166
1759.016	68.770
1759.505	72.339
1760.024	79.131
1760.596	89.498
1761.247	103.924
1762.008	122.884
1762.908	146.671
1763.985	175.673
1765.276	209.742
1766.809	248.053
1768.619	289.284
1770.709	330.733
1773.080	369.056
1775.699	400.322
1778.497	420.585
1781.403	427.211
1784.308	419.284
1787.123	398.001
1789.758	366.452
1792.157	328.598
1794.288	288.564
1796.144	249.738
1797.743	214.557
1799.112	184.407
1800.288	159.848
1801.308	140.886
1802.210	127.189
1803.028	118.301
1803.793	113.767
1804.532	113.187
1805.273	116.256
1806.037	122.774
1806.848	132.606
1807.727	145.669
1808.695	161.887
1809.772	181.092
1810.977	203.046
1812.327	227.279
1813.834	253.042
1815.506	279.394
1817.344	305.044
1819.339	328.505
1821.472	348.316
1823.716	363.118
1826.037	371.927
1828.393	374.380
1830.745	370.678
1833.055	361.614
1835.290	348.484
1837.430	332.694
1839.460	315.621
1841.375	298.595
1843.180	282.447
1844.883	267.717
1846.491	254.753
1848.018	243.442
1849.477	233.591
1850.871	224.927
1852.215	217.042
1853.510	209.558
1854.757	202.198
1855.960	194.672
1857.117	186.823
1858.225	178.567
1859.285	169.881
1860.291	160.821
1861.244	151.490
1862.141	142.008
1862.981	132.530
1863.766	123.190
1864.496	114.128
1865.172	105.452
1865.798	97.262
1866.377	89.619
1866.911	82.576
1867.404	76.153
1867.859	70.349
1868.282	65.158
1868.674	60.568
1869.040	56.539
1869.382	53.046
1869.705	50.050
1870.010	47.501
1870.302	45.374
1870.581	43.626
1870.850	42.225
1871.113	41.135
1871.369	40.327
1871.621	39.769
1871.871	39.444
1872.120	39.319
1872.370	39.376
1872.620	39.603
1872.873	39.978
1873.130	40.493
1873.391	41.139
1873.657	41.904
1873.928	42.786
1874.207	43.789
1874.494	44.912
1874.788	46.165
1875.092	47.566
1875.406	49.135
1875.732	50.902
1876.071	52.910
1876.424	55.210
1876.794	57.869
1877.184	60.969
1877.596	64.610
1878.034	68.910
1878.502	74.006
1879.007	80.054
1879.555	87.243
1880.154	95.764
1880.815	105.798
1881.545	117.531
1882.358	131.136
1883.266	146.668
1884.284	164.116
1885.420	183.328
1886.688	203.889
1888.097	225.170
1889.646	246.302
1891.332	266.114
1893.146	283.336
1895.062	296.707
1897.058	305.070
1899.092	307.608
1901.126	304.089
1903.123	294.768
1905.045	280.457
1906.860	262.355
1908.548	241.812
1910.097	220.140
1911.500	198.658
1912.763	178.243
1913.896	159.573
1914.908	143.156
1915.817	129.127
1916.638	117.549
1917.387	108.406
1918.081	101.546
1918.734	96.874
1919.359	94.237
1919.970	93.544
1920.579	94.717
1921.199	97.726
1921.841	102.574
1922.518	109.312
1923.242	118.001
1924.026	128.752
1924.883	141.659
1925.828	156.838
1926.874	174.310
1928.038	194.075
1929.332	215.959
1930.770	239.677
1932.361	264.604
1934.111	289.967
1936.018	314.683
1938.076	337.425
1940.268	356.786
1942.566	371.377
1944.941	380.065
1947.348	382.090
1949.746	377.291
1952.095	366.007
1954.354	349.149
1956.491	328.052
1958.486	304.060
1960.325	278.582
1962.001	252.970
1963.517	228.158
1964.880	204.887
1966.102	183.693
1967.197	164.775
1968.179	148.251
1969.063	134.125
1969.864	122.256
1970.596	112.519
1971.271	104.759
1971.902	98.794
1972.499	94.476
1973.072	91.627
1973.630	90.129
1974.181	89.847
1974.733	90.643
1975.291	92.409
1975.862	95.034
1976.451	98.379
1977.062	102.313
1977.699	106.721
1978.365	111.454
1979.062	116.353
1979.790	121.275
1980.550	126.060
1981.339	130.560
1982.157	134.655
1983.002	138.246
1983.868	141.270
1984.753	143.731
1985.654	145.691
1986.567	147.291
1987.490	148.744
1988.421	150.384
1989.364	152.598
1990.322	155.868
1991.302	160.849
1992.314	168.169
1993.375	178.591
1994.504	192.996
1995.726	212.066
1997.070	236.607
1998.570	267.112
2000.262	303.625
2002.181	345.658
2004.354	391.612
2006.802	439.086
2009.521	484.295
2012.488	522.811
2015.655	550.143
2018.942	562.546
2022.255	558.102
2025.498	537.195
2028.578	502.353
2031.422	457.684
2033.987	407.907
2036.252	357.209
2038.222	309.025
2039.919	265.530
2041.371	227.838
2042.616	196.230
2043.688	170.422
2044.621	149.818
2045.442	133.680
2046.177	121.264
2046.847	111.848
2047.466	104.817
2048.049	99.642
2048.604	95.874
2049.142	93.169
2049.664	91.221
2050.178	89.798
2050.685	88.721
2051.188	87.845
2051.686	87.043
2052.181	86.246
2052.673	85.374
2053.160	84.380
2053.642	83.237
2054.119	81.916
2054.590	80.415
2055.052	78.727
2055.506	76.862
2055.949	74.834
2056.382	72.659
2056.804	70.357
2057.212	67.959
2057.607	65.487
2057.990	62.959
2058.357	60.412
2058.712	57.869
2059.052	55.348
2059.377	52.878
2059.690	50.477
2059.989	48.159
2060.274	45.937
2060.548	43.826
2060.810	41.836
2061.061	39.975
2061.301	38.243
2061.532	36.652
2061.754	35.196
2061.968	33.885
2062.174	32.711
2062.375	31.670
2062.569	30.770
2062.759	30.000
2062.945	29.358
2063.128	28.845
2063.308	28.451
2063.487	28.174
2063.664	28.010
2063.841	27.959
2064.019	28.013
2064.197	28.172
2064.377	28.429
2064.560	28.787
2064.746	29.240
2064.936	29.788
2065.129	30.434
2065.328	31.177
2065.532	32.022
2065.743	32.978
2065.961	34.059
2066.187	35.279
2066.422	36.665
2066.667	38.254
2066.924	40.102
2067.195	42.283
2067.481	44.903
2067.786	48.114
2068.114	52.120
2068.472	57.215
2068.866	63.797
2069.309	72.424
2069.815	83.837
2070.403	99.058
2071.101	119.409
2071.947	146.618
2072.989	182.738
2074.289	230.169
2075.925	291.241
2077.991	367.623
2080.581	459.058
2083.776	562.091
2087.632	668.463
2092.135	765.086
2097.165	835.928
2102.519	867.174
2107.923	852.526
2113.096	796.322
2117.809	711.445
2121.937	613.683
2125.440	517.151
2128.354	431.205
2130.766	359.761
2132.772	303.497
2134.461	260.885
2135.914	229.546
2137.195	206.950
2138.354	190.844
2139.425	179.425
2140.434	171.237
2141.399	165.159
2142.331	160.394
2143.237	156.352
2144.122	152.614
2144.985	148.905
2145.828	145.053
2146.649	140.975
2147.448	136.621
2148.221	132.039
2148.970	127.269
2149.692	122.387
2150.387	117.510
2151.055	112.724
2151.696	108.155
2152.312	103.918
2152.906	100.110
2153.479	96.849
2154.034	94.243
2154.576	92.368
2155.109	91.354
2155.638	91.298
2156.168	92.275
2156.707	94.442
2157.259	97.865
2157.834	102.675
2158.439	109.005
2159.083	116.939
2159.778	126.627
2160.530	138.113
2161.353	151.489
2162.256	166.771
2163.252	183.876
2164.349	202.667
2165.558	222.915
2166.884	244.169
2168.336	266.001
2169.912	287.736
2171.610	308.642
2173.423	328.009
2175.342	345.173
2177.349	359.494
2179.427	370.626
2181.559	378.543
2183.721	383.345
2185.898	385.422
2188.076	385.510
2190.242	384.286
2192.390	382.511
2194.518	380.855
2196.628	379.906
2198.726	379.981
2200.812	381.249
2202.901	383.765
2204.995	387.284
2207.099	391.548
2209.217	396.029
2211.351	400.418
2213.498	404.057
2215.654	406.642
2217.814	407.747
2219.971	407.036
2222.109	404.343
2224.223	399.548
2226.305	392.715
2228.340	383.954
2230.318	373.488
2232.238	361.540
2234.087	348.399
2235.862	334.474
2237.559	320.037
2239.182	305.359
2240.725	290.800
2242.189	276.628
2243.581	262.969
2244.903	250.056
2246.158	238.112
2247.352	227.176
2248.492	217.286
2249.582	208.607
2250.626	201.102
2251.636	194.815
2252.616	189.725
2253.568	185.829
2254.501	183.138
2255.425	181.508
2256.341	181.010
2257.253	181.570
2258.169	183.056
2259.097	185.461
2260.034	188.666
2260.989	192.609
2261.966	197.089
2262.965	202.008
2263.989	207.264
2265.040	212.541
2266.117	217.726
2267.221	222.641
2268.346	226.943
2269.495	230.517
2270.659	233.147
2271.836	234.617
2273.019	234.832
