<j>	<F>
1.246	20.230
3.002	11.614
4.179	10.899
5.196	11.156
6.054	12.657
7.215	14.244
8.585	11.436
9.532	12.759
11.137	12.035
12.467	10.583
13.346	11.228
14.237	12.121
15.522	12.358
17.083	11.206
18.031	11.225
18.729	12.104
19.440	13.182
20.367	13.904
21.486	13.900
22.550	13.992
23.598	14.074
24.543	14.400
25.496	14.789
26.692	14.889
28.339	13.899
29.759	13.131
30.782	13.117
31.548	13.591
32.242	14.305
32.951	15.017
33.668	15.788
34.659	16.272
36.382	15.425
38.246	13.966
39.354	13.671
40.058	14.153
40.693	14.825
41.311	15.561
41.954	16.348
42.828	16.894
44.396	16.488
47.021	14.592
49.278	12.927
50.306	12.732
50.847	13.227
51.368	13.878
52.136	14.383
53.392	14.399
54.975	13.902
56.180	13.619
56.831	13.932
57.242	14.605
57.644	15.395
58.184	16.123
59.043	16.540
60.413	16.340
62.128	15.617
63.566	15.095
64.501	15.129
65.151	15.527
65.716	16.077
66.315	16.641
67.037	17.098
67.946	17.346
69.090	17.324
70.581	16.948
72.480	16.152
74.343	15.315
75.630	14.992
76.493	15.141
77.473	15.351
79.355	15.035
82.678	13.725
85.950	12.324
87.839	11.757
88.864	11.722
89.525	11.900
90.007	12.186
90.395	12.540
90.742	12.941
91.088	13.369
91.469	13.806
91.919	14.227
92.476	14.602
93.164	14.901
93.977	15.113
94.877	15.255
95.812	15.364
96.766	15.461
97.775	15.532
98.919	15.526
100.275	15.387
101.845	15.110
103.539	14.755
105.236	14.403
106.832	14.111
108.221	13.924
109.327	13.877
110.148	13.980
110.755	14.210
111.248	14.524
111.742	14.869
112.371	15.171
113.303	15.331
114.711	15.234
116.582	14.858
118.546	14.389
120.167	14.072
121.324	13.985
122.117	14.086
122.670	14.318
123.085	14.638
123.439	15.012
123.804	15.407
124.257	15.780
124.911	16.069
125.927	16.174
127.442	16.000
129.326	15.585
131.114	15.176
132.486	14.978
133.537	14.971
134.555	15.027
135.900	14.984
138.002	14.662
141.060	13.964
144.396	13.129
146.953	12.555
148.521	12.336
149.469	12.347
150.136	12.469
150.717	12.634
151.315	12.805
151.990	12.960
152.768	13.084
153.647	13.174
154.591	13.237
155.543	13.290
156.447	13.354
157.284	13.440
158.082	13.546
158.909	13.651
159.864	13.726
161.045	13.734
162.496	13.652
164.133	13.496
165.741	13.329
167.100	13.224
168.120	13.221
168.843	13.314
169.359	13.481
169.750	13.699
170.076	13.948
170.380	14.216
170.692	14.492
171.039	14.767
171.447	15.030
171.947	15.268
172.587	15.462
173.465	15.580
174.788	15.554
176.933	15.266
180.220	14.614
184.168	13.743
187.537	13.035
189.773	12.668
191.169	12.552
192.106	12.572
192.798	12.662
193.351	12.793
193.817	12.950
194.232	13.126
194.621	13.315
195.003	13.510
195.390	13.710
195.788	13.911
196.201	14.113
196.628	14.314
197.074	14.515
197.552	14.712
198.096	14.896
198.783	15.046
199.758	15.122
201.234	15.056
203.389	14.790
206.070	14.352
208.703	13.904
210.798	13.601
212.340	13.459
213.572	13.418
214.717	13.412
215.892	13.404
217.124	13.382
218.371	13.351
219.557	13.328
220.618	13.331
221.525	13.368
222.295	13.441
222.978	13.539
223.648	13.648
224.406	13.746
225.384	13.803
226.751	13.781
228.651	13.641
231.055	13.382
233.631	13.067
235.903	12.801
237.598	12.649
238.750	12.614
239.533	12.662
240.109	12.760
240.586	12.885
241.033	13.021
241.490	13.160
241.989	13.294
242.555	13.417
243.215	13.524
243.992	13.607
244.904	13.662
245.955	13.686
247.132	13.681
248.398	13.654
249.704	13.615
251.005	13.575
252.275	13.541
253.513	13.514
254.734	13.493
255.964	13.472
257.225	13.447
258.530	13.414
259.878	13.372
261.247	13.324
262.596	13.278
263.871	13.242
265.018	13.228
266.001	13.243
266.810	13.292
267.460	13.372
267.979	13.481
268.400	13.613
268.757	13.761
269.077	13.922
269.388	14.089
269.711	14.258
270.070	14.424
270.491	14.581
271.005	14.722
271.660	14.835
272.519	14.907
273.673	14.918
275.219	14.844
277.210	14.673
279.545	14.421
281.943	14.146
284.081	13.918
285.806	13.774
287.167	13.710
288.324	13.695
289.435	13.697
290.618	13.692
291.926	13.665
293.353	13.614
294.840	13.550
296.313	13.484
297.720	13.430
299.043	13.390
300.296	13.365
301.495	13.349
302.647	13.341
303.734	13.343
304.731	13.358
305.613	13.391
306.368	13.445
307.000	13.521
307.527	13.618
307.974	13.730
308.367	13.856
308.731	13.989
309.086	14.128
309.451	14.268
309.841	14.405
310.268	14.538
310.739	14.665
311.258	14.783
311.822	14.893
312.422	14.996
313.042	15.094
313.662	15.191
314.264	15.293
314.829	15.401
315.349	15.521
315.820	15.652
316.249	15.796
316.644	15.949
317.021	16.110
317.397	16.275
317.793	16.439
318.239	16.595
318.776	16.734
319.465	16.841
320.401	16.893
321.713	16.860
323.521	16.710
325.833	16.440
328.433	16.097
330.995	15.765
333.407	15.484
335.991	15.214
339.424	14.841
344.259	14.264
349.942	13.551
354.841	12.946
358.005	12.601
359.741	12.475
360.674	12.476
361.232	12.537
361.624	12.626
361.946	12.728
362.242	12.836
362.534	12.947
362.839	13.058
363.172	13.168
363.554	13.274
364.014	13.372
364.588	13.456
365.324	13.520
366.273	13.556
367.478	13.557
368.948	13.520
370.632	13.449
372.411	13.359
374.131	13.271
375.662	13.206
376.941	13.174
377.979	13.176
378.832	13.205
379.575	13.252
380.282	13.308
381.022	13.362
381.856	13.407
382.841	13.434
384.020	13.436
385.412	13.409
386.999	13.356
388.713	13.282
390.450	13.202
392.099	13.130
393.576	13.077
394.848	13.051
395.921	13.049
396.830	13.070
397.617	13.108
398.320	13.158
398.970	13.216
399.591	13.279
400.197	13.344
400.800	13.411
401.406	13.478
402.021	13.544
402.655	13.609
403.320	13.670
404.038	13.726
404.846	13.773
405.797	13.803
406.971	13.807
408.469	13.773
410.389	13.687
412.779	13.544
415.564	13.350
418.523	13.132
421.362	12.925
423.858	12.757
425.937	12.639
427.646	12.566
429.083	12.526
430.340	12.509
431.481	12.505
432.545	12.511
433.548	12.523
434.497	12.541
435.390	12.565
436.228	12.594
437.013	12.629
437.750	12.670
438.448	12.715
439.116	12.763
439.765	12.815
440.405	12.868
441.045	12.921
441.689	12.975
442.344	13.027
443.007	13.079
443.676	13.130
444.346	13.181
445.008	13.233
445.655	13.286
446.280	13.342
446.877	13.402
447.445	13.465
447.987	13.531
448.509	13.601
449.023	13.673
449.547	13.744
450.101	13.814
450.715	13.878
451.422	13.932
452.262	13.972
453.276	13.992
454.503	13.987
455.967	13.953
457.665	13.891
459.563	13.804
461.592	13.700
463.666	13.590
465.705	13.484
467.643	13.389
469.439	13.310
471.069	13.249
472.521	13.208
473.795	13.186
474.896	13.182
475.842	13.196
476.651	13.224
477.347	13.266
477.955	13.318
478.496	13.378
478.993	13.444
479.466	13.514
479.935	13.586
480.422	13.657
480.948	13.725
481.541	13.787
482.231	13.839
483.053	13.878
484.045	13.899
485.245	13.898
486.686	13.870
488.390	13.814
490.363	13.729
492.600	13.616
495.082	13.480
497.783	13.325
500.652	13.155
503.596	12.979
506.480	12.811
509.154	12.661
511.499	12.542
513.458	12.458
515.044	12.409
516.311	12.389
517.329	12.393
518.169	12.415
518.887	12.448
519.526	12.489
520.116	12.536
520.678	12.585
521.224	12.637
521.760	12.690
522.289	12.743
522.812	12.798
523.327	12.854
523.830	12.911
524.320	12.969
524.792	13.029
525.246	13.092
525.679	13.156
526.089	13.224
526.478	13.293
526.846	13.366
527.193	13.441
527.520	13.519
527.831	13.599
528.127	13.682
528.410	13.767
528.684	13.854
528.952	13.942
529.217	14.032
529.484	14.122
529.759	14.213
530.047	14.304
530.358	14.393
530.703	14.480
531.100	14.563
531.570	14.638
532.144	14.703
532.864	14.753
533.782	14.782
534.961	14.783
536.462	14.748
538.323	14.673
540.532	14.559
543.004	14.414
545.596	14.255
548.159	14.099
550.589	13.958
552.855	13.838
554.981	13.734
557.015	13.644
558.991	13.561
560.919	13.484
562.780	13.413
564.538	13.351
566.154	13.302
567.598	13.268
568.860	13.250
569.946	13.248
570.877	13.261
571.682	13.286
572.392	13.320
573.042	13.361
573.667	13.406
574.302	13.450
574.984	13.492
575.753	13.528
576.652	13.552
577.720	13.563
578.990	13.556
580.475	13.529
582.159	13.484
583.984	13.425
585.864	13.358
587.694	13.294
589.387	13.240
590.884	13.202
592.169	13.183
593.254	13.181
594.173	13.194
594.964	13.219
595.667	13.253
596.319	13.292
596.953	13.334
597.597	13.375
598.281	13.415
599.033	13.449
599.880	13.476
600.849	13.493
601.961	13.499
603.226	13.491
604.638	13.470
606.171	13.437
607.776	13.398
609.388	13.355
610.941	13.317
612.380	13.287
613.669	13.269
614.793	13.264
615.758	13.273
616.582	13.294
617.287	13.325
617.900	13.365
618.442	13.412
618.935	13.463
619.399	13.518
619.848	13.575
620.301	13.632
620.771	13.689
621.276	13.743
621.831	13.794
622.455	13.839
623.164	13.878
623.973	13.908
624.896	13.928
625.935	13.938
627.085	13.938
628.329	13.928
629.637	13.912
630.972	13.893
632.298	13.873
633.581	13.857
634.803	13.845
635.961	13.840
637.067	13.839
638.145	13.842
639.236	13.845
640.388	13.844
641.659	13.835
643.112	13.812
644.806	13.771
646.780	13.707
649.031	13.621
651.492	13.516
654.036	13.403
656.504	13.295
658.752	13.201
660.688	13.132
662.290	13.088
663.583	13.068
664.623	13.069
665.469	13.085
666.177	13.114
666.793	13.150
667.352	13.191
667.879	13.235
668.396	13.281
668.917	13.327
669.456	13.373
670.023	13.416
670.632	13.457
671.295	13.495
672.031	13.527
672.863	13.552
673.820	13.569
674.939	13.574
676.262	13.564
677.830	13.536
679.675	13.488
681.798	13.418
684.157	13.331
686.655	13.232
689.161	13.131
691.537	13.037
693.673	12.960
695.514	12.904
697.052	12.869
698.319	12.854
699.362	12.855
700.232	12.869
700.973	12.893
701.624	12.924
702.215	12.960
702.770	12.999
703.309	13.040
703.849	13.081
704.407	13.122
704.999	13.161
705.644	13.196
706.365	13.227
707.187	13.252
708.140	13.268
709.258	13.273
710.574	13.265
712.118	13.241
713.905	13.201
715.929	13.144
718.152	13.073
720.505	12.993
722.893	12.909
725.219	12.829
727.398	12.757
729.376	12.699
731.131	12.654
732.667	12.625
734.006	12.608
735.179	12.603
736.218	12.606
737.152	12.617
738.007	12.633
738.804	12.653
739.560	12.676
740.288	12.701
740.997	12.728
741.696	12.755
742.388	12.783
743.076	12.811
743.761	12.840
744.444	12.869
745.122	12.897
745.797	12.927
746.465	12.957
747.127	12.987
747.782	13.018
748.431	13.049
749.076	13.080
749.721	13.112
750.370	13.144
751.030	13.175
751.709	13.206
752.416	13.234
753.161	13.261
753.958	13.284
754.819	13.304
755.760	13.318
756.795	13.326
757.937	13.328
759.198	13.322
760.585	13.307
762.097	13.284
763.723	13.253
765.443	13.216
767.225	13.175
769.028	13.131
770.810	13.088
772.528	13.049
774.148	13.016
775.648	12.990
777.019	12.972
778.261	12.963
779.391	12.960
780.430	12.964
781.405	12.973
782.347	12.984
783.291	12.996
784.273	13.007
785.327	13.014
786.489	13.015
787.788	13.008
789.246	12.991
790.871	12.965
792.654	12.929
794.565	12.884
796.561	12.834
798.583	12.782
800.573	12.731
802.485	12.685
804.284	12.644
805.954	12.611
807.496	12.586
808.919	12.568
810.238	12.556
811.472	12.550
812.638	12.547
813.752	12.548
814.826	12.551
815.870	12.556
816.893	12.562
817.901	12.569
818.899	12.577
819.891	12.585
820.879	12.593
821.863	12.602
822.842	12.611
823.815	12.620
824.777	12.629
825.723	12.640
826.649	12.651
827.549	12.664
828.417	12.678
829.247	12.695
830.038	12.713
830.787	12.734
831.493	12.757
832.156	12.783
832.779	12.811
833.363	12.841
833.914	12.874
834.435	12.908
834.932	12.945
835.408	12.982
835.870	13.021
836.322	13.060
836.768	13.100
837.213	13.140
837.661	13.181
838.116	13.221
838.581	13.261
839.058	13.301
839.550	13.339
840.058	13.377
840.584	13.414
841.127	13.450
841.688	13.485
842.266	13.519
842.861	13.552
843.472	13.584
844.099	13.616
844.743	13.646
845.407	13.675
846.096	13.703
846.819	13.729
847.589	13.752
848.424	13.772
849.350	13.786
850.400	13.793
851.614	13.791
853.037	13.776
854.717	13.746
856.686	13.699
858.955	13.633
861.490	13.551
864.214	13.457
867.003	13.358
869.717	13.262
872.237	13.177
874.485	13.108
876.432	13.056
878.093	13.021
879.511	13.001
880.737	12.992
881.824	12.993
882.822	12.998
883.770	13.008
884.701	13.019
885.637	13.030
886.596	13.040
887.588	13.048
888.613	13.055
889.671	13.059
890.754	13.062
891.849	13.064
892.940	13.066
894.016	13.069
895.064	13.072
896.071	13.078
897.033	13.086
897.947	13.097
898.815	13.111
899.641	13.127
900.434	13.144
901.204	13.164
901.961	13.184
902.720	13.205
903.495	13.225
904.303	13.243
905.161	13.259
906.092	13.272
907.120	13.279
908.272	13.281
909.578	13.274
911.067	13.258
912.762	13.230
914.674	13.192
916.793	13.142
919.081	13.082
921.473	13.016
923.881	12.949
926.209	12.885
928.372	12.829
930.310	12.784
931.991	12.752
933.411	12.733
934.589	12.727
935.553	12.732
936.338	12.746
936.976	12.769
937.497	12.797
937.924	12.831
938.280	12.870
938.579	12.911
938.834	12.955
939.056	13.002
939.251	13.050
939.427	13.099
939.587	13.150
939.735	13.202
939.875	13.254
940.009	13.308
940.139	13.362
940.269	13.416
940.399	13.471
940.533	13.526
940.673	13.581
940.822	13.636
940.983	13.691
941.159	13.745
941.354	13.799
941.575	13.851
941.827	13.902
942.116	13.952
942.451	13.999
942.840	14.043
943.294	14.084
943.823	14.121
944.438	14.153
945.148	14.179
945.963	14.199
946.885	14.212
947.914	14.219
949.043	14.219
950.260	14.214
951.544	14.204
952.871	14.191
954.216	14.177
955.554	14.163
956.868	14.150
958.142	14.139
959.371	14.131
960.554	14.125
961.694	14.122
962.798	14.122
963.873	14.124
964.928	14.126
965.970	14.130
967.005	14.134
968.043	14.139
969.093	14.142
970.167	14.145
971.285	14.145
972.471	14.142
973.760	14.134
975.194	14.118
976.822	14.092
978.697	14.052
980.857	13.998
983.318	13.926
986.053	13.840
988.976	13.742
991.960	13.641
994.854	13.543
997.525	13.457
999.883	13.387
1001.895	13.336
1003.576	13.302
1004.971	13.284
1006.138	13.278
1007.141	13.282
1008.037	13.292
1008.885	13.306
1009.739	13.320
1010.656	13.332
1011.697	13.339
1012.933	13.337
1014.442	13.324
1016.302	13.294
1018.584	13.244
1021.319	13.173
1024.478	13.082
1027.945	12.975
1031.527	12.862
1035.000	12.752
1038.154	12.656
1040.862	12.579
1043.081	12.525
1044.831	12.492
1046.184	12.477
1047.213	12.477
1047.995	12.489
1048.593	12.510
1049.055	12.537
1049.419	12.569
1049.713	12.605
1049.956	12.643
1050.162	12.684
1050.343	12.726
1050.504	12.769
1050.653	12.813
1050.792	12.857
1050.925	12.902
1051.055	12.948
1051.184	12.994
1051.315	13.041
1051.450	13.087
1051.593	13.134
1051.747	13.180
1051.917	13.226
1052.111	13.271
1052.338	13.315
1052.610	13.357
1052.946	13.397
1053.369	13.433
1053.911	13.464
1054.611	13.488
1055.523	13.502
1056.704	13.504
1058.218	13.491
1060.118	13.460
1062.426	13.409
1065.120	13.339
1068.101	13.254
1071.219	13.162
1074.277	13.071
1077.101	12.989
1079.567	12.924
1081.620	12.876
1083.271	12.848
1084.565	12.835
1085.567	12.837
1086.342	12.850
1086.947	12.870
1087.427	12.897
1087.817	12.929
1088.145	12.964
1088.428	13.001
1088.681	13.040
1088.914	13.080
1089.133	13.121
1089.344	13.162
1089.552	13.204
1089.760	13.247
1089.971	13.289
1090.188	13.332
1090.414	13.374
1090.652	13.416
1090.906	13.458
1091.182	13.498
1091.483	13.538
1091.819	13.577
1092.196	13.614
1092.628	13.648
1093.128	13.680
1093.713	13.707
1094.405	13.730
1095.230	13.747
1096.218	13.757
1097.398	13.757
1098.802	13.746
1100.451	13.724
1102.352	13.690
1104.490	13.644
1106.819	13.588
1109.269	13.526
1111.743	13.462
1114.151	13.401
1116.405	13.346
1118.448	13.300
1120.254	13.266
1121.820	13.242
1123.166	13.229
1124.321	13.225
1125.319	13.229
1126.192	13.238
1126.972	13.252
1127.683	13.270
1128.350	13.290
1128.991	13.311
1129.622	13.334
1130.259	13.356
1130.914	13.378
1131.600	13.398
1132.328	13.417
1133.112	13.433
1133.961	13.447
1134.885	13.457
1135.893	13.464
1136.990	13.466
1138.182	13.464
1139.463	13.458
1140.830	13.449
1142.265	13.435
1143.756	13.419
1145.273	13.402
1146.794	13.384
1148.290	13.366
1149.737	13.351
1151.116	13.338
1152.409	13.329
1153.609	13.325
1154.713	13.324
1155.721	13.328
1156.640	13.335
1157.479	13.347
1158.246	13.362
1158.953	13.379
1159.610	13.399
1160.228	13.421
1160.817	13.444
1161.384	13.469
1161.940	13.494
1162.490	13.520
1163.041	13.546
1163.600	13.571
1164.172	13.596
1164.761	13.621
1165.372	13.644
1166.009	13.667
1166.676	13.688
1167.376	13.708
1168.111	13.726
1168.887	13.742
1169.706	13.757
1170.572	13.769
1171.489	13.779
1172.459	13.787
1173.486	13.792
1174.573	13.794
1175.716	13.793
1176.917	13.790
1178.169	13.785
1179.462	13.777
1180.786	13.768
1182.125	13.757
1183.464	13.747
1184.784	13.737
1186.069	13.729
1187.308	13.722
1188.488	13.718
1189.609	13.717
1190.669	13.719
1191.674	13.723
1192.635	13.730
1193.566	13.738
1194.487	13.746
1195.419	13.755
1196.391	13.763
1197.436	13.767
1198.596	13.767
1199.925	13.761
1201.490	13.744
1203.377	13.715
1205.692	13.669
1208.552	13.602
1212.066	13.508
1216.299	13.386
1221.207	13.238
1226.606	13.070
1232.175	12.896
1237.530	12.731
1242.349	12.586
1246.436	12.469
1249.755	12.382
1252.370	12.322
1254.397	12.285
1255.965	12.265
1257.186	12.259
1258.151	12.262
1258.929	12.273
1259.574	12.289
1260.121	12.308
1260.598	12.331
1261.024	12.355
1261.413	12.381
1261.776	12.408
1262.120	12.436
1262.452	12.464
1262.774	12.493
1263.090	12.523
1263.404	12.552
1263.716	12.582
1264.029	12.612
1264.344	12.642
1264.664	12.671
1264.987	12.701
1265.317	12.731
1265.653	12.761
1265.999	12.790
1266.352	12.819
1266.717	12.848
1267.094	12.877
1267.484	12.905
1267.889	12.933
1268.313	12.960
1268.754	12.986
1269.218	13.012
1269.705	13.037
1270.219	13.061
1270.761	13.084
1271.336	13.106
1271.944	13.127
1272.590	13.146
1273.275	13.164
1274.001	13.180
1274.767	13.195
1275.576	13.208
1276.423	13.220
1277.307	13.230
1278.223	13.238
1279.166	13.246
1280.128	13.253
1281.101	13.259
1282.076	13.264
1283.044	13.271
1283.995	13.277
1284.922	13.284
1285.819	13.293
1286.679	13.303
1287.499	13.314
1288.277	13.327
1289.014	13.342
1289.710	13.359
1290.370	13.377
1290.998	13.396
1291.604	13.416
1292.194	13.437
1292.784	13.459
1293.391	13.480
1294.037	13.500
1294.756	13.517
1295.596	13.531
1296.618	13.538
1297.912	13.535
1299.589	13.519
1301.786	13.484
1304.644	13.425
1308.275	13.338
1312.682	13.221
1317.732	13.081
1323.094	12.927
1328.360	12.776
1333.121	12.642
1337.139	12.534
1340.335	12.456
1342.780	12.404
1344.603	12.375
1345.953	12.364
1346.958	12.365
1347.722	12.375
1348.318	12.391
1348.802	12.411
1349.211	12.435
1349.570	12.460
1349.898	12.487
1350.208	12.514
1350.508	12.542
1350.807	12.570
1351.110	12.599
1351.422	12.627
1351.748	12.655
1352.093	12.682
1352.462	12.709
1352.859	12.734
1353.290	12.759
1353.760	12.783
1354.275	12.805
1354.841	12.825
1355.462	12.844
1356.145	12.861
1356.891	12.875
1357.705	12.887
1358.587	12.897
1359.535	12.904
1360.546	12.909
1361.611	12.912
1362.721	12.914
1363.863	12.914
1365.021	12.913
1366.180	12.912
1367.322	12.911
1368.432	12.912
1369.497	12.913
1370.505	12.917
1371.447	12.923
1372.321	12.931
1373.122	12.942
1373.853	12.955
1374.516	12.970
1375.113	12.988
1375.653	13.009
1376.138	13.031
1376.577	13.055
1376.974	13.080
1377.335	13.107
1377.667	13.136
1377.972	13.165
1378.257	13.195
1378.525	13.226
1378.780	13.258
1379.025	13.290
1379.263	13.323
1379.496	13.356
1379.729	13.389
1379.961	13.422
1380.196	13.455
1380.437	13.489
1380.683	13.522
1380.938	13.555
1381.204	13.588
1381.481	13.620
1381.772	13.653
1382.078	13.684
1382.398	13.716
1382.738	13.746
1383.094	13.776
1383.471	13.806
1383.867	13.834
1384.285	13.862
1384.724	13.890
1385.186	13.916
1385.671	13.941
1386.182	13.966
1386.722	13.990
1387.296	14.012
1387.911	14.033
1388.584	14.051
1389.335	14.067
1390.198	14.079
1391.224	14.085
1392.485	14.082
1394.085	14.068
1396.159	14.036
1398.863	13.981
1402.354	13.898
1406.718	13.782
1411.904	13.637
1417.659	13.469
1423.543	13.296
1429.085	13.135
1433.908	12.999
1437.858	12.894
1440.948	12.820
1443.320	12.772
1445.138	12.744
1446.565	12.731
1447.736	12.728
1448.756	12.730
1449.719	12.736
1450.699	12.742
1451.781	12.745
1453.051	12.744
1454.620	12.734
1456.617	12.713
1459.190	12.675
1462.486	12.617
1466.616	12.535
1471.594	12.428
1477.277	12.301
1483.358	12.161
1489.408	12.021
1495.011	11.893
1499.875	11.785
1503.881	11.702
1507.057	11.642
1509.526	11.602
1511.443	11.578
1512.953	11.566
1514.182	11.562
1515.223	11.563
1516.149	11.569
1517.010	11.576
1517.841	11.584
1518.665	11.593
1519.498	11.602
1520.349	11.610
1521.222	11.617
1522.119	11.625
1523.039	11.631
1523.977	11.637
1524.928	11.643
1525.888	11.648
1526.848	11.653
1527.801	11.659
1528.741	11.664
1529.661	11.670
1530.557	11.677
1531.423	11.684
1532.255	11.692
1533.051	11.701
1533.810	11.711
1534.531	11.722
1535.215	11.734
1535.862	11.747
1536.474	11.761
1537.055	11.775
1537.605	11.791
1538.128	11.807
1538.627	11.824
1539.103	11.842
1539.560	11.860
1539.999	11.879
1540.424	11.898
1540.835	11.917
1541.235	11.937
1541.626	11.957
1542.009	11.978
1542.385	11.999
1542.756	12.020
1543.122	12.041
1543.484	12.062
1543.844	12.083
1544.201	12.105
1544.557	12.127
1544.913	12.148
1545.268	12.170
1545.625	12.192
1545.983	12.214
1546.343	12.236
1546.708	12.258
1547.076	12.280
1547.451	12.301
1547.832	12.323
1548.222	12.344
1548.624	12.366
1549.037	12.387
1549.466	12.407
1549.912	12.427
1550.380	12.447
1550.872	12.466
1551.392	12.484
1551.948	12.501
1552.541	12.518
1553.181	12.533
1553.873	12.547
1554.624	12.559
1555.446	12.569
1556.341	12.577
1557.325	12.582
1558.400	12.585
1559.576	12.586
1560.856	12.583
1562.245	12.577
1563.738	12.568
1565.329	12.556
1567.004	12.541
1568.748	12.525
1570.535	12.507
1572.342	12.488
1574.137	12.469
1575.895	12.451
1577.587	12.435
1579.195	12.421
1580.701	12.410
1582.092	12.402
1583.368	12.397
1584.525	12.395
1585.570	12.397
1586.509	12.402
1587.350	12.409
1588.104	12.419
1588.782	12.431
1589.393	12.446
1589.948	12.461
1590.455	12.479
1590.923	12.497
1591.359	12.517
1591.769	12.538
1592.160	12.559
1592.536	12.580
1592.904	12.602
1593.265	12.625
1593.625	12.647
1593.986	12.669
1594.351	12.692
1594.724	12.714
1595.106	12.736
1595.500	12.758
1595.908	12.780
1596.331	12.801
1596.773	12.822
1597.232	12.842
1597.714	12.861
1598.215	12.880
1598.740	12.899
1599.287	12.917
1599.859	12.934
1600.456	12.950
1601.078	12.966
1601.728	12.981
1602.404	12.995
1603.110	13.008
1603.848	13.020
1604.619	13.031
1605.430	13.042
1606.286	13.050
1607.196	13.058
1608.170	13.063
1609.222	13.067
1610.369	13.067
1611.630	13.065
1613.029	13.058
1614.589	13.047
1616.334	13.031
1618.284	13.008
1620.450	12.980
1622.831	12.945
1625.411	12.904
1628.149	12.859
1630.990	12.810
1633.862	12.760
1636.688	12.712
1639.392	12.666
1641.916	12.625
1644.216	12.591
1646.271	12.563
1648.080	12.542
1649.653	12.528
1651.015	12.520
1652.192	12.517
1653.216	12.519
1654.117	12.525
1654.923	12.533
1655.661	12.543
1656.353	12.555
1657.025	12.568
1657.696	12.581
1658.388	12.594
1659.122	12.605
1659.918	12.615
1660.799	12.624
1661.785	12.629
1662.898	12.631
1664.158	12.630
1665.579	12.624
1667.172	12.613
1668.940	12.598
1670.868	12.578
1672.938	12.554
1675.114	12.527
1677.348	12.498
1679.588	12.469
1681.776	12.441
1683.865	12.415
1685.812	12.392
1687.585	12.374
1689.175	12.360
1690.572	12.352
1691.784	12.349
1692.826	12.350
1693.712	12.355
1694.465	12.364
1695.104	12.376
1695.646	12.391
1696.109	12.408
1696.507	12.427
1696.853	12.447
1697.159	12.469
1697.432	12.491
1697.680	12.515
1697.909	12.539
1698.124	12.563
1698.329	12.588
1698.528	12.614
1698.722	12.639
1698.914	12.665
1699.106	12.690
1699.299	12.716
1699.494	12.742
1699.692	12.768
1699.893	12.794
1700.098	12.819
1700.308	12.845
1700.523	12.871
1700.743	12.897
1700.968	12.922
1701.198	12.948
1701.433	12.973
1701.673	12.999
1701.917	13.024
1702.166	13.049
1702.421	13.074
1702.677	13.100
1702.937	13.125
1703.201	13.150
1703.466	13.175
1703.735	13.201
1704.003	13.226
1704.273	13.251
1704.544	13.276
1704.814	13.302
1705.084	13.327
1705.352	13.353
1705.619	13.379
1705.883	13.405
1706.146	13.431
1706.406	13.457
1706.661	13.483
1706.916	13.510
1707.166	13.536
1707.412	13.563
1707.658	13.590
1707.899	13.618
1708.138	13.645
1708.375	13.673
1708.610	13.701
1708.846	13.728
1709.081	13.756
1709.318	13.784
1709.557	13.812
1709.802	13.840
1710.052	13.868
1710.312	13.896
1710.583	13.923
1710.870	13.951
1711.176	13.977
1711.509	14.003
1711.875	14.028
1712.284	14.052
1712.752	14.074
1713.301	14.093
1713.959	14.110
1714.771	14.122
1715.805	14.127
1717.155	14.123
1718.960	14.106
1721.409	14.069
1724.730	14.008
1729.167	13.913
1734.883	13.781
1741.843	13.613
1749.682	13.418
1757.747	13.216
1765.292	13.028
1771.750	12.871
1776.888	12.753
1780.763	12.670
1783.589	12.618
1785.619	12.589
1787.078	12.576
1788.140	12.575
1788.933	12.582
1789.542	12.594
1790.027	12.610
1790.428	12.628
1790.770	12.648
1791.071	12.669
1791.342	12.691
1791.594	12.714
1791.830	12.737
1792.056	12.761
1792.275	12.785
1792.490	12.809
1792.704	12.833
1792.920	12.857
1793.140	12.882
1793.368	12.906
1793.607	12.930
1793.862	12.954
1794.136	12.977
1794.437	12.999
1794.770	13.021
1795.143	13.042
1795.566	13.062
1796.049	13.081
1796.603	13.097
1797.245	13.111
1797.987	13.123
1798.848	13.132
1799.846	13.137
1800.997	13.138
1802.315	13.134
1803.816	13.126
1805.505	13.112
1807.382	13.094
1809.436	13.070
1811.647	13.043
1813.992	13.011
1816.429	12.977
1818.915	12.941
1821.421	12.905
1823.904	12.870
1826.339	12.836
1828.715	12.803
1831.024	12.772
1833.271	12.744
1835.474	12.716
1837.642	12.690
1839.805	12.664
1841.977	12.639
1844.177	12.613
1846.421	12.586
1848.713	12.559
1851.056	12.530
1853.446	12.500
1855.864	12.470
1858.297	12.439
1860.715	12.408
1863.096	12.379
1865.408	12.351
1867.627	12.325
1869.732	12.301
1871.701	12.281
1873.529	12.264
1875.204	12.251
1876.729	12.241
1878.104	12.235
1879.341	12.231
1880.443	12.231
1881.424	12.234
1882.295	12.240
1883.067	12.247
1883.751	12.257
1884.358	12.269
1884.896	12.282
1885.375	12.297
1885.803	12.313
1886.186	12.331
1886.531	12.349
1886.842	12.368
1887.125	12.388
1887.384	12.408
1887.621	12.430
1887.842	12.451
1888.046	12.473
1888.238	12.496
1888.420	12.518
1888.592	12.541
1888.757	12.565
1888.916	12.588
1889.069	12.612
1889.219	12.636
1889.366	12.660
1889.510	12.684
1889.653	12.709
1889.796	12.733
1889.938	12.758
1890.080	12.782
1890.223	12.807
1890.368	12.832
1890.514	12.856
1890.662	12.881
1890.812	12.906
1890.965	12.931
1891.121	12.956
1891.280	12.981
1891.443	13.006
1891.609	13.030
1891.779	13.055
1891.954	13.080
1892.133	13.105
1892.316	13.130
1892.505	13.154
1892.698	13.179
1892.897	13.203
1893.102	13.228
1893.312	13.252
1893.528	13.277
1893.751	13.301
1893.981	13.325
1894.219	13.349
1894.464	13.373
1894.719	13.396
1894.983	13.420
1895.257	13.443
1895.545	13.466
1895.846	13.489
1896.163	13.511
1896.499	13.533
1896.855	13.555
1897.235	13.575
1897.645	13.595
1898.087	13.615
1898.566	13.633
1899.089	13.650
1899.663	13.666
1900.292	13.680
1900.984	13.693
1901.747	13.704
1902.585	13.712
1903.504	13.719
1904.510	13.723
1905.598	13.724
1906.771	13.723
1908.022	13.720
1909.337	13.715
1910.706	13.709
1912.111	13.701
1913.527	13.692
1914.934	13.684
1916.313	13.676
1917.640	13.670
1918.896	13.665
1920.071	13.662
1921.152	13.663
1922.135	13.665
1923.020	13.671
1923.807	13.679
1924.501	13.690
1925.110	13.704
1925.639	13.719
1926.099	13.737
1926.496	13.757
1926.840	13.778
1927.136	13.801
1927.392	13.825
1927.613	13.850
1927.807	13.876
1927.976	13.903
1928.126	13.931
1928.261	13.959
1928.384	13.988
1928.499	14.017
1928.609	14.046
1928.716	14.075
1928.825	14.105
1928.939	14.135
1929.063	14.164
1929.202	14.193
1929.362	14.222
1929.552	14.250
1929.783	14.277
1930.067	14.302
1930.422	14.326
1930.870	14.347
1931.436	14.365
1932.156	14.378
1933.068	14.386
1934.217	14.387
1935.651	14.380
1937.414	14.363
1939.540	14.336
1942.042	14.297
1944.895	14.248
1948.041	14.189
1951.370	14.125
1954.755	14.058
1958.054	13.994
1961.144	13.935
1963.941	13.884
1966.399	13.843
1968.518	13.812
1970.322	13.790
1971.854	13.776
1973.165	13.769
1974.306	13.767
1975.321	13.769
1976.250	13.773
1977.123	13.779
1977.966	13.787
1978.800	13.794
1979.638	13.802
1980.490	13.809
1981.365	13.816
1982.263	13.823
1983.188	13.828
1984.138	13.833
1985.108	13.837
1986.092	13.841
1987.086	13.844
1988.082	13.847
1989.068	13.850
1990.040	13.854
1990.990	13.858
1991.908	13.864
1992.792	13.870
1993.637	13.877
1994.436	13.885
1995.190	13.894
1995.900	13.905
1996.565	13.917
1997.185	13.931
1997.766	13.945
1998.310	13.961
1998.820	13.977
1999.302	13.995
1999.760	14.013
2000.197	14.032
2000.620	14.051
2001.034	14.070
2001.442	14.090
2001.851	14.110
2002.264	14.130
2002.686	14.150
2003.122	14.170
2003.578	14.189
2004.057	14.207
2004.562	14.225
2005.100	14.241
2005.675	14.257
2006.287	14.272
2006.942	14.285
2007.642	14.298
2008.388	14.309
2009.177	14.318
2010.015	14.326
2010.895	14.333
2011.813	14.339
2012.769	14.344
2013.752	14.348
2014.759	14.351
2015.780	14.353
2016.809	14.355
2017.838	14.357
2018.858	14.360
2019.862	14.362
2020.846	14.366
2021.802	14.370
2022.728	14.375
2023.622	14.380
2024.482	14.387
2025.307	14.395
2026.099	14.404
2026.859	14.414
2027.589	14.424
2028.293	14.436
2028.973	14.448
2029.632	14.461
2030.275	14.474
2030.906	14.488
2031.531	14.502
2032.154	14.517
2032.782	14.531
2033.422	14.545
2034.083	14.558
2034.776	14.571
2035.512	14.582
2036.307	14.592
2037.178	14.599
2038.145	14.604
2039.230	14.606
2040.458	14.603
2041.853	14.596
2043.437	14.584
2045.228	14.565
2047.231	14.540
2049.442	14.509
2051.833	14.473
2054.365	14.432
2056.977	14.389
2059.596	14.345
2062.154	14.302
2064.582	14.263
2066.830	14.229
2068.865	14.201
2070.675	14.179
2072.260	14.164
2073.636	14.155
2074.827	14.151
2075.860	14.152
2076.761	14.156
2077.559	14.164
2078.280	14.174
2078.947	14.186
2079.584	14.199
2080.212	14.212
2080.852	14.226
2081.526	14.238
2082.259	14.249
2083.078	14.258
2084.015	14.264
2085.102	14.266
2086.383	14.263
2087.899	14.254
2089.693	14.237
2091.805	14.212
2094.267	14.178
2097.080	14.134
2100.220	14.082
2103.636	14.022
2107.230	13.956
2110.878	13.890
2114.460	13.824
2117.855	13.763
2120.974	13.709
2123.762	13.664
2126.204	13.628
2128.308	13.600
2130.102	13.581
2131.625	13.569
2132.920	13.563
2134.025	13.562
2134.975	13.565
2135.803	13.571
2136.531	13.580
2137.179	13.591
2137.766	13.604
2138.302	13.618
2138.797	13.633
2139.262	13.649
2139.703	13.666
2140.126	13.683
2140.538	13.701
2140.946	13.719
2141.360	13.736
2141.791	13.754
2142.258	13.771
2142.790	13.786
2143.433	13.800
2144.258	13.809
2145.381	13.812
2146.982	13.805
2149.337	13.781
2152.836	13.733
2157.980	13.649
2165.281	13.518
2175.013	13.333
2186.864	13.102
2199.750	12.847
2212.123	12.602
2222.666	12.396
2230.795	12.242
2236.625	12.138
2240.630	12.073
2243.341	12.036
2245.195	12.019
2246.510	12.013
2247.497	12.014
2248.292	12.020
2248.981	12.028
2249.619	12.037
2250.242	12.047
2250.875	12.057
2251.538	12.066
2252.247	12.075
2253.014	12.082
2253.855	12.089
2254.787	12.093
2255.826	12.096
2256.990	12.097
2258.302	12.096
2259.781	12.091
2261.451	12.083
2263.334	12.071
2265.453	12.055
2267.816	12.035
2270.425	12.010
2273.284	11.981
2276.371	11.948
2279.643	11.912
2283.046	11.873
2286.523	11.832
2290.001	11.792
2293.394	11.752
2296.647	11.715
2299.702	11.682
2302.513	11.652
2305.056	11.627
2307.329	11.607
2309.331	11.591
2311.076	11.580
2312.588	11.573
2313.889	11.569
2315.002	11.569
2315.953	11.572
2316.764	11.577
2317.457	11.584
2318.049	11.593
2318.556	11.603
2318.992	11.615
2319.368	11.627
2319.694	11.641
2319.977	11.656
2320.224	11.671
2320.441	11.687
2320.634	11.703
2320.804	11.719
2320.957	11.736
2321.094	11.754
2321.218	11.771
2321.330	11.789
2321.433	11.807
2321.528	11.826
2321.615	11.844
2321.696	11.863
