<j>	<Fwlc>
1035.480	13.968
1038.625	13.863
1041.611	13.766
1044.363	13.682
1046.825	13.611
1048.968	13.557
1050.798	13.518
1052.349	13.494
1053.667	13.481
1054.809	13.478
1055.834	13.481
1056.800	13.488
1057.763	13.496
1058.781	13.502
1059.910	13.504
1061.207	13.499
1062.728	13.484
1064.517	13.457
1066.601	13.417
1068.977	13.364
1071.599	13.300
1074.379	13.227
1077.199	13.152
1079.928	13.080
1082.453	13.017
1084.695	12.965
1086.621	12.927
1088.231	12.902
1089.555	12.890
1090.633	12.889
1091.508	12.897
1092.220	12.912
1092.804	12.934
1093.289	12.960
1093.697	12.989
1094.044	13.021
1094.343	13.056
1094.605	13.093
1094.836	13.131
1095.043	13.170
1095.230	13.211
1095.399	13.253
1095.555	13.295
1095.698	13.338
1095.831	13.382
1095.956	13.427
1096.073	13.472
1096.183	13.518
1096.289	13.564
1096.391	13.611
1096.489	13.658
1096.585	13.706
1096.680	13.754
1096.775	13.802
1096.870	13.851
1096.967	13.899
1097.068	13.948
1097.172	13.997
1097.282	14.046
1097.400	14.095
1097.527	14.144
1097.666	14.193
1097.819	14.241
1097.989	14.288
1098.181	14.335
1098.397	14.381
1098.643	14.426
1098.924	14.469
1099.246	14.510
1099.615	14.549
1100.038	14.586
1100.524	14.619
1101.077	14.649
1101.706	14.676
1102.414	14.698
1103.206	14.715
1104.080	14.728
1105.033	14.737
1106.061	14.742
1107.152	14.743
1108.297	14.741
1109.485	14.737
1110.710	14.731
1111.969	14.723
1113.271	14.713
1114.632	14.700
1116.081	14.683
1117.657	14.660
1119.403	14.629
1121.361	14.589
1123.558	14.536
1125.995	14.471
1128.627	14.397
1131.370	14.316
1134.102	14.235
1136.698	14.160
1139.047	14.096
1141.082	14.047
1142.779	14.014
1144.153	13.997
1145.240	13.994
1146.089	14.003
1146.747	14.022
1147.258	14.048
1147.658	14.080
1147.975	14.116
1148.231	14.156
1148.444	14.198
1148.624	14.243
1148.782	14.288
1148.925	14.335
1149.058	14.382
1149.185	14.430
1149.309	14.479
1149.433	14.528
1149.559	14.577
1149.689	14.626
1149.826	14.675
1149.971	14.724
1150.126	14.773
1150.295	14.822
1150.479	14.869
1150.682	14.917
1150.907	14.963
1151.158	15.008
1151.440	15.052
1151.757	15.094
1152.115	15.134
1152.521	15.172
1152.981	15.207
1153.501	15.240
1154.090	15.268
1154.754	15.293
1155.502	15.313
1156.340	15.328
1157.278	15.338
1158.325	15.342
1159.498	15.339
1160.820	15.329
1162.326	15.309
1164.072	15.277
1166.134	15.230
1168.614	15.162
1171.623	15.070
1175.250	14.947
1179.515	14.794
1184.308	14.617
1189.382	14.426
1194.402	14.239
1199.055	14.069
1203.144	13.928
1206.611	13.816
1209.504	13.732
1211.917	13.671
1213.953	13.628
1215.701	13.598
1217.226	13.578
1218.577	13.566
1219.789	13.561
1220.888	13.560
1221.895	13.563
1222.829	13.570
1223.709	13.579
1224.557	13.590
1225.394	13.602
1226.247	13.613
1227.146	13.623
1228.123	13.631
1229.218	13.633
1230.469	13.630
1231.915	13.620
1233.588	13.600
1235.510	13.571
1237.676	13.531
1240.055	13.483
1242.583	13.428
1245.170	13.370
1247.712	13.313
1250.111	13.261
1252.289	13.217
1254.201	13.183
1255.832	13.161
1257.194	13.148
1258.316	13.146
1259.232	13.151
1259.982	13.163
1260.601	13.181
1261.120	13.203
1261.564	13.228
1261.957	13.256
1262.314	13.285
1262.651	13.315
1262.978	13.346
1263.307	13.377
1263.646	13.408
1264.003	13.438
1264.390	13.467
1264.815	13.496
1265.292	13.522
1265.837	13.546
1266.468	13.567
1267.210	13.583
1268.092	13.595
1269.152	13.600
1270.429	13.597
1271.968	13.584
1273.809	13.559
1275.980	13.522
1278.483	13.472
1281.283	13.411
1284.303	13.340
1287.425	13.265
1290.508	13.191
1293.418	13.122
1296.048	13.063
1298.336	13.017
1300.263	12.984
1301.844	12.964
1303.118	12.955
1304.132	12.956
1304.935	12.965
1305.570	12.981
1306.074	13.002
1306.478	13.027
1306.805	13.055
1307.075	13.085
1307.302	13.118
1307.496	13.151
1307.665	13.186
1307.816	13.222
1307.953	13.258
1308.081	13.295
1308.201	13.332
1308.316	13.370
1308.427	13.408
1308.537	13.447
1308.647	13.486
1308.757	13.524
1308.868	13.563
1308.983	13.602
1309.101	13.642
1309.225	13.681
1309.356	13.720
1309.496	13.759
1309.647	13.797
1309.812	13.836
1309.993	13.873
1310.195	13.911
1310.424	13.947
1310.684	13.982
1310.984	14.016
1311.333	14.049
1311.742	14.078
1312.224	14.106
1312.795	14.129
1313.473	14.149
1314.278	14.163
1315.230	14.172
1316.348	14.174
1317.648	14.168
1319.137	14.155
1320.812	14.134
1322.655	14.105
1324.632	14.071
1326.697	14.032
1328.794	13.992
1330.868	13.953
1332.873	13.916
1334.779	13.883
1336.574	13.854
1338.270	13.830
1339.900	13.809
1341.513	13.790
1343.176	13.769
1344.968	13.745
1346.976	13.714
1349.287	13.673
1351.977	13.618
1355.086	13.549
1358.598	13.465
1362.425	13.370
1366.410	13.268
1370.351	13.167
1374.055	13.074
1377.373	12.995
1380.229	12.931
1382.615	12.884
1384.569	12.852
1386.159	12.833
1387.454	12.825
1388.521	12.825
1389.416	12.831
1390.183	12.841
1390.856	12.856
1391.459	12.872
1392.009	12.891
1392.519	12.911
1392.999	12.933
1393.453	12.955
1393.886	12.978
1394.302	13.002
1394.701	13.026
1395.085	13.051
1395.455	13.077
1395.813	13.103
1396.159	13.129
1396.493	13.156
1396.816	13.184
1397.130	13.212
1397.434	13.240
1397.729	13.269
1398.017	13.298
1398.299	13.327
1398.575	13.357
1398.846	13.387
1399.115	13.417
1399.383	13.448
1399.651	13.478
1399.921	13.509
1400.196	13.540
1400.478	13.570
1400.772	13.600
1401.079	13.630
1401.406	13.659
1401.758	13.688
1402.140	13.715
1402.561	13.742
1403.029	13.767
1403.554	13.789
1404.149	13.810
1404.826	13.827
1405.599	13.841
1406.483	13.851
1407.493	13.857
1408.642	13.857
1409.937	13.852
1411.385	13.842
1412.982	13.825
1414.717	13.804
1416.572	13.778
1418.522	13.748
1420.539	13.715
1422.594	13.681
1424.667	13.647
1426.744	13.612
1428.823	13.578
1430.916	13.544
1433.041	13.509
1435.226	13.472
1437.498	13.434
1439.878	13.391
1442.378	13.346
1444.996	13.296
1447.711	13.244
1450.486	13.189
1453.273	13.134
1456.021	13.081
1458.686	13.030
1461.232	12.983
1463.644	12.941
1465.918	12.904
1468.067	12.870
1470.111	12.841
1472.074	12.815
1473.977	12.791
1475.840	12.768
1477.673	12.746
1479.479	12.726
1481.256	12.706
1482.992	12.688
1484.672	12.671
1486.281	12.656
1487.803	12.643
1489.223	12.634
1490.532	12.628
1491.725	12.625
1492.801	12.625
1493.762	12.629
1494.615	12.637
1495.369	12.647
1496.032	12.660
1496.617	12.676
1497.133	12.694
1497.589	12.714
1497.996	12.735
1498.362	12.758
1498.695	12.782
1499.001	12.807
1499.286	12.832
1499.558	12.858
1499.820	12.885
1500.078	12.912
1500.336	12.939
1500.599	12.966
1500.873	12.993
1501.163	13.019
1501.474	13.045
1501.814	13.071
1502.190	13.095
1502.611	13.118
1503.086	13.139
1503.627	13.159
1504.247	13.176
1504.959	13.190
1505.776	13.202
1506.712	13.209
1507.780	13.212
1508.989	13.211
1510.343	13.206
1511.839	13.196
1513.466	13.181
1515.203	13.163
1517.021	13.142
1518.882	13.119
1520.745	13.096
1522.568	13.073
1524.313	13.053
1525.951	13.036
1527.462	13.023
1528.835	13.014
1530.068	13.009
1531.169	13.009
1532.148	13.012
1533.020	13.019
1533.804	13.029
1534.516	13.041
1535.174	13.055
1535.796	13.070
1536.395	13.087
1536.989	13.103
1537.591	13.120
1538.214	13.136
1538.872	13.151
1539.575	13.165
1540.336	13.177
1541.163	13.187
1542.064	13.195
1543.046	13.200
1544.110	13.203
1545.257	13.203
1546.481	13.201
1547.773	13.197
1549.120	13.190
1550.505	13.183
1551.907	13.174
1553.306	13.166
1554.682	13.158
1556.016	13.151
1557.293	13.145
1558.502	13.142
1559.637	13.141
1560.696	13.142
1561.681	13.146
1562.597	13.152
1563.451	13.159
1564.253	13.169
1565.012	13.180
1565.740	13.192
1566.447	13.205
1567.142	13.218
1567.834	13.231
1568.533	13.245
1569.245	13.258
1569.976	13.270
1570.730	13.282
1571.510	13.293
1572.318	13.303
1573.152	13.313
1574.011	13.321
1574.892	13.329
1575.788	13.336
1576.693	13.343
1577.599	13.350
1578.500	13.357
1579.387	13.364
1580.252	13.372
1581.088	13.381
1581.891	13.390
1582.654	13.401
1583.375	13.413
1584.053	13.427
1584.686	13.442
1585.276	13.458
1585.823	13.476
1586.331	13.495
1586.802	13.515
1587.240	13.537
1587.649	13.559
1588.033	13.583
1588.396	13.607
1588.743	13.632
1589.077	13.657
1589.402	13.683
1589.725	13.709
1590.048	13.735
1590.376	13.761
1590.716	13.787
1591.071	13.812
1591.447	13.837
1591.852	13.861
1592.291	13.884
1592.774	13.906
1593.310	13.926
1593.908	13.944
1594.581	13.960
1595.343	13.973
1596.207	13.982
1597.188	13.988
1598.304	13.989
1599.569	13.986
1600.998	13.977
1602.599	13.962
1604.379	13.942
1606.335	13.915
1608.457	13.883
1610.726	13.847
1613.118	13.806
1615.604	13.762
1618.157	13.716
1620.752	13.669
1623.374	13.621
1626.017	13.573
1628.685	13.525
1631.390	13.476
1634.144	13.427
1636.959	13.376
1639.839	13.323
1642.775	13.270
1645.746	13.215
1648.718	13.161
1651.649	13.108
1654.492	13.058
1657.206	13.011
1659.758	12.969
1662.125	12.933
1664.299	12.902
1666.284	12.876
1668.091	12.856
1669.737	12.840
1671.244	12.829
1672.634	12.821
1673.927	12.816
1675.141	12.813
1676.296	12.812
1677.405	12.812
1678.482	12.814
1679.539	12.816
1680.589	12.818
1681.641	12.820
1682.707	12.822
1683.797	12.824
1684.922	12.824
1686.096	12.824
1687.329	12.822
1688.633	12.818
1690.019	12.812
1691.497	12.804
1693.074	12.793
1694.754	12.780
1696.534	12.763
1698.409	12.745
1700.365	12.724
1702.382	12.701
1704.436	12.677
1706.499	12.653
1708.541	12.629
1710.534	12.606
1712.452	12.585
1714.276	12.567
1715.989	12.551
1717.586	12.539
1719.062	12.529
1720.420	12.522
1721.666	12.519
1722.810	12.518
1723.860	12.519
1724.828	12.523
1725.724	12.529
1726.557	12.536
1727.338	12.545
1728.073	12.554
1728.771	12.565
1729.436	12.577
1730.075	12.590
1730.690	12.603
1731.286	12.617
1731.865	12.631
1732.429	12.646
1732.980	12.661
1733.519	12.676
1734.047	12.692
1734.565	12.708
1735.073	12.724
1735.572	12.740
1736.062	12.757
1736.542	12.774
1737.013	12.792
1737.475	12.809
1737.927	12.827
1738.370	12.845
1738.803	12.864
1739.226	12.883
1739.639	12.902
1740.041	12.921
1740.433	12.941
1740.814	12.961
1741.185	12.981
1741.544	13.002
1741.893	13.023
1742.232	13.045
1742.559	13.066
1742.876	13.088
1743.183	13.111
1743.480	13.134
1743.766	13.157
1744.044	13.180
1744.312	13.204
1744.572	13.228
1744.823	13.252
1745.067	13.277
1745.304	13.302
1745.534	13.327
1745.759	13.353
1745.977	13.379
1746.192	13.405
1746.402	13.431
1746.609	13.457
1746.813	13.484
1747.015	13.510
1747.216	13.537
1747.417	13.564
1747.617	13.591
1747.819	13.618
1748.022	13.645
1748.228	13.672
1748.437	13.699
1748.650	13.726
1748.867	13.753
1749.090	13.780
1749.319	13.807
1749.554	13.834
1749.796	13.861
1750.047	13.887
1750.305	13.914
1750.573	13.940
1750.850	13.966
1751.136	13.991
1751.433	14.017
1751.740	14.042
1752.057	14.067
1752.384	14.092
1752.723	14.116
1753.071	14.140
1753.431	14.164
1753.800	14.188
1754.181	14.211
1754.573	14.234
1754.978	14.257
1755.396	14.279
1755.832	14.301
1756.289	14.322
1756.774	14.342
1757.298	14.362
1757.876	14.380
1758.529	14.395
1759.287	14.408
1760.193	14.416
1761.301	14.418
1762.686	14.412
1764.435	14.395
1766.646	14.365
1769.413	14.317
1772.800	14.250
1776.803	14.165
1781.320	14.063
1786.141	13.951
1790.980	13.838
1795.543	13.732
1799.597	13.642
1803.018	13.569
1805.785	13.517
1807.954	13.482
1809.620	13.462
1810.887	13.455
1811.850	13.457
1812.588	13.466
1813.163	13.480
1813.620	13.497
1813.993	13.518
1814.308	13.540
1814.580	13.563
1814.822	13.588
1815.042	13.613
1815.247	13.639
1815.440	13.665
1815.625	13.692
1815.803	13.719
1815.976	13.746
1816.147	13.774
1816.315	13.801
1816.481	13.829
