<j>	<Ffjc>
1089.823	11.669
1090.836	11.674
1091.786	11.680
1092.698	11.688
1093.593	11.698
1094.488	11.707
1095.394	11.716
1096.323	11.724
1097.281	11.732
1098.271	11.738
1099.294	11.744
1100.346	11.748
1101.423	11.751
1102.516	11.754
1103.615	11.756
1104.709	11.758
1105.786	11.761
1106.836	11.764
1107.847	11.769
1108.812	11.775
1109.724	11.783
1110.578	11.793
1111.373	11.804
1112.109	11.818
1112.787	11.834
1113.411	11.852
1113.984	11.871
1114.510	11.893
1114.996	11.916
1115.445	11.940
1115.864	11.965
1116.256	11.992
1116.626	12.019
1116.978	12.048
1117.316	12.077
1117.644	12.106
1117.965	12.136
1118.282	12.166
1118.598	12.196
1118.914	12.227
1119.234	12.257
1119.559	12.288
1119.891	12.318
1120.232	12.348
1120.583	12.378
1120.947	12.408
1121.323	12.437
1121.714	12.465
1122.119	12.494
1122.539	12.521
1122.976	12.549
1123.427	12.576
1123.895	12.602
1124.376	12.627
1124.872	12.653
1125.380	12.678
1125.899	12.702
1126.427	12.726
1126.963	12.750
1127.503	12.774
1128.046	12.797
1128.590	12.821
1129.133	12.844
1129.673	12.868
1130.207	12.892
1130.736	12.916
1131.257	12.941
1131.771	12.966
1132.276	12.991
1132.774	13.017
1133.265	13.043
1133.749	13.070
1134.228	13.097
1134.703	13.124
1135.177	13.151
1135.650	13.178
1136.125	13.206
1136.604	13.233
1137.089	13.260
1137.581	13.287
1138.083	13.314
1138.595	13.340
1139.118	13.366
1139.654	13.392
1140.202	13.417
1140.762	13.441
1141.334	13.465
1141.916	13.489
1142.507	13.512
1143.104	13.535
1143.707	13.558
1144.312	13.580
1144.919	13.603
1145.528	13.625
1146.138	13.648
1146.752	13.671
1147.377	13.693
1148.022	13.714
1148.704	13.734
1149.449	13.752
1150.293	13.766
1151.292	13.774
1152.521	13.773
1154.079	13.759
1156.085	13.727
1158.665	13.672
1161.911	13.589
1165.835	13.477
1170.308	13.343
1175.047	13.196
1179.681	13.052
1183.865	12.924
1187.381	12.823
1190.168	12.751
1192.287	12.706
1193.858	12.684
1195.013	12.678
1195.868	12.686
1196.514	12.701
1197.020	12.723
1197.432	12.749
1197.784	12.778
1198.097	12.808
1198.388	12.840
1198.665	12.872
1198.937	12.905
1199.206	12.938
1199.476	12.971
1199.750	13.004
1200.028	13.038
1200.312	13.071
1200.602	13.104
1200.899	13.137
1201.205	13.169
1201.519	13.202
1201.843	13.234
1202.177	13.266
1202.523	13.297
1202.883	13.328
1203.260	13.359
1203.654	13.389
1204.072	13.418
1204.515	13.447
1204.991	13.474
1205.504	13.499
1206.063	13.523
1206.676	13.545
1207.353	13.565
1208.104	13.581
1208.942	13.594
1209.879	13.603
1210.926	13.608
1212.094	13.608
1213.391	13.602
1214.821	13.591
1216.385	13.574
1218.078	13.552
1219.888	13.525
1221.803	13.494
1223.804	13.459
1225.874	13.422
1227.997	13.382
1230.156	13.341
1232.340	13.300
1234.538	13.258
1236.737	13.216
1238.925	13.175
1241.083	13.135
1243.193	13.097
1245.231	13.061
1247.176	13.029
1249.005	13.002
1250.703	12.979
1252.259	12.961
1253.668	12.949
1254.932	12.942
1256.056	12.941
1257.050	12.944
1257.927	12.952
1258.699	12.964
1259.380	12.980
1259.982	12.998
1260.517	13.019
1260.995	13.043
1261.424	13.068
1261.813	13.095
1262.168	13.124
1262.495	13.154
1262.799	13.185
1263.084	13.216
1263.353	13.249
1263.609	13.282
1263.855	13.316
1264.093	13.350
1264.326	13.385
1264.556	13.419
1264.783	13.455
1265.011	13.490
1265.240	13.525
1265.472	13.561
1265.708	13.596
1265.950	13.631
1266.199	13.667
1266.456	13.702
1266.722	13.737
1266.998	13.771
1267.286	13.805
1267.585	13.839
1267.897	13.873
1268.222	13.906
1268.560	13.939
1268.911	13.971
1269.275	14.003
1269.653	14.034
1270.044	14.065
1270.448	14.095
1270.866	14.125
1271.298	14.155
1271.746	14.183
1272.214	14.212
1272.706	14.239
1273.231	14.265
1273.802	14.289
1274.439	14.311
1275.169	14.329
1276.031	14.342
1277.080	14.347
1278.384	14.342
1280.026	14.324
1282.096	14.288
1284.673	14.231
1287.792	14.152
1291.410	14.052
1295.385	13.937
1299.482	13.815
1303.431	13.698
1307.004	13.596
1310.064	13.514
1312.578	13.454
1314.593	13.414
1316.197	13.391
1317.490	13.382
1318.566	13.381
1319.501	13.387
1320.359	13.396
1321.189	13.407
1322.030	13.418
1322.912	13.428
1323.861	13.435
1324.896	13.440
1326.035	13.440
1327.289	13.437
1328.665	13.429
1330.165	13.416
1331.784	13.399
1333.507	13.378
1335.315	13.354
1337.180	13.327
1339.069	13.300
1340.951	13.272
1342.792	13.245
1344.565	13.221
1346.251	13.200
1347.836	13.182
1349.314	13.168
1350.688	13.158
1351.962	13.152
1353.147	13.149
1354.255	13.149
1355.298	13.151
1356.287	13.155
1357.234	13.161
1358.149	13.168
1359.039	13.177
1359.910	13.185
1360.767	13.195
1361.613	13.205
1362.448	13.215
1363.272	13.225
1364.084	13.236
1364.882	13.248
1365.663	13.260
1366.424	13.272
1367.162	13.286
1367.873	13.300
1368.556	13.316
1369.208	13.332
1369.829	13.350
1370.417	13.369
1370.971	13.389
1371.494	13.410
1371.984	13.432
1372.445	13.456
1372.877	13.481
1373.282	13.507
1373.664	13.534
1374.023	13.561
1374.364	13.590
1374.688	13.619
1374.999	13.649
1375.299	13.680
1375.593	13.711
1375.884	13.742
1376.177	13.773
1376.478	13.804
1376.795	13.835
1377.138	13.865
1377.519	13.894
1377.956	13.921
1378.474	13.945
1379.105	13.965
1379.894	13.980
1380.901	13.988
1382.204	13.984
1383.897	13.967
1386.089	13.933
1388.884	13.876
1392.350	13.796
1396.480	13.691
1401.153	13.566
1406.128	13.430
1411.089	13.294
1415.732	13.169
1419.842	13.062
1423.324	12.978
1426.195	12.914
1428.535	12.870
1430.454	12.841
1432.065	12.823
1433.471	12.813
1434.770	12.807
1436.056	12.802
1437.426	12.797
1438.992	12.786
1440.892	12.767
1443.289	12.735
1446.371	12.684
1450.330	12.609
1455.309	12.506
1461.322	12.375
1468.186	12.220
1475.504	12.052
1482.751	11.887
1489.438	11.736
1495.252	11.610
1500.093	11.510
1504.029	11.435
1507.213	11.380
1509.814	11.342
1511.986	11.315
1513.846	11.296
1515.482	11.284
1516.954	11.276
1518.301	11.271
1519.548	11.268
1520.712	11.268
1521.803	11.269
1522.827	11.272
1523.789	11.277
1524.690	11.282
1525.534	11.289
1526.323	11.298
1527.059	11.308
1527.744	11.318
1528.381	11.331
1528.973	11.344
1529.523	11.358
1530.033	11.373
1530.507	11.389
1530.947	11.406
1531.357	11.424
1531.738	11.442
1532.094	11.461
1532.427	11.481
1532.739	11.501
1533.033	11.522
1533.310	11.543
1533.572	11.565
1533.822	11.587
1534.059	11.609
1534.287	11.632
1534.506	11.655
1534.717	11.678
1534.921	11.702
1535.120	11.726
1535.313	11.750
1535.503	11.774
1535.689	11.799
1535.873	11.823
1536.055	11.848
1536.236	11.873
1536.416	11.898
1536.595	11.923
1536.776	11.948
1536.957	11.973
1537.139	11.998
1537.324	12.023
1537.512	12.049
1537.704	12.074
1537.900	12.099
1538.101	12.124
1538.308	12.150
1538.523	12.175
1538.746	12.200
1538.980	12.224
1539.225	12.249
1539.484	12.273
1539.760	12.297
1540.054	12.320
1540.371	12.343
1540.714	12.366
1541.087	12.387
1541.496	12.408
1541.947	12.428
1542.446	12.446
1543.000	12.463
1543.620	12.479
1544.312	12.492
1545.088	12.504
1545.955	12.512
1546.924	12.518
1548.001	12.521
1549.192	12.521
1550.498	12.518
1551.918	12.511
1553.443	12.502
1555.058	12.489
1556.746	12.475
1558.480	12.459
1560.234	12.442
1561.977	12.426
1563.681	12.410
1565.321	12.396
1566.875	12.384
1568.330	12.374
1569.675	12.368
1570.908	12.364
1572.032	12.364
1573.051	12.366
1573.974	12.371
1574.810	12.379
1575.571	12.388
1576.266	12.400
1576.906	12.413
1577.500	12.428
1578.056	12.443
1578.582	12.460
1579.082	12.477
1579.564	12.495
1580.031	12.514
1580.486	12.532
1580.933	12.552
1581.374	12.571
1581.810	12.590
1582.241	12.610
1582.670	12.630
1583.096	12.650
1583.519	12.670
1583.940	12.690
1584.357	12.711
1584.770	12.731
1585.178	12.752
1585.582	12.773
1585.979	12.794
1586.369	12.815
1586.752	12.837
1587.127	12.858
1587.493	12.881
1587.850	12.903
1588.197	12.926
1588.535	12.949
1588.862	12.973
1589.179	12.996
1589.485	13.021
1589.782	13.045
1590.069	13.070
1590.347	13.096
1590.615	13.121
1590.876	13.147
1591.128	13.174
1591.374	13.200
1591.614	13.227
1591.848	13.255
1592.078	13.282
1592.305	13.310
1592.530	13.338
1592.754	13.365
1592.979	13.394
1593.206	13.422
1593.436	13.450
1593.672	13.478
1593.914	13.506
1594.166	13.533
1594.428	13.561
1594.703	13.588
1594.994	13.615
1595.303	13.641
1595.633	13.667
1595.986	13.692
1596.365	13.716
1596.774	13.740
1597.215	13.762
1597.692	13.784
1598.209	13.804
1598.768	13.823
1599.374	13.840
1600.031	13.856
1600.744	13.870
1601.518	13.882
1602.360	13.892
1603.280	13.899
1604.288	13.904
1605.402	13.905
1606.641	13.902
1608.030	13.895
1609.600	13.882
1611.386	13.862
1613.425	13.834
1615.748	13.798
1618.376	13.752
1621.305	13.697
1624.501	13.633
1627.892	13.563
1631.372	13.490
1634.814	13.417
1638.095	13.350
1641.110	13.290
1643.790	13.240
1646.105	13.201
1648.059	13.173
1649.680	13.155
1651.011	13.147
1652.099	13.146
1652.989	13.151
1653.724	13.161
1654.340	13.175
1654.866	13.191
1655.328	13.210
1655.746	13.231
1656.137	13.252
1656.516	13.274
1656.896	13.296
1657.288	13.318
1657.704	13.340
1658.155	13.360
1658.653	13.379
1659.209	13.397
1659.836	13.413
1660.546	13.426
1661.353	13.437
1662.268	13.444
1663.301	13.448
1664.460	13.448
1665.748	13.445
1667.162	13.437
1668.693	13.426
1670.322	13.412
1672.024	13.395
1673.769	13.377
1675.521	13.358
1677.244	13.340
1678.905	13.323
1680.476	13.309
1681.938	13.298
1683.276	13.290
1684.487	13.287
1685.573	13.286
1686.539	13.290
1687.397	13.297
1688.160	13.306
1688.842	13.318
1689.455	13.333
1690.013	13.349
1690.529	13.366
1691.014	13.385
1691.478	13.404
1691.930	13.424
1692.380	13.444
1692.834	13.464
1693.300	13.483
1693.784	13.503
1694.292	13.521
1694.831	13.539
1695.405	13.556
1696.019	13.571
1696.678	13.586
1697.384	13.599
1698.141	13.610
1698.951	13.620
1699.816	13.628
1700.736	13.635
1701.712	13.640
1702.744	13.643
1703.834	13.644
1704.982	13.644
1706.196	13.642
1707.484	13.638
1708.860	13.631
1710.349	13.621
1711.983	13.607
1713.805	13.588
1715.870	13.563
1718.244	13.529
1720.992	13.485
1724.177	13.429
1727.832	13.361
1731.947	13.280
1736.452	13.189
1741.207	13.090
1746.022	12.990
1750.692	12.894
1755.033	12.806
1758.921	12.731
1762.296	12.669
1765.159	12.621
1767.552	12.585
1769.540	12.561
1771.192	12.545
1772.576	12.537
1773.749	12.535
1774.759	12.537
1775.645	12.542
1776.435	12.550
1777.154	12.560
1777.820	12.571
1778.446	12.584
1779.043	12.597
1779.620	12.611
1780.184	12.625
1780.741	12.640
1781.295	12.654
1781.851	12.669
1782.411	12.683
1782.979	12.698
1783.556	12.712
1784.146	12.726
1784.748	12.740
1785.365	12.753
1785.997	12.766
1786.645	12.779
1787.309	12.791
1787.988	12.803
1788.682	12.814
1789.390	12.825
1790.111	12.836
1790.844	12.846
1791.587	12.856
1792.339	12.866
1793.097	12.876
1793.859	12.886
1794.625	12.895
1795.392	12.905
1796.158	12.914
1796.922	12.924
1797.682	12.933
1798.437	12.943
1799.185	12.953
1799.927	12.963
1800.661	12.973
1801.386	12.984
1802.102	12.995
1802.809	13.006
1803.507	13.017
1804.196	13.028
1804.876	13.040
1805.548	13.052
1806.212	13.064
1806.870	13.077
1807.523	13.089
1808.172	13.102
1808.820	13.114
1809.469	13.127
1810.122	13.140
1810.783	13.152
1811.456	13.165
1812.148	13.176
1812.864	13.188
1813.613	13.198
1814.403	13.208
1815.245	13.216
1816.150	13.222
1817.131	13.227
1818.202	13.229
1819.377	13.229
1820.668	13.226
1822.088	13.219
1823.643	13.209
1825.338	13.195
1827.166	13.178
1829.118	13.157
1831.170	13.134
1833.294	13.108
1835.453	13.082
1837.607	13.055
1839.715	13.029
1841.740	13.005
1843.650	12.984
1845.424	12.966
1847.047	12.953
1848.515	12.943
1849.831	12.937
