<j>	<F>
1.246	20.230
3.002	11.614
4.179	10.899
5.196	11.156
6.054	12.657
7.215	14.244
8.585	11.436
9.532	12.759
11.137	12.035
12.467	10.583
13.346	11.228
14.237	12.121
15.522	12.358
17.083	11.206
18.031	11.225
18.729	12.104
19.440	13.182
20.367	13.904
21.486	13.900
22.550	13.992
23.598	14.074
24.543	14.400
25.496	14.789
26.692	14.889
28.339	13.899
29.759	13.131
30.782	13.117
31.548	13.591
32.242	14.305
32.951	15.017
33.668	15.788
34.659	16.272
36.382	15.425
38.246	13.966
39.354	13.671
40.058	14.153
40.693	14.825
41.311	15.561
41.954	16.348
42.828	16.894
44.396	16.488
47.021	14.592
49.278	12.927
50.306	12.732
50.847	13.227
51.368	13.878
52.136	14.383
53.392	14.399
54.975	13.902
56.180	13.619
56.831	13.932
57.242	14.605
57.644	15.395
58.184	16.123
59.043	16.540
60.413	16.340
62.128	15.617
63.566	15.095
64.501	15.129
65.151	15.527
65.716	16.077
66.315	16.641
67.037	17.098
67.946	17.346
69.090	17.324
70.581	16.948
72.480	16.152
74.343	15.315
75.630	14.992
76.493	15.141
77.473	15.351
79.355	15.035
82.678	13.725
85.950	12.324
87.839	11.757
88.864	11.722
89.525	11.900
90.007	12.186
90.395	12.540
90.742	12.941
91.088	13.369
91.469	13.806
91.919	14.227
92.476	14.602
93.164	14.901
93.977	15.113
94.877	15.255
95.812	15.364
96.766	15.461
97.775	15.532
98.919	15.526
100.275	15.387
101.845	15.110
103.539	14.755
105.236	14.403
106.832	14.111
108.221	13.924
109.327	13.877
110.148	13.980
110.755	14.210
111.248	14.524
111.742	14.869
112.371	15.171
113.303	15.331
114.711	15.234
116.582	14.858
118.546	14.389
120.167	14.072
121.324	13.985
122.117	14.086
122.670	14.318
123.085	14.638
123.439	15.012
123.804	15.407
124.257	15.780
124.911	16.069
125.927	16.174
127.442	16.000
129.326	15.585
131.114	15.176
132.486	14.978
133.537	14.971
134.555	15.027
135.900	14.984
138.002	14.662
141.060	13.964
144.396	13.129
146.953	12.555
148.521	12.336
149.469	12.347
150.136	12.469
150.717	12.634
151.315	12.805
151.990	12.960
152.768	13.084
153.647	13.174
154.591	13.237
155.543	13.290
156.447	13.354
157.284	13.440
158.082	13.546
158.909	13.651
159.864	13.726
161.045	13.734
162.496	13.652
164.133	13.496
165.741	13.329
167.100	13.224
168.120	13.221
168.843	13.314
169.359	13.481
169.750	13.699
170.076	13.948
170.380	14.216
170.692	14.492
171.039	14.767
171.447	15.030
171.947	15.268
172.587	15.462
173.465	15.580
174.788	15.554
176.933	15.266
180.220	14.614
184.168	13.743
187.537	13.035
189.773	12.668
191.169	12.552
192.106	12.572
192.798	12.662
193.351	12.793
193.817	12.950
194.232	13.126
194.621	13.315
195.003	13.510
195.390	13.710
195.788	13.911
196.201	14.113
196.628	14.314
197.074	14.515
197.552	14.712
198.096	14.896
198.783	15.046
199.758	15.122
201.234	15.056
203.389	14.790
206.070	14.352
208.703	13.904
210.798	13.601
212.340	13.459
213.572	13.418
214.717	13.412
215.892	13.404
217.124	13.382
218.371	13.351
219.557	13.328
220.618	13.331
221.525	13.368
222.295	13.441
222.978	13.539
223.648	13.648
224.406	13.746
225.384	13.803
226.751	13.781
228.651	13.641
231.055	13.382
233.631	13.067
235.903	12.801
237.598	12.649
238.750	12.614
239.533	12.662
240.109	12.760
240.586	12.885
241.033	13.021
241.490	13.160
241.989	13.294
242.555	13.417
243.215	13.524
243.992	13.607
244.904	13.662
245.955	13.686
247.132	13.681
248.398	13.654
249.704	13.615
251.005	13.575
252.275	13.541
253.513	13.514
254.734	13.493
255.964	13.472
257.225	13.447
258.530	13.414
259.878	13.372
261.247	13.324
262.596	13.278
263.871	13.242
265.018	13.228
266.001	13.243
266.810	13.292
267.460	13.372
267.979	13.481
268.400	13.613
268.757	13.761
269.077	13.922
269.388	14.089
269.711	14.258
270.070	14.424
270.491	14.581
271.005	14.722
271.660	14.835
272.519	14.907
273.673	14.918
275.219	14.844
277.210	14.673
279.545	14.421
281.943	14.146
284.081	13.918
285.806	13.774
287.167	13.710
288.324	13.695
289.435	13.697
290.618	13.692
291.926	13.665
293.353	13.614
294.840	13.550
296.313	13.484
297.720	13.430
299.043	13.390
300.296	13.365
301.495	13.349
302.647	13.341
303.734	13.343
304.731	13.358
305.613	13.391
306.368	13.445
307.000	13.521
307.527	13.618
307.974	13.730
308.367	13.856
308.731	13.989
309.086	14.128
309.451	14.268
309.841	14.405
310.268	14.538
310.739	14.665
311.258	14.783
311.822	14.893
312.422	14.996
313.042	15.094
313.663	15.191
314.264	15.293
314.829	15.401
315.349	15.521
315.823	15.652
316.255	15.795
316.661	15.946
317.066	16.103
317.522	16.254
318.138	16.379
319.182	16.428
321.251	16.286
325.278	15.771
331.368	14.846
337.298	13.920
341.041	13.390
342.942	13.209
343.993	13.196
344.802	13.239
345.667	13.285
346.769	13.305
348.254	13.276
350.232	13.180
352.714	13.015
355.536	12.799
358.379	12.573
360.917	12.382
362.978	12.250
364.561	12.180
365.763	12.159
366.698	12.175
367.461	12.213
368.120	12.267
368.722	12.330
369.303	12.396
369.892	12.464
370.512	12.529
371.186	12.589
371.934	12.641
372.773	12.682
373.709	12.712
374.743	12.729
375.858	12.735
377.023	12.733
378.196	12.728
379.333	12.725
380.392	12.731
381.350	12.748
382.196	12.778
382.935	12.822
383.581	12.879
384.155	12.945
384.678	13.020
385.171	13.100
385.655	13.183
386.148	13.266
386.667	13.347
387.227	13.424
387.844	13.495
388.531	13.557
389.296	13.609
390.144	13.649
391.077	13.678
392.087	13.696
393.162	13.704
394.289	13.705
395.452	13.700
396.645	13.691
397.868	13.678
399.133	13.660
400.462	13.636
401.880	13.601
403.416	13.552
405.089	13.487
406.902	13.405
408.833	13.308
410.833	13.203
412.836	13.096
414.771	12.998
416.583	12.913
418.243	12.847
419.746	12.800
421.112	12.769
422.368	12.752
423.547	12.745
424.677	12.744
425.779	12.748
426.864	12.753
427.936	12.759
428.990	12.767
430.016	12.778
431.001	12.792
431.935	12.812
432.811	12.838
433.630	12.870
434.399	12.909
435.128	12.952
435.835	12.998
436.540	13.046
437.263	13.093
438.025	13.136
438.843	13.174
439.730	13.204
440.689	13.226
441.713	13.240
442.783	13.247
443.869	13.252
444.935	13.257
445.949	13.267
446.886	13.285
447.733	13.312
448.489	13.351
449.167	13.399
449.786	13.455
450.373	13.516
450.960	13.579
451.586	13.639
452.291	13.692
453.127	13.732
454.142	13.752
455.381	13.747
456.862	13.713
458.562	13.652
460.399	13.572
462.251	13.487
463.986	13.412
465.509	13.358
466.781	13.333
467.815	13.334
468.656	13.358
469.356	13.400
469.968	13.454
470.539	13.514
471.105	13.577
471.702	13.637
472.362	13.692
473.114	13.738
473.989	13.771
475.018	13.787
476.231	13.783
477.657	13.756
479.317	13.704
481.218	13.626
483.341	13.524
485.628	13.404
487.983	13.276
490.282	13.152
492.409	13.044
494.284	12.962
495.878	12.907
497.210	12.880
498.329	12.875
499.293	12.887
500.163	12.910
500.989	12.938
501.814	12.968
502.671	12.997
503.584	13.020
504.573	13.036
505.650	13.045
506.824	13.044
508.097	13.034
509.470	13.014
510.936	12.985
512.481	12.949
514.081	12.907
515.703	12.862
517.305	12.818
518.844	12.779
520.278	12.748
521.580	12.729
522.735	12.722
523.743	12.729
524.616	12.748
525.370	12.779
526.029	12.819
526.614	12.866
527.146	12.919
527.643	12.976
528.122	13.035
528.599	13.096
529.087	13.157
529.599	13.216
530.150	13.272
530.754	13.324
531.428	13.369
532.191	13.408
533.058	13.436
534.048	13.453
535.172	13.458
536.432	13.449
537.817	13.427
539.299	13.395
540.834	13.357
542.371	13.317
543.862	13.281
545.268	13.252
546.567	13.232
547.758	13.223
548.850	13.223
549.868	13.231
550.840	13.244
551.794	13.260
552.761	13.275
553.765	13.288
554.824	13.296
555.947	13.298
557.130	13.294
558.356	13.286
559.593	13.276
560.805	13.266
561.950	13.262
562.998	13.265
563.925	13.279
564.724	13.304
565.398	13.341
565.960	13.388
566.426	13.446
566.814	13.511
567.145	13.583
567.435	13.659
567.702	13.739
567.960	13.822
568.227	13.904
568.519	13.986
568.856	14.065
569.260	14.138
569.761	14.203
570.390	14.256
571.182	14.294
572.170	14.313
573.373	14.310
574.784	14.285
576.360	14.241
578.023	14.187
579.670	14.131
581.204	14.084
582.558	14.054
583.705	14.044
584.654	14.053
585.437	14.080
586.096	14.121
586.672	14.171
587.205	14.226
587.731	14.284
588.282	14.341
588.891	14.393
589.592	14.437
590.418	14.470
591.403	14.487
592.574	14.486
593.945	14.465
595.509	14.424
597.227	14.367
599.040	14.299
600.873	14.228
602.659	14.161
604.357	14.102
605.956	14.053
607.472	14.013
608.941	13.979
610.401	13.947
611.892	13.914
613.441	13.877
615.068	13.833
616.777	13.783
618.555	13.726
620.380	13.666
622.217	13.604
624.024	13.544
625.758	13.490
627.381	13.445
628.866	13.411
630.198	13.389
631.376	13.380
632.415	13.384
633.337	13.397
634.175	13.418
634.971	13.444
635.770	13.471
636.628	13.495
637.609	13.511
638.784	13.513
640.224	13.496
641.991	13.453
644.110	13.383
646.544	13.287
649.182	13.174
651.855	13.056
654.381	12.946
656.623	12.857
658.518	12.794
660.068	12.756
661.313	12.741
662.312	12.745
663.119	12.764
663.780	12.794
664.329	12.833
664.793	12.879
665.190	12.930
665.533	12.986
665.833	13.046
666.099	13.109
666.334	13.174
666.546	13.243
666.738	13.313
666.913	13.385
667.075	13.460
667.226	13.535
667.369	13.613
667.505	13.691
667.638	13.771
667.768	13.851
667.899	13.933
668.031	14.015
668.168	14.098
668.311	14.181
668.464	14.264
668.628	14.347
668.808	14.430
669.007	14.512
669.230	14.592
669.481	14.671
669.766	14.747
670.089	14.820
670.458	14.890
670.878	14.956
671.354	15.017
671.891	15.072
672.490	15.122
673.152	15.165
673.874	15.203
674.651	15.235
675.473	15.262
676.331	15.286
677.215	15.306
678.116	15.325
679.027	15.343
679.948	15.359
680.881	15.375
681.834	15.389
682.821	15.400
683.859	15.406
684.971	15.406
686.186	15.397
687.535	15.375
689.049	15.338
690.752	15.284
692.647	15.212
694.711	15.123
696.882	15.024
699.068	14.923
701.170	14.828
703.104	14.748
704.829	14.687
706.349	14.645
707.710	14.619
708.998	14.602
710.335	14.585
711.893	14.554
713.904	14.493
716.658	14.379
720.424	14.192
725.262	13.926
730.816	13.607
736.341	13.287
741.112	13.021
744.808	12.831
747.513	12.713
749.495	12.648
751.024	12.617
752.303	12.604
753.465	12.602
754.591	12.602
755.728	12.603
756.897	12.602
758.099	12.599
759.323	12.595
760.550	12.589
761.753	12.585
762.906	12.583
763.984	12.585
764.971	12.592
765.856	12.604
766.637	12.624
767.317	12.649
767.905	12.680
768.410	12.716
768.846	12.757
769.225	12.802
769.557	12.851
769.853	12.902
770.122	12.955
770.371	13.010
770.608	13.066
770.836	13.124
771.062	13.182
771.289	13.240
771.521	13.299
771.761	13.358
772.013	13.416
772.281	13.474
772.567	13.531
772.876	13.587
773.213	13.641
773.583	13.694
773.995	13.744
774.455	13.792
774.976	13.835
775.568	13.874
776.247	13.907
777.027	13.933
777.924	13.952
778.951	13.961
780.115	13.960
781.414	13.950
782.836	13.931
784.350	13.904
785.917	13.872
787.484	13.840
789.001	13.810
790.427	13.786
791.731	13.770
792.898	13.763
793.927	13.766
794.829	13.778
795.618	13.798
796.314	13.824
796.933	13.857
797.492	13.894
798.006	13.935
798.485	13.979
798.938	14.024
799.373	14.072
799.793	14.121
800.204	14.170
800.607	14.221
801.006	14.272
801.401	14.324
801.795	14.377
802.191	14.429
802.592	14.482
803.002	14.534
803.430	14.585
803.883	14.635
804.376	14.683
804.927	14.727
805.561	14.765
806.312	14.795
807.223	14.814
808.352	14.817
809.769	14.800
811.551	14.756
813.772	14.682
816.477	14.572
819.658	14.430
823.222	14.261
827.002	14.077
830.786	13.895
834.384	13.726
837.664	13.581
840.567	13.461
843.090	13.368
845.264	13.298
847.135	13.247
848.748	13.214
850.147	13.194
851.367	13.185
852.441	13.185
853.393	13.193
854.245	13.207
855.014	13.227
855.714	13.250
856.359	13.278
856.957	13.308
857.517	13.341
858.048	13.376
858.556	13.412
859.046	13.450
859.524	13.489
859.996	13.528
860.465	13.568
860.938	13.608
861.420	13.647
861.919	13.686
862.443	13.724
863.003	13.760
863.612	13.793
864.291	13.822
865.060	13.846
865.951	13.863
866.995	13.871
868.229	13.868
869.690	13.851
871.400	13.819
873.359	13.771
875.540	13.709
877.871	13.637
880.251	13.561
882.565	13.487
884.713	13.423
886.622	13.372
888.260	13.337
889.631	13.317
890.760	13.313
891.684	13.320
892.441	13.338
893.069	13.365
893.597	13.397
894.053	13.434
894.458	13.475
894.831	13.518
895.187	13.563
895.546	13.608
895.924	13.653
896.342	13.696
896.827	13.736
897.410	13.770
898.131	13.797
899.037	13.814
900.181	13.818
901.615	13.805
903.383	13.772
905.503	13.719
907.948	13.647
910.643	13.559
913.474	13.462
916.310	13.365
919.045	13.273
921.619	13.190
924.019	13.119
926.273	13.057
928.424	13.002
930.509	12.952
932.553	12.904
934.559	12.859
936.513	12.817
938.388	12.778
940.155	12.744
941.790	12.717
943.279	12.697
944.616	12.685
945.809	12.680
946.871	12.681
947.820	12.689
948.674	12.701
949.452	12.717
950.172	12.737
950.849	12.759
951.497	12.782
952.127	12.807
952.754	12.832
953.387	12.858
954.039	12.882
954.724	12.905
955.456	12.926
956.252	12.945
957.130	12.959
958.110	12.969
959.213	12.973
960.459	12.970
961.863	12.959
963.437	12.940
965.182	12.913
967.090	12.877
969.138	12.835
971.299	12.787
973.534	12.736
975.806	12.682
978.085	12.629
980.346	12.576
982.573	12.526
984.757	12.478
986.891	12.432
988.969	12.390
990.982	12.350
992.917	12.314
994.761	12.282
996.499	12.255
998.117	12.233
999.609	12.216
1000.969	12.205
1002.199	12.200
1003.308	12.200
1004.303	12.204
1005.196	12.214
1006.001	12.227
1006.729	12.244
1007.394	12.264
1008.008	12.286
1008.577	12.310
1009.114	12.336
1009.623	12.363
1010.110	12.391
1010.581	12.421
1011.039	12.450
1011.486	12.481
1011.925	12.512
1012.357	12.543
1012.782	12.575
1013.200	12.608
1013.611	12.640
1014.015	12.674
1014.412	12.707
1014.799	12.741
1015.179	12.776
1015.548	12.811
1015.908	12.847
1016.258	12.884
1016.598	12.921
1016.928	12.959
1017.251	12.997
1017.566	13.036
1017.877	13.075
1018.185	13.115
1018.493	13.155
1018.806	13.195
1019.128	13.235
1019.465	13.274
1019.824	13.313
1020.212	13.350
1020.640	13.386
1021.117	13.419
1021.656	13.450
1022.269	13.477
1022.969	13.500
1023.766	13.519
1024.671	13.532
1025.685	13.539
1026.808	13.541
1028.027	13.537
1029.321	13.529
1030.661	13.519
1032.014	13.507
1033.340	13.495
1034.605	13.487
1035.781	13.482
1036.848	13.483
1037.797	13.489
1038.626	13.502
1039.342	13.521
1039.957	13.544
1040.483	13.573
1040.939	13.606
1041.336	13.642
1041.695	13.680
1042.029	13.721
1042.355	13.762
1042.696	13.803
1043.075	13.842
1043.527	13.879
1044.099	13.910
1044.858	13.933
1045.899	13.943
1047.354	13.933
1049.382	13.896
1052.155	13.824
1055.795	13.709
1060.280	13.553
1065.361	13.367
1070.589	13.172
1075.457	12.992
1079.609	12.846
1082.913	12.738
1085.438	12.668
1087.335	12.628
1088.775	12.609
1089.895	12.606
1090.800	12.613
1091.564	12.627
1092.234	12.646
1092.845	12.667
1093.419	12.690
1093.975	12.715
1094.527	12.740
1095.089	12.765
1095.676	12.789
1096.303	12.811
1096.986	12.832
1097.746	12.849
1098.603	12.863
1099.580	12.872
1100.699	12.875
1101.984	12.871
1103.450	12.860
1105.110	12.841
1106.962	12.813
1108.991	12.778
1111.169	12.736
1113.453	12.690
1115.792	12.641
1118.137	12.591
1120.444	12.544
1122.681	12.499
1124.831	12.457
1126.892	12.420
1128.871	12.387
1130.781	12.356
1132.637	12.328
1134.452	12.302
1136.234	12.278
1137.989	12.254
1139.711	12.232
1141.396	12.212
1143.031	12.193
1144.605	12.176
1146.105	12.162
1147.520	12.151
1148.842	12.144
1150.065	12.140
1151.187	12.139
1152.208	12.143
1153.132	12.150
1153.963	12.160
1154.708	12.174
1155.373	12.191
1155.967	12.210
1156.497	12.232
1156.970	12.257
1157.394	12.283
1157.773	12.311
1158.116	12.341
1158.428	12.372
1158.713	12.404
1158.976	12.438
1159.223	12.472
1159.457	12.507
1159.682	12.542
1159.904	12.578
1160.125	12.614
1160.351	12.650
1160.586	12.687
1160.835	12.722
1161.104	12.757
1161.399	12.792
1161.726	12.825
1162.093	12.857
1162.508	12.887
1162.980	12.915
1163.517	12.941
1164.127	12.964
1164.820	12.983
1165.600	12.999
1166.474	13.011
1167.441	13.020
1168.497	13.024
1169.635	13.025
1170.841	13.023
1172.099	13.018
1173.389	13.012
1174.692	13.005
1175.990	12.998
1177.271	12.991
1178.528	12.986
1179.764	12.981
1180.989	12.977
1182.221	12.973
1183.486	12.969
1184.812	12.962
1186.231	12.952
1187.772	12.937
1189.457	12.917
1191.297	12.891
1193.284	12.859
1195.391	12.822
1197.571	12.782
1199.764	12.741
1201.902	12.701
1203.923	12.665
1205.778	12.635
1207.438	12.613
1208.892	12.598
1210.147	12.591
1211.222	12.591
1212.141	12.597
1212.934	12.609
1213.628	12.624
1214.248	12.643
1214.817	12.664
1215.355	12.687
1215.878	12.710
1216.399	12.734
1216.931	12.757
1217.482	12.780
1218.058	12.802
1218.666	12.823
1219.309	12.842
1219.989	12.860
1220.705	12.877
1221.457	12.893
1222.239	12.907
1223.048	12.920
1223.876	12.932
1224.716	12.944
1225.558	12.955
1226.393	12.966
1227.213	12.978
1228.009	12.991
1228.775	13.005
1229.505	13.020
1230.193	13.037
1230.839	13.056
1231.441	13.076
1231.999	13.099
1232.515	13.122
1232.991	13.148
1233.429	13.175
1233.834	13.204
1234.209	13.234
1234.557	13.266
1234.883	13.298
1235.189	13.332
1235.479	13.366
1235.756	13.401
1236.024	13.437
1236.285	13.473
1236.542	13.509
1236.798	13.546
1237.056	13.583
1237.319	13.620
1237.591	13.656
1237.876	13.693
1238.178	13.728
1238.505	13.763
1238.865	13.797
1239.268	13.829
1239.729	13.859
1240.268	13.886
1240.910	13.909
1241.691	13.926
1242.654	13.936
1243.855	13.936
1245.355	13.924
1247.222	13.896
1249.512	13.850
1252.249	13.786
1255.404	13.703
1258.882	13.607
1262.514	13.502
1266.100	13.399
1269.444	13.305
1272.410	13.226
1274.928	13.166
1276.998	13.123
1278.664	13.097
1279.987	13.085
1281.037	13.085
1281.872	13.094
1282.545	13.110
1283.093	13.130
1283.547	13.155
1283.930	13.183
1284.258	13.214
1284.542	13.246
1284.793	13.280
1285.017	13.315
1285.220	13.352
1285.406	13.389
1285.578	13.427
1285.739	13.466
1285.892	13.505
1286.038	13.545
1286.181	13.585
1286.321	13.625
1286.462	13.666
1286.604	13.707
1286.751	13.747
1286.905	13.788
1287.069	13.829
1287.247	13.869
1287.441	13.909
1287.658	13.948
1287.902	13.986
1288.181	14.023
1288.503	14.058
1288.876	14.092
1289.314	14.122
1289.829	14.150
1290.439	14.174
1291.160	14.193
1292.015	14.206
1293.025	14.213
1294.212	14.212
1295.598	14.202
1297.202	14.183
1299.030	14.155
1301.084	14.116
1303.350	14.068
1305.799	14.012
1308.385	13.951
1311.058	13.885
1313.754	13.819
1316.417	13.754
1318.989	13.693
1321.431	13.637
1323.709	13.588
1325.807	13.546
1327.716	13.512
1329.437	13.486
1330.980	13.467
1332.359	13.455
1333.591	13.449
1334.696	13.448
1335.691	13.452
1336.596	13.459
1337.429	13.469
1338.205	13.482
1338.940	13.497
1339.649	13.513
1340.341	13.529
1341.027	13.546
1341.719	13.563
1342.421	13.580
1343.143	13.596
1343.886	13.611
1344.657	13.625
1345.455	13.638
1346.283	13.650
1347.138	13.661
1348.019	13.670
1348.923	13.679
1349.846	13.687
1350.786	13.694
1351.742	13.701
1352.714	13.707
1353.704	13.712
1354.721	13.717
1355.775	13.720
1356.883	13.721
1358.066	13.719
1359.351	13.714
1360.763	13.704
1362.333	13.689
1364.082	13.666
1366.027	13.636
1368.162	13.599
1370.468	13.555
1372.897	13.506
1375.389	13.455
1377.868	13.403
1380.261	13.354
1382.514	13.311
1384.591	13.273
1386.483	13.243
1388.204	13.220
1389.789	13.202
1391.285	13.188
1392.749	13.176
1394.241	13.163
1395.825	13.149
1397.559	13.129
1399.495	13.104
1401.676	13.070
1404.115	13.028
1406.802	12.977
1409.690	12.919
1412.702	12.857
1415.733	12.794
1418.672	12.733
1421.427	12.677
1423.920	12.630
1426.118	12.593
1428.007	12.565
1429.608	12.548
1430.946	12.538
1432.061	12.537
1432.990	12.542
1433.767	12.551
1434.425	12.565
1434.985	12.583
1435.473	12.603
1435.900	12.625
1436.283	12.648
1436.629	12.673
1436.948	12.700
1437.245	12.726
1437.525	12.754
1437.791	12.782
1438.047	12.811
1438.294	12.840
1438.535	12.869
1438.771	12.899
1439.003	12.929
1439.233	12.959
1439.459	12.989
1439.684	13.020
1439.909	13.051
1440.132	13.082
1440.356	13.112
1440.580	13.144
1440.804	13.175
1441.031	13.206
1441.259	13.237
1441.490	13.269
1441.724	13.300
1441.964	13.331
1442.211	13.363
1442.467	13.394
1442.736	13.424
1443.021	13.455
1443.329	13.484
1443.668	13.513
1444.048	13.541
1444.484	13.566
1444.997	13.590
1445.612	13.610
1446.370	13.625
1447.314	13.634
1448.510	13.635
1450.032	13.625
1451.963	13.601
1454.389	13.560
1457.371	13.500
1460.924	13.420
1464.975	13.323
1469.376	13.213
1473.885	13.099
1478.242	12.990
1482.235	12.892
1485.714	12.811
1488.643	12.748
1491.043	12.703
1492.987	12.673
1494.562	12.656
1495.849	12.649
1496.924	12.649
1497.842	12.654
1498.651	12.663
1499.387	12.675
1500.075	12.688
1500.739	12.703
1501.393	12.717
1502.054	12.732
1502.730	12.747
1503.433	12.761
1504.170	12.774
1504.947	12.785
1505.771	12.796
1506.646	12.804
1507.573	12.811
1508.552	12.817
1509.580	12.821
1510.654	12.823
1511.765	12.824
1512.905	12.824
1514.060	12.824
1515.220	12.823
1516.368	12.823
1517.495	12.823
1518.586	12.823
1519.629	12.826
1520.621	12.830
1521.549	12.835
1522.416	12.843
1523.216	12.852
1523.953	12.864
1524.629	12.878
1525.248	12.893
1525.818	12.910
1526.343	12.929
1526.833	12.949
1527.294	12.970
1527.736	12.991
1528.169	13.014
1528.604	13.036
1529.054	13.058
1529.535	13.079
1530.063	13.099
1530.662	13.117
1531.357	13.132
1532.180	13.144
1533.168	13.151
1534.363	13.151
1535.810	13.144
1537.554	13.128
1539.632	13.101
1542.060	13.064
1544.829	13.016
1547.889	12.959
1551.151	12.895
1554.496	12.827
1557.787	12.761
1560.900	12.700
1563.735	12.646
1566.235	12.603
1568.382	12.570
1570.190	12.547
1571.689	12.534
1572.927	12.529
1573.944	12.530
1574.784	12.537
1575.483	12.548
1576.068	12.563
1576.567	12.581
1576.996	12.601
1577.372	12.622
1577.703	12.645
1577.999	12.670
1578.268	12.695
1578.511	12.721
1578.735	12.748
1578.943	12.775
1579.135	12.803
1579.314	12.831
1579.482	12.860
1579.640	12.889
1579.789	12.919
1579.930	12.949
1580.062	12.980
1580.189	13.010
1580.309	13.041
1580.423	13.073
1580.533	13.105
1580.638	13.136
1580.740	13.169
1580.838	13.201
1580.932	13.234
1581.025	13.267
1581.115	13.300
1581.203	13.333
1581.289	13.367
1581.375	13.401
1581.460	13.435
1581.546	13.469
1581.632	13.503
1581.720	13.537
1581.811	13.571
1581.905	13.606
1582.004	13.640
1582.110	13.675
1582.225	13.709
1582.354	13.743
1582.500	13.776
1582.669	13.809
1582.871	13.841
1583.119	13.872
1583.427	13.901
1583.821	13.927
1584.332	13.950
1585.004	13.968
1585.896	13.979
1587.083	13.980
1588.659	13.969
1590.726	13.941
1593.388	13.895
1596.712	13.826
1600.698	13.736
1605.242	13.626
1610.118	13.505
1615.026	13.382
1619.663	13.267
1623.801	13.168
1627.325	13.089
1630.226	13.029
1632.570	12.988
1634.457	12.961
1635.987	12.946
1637.252	12.940
1638.323	12.940
1639.257	12.944
1640.092	12.952
1640.861	12.962
1641.580	12.974
1642.266	12.987
1642.931	13.000
1643.580	13.014
1644.219	13.029
1644.851	13.044
1645.481	13.058
1646.109	13.073
1646.737	13.088
1647.366	13.103
1647.997	13.118
1648.627	13.133
1649.258	13.148
1649.886	13.163
1650.514	13.178
1651.136	13.193
1651.753	13.209
1652.360	13.224
1652.960	13.240
1653.546	13.257
1654.118	13.273
1654.677	13.291
1655.216	13.308
1655.740	13.327
1656.246	13.346
1656.732	13.365
1657.202	13.385
1657.654	13.406
1658.088	13.427
1658.510	13.449
1658.917	13.471
1659.315	13.494
1659.704	13.517
1660.088	13.540
1660.472	13.563
1660.859	13.587
1661.253	13.610
1661.661	13.633
1662.089	13.655
1662.543	13.677
1663.033	13.698
1663.568	13.717
1664.161	13.735
1664.825	13.751
1665.578	13.763
1666.440	13.773
1667.430	13.779
1668.580	13.779
1669.915	13.774
1671.464	13.763
1673.259	13.743
1675.318	13.716
1677.657	13.680
1680.268	13.635
1683.122	13.582
1686.166	13.524
1689.319	13.462
1692.491	13.399
1695.586	13.338
1698.517	13.282
1701.222	13.232
1703.659	13.191
1705.817	13.158
1707.701	13.133
1709.335	13.116
1710.748	13.106
1711.973	13.101
1713.043	13.101
1713.988	13.106
1714.834	13.113
1715.606	13.123
1716.320	13.134
1716.995	13.147
1717.646	13.160
1718.278	13.175
1718.905	13.189
1719.533	13.204
1720.166	13.218
1720.811	13.232
1721.471	13.246
1722.147	13.259
1722.845	13.272
1723.560	13.284
1724.298	13.296
1725.056	13.307
1725.834	13.317
1726.630	13.327
1727.442	13.337
1728.267	13.346
1729.102	13.354
1729.943	13.363
1730.786	13.371
1731.628	13.379
1732.462	13.388
1733.286	13.396
1734.094	13.406
1734.883	13.415
1735.650	13.426
1736.390	13.437
1737.103	13.449
1737.786	13.461
1738.439	13.475
1739.059	13.490
1739.647	13.505
1740.207	13.522
1740.736	13.540
1741.236	13.558
1741.714	13.577
1742.167	13.597
1742.600	13.618
1743.017	13.639
1743.421	13.661
1743.815	13.683
1744.204	13.706
1744.592	13.728
1744.983	13.751
1745.382	13.773
1745.794	13.795
1746.225	13.817
1746.680	13.838
1747.165	13.858
1747.686	13.877
1748.249	13.895
1748.862	13.912
1749.530	13.926
1750.260	13.939
1751.062	13.950
1751.942	13.958
1752.904	13.964
1753.961	13.967
1755.119	13.966
1756.386	13.962
1757.780	13.955
1759.309	13.943
1760.993	13.927
1762.852	13.905
1764.911	13.877
1767.195	13.843
1769.727	13.802
1772.523	13.753
1775.587	13.697
1778.898	13.633
1782.412	13.563
1786.054	13.490
1789.730	13.416
1793.335	13.343
1796.766	13.276
1799.945	13.216
1802.818	13.164
1805.359	13.122
1807.572	13.089
1809.475	13.066
1811.101	13.050
1812.487	13.041
1813.670	13.037
1814.682	13.039
1815.554	13.045
1816.311	13.054
1816.974	13.066
1817.561	13.080
1818.083	13.095
1818.553	13.113
1818.980	13.131
1819.370	13.151
1819.729	13.172
1820.062	13.194
1820.373	13.216
1820.664	13.239
1820.939	13.262
1821.198	13.286
1821.445	13.310
1821.681	13.335
1821.908	13.360
1822.126	13.386
1822.338	13.411
1822.543	13.437
1822.745	13.464
1822.944	13.490
1823.141	13.516
1823.338	13.543
1823.538	13.570
1823.741	13.596
1823.952	13.623
1824.173	13.649
1824.407	13.675
1824.661	13.701
1824.939	13.726
1825.249	13.750
1825.600	13.774
1826.004	13.796
1826.474	13.816
1827.028	13.833
1827.686	13.848
1828.473	13.860
1829.419	13.866
1830.553	13.868
1831.909	13.863
1833.519	13.851
1835.407	13.830
1837.585	13.801
1840.046	13.764
1842.759	13.719
1845.662	13.669
1848.676	13.615
1851.702	13.560
1854.643	13.507
1857.412	13.458
1859.949	13.416
1862.219	13.382
1864.211	13.355
1865.938	13.336
1867.425	13.324
1868.705	13.318
1869.810	13.317
1870.776	13.320
1871.635	13.327
1872.414	13.336
1873.138	13.346
1873.830	13.358
1874.509	13.370
1875.195	13.382
1875.904	13.394
1876.653	13.404
1877.460	13.414
1878.337	13.421
1879.301	13.426
1880.364	13.429
1881.539	13.429
1882.833	13.425
1884.252	13.418
1885.792	13.408
1887.448	13.394
1889.207	13.378
1891.045	13.359
1892.935	13.339
1894.852	13.317
1896.762	13.296
1898.629	13.276
1900.434	13.257
1902.157	13.240
1903.775	13.226
1905.289	13.215
1906.695	13.207
1907.996	13.201
1909.203	13.198
1910.326	13.198
1911.378	13.199
1912.373	13.202
1913.325	13.206
1914.248	13.211
1915.155	13.217
1916.059	13.223
1916.972	13.229
1917.905	13.234
1918.869	13.239
1919.872	13.242
1920.924	13.245
1922.030	13.246
1923.195	13.245
1924.421	13.243
1925.710	13.239
1927.057	13.234
1928.459	13.227
1929.905	13.219
1931.385	13.211
1932.885	13.201
1934.391	13.191
1935.887	13.182
1937.356	13.172
1938.786	13.164
1940.164	13.157
1941.482	13.152
1942.731	13.148
1943.908	13.146
1945.012	13.146
1946.044	13.148
1947.006	13.152
1947.903	13.157
1948.741	13.164
1949.526	13.172
1950.262	13.182
1950.957	13.192
1951.615	13.204
1952.243	13.217
1952.846	13.230
1953.427	13.244
1953.989	13.258
1954.538	13.273
1955.074	13.288
1955.601	13.303
1956.120	13.319
1956.633	13.335
1957.141	13.351
1957.644	13.367
1958.144	13.384
1958.641	13.400
1959.135	13.417
1959.628	13.433
1960.120	13.450
1960.611	13.467
1961.105	13.483
1961.603	13.500
1962.107	13.516
1962.622	13.533
1963.155	13.549
1963.714	13.564
1964.311	13.578
1964.963	13.592
1965.692	13.603
1966.531	13.612
1967.525	13.617
1968.732	13.617
1970.230	13.610
1972.121	13.593
1974.523	13.564
1977.567	13.519
1981.380	13.456
1986.030	13.372
1991.501	13.268
1997.645	13.147
2004.175	13.017
2010.704	12.886
2016.878	12.764
2022.413	12.657
2027.170	12.569
2031.147	12.500
2034.421	12.448
2037.103	12.410
2039.323	12.384
2041.191	12.366
2042.786	12.354
2044.181	12.348
2045.430	12.344
2046.559	12.344
2047.594	12.346
2048.557	12.349
2049.454	12.354
2050.293	12.360
2051.084	12.367
2051.829	12.375
2052.529	12.385
2053.193	12.395
2053.818	12.405
2054.409	12.417
2054.970	12.429
2055.500	12.442
2056.003	12.456
2056.482	12.470
2056.936	12.485
2057.371	12.500
2057.786	12.516
2058.184	12.532
2058.566	12.549
2058.934	12.566
2059.289	12.583
2059.633	12.600
2059.967	12.618
2060.292	12.636
2060.610	12.654
2060.920	12.673
2061.226	12.691
2061.527	12.710
2061.824	12.729
2062.120	12.748
2062.414	12.767
2062.709	12.786
2063.005	12.805
2063.304	12.825
2063.607	12.844
2063.916	12.863
2064.230	12.882
2064.555	12.900
2064.889	12.919
2065.236	12.937
2065.597	12.956
2065.975	12.973
2066.373	12.991
2066.792	13.008
2067.237	13.024
2067.709	13.040
2068.214	13.055
2068.755	13.069
2069.334	13.082
2069.958	13.095
2070.631	13.106
2071.357	13.116
2072.142	13.125
2072.991	13.132
2073.908	13.138
2074.899	13.142
2075.966	13.144
2077.113	13.144
2078.344	13.142
2079.654	13.139
2081.046	13.133
2082.511	13.126
2084.045	13.117
2085.640	13.106
2087.278	13.094
2088.953	13.082
2090.642	13.069
2092.333	13.056
2094.007	13.043
2095.652	13.030
2097.250	13.019
2098.793	13.009
2100.271	13.000
2101.678	12.993
2103.011	12.988
2104.271	12.985
2105.457	12.983
2106.574	12.983
2107.626	12.984
2108.620	12.987
2109.560	12.991
2110.455	12.996
2111.308	13.002
2112.129	13.009
2112.920	13.016
2113.689	13.024
2114.438	13.033
2115.173	13.042
2115.895	13.051
2116.609	13.061
2117.316	13.071
2118.018	13.081
2118.717	13.090
2119.415	13.101
2120.112	13.111
2120.811	13.121
2121.516	13.131
2122.227	13.140
2122.954	13.150
2123.701	13.159
2124.482	13.167
2125.307	13.175
2126.199	13.181
2127.182	13.185
2128.289	13.187
2129.563	13.185
2131.052	13.179
2132.815	13.167
2134.917	13.147
2137.418	13.119
2140.369	13.081
2143.794	13.032
2147.672	12.974
2151.927	12.907
2156.426	12.834
2161.001	12.759
2165.452	12.686
2169.599	12.620
2173.314	12.562
2176.533	12.515
2179.232	12.479
2181.434	12.454
2183.198	12.438
2184.595	12.431
2185.684	12.430
2186.527	12.434
2187.181	12.443
2187.690	12.455
2188.084	12.469
2188.394	12.486
2188.642	12.504
2188.842	12.523
2189.005	12.542
2189.146	12.563
2189.268	12.584
2189.377	12.605
2189.480	12.627
2189.579	12.649
2189.677	12.671
2189.781	12.692
2189.890	12.714
2190.010	12.736
2190.147	12.757
2190.304	12.779
2190.492	12.799
2190.715	12.819
2190.989	12.838
2191.324	12.856
2191.742	12.872
2192.263	12.886
2192.917	12.898
2193.735	12.906
2194.760	12.911
2196.033	12.910
2197.606	12.903
2199.523	12.889
2201.827	12.867
2204.536	12.836
2207.650	12.797
2211.125	12.750
2214.881	12.697
2218.802	12.640
2222.740	12.582
2226.558	12.527
2230.119	12.476
2233.333	12.432
2236.148	12.396
2238.547	12.368
2240.553	12.348
2242.202	12.336
2243.541	12.330
2244.620	12.330
2245.488	12.334
2246.189	12.341
2246.757	12.352
2247.222	12.364
2247.610	12.379
2247.938	12.394
2248.221	12.411
2248.471	12.428
2248.699	12.446
2248.908	12.465
2249.103	12.483
2249.291	12.502
2249.476	12.521
2249.655	12.541
2249.832	12.560
2250.009	12.579
2250.186	12.599
2250.365	12.618
2250.546	12.638
2250.725	12.658
2250.911	12.677
2251.098	12.697
2251.285	12.716
2251.475	12.736
2251.670	12.755
2251.864	12.775
2252.060	12.795
2252.260	12.814
2252.461	12.834
2252.661	12.853
2252.867	12.873
2253.072	12.893
2253.277	12.912
2253.486	12.932
2253.693	12.952
2253.903	12.971
2254.113	12.991
2254.323	13.011
2254.534	13.031
2254.746	13.051
2254.958	13.071
2255.172	13.091
2255.385	13.111
2255.601	13.131
2255.818	13.151
