<j>	<Ffjc>
1038.633	13.780
1039.881	13.777
1041.339	13.763
1043.021	13.739
1044.929	13.704
1047.038	13.658
1049.298	13.605
1051.633	13.548
1053.955	13.490
1056.173	13.436
1058.214	13.390
1060.030	13.355
1061.601	13.330
1062.928	13.317
1064.033	13.315
1064.944	13.322
1065.692	13.337
1066.308	13.358
1066.818	13.385
1067.244	13.415
1067.607	13.449
1067.920	13.486
1068.197	13.525
1068.447	13.566
1068.679	13.607
1068.901	13.649
1069.119	13.692
1069.343	13.735
1069.580	13.778
1069.844	13.820
1070.147	13.860
1070.511	13.898
1070.964	13.932
1071.544	13.961
1072.303	13.982
1073.308	13.992
1074.643	13.987
1076.399	13.962
1078.662	13.914
1081.478	13.841
1084.815	13.742
1088.537	13.624
1092.406	13.498
1096.148	13.376
1099.529	13.270
1102.415	13.186
1104.784	13.125
1106.692	13.086
1108.240	13.064
1109.532	13.054
1110.668	13.052
1111.728	13.054
1112.778	13.058
1113.868	13.060
1115.034	13.060
1116.299	13.056
1117.675	13.048
1119.157	13.034
1120.728	13.017
1122.358	12.997
1124.008	12.976
1125.632	12.955
1127.189	12.937
1128.640	12.922
1129.960	12.912
1131.131	12.909
1132.152	12.911
1133.027	12.919
1133.767	12.933
1134.387	12.953
1134.906	12.976
1135.339	13.003
1135.702	13.034
1136.010	13.067
1136.274	13.102
1136.505	13.139
1136.713	13.177
1136.904	13.216
1137.085	13.256
1137.262	13.296
1137.438	13.337
1137.620	13.377
1137.809	13.418
1138.011	13.458
1138.229	13.498
1138.466	13.537
1138.727	13.575
1139.015	13.612
1139.335	13.648
1139.692	13.683
1140.089	13.716
1140.532	13.747
1141.025	13.776
1141.574	13.803
1142.182	13.827
1142.855	13.848
1143.595	13.866
1144.406	13.881
1145.290	13.893
1146.249	13.901
1147.284	13.906
1148.395	13.907
1149.583	13.905
1150.848	13.899
1152.190	13.889
1153.610	13.877
1155.105	13.860
1156.675	13.841
1158.315	13.818
1160.017	13.792
1161.769	13.764
1163.556	13.735
1165.359	13.704
1167.161	13.674
1168.947	13.645
1170.706	13.616
1172.437	13.589
1174.150	13.564
1175.865	13.538
1177.614	13.512
1179.437	13.484
1181.377	13.452
1183.476	13.413
1185.765	13.368
1188.251	13.315
1190.911	13.254
1193.690	13.189
1196.499	13.122
1199.236	13.057
1201.800	12.999
1204.114	12.950
1206.131	12.912
1207.838	12.886
1209.247	12.872
1210.391	12.868
1211.308	12.873
1212.040	12.886
1212.623	12.905
1213.091	12.929
1213.470	12.957
1213.781	12.987
1214.043	13.020
1214.267	13.054
1214.464	13.090
1214.642	13.127
1214.807	13.164
1214.964	13.202
1215.116	13.241
1215.266	13.280
1215.417	13.319
1215.571	13.358
1215.730	13.397
1215.896	13.436
1216.071	13.474
1216.256	13.513
1216.454	13.551
1216.666	13.589
1216.894	13.627
1217.141	13.664
1217.408	13.700
1217.699	13.735
1218.016	13.770
1218.361	13.803
1218.737	13.835
1219.146	13.866
1219.590	13.895
1220.071	13.923
1220.592	13.950
1221.152	13.975
1221.752	13.998
1222.391	14.019
1223.067	14.038
1223.777	14.057
1224.518	14.073
1225.284	14.089
1226.071	14.103
1226.871	14.117
1227.678	14.131
1228.487	14.144
1229.292	14.157
1230.089	14.171
1230.877	14.185
1231.654	14.200
1232.424	14.215
1233.194	14.230
1233.977	14.245
1234.794	14.259
1235.679	14.270
1236.682	14.277
1237.882	14.276
1239.391	14.263
1241.370	14.232
1244.022	14.174
1247.573	14.081
1252.191	13.946
1257.869	13.768
1264.300	13.560
1270.901	13.344
1277.012	13.145
1282.160	12.984
1286.185	12.867
1289.176	12.790
1291.344	12.745
1292.908	12.724
1294.053	12.719
1294.914	12.726
1295.583	12.740
1296.122	12.760
1296.571	12.782
1296.957	12.808
1297.296	12.835
1297.600	12.864
1297.877	12.894
1298.133	12.925
1298.371	12.956
1298.596	12.988
1298.809	13.021
1299.013	13.055
1299.209	13.088
1299.400	13.122
1299.587	13.157
1299.771	13.191
1299.953	13.226
1300.135	13.261
1300.318	13.297
1300.502	13.332
1300.689	13.367
1300.879	13.403
1301.074	13.438
1301.275	13.474
1301.483	13.509
1301.698	13.544
1301.922	13.579
1302.156	13.614
1302.402	13.648
1302.660	13.682
1302.933	13.716
1303.224	13.749
1303.536	13.781
1303.872	13.813
1304.240	13.844
1304.648	13.873
1305.108	13.900
1305.639	13.925
1306.266	13.946
1307.027	13.963
1307.977	13.972
1309.190	13.972
1310.771	13.959
1312.852	13.927
1315.587	13.871
1319.128	13.786
1323.566	13.668
1328.863	13.518
1334.798	13.345
1340.978	13.163
1346.951	12.989
1352.354	12.836
1356.997	12.710
1360.862	12.613
1364.039	12.540
1366.657	12.488
1368.842	12.451
1370.697	12.425
1372.297	12.408
1373.695	12.399
1374.931	12.394
1376.030	12.394
1377.011	12.398
1377.891	12.405
1378.683	12.415
1379.397	12.427
1380.044	12.442
1380.633	12.459
1381.172	12.477
1381.668	12.497
1382.129	12.518
1382.561	12.540
1382.970	12.562
1383.360	12.586
1383.736	12.610
1384.103	12.634
1384.464	12.659
1384.822	12.684
1385.180	12.709
1385.542	12.734
1385.909	12.759
1386.284	12.784
1386.670	12.809
1387.067	12.833
1387.478	12.857
1387.903	12.881
1388.344	12.904
1388.803	12.926
1389.278	12.949
1389.772	12.970
1390.283	12.991
1390.812	13.012
1391.358	13.031
1391.920	13.051
1392.497	13.070
1393.088	13.088
1393.692	13.106
1394.306	13.124
1394.929	13.141
1395.560	13.158
1396.197	13.175
1396.837	13.192
1397.480	13.209
1398.125	13.225
1398.769	13.242
1399.413	13.259
1400.055	13.275
1400.696	13.292
1401.333	13.309
1401.968	13.326
1402.599	13.343
1403.227	13.361
1403.851	13.378
1404.471	13.396
1405.086	13.414
1405.696	13.432
1406.299	13.450
1406.897	13.469
1407.486	13.488
1408.068	13.507
1408.640	13.526
1409.202	13.546
1409.753	13.566
1410.293	13.587
1410.820	13.608
1411.336	13.630
1411.838	13.652
1412.329	13.675
1412.807	13.698
1413.275	13.722
1413.733	13.746
1414.182	13.771
1414.624	13.796
1415.061	13.821
1415.497	13.846
1415.932	13.871
1416.372	13.897
1416.820	13.922
1417.280	13.947
1417.757	13.971
1418.259	13.995
1418.791	14.017
1419.363	14.038
1419.985	14.058
1420.670	14.075
1421.432	14.089
1422.290	14.100
1423.264	14.107
1424.379	14.109
1425.662	14.104
1427.145	14.092
1428.856	14.072
1430.823	14.043
1433.063	14.003
1435.581	13.954
1438.359	13.895
1441.358	13.828
1444.514	13.755
1447.747	13.679
1450.974	13.604
1454.115	13.532
1457.113	13.465
1459.931	13.405
1462.557	13.352
1464.997	13.306
1467.272	13.266
1469.407	13.231
1471.432	13.200
1473.371	13.173
1475.247	13.148
1477.076	13.125
1478.869	13.103
1480.630	13.082
1482.360	13.063
1484.056	13.045
1485.710	13.027
1487.316	13.012
1488.866	12.998
1490.351	12.986
1491.766	12.976
1493.108	12.969
1494.373	12.964
1495.561	12.961
1496.674	12.961
1497.713	12.963
1498.683	12.968
1499.588	12.974
1500.431	12.982
1501.217	12.992
1501.950	13.004
1502.634	13.018
1503.274	13.033
1503.872	13.049
1504.431	13.066
1504.956	13.085
1505.448	13.105
1505.911	13.125
1506.347	13.147
1506.760	13.170
1507.151	13.193
1507.523	13.217
1507.880	13.242
1508.224	13.267
1508.560	13.292
1508.889	13.318
1509.218	13.344
1509.550	13.370
1509.890	13.396
1510.247	13.421
1510.626	13.446
1511.038	13.470
1511.494	13.493
1512.007	13.514
1512.595	13.533
1513.275	13.549
1514.073	13.561
1515.014	13.569
1516.128	13.571
1517.445	13.567
1518.997	13.555
1520.808	13.535
1522.892	13.506
1525.246	13.468
1527.846	13.422
1530.643	13.370
1533.565	13.313
1536.524	13.255
1539.430	13.197
1542.202	13.144
1544.778	13.097
1547.120	13.057
1549.214	13.025
1551.063	13.001
1552.683	12.984
1554.099	12.973
1555.337	12.969
1556.424	12.968
1557.383	12.972
1558.236	12.980
1559.001	12.990
1559.692	13.002
1560.324	13.017
1560.906	13.033
1561.450	13.050
1561.964	13.069
1562.457	13.088
1562.938	13.107
1563.415	13.127
1563.900	13.147
1564.404	13.167
1564.942	13.185
1565.532	13.202
1566.195	13.218
1566.958	13.230
1567.853	13.239
1568.917	13.243
1570.191	13.241
1571.719	13.231
1573.543	13.213
1575.690	13.186
1578.172	13.148
1580.966	13.101
1584.013	13.046
1587.219	12.985
1590.460	12.923
1593.605	12.863
1596.538	12.809
1599.173	12.763
1601.464	12.727
1603.401	12.701
1605.002	12.685
1606.305	12.678
1607.354	12.678
1608.195	12.684
1608.869	12.696
1609.413	12.711
1609.857	12.729
1610.226	12.750
1610.540	12.773
1610.813	12.797
1611.057	12.822
1611.283	12.848
1611.496	12.874
1611.705	12.900
1611.913	12.927
1612.125	12.953
1612.344	12.980
1612.576	13.006
1612.822	13.032
1613.088	13.058
1613.377	13.083
1613.695	13.107
1614.045	13.130
1614.435	13.153
1614.871	13.174
1615.362	13.194
1615.918	13.211
1616.550	13.227
1617.273	13.240
1618.103	13.251
1619.060	13.257
1620.166	13.259
1621.447	13.257
1622.930	13.248
1624.644	13.233
1626.613	13.211
1628.855	13.181
1631.376	13.142
1634.162	13.097
1637.176	13.044
1640.357	12.987
1643.621	12.927
1646.872	12.867
1650.013	12.809
1652.960	12.757
1655.650	12.712
1658.045	12.675
1660.134	12.647
1661.925	12.627
1663.440	12.614
1664.710	12.609
1665.766	12.609
1666.641	12.614
1667.366	12.624
1667.966	12.637
1668.465	12.653
1668.882	12.672
1669.231	12.692
1669.526	12.715
1669.778	12.738
1669.994	12.763
1670.182	12.788
1670.347	12.815
1670.493	12.841
1670.624	12.869
1670.744	12.897
1670.853	12.925
1670.955	12.954
1671.051	12.983
1671.142	13.012
1671.230	13.041
1671.316	13.071
1671.401	13.101
1671.486	13.131
1671.572	13.161
1671.660	13.191
1671.751	13.221
1671.846	13.251
1671.947	13.281
1672.055	13.311
1672.172	13.341
1672.300	13.370
1672.441	13.400
1672.599	13.429
1672.776	13.457
1672.978	13.485
1673.208	13.513
1673.472	13.539
1673.779	13.564
1674.135	13.588
1674.552	13.610
1675.038	13.631
1675.609	13.648
1676.277	13.663
1677.057	13.675
1677.964	13.683
1679.014	13.687
1680.218	13.685
1681.583	13.679
1683.111	13.668
1684.795	13.653
1686.617	13.632
1688.549	13.608
1690.553	13.582
1692.588	13.554
1694.606	13.527
1696.565	13.501
1698.429	13.478
1700.170	13.458
1701.773	13.442
1703.231	13.431
1704.549	13.424
1705.736	13.421
1706.807	13.421
1707.779	13.424
1708.670	13.430
1709.499	13.439
1710.283	13.448
1711.040	13.459
1711.785	13.470
1712.532	13.481
1713.295	13.492
1714.087	13.502
1714.919	13.511
1715.802	13.518
1716.744	13.524
1717.753	13.528
1718.835	13.530
1719.991	13.530
1721.222	13.527
1722.523	13.522
1723.890	13.516
1725.311	13.507
1726.775	13.498
1728.268	13.487
1729.773	13.476
1731.278	13.464
1732.768	13.453
1734.233	13.443
1735.664	13.434
1737.056	13.426
1738.406	13.419
1739.714	13.413
1740.982	13.408
1742.214	13.405
1743.411	13.402
1744.580	13.401
1745.722	13.400
1746.841	13.400
1747.938	13.400
1749.015	13.401
1750.071	13.403
1751.106	13.405
1752.120	13.408
1753.111	13.412
1754.081	13.416
1755.029	13.421
1755.956	13.426
1756.866	13.432
1757.763	13.438
1758.651	13.445
1759.539	13.452
1760.433	13.458
1761.345	13.464
1762.286	13.470
1763.267	13.474
1764.303	13.477
1765.406	13.479
1766.591	13.478
1767.869	13.474
1769.250	13.468
1770.742	13.458
1772.346	13.446
1774.060	13.430
1775.872	13.411
1777.766	13.390
1779.718	13.368
1781.700	13.344
1783.680	13.320
1785.629	13.297
1787.515	13.275
1789.316	13.255
1791.013	13.239
1792.594	13.225
1794.054	13.215
1795.392	13.208
1796.613	13.205
1797.723	13.204
1798.732	13.206
1799.650	13.211
1800.486	13.218
1801.251	13.227
1801.954	13.238
1802.602	13.251
1803.203	13.265
1803.763	13.280
1804.288	13.296
1804.783	13.313
1805.251	13.330
1805.696	13.349
1806.122	13.368
1806.530	13.387
1806.924	13.407
1807.304	13.428
1807.673	13.449
1808.033	13.470
1808.384	13.491
1808.728	13.513
1809.065	13.535
1809.396	13.557
1809.723	13.580
1810.045	13.602
1810.364	13.625
1810.680	13.648
1810.993	13.671
1811.304	13.694
1811.613	13.718
1811.922	13.741
1812.230	13.764
1812.540	13.788
1812.852	13.811
1813.168	13.835
1813.491	13.858
1813.823	13.881
1814.170	13.904
