<j>	<Ffjc>
1037.883	13.808
1038.432	13.835
1038.924	13.866
1039.375	13.899
1039.796	13.933
1040.195	13.969
1040.582	14.006
1040.960	14.044
1041.334	14.082
1041.708	14.120
1042.083	14.158
1042.460	14.196
1042.842	14.235
1043.229	14.273
1043.622	14.311
1044.021	14.349
1044.427	14.386
1044.842	14.424
1045.268	14.460
1045.707	14.497
1046.164	14.532
1046.643	14.567
1047.151	14.600
1047.697	14.631
1048.289	14.660
1048.942	14.686
1049.668	14.708
1050.487	14.726
1051.419	14.737
1052.490	14.741
1053.733	14.736
1055.190	14.720
1056.915	14.690
1058.981	14.643
1061.477	14.575
1064.502	14.481
1068.134	14.358
1072.385	14.204
1077.144	14.027
1082.158	13.838
1087.073	13.654
1091.553	13.490
1095.380	13.358
1098.488	13.260
1100.935	13.194
1102.837	13.153
1104.326	13.133
1105.516	13.126
1106.499	13.130
1107.344	13.140
1108.097	13.155
1108.794	13.173
1109.457	13.192
1110.102	13.213
1110.740	13.234
1111.377	13.255
1112.018	13.276
1112.667	13.297
1113.326	13.317
1113.997	13.337
1114.680	13.357
1115.378	13.376
1116.092	13.394
1116.823	13.411
1117.574	13.428
1118.346	13.444
1119.142	13.459
1119.966	13.472
1120.823	13.484
1121.715	13.495
1122.648	13.504
1123.627	13.511
1124.656	13.516
1125.738	13.518
1126.874	13.518
1128.065	13.516
1129.307	13.511
1130.596	13.505
1131.922	13.496
1133.274	13.486
1134.639	13.476
1136.005	13.465
1137.359	13.454
1138.691	13.445
1139.995	13.436
1141.271	13.429
1142.522	13.423
1143.759	13.418
1144.999	13.414
1146.264	13.408
1147.582	13.401
1148.984	13.390
1150.505	13.375
1152.178	13.354
1154.034	13.326
1156.089	13.290
1158.345	13.246
1160.781	13.194
1163.354	13.137
1165.995	13.076
1168.626	13.016
1171.166	12.958
1173.549	12.907
1175.726	12.863
1177.673	12.829
1179.387	12.804
1180.880	12.787
1182.173	12.779
1183.292	12.777
1184.263	12.781
1185.109	12.791
1185.853	12.804
1186.510	12.821
1187.095	12.842
1187.621	12.864
1188.096	12.889
1188.529	12.915
1188.926	12.943
1189.291	12.972
1189.629	13.003
1189.944	13.034
1190.240	13.067
1190.518	13.100
1190.782	13.134
1191.033	13.169
1191.274	13.205
1191.506	13.241
1191.732	13.277
1191.952	13.314
1192.169	13.351
1192.383	13.388
1192.596	13.426
1192.810	13.464
1193.026	13.501
1193.244	13.539
1193.467	13.577
1193.696	13.615
1193.933	13.653
1194.178	13.690
1194.435	13.728
1194.705	13.765
1194.990	13.801
1195.293	13.837
1195.619	13.872
1195.970	13.906
1196.353	13.939
1196.774	13.970
1197.243	14.000
1197.770	14.027
1198.371	14.051
1199.065	14.071
1199.877	14.087
1200.837	14.096
1201.982	14.097
1203.353	14.089
1204.993	14.069
1206.940	14.036
1209.219	13.989
1211.827	13.928
1214.729	13.853
1217.852	13.770
1221.095	13.681
1224.350	13.591
1227.522	13.505
1230.547	13.426
1233.399	13.354
1236.085	13.291
1238.629	13.234
1241.062	13.182
1243.410	13.134
1245.688	13.090
1247.897	13.048
1250.028	13.010
1252.062	12.975
1253.982	12.944
1255.770	12.919
1257.414	12.898
1258.912	12.883
1260.267	12.873
1261.485	12.868
1262.582	12.868
1263.570	12.872
1264.467	12.880
1265.288	12.890
1266.049	12.903
1266.764	12.917
1267.446	12.933
1268.109	12.950
1268.763	12.968
1269.421	12.985
1270.095	13.002
1270.796	13.018
1271.537	13.033
1272.329	13.047
1273.186	13.058
1274.117	13.066
1275.134	13.071
1276.243	13.073
1277.448	13.072
1278.748	13.067
1280.135	13.058
1281.594	13.047
1283.104	13.034
1284.638	13.019
1286.166	13.005
1287.657	12.991
1289.083	12.979
1290.419	12.971
1291.647	12.966
1292.757	12.965
1293.746	12.969
1294.614	12.976
1295.369	12.989
1296.019	13.005
1296.575	13.024
1297.049	13.047
1297.451	13.072
1297.793	13.100
1298.084	13.130
1298.331	13.162
1298.543	13.195
1298.726	13.230
1298.884	13.266
1299.022	13.302
1299.144	13.340
1299.252	13.378
1299.350	13.417
1299.439	13.457
1299.520	13.496
1299.597	13.537
1299.668	13.578
1299.736	13.619
1299.802	13.660
1299.866	13.702
1299.928	13.744
1299.990	13.786
1300.052	13.829
1300.114	13.871
1300.178	13.914
1300.242	13.957
1300.309	14.000
1300.379	14.044
1300.452	14.087
1300.530	14.131
1300.613	14.174
1300.704	14.217
1300.805	14.261
1300.919	14.304
1301.049	14.346
1301.203	14.388
1301.390	14.429
1301.622	14.468
1301.921	14.504
1302.315	14.537
1302.848	14.565
1303.580	14.585
1304.597	14.593
1306.013	14.585
1307.964	14.556
1310.591	14.498
1313.991	14.409
1318.153	14.287
1322.891	14.140
1327.848	13.983
1332.588	13.832
1336.749	13.704
1340.138	13.607
1342.744	13.541
1344.670	13.503
1346.064	13.487
1347.070	13.488
1347.807	13.499
1348.366	13.518
1348.811	13.542
1349.187	13.570
1349.526	13.599
1349.852	13.629
1350.182	13.659
1350.531	13.688
1350.912	13.717
1351.341	13.744
1351.833	13.769
1352.408	13.791
1353.091	13.810
1353.913	13.823
1354.911	13.830
1356.132	13.829
1357.626	13.818
1359.447	13.795
1361.641	13.759
1364.240	13.708
1367.237	13.642
1370.582	13.563
1374.172	13.474
1377.863	13.382
1381.497	13.291
1384.930	13.207
1388.061	13.134
1390.837	13.074
1393.254	13.026
1395.337	12.990
1397.129	12.965
1398.678	12.949
1400.029	12.939
1401.220	12.936
1402.281	12.937
1403.237	12.941
1404.106	12.949
1404.901	12.960
1405.632	12.972
1406.308	12.987
1406.936	13.003
1407.522	13.020
1408.071	13.039
1408.588	13.060
1409.079	13.081
1409.549	13.103
1410.004	13.125
1410.449	13.148
1410.891	13.171
1411.335	13.195
1411.790	13.218
1412.261	13.241
1412.756	13.263
1413.283	13.284
1413.850	13.303
1414.463	13.322
1415.131	13.338
1415.859	13.353
1416.654	13.365
1417.518	13.375
1418.452	13.382
1419.456	13.387
1420.522	13.390
1421.643	13.391
1422.806	13.390
1423.996	13.387
1425.194	13.385
1426.382	13.382
1427.543	13.380
1428.661	13.380
1429.721	13.381
1430.713	13.385
1431.632	13.391
1432.473	13.400
1433.238	13.412
1433.929	13.426
1434.551	13.442
1435.108	13.461
1435.609	13.482
1436.059	13.505
1436.465	13.530
1436.833	13.556
1437.169	13.583
1437.478	13.612
1437.765	13.641
1438.034	13.671
1438.288	13.702
1438.531	13.734
1438.766	13.766
1438.995	13.798
1439.222	13.830
1439.448	13.863
1439.678	13.896
1439.914	13.928
1440.160	13.961
1440.423	13.993
1440.708	14.024
1441.026	14.055
1441.388	14.084
1441.812	14.111
1442.320	14.135
1442.943	14.155
1443.718	14.170
1444.695	14.178
1445.936	14.176
1447.507	14.163
1449.478	14.135
1451.906	14.091
1454.815	14.029
1458.174	13.951
1461.884	13.859
1465.784	13.760
1469.676	13.661
1473.376	13.568
1476.751	13.486
1479.736	13.419
1482.332	13.365
1484.583	13.324
1486.556	13.293
1488.319	13.270
1489.933	13.253
1491.443	13.240
1492.884	13.229
1494.274	13.220
1495.624	13.212
1496.934	13.206
1498.200	13.201
1499.416	13.197
1500.573	13.195
1501.665	13.196
1502.685	13.198
1503.631	13.203
1504.501	13.211
1505.296	13.221
1506.019	13.233
1506.676	13.247
1507.270	13.264
1507.810	13.282
1508.300	13.302
1508.749	13.324
1509.161	13.347
1509.543	13.370
1509.900	13.395
1510.240	13.421
1510.566	13.447
1510.883	13.474
1511.197	13.501
1511.513	13.528
1511.835	13.555
1512.169	13.581
1512.518	13.608
1512.890	13.633
1513.289	13.658
1513.721	13.682
1514.191	13.704
1514.707	13.726
1515.274	13.745
1515.897	13.763
1516.582	13.778
1517.334	13.792
1518.155	13.803
1519.047	13.811
1520.009	13.817
1521.037	13.821
1522.126	13.823
1523.268	13.822
1524.453	13.820
1525.667	13.817
1526.900	13.813
1528.138	13.809
1529.370	13.804
1530.588	13.801
1531.785	13.797
1532.958	13.795
1534.107	13.794
1535.234	13.793
1536.346	13.793
1537.447	13.793
1538.549	13.794
1539.660	13.794
1540.790	13.794
1541.951	13.793
1543.154	13.790
1544.411	13.786
1545.731	13.780
1547.130	13.771
1548.618	13.759
1550.211	13.745
1551.924	13.726
1553.775	13.703
1555.780	13.675
1557.956	13.642
1560.318	13.603
1562.874	13.558
1565.625	13.507
1568.560	13.451
1571.657	13.390
1574.879	13.325
1578.180	13.258
1581.505	13.191
1584.801	13.125
1588.020	13.061
1591.122	13.001
1594.080	12.946
1596.874	12.896
1599.499	12.852
1601.953	12.812
1604.240	12.778
1606.368	12.749
1608.345	12.724
1610.179	12.703
1611.880	12.686
1613.457	12.673
1614.917	12.663
1616.271	12.656
1617.526	12.651
1618.691	12.650
1619.775	12.651
1620.785	12.654
1621.729	12.658
1622.615	12.665
1623.451	12.672
1624.243	12.682
1624.997	12.692
1625.720	12.703
1626.418	12.715
1627.095	12.727
1627.758	12.740
1628.411	12.754
1629.059	12.767
1629.705	12.781
1630.356	12.795
1631.013	12.808
1631.682	12.821
1632.366	12.834
1633.067	12.846
1633.789	12.858
1634.534	12.869
1635.305	12.880
1636.103	12.890
1636.928	12.899
1637.782	12.907
1638.663	12.914
1639.572	12.921
1640.504	12.927
1641.458	12.932
1642.429	12.937
1643.412	12.941
1644.403	12.945
1645.394	12.949
1646.380	12.953
1647.355	12.958
1648.312	12.962
1649.245	12.968
1650.149	12.974
1651.019	12.981
1651.852	12.989
1652.645	12.998
1653.396	13.008
1654.104	13.020
1654.769	13.033
1655.391	13.047
1655.973	13.062
1656.514	13.079
1657.018	13.096
1657.487	13.115
1657.922	13.135
1658.328	13.155
1658.705	13.177
1659.057	13.199
1659.387	13.222
1659.696	13.246
1659.987	13.270
1660.262	13.295
1660.522	13.321
1660.771	13.347
1661.009	13.373
1661.238	13.400
1661.459	13.427
1661.675	13.454
1661.886	13.482
1662.094	13.510
1662.301	13.537
1662.506	13.566
1662.713	13.594
1662.922	13.622
1663.136	13.650
1663.354	13.678
1663.580	13.706
1663.816	13.734
1664.065	13.761
1664.329	13.788
1664.612	13.815
1664.922	13.841
1665.264	13.866
1665.649	13.890
1666.092	13.912
1666.614	13.932
1667.244	13.949
1668.026	13.962
1669.021	13.968
1670.316	13.966
1672.026	13.952
1674.299	13.921
1677.305	13.869
1681.206	13.791
1686.095	13.685
1691.917	13.550
1698.408	13.396
1705.116	13.234
1711.516	13.081
1717.177	12.948
1721.872	12.842
1725.578	12.765
1728.410	12.714
1730.541	12.682
1732.146	12.666
1733.373	12.661
1734.338	12.663
1735.126	12.671
1735.798	12.682
1736.399	12.695
1736.958	12.710
1737.497	12.725
1738.034	12.741
1738.579	12.757
1739.142	12.772
1739.732	12.786
1740.354	12.800
1741.015	12.813
1741.720	12.825
1742.473	12.835
1743.279	12.844
1744.143	12.852
1745.068	12.858
1746.058	12.863
1747.118	12.865
1748.250	12.866
1749.461	12.865
1750.752	12.862
1752.130	12.856
1753.599	12.848
1755.162	12.838
1756.824	12.825
1758.587	12.810
1760.451	12.792
1762.413	12.772
1764.465	12.749
1766.595	12.724
1768.785	12.698
1771.011	12.671
1773.247	12.643
1775.462	12.616
1777.625	12.590
1779.708	12.566
1781.686	12.544
1783.540	12.525
1785.257	12.510
1786.831	12.498
1788.263	12.490
1789.555	12.485
1790.718	12.483
1791.762	12.485
1792.701	12.489
1793.547	12.495
1794.315	12.504
1795.018	12.514
1795.668	12.526
1796.279	12.538
1796.860	12.552
1797.424	12.566
1797.982	12.580
1798.542	12.594
1799.116	12.608
1799.713	12.622
1800.345	12.635
1801.022	12.647
1801.756	12.657
1802.557	12.667
1803.436	12.674
1804.406	12.679
1805.474	12.682
1806.651	12.682
1807.941	12.679
1809.347	12.673
1810.867	12.665
1812.491	12.654
1814.209	12.641
1816.000	12.625
1817.841	12.608
1819.705	12.591
1821.564	12.573
1823.388	12.557
1825.152	12.541
1826.834	12.527
1828.420	12.516
1829.897	12.507
1831.260	12.501
1832.511	12.497
1833.651	12.496
1834.689	12.498
1835.632	12.502
1836.489	12.508
1837.270	12.516
1837.986	12.525
1838.644	12.536
1839.252	12.549
1839.819	12.562
1840.351	12.576
1840.852	12.591
1841.329	12.607
1841.785	12.624
1842.224	12.640
1842.650	12.657
1843.064	12.675
1843.469	12.693
1843.868	12.711
1844.263	12.729
1844.655	12.747
1845.046	12.766
1845.439	12.784
1845.835	12.802
1846.236	12.820
1846.644	12.839
1847.061	12.857
1847.490	12.874
1847.933	12.892
1848.392	12.909
1848.871	12.926
1849.371	12.942
