<j>	<Ffjc>
1055.842	12.968
1056.273	12.999
1056.712	13.029
1057.167	13.059
1057.643	13.088
1058.150	13.116
1058.696	13.143
1059.292	13.168
1059.949	13.190
1060.681	13.209
1061.501	13.224
1062.426	13.235
1063.472	13.240
1064.656	13.240
1065.995	13.233
1067.504	13.219
1069.199	13.196
1071.088	13.166
1073.177	13.127
1075.465	13.079
1077.940	13.024
1080.582	12.962
1083.355	12.894
1086.212	12.824
1089.093	12.752
1091.930	12.682
1094.654	12.617
1097.204	12.558
1099.534	12.509
1101.613	12.469
1103.433	12.439
1104.998	12.419
1106.329	12.409
1107.449	12.407
1108.389	12.413
1109.178	12.424
1109.842	12.441
1110.407	12.462
1110.894	12.486
1111.322	12.513
1111.705	12.542
1112.058	12.572
1112.392	12.603
1112.715	12.635
1113.038	12.667
1113.367	12.700
1113.709	12.731
1114.072	12.763
1114.463	12.793
1114.888	12.822
1115.354	12.850
1115.869	12.876
1116.438	12.900
1117.070	12.921
1117.770	12.940
1118.545	12.956
1119.397	12.968
1120.332	12.978
1121.349	12.984
1122.450	12.986
1123.632	12.985
1124.893	12.981
1126.231	12.974
1127.648	12.963
1129.147	12.950
1130.738	12.933
1132.440	12.911
1134.277	12.885
1136.281	12.853
1138.485	12.814
1140.919	12.767
1143.599	12.710
1146.513	12.645
1149.620	12.573
1152.839	12.497
1156.065	12.420
1159.180	12.346
1162.080	12.280
1164.689	12.224
1166.966	12.180
1168.907	12.148
1170.534	12.128
1171.885	12.118
1173.005	12.116
1173.936	12.122
1174.718	12.133
1175.386	12.148
1175.967	12.167
1176.482	12.188
1176.950	12.211
1177.384	12.236
1177.794	12.261
1178.187	12.288
1178.569	12.314
1178.944	12.342
1179.316	12.369
1179.686	12.397
1180.056	12.425
1180.427	12.453
1180.798	12.480
1181.171	12.508
1181.544	12.536
1181.919	12.565
1182.293	12.593
1182.666	12.621
1183.038	12.649
1183.408	12.678
1183.775	12.707
1184.138	12.736
1184.497	12.765
1184.851	12.795
1185.199	12.824
1185.542	12.855
1185.880	12.885
1186.211	12.916
1186.536	12.947
1186.856	12.978
1187.172	13.010
1187.483	13.042
1187.790	13.075
1188.095	13.107
1188.399	13.140
1188.702	13.173
1189.007	13.206
1189.315	13.239
1189.628	13.272
1189.948	13.305
1190.276	13.338
1190.615	13.370
1190.967	13.402
1191.334	13.434
1191.718	13.465
1192.122	13.495
1192.547	13.525
1192.996	13.553
1193.469	13.581
1193.968	13.608
1194.494	13.633
1195.046	13.658
1195.623	13.681
1196.226	13.704
1196.850	13.725
1197.494	13.746
1198.155	13.766
1198.828	13.785
1199.510	13.804
1200.198	13.823
1200.890	13.841
1201.584	13.859
1202.282	13.878
1202.987	13.896
1203.707	13.913
1204.455	13.930
1205.248	13.945
1206.112	13.957
1207.083	13.965
1208.207	13.967
1209.540	13.961
1211.152	13.943
1213.114	13.911
1215.491	13.863
1218.321	13.795
1221.594	13.709
1225.228	13.609
1229.073	13.498
1232.933	13.387
1236.613	13.283
1239.964	13.191
1242.904	13.116
1245.419	13.058
1247.540	13.016
1249.323	12.988
1250.828	12.971
1252.110	12.963
1253.217	12.962
1254.185	12.966
1255.040	12.975
1255.803	12.987
1256.491	13.003
1257.116	13.021
1257.689	13.041
1258.218	13.063
1258.711	13.086
1259.176	13.111
1259.620	13.136
1260.048	13.163
1260.469	13.189
1260.888	13.216
1261.312	13.243
1261.746	13.270
1262.198	13.296
1262.673	13.321
1263.180	13.346
1263.723	13.369
1264.313	13.390
1264.957	13.410
1265.665	13.427
1266.448	13.441
1267.321	13.452
1268.300	13.459
1269.406	13.462
1270.664	13.459
1272.102	13.449
1273.754	13.431
1275.651	13.405
1277.823	13.368
1280.284	13.321
1283.026	13.263
1286.009	13.196
1289.157	13.123
1292.363	13.047
1295.505	12.974
1298.463	12.906
1301.147	12.848
1303.497	12.801
1305.497	12.767
1307.158	12.745
1308.513	12.734
1309.605	12.732
1310.479	12.739
1311.178	12.752
1311.740	12.770
1312.194	12.792
1312.568	12.818
1312.881	12.845
1313.150	12.875
1313.387	12.906
1313.603	12.938
1313.806	12.970
1314.003	13.004
1314.200	13.037
1314.402	13.070
1314.614	13.103
1314.841	13.136
1315.090	13.168
1315.366	13.200
1315.676	13.230
1316.031	13.259
1316.439	13.286
1316.914	13.311
1317.473	13.333
1318.134	13.352
1318.922	13.366
1319.864	13.375
1320.991	13.378
1322.342	13.372
1323.952	13.358
1325.862	13.333
1328.104	13.296
1330.704	13.247
1333.672	13.185
1336.997	13.111
1340.650	13.027
1344.577	12.933
1348.708	12.834
1352.958	12.731
1357.237	12.628
1361.452	12.529
1365.511	12.435
1369.334	12.349
1372.856	12.273
1376.030	12.208
1378.833	12.155
1381.265	12.113
1383.342	12.082
1385.093	12.061
1386.556	12.049
1387.768	12.045
1388.769	12.047
1389.594	12.055
1390.274	12.067
1390.836	12.083
1391.303	12.102
1391.691	12.124
1392.018	12.147
1392.293	12.172
1392.529	12.199
1392.731	12.227
1392.906	12.255
1393.061	12.285
1393.197	12.315
1393.319	12.346
1393.430	12.377
1393.530	12.409
1393.624	12.441
1393.710	12.473
1393.792	12.506
1393.869	12.539
1393.943	12.572
1394.014	12.606
1394.083	12.640
1394.150	12.674
1394.216	12.708
1394.281	12.743
1394.345	12.777
1394.409	12.812
1394.473	12.847
1394.537	12.882
1394.602	12.917
1394.667	12.953
1394.732	12.988
1394.799	13.024
1394.867	13.060
1394.936	13.096
1395.007	13.132
1395.080	13.168
1395.156	13.204
1395.234	13.240
1395.316	13.277
1395.402	13.313
1395.494	13.350
1395.594	13.386
1395.703	13.422
1395.825	13.458
1395.965	13.494
1396.130	13.528
1396.330	13.562
1396.578	13.595
1396.898	13.625
1397.320	13.652
1397.890	13.675
1398.670	13.690
1399.750	13.696
1401.247	13.688
1403.306	13.661
1406.080	13.610
1409.698	13.531
1414.195	13.422
1419.447	13.286
1425.135	13.135
1430.810	12.982
1436.028	12.844
1440.485	12.730
1444.072	12.645
1446.838	12.587
1448.918	12.552
1450.470	12.535
1451.636	12.531
1452.529	12.535
1453.233	12.547
1453.808	12.563
1454.295	12.582
1454.721	12.603
1455.106	12.625
1455.462	12.649
1455.798	12.673
1456.121	12.698
1456.435	12.723
1456.745	12.748
1457.052	12.774
1457.360	12.800
1457.670	12.825
1457.985	12.851
1458.306	12.877
1458.635	12.902
1458.972	12.928
1459.320	12.953
1459.679	12.977
1460.050	13.002
1460.434	13.026
1460.831	13.050
1461.242	13.073
1461.667	13.096
1462.106	13.119
1462.559	13.141
1463.026	13.163
1463.508	13.184
1464.002	13.205
1464.511	13.226
1465.032	13.246
1465.568	13.266
1466.116	13.285
1466.679	13.304
1467.257	13.322
1467.851	13.340
1468.462	13.358
1469.092	13.374
1469.744	13.391
1470.419	13.406
1471.121	13.421
1471.853	13.434
1472.617	13.447
1473.418	13.458
1474.259	13.468
1475.144	13.477
1476.076	13.484
1477.061	13.489
1478.102	13.492
1479.207	13.494
1480.382	13.493
1481.636	13.489
1482.980	13.483
1484.429	13.473
1485.997	13.459
1487.703	13.441
1489.564	13.418
1491.594	13.390
1493.800	13.356
1496.179	13.317
1498.714	13.272
1501.367	13.224
1504.087	13.173
1506.810	13.122
1509.465	13.073
1511.990	13.028
1514.329	12.988
1516.449	12.955
1518.333	12.930
1519.982	12.912
1521.408	12.900
1522.636	12.895
1523.690	12.896
1524.598	12.901
1525.387	12.911
1526.081	12.923
1526.700	12.938
1527.262	12.955
1527.782	12.973
1528.271	12.992
1528.740	13.013
1529.196	13.033
1529.645	13.054
1530.092	13.075
1530.540	13.096
1530.994	13.118
1531.454	13.139
1531.922	13.159
1532.400	13.180
1532.888	13.200
1533.387	13.220
1533.898	13.239
1534.422	13.259
1534.958	13.278
1535.508	13.296
1536.073	13.314
1536.654	13.332
1537.252	13.349
1537.869	13.365
1538.508	13.381
1539.172	13.396
1539.862	13.411
1540.584	13.424
1541.339	13.436
1542.134	13.447
1542.973	13.457
1543.861	13.465
1544.806	13.471
1545.816	13.476
1546.902	13.478
1548.076	13.477
1549.356	13.473
1550.762	13.466
1552.322	13.453
1554.068	13.435
1556.037	13.411
1558.270	13.379
1560.804	13.337
1563.667	13.287
1566.868	13.226
1570.380	13.156
1574.141	13.078
1578.050	12.996
1581.976	12.913
1585.782	12.834
1589.347	12.762
1592.583	12.699
1595.443	12.647
1597.919	12.606
1600.034	12.576
1601.825	12.555
1603.341	12.542
1604.630	12.536
1605.734	12.535
1606.693	12.539
1607.537	12.546
1608.293	12.556
1608.981	12.568
1609.617	12.581
1610.213	12.595
1610.781	12.611
1611.327	12.627
1611.859	12.644
1612.381	12.661
1612.900	12.678
1613.418	12.695
1613.939	12.712
1614.468	12.729
1615.008	12.746
1615.561	12.762
1616.133	12.778
1616.727	12.794
1617.347	12.809
1617.998	12.823
1618.684	12.836
1619.411	12.848
1620.186	12.859
1621.016	12.868
1621.908	12.875
1622.872	12.881
1623.919	12.884
1625.063	12.885
1626.318	12.883
1627.703	12.877
1629.241	12.868
1630.956	12.853
1632.876	12.834
1635.035	12.808
1637.465	12.775
1640.200	12.734
1643.265	12.685
1646.679	12.627
1650.440	12.561
1654.524	12.486
1658.876	12.405
1663.414	12.320
1668.029	12.234
1672.602	12.149
1677.017	12.068
1681.172	11.993
1684.993	11.927
1688.438	11.870
1691.493	11.823
1694.168	11.785
1696.491	11.756
1698.498	11.734
1700.231	11.719
1701.735	11.710
1703.050	11.705
1704.214	11.704
1705.263	11.706
1706.226	11.709
1707.133	11.715
1708.007	11.721
1708.870	11.728
1709.741	11.734
1710.637	11.741
1711.573	11.746
1712.562	11.751
1713.612	11.754
1714.731	11.756
1715.922	11.756
1717.187	11.754
1718.521	11.751
1719.917	11.746
1721.362	11.740
1722.844	11.734
1724.342	11.726
1725.839	11.719
1727.315	11.712
1728.750	11.705
1730.127	11.700
1731.432	11.696
1732.652	11.694
1733.781	11.694
1734.815	11.696
1735.753	11.700
1736.596	11.707
1737.349	11.715
1738.017	11.725
1738.607	11.737
1739.125	11.751
1739.580	11.766
1739.977	11.782
1740.325	11.800
1740.629	11.819
1740.894	11.838
1741.127	11.859
1741.331	11.880
1741.511	11.902
1741.670	11.924
1741.811	11.947
1741.936	11.971
1742.049	11.995
1742.151	12.019
1742.243	12.043
1742.328	12.068
1742.405	12.093
1742.477	12.118
1742.544	12.144
1742.607	12.169
1742.666	12.195
1742.722	12.221
1742.776	12.247
1742.828	12.274
1742.877	12.300
1742.926	12.327
1742.973	12.353
1743.020	12.380
1743.066	12.407
1743.112	12.434
1743.158	12.462
1743.204	12.489
1743.251	12.516
1743.299	12.544
1743.349	12.571
1743.401	12.599
1743.457	12.626
1743.517	12.654
1743.582	12.681
1743.654	12.709
1743.735	12.736
1743.828	12.764
1743.937	12.791
1744.065	12.817
1744.219	12.843
1744.406	12.869
1744.635	12.893
1744.920	12.916
1745.275	12.938
1745.720	12.957
1746.280	12.974
1746.985	12.987
1747.869	12.995
1748.973	12.998
1750.340	12.995
1752.013	12.983
1754.026	12.963
1756.399	12.934
1759.126	12.895
1762.168	12.848
1765.447	12.794
1768.852	12.736
1772.255	12.678
1775.527	12.623
1778.559	12.574
1781.276	12.532
1783.642	12.499
1785.654	12.474
1787.335	12.458
1788.723	12.450
1789.862	12.448
1790.797	12.452
1791.569	12.459
1792.213	12.470
1792.758	12.484
1793.227	12.500
1793.641	12.517
1794.012	12.536
1794.354	12.555
1794.674	12.575
1794.979	12.595
1795.274	12.616
1795.563	12.637
1795.849	12.658
1796.136	12.679
1796.424	12.701
1796.716	12.722
1797.014	12.743
1797.318	12.764
1797.632	12.785
1797.956	12.806
1798.293	12.826
1798.645	12.846
1799.016	12.866
1799.410	12.885
1799.830	12.904
1800.283	12.922
1800.776	12.939
1801.318	12.955
1801.920	12.969
1802.594	12.982
1803.357	12.992
1804.227	13.000
1805.225	13.005
1806.374	13.006
1807.698	13.003
1809.221	12.995
1810.961	12.981
1812.932	12.961
1815.135	12.936
1817.556	12.905
1820.163	12.869
1822.906	12.829
1825.721	12.788
1828.533	12.746
1831.271	12.705
1833.868	12.668
1836.275	12.636
1838.460	12.608
1840.410	12.587
1842.126	12.571
1843.625	12.561
1844.926	12.555
1846.057	12.554
1847.042	12.557
1847.909	12.562
1848.679	12.570
1849.372	12.580
1850.006	12.592
1850.595	12.605
1851.151	12.619
1851.685	12.633
1852.203	12.648
1852.714	12.663
1853.222	12.678
1853.732	12.693
1854.247	12.709
1854.770	12.724
1855.303	12.738
1855.849	12.753
1856.409	12.767
