<j>	<F>
1.206	20.462
2.651	13.560
3.501	17.682
4.839	12.959
5.550	17.716
6.975	15.249
8.205	13.115
9.324	14.345
10.743	12.727
12.507	11.491
13.914	10.218
14.924	10.475
15.774	11.018
16.469	11.957
17.122	13.304
18.191	14.275
20.404	12.371
22.148	10.652
23.095	10.768
23.816	11.331
24.392	12.181
24.874	13.354
25.367	14.779
26.108	15.980
27.502	15.709
29.346	14.185
31.167	13.098
33.177	12.014
34.911	11.158
36.029	11.002
36.775	11.322
37.373	11.865
37.928	12.523
38.512	13.227
39.221	13.852
40.177	14.207
41.522	14.079
43.241	13.426
44.871	12.757
46.080	12.547
46.967	12.695
47.627	13.096
48.158	13.702
48.705	14.385
49.402	14.954
50.311	15.263
51.427	15.320
52.963	15.017
55.280	13.953
57.605	12.713
59.017	12.275
59.855	12.413
60.549	12.741
61.301	13.069
62.199	13.295
63.234	13.392
64.321	13.423
65.411	13.452
66.543	13.461
67.722	13.417
68.821	13.392
69.712	13.508
70.463	13.772
71.283	14.049
72.426	14.132
74.058	13.861
76.038	13.310
77.965	12.768
79.558	12.432
80.774	12.322
81.682	12.397
82.391	12.603
83.017	12.883
83.681	13.174
84.501	13.401
85.588	13.485
86.979	13.384
88.589	13.139
90.266	12.850
91.899	12.593
93.477	12.380
95.040	12.197
96.622	12.016
98.175	11.841
99.576	11.711
100.715	11.677
101.593	11.751
102.296	11.909
102.915	12.118
103.537	12.342
104.223	12.551
105.009	12.723
105.913	12.842
106.896	12.919
107.937	12.967
109.040	12.995
110.295	12.977
111.849	12.854
113.750	12.593
115.845	12.240
117.804	11.921
119.434	11.719
120.731	11.638
121.772	11.649
122.622	11.727
123.321	11.858
123.909	12.034
124.431	12.241
124.927	12.467
125.439	12.699
125.998	12.922
126.624	13.125
127.312	13.304
128.036	13.466
128.761	13.624
129.455	13.794
130.119	13.982
130.791	14.176
131.528	14.353
132.394	14.480
133.422	14.537
134.615	14.517
135.959	14.431
137.474	14.281
139.193	14.061
141.167	13.759
143.382	13.386
145.741	12.979
148.074	12.585
150.102	12.282
151.678	12.113
152.844	12.073
153.734	12.124
154.510	12.220
155.248	12.334
156.006	12.446
156.794	12.550
157.599	12.648
158.427	12.740
159.256	12.831
160.107	12.918
160.998	12.995
161.944	13.058
162.977	13.096
164.081	13.110
165.222	13.108
166.356	13.102
167.403	13.114
168.333	13.158
169.125	13.242
169.779	13.370
170.326	13.535
170.799	13.730
171.240	13.945
171.692	14.166
172.208	14.375
172.836	14.554
173.630	14.681
174.611	14.742
175.754	14.740
176.980	14.697
178.182	14.653
179.288	14.640
180.315	14.658
181.339	14.690
182.497	14.693
183.996	14.606
186.022	14.368
188.569	13.973
191.333	13.503
193.735	13.120
195.508	12.905
196.726	12.842
197.529	12.894
198.104	13.015
198.565	13.175
199.020	13.349
199.591	13.509
200.456	13.613
201.866	13.600
204.120	13.394
207.241	12.975
210.599	12.476
213.429	12.079
215.483	11.857
216.984	11.768
218.261	11.739
219.492	11.727
220.725	11.716
221.978	11.700
223.193	11.687
224.323	11.686
225.345	11.703
226.266	11.738
227.101	11.791
227.877	11.855
228.640	11.925
229.417	11.995
230.219	12.061
231.064	12.120
231.966	12.169
232.905	12.210
233.843	12.248
234.764	12.287
235.642	12.332
236.426	12.392
237.116	12.470
237.699	12.568
238.195	12.686
238.613	12.821
238.974	12.972
239.299	13.135
239.606	13.306
239.929	13.479
240.292	13.650
240.740	13.810
241.369	13.939
242.333	14.006
243.863	13.963
246.189	13.757
249.280	13.383
252.557	12.947
255.251	12.606
257.055	12.435
258.125	12.410
258.766	12.477
259.191	12.592
259.529	12.731
259.854	12.879
260.222	13.026
260.702	13.158
261.388	13.260
262.392	13.310
263.851	13.282
265.889	13.149
268.408	12.921
271.087	12.652
273.495	12.418
275.398	12.267
276.823	12.200
277.912	12.195
278.843	12.223
279.737	12.264
280.705	12.297
281.799	12.315
283.064	12.310
284.540	12.273
286.248	12.201
288.105	12.104
289.996	11.998
291.792	11.900
293.387	11.828
294.728	11.789
295.800	11.787
296.638	11.819
297.306	11.877
297.837	11.957
298.286	12.050
298.667	12.156
299.014	12.269
299.326	12.389
299.631	12.513
299.924	12.641
300.215	12.772
300.511	12.904
300.820	13.038
301.155	13.170
301.541	13.296
302.003	13.414
302.591	13.516
303.381	13.588
304.484	13.612
306.017	13.569
308.024	13.448
310.462	13.252
313.136	13.012
315.678	12.784
317.804	12.615
319.451	12.518
320.659	12.490
321.561	12.509
322.233	12.565
322.767	12.645
323.199	12.742
323.577	12.850
323.925	12.964
324.265	13.083
324.615	13.203
324.991	13.321
325.415	13.435
325.904	13.540
326.469	13.635
327.145	13.713
327.928	13.775
328.841	13.816
329.879	13.835
331.049	13.833
332.339	13.809
333.725	13.769
335.160	13.720
336.645	13.663
338.157	13.603
339.695	13.539
341.281	13.471
342.934	13.396
344.724	13.307
346.723	13.193
348.999	13.046
351.544	12.865
354.267	12.659
356.906	12.462
359.237	12.300
361.130	12.191
362.580	12.137
363.684	12.128
364.500	12.156
365.094	12.213
365.547	12.290
365.920	12.378
366.228	12.477
366.502	12.583
366.757	12.692
366.999	12.806
367.241	12.922
367.498	13.037
367.768	13.153
368.072	13.267
368.422	13.377
368.838	13.481
369.392	13.569
370.145	13.635
371.276	13.657
373.047	13.603
375.779	13.432
379.665	13.120
384.424	12.696
389.157	12.265
393.009	11.932
395.699	11.733
397.448	11.645
398.594	11.629
399.395	11.654
399.990	11.703
400.466	11.767
400.869	11.840
401.213	11.920
401.522	12.005
401.806	12.094
402.071	12.187
402.322	12.283
402.587	12.378
402.863	12.474
403.152	12.570
403.456	12.666
403.788	12.760
404.159	12.851
404.581	12.937
405.064	13.017
405.603	13.090
406.187	13.159
406.826	13.221
407.506	13.278
408.231	13.328
408.976	13.376
409.713	13.424
410.405	13.477
411.080	13.531
411.710	13.592
412.276	13.661
412.810	13.736
413.318	13.815
413.814	13.897
414.346	13.978
414.959	14.051
415.749	14.105
416.853	14.124
418.501	14.080
420.962	13.942
424.442	13.684
428.850	13.317
433.674	12.900
438.151	12.524
441.822	12.242
444.638	12.056
446.808	11.944
448.550	11.878
449.993	11.844
451.214	11.832
452.272	11.835
453.196	11.852
453.975	11.882
454.663	11.920
455.278	11.966
455.833	12.018
456.334	12.076
456.788	12.139
457.214	12.205
457.605	12.276
457.979	12.349
458.348	12.423
458.721	12.498
459.101	12.573
459.493	12.648
459.889	12.723
460.301	12.797
460.741	12.869
461.210	12.939
461.705	13.007
462.222	13.073
462.787	13.135
463.410	13.192
464.103	13.241
464.893	13.281
465.790	13.311
466.806	13.328
467.965	13.330
469.305	13.314
470.812	13.279
472.489	13.226
474.320	13.156
476.193	13.080
478.077	13.002
479.910	12.929
481.640	12.866
483.243	12.816
484.722	12.779
486.096	12.753
487.395	12.735
488.656	12.722
489.898	12.713
491.154	12.702
492.434	12.689
493.728	12.675
495.007	12.662
496.243	12.652
497.442	12.644
498.584	12.641
499.645	12.645
500.606	12.659
501.490	12.679
502.288	12.708
503.007	12.744
503.672	12.787
504.307	12.832
504.922	12.881
505.538	12.930
506.168	12.978
506.822	13.025
507.509	13.068
508.210	13.111
508.941	13.151
509.723	13.186
510.561	13.216
511.450	13.241
512.387	13.262
513.391	13.276
514.476	13.283
515.645	13.282
516.903	13.273
518.276	13.252
519.764	13.221
521.362	13.179
523.049	13.129
524.785	13.073
526.526	13.016
528.231	12.962
529.849	12.915
531.379	12.876
532.814	12.846
534.172	12.824
535.463	12.809
536.719	12.797
537.966	12.788
539.223	12.778
540.500	12.768
541.823	12.753
543.202	12.734
544.623	12.711
546.075	12.685
547.521	12.658
548.930	12.634
550.267	12.615
551.515	12.604
552.654	12.601
553.706	12.605
554.663	12.617
555.530	12.637
556.314	12.664
557.020	12.697
557.667	12.736
558.253	12.781
558.782	12.830
559.261	12.885
559.702	12.943
560.109	13.004
560.488	13.069
560.843	13.136
561.177	13.206
561.495	13.278
561.795	13.352
562.080	13.428
562.361	13.506
562.642	13.585
562.926	13.664
563.217	13.743
563.518	13.822
563.832	13.900
564.161	13.978
564.496	14.056
564.838	14.134
565.198	14.211
565.579	14.286
565.978	14.360
566.389	14.433
566.809	14.506
567.236	14.578
567.689	14.649
568.179	14.716
568.715	14.779
569.298	14.838
569.963	14.888
570.725	14.930
571.626	14.957
572.730	14.963
574.093	14.943
575.788	14.889
577.862	14.795
580.300	14.662
583.016	14.500
585.818	14.327
588.518	14.163
590.986	14.023
593.142	13.916
595.089	13.834
596.964	13.765
598.953	13.693
601.289	13.599
604.142	13.466
607.577	13.288
611.448	13.073
615.411	12.848
618.970	12.650
621.841	12.503
623.965	12.414
625.463	12.374
626.476	12.373
627.158	12.399
627.637	12.442
628.012	12.494
628.311	12.553
628.573	12.616
628.820	12.681
629.072	12.747
629.355	12.811
629.680	12.873
630.075	12.932
630.580	12.984
631.265	13.024
632.218	13.047
633.603	13.042
635.620	12.996
638.580	12.889
642.768	12.703
648.280	12.433
654.778	12.099
661.385	11.758
667.232	11.464
671.841	11.246
675.217	11.105
677.620	11.024
679.310	10.986
680.549	10.975
681.472	10.983
682.218	11.002
682.822	11.029
683.341	11.061
683.785	11.097
684.176	11.137
684.533	11.179
684.851	11.223
685.168	11.268
685.453	11.315
685.716	11.364
685.968	11.413
686.205	11.464
686.450	11.514
686.678	11.566
686.893	11.619
687.108	11.673
687.322	11.727
687.530	11.782
687.736	11.837
687.935	11.893
688.137	11.950
688.340	12.007
688.531	12.065
688.725	12.123
688.929	12.181
689.116	12.241
689.303	12.301
689.500	12.361
689.691	12.422
689.871	12.484
690.056	12.546
690.247	12.609
690.431	12.672
690.603	12.737
690.786	12.801
690.971	12.866
691.153	12.932
691.335	12.999
691.523	13.065
691.720	13.132
691.934	13.198
692.173	13.263
692.453	13.327
692.806	13.386
693.272	13.439
693.923	13.480
694.880	13.503
696.352	13.493
698.648	13.432
702.164	13.295
707.301	13.057
714.080	12.719
721.923	12.318
729.682	11.926
736.380	11.601
741.645	11.364
745.590	11.206
748.540	11.105
750.775	11.044
752.513	11.010
753.891	10.995
754.985	10.995
755.879	11.004
756.610	11.022
757.240	11.046
757.768	11.074
758.232	11.106
758.625	11.142
758.980	11.180
759.289	11.220
759.587	11.261
759.845	11.305
760.104	11.349
760.327	11.394
760.541	11.441
760.741	11.489
760.930	11.537
761.116	11.586
761.278	11.637
761.454	11.687
761.614	11.739
761.776	11.791
761.930	11.844
762.070	11.898
762.213	11.952
762.356	12.006
762.502	12.061
762.637	12.117
762.762	12.174
762.899	12.230
763.032	12.288
763.158	12.346
763.285	12.404
763.408	12.464
763.537	12.523
763.660	12.583
763.778	12.644
763.905	12.705
764.029	12.767
764.146	12.830
764.273	12.893
764.402	12.956
764.521	13.020
764.645	13.084
764.785	13.148
764.926	13.213
765.063	13.278
765.219	13.343
765.392	13.407
765.587	13.470
765.818	13.532
766.098	13.592
766.467	13.646
766.994	13.692
767.772	13.724
768.962	13.731
770.792	13.700
773.628	13.609
777.734	13.441
783.282	13.184
789.720	12.869
796.129	12.550
801.469	12.292
805.384	12.117
808.008	12.018
809.678	11.977
810.773	11.971
811.481	11.988
812.002	12.017
812.377	12.055
812.691	12.097
812.958	12.142
813.189	12.190
813.409	12.238
813.615	12.288
813.829	12.338
814.030	12.388
814.222	12.440
814.408	12.492
814.595	12.545
814.796	12.597
814.984	12.651
815.170	12.705
815.363	12.759
815.550	12.813
815.744	12.868
815.939	12.923
816.122	12.979
816.321	13.034
816.525	13.090
816.709	13.147
816.908	13.204
817.114	13.260
817.310	13.318
817.510	13.376
817.726	13.433
817.934	13.491
818.139	13.550
818.364	13.608
818.596	13.666
818.826	13.725
819.071	13.783
819.324	13.841
819.599	13.897
819.885	13.954
820.190	14.010
820.518	14.064
820.872	14.117
821.258	14.168
821.678	14.217
822.115	14.265
822.589	14.311
823.113	14.354
823.672	14.393
824.257	14.432
824.875	14.467
825.508	14.502
826.147	14.536
826.801	14.569
827.465	14.601
828.121	14.633
828.757	14.667
829.368	14.703
829.950	14.741
830.512	14.780
831.044	14.822
831.556	14.866
832.056	14.911
832.549	14.958
833.045	15.004
833.560	15.049
834.115	15.092
834.743	15.131
835.481	15.162
836.390	15.181
837.553	15.182
839.074	15.158
841.103	15.099
843.843	14.990
847.429	14.825
852.059	14.592
857.664	14.298
863.933	13.966
870.307	13.633
876.191	13.336
881.208	13.096
885.239	12.919
888.417	12.793
890.799	12.715
892.588	12.672
893.958	12.653
895.046	12.651
895.871	12.664
896.591	12.683
897.188	12.709
897.734	12.739
898.219	12.772
898.653	12.808
899.079	12.845
899.468	12.884
899.857	12.923
900.238	12.963
900.631	13.003
901.004	13.044
901.387	13.084
901.771	13.125
902.150	13.167
902.557	13.207
902.969	13.247
903.398	13.286
903.836	13.325
904.277	13.364
904.749	13.401
905.214	13.439
905.692	13.476
906.215	13.510
906.709	13.547
907.217	13.582
907.743	13.617
908.245	13.653
908.772	13.688
909.283	13.724
909.788	13.760
910.290	13.797
910.770	13.835
911.251	13.873
911.736	13.911
912.190	13.951
912.653	13.991
913.122	14.030
913.590	14.070
914.076	14.109
914.582	14.148
915.114	14.185
915.701	14.219
916.339	14.250
917.069	14.275
917.911	14.295
918.873	14.307
919.993	14.309
921.314	14.300
922.874	14.276
924.661	14.238
926.695	14.185
928.934	14.119
931.449	14.036
933.983	13.952
936.568	13.864
939.060	13.781
941.363	13.709
943.542	13.645
945.465	13.596
947.265	13.554
948.860	13.525
950.361	13.503
951.779	13.485
953.175	13.470
954.587	13.455
956.023	13.439
957.563	13.418
959.172	13.393
960.880	13.364
962.663	13.330
964.510	13.293
966.388	13.254
968.284	13.214
970.146	13.175
971.942	13.140
973.665	13.108
975.287	13.081
976.824	13.059
978.255	13.043
979.615	13.030
980.915	13.021
982.191	13.013
983.448	13.007
984.700	13.002
986.029	12.993
987.377	12.984
988.866	12.968
990.425	12.949
992.096	12.925
993.843	12.897
995.665	12.865
997.526	12.831
999.398	12.795
1001.188	12.764
1002.920	12.734
1004.482	12.712
1005.931	12.695
1007.167	12.688
1008.258	12.687
1009.207	12.693
1010.003	12.707
1010.712	12.724
1011.284	12.749
1011.813	12.776
1012.246	12.808
1012.650	12.841
1013.008	12.877
1013.349	12.914
1013.682	12.952
1014.014	12.990
1014.369	13.027
1014.735	13.065
1015.157	13.100
1015.600	13.134
1016.107	13.165
1016.681	13.194
1017.342	13.218
1018.096	13.238
1018.968	13.253
1019.928	13.263
1021.031	13.266
1022.159	13.267
1023.425	13.262
1024.730	13.254
1026.075	13.243
1027.444	13.231
1028.723	13.222
1029.964	13.216
1031.133	13.212
1032.182	13.214
1033.159	13.219
1034.005	13.231
1034.776	13.247
1035.475	13.267
1036.110	13.290
1036.696	13.316
1037.281	13.342
1037.812	13.371
1038.370	13.399
1038.913	13.428
1039.497	13.455
1040.104	13.482
1040.762	13.506
1041.458	13.528
1042.205	13.548
1042.992	13.565
1043.845	13.580
1044.744	13.592
1045.679	13.602
1046.684	13.608
1047.665	13.615
1048.729	13.618
1049.739	13.624
1050.826	13.626
1051.899	13.628
1052.971	13.630
1054.046	13.633
1055.138	13.634
1056.244	13.635
1057.381	13.635
1058.544	13.633
1059.762	13.629
1060.987	13.624
1062.297	13.615
1063.647	13.605
1065.028	13.592
1066.510	13.575
1067.957	13.560
1069.523	13.538
1071.081	13.517
1072.691	13.494
1074.335	13.469
1075.998	13.443
1077.687	13.416
1079.384	13.389
1081.088	13.361
1082.756	13.335
1084.411	13.309
1085.957	13.288
1087.442	13.270
1088.760	13.259
1090.007	13.251
1091.107	13.250
1092.124	13.254
1093.014	13.263
1093.823	13.276
1094.551	13.293
1095.229	13.314
1095.881	13.335
1096.536	13.357
1097.207	13.379
1097.946	13.398
1098.749	13.415
1099.688	13.426
1100.748	13.431
1102.003	13.428
1103.433	13.416
1105.048	13.396
1106.825	13.369
1108.751	13.334
1110.820	13.292
1112.870	13.250
1114.946	13.205
1116.838	13.169
1118.625	13.137
1120.125	13.117
1121.472	13.104
1122.612	13.101
1123.560	13.106
1124.374	13.117
1125.024	13.137
1125.592	13.160
1126.057	13.188
1126.472	13.219
1126.817	13.253
1127.137	13.288
1127.420	13.326
1127.698	13.364
1127.955	13.404
1128.222	13.443
1128.475	13.483
1128.756	13.522
1129.025	13.562
1129.334	13.600
1129.633	13.639
1129.987	13.676
1130.348	13.712
1130.777	13.746
1131.227	13.779
1131.758	13.808
1132.324	13.835
1132.986	13.859
1133.681	13.880
1134.468	13.897
1135.296	13.912
1136.244	13.921
1137.230	13.929
1138.324	13.931
1139.450	13.931
1140.624	13.928
1141.840	13.924
1143.038	13.919
1144.277	13.913
1145.475	13.909
1146.669	13.904
1147.816	13.902
1148.934	13.901
1149.993	13.903
1151.032	13.906
1152.016	13.911
1152.961	13.918
1153.849	13.928
1154.688	13.941
1155.490	13.955
1156.276	13.970
1157.000	13.989
1157.743	14.006
1158.401	14.028
1159.090	14.048
1159.729	14.071
1160.388	14.093
1161.027	14.116
1161.678	14.139
1162.352	14.161
1163.065	14.181
1163.831	14.199
1164.665	14.214
1165.591	14.224
1166.631	14.229
1167.792	14.229
1169.123	14.220
1170.569	14.206
1172.234	14.181
1174.020	14.150
1175.946	14.112
1177.981	14.068
1179.968	14.025
1181.983	13.981
1183.856	13.943
1185.638	13.910
1187.233	13.884
1188.657	13.867
1189.911	13.858
1191.022	13.856
1191.996	13.861
1192.852	13.871
1193.630	13.885
1194.313	13.904
1194.985	13.924
1195.575	13.948
1196.205	13.971
1196.803	13.995
1197.480	14.016
1198.195	14.036
1199.034	14.051
1200.012	14.059
1201.167	14.061
1202.614	14.049
1204.298	14.027
1206.396	13.987
1208.773	13.933
1211.546	13.862
1214.571	13.779
1217.701	13.691
1220.924	13.597
1223.831	13.516
1226.575	13.442
1228.832	13.389
1230.748	13.350
1232.284	13.328
1233.510	13.320
1234.537	13.321
1235.323	13.332
1236.000	13.349
1236.542	13.372
1237.014	13.398
1237.417	13.427
1237.767	13.459
1238.094	13.492
1238.374	13.527
1238.663	13.562
1238.900	13.600
1239.171	13.636
1239.391	13.675
1239.644	13.712
1239.856	13.751
1240.097	13.790
1240.309	13.830
1240.542	13.869
1240.757	13.909
1240.989	13.948
1241.212	13.988
1241.449	14.028
1241.685	14.068
1241.933	14.108
1242.187	14.147
1242.452	14.187
1242.726	14.226
1243.016	14.264
1243.307	14.303
1243.623	14.340
1243.949	14.378
1244.313	14.413
1244.687	14.449
1245.116	14.482
1245.557	14.514
1246.069	14.543
1246.603	14.572
1247.225	14.596
1247.869	14.620
1248.619	14.638
1249.433	14.654
1250.387	14.662
1251.454	14.666
1252.694	14.662
1254.100	14.649
1255.702	14.628
1257.494	14.597
1259.515	14.555
1261.714	14.505
1264.044	14.448
1266.456	14.387
1268.846	14.326
1271.188	14.267
1273.320	14.218
1275.273	14.176
1276.973	14.145
1278.423	14.126
1279.657	14.118
1280.651	14.120
1281.495	14.129
1282.159	14.147
1282.728	14.170
1283.185	14.198
1283.578	14.229
1283.907	14.264
1284.192	14.300
1284.442	14.339
1284.667	14.379
1284.877	14.421
1285.076	14.463
1285.275	14.505
1285.480	14.547
1285.707	14.589
1285.972	14.630
1286.301	14.668
1286.735	14.701
1287.330	14.729
1288.195	14.745
1289.462	14.744
1291.374	14.716
1294.182	14.650
1298.212	14.532
1303.485	14.360
1310.087	14.130
1317.149	13.878
1324.027	13.633
1329.823	13.431
1334.268	13.286
1337.535	13.190
1339.704	13.141
1341.278	13.117
1342.345	13.115
1343.158	13.123
1343.803	13.139
1344.309	13.161
1344.758	13.186
1345.137	13.213
1345.493	13.241
1345.841	13.270
1346.140	13.301
1346.455	13.331
1346.732	13.363
1347.003	13.396
1347.285	13.428
1347.522	13.462
1347.803	13.494
1348.036	13.529
1348.308	13.562
1348.565	13.596
1348.837	13.630
1349.134	13.662
1349.427	13.695
1349.776	13.727
1350.142	13.757
1350.577	13.786
1351.071	13.812
1351.686	13.834
1352.407	13.851
1353.271	13.864
1354.347	13.868
1355.583	13.866
1357.136	13.852
1358.903	13.829
1360.894	13.797
1363.229	13.751
1365.547	13.704
1368.093	13.649
1370.482	13.598
1372.773	13.551
1374.927	13.508
1376.774	13.477
1378.365	13.456
1379.707	13.444
1380.755	13.444
1381.699	13.448
1382.404	13.462
1383.011	13.480
1383.501	13.503
1383.909	13.529
1384.279	13.557
1384.592	13.587
1384.886	13.618
1385.165	13.651
1385.434	13.683
1385.709	13.716
1385.983	13.749
1386.285	13.782
1386.606	13.813
1386.954	13.844
1387.348	13.873
1387.773	13.901
1388.280	13.926
1388.826	13.950
1389.472	13.970
1390.178	13.987
1390.985	14.001
1391.911	14.010
1392.891	14.016
1394.027	14.016
1395.211	14.015
1396.537	14.007
1397.906	13.998
1399.373	13.984
1400.909	13.968
1402.506	13.950
1404.215	13.928
1406.054	13.901
1408.071	13.869
1410.436	13.825
1413.192	13.768
1416.519	13.691
1420.599	13.590
1425.335	13.465
1430.633	13.321
1436.343	13.163
1441.923	13.007
1446.952	12.871
1451.321	12.756
1454.815	12.671
1457.487	12.614
1459.549	12.579
1461.086	12.561
1462.180	12.559
1463.098	12.563
1463.774	12.576
1464.333	12.593
1464.840	12.612
1465.267	12.634
1465.670	12.657
1466.060	12.680
1466.415	12.704
1466.778	12.729
1467.148	12.753
1467.522	12.778
1467.896	12.802
1468.294	12.826
1468.708	12.849
1469.090	12.874
1469.525	12.897
1469.948	12.920
1470.387	12.943
1470.879	12.964
1471.324	12.987
1471.843	13.007
1472.376	13.027
1472.859	13.049
1473.427	13.067
1473.974	13.087
1474.553	13.106
1475.158	13.123
1475.731	13.142
1476.370	13.159
1476.972	13.176
1477.619	13.193
1478.270	13.209
1478.892	13.226
1479.566	13.241
1480.179	13.259
1480.841	13.275
1481.486	13.291
1482.090	13.309
1482.755	13.324
1483.346	13.343
1483.967	13.360
1484.544	13.378
1485.107	13.398
1485.670	13.417
1486.197	13.437
1486.729	13.458
1487.223	13.480
1487.729	13.501
1488.184	13.524
1488.645	13.547
1489.082	13.571
1489.476	13.597
1489.903	13.621
1490.270	13.648
1490.669	13.674
1491.034	13.701
1491.371	13.729
1491.734	13.756
1492.041	13.786
1492.394	13.813
1492.722	13.842
1493.044	13.871
1493.388	13.900
1493.696	13.930
1494.054	13.958
1494.405	13.987
1494.789	14.015
1495.203	14.042
1495.655	14.067
1496.168	14.090
1496.732	14.112
1497.396	14.130
1498.173	14.145
1499.069	14.155
1500.141	14.158
1501.427	14.154
1502.826	14.145
1504.620	14.122
1506.495	14.095
1508.593	14.060
1510.893	14.017
1513.187	13.974
1515.572	13.926
1517.841	13.883
1519.920	13.845
1521.896	13.812
1523.646	13.786
1525.050	13.773
1526.332	13.764
1527.315	13.767
1528.177	13.774
1528.878	13.787
1529.447	13.805
1529.945	13.826
1530.351	13.851
1530.694	13.878
1531.001	13.906
1531.268	13.937
1531.514	13.968
1531.759	14.000
1531.980	14.033
1532.212	14.065
1532.444	14.098
1532.677	14.131
1532.943	14.162
1533.212	14.194
1533.512	14.225
1533.868	14.254
1534.255	14.282
1534.704	14.308
1535.217	14.332
1535.815	14.352
1536.515	14.369
1537.350	14.381
1538.291	14.389
1539.423	14.390
1540.718	14.385
1542.173	14.373
1543.935	14.351
1545.729	14.326
1547.785	14.292
1549.902	14.255
1552.109	14.214
1554.365	14.172
1556.583	14.130
1558.774	14.090
1560.917	14.051
1563.020	14.015
1565.027	13.982
1567.096	13.948
1569.119	13.916
1571.202	13.883
1573.477	13.843
1575.738	13.805
1578.199	13.760
1580.776	13.711
1583.391	13.660
1586.010	13.610
1588.658	13.558
1591.169	13.511
1593.484	13.470
1595.784	13.429
1597.755	13.400
1599.610	13.375
1601.365	13.353
1602.942	13.338
1604.495	13.323
1606.007	13.311
1607.554	13.298
1609.120	13.285
1610.770	13.269
1612.549	13.250
1614.363	13.230
1616.303	13.205
1618.303	13.179
1620.384	13.150
1622.494	13.120
1624.483	13.093
1626.465	13.066
1628.343	13.042
1629.929	13.027
1631.463	13.013
1632.817	13.005
1633.935	13.003
1634.978	13.004
1635.854	13.010
1636.550	13.022
1637.186	13.036
1637.735	13.052
1638.152	13.073
1638.544	13.094
1638.893	13.117
1639.152	13.143
1639.417	13.169
1639.651	13.196
1639.828	13.224
1640.023	13.253
1640.195	13.282
1640.333	13.313
1640.495	13.342
1640.640	13.373
1640.767	13.404
1640.917	13.435
1641.053	13.466
1641.187	13.497
1641.335	13.528
1641.465	13.560
1641.613	13.592
1641.764	13.623
1641.911	13.655
1642.087	13.686
1642.259	13.717
1642.442	13.748
1642.652	13.778
1642.859	13.808
1643.089	13.838
1643.340	13.867
1643.602	13.896
1643.902	13.924
1644.230	13.951
1644.580	13.977
1644.964	14.002
1645.394	14.026
1645.844	14.049
1646.361	14.070
1646.956	14.088
1647.534	14.107
1648.234	14.122
1648.996	14.135
1649.743	14.148
1650.692	14.155
1651.612	14.162
1652.645	14.166
1653.871	14.163
1655.032	14.162
1656.406	14.154
1657.872	14.143
1659.357	14.131
1661.064	14.111
1662.868	14.089
1664.723	14.064
1666.729	14.035
1668.850	14.002
1670.962	13.969
1673.151	13.933
1675.384	13.895
1677.494	13.862
1679.545	13.830
1681.592	13.798
1683.391	13.775
1685.056	13.755
1686.655	13.738
1688.015	13.729
1689.270	13.723
1690.434	13.720
1691.441	13.722
1692.374	13.727
1693.264	13.734
1694.093	13.743
1694.881	13.753
1695.695	13.763
1696.523	13.772
1697.384	13.781
1698.336	13.787
1699.397	13.790
1700.574	13.790
1701.913	13.784
1703.456	13.773
1705.138	13.757
1707.038	13.734
1709.146	13.705
1711.432	13.670
1713.860	13.630
1716.378	13.587
1718.977	13.542
1721.501	13.498
1723.910	13.458
1726.218	13.421
1728.329	13.389
1730.277	13.363
1732.034	13.342
1733.607	13.328
1735.050	13.317
1736.313	13.311
1737.490	13.309
1738.576	13.309
1739.526	13.313
1740.469	13.318
1741.366	13.324
1742.150	13.334
1742.979	13.342
1743.782	13.351
1744.488	13.363
1745.251	13.374
1746.008	13.384
1746.696	13.397
1747.414	13.409
1748.128	13.421
1748.832	13.433
1749.535	13.446
1750.237	13.458
1750.969	13.470
1751.682	13.482
1752.396	13.494
1753.176	13.505
1753.929	13.516
1754.705	13.527
1755.577	13.534
1756.447	13.543
1757.378	13.549
1758.428	13.552
1759.532	13.553
1760.760	13.551
1762.123	13.545
1763.637	13.535
1765.329	13.520
1767.221	13.500
1769.359	13.472
1771.656	13.440
1774.216	13.400
1777.011	13.353
1779.766	13.307
1782.752	13.255
1785.827	13.200
1788.575	13.154
1791.291	13.108
1793.907	13.065
1796.131	13.033
1798.173	13.006
1800.017	12.984
1801.584	12.971
1802.938	12.963
1804.086	12.961
1805.106	12.962
1805.983	12.968
1806.736	12.977
1807.425	12.988
1808.054	13.001
1808.602	13.016
1809.131	13.032
1809.636	13.049
1810.112	13.066
1810.599	13.084
1811.063	13.102
1811.558	13.119
1812.059	13.136
1812.524	13.155
1813.064	13.171
1813.603	13.187
1814.120	13.204
1814.729	13.219
1815.346	13.233
1815.915	13.249
1816.566	13.262
1817.258	13.274
1817.860	13.289
1818.543	13.302
1819.299	13.312
1819.926	13.326
1820.617	13.338
1821.361	13.349
1821.999	13.362
1822.683	13.374
1823.369	13.387
1823.993	13.401
1824.622	13.414
1825.223	13.429
1825.805	13.444
1826.367	13.460
1826.881	13.477
1827.395	13.494
1827.880	13.512
1828.318	13.531
1828.751	13.551
1829.161	13.571
1829.530	13.592
1829.894	13.614
1830.248	13.636
1830.549	13.660
1830.852	13.683
1831.155	13.707
1831.413	13.732
1831.666	13.758
1831.924	13.783
1832.151	13.810
1832.374	13.836
1832.592	13.863
1832.800	13.890
1833.003	13.918
1833.195	13.946
1833.392	13.973
1833.576	14.002
1833.755	14.031
1833.948	14.059
1834.118	14.088
1834.300	14.117
1834.499	14.145
1834.667	14.175
1834.868	14.203
1835.081	14.232
1835.263	14.261
1835.491	14.289
1835.727	14.317
1835.934	14.346
1836.203	14.373
1836.476	14.400
1836.754	14.427
1837.110	14.452
1837.471	14.477
1837.880	14.500
1838.394	14.520
1838.951	14.539
1839.607	14.555
1840.395	14.566
1841.362	14.573
1842.504	14.574
1843.894	14.567
1845.653	14.549
1847.729	14.521
1850.185	14.480
1853.085	14.426
1856.378	14.360
1859.967	14.284
1863.670	14.204
1867.587	14.117
1871.289	14.036
1874.637	13.966
1877.803	13.901
1880.498	13.851
1882.744	13.814
1884.697	13.786
1886.372	13.768
1887.788	13.757
1888.963	13.754
1890.077	13.753
1891.112	13.754
1892.043	13.759
1892.974	13.765
1893.983	13.768
1894.980	13.772
1895.992	13.775
1897.152	13.775
1898.393	13.772
1899.643	13.769
1901.069	13.761
1902.672	13.749
1904.295	13.735
1906.060	13.718
1907.990	13.696
1909.970	13.673
1912.042	13.647
1914.234	13.617
1916.448	13.587
1918.722	13.556
1921.020	13.524
1923.309	13.492
1925.584	13.460
1927.840	13.429
1929.990	13.401
1932.067	13.375
1934.176	13.348
1936.071	13.327
1937.890	13.308
1939.684	13.289
1941.293	13.276
1942.772	13.265
1944.207	13.257
1945.553	13.250
1946.763	13.247
1947.929	13.245
1949.011	13.246
1950.033	13.248
1951.011	13.251
1951.922	13.257
1952.801	13.263
1953.683	13.269
1954.539	13.276
1955.365	13.283
1956.210	13.290
1957.043	13.298
1957.885	13.305
1958.703	13.313
1959.547	13.321
1960.454	13.327
1961.310	13.334
1962.177	13.340
1963.109	13.346
1964.017	13.351
1964.895	13.358
1965.814	13.363
1966.764	13.368
1967.652	13.374
1968.565	13.379
1969.494	13.384
1970.373	13.390
1971.238	13.397
1972.116	13.403
1972.925	13.411
1973.719	13.419
1974.549	13.427
1975.297	13.436
1976.021	13.447
1976.750	13.457
1977.425	13.468
1978.070	13.480
1978.699	13.493
1979.289	13.507
1979.895	13.520
1980.449	13.535
1980.965	13.551
1981.493	13.567
1981.984	13.583
1982.423	13.601
1982.883	13.619
1983.348	13.636
1983.735	13.656
1984.150	13.674
1984.557	13.694
1984.911	13.714
1985.274	13.735
1985.628	13.755
1985.981	13.776
1986.301	13.798
1986.633	13.819
1986.925	13.842
1987.212	13.865
1987.529	13.887
1987.777	13.911
1988.048	13.934
1988.328	13.958
1988.528	13.983
1988.802	14.007
1989.053	14.031
1989.233	14.057
1989.466	14.082
1989.698	14.107
1989.859	14.135
1990.052	14.161
1990.268	14.187
1990.411	14.215
1990.568	14.242
1990.768	14.269
1990.894	14.298
1991.023	14.326
1991.208	14.354
1991.317	14.383
1991.421	14.413
1991.595	14.441
1991.685	14.471
1991.770	14.502
1991.927	14.531
1992.003	14.562
1992.074	14.593
1992.214	14.623
1992.281	14.655
1992.344	14.687
1992.466	14.717
1992.523	14.749
1992.584	14.782
1992.690	14.813
1992.736	14.846
1992.797	14.879
1992.883	14.911
1992.917	14.945
1992.974	14.979
1993.046	15.012
1993.073	15.046
1993.133	15.080
1993.191	15.114
1993.212	15.149
1993.279	15.183
1993.318	15.218
1993.330	15.254
1993.407	15.287
1993.428	15.323
1993.446	15.359
1993.512	15.394
1993.527	15.431
1993.563	15.467
1993.605	15.502
1993.611	15.540
1993.668	15.575
1993.686	15.613
1993.690	15.650
1993.749	15.686
1993.757	15.724
1993.790	15.762
1993.819	15.799
1993.816	15.838
1993.869	15.875
1993.879	15.914
1993.895	15.952
1993.931	15.990
1993.931	16.030
1993.973	16.068
1993.983	16.108
1993.992	16.147
1994.028	16.186
1994.026	16.227
1994.064	16.266
1994.073	16.306
1994.083	16.347
1994.113	16.386
1994.107	16.428
1994.146	16.468
1994.152	16.509
1994.170	16.550
1994.188	16.591
1994.179	16.634
1994.219	16.674
1994.219	16.717
1994.245	16.758
1994.254	16.801
1994.263	16.843
1994.284	16.886
1994.272	16.930
1994.310	16.972
1994.308	17.015
1994.333	17.058
1994.341	17.102
1994.354	17.146
1994.367	17.190
1994.365	17.234
1994.390	17.278
1994.381	17.324
1994.411	17.368
1994.409	17.413
1994.430	17.458
1994.435	17.503
1994.449	17.549
1994.459	17.595
1994.466	17.641
1994.480	17.687
1994.483	17.733
1994.500	17.780
1994.494	17.827
1994.517	17.874
1994.508	17.922
1994.534	17.968
1994.528	18.017
1994.550	18.064
1994.546	18.113
1994.565	18.160
1994.564	18.209
1994.581	18.258
1994.580	18.307
1994.595	18.356
1994.596	18.406
1994.610	18.455
1994.610	18.505
1994.624	18.555
1994.625	18.605
1994.639	18.656
1994.638	18.707
1994.652	18.757
1994.651	18.809
1994.666	18.860
1994.663	18.912
1994.680	18.963
1994.674	19.016
1994.691	19.068
1994.687	19.121
1994.702	19.174
1994.700	19.227
1994.712	19.280
1994.713	19.334
1994.721	19.388
1994.726	19.442
1994.730	19.496
1994.739	19.550
1994.739	19.605
1994.751	19.660
1994.745	19.716
1994.759	19.771
1994.758	19.827
1994.767	19.883
1994.771	19.939
1994.775	19.996
1994.783	20.053
1994.778	20.110
1994.791	20.167
1994.789	20.225
1994.798	20.283
1994.802	20.341
1994.803	20.399
1994.812	20.458
1994.808	20.517
1994.818	20.576
1994.820	20.636
1994.823	20.695
1994.831	20.755
1994.827	20.816
1994.836	20.876
1994.839	20.937
1994.839	20.998
1994.847	21.060
1994.845	21.122
1994.852	21.183
1994.857	21.245
1994.852	21.308
1994.862	21.371
1994.864	21.434
1994.864	21.498
1994.871	21.561
1994.871	21.625
1994.874	21.690
1994.879	21.754
1994.878	21.819
1994.883	21.884
1994.887	21.949
1994.885	22.015
1994.890	22.081
1994.894	22.148
1994.892	22.215
1994.897	22.281
1994.901	22.349
1994.900	22.416
1994.903	22.484
1994.907	22.552
1994.907	22.621
1994.909	22.690
1994.913	22.759
1994.914	22.828
1994.914	22.898
1994.919	22.968
1994.921	23.039
1994.919	23.110
1994.923	23.180
1994.926	23.252
1994.927	23.324
1994.927	23.396
1994.930	23.468
1994.933	23.541
1994.932	23.614
1994.934	23.687
1994.937	23.761
1994.939	23.835
1994.937	23.909
1994.940	23.984
1994.943	24.059
