<j>	<F>
1.729	13.482
3.025	11.562
4.272	10.670
5.458	10.354
6.538	10.499
7.467	11.262
8.388	12.697
10.010	12.270
11.613	10.046
12.794	10.085
13.916	10.204
14.923	10.476
15.771	11.020
16.456	11.969
17.065	13.375
17.901	14.724
19.494	13.922
20.968	12.563
22.007	12.760
23.193	12.750
24.301	12.656
25.290	12.944
26.323	13.096
27.260	13.405
28.437	13.661
30.246	12.768
31.718	11.909
32.507	12.189
33.226	12.845
34.371	13.170
36.314	12.465
38.257	11.382
39.380	11.168
40.095	11.515
40.746	12.016
41.500	12.498
42.563	12.747
44.089	12.515
45.774	11.966
47.037	11.692
47.800	11.890
48.293	12.403
48.671	13.103
49.018	13.924
49.392	14.817
49.882	15.678
50.627	16.282
51.750	16.342
53.044	16.008
54.090	15.926
54.878	16.265
55.705	16.670
56.853	16.704
58.390	16.200
60.088	15.502
61.934	14.805
64.089	13.917
66.097	13.097
67.500	12.764
68.495	12.802
69.389	12.969
70.384	13.105
71.572	13.110
72.865	12.999
74.031	12.925
74.957	13.004
75.711	13.223
76.429	13.499
77.241	13.748
78.317	13.858
79.812	13.700
81.624	13.291
83.338	12.893
84.756	12.692
86.057	12.605
87.370	12.518
88.607	12.440
89.615	12.457
90.378	12.608
91.025	12.852
91.735	13.102
92.681	13.258
93.973	13.235
95.515	13.041
96.971	12.835
98.073	12.783
98.837	12.914
99.419	13.164
99.968	13.462
100.607	13.740
101.459	13.932
102.655	13.958
104.278	13.762
106.191	13.394
108.070	13.019
109.675	12.768
110.989	12.656
112.093	12.643
113.035	12.704
113.877	12.810
114.646	12.955
115.398	13.113
116.156	13.275
116.951	13.425
117.799	13.555
118.732	13.654
119.812	13.699
121.138	13.652
122.795	13.472
124.718	13.173
126.671	12.845
128.389	12.595
129.760	12.471
130.818	12.465
131.629	12.551
132.268	12.705
132.791	12.910
133.258	13.148
133.720	13.402
134.246	13.648
134.922	13.852
135.882	13.961
137.238	13.922
139.023	13.704
140.964	13.394
142.682	13.139
143.979	13.032
144.926	13.062
145.692	13.171
146.401	13.314
147.163	13.451
148.056	13.552
149.146	13.589
150.477	13.542
151.996	13.424
153.602	13.266
155.167	13.116
156.612	13.005
157.947	12.931
159.174	12.893
160.315	12.881
161.368	12.896
162.353	12.935
163.345	12.982
164.438	13.011
165.772	12.986
167.505	12.861
169.633	12.628
172.006	12.320
174.305	12.024
176.311	11.802
178.034	11.657
179.556	11.569
180.968	11.511
182.311	11.470
183.574	11.445
184.753	11.436
185.841	11.445
186.833	11.473
187.739	11.519
188.559	11.583
189.298	11.663
189.961	11.760
190.551	11.873
191.066	12.004
191.520	12.153
191.936	12.313
192.312	12.487
192.682	12.668
193.065	12.853
193.483	13.035
193.973	13.205
194.579	13.352
195.325	13.467
196.271	13.533
197.433	13.540
198.767	13.497
200.198	13.421
201.622	13.337
202.909	13.282
204.008	13.272
204.933	13.306
205.698	13.384
206.357	13.493
206.970	13.619
207.585	13.752
208.270	13.875
209.119	13.963
210.242	13.988
211.711	13.928
213.564	13.769
215.725	13.529
217.990	13.263
220.234	13.011
222.445	12.782
224.687	12.561
226.954	12.344
229.209	12.134
231.353	11.949
233.355	11.794
235.207	11.670
236.911	11.573
238.451	11.504
239.847	11.459
241.097	11.438
242.201	11.440
243.186	11.461
244.069	11.500
244.869	11.552
245.588	11.617
246.248	11.693
246.856	11.778
247.417	11.872
247.927	11.976
248.409	12.086
248.875	12.202
249.332	12.321
249.794	12.443
250.302	12.561
250.895	12.667
251.615	12.755
252.533	12.813
253.737	12.822
255.289	12.769
257.160	12.656
259.202	12.505
261.223	12.347
263.003	12.225
264.459	12.156
265.620	12.139
266.565	12.161
267.378	12.208
268.103	12.272
268.782	12.345
269.419	12.425
270.017	12.513
270.578	12.607
271.079	12.712
271.545	12.825
271.981	12.946
272.401	13.072
272.827	13.201
273.296	13.326
273.855	13.440
274.569	13.529
275.491	13.583
276.673	13.589
278.157	13.538
279.866	13.439
281.656	13.317
283.345	13.207
284.828	13.130
286.071	13.096
287.118	13.100
288.037	13.131
288.893	13.175
289.736	13.224
290.598	13.271
291.479	13.315
292.364	13.357
293.266	13.396
294.173	13.433
295.073	13.472
295.957	13.513
296.815	13.558
297.669	13.604
298.518	13.652
299.368	13.700
300.214	13.749
301.072	13.796
301.963	13.839
302.909	13.873
303.925	13.895
305.035	13.902
306.247	13.891
307.582	13.858
309.010	13.806
310.488	13.743
311.946	13.682
313.340	13.630
314.656	13.592
315.888	13.568
317.046	13.558
318.156	13.558
319.238	13.563
320.309	13.570
321.378	13.578
322.432	13.587
323.461	13.600
324.447	13.620
325.389	13.646
326.287	13.679
327.139	13.720
327.942	13.769
328.717	13.824
329.480	13.883
330.285	13.938
331.185	13.981
332.234	14.002
333.501	13.989
335.056	13.932
336.886	13.828
338.897	13.690
340.935	13.541
342.766	13.420
344.292	13.342
345.479	13.317
346.402	13.334
347.125	13.385
347.732	13.458
348.294	13.541
348.866	13.626
349.499	13.704
350.229	13.770
351.082	13.817
352.066	13.844
353.156	13.852
354.314	13.847
355.463	13.840
356.564	13.837
357.568	13.848
358.470	13.876
359.302	13.916
360.083	13.967
360.886	14.017
361.752	14.059
362.707	14.089
363.785	14.099
364.972	14.092
366.234	14.071
367.522	14.043
368.765	14.019
369.920	14.006
370.950	14.012
371.855	14.036
372.641	14.081
373.337	14.140
373.974	14.210
374.572	14.288
375.164	14.368
375.759	14.449
376.381	14.527
377.030	14.602
377.739	14.668
378.497	14.727
379.330	14.773
380.231	14.809
381.210	14.832
382.268	14.842
383.404	14.840
384.642	14.822
385.986	14.787
387.458	14.733
389.062	14.659
390.824	14.564
392.764	14.444
394.906	14.299
397.261	14.125
399.726	13.938
402.186	13.751
404.512	13.582
406.579	13.447
408.338	13.354
409.828	13.297
411.080	13.272
412.142	13.273
413.074	13.292
413.910	13.324
414.689	13.364
415.418	13.411
416.100	13.464
416.727	13.524
417.322	13.588
417.889	13.658
418.432	13.731
418.978	13.805
419.552	13.878
420.209	13.943
421.015	13.993
422.085	14.013
423.558	13.986
425.598	13.891
428.243	13.722
431.437	13.482
434.742	13.221
437.689	12.997
440.048	12.840
441.816	12.752
443.125	12.719
444.135	12.724
444.976	12.750
445.718	12.788
446.417	12.833
447.077	12.882
447.704	12.936
448.319	12.991
448.913	13.048
449.505	13.106
450.078	13.166
450.617	13.230
451.134	13.298
451.641	13.367
452.140	13.438
452.649	13.509
453.183	13.578
453.734	13.645
454.313	13.710
454.918	13.772
455.533	13.833
456.200	13.888
456.882	13.941
457.586	13.991
458.290	14.041
458.994	14.091
459.686	14.143
460.380	14.194
461.082	14.246
461.803	14.295
462.554	14.342
463.391	14.379
464.302	14.408
465.309	14.424
466.384	14.430
467.526	14.427
468.718	14.416
469.905	14.403
470.985	14.402
471.944	14.415
472.779	14.442
473.470	14.489
474.033	14.553
474.491	14.632
474.878	14.722
475.222	14.820
475.562	14.921
475.930	15.021
476.385	15.113
476.990	15.188
477.854	15.232
479.063	15.232
480.741	15.172
482.962	15.038
485.581	14.847
488.249	14.643
490.627	14.468
492.508	14.354
493.877	14.305
494.849	14.307
495.547	14.347
496.062	14.413
496.474	14.494
496.851	14.581
497.241	14.670
497.700	14.754
498.315	14.823
499.234	14.861
500.672	14.843
502.930	14.735
506.240	14.508
510.449	14.175
514.918	13.803
518.752	13.492
521.553	13.290
523.397	13.194
524.594	13.171
525.433	13.190
526.088	13.232
526.706	13.280
527.368	13.327
528.135	13.366
529.055	13.392
530.170	13.399
531.501	13.387
533.045	13.354
534.774	13.302
536.637	13.235
538.538	13.163
540.385	13.094
542.086	13.037
543.620	12.995
544.972	12.970
546.158	12.960
547.212	12.964
548.165	12.977
549.051	12.997
549.896	13.021
550.722	13.047
551.525	13.075
552.312	13.105
553.080	13.137
553.823	13.170
554.530	13.208
555.223	13.247
555.920	13.286
556.627	13.324
557.359	13.361
558.129	13.395
558.954	13.424
559.857	13.447
560.850	13.462
561.915	13.471
563.075	13.470
564.348	13.459
565.717	13.439
567.179	13.411
568.695	13.376
570.236	13.339
571.781	13.302
573.315	13.265
574.820	13.231
576.306	13.199
577.771	13.170
579.217	13.142
580.646	13.115
582.038	13.092
583.381	13.072
584.661	13.057
585.850	13.049
586.936	13.050
587.916	13.060
588.814	13.077
589.628	13.100
590.374	13.130
591.055	13.166
591.680	13.207
592.257	13.252
592.788	13.302
593.290	13.354
593.762	13.410
594.226	13.467
594.679	13.526
595.129	13.585
595.576	13.645
596.026	13.705
596.482	13.765
596.947	13.825
597.427	13.884
597.916	13.942
598.427	13.999
598.983	14.053
599.595	14.102
600.282	14.145
601.056	14.179
601.935	14.205
602.935	14.219
604.065	14.220
605.314	14.211
606.665	14.191
608.117	14.161
609.660	14.122
611.269	14.077
612.928	14.027
614.641	13.973
616.396	13.917
618.193	13.857
620.034	13.793
621.900	13.728
623.730	13.665
625.498	13.607
627.155	13.558
628.663	13.521
630.001	13.497
631.159	13.489
632.157	13.495
633.008	13.513
633.737	13.542
634.365	13.581
634.915	13.627
635.415	13.678
635.886	13.732
636.347	13.788
636.813	13.844
637.305	13.898
637.839	13.950
638.436	13.997
639.117	14.038
639.915	14.069
640.854	14.089
641.956	14.095
643.247	14.085
644.738	14.057
646.431	14.011
648.260	13.951
650.139	13.885
651.967	13.822
653.657	13.769
655.155	13.732
656.436	13.712
657.511	13.710
658.403	13.724
659.156	13.751
659.811	13.786
660.400	13.828
660.954	13.874
661.500	13.922
662.054	13.969
662.633	14.016
663.260	14.058
663.943	14.097
664.710	14.128
665.551	14.153
666.477	14.171
667.497	14.181
668.601	14.184
669.783	14.179
671.036	14.169
672.344	14.153
673.692	14.133
675.081	14.110
676.505	14.084
677.955	14.057
679.434	14.027
680.983	13.993
682.615	13.953
684.332	13.906
686.131	13.853
688.000	13.793
689.897	13.732
691.737	13.673
693.466	13.623
695.073	13.581
696.502	13.553
697.746	13.540
698.835	13.538
699.806	13.547
700.691	13.562
701.523	13.583
702.335	13.606
703.165	13.629
704.043	13.648
704.983	13.664
705.994	13.674
707.086	13.678
708.268	13.675
709.503	13.667
710.760	13.656
712.018	13.645
713.238	13.636
714.399	13.631
715.476	13.632
716.463	13.639
717.366	13.654
718.211	13.673
719.017	13.695
719.809	13.720
720.635	13.743
721.526	13.761
722.500	13.775
723.608	13.779
724.846	13.773
726.236	13.756
727.752	13.729
729.371	13.694
731.020	13.655
732.648	13.616
734.219	13.581
735.647	13.555
736.908	13.541
738.000	13.539
738.956	13.547
739.787	13.565
740.522	13.590
741.185	13.622
741.818	13.656
742.435	13.692
743.066	13.728
743.723	13.763
744.438	13.793
745.231	13.819
746.115	13.838
747.083	13.852
748.173	13.856
749.394	13.852
750.757	13.837
752.244	13.813
753.868	13.779
755.625	13.735
757.465	13.686
759.369	13.632
761.347	13.573
763.330	13.513
765.283	13.455
767.208	13.400
769.045	13.350
770.757	13.308
772.356	13.274
773.818	13.249
775.141	13.234
776.372	13.224
777.503	13.222
778.577	13.225
779.618	13.230
780.661	13.236
781.769	13.239
782.972	13.237
784.336	13.226
785.876	13.204
787.648	13.168
789.629	13.119
791.708	13.063
793.958	12.996
796.188	12.928
798.338	12.864
800.277	12.812
801.915	12.777
803.360	12.753
804.524	12.746
805.470	12.753
806.241	12.771
806.856	12.798
807.364	12.833
807.794	12.873
808.172	12.917
808.520	12.963
808.853	13.010
809.184	13.059
809.527	13.107
809.899	13.154
810.312	13.199
810.772	13.241
811.308	13.280
811.917	13.314
812.639	13.342
813.489	13.362
814.436	13.376
815.577	13.379
816.888	13.371
818.384	13.352
820.060	13.322
821.939	13.279
824.015	13.225
826.269	13.161
828.693	13.087
831.268	13.005
833.951	12.918
836.717	12.826
839.499	12.735
842.228	12.646
844.881	12.563
847.382	12.487
849.717	12.421
851.810	12.368
853.693	12.326
855.358	12.296
856.860	12.275
858.166	12.264
859.350	12.259
860.400	12.262
861.355	12.270
862.236	12.282
863.044	12.298
863.799	12.317
864.521	12.338
865.212	12.360
865.878	12.384
866.527	12.409
867.150	12.436
867.778	12.462
868.382	12.490
869.006	12.516
869.618	12.544
870.240	12.571
870.862	12.598
871.485	12.625
872.099	12.653
872.729	12.680
873.365	12.706
874.023	12.732
874.657	12.759
875.289	12.786
875.930	12.812
876.536	12.841
877.157	12.868
877.786	12.896
878.416	12.923
879.041	12.951
879.676	12.979
880.334	13.005
881.032	13.030
881.774	13.053
882.613	13.070
883.524	13.085
884.559	13.093
885.725	13.094
887.085	13.084
888.554	13.069
890.250	13.041
892.058	13.006
893.960	12.966
895.893	12.923
897.774	12.882
899.564	12.845
901.190	12.816
902.680	12.794
903.960	12.783
905.094	12.780
906.064	12.786
906.896	12.799
907.618	12.819
908.274	12.843
908.829	12.872
909.378	12.902
909.883	12.934
910.352	12.969
910.805	13.004
911.220	13.042
911.632	13.081
912.025	13.120
912.421	13.160
912.803	13.200
913.183	13.241
913.532	13.284
913.871	13.327
914.228	13.370
914.561	13.414
914.888	13.459
915.225	13.504
915.547	13.550
915.870	13.596
916.215	13.641
916.553	13.687
916.890	13.733
917.269	13.777
917.662	13.820
918.070	13.863
918.517	13.904
919.001	13.943
919.552	13.978
920.161	14.011
920.884	14.037
921.751	14.055
922.776	14.065
924.145	14.056
925.950	14.025
928.379	13.960
931.617	13.851
935.915	13.687
941.100	13.475
946.904	13.229
952.664	12.984
957.938	12.764
962.153	12.600
965.487	12.481
967.947	12.409
969.833	12.366
971.236	12.349
972.374	12.345
973.300	12.352
974.099	12.366
974.789	12.385
975.410	12.407
975.954	12.433
976.446	12.462
976.875	12.494
977.275	12.527
977.637	12.563
977.971	12.600
978.279	12.638
978.561	12.678
978.821	12.719
979.062	12.761
979.283	12.805
979.499	12.849
979.700	12.894
979.906	12.940
980.100	12.986
980.308	13.032
980.503	13.078
980.727	13.124
980.946	13.170
981.202	13.215
981.478	13.259
981.794	13.302
982.168	13.342
982.587	13.380
983.111	13.413
983.759	13.441
984.525	13.462
985.484	13.474
986.607	13.478
987.963	13.469
989.538	13.449
991.303	13.419
993.223	13.380
995.295	13.332
997.275	13.288
999.234	13.244
1001.043	13.206
1002.637	13.179
1004.019	13.163
1005.203	13.156
1006.168	13.161
1006.979	13.174
1007.647	13.195
1008.205	13.221
1008.697	13.252
1009.128	13.286
1009.542	13.321
1009.913	13.359
1010.305	13.396
1010.694	13.434
1011.118	13.470
1011.576	13.505
1012.072	13.539
1012.624	13.569
1013.255	13.596
1013.958	13.620
1014.790	13.637
1015.705	13.649
1016.761	13.655
1017.930	13.654
1019.217	13.647
1020.589	13.636
1022.081	13.617
1023.565	13.599
1025.088	13.577
1026.569	13.558
1027.970	13.541
1029.236	13.532
1030.413	13.527
1031.427	13.530
1032.332	13.539
1033.098	13.555
1033.786	13.575
1034.359	13.601
1034.884	13.631
1035.321	13.665
1035.720	13.701
1036.077	13.740
1036.387	13.782
1036.706	13.824
1036.993	13.868
1037.311	13.910
1037.627	13.953
1037.945	13.997
1038.318	14.037
1038.713	14.077
1039.193	14.113
1039.767	14.145
1040.480	14.169
1041.346	14.186
1042.518	14.188
1043.947	14.177
1045.831	14.142
1048.237	14.081
1051.183	13.993
1054.677	13.877
1058.763	13.730
1062.968	13.577
1067.268	13.419
1071.274	13.276
1074.871	13.153
1077.985	13.055
1080.631	12.980
1082.902	12.924
1084.851	12.883
1086.569	12.855
1088.084	12.836
1089.488	12.822
1090.742	12.815
1091.944	12.811
1093.010	12.813
1094.044	12.816
1094.951	12.824
1095.801	12.835
1096.562	12.850
1097.235	12.869
1097.862	12.890
1098.396	12.915
1098.903	12.941
1099.319	12.972
1099.727	13.003
1100.050	13.038
1100.377	13.073
1100.626	13.112
1100.886	13.151
1101.097	13.192
1101.316	13.233
1101.507	13.276
1101.702	13.318
1101.887	13.362
1102.076	13.406
1102.272	13.449
1102.472	13.493
1102.699	13.536
1102.948	13.578
1103.246	13.618
1103.591	13.657
1104.012	13.692
1104.531	13.723
1105.160	13.749
1105.958	13.767
1106.880	13.780
1108.051	13.781
1109.430	13.772
1111.079	13.750
1112.998	13.715
1115.105	13.670
1117.415	13.615
1119.729	13.559
1122.059	13.501
1124.319	13.446
1126.380	13.401
1128.319	13.360
1130.019	13.332
1131.573	13.310
1133.017	13.294
1134.337	13.284
1135.649	13.275
1136.909	13.269
1138.183	13.263
1139.513	13.255
1140.837	13.246
1142.251	13.234
1143.636	13.223
1145.086	13.209
1146.458	13.197
1147.835	13.186
1149.111	13.178
1150.303	13.174
1151.406	13.174
1152.398	13.178
1153.319	13.185
1154.113	13.198
1154.857	13.213
1155.491	13.234
1156.088	13.256
1156.602	13.282
1157.086	13.309
1157.533	13.339
1157.958	13.369
1158.378	13.401
1158.778	13.433
1159.200	13.464
1159.602	13.497
1160.043	13.528
1160.474	13.559
1160.947	13.589
1161.424	13.619
1161.947	13.646
1162.491	13.673
1163.072	13.699
1163.699	13.722
1164.349	13.744
1165.071	13.763
1165.804	13.782
1166.616	13.797
1167.423	13.812
1168.319	13.823
1169.260	13.832
1170.274	13.838
1171.371	13.840
1172.526	13.839
1173.772	13.834
1175.082	13.826
1176.463	13.815
1177.947	13.799
1179.500	13.780
1181.223	13.755
1183.078	13.724
1185.168	13.683
1187.530	13.632
1190.233	13.567
1193.331	13.486
1196.915	13.386
1200.787	13.274
1204.981	13.149
1209.182	13.024
1213.189	12.906
1216.914	12.799
1220.005	12.717
1222.734	12.649
1224.820	12.607
1226.546	12.580
1227.894	12.569
1228.970	12.568
1229.898	12.573
1230.663	12.586
1231.309	12.603
1231.916	12.622
1232.419	12.645
1232.948	12.667
1233.409	12.692
1233.861	12.717
1234.306	12.743
1234.708	12.771
1235.145	12.797
1235.536	12.826
1235.953	12.853
1236.357	12.881
1236.771	12.909
1237.190	12.937
1237.614	12.965
1238.060	12.992
1238.524	13.018
1239.026	13.044
1239.576	13.067
1240.150	13.090
1240.817	13.109
1241.524	13.127
1242.361	13.140
1243.304	13.150
1244.375	13.154
1245.635	13.151
1247.046	13.143
1248.700	13.125
1250.539	13.100
1252.635	13.065
1254.837	13.026
1257.355	12.975
1259.857	12.923
1262.458	12.868
1264.966	12.815
1267.333	12.767
1269.536	12.726
1271.513	12.692
1273.224	12.668
1274.769	12.650
1276.029	12.643
1277.107	12.643
1278.016	12.649
1278.743	12.662
1279.415	12.677
1279.948	12.698
1280.409	12.721
1280.803	12.748
1281.138	12.776
1281.450	12.806
1281.716	12.838
1281.964	12.870
1282.192	12.903
1282.400	12.938
1282.603	12.973
1282.793	13.008
1282.980	13.044
1283.170	13.080
1283.359	13.116
1283.544	13.152
1283.741	13.188
1283.938	13.225
1284.143	13.261
1284.351	13.297
1284.572	13.333
1284.818	13.369
1285.065	13.404
1285.350	13.438
1285.640	13.472
1285.987	13.504
1286.359	13.535
1286.796	13.564
1287.304	13.590
1287.895	13.614
1288.625	13.632
1289.501	13.644
1290.569	13.649
1291.925	13.643
1293.533	13.628
1295.600	13.594
1297.989	13.548
1300.831	13.484
1303.974	13.408
1307.377	13.321
1310.866	13.230
1314.357	13.139
1317.593	13.057
1320.535	12.986
1323.161	12.927
1325.395	12.884
1327.455	12.847
1329.212	12.822
1330.841	12.803
1332.377	12.788
1333.777	12.778
1335.147	12.769
1336.483	12.762
1337.715	12.758
1339.016	12.752
1340.221	12.749
1341.356	12.748
1342.507	12.747
1343.491	12.751
1344.454	12.756
1345.334	12.764
1346.097	12.776
1346.877	12.788
1347.545	12.803
1348.153	12.821
1348.718	12.840
1349.219	12.862
1349.684	12.885
1350.127	12.909
1350.524	12.935
1350.946	12.960
1351.331	12.987
1351.704	13.014
1352.105	13.040
1352.487	13.068
1352.913	13.093
1353.357	13.119
1353.827	13.143
1354.346	13.166
1354.896	13.188
1355.497	13.208
1356.175	13.226
1356.893	13.241
1357.686	13.255
1358.598	13.264
1359.546	13.271
1360.575	13.276
1361.664	13.278
1362.808	13.278
1363.994	13.276
1365.208	13.273
1366.449	13.269
1367.694	13.264
1368.894	13.261
1370.072	13.259
1371.193	13.258
1372.252	13.260
1373.281	13.262
1374.195	13.269
1375.105	13.277
1375.911	13.288
1376.696	13.300
1377.432	13.313
1378.133	13.329
1378.817	13.345
1379.485	13.362
1380.139	13.379
1380.804	13.396
1381.459	13.414
1382.145	13.430
1382.844	13.446
1383.551	13.462
1384.310	13.476
1385.054	13.491
1385.900	13.502
1386.703	13.514
1387.590	13.523
1388.478	13.532
1389.373	13.541
1390.374	13.546
1391.291	13.554
1392.283	13.558
1393.250	13.564
1394.199	13.571
1395.187	13.575
1396.120	13.582
1397.038	13.589
1397.959	13.597
1398.790	13.607
1399.663	13.616
1400.424	13.629
1401.199	13.642
1401.913	13.656
1402.600	13.672
1403.263	13.689
1403.886	13.708
1404.499	13.727
1405.064	13.748
1405.648	13.768
1406.180	13.791
1406.755	13.812
1407.290	13.834
1407.856	13.856
1408.398	13.879
1408.980	13.900
1409.562	13.921
1410.208	13.940
1410.823	13.960
1411.518	13.976
1412.212	13.994
1412.993	14.007
1413.800	14.020
1414.671	14.030
1415.596	14.039
1416.582	14.044
1417.653	14.047
1418.768	14.048
1420.047	14.042
1421.355	14.036
1422.813	14.023
1424.367	14.007
1426.046	13.987
1427.893	13.960
1429.873	13.928
1432.043	13.889
1434.432	13.843
1436.967	13.792
1439.882	13.727
1442.963	13.658
1446.463	13.575
1450.277	13.482
1454.415	13.378
1458.732	13.269
1463.283	13.152
1467.647	13.042
1471.811	12.939
1475.684	12.845
1479.030	12.769
1481.880	12.710
1484.314	12.665
1486.325	12.633
1487.890	12.617
1489.305	12.605
1490.396	12.604
1491.302	12.610
1492.152	12.617
1492.803	12.631
1493.405	12.647
1493.967	12.664
1494.432	12.684
1494.891	12.705
1495.323	12.726
1495.718	12.749
1496.120	12.772
1496.481	12.796
1496.838	12.821
1497.203	12.845
1497.542	12.870
1497.894	12.895
1498.251	12.920
1498.600	12.945
1498.973	12.969
1499.330	12.994
1499.697	13.019
1500.084	13.044
1500.451	13.068
1500.846	13.093
1501.246	13.117
1501.667	13.140
1502.099	13.163
1502.503	13.187
1502.963	13.210
1503.400	13.233
1503.856	13.255
1504.339	13.277
1504.777	13.300
1505.281	13.321
1505.751	13.343
1506.218	13.366
1506.746	13.386
1507.201	13.409
1507.720	13.430
1508.227	13.451
1508.690	13.474
1509.210	13.494
1509.670	13.517
1510.180	13.539
1510.703	13.559
1511.195	13.582
1511.745	13.602
1512.282	13.622
1512.865	13.642
1513.503	13.659
1514.198	13.676
1515.013	13.688
1516.009	13.694
1517.178	13.695
1518.637	13.687
1520.558	13.664
1522.889	13.628
1525.843	13.572
1529.498	13.493
1533.807	13.393
1538.592	13.276
1543.649	13.150
1548.863	13.019
1553.456	12.906
1557.529	12.809
1561.084	12.729
1563.774	12.676
1565.895	12.641
1567.643	12.619
1568.911	12.612
1569.875	12.614
1570.713	12.621
1571.357	12.634
1571.862	12.652
1572.335	12.670
1572.739	12.691
1573.071	12.715
1573.402	12.738
1573.714	12.762
1573.980	12.788
1574.267	12.813
1574.547	12.839
1574.799	12.866
1575.076	12.892
1575.355	12.918
1575.615	12.944
1575.910	12.970
1576.218	12.995
1576.509	13.021
1576.843	13.046
1577.206	13.070
1577.540	13.095
1577.933	13.118
1578.361	13.141
1578.750	13.164
1579.230	13.185
1579.753	13.205
1580.227	13.226
1580.832	13.243
1581.476	13.258
1582.049	13.277
1582.786	13.289
1583.530	13.302
1584.229	13.316
1585.108	13.325
1585.967	13.334
1586.853	13.342
1587.879	13.346
1588.838	13.351
1589.875	13.355
1590.979	13.356
1592.059	13.357
1593.235	13.356
1594.402	13.355
1595.580	13.353
1596.814	13.350
1598.026	13.347
1599.245	13.344
1600.420	13.342
1601.617	13.339
1602.750	13.339
1603.862	13.339
1604.973	13.339
1605.939	13.343
1606.938	13.346
1607.895	13.351
1608.658	13.362
1609.481	13.371
1610.206	13.383
1610.828	13.398
1611.493	13.412
1612.027	13.430
1612.513	13.450
1613.011	13.470
1613.421	13.493
1613.803	13.516
1614.157	13.541
1614.473	13.567
1614.766	13.593
1615.053	13.621
1615.309	13.649
1615.548	13.678
1615.805	13.707
1616.025	13.737
1616.273	13.766
1616.539	13.795
1616.798	13.824
1617.111	13.852
1617.472	13.878
1617.903	13.902
1618.476	13.923
1619.208	13.938
1620.206	13.946
1621.644	13.940
1623.676	13.917
1626.559	13.868
1630.652	13.783
1636.073	13.658
1643.080	13.485
1651.200	13.277
1659.867	13.053
1668.506	12.829
1675.645	12.649
1681.392	12.511
1685.886	12.409
1689.122	12.345
1691.439	12.307
1693.180	12.287
1694.534	12.278
1695.548	12.280
1696.369	12.286
1697.073	12.297
1697.679	12.310
1698.208	12.325
1698.688	12.342
1699.155	12.359
1699.591	12.377
1699.996	12.396
1700.396	12.415
1700.801	12.435
1701.190	12.454
1701.579	12.474
1701.997	12.493
1702.418	12.512
1702.814	12.532
1703.220	12.552
1703.676	12.570
1704.115	12.589
1704.519	12.608
1705.014	12.626
1705.510	12.643
1705.913	12.663
1706.403	12.681
1706.939	12.697
1707.380	12.716
1707.853	12.734
1708.401	12.750
1708.863	12.769
1709.301	12.788
1709.849	12.804
1710.335	12.822
1710.761	12.841
1711.270	12.858
1711.752	12.877
1712.169	12.896
1712.642	12.915
1713.100	12.934
1713.512	12.954
1713.965	12.973
1714.400	12.992
1714.809	13.013
1715.253	13.032
1715.667	13.053
1716.086	13.073
1716.546	13.092
1716.959	13.113
1717.387	13.133
1717.883	13.152
1718.315	13.172
1718.764	13.192
1719.309	13.209
1719.779	13.228
1720.270	13.247
1720.872	13.262
1721.390	13.280
1721.944	13.297
1722.604	13.311
1723.189	13.327
1723.816	13.342
1724.530	13.355
1725.185	13.369
1725.895	13.382
1726.643	13.393
1727.370	13.405
1728.161	13.415
1728.943	13.425
1729.744	13.435
1730.612	13.443
1731.421	13.453
1732.301	13.460
1733.241	13.466
1734.084	13.474
1735.020	13.480
1736.023	13.484
1736.923	13.491
1737.921	13.494
1739.014	13.496
1739.980	13.500
1741.035	13.503
1742.198	13.501
1743.225	13.504
1744.304	13.506
1745.473	13.504
1746.561	13.505
1747.645	13.506
1748.766	13.506
1749.855	13.507
1750.893	13.509
1751.905	13.512
1752.932	13.514
1753.862	13.520
1754.735	13.527
1755.661	13.532
1756.468	13.541
1757.221	13.551
1758.048	13.560
1758.760	13.572
1759.427	13.585
1760.151	13.597
1760.813	13.611
1761.435	13.625
1762.112	13.639
1762.794	13.652
1763.448	13.667
1764.184	13.679
1764.979	13.689
1765.778	13.699
1766.723	13.706
1767.772	13.709
1768.875	13.711
1770.211	13.706
1771.722	13.696
1773.378	13.682
1775.323	13.659
1777.510	13.629
1779.900	13.594
1782.519	13.551
1785.356	13.502
1788.301	13.450
1791.342	13.396
1794.426	13.340
1797.468	13.285
1800.438	13.232
1803.358	13.181
1806.068	13.136
1808.651	13.096
1811.229	13.055
1813.582	13.021
1815.849	12.991
1818.175	12.958
1820.387	12.930
1822.579	12.902
1824.815	12.874
1827.098	12.844
1829.456	12.813
1831.859	12.782
1834.244	12.750
1836.872	12.713
1839.566	12.675
1842.148	12.640
1844.815	12.602
1847.708	12.560
1850.488	12.520
1853.245	12.482
1856.196	12.439
1859.307	12.394
1862.538	12.348
1866.081	12.295
1870.031	12.235
1874.518	12.164
1879.604	12.081
1885.225	11.988
1891.196	11.888
1897.480	11.781
1903.911	11.671
1909.908	11.570
1915.247	11.483
1919.942	11.408
1923.937	11.348
1927.194	11.303
1929.789	11.271
1931.867	11.251
1933.469	11.240
1934.753	11.236
1935.829	11.236
1936.725	11.240
1937.451	11.247
1938.055	11.257
1938.615	11.268
1939.179	11.280
1939.686	11.292
1940.144	11.305
1940.560	11.320
1941.016	11.333
1941.505	11.346
1941.942	11.360
1942.350	11.375
1942.775	11.389
1943.276	11.402
1943.749	11.415
1944.169	11.430
1944.578	11.444
1945.054	11.458
1945.574	11.470
1946.037	11.484
1946.451	11.499
1946.912	11.512
1947.421	11.525
1947.910	11.539
1948.340	11.553
1948.790	11.567
1949.278	11.580
1949.776	11.594
1950.224	11.608
1950.660	11.622
1951.123	11.636
1951.598	11.650
1952.063	11.664
1952.493	11.678
1952.919	11.693
1953.354	11.708
1953.812	11.722
1954.240	11.737
1954.645	11.752
1955.035	11.767
1955.452	11.782
1955.883	11.797
1956.266	11.813
1956.597	11.830
1956.958	11.846
1957.384	11.861
1957.754	11.877
1958.057	11.895
1958.357	11.913
1958.740	11.929
1959.084	11.946
1959.354	11.964
1959.606	11.983
1959.951	12.000
1960.266	12.018
1960.497	12.037
1960.702	12.057
1961.008	12.075
1961.295	12.093
1961.499	12.114
1961.662	12.135
1961.925	12.154
1962.182	12.173
1962.358	12.194
1962.495	12.216
1962.717	12.236
1962.940	12.257
1963.086	12.279
1963.207	12.301
1963.397	12.322
1963.584	12.344
1963.705	12.366
1963.812	12.390
1963.977	12.412
1964.129	12.434
1964.234	12.457
1964.328	12.481
1964.475	12.504
1964.603	12.527
1964.691	12.551
1964.775	12.575
1964.906	12.599
1965.013	12.623
1965.096	12.647
1965.184	12.672
1965.294	12.696
1965.391	12.721
1965.471	12.746
1965.557	12.771
1965.652	12.795
1965.742	12.821
1965.820	12.846
1965.910	12.871
1966.010	12.896
1966.108	12.921
1966.199	12.947
1966.299	12.972
1966.412	12.997
1966.523	13.023
1966.640	13.048
1966.772	13.073
1966.915	13.098
1967.066	13.122
1967.231	13.147
1967.423	13.171
1967.624	13.194
1967.849	13.217
1968.120	13.239
1968.417	13.261
1968.725	13.282
1969.085	13.302
1969.526	13.321
1969.984	13.338
1970.435	13.356
1971.075	13.369
1971.771	13.381
1972.433	13.394
1973.125	13.406
1974.131	13.410
1975.105	13.414
1975.938	13.422
1977.026	13.424
1978.302	13.420
1979.340	13.422
1980.352	13.425
1981.746	13.418
1982.950	13.416
1983.918	13.420
1985.049	13.419
1986.316	13.415
1987.191	13.421
1988.025	13.428
1989.017	13.430
1989.789	13.439
1990.402	13.451
1991.027	13.463
1991.670	13.475
1992.141	13.492
1992.533	13.510
1992.945	13.529
1993.297	13.549
1993.560	13.571
1993.786	13.594
1994.058	13.617
1994.245	13.641
1994.362	13.668
1994.550	13.693
1994.696	13.719
1994.776	13.747
1994.876	13.774
1994.997	13.802
1995.057	13.830
1995.100	13.860
1995.208	13.888
1995.260	13.917
1995.267	13.948
1995.364	13.976
1995.417	14.006
1995.423	14.037
1995.484	14.067
1995.540	14.097
1995.549	14.129
1995.585	14.160
1995.641	14.190
1995.653	14.222
1995.673	14.253
1995.730	14.284
1995.742	14.316
1995.752	14.349
1995.809	14.380
1995.822	14.412
1995.825	14.445
1995.881	14.477
1995.894	14.510
1995.894	14.543
1995.948	14.575
1995.960	14.608
1995.959	14.642
1996.011	14.674
1996.019	14.708
1996.021	14.742
1996.068	14.775
1996.071	14.810
1996.079	14.844
1996.120	14.877
1996.118	14.912
1996.135	14.947
1996.170	14.981
1996.160	15.016
1996.190	15.051
1996.216	15.086
1996.199	15.122
1996.242	15.156
1996.260	15.192
1996.241	15.229
1996.286	15.264
1996.291	15.300
1996.292	15.336
1996.326	15.372
1996.320	15.409
1996.340	15.445
1996.365	15.482
1996.345	15.520
1996.383	15.556
1996.391	15.594
1996.386	15.632
1996.419	15.668
1996.412	15.707
1996.431	15.744
1996.450	15.782
1996.430	15.822
1996.467	15.859
1996.468	15.898
1996.474	15.937
1996.498	15.975
1996.481	16.015
1996.511	16.054
1996.515	16.093
1996.516	16.133
1996.540	16.172
1996.524	16.213
1996.552	16.253
1996.554	16.293
1996.558	16.334
1996.578	16.374
1996.560	16.416
1996.590	16.456
1996.588	16.497
1996.598	16.539
1996.610	16.580
1996.600	16.622
1996.624	16.664
1996.614	16.706
1996.633	16.748
1996.636	16.791
1996.640	16.833
1996.654	16.876
1996.642	16.920
1996.665	16.962
1996.656	17.006
1996.674	17.049
1996.674	17.093
1996.681	17.137
1996.689	17.181
1996.686	17.226
1996.703	17.270
1996.689	17.315
1996.711	17.360
1996.702	17.405
1996.718	17.450
1996.716	17.496
1996.725	17.542
1996.728	17.588
1996.732	17.634
1996.739	17.680
1996.738	17.727
1996.750	17.773
1996.744	17.821
1996.759	17.867
1996.749	17.915
1996.766	17.962
1996.755	18.011
1996.773	18.058
1996.764	18.107
1996.779	18.155
1996.772	18.204
1996.786	18.252
1996.780	18.302
1996.792	18.351
1996.787	18.401
1996.799	18.450
1996.793	18.500
1996.805	18.550
1996.800	18.601
1996.811	18.651
1996.805	18.703
1996.818	18.753
1996.811	18.805
1996.824	18.856
1996.816	18.908
1996.830	18.960
1996.822	19.013
1996.834	19.065
1996.828	19.118
1996.838	19.170
1996.835	19.224
1996.841	19.277
1996.842	19.331
1996.845	19.385
1996.849	19.439
1996.848	19.493
1996.856	19.548
1996.850	19.603
1996.861	19.658
1996.855	19.714
1996.864	19.769
1996.862	19.825
1996.866	19.881
1996.869	19.937
1996.868	19.994
1996.876	20.051
1996.869	20.108
1996.878	20.165
1996.876	20.223
1996.880	20.281
1996.884	20.339
1996.881	20.398
1996.889	20.456
1996.885	20.516
1996.890	20.575
1996.892	20.634
1996.891	20.694
1996.897	20.754
1996.894	20.815
1996.898	20.875
1996.901	20.936
1996.899	20.997
1996.905	21.058
1996.903	21.120
1996.906	21.182
1996.911	21.244
1996.906	21.307
1996.911	21.370
1996.913	21.433
1996.911	21.497
1996.916	21.560
1996.916	21.624
1996.917	21.689
1996.921	21.753
1996.920	21.818
1996.921	21.883
1996.925	21.949
1996.923	22.015
1996.925	22.081
1996.929	22.147
1996.927	22.214
1996.929	22.281
1996.932	22.348
1996.931	22.415
1996.933	22.483
1996.936	22.551
1996.935	22.620
1996.936	22.689
1996.939	22.758
1996.940	22.827
1996.938	22.897
1996.942	22.967
1996.944	23.038
1996.942	23.108
1996.944	23.179
1996.946	23.251
1996.947	23.322
1996.946	23.395
1996.948	23.467
1996.950	23.539
1996.950	23.613
1996.950	23.686
1996.952	23.759
1996.954	23.833
1996.953	23.908
