<j>	<F>
1.688	13.617
2.846	12.200
3.745	13.074
4.445	18.261
5.799	15.918
6.972	13.361
7.650	17.451
8.853	16.818
10.299	14.569
11.285	14.289
12.437	15.451
14.196	12.603
15.224	12.440
16.278	13.019
17.499	12.604
18.345	13.096
19.257	13.893
20.387	13.881
21.473	13.943
22.592	13.909
23.659	13.997
24.707	14.083
25.701	14.342
26.814	14.476
28.291	14.008
29.857	13.045
30.951	12.909
31.870	13.185
32.675	13.588
33.375	14.283
34.407	14.781
36.391	13.857
38.421	12.357
39.436	12.185
40.038	12.719
40.604	13.409
41.247	14.066
42.007	14.596
42.913	14.945
44.046	15.005
45.449	14.681
47.001	14.149
48.515	13.645
49.807	13.384
50.944	13.353
52.079	13.342
53.145	13.347
54.019	13.513
54.722	13.876
55.357	14.356
56.038	14.844
56.900	15.195
58.147	15.174
59.802	14.653
61.326	14.116
62.311	14.077
62.917	14.467
63.378	15.073
63.853	15.745
64.493	16.317
65.514	16.533
67.170	16.099
69.471	15.049
71.969	13.885
74.046	13.069
75.390	12.774
76.150	12.909
76.616	13.293
76.980	13.800
77.371	14.348
77.947	14.830
79.021	15.023
81.025	14.570
83.682	13.550
85.755	12.815
86.993	12.652
87.957	12.741
89.089	12.807
90.655	12.685
92.676	12.327
94.795	11.881
96.590	11.559
97.992	11.421
99.171	11.398
100.276	11.418
101.345	11.450
102.352	11.498
103.282	11.573
104.147	11.680
105.030	11.797
106.056	11.879
107.341	11.880
108.943	11.761
110.711	11.560
112.393	11.361
113.786	11.249
114.891	11.240
115.815	11.303
116.675	11.399
117.528	11.502
118.403	11.599
119.283	11.691
120.157	11.784
121.019	11.882
121.891	11.981
122.821	12.069
123.868	12.124
125.059	12.130
126.366	12.088
127.682	12.030
128.901	11.992
129.961	12.003
130.881	12.062
131.719	12.156
132.533	12.265
133.374	12.370
134.263	12.461
135.216	12.531
136.218	12.583
137.245	12.620
138.254	12.660
139.230	12.708
140.174	12.773
141.171	12.831
142.326	12.852
143.743	12.796
145.450	12.642
147.250	12.439
148.905	12.261
150.227	12.175
151.239	12.185
152.046	12.264
152.727	12.387
153.346	12.533
153.923	12.696
154.467	12.872
154.981	13.061
155.483	13.260
155.990	13.465
156.550	13.664
157.246	13.830
158.223	13.921
159.652	13.874
161.681	13.634
164.098	13.246
166.401	12.865
168.205	12.625
169.505	12.543
170.526	12.559
171.467	12.610
172.425	12.665
173.490	12.696
174.679	12.697
176.021	12.660
177.534	12.579
179.160	12.468
180.834	12.340
182.458	12.216
183.896	12.132
185.122	12.097
186.165	12.107
187.065	12.155
187.901	12.224
188.740	12.297
189.616	12.364
190.574	12.415
191.620	12.445
192.728	12.459
193.877	12.459
195.029	12.455
196.125	12.461
197.169	12.479
198.164	12.508
199.119	12.549
200.062	12.593
201.013	12.636
201.953	12.681
202.877	12.728
203.779	12.778
204.633	12.839
205.452	12.910
206.262	12.985
207.093	13.059
207.989	13.122
209.017	13.159
210.220	13.158
211.619	13.111
213.181	13.021
214.793	12.911
216.284	12.819
217.552	12.770
218.571	12.775
219.355	12.835
219.962	12.938
220.457	13.071
220.899	13.221
221.309	13.385
221.721	13.552
222.167	13.716
222.660	13.873
223.214	14.019
223.856	14.145
224.614	14.245
225.496	14.315
226.548	14.345
227.843	14.318
229.448	14.219
231.384	14.041
233.577	13.798
235.818	13.536
237.829	13.318
239.455	13.185
240.710	13.134
241.689	13.148
242.477	13.206
243.146	13.294
243.742	13.400
244.292	13.518
244.794	13.649
245.251	13.791
245.675	13.943
246.069	14.104
246.425	14.278
246.757	14.462
247.073	14.654
247.392	14.851
247.730	15.048
248.115	15.240
248.585	15.416
249.211	15.558
250.098	15.639
251.431	15.614
253.458	15.425
256.448	15.014
260.327	14.404
264.428	13.754
268.007	13.229
270.795	12.885
272.994	12.675
274.849	12.543
276.536	12.449
278.136	12.373
279.656	12.310
281.103	12.258
282.419	12.225
283.571	12.214
284.547	12.230
285.362	12.271
286.032	12.336
286.587	12.421
287.056	12.522
287.476	12.633
287.876	12.751
288.280	12.872
288.707	12.991
289.176	13.106
289.710	13.212
290.315	13.307
291.000	13.388
291.731	13.461
292.515	13.523
293.327	13.579
294.150	13.631
294.949	13.689
295.751	13.747
296.601	13.801
297.617	13.834
299.000	13.816
301.030	13.702
303.995	13.444
307.921	13.033
312.196	12.557
315.882	12.159
318.506	11.916
320.210	11.810
321.344	11.792
322.167	11.822
322.814	11.880
323.377	11.952
323.885	12.032
324.377	12.117
324.859	12.204
325.345	12.292
325.848	12.380
326.385	12.464
326.981	12.543
327.665	12.612
328.484	12.664
329.475	12.695
330.660	12.700
332.071	12.674
333.685	12.618
335.461	12.537
337.267	12.448
338.939	12.371
340.395	12.320
341.622	12.297
342.613	12.306
343.383	12.345
343.997	12.406
344.494	12.485
344.909	12.576
345.266	12.678
345.594	12.785
345.900	12.898
346.207	13.013
346.521	13.130
346.870	13.243
347.259	13.354
347.709	13.457
348.246	13.550
348.883	13.629
349.650	13.689
350.545	13.730
351.573	13.750
352.724	13.750
353.976	13.734
355.315	13.705
356.752	13.663
358.326	13.603
360.097	13.517
362.042	13.407
364.091	13.281
366.132	13.151
368.003	13.040
369.582	12.966
370.809	12.938
371.730	12.953
372.428	13.000
372.963	13.072
373.420	13.159
373.859	13.252
374.343	13.342
374.952	13.421
375.767	13.476
376.933	13.490
378.582	13.445
380.843	13.322
383.760	13.114
387.031	12.856
390.273	12.598
393.158	12.382
395.583	12.223
397.596	12.118
399.339	12.047
400.903	11.999
402.315	11.968
403.616	11.949
404.801	11.941
405.854	11.947
406.792	11.964
407.603	11.994
408.322	12.035
408.963	12.084
409.543	12.141
410.072	12.204
410.584	12.270
411.101	12.336
411.610	12.404
412.132	12.472
412.674	12.539
413.241	12.604
413.870	12.662
414.578	12.713
415.360	12.757
416.237	12.790
417.210	12.813
418.296	12.824
419.491	12.821
420.784	12.807
422.170	12.781
423.568	12.753
424.964	12.724
426.321	12.699
427.621	12.679
428.863	12.666
430.062	12.657
431.215	12.654
432.323	12.656
433.414	12.660
434.474	12.669
435.535	12.676
436.592	12.685
437.640	12.694
438.672	12.704
439.674	12.717
440.634	12.734
441.547	12.756
442.412	12.783
443.224	12.815
444.014	12.850
444.743	12.892
445.430	12.938
446.082	12.989
446.698	13.044
447.295	13.102
447.891	13.160
448.512	13.217
449.125	13.275
449.754	13.332
450.398	13.387
451.058	13.441
451.742	13.492
452.451	13.541
453.206	13.584
453.975	13.626
454.758	13.666
455.550	13.705
456.358	13.742
457.189	13.776
458.051	13.808
458.951	13.835
459.907	13.856
460.923	13.870
462.007	13.877
463.183	13.873
464.441	13.860
465.811	13.833
467.281	13.796
468.871	13.744
470.549	13.684
472.316	13.614
474.182	13.534
476.112	13.448
478.092	13.356
480.057	13.266
481.950	13.181
483.668	13.114
485.182	13.067
486.476	13.042
487.547	13.041
488.436	13.059
489.170	13.094
489.793	13.142
490.341	13.198
490.830	13.262
491.293	13.329
491.746	13.399
492.209	13.469
492.686	13.539
493.195	13.606
493.782	13.666
494.462	13.717
495.229	13.759
496.120	13.789
497.172	13.802
498.400	13.797
499.844	13.769
501.517	13.718
503.445	13.639
505.547	13.542
507.773	13.431
510.026	13.317
512.217	13.208
514.269	13.113
516.122	13.037
517.735	12.985
519.145	12.953
520.397	12.937
521.539	12.933
522.628	12.937
523.734	12.941
524.926	12.939
526.277	12.925
527.827	12.895
529.585	12.846
531.506	12.782
533.575	12.704
535.699	12.619
537.738	12.539
539.574	12.473
541.134	12.431
542.413	12.411
543.435	12.414
544.236	12.436
544.868	12.473
545.374	12.522
545.786	12.580
546.132	12.644
546.430	12.714
546.694	12.788
546.937	12.864
547.164	12.943
547.381	13.024
547.596	13.105
547.815	13.188
548.041	13.271
548.278	13.354
548.529	13.436
548.800	13.517
549.095	13.597
549.403	13.677
549.733	13.755
550.110	13.830
550.546	13.900
551.065	13.963
551.689	14.016
552.436	14.059
553.360	14.085
554.528	14.088
555.980	14.062
557.735	14.008
559.803	13.922
562.141	13.809
564.649	13.679
567.180	13.546
569.697	13.417
572.162	13.296
574.578	13.183
576.979	13.074
579.397	12.967
581.805	12.861
584.171	12.760
586.455	12.666
588.572	12.585
590.470	12.521
592.162	12.473
593.644	12.442
594.903	12.428
595.983	12.429
596.923	12.440
597.740	12.461
598.473	12.489
599.132	12.524
599.746	12.563
600.353	12.604
600.993	12.643
601.696	12.679
602.515	12.708
603.511	12.725
604.728	12.726
606.208	12.708
608.010	12.666
610.039	12.605
612.234	12.530
614.479	12.449
616.602	12.374
618.458	12.316
620.016	12.279
621.268	12.264
622.223	12.270
622.932	12.295
623.469	12.333
623.872	12.382
624.182	12.439
624.424	12.502
624.619	12.570
624.792	12.639
624.947	12.712
625.091	12.786
625.228	12.861
625.370	12.937
625.517	13.013
625.677	13.089
625.848	13.165
626.040	13.241
626.255	13.315
626.503	13.388
626.803	13.457
627.162	13.523
627.612	13.582
628.180	13.633
628.905	13.671
629.846	13.693
631.065	13.694
632.618	13.667
634.572	13.608
636.892	13.519
639.521	13.404
642.324	13.273
645.117	13.141
647.701	13.023
649.950	12.930
651.829	12.866
653.368	12.828
654.612	12.813
655.621	12.817
656.479	12.834
657.234	12.859
657.918	12.890
658.583	12.924
659.237	12.959
659.896	12.994
660.580	13.028
661.293	13.059
662.046	13.088
662.827	13.115
663.640	13.139
664.494	13.160
665.367	13.180
666.245	13.199
667.134	13.217
668.040	13.234
668.972	13.249
669.945	13.262
671.002	13.270
672.171	13.270
673.492	13.261
675.041	13.235
676.802	13.195
678.785	13.138
681.008	13.063
683.346	12.979
685.679	12.894
687.928	12.814
690.010	12.744
691.835	12.693
693.453	12.656
694.867	12.633
696.105	12.624
697.269	12.620
698.362	12.622
699.409	12.627
700.440	12.634
701.465	12.642
702.484	12.650
703.519	12.656
704.535	12.664
705.526	12.673
706.509	12.683
707.461	12.694
708.376	12.708
709.278	12.723
710.149	12.740
710.990	12.759
711.811	12.779
712.594	12.801
713.364	12.825
714.131	12.849
714.867	12.875
715.576	12.903
716.277	12.931
716.944	12.962
717.588	12.994
718.223	13.027
718.821	13.062
719.385	13.100
719.920	13.140
720.431	13.182
720.903	13.227
721.355	13.273
721.783	13.322
722.188	13.372
722.565	13.425
722.919	13.479
723.257	13.536
723.591	13.593
723.918	13.651
724.239	13.710
724.576	13.769
724.937	13.826
725.330	13.882
725.786	13.935
726.344	13.981
727.067	14.016
728.034	14.034
729.345	14.029
731.113	13.991
733.476	13.911
736.445	13.788
739.932	13.626
743.704	13.441
747.372	13.261
750.664	13.106
753.437	12.987
755.652	12.907
757.457	12.856
758.938	12.829
760.191	12.818
761.361	12.814
762.459	12.816
763.550	12.819
764.673	12.820
765.810	12.821
767.017	12.819
768.305	12.811
769.692	12.798
771.184	12.779
772.764	12.754
774.440	12.724
776.223	12.688
778.111	12.646
780.078	12.599
782.107	12.549
784.168	12.497
786.271	12.443
788.332	12.391
790.364	12.341
792.327	12.295
794.222	12.252
795.942	12.218
797.506	12.193
798.944	12.174
800.160	12.167
801.267	12.167
802.223	12.174
803.047	12.189
803.734	12.211
804.324	12.239
804.822	12.272
805.236	12.310
805.624	12.350
805.941	12.394
806.214	12.441
806.455	12.490
806.662	12.542
806.864	12.594
807.035	12.649
807.177	12.705
807.330	12.762
807.463	12.820
807.576	12.880
807.693	12.940
807.802	13.001
807.895	13.063
807.993	13.126
808.085	13.190
808.164	13.255
808.250	13.320
808.333	13.386
808.408	13.452
808.482	13.520
808.556	13.588
808.632	13.657
808.705	13.727
808.782	13.796
808.860	13.867
808.942	13.938
809.028	14.009
809.124	14.080
809.228	14.151
809.349	14.222
809.493	14.292
809.657	14.361
809.855	14.429
810.098	14.494
810.398	14.555
810.780	14.611
811.273	14.660
811.887	14.700
812.646	14.730
813.609	14.745
814.801	14.743
816.240	14.724
817.957	14.683
819.992	14.620
822.297	14.536
824.827	14.437
827.557	14.324
830.403	14.204
833.314	14.080
836.203	13.959
838.985	13.845
841.571	13.744
843.843	13.664
845.824	13.603
847.538	13.560
848.948	13.536
850.126	13.528
851.117	13.532
851.953	13.547
852.690	13.569
853.358	13.596
853.980	13.626
854.576	13.659
855.176	13.691
855.785	13.723
856.411	13.755
857.064	13.785
857.777	13.812
858.543	13.835
859.359	13.856
860.274	13.871
861.293	13.879
862.450	13.879
863.782	13.869
865.275	13.850
867.063	13.813
869.154	13.759
871.612	13.684
874.451	13.587
877.626	13.470
881.068	13.339
884.562	13.203
887.987	13.071
891.071	12.958
893.781	12.865
895.998	12.799
897.820	12.755
899.245	12.734
900.361	12.730
901.240	12.739
901.926	12.760
902.502	12.787
902.965	12.820
903.390	12.856
903.743	12.896
904.069	12.939
904.356	12.983
904.611	13.030
904.890	13.076
905.139	13.124
905.394	13.171
905.642	13.220
905.881	13.269
906.145	13.318
906.409	13.366
906.692	13.414
907.006	13.461
907.343	13.507
907.740	13.550
908.203	13.590
908.762	13.625
909.452	13.653
910.341	13.672
911.531	13.674
913.101	13.657
915.206	13.612
918.083	13.527
921.777	13.399
926.328	13.228
931.643	13.016
937.200	12.792
942.480	12.581
947.080	12.403
950.801	12.269
953.617	12.181
955.736	12.127
957.277	12.102
958.432	12.096
959.305	12.104
959.985	12.122
960.529	12.147
960.989	12.176
961.376	12.209
961.728	12.244
962.035	12.281
962.329	12.319
962.593	12.359
962.861	12.399
963.107	12.440
963.364	12.481
963.602	12.523
963.857	12.564
964.088	12.607
964.326	12.650
964.547	12.694
964.779	12.737
965.015	12.781
965.245	12.825
965.498	12.869
965.731	12.913
965.994	12.957
966.248	13.001
966.523	13.044
966.818	13.087
967.126	13.129
967.473	13.170
967.850	13.209
968.275	13.247
968.785	13.280
969.397	13.310
970.156	13.332
971.130	13.344
972.359	13.345
974.005	13.326
976.181	13.282
979.013	13.208
982.593	13.098
986.904	12.953
991.663	12.786
996.664	12.606
1001.289	12.443
1005.408	12.301
1008.744	12.196
1011.349	12.124
1013.358	12.080
1014.849	12.060
1016.050	12.053
1016.944	12.060
1017.701	12.074
1018.299	12.095
1018.825	12.120
1019.280	12.148
1019.680	12.178
1020.058	12.210
1020.390	12.244
1020.727	12.278
1021.007	12.314
1021.319	12.350
1021.571	12.388
1021.854	12.425
1022.089	12.464
1022.349	12.503
1022.573	12.543
1022.818	12.583
1023.031	12.624
1023.263	12.665
1023.466	12.707
1023.681	12.748
1023.881	12.791
1024.090	12.834
1024.296	12.877
1024.504	12.920
1024.723	12.963
1024.940	13.006
1025.180	13.049
1025.400	13.092
1025.650	13.135
1025.901	13.178
1026.181	13.219
1026.485	13.260
1026.811	13.300
1027.183	13.338
1027.573	13.375
1028.022	13.410
1028.501	13.443
1029.042	13.473
1029.644	13.501
1030.297	13.526
1031.034	13.546
1031.794	13.565
1032.617	13.581
1033.486	13.595
1034.396	13.606
1035.336	13.615
1036.245	13.626
1037.136	13.637
1038.022	13.648
1038.834	13.663
1039.622	13.679
1040.329	13.699
1041.014	13.721
1041.621	13.746
1042.183	13.774
1042.682	13.805
1043.143	13.839
1043.573	13.875
1043.958	13.913
1044.364	13.951
1044.766	13.989
1045.178	14.027
1045.629	14.063
1046.122	14.098
1046.698	14.129
1047.383	14.154
1048.200	14.173
1049.194	14.183
1050.456	14.179
1051.935	14.164
1053.764	14.130
1056.008	14.076
1058.585	14.005
1061.669	13.910
1065.217	13.793
1069.299	13.652
1073.926	13.489
1078.994	13.308
1084.464	13.112
1089.997	12.916
1095.397	12.728
1100.356	12.560
1104.559	12.425
1108.068	12.320
1110.806	12.249
1112.970	12.202
1114.670	12.175
1115.990	12.164
1117.068	12.163
1117.950	12.171
1118.699	12.185
1119.365	12.202
1119.938	12.223
1120.513	12.245
1121.033	12.269
1121.544	12.293
1122.039	12.318
1122.540	12.343
1123.043	12.369
1123.568	12.393
1124.090	12.418
1124.659	12.441
1125.209	12.465
1125.817	12.486
1126.430	12.508
1127.080	12.528
1127.753	12.547
1128.449	12.565
1129.159	12.583
1129.893	12.599
1130.631	12.616
1131.381	12.631
1132.124	12.647
1132.870	12.663
1133.594	12.680
1134.309	12.697
1135.003	12.715
1135.675	12.733
1136.315	12.753
1136.939	12.774
1137.517	12.797
1138.084	12.820
1138.604	12.845
1139.119	12.870
1139.597	12.897
1140.070	12.925
1140.506	12.954
1140.955	12.983
1141.368	13.013
1141.791	13.043
1142.193	13.074
1142.606	13.105
1143.010	13.136
1143.430	13.167
1143.848	13.198
1144.292	13.228
1144.730	13.259
1145.212	13.288
1145.687	13.317
1146.224	13.344
1146.756	13.371
1147.370	13.394
1147.997	13.417
1148.708	13.437
1149.466	13.454
1150.310	13.468
1151.252	13.478
1152.265	13.484
1153.437	13.484
1154.703	13.480
1156.191	13.466
1157.850	13.445
1159.734	13.415
1161.892	13.373
1164.250	13.323
1166.954	13.258
1169.799	13.188
1172.914	13.107
1176.169	13.021
1179.538	12.930
1182.930	12.839
1186.265	12.751
1189.462	12.668
1192.486	12.593
1195.278	12.527
1197.796	12.473
1200.117	12.425
1202.130	12.390
1203.896	12.364
1205.476	12.346
1206.786	12.337
1208.041	12.331
1209.077	12.334
1210.031	12.339
1210.882	12.349
1211.651	12.361
1212.382	12.376
1213.078	12.392
1213.762	12.408
1214.420	12.426
1215.100	12.443
1215.749	12.461
1216.454	12.478
1217.138	12.495
1217.860	12.511
1218.634	12.524
1219.382	12.539
1220.177	12.552
1220.968	12.566
1221.758	12.579
1222.580	12.590
1223.388	12.603
1224.164	12.616
1224.942	12.629
1225.649	12.645
1226.400	12.659
1227.073	12.676
1227.712	12.694
1228.324	12.714
1228.852	12.736
1229.411	12.757
1229.870	12.783
1230.329	12.808
1230.734	12.836
1231.108	12.864
1231.458	12.894
1231.764	12.926
1232.077	12.958
1232.354	12.991
1232.614	13.025
1232.864	13.060
1233.090	13.096
1233.323	13.131
1233.524	13.169
1233.747	13.205
1233.946	13.243
1234.154	13.280
1234.358	13.318
1234.559	13.356
1234.770	13.394
1234.969	13.433
1235.200	13.471
1235.410	13.509
1235.659	13.547
1235.893	13.585
1236.169	13.621
1236.439	13.658
1236.751	13.693
1237.080	13.728
1237.451	13.762
1237.867	13.793
1238.331	13.823
1238.875	13.849
1239.495	13.873
1240.222	13.891
1241.086	13.905
1242.086	13.912
1243.297	13.911
1244.667	13.902
1246.325	13.881
1248.136	13.854
1250.245	13.813
1252.468	13.767
1254.900	13.712
1257.352	13.655
1259.831	13.597
1262.231	13.542
1264.523	13.492
1266.720	13.446
1268.748	13.407
1270.638	13.374
1272.379	13.347
1274.003	13.325
1275.535	13.308
1276.951	13.295
1278.311	13.284
1279.553	13.279
1280.768	13.274
1281.886	13.274
1282.926	13.276
1283.945	13.279
1284.828	13.288
1285.742	13.295
1286.515	13.309
1287.308	13.321
1288.011	13.337
1288.693	13.354
1289.364	13.372
1289.999	13.391
1290.627	13.411
1291.262	13.430
1291.871	13.451
1292.551	13.469
1293.187	13.489
1293.958	13.504
1294.713	13.520
1295.635	13.530
1296.629	13.537
1297.828	13.536
1299.220	13.529
1300.908	13.510
1302.914	13.480
1305.317	13.434
1308.130	13.373
1311.358	13.296
1314.851	13.209
1318.576	13.113
1322.223	13.018
1325.764	12.927
1328.947	12.849
1331.778	12.784
1334.197	12.734
1336.194	12.699
1337.886	12.676
1339.268	12.665
1340.431	12.661
1341.452	12.664
1342.348	12.671
1343.123	12.682
1343.874	12.695
1344.529	12.711
1345.167	12.728
1345.781	12.745
1346.311	12.766
1346.928	12.784
1347.456	12.805
1347.974	12.826
1348.503	12.847
1348.966	12.871
1349.460	12.893
1349.907	12.917
1350.323	12.942
1350.768	12.967
1351.156	12.993
1351.542	13.020
1351.907	13.047
1352.228	13.076
1352.589	13.104
1352.886	13.134
1353.184	13.164
1353.466	13.195
1353.718	13.227
1353.992	13.259
1354.226	13.292
1354.463	13.325
1354.691	13.359
1354.902	13.393
1355.121	13.428
1355.315	13.463
1355.522	13.498
1355.732	13.534
1355.920	13.570
1356.133	13.605
1356.318	13.642
1356.538	13.678
1356.744	13.714
1356.963	13.750
1357.192	13.785
1357.418	13.821
1357.680	13.856
1357.921	13.892
1358.210	13.925
1358.484	13.960
1358.791	13.994
1359.103	14.027
1359.438	14.059
1359.798	14.091
1360.153	14.123
1360.560	14.153
1360.956	14.183
1361.395	14.212
1361.823	14.241
1362.288	14.268
1362.743	14.297
1363.235	14.323
1363.708	14.351
1364.216	14.376
1364.703	14.403
1365.223	14.429
1365.722	14.455
1366.242	14.481
1366.746	14.507
1367.264	14.533
1367.766	14.559
1368.270	14.586
1368.772	14.613
1369.263	14.640
1369.778	14.666
1370.280	14.693
1370.807	14.719
1371.337	14.745
1371.886	14.770
1372.460	14.794
1373.042	14.818
1373.683	14.840
1374.325	14.861
1375.066	14.878
1375.826	14.895
1376.767	14.904
1377.848	14.908
1379.283	14.898
1381.169	14.870
1383.877	14.810
1387.749	14.705
1393.273	14.536
1400.824	14.289
1409.943	13.982
1419.944	13.641
1429.176	13.331
1436.900	13.079
1442.670	12.902
1446.894	12.784
1449.944	12.712
1452.179	12.669
1453.966	12.644
1455.432	12.631
1456.669	12.626
1457.836	12.624
1458.877	12.627
1459.855	12.631
1460.860	12.636
1461.809	12.642
1462.786	12.647
1463.824	12.651
1464.881	12.654
1466.011	12.655
1467.195	12.654
1468.495	12.651
1469.860	12.645
1471.333	12.636
1472.984	12.621
1474.614	12.607
1476.397	12.588
1478.323	12.564
1480.088	12.546
1481.959	12.523
1483.840	12.501
1485.588	12.482
1487.303	12.463
1488.914	12.448
1490.422	12.436
1491.763	12.429
1493.004	12.425
1494.154	12.423
1495.120	12.427
1496.069	12.432
1496.907	12.440
1497.588	12.453
1498.301	12.465
1498.893	12.481
1499.401	12.499
1499.943	12.517
1500.387	12.537
1500.795	12.559
1501.226	12.580
1501.583	12.604
1501.929	12.628
1502.285	12.651
1502.587	12.677
1502.893	12.702
1503.200	12.728
1503.488	12.754
1503.778	12.780
1504.056	12.807
1504.340	12.834
1504.608	12.861
1504.875	12.888
1505.160	12.915
1505.422	12.943
1505.710	12.970
1506.014	12.997
1506.275	13.025
1506.599	13.051
1506.913	13.078
1507.181	13.106
1507.531	13.132
1507.848	13.158
1508.176	13.185
1508.567	13.210
1508.895	13.236
1509.294	13.261
1509.703	13.285
1510.096	13.310
1510.569	13.332
1511.016	13.355
1511.523	13.377
1512.087	13.396
1512.648	13.416
1513.317	13.433
1514.062	13.447
1514.919	13.457
1515.942	13.463
1517.146	13.462
1518.595	13.455
1520.384	13.436
1522.633	13.404
1525.298	13.358
1528.506	13.295
1532.403	13.210
1536.675	13.113
1541.184	13.008
1545.970	12.894
1550.469	12.788
1554.476	12.697
1558.043	12.619
1560.989	12.560
1563.328	12.520
1565.158	12.495
1566.639	12.481
1567.753	12.479
1568.605	12.485
1569.326	12.495
1569.883	12.511
1570.328	12.530
1570.730	12.551
1571.082	12.573
1571.397	12.597
1571.698	12.621
1571.994	12.646
1572.300	12.670
1572.603	12.695
1572.918	12.719
1573.279	12.742
1573.654	12.765
1574.065	12.787
1574.543	12.808
1575.053	12.827
1575.642	12.844
1576.315	12.859
1577.054	12.872
1577.938	12.881
1578.933	12.886
1580.012	12.890
1581.305	12.886
1582.724	12.879
1584.223	12.870
1585.980	12.853
1587.772	12.834
1589.621	12.814
1591.590	12.790
1593.555	12.766
1595.515	12.741
1597.391	12.719
1599.166	12.699
1600.874	12.681
1602.357	12.670
1603.711	12.662
1604.974	12.657
1606.017	12.658
1606.973	12.662
1607.845	12.669
1608.563	12.680
1609.219	12.693
1609.824	12.707
1610.338	12.725
1610.813	12.744
1611.274	12.763
1611.693	12.783
1612.089	12.805
1612.491	12.826
1612.888	12.848
1613.279	12.870
1613.676	12.892
1614.104	12.913
1614.536	12.934
1614.978	12.955
1615.491	12.973
1616.008	12.992
1616.530	13.011
1617.173	13.026
1617.807	13.042
1618.463	13.056
1619.260	13.067
1620.043	13.078
1620.896	13.087
1621.878	13.092
1622.814	13.099
1623.889	13.101
1625.051	13.101
1626.123	13.103
1627.383	13.100
1628.660	13.096
1629.866	13.094
1631.234	13.087
1632.583	13.080
1633.888	13.075
1635.257	13.068
1636.582	13.062
1637.873	13.057
1639.119	13.053
1640.344	13.049
1641.531	13.047
1642.623	13.048
1643.705	13.048
1644.725	13.051
1645.625	13.057
1646.520	13.063
1647.346	13.072
1648.051	13.084
1648.768	13.096
1649.425	13.109
1649.966	13.126
1650.528	13.143
1651.038	13.161
1651.453	13.182
1651.892	13.202
1652.276	13.224
1652.607	13.248
1652.945	13.272
1653.262	13.297
1653.563	13.322
1653.852	13.348
1654.154	13.373
1654.461	13.399
1654.755	13.425
1655.109	13.449
1655.487	13.473
1655.890	13.496
1656.410	13.516
1656.996	13.534
1657.676	13.550
1658.556	13.559
1659.584	13.564
1660.824	13.563
1662.345	13.553
1664.131	13.536
1666.296	13.507
1668.759	13.468
1671.572	13.419
1674.767	13.358
1678.019	13.295
1681.507	13.225
1684.990	13.155
1688.295	13.090
1691.563	13.027
1694.581	12.971
1697.430	12.920
1700.134	12.874
1702.595	12.836
1704.966	12.801
1707.281	12.767
1709.487	12.738
1711.628	12.710
1713.740	12.683
1715.747	12.659
1717.718	12.636
1719.652	12.614
1721.424	12.597
1723.108	12.581
1724.742	12.567
1726.183	12.558
1727.475	12.553
1728.775	12.548
1729.930	12.547
1730.914	12.550
1731.862	12.554
1732.758	12.560
1733.503	12.569
1734.172	12.581
1734.892	12.592
1735.505	12.605
1736.029	12.621
1736.579	12.636
1737.096	12.652
1737.516	12.671
1737.949	12.689
1738.419	12.707
1738.786	12.727
1739.162	12.748
1739.558	12.767
1739.884	12.789
1740.220	12.810
1740.566	12.832
1740.875	12.854
1741.184	12.877
1741.485	12.899
1741.778	12.922
1742.070	12.945
1742.359	12.969
1742.629	12.993
1742.914	13.016
1743.194	13.040
1743.450	13.064
1743.735	13.088
1744.012	13.112
1744.274	13.137
1744.560	13.161
1744.849	13.185
1745.130	13.209
1745.427	13.233
1745.745	13.257
1746.055	13.280
1746.374	13.304
1746.741	13.326
1747.104	13.349
1747.466	13.371
1747.897	13.392
1748.330	13.412
1748.768	13.433
1749.285	13.451
1749.813	13.469
1750.355	13.487
1750.981	13.502
1751.635	13.517
1752.315	13.530
1753.065	13.542
1753.880	13.552
1754.737	13.560
1755.658	13.567
1756.639	13.571
1757.705	13.574
1758.829	13.574
1760.003	13.573
1761.296	13.569
1762.650	13.563
1764.056	13.555
1765.631	13.543
1767.268	13.528
1769.002	13.511
1770.931	13.489
1772.958	13.464
1775.086	13.435
1777.401	13.402
1779.859	13.365
1782.321	13.327
1784.893	13.287
1787.595	13.242
1790.236	13.200
1792.861	13.158
1795.528	13.115
1798.036	13.077
1800.466	13.040
1802.839	13.006
1805.036	12.976
1807.187	12.948
1809.281	12.922
1811.265	12.899
1813.229	12.877
1815.194	12.855
1817.080	12.835
1818.998	12.815
1821.001	12.793
1823.002	12.772
1825.054	12.749
1827.197	12.724
1829.414	12.697
1831.685	12.669
1834.016	12.640
1836.336	12.611
1838.682	12.581
1841.051	12.550
1843.312	12.523
1845.497	12.496
1847.602	12.472
1849.665	12.449
1851.506	12.431
1853.211	12.417
1854.864	12.404
1856.415	12.393
1857.781	12.387
1859.091	12.382
1860.374	12.379
1861.593	12.376
1862.709	12.377
1863.863	12.377
1865.010	12.377
1866.136	12.377
1867.282	12.378
1868.495	12.376
1869.729	12.375
1870.996	12.372
1872.356	12.368
1873.732	12.363
1875.171	12.357
1876.715	12.348
1878.314	12.338
1879.897	12.329
1881.602	12.316
1883.383	12.302
1885.102	12.289
1886.776	12.277
1888.592	12.262
1890.352	12.248
1892.046	12.235
1893.693	12.223
1895.354	12.211
1896.861	12.203
1898.329	12.195
1899.740	12.188
1901.060	12.184
1902.250	12.182
1903.429	12.181
1904.518	12.182
1905.477	12.185
1906.370	12.190
1907.254	12.196
1908.036	12.203
1908.729	12.213
1909.386	12.224
1910.031	12.235
1910.594	12.247
1911.093	12.262
1911.566	12.277
1912.027	12.292
1912.453	12.308
1912.836	12.325
1913.183	12.343
1913.529	12.361
1913.864	12.380
1914.152	12.399
1914.411	12.420
1914.697	12.439
1914.978	12.459
1915.199	12.481
1915.409	12.502
1915.661	12.523
1915.892	12.545
1916.072	12.567
1916.257	12.590
1916.505	12.611
1916.697	12.634
1916.870	12.657
1917.064	12.679
1917.283	12.702
1917.445	12.725
1917.615	12.749
1917.817	12.771
1918.013	12.794
1918.181	12.818
1918.365	12.842
1918.575	12.864
1918.750	12.888
1918.932	12.912
1919.127	12.935
1919.324	12.959
1919.513	12.983
1919.710	13.006
1919.909	13.030
1920.114	13.053
1920.319	13.077
1920.535	13.100
1920.737	13.124
1920.956	13.148
1921.176	13.171
1921.373	13.195
1921.608	13.219
1921.839	13.242
1922.070	13.266
1922.295	13.289
1922.541	13.313
1922.786	13.336
1922.993	13.360
1923.264	13.383
1923.531	13.406
1923.759	13.430
1924.026	13.453
1924.295	13.477
1924.550	13.500
1924.825	13.523
1925.127	13.546
1925.413	13.569
1925.709	13.591
1926.054	13.613
1926.389	13.635
1926.755	13.656
1927.179	13.676
1927.612	13.695
1928.098	13.713
1928.694	13.729
1929.350	13.742
1930.085	13.754
1931.017	13.761
1932.095	13.764
1933.345	13.762
1934.888	13.753
1936.729	13.735
1938.840	13.711
1941.335	13.676
1944.172	13.631
1947.298	13.579
1950.669	13.520
1954.147	13.458
1957.796	13.391
1961.224	13.330
1964.495	13.272
1967.548	13.220
1970.274	13.177
1972.638	13.143
1974.741	13.116
1976.512	13.097
1978.100	13.084
1979.457	13.076
1980.602	13.075
1981.612	13.076
1982.577	13.080
1983.409	13.086
1984.097	13.097
1984.803	13.107
1985.456	13.118
1986.026	13.131
1986.525	13.147
1987.051	13.161
1987.548	13.177
1987.940	13.195
1988.327	13.214
1988.750	13.231
1989.104	13.250
1989.402	13.271
1989.723	13.292
1990.059	13.312
1990.320	13.334
1990.555	13.356
1990.831	13.378
1991.067	13.401
1991.252	13.425
1991.442	13.449
1991.678	13.472
1991.856	13.497
1991.993	13.523
1992.175	13.547
1992.350	13.572
1992.470	13.599
1992.593	13.625
1992.765	13.650
1992.881	13.677
1992.956	13.705
1993.109	13.732
1993.230	13.759
1993.297	13.787
1993.402	13.815
1993.528	13.842
1993.593	13.871
1993.658	13.900
1993.790	13.927
1993.857	13.957
1993.885	13.987
1994.021	14.015
1994.096	14.044
1994.119	14.075
1994.222	14.104
1994.307	14.133
1994.327	14.164
1994.405	14.194
1994.493	14.224
1994.514	14.255
1994.573	14.286
1994.662	14.316
1994.682	14.348
1994.728	14.379
1994.817	14.410
1994.837	14.442
1994.874	14.474
1994.961	14.505
1994.978	14.538
1995.011	14.570
1995.096	14.601
1995.109	14.635
1995.141	14.667
1995.222	14.699
1995.230	14.733
1995.265	14.766
1995.335	14.798
1995.340	14.833
1995.379	14.866
1995.437	14.899
1995.441	14.934
1995.487	14.968
1995.533	15.002
1995.535	15.037
1995.591	15.071
1995.623	15.105
1995.622	15.141
1995.690	15.175
1995.708	15.210
1995.710	15.247
1995.773	15.281
1995.783	15.317
1995.803	15.353
1995.849	15.388
1995.854	15.425
1995.893	15.461
1995.921	15.497
1995.917	15.535
1995.969	15.571
1995.983	15.608
1995.992	15.645
1996.034	15.682
1996.041	15.720
1996.072	15.757
1996.094	15.795
1996.085	15.834
1996.134	15.871
1996.146	15.910
1996.163	15.948
1996.190	15.986
1996.184	16.026
1996.222	16.064
1996.237	16.104
1996.246	16.143
1996.275	16.182
1996.268	16.223
1996.302	16.262
1996.316	16.302
1996.323	16.343
1996.350	16.383
1996.339	16.424
1996.375	16.464
1996.385	16.505
1996.396	16.547
1996.417	16.588
1996.410	16.630
1996.441	16.671
1996.438	16.713
1996.461	16.755
1996.474	16.797
1996.478	16.840
1996.500	16.882
1996.489	16.926
1996.520	16.968
1996.515	17.012
1996.536	17.055
1996.544	17.099
1996.551	17.143
1996.568	17.186
1996.564	17.231
1996.588	17.275
1996.574	17.320
1996.603	17.364
1996.596	17.410
1996.617	17.455
1996.619	17.500
1996.630	17.546
1996.639	17.592
1996.642	17.638
1996.657	17.684
1996.653	17.731
1996.673	17.777
1996.664	17.824
1996.687	17.871
1996.675	17.919
1996.699	17.965
1996.685	18.014
1996.710	18.061
1996.699	18.110
1996.720	18.158
1996.713	18.207
1996.731	18.255
1996.724	18.305
1996.741	18.353
1996.735	18.403
1996.751	18.452
1996.746	18.503
1996.761	18.552
1996.755	18.603
1996.771	18.653
1996.764	18.705
1996.780	18.755
1996.772	18.807
1996.790	18.858
1996.780	18.910
1996.798	18.961
1996.788	19.014
1996.804	19.066
1996.798	19.119
1996.810	19.172
1996.807	19.225
1996.815	19.278
1996.817	19.332
1996.820	19.386
1996.826	19.440
1996.825	19.495
1996.835	19.549
1996.829	19.604
1996.842	19.659
1996.835	19.715
1996.845	19.770
1996.844	19.826
1996.849	19.882
1996.853	19.938
1996.852	19.995
1996.861	20.052
1996.854	20.109
1996.864	20.166
1996.863	20.224
1996.867	20.282
1996.872	20.340
1996.869	20.399
1996.877	20.457
1996.874	20.516
1996.880	20.575
1996.883	20.635
1996.881	20.695
1996.888	20.754
1996.885	20.815
1996.890	20.876
1996.893	20.936
1996.891	20.998
1996.898	21.059
1996.896	21.121
1996.899	21.183
1996.904	21.245
1996.899	21.308
1996.906	21.370
1996.908	21.433
1996.906	21.497
1996.911	21.561
1996.911	21.625
1996.912	21.689
1996.917	21.753
1996.915	21.818
1996.917	21.884
1996.921	21.949
1996.920	22.015
1996.922	22.081
1996.926	22.147
1996.924	22.214
1996.926	22.281
1996.930	22.348
1996.928	22.416
1996.930	22.484
1996.933	22.552
1996.933	22.620
1996.933	22.689
1996.937	22.758
1996.938	22.827
1996.937	22.897
1996.940	22.967
1996.942	23.038
1996.940	23.109
1996.942	23.180
1996.945	23.251
1996.945	23.323
1996.945	23.395
1996.947	23.467
1996.949	23.539
1996.948	23.613
1996.949	23.686
1996.951	23.760
1996.953	23.833
1996.952	23.908
