<j>	var(j)
1.246	0.387
3.002	0.921
4.179	0.875
5.196	0.705
6.054	0.711
7.215	1.332
8.585	0.975
9.532	1.532
11.137	2.247
12.467	1.536
13.346	1.420
14.237	1.855
15.522	2.821
17.083	2.218
18.031	1.476
18.729	1.284
19.440	1.445
20.367	1.813
21.486	1.844
22.550	1.870
23.598	1.727
24.543	1.681
25.496	1.971
26.692	3.106
28.339	3.566
29.759	2.826
30.782	2.091
31.548	1.697
32.242	1.605
32.951	1.500
33.668	1.754
34.659	3.159
36.382	4.929
38.246	3.751
39.354	2.254
40.058	1.820
40.693	1.646
41.311	1.533
41.954	1.802
42.828	3.072
44.396	6.558
47.021	9.179
49.278	5.271
50.306	2.556
50.847	2.083
51.368	2.686
52.136	4.268
53.392	6.135
54.975	5.628
56.180	3.194
56.831	1.790
57.242	1.473
57.644	1.710
58.184	2.470
59.043	3.985
60.413	5.858
62.128	5.995
63.566	4.223
64.501	2.795
65.151	2.202
65.716	2.118
66.315	2.367
67.037	2.875
67.946	3.613
69.090	4.820
70.581	6.850
72.480	8.304
74.343	6.766
75.630	4.489
76.493	4.392
77.473	7.979
79.355	17.198
82.678	24.597
85.950	17.998
87.839	10.212
88.864	6.416
89.525	4.486
90.007	3.402
90.395	2.836
90.742	2.622
91.088	2.673
91.469	2.953
91.919	3.441
92.476	4.087
93.164	4.760
93.977	5.266
94.877	5.497
95.812	5.583
96.766	5.832
97.775	6.550
98.919	7.879
100.275	9.604
101.845	11.156
103.539	12.081
105.236	12.203
106.832	11.306
108.221	9.409
109.327	7.104
110.148	5.143
110.755	3.951
111.248	3.634
111.742	4.248
112.371	5.998
113.303	9.142
114.711	13.166
116.582	15.679
118.546	14.469
120.167	10.951
121.324	7.573
122.117	5.169
122.670	3.688
123.085	2.935
123.439	2.768
123.804	3.159
124.257	4.260
124.911	6.416
125.927	9.863
127.442	13.573
129.326	14.666
131.114	12.250
132.486	9.408
133.537	8.627
134.555	10.840
135.900	17.228
138.002	28.217
141.060	37.490
144.396	34.457
146.953	23.237
148.521	14.266
149.469	9.732
150.136	8.081
150.717	7.982
151.315	8.719
151.990	9.871
152.768	11.069
153.647	11.917
154.591	12.093
155.543	11.562
156.447	10.673
157.284	10.002
158.082	10.102
158.909	11.369
159.864	13.943
161.045	17.444
162.496	20.577
164.133	21.423
165.741	19.087
167.100	14.794
168.120	10.531
168.843	7.366
169.359	5.379
169.750	4.279
170.076	3.778
170.380	3.684
170.692	3.897
171.039	4.380
171.447	5.161
171.947	6.384
172.587	8.468
173.465	12.482
174.788	20.594
176.933	34.913
180.220	50.538
184.168	52.486
187.537	39.391
189.773	25.677
191.169	17.207
192.106	12.507
192.798	9.741
193.351	8.003
193.817	6.912
194.232	6.273
194.621	5.951
195.003	5.836
195.390	5.836
195.788	5.881
196.201	5.938
196.628	6.026
197.074	6.252
197.552	6.857
198.096	8.303
198.783	11.380
199.758	17.173
201.234	26.217
203.389	36.000
206.070	39.969
208.703	35.040
210.798	26.918
212.340	21.471
213.572	19.643
214.717	20.068
215.892	21.205
217.124	21.825
218.371	21.192
219.557	19.253
220.618	16.586
221.525	14.006
222.295	12.192
222.978	11.607
223.648	12.662
224.406	15.911
225.384	22.063
226.751	31.382
228.651	42.075
231.055	49.016
233.631	47.046
235.903	37.360
237.598	26.156
238.750	17.743
239.533	12.749
240.109	10.239
240.586	9.250
241.033	9.185
241.490	9.748
241.989	10.823
242.555	12.375
243.215	14.383
243.992	16.775
244.904	19.371
245.955	21.859
247.132	23.845
248.398	25.021
249.704	25.338
251.005	25.064
252.275	24.637
253.513	24.455
254.734	24.736
255.964	25.502
257.225	26.615
258.530	27.808
259.878	28.681
261.247	28.765
262.596	27.669
263.871	25.293
265.018	21.929
266.001	18.141
266.810	14.515
267.460	11.452
267.979	9.119
268.400	7.513
268.757	6.547
269.077	6.118
269.388	6.152
269.711	6.611
270.070	7.514
270.491	8.955
271.005	11.126
271.660	14.369
272.519	19.172
273.673	25.988
275.219	34.587
277.210	42.989
279.545	47.438
281.943	45.299
284.081	38.278
285.806	30.784
287.167	25.958
288.324	24.535
289.435	25.845
290.618	28.699
291.926	31.761
293.353	33.838
294.840	34.305
296.313	33.363
297.720	31.786
299.043	30.306
300.296	29.180
301.495	28.167
302.647	26.806
303.734	24.762
304.731	22.019
305.613	18.871
306.368	15.740
307.000	12.989
307.527	10.824
307.974	9.302
308.367	8.377
308.731	7.965
309.086	7.972
309.451	8.309
309.841	8.899
310.268	9.657
310.739	10.489
311.258	11.280
311.822	11.905
312.422	12.241
313.042	12.205
313.662	11.777
314.264	11.016
314.829	10.043
315.348	9.007
315.820	8.045
316.248	7.264
316.643	6.732
317.018	6.493
317.391	6.588
317.781	7.077
318.214	8.086
318.724	9.860
319.365	12.870
320.222	17.949
321.434	26.321
323.198	38.966
325.700	54.346
328.909	65.849
332.382	65.883
335.496	55.416
337.917	42.353
339.696	32.267
341.041	26.351
342.153	23.974
343.184	24.364
344.250	27.069
345.446	31.987
346.862	39.366
348.588	49.712
350.724	63.306
353.347	78.945
356.447	92.542
359.836	98.167
363.169	92.798
366.110	79.545
368.506	64.471
370.387	51.722
371.874	42.339
373.086	35.661
374.107	30.698
374.989	26.721
375.759	23.349
376.437	20.455
377.035	18.035
377.568	16.127
378.051	14.767
378.500	13.978
378.932	13.775
379.366	14.176
379.822	15.213
380.320	16.933
380.883	19.392
381.536	22.632
382.306	26.632
383.216	31.240
384.284	36.082
385.509	40.525
386.869	43.748
388.315	44.980
389.773	43.836
391.169	40.521
392.438	35.743
393.545	30.394
394.481	25.235
395.257	20.728
395.898	17.057
396.430	14.220
396.880	12.117
397.270	10.623
397.618	9.619
397.939	9.010
398.247	8.724
398.551	8.717
398.861	8.969
399.187	9.488
399.539	10.321
399.929	11.575
400.375	13.451
400.904	16.309
401.557	20.754
402.402	27.727
403.542	38.514
405.122	54.408
407.311	75.767
410.235	100.855
413.892	126.670
418.152	152.971
422.909	183.283
428.164	216.016
433.817	235.580
439.395	223.418
444.206	180.946
447.822	128.794
450.275	85.000
451.856	55.062
452.874	36.786
453.557	26.247
454.052	20.298
454.440	16.936
454.770	14.999
455.067	13.852
455.346	13.157
455.614	12.736
455.878	12.500
456.140	12.409
456.404	12.446
456.673	12.611
456.950	12.919
457.237	13.389
457.538	14.056
457.859	14.963
458.206	16.173
458.586	17.765
459.009	19.837
459.487	22.513
460.035	25.931
460.673	30.234
461.423	35.535
462.309	41.852
463.353	49.028
464.574	56.629
465.974	63.879
467.535	69.734
469.213	73.121
470.942	73.331
472.644	70.326
474.249	64.779
475.706	57.804
476.993	50.536
478.111	43.834
479.079	38.187
479.925	33.757
480.677	30.495
481.361	28.247
482.001	26.818
482.614	26.017
483.214	25.673
483.812	25.632
484.414	25.770
485.023	25.982
485.642	26.183
486.270	26.315
486.905	26.343
487.544	26.248
488.184	26.039
488.823	25.737
489.459	25.376
490.089	24.988
490.714	24.611
491.333	24.268
491.948	23.970
492.559	23.713
493.169	23.480
493.776	23.246
494.382	22.974
494.984	22.637
495.582	22.211
496.171	21.698
496.751	21.119
497.320	20.531
497.877	20.030
498.425	19.769
498.971	19.982
499.531	21.017
500.130	23.419
500.809	28.015
501.636	35.991
502.712	48.837
504.178	67.791
506.188	92.317
508.845	117.752
512.072	134.661
515.539	133.963
518.770	115.279
521.401	87.594
523.323	61.010
524.633	40.644
525.501	26.980
526.080	18.526
526.484	13.591
526.787	10.912
527.037	9.695
527.265	9.516
527.495	10.214
527.749	11.840
528.050	14.646
528.430	19.110
528.934	25.987
529.630	36.333
530.609	51.382
531.992	72.028
533.907	97.618
536.433	124.299
539.520	144.605
542.926	150.815
546.286	140.895
549.270	120.358
551.724	97.514
553.665	78.071
555.203	63.852
556.458	54.284
557.528	48.038
558.479	43.876
559.353	40.924
560.170	38.655
560.946	36.812
561.689	35.315
562.405	34.202
563.102	33.570
563.790	33.545
564.484	34.255
565.197	35.809
565.948	38.269
566.757	41.625
567.640	45.751
568.613	50.368
569.684	55.026
570.851	59.123
572.097	61.996
573.393	63.068
574.700	62.020
575.974	58.898
577.172	54.107
578.266	48.280
579.237	42.097
580.082	36.127
580.808	30.760
581.428	26.194
581.960	22.483
582.420	19.597
582.825	17.464
583.191	16.013
583.532	15.201
583.860	15.031
584.190	15.577
584.538	17.010
584.925	19.642
585.380	23.991
585.946	30.862
586.682	41.417
587.680	57.145
589.058	79.488
590.958	108.747
593.500	142.120
596.704	172.012
600.393	187.793
604.198	182.528
607.696	158.934
610.605	126.986
612.855	96.294
614.529	71.731
615.767	54.019
616.701	41.956
617.431	33.975
618.028	28.780
618.540	25.471
618.998	23.474
619.427	22.446
619.841	22.195
620.256	22.620
620.684	23.678
621.137	25.360
621.627	27.669
622.167	30.594
622.769	34.100
623.444	38.093
624.201	42.407
625.046	46.782
625.978	50.876
626.990	54.294
628.066	56.660
629.183	57.700
630.315	57.324
631.433	55.660
632.514	53.044
633.540	49.934
634.504	46.828
635.409	44.189
636.266	42.388
637.092	41.714
637.911	42.381
638.749	44.549
639.635	48.339
640.603	53.822
641.685	60.965
642.909	69.558
644.302	79.103
645.874	88.741
647.617	97.262
649.500	103.308
651.465	105.740
653.439	104.026
655.346	98.450
657.120	90.002
658.720	80.003
660.127	69.702
661.345	60.029
662.390	51.524
663.287	44.411
664.063	38.712
664.743	34.357
665.350	31.260
665.908	29.380
666.438	28.750
666.963	29.526
667.510	32.017
668.111	36.742
668.810	44.463
669.664	56.198
670.751	73.100
672.165	96.035
674.011	124.711
676.368	156.403
679.249	185.046
682.539	202.389
685.991	202.054
689.294	183.884
692.188	154.219
694.543	121.638
696.363	92.594
697.734	69.960
698.767	53.949
699.567	43.547
700.220	37.481
700.788	34.669
701.322	34.328
701.858	35.951
702.425	39.228
703.050	43.963
703.755	49.999
704.561	57.131
705.485	65.053
706.536	73.285
707.717	81.160
709.018	87.880
710.418	92.623
711.880	94.734
713.362	93.902
714.817	90.265
716.204	84.374
717.491	77.046
718.659	69.150
719.703	61.438
720.631	54.452
721.454	48.488
722.189	43.653
722.854	39.917
723.466	37.167
724.040	35.257
724.589	34.025
725.122	33.324
725.649	33.021
726.174	33.004
726.702	33.175
727.236	33.453
727.778	33.778
728.328	34.095
728.887	34.369
729.452	34.567
730.024	34.670
730.600	34.665
731.178	34.545
731.757	34.308
732.334	33.961
732.909	33.507
733.478	32.962
734.040	32.344
734.595	31.676
735.141	30.992
735.678	30.338
736.206	29.773
736.728	29.375
737.247	29.241
737.766	29.495
738.295	30.282
738.843	31.788
739.423	34.229
740.053	37.843
740.756	42.883
741.558	49.572
742.490	58.054
743.582	68.294
744.865	79.998
746.359	92.556
748.071	105.083
749.988	116.695
752.084	126.890
754.324	135.908
756.684	144.831
759.156	155.213
761.763	168.314
764.542	184.184
767.520	201.015
770.692	215.180
773.993	222.334
777.300	219.254
780.460	205.548
783.340	183.734
785.852	157.920
787.972	132.019
789.721	108.621
791.149	88.881
792.312	72.911
793.267	60.265
794.058	50.324
794.721	42.481
795.284	36.234
795.766	31.196
796.185	27.083
796.550	23.686
796.873	20.860
797.159	18.496
797.415	16.512
797.645	14.849
797.854	13.459
798.046	12.307
798.222	11.361
798.387	10.600
798.542	10.008
798.690	9.574
798.834	9.289
798.974	9.152
799.115	9.166
799.257	9.340
799.403	9.688
799.557	10.230
799.721	10.994
799.900	12.011
800.098	13.322
800.319	14.975
800.571	17.016
800.860	19.503
801.195	22.482
801.583	25.981
802.035	30.012
802.560	34.544
803.167	39.479
803.862	44.640
804.649	49.763
805.526	54.513
806.484	58.505
807.508	61.371
808.577	62.834
809.667	62.774
810.749	61.280
811.799	58.618
812.801	55.173
813.742	51.413
814.618	47.783
815.433	44.675
816.199	42.419
816.930	41.321
817.649	41.709
818.381	43.991
819.163	48.741
820.038	56.776
821.067	69.185
822.328	87.242
823.919	112.064
825.949	143.800
828.511	180.331
831.642	216.104
835.265	242.630
839.165	251.958
843.040	241.494
846.603	215.739
849.680	183.184
852.229	151.398
854.302	124.554
855.992	103.755
857.397	88.390
858.594	77.256
859.642	69.217
860.585	63.434
861.452	59.390
862.268	56.825
863.052	55.683
863.824	56.058
864.608	58.160
865.425	62.284
866.306	68.770
867.283	77.966
868.395	90.117
869.681	105.242
871.178	122.884
872.915	141.969
874.903	160.617
877.119	176.316
879.510	186.449
881.991	189.106
884.458	183.786
886.809	171.630
888.967	154.956
890.887	136.421
892.561	118.306
894.002	102.139
895.242	88.646
896.318	78.012
897.266	70.097
898.121	64.586
898.913	61.167
899.667	59.586
900.407	59.651
901.151	61.221
901.919	64.214
902.728	68.588
903.596	74.254
904.538	81.087
905.568	88.888
906.697	97.298
907.930	105.793
909.266	113.717
910.695	120.304
912.197	124.794
913.744	126.560
915.300	125.270
916.827	120.945
918.291	113.965
919.660	105.004
920.915	94.875
922.043	84.340
923.044	74.082
923.922	64.584
924.687	56.135
925.355	48.873
925.938	42.833
926.451	37.962
926.909	34.167
927.324	31.377
927.709	29.508
928.074	28.506
928.429	28.362
928.787	29.101
929.158	30.786
929.554	33.539
929.989	37.528
930.480	42.969
931.048	50.122
931.713	59.254
932.503	70.603
933.447	84.293
934.573	100.206
935.909	117.857
937.472	136.247
939.262	153.812
941.260	168.594
943.420	178.605
945.670	182.407
947.932	179.543
950.122	170.730
952.174	157.645
954.046	142.280
955.719	126.489
957.195	111.684
958.494	98.662
959.640	87.730
960.659	78.899
961.577	71.983
962.416	66.732
963.198	62.923
963.938	60.375
964.652	58.958
965.352	58.620
966.052	59.369
966.764	61.250
967.502	64.375
968.282	68.871
969.120	74.873
970.033	82.501
971.043	91.820
972.166	102.733
973.422	114.999
974.824	128.092
976.378	141.167
978.079	153.171
979.909	162.872
981.834	169.115
983.810	171.118
985.786	168.638
987.711	162.077
989.541	152.372
991.246	140.737
992.809	128.408
994.227	116.438
995.508	105.555
996.667	96.177
997.724	88.461
998.696	82.350
999.604	77.687
1000.462	74.248
1001.284	71.784
1002.082	70.051
1002.863	68.834
1003.632	67.934
1004.393	67.188
1005.148	66.470
1005.895	65.675
1006.636	64.742
1007.367	63.639
1008.087	62.357
1008.794	60.918
1009.486	59.365
1010.162	57.756
1010.821	56.162
1011.464	54.665
1012.092	53.350
1012.707	52.306
1013.312	51.621
1013.913	51.387
1014.513	51.693
1015.120	52.643
1015.741	54.335
1016.385	56.863
1017.063	60.352
1017.785	64.882
1018.564	70.545
1019.415	77.402
1020.350	85.417
1021.383	94.515
1022.526	104.444
1023.785	114.796
1025.166	125.040
1026.661	134.382
1028.258	142.066
1029.933	147.285
1031.653	149.410
1033.384	148.181
1035.085	143.644
1036.718	136.230
1038.255	126.650
1039.674	115.697
1040.964	104.179
1042.120	92.764
1043.148	81.938
1044.055	72.030
1044.852	63.196
1045.553	55.489
1046.170	48.885
1046.716	43.310
1047.202	38.682
1047.639	34.916
1048.035	31.936
1048.400	29.680
1048.742	28.104
1049.069	27.195
1049.388	26.962
1049.707	27.435
1050.035	28.699
1050.381	30.845
1050.757	34.055
1051.175	38.508
1051.652	44.503
1052.208	52.362
1052.865	62.444
1053.653	75.173
1054.603	90.848
1055.752	109.621
1057.135	131.249
1058.781	154.872
1060.706	178.892
1062.901	200.867
1065.330	217.976
1067.918	227.604
1070.568	228.225
1073.175	220.007
1075.641	204.627
1077.901	184.822
1079.913	163.378
1081.675	142.566
1083.203	123.828
1084.524	107.873
1085.675	94.823
1086.687	84.487
1087.590	76.535
1088.412	70.603
1089.172	66.374
1089.891	63.593
1090.583	62.070
1091.262	61.674
1091.940	62.319
1092.628	63.952
1093.338	66.538
1094.078	70.045
1094.862	74.439
1095.696	79.638
1096.591	85.540
1097.553	91.977
1098.587	98.730
1099.696	105.528
1100.879	112.042
1102.133	117.963
1103.447	122.975
1104.812	126.848
1106.214	129.472
1107.636	130.859
1109.070	131.179
1110.498	130.725
1111.917	129.880
1113.321	129.054
1114.713	128.647
1116.097	128.997
1117.481	130.351
1118.878	132.808
1120.298	136.325
1121.753	140.688
1123.250	145.533
1124.792	150.334
1126.378	154.465
1127.997	157.276
1129.637	158.174
1131.275	156.739
1132.887	152.731
1134.447	146.276
1135.932	137.661
1137.322	127.431
1138.601	116.216
1139.764	104.629
1140.808	93.251
1141.738	82.482
1142.559	72.671
1143.285	63.942
1143.924	56.412
1144.490	50.052
1144.995	44.817
1145.448	40.631
1145.862	37.404
1146.246	35.061
1146.608	33.529
1146.957	32.761
1147.302	32.733
1147.648	33.445
1148.005	34.935
1148.380	37.275
1148.784	40.579
1149.227	45.025
1149.722	50.852
1150.285	58.393
1150.934	68.068
1151.695	80.425
1152.596	96.093
1153.675	115.787
1154.975	140.140
1156.544	169.506
1158.431	203.595
1160.677	241.023
1163.302	278.889
1166.287	312.773
1169.567	337.405
1173.024	348.169
1176.505	342.755
1179.849	322.215
1182.926	290.409
1185.645	252.661
1187.976	213.890
1189.926	177.726
1191.534	146.113
1192.850	119.732
1193.927	98.394
1194.812	81.484
1195.547	68.250
1196.165	57.953
1196.692	49.958
1197.149	43.733
1197.552	38.861
1197.911	35.022
1198.237	31.970
1198.537	29.516
1198.815	27.527
1199.077	25.900
1199.324	24.557
1199.560	23.450
1199.788	22.533
1200.007	21.792
1200.221	21.200
1200.429	20.762
1200.636	20.467
1200.840	20.331
1201.045	20.358
1201.251	20.572
1201.461	20.999
1201.677	21.666
1201.901	22.620
1202.137	23.910
1202.389	25.601
1202.660	27.770
1202.956	30.510
1203.284	33.937
1203.651	38.181
1204.066	43.406
1204.541	49.780
1205.089	57.514
1205.723	66.796
1206.464	77.843
1207.327	90.807
1208.337	105.808
1209.511	122.830
1210.871	141.733
1212.432	162.165
1214.208	183.639
1216.204	205.466
1218.413	226.952
1220.827	247.412
1223.424	266.334
1226.182	283.346
1229.072	298.173
1232.068	310.471
1235.138	319.659
1238.248	324.887
1241.357	325.238
1244.417	319.875
1247.380	308.567
1250.192	291.640
1252.813	270.269
1255.210	246.017
1257.369	220.673
1259.288	195.839
1260.981	172.785
1262.466	152.318
1263.773	134.874
1264.929	120.542
1265.963	109.208
1266.902	100.620
1267.769	94.471
1268.586	90.430
1269.371	88.184
1270.139	87.430
1270.904	87.869
1271.674	89.253
1272.459	91.312
1273.264	93.803
1274.092	96.481
1274.945	99.110
1275.821	101.463
1276.719	103.352
1277.634	104.597
1278.559	105.080
1279.489	104.716
1280.413	103.500
1281.328	101.450
1282.222	98.679
1283.094	95.297
1283.934	91.496
1284.743	87.428
1285.515	83.313
1286.252	79.307
1286.955	75.604
1287.626	72.352
1288.271	69.691
1288.894	67.752
1289.501	66.637
1290.102	66.455
1290.703	67.304
1291.316	69.271
1291.949	72.441
1292.615	76.889
1293.323	82.643
1294.087	89.712
1294.919	98.036
1295.830	107.446
1296.828	117.662
1297.923	128.295
1299.112	138.768
1300.397	148.408
1301.764	156.461
1303.200	162.216
1304.680	165.048
1306.177	164.606
1307.661	160.807
1309.102	153.898
1310.474	144.419
1311.754	133.075
1312.930	120.652
1313.992	107.900
1314.941	95.453
1315.779	83.786
1316.515	73.223
1317.159	63.929
1317.723	55.961
1318.218	49.294
1318.656	43.843
1319.047	39.495
1319.402	36.137
1319.729	33.652
1320.036	31.930
1320.329	30.878
1320.615	30.413
1320.898	30.471
1321.184	31.001
1321.476	31.956
1321.781	33.314
1322.099	35.038
1322.436	37.122
1322.795	39.540
1323.180	42.281
1323.593	45.330
1324.037	48.658
1324.516	52.245
1325.032	56.042
1325.587	60.013
1326.183	64.090
1326.821	68.212
1327.501	72.290
1328.222	76.249
1328.984	79.992
1329.784	83.456
1330.619	86.553
1331.484	89.268
1332.377	91.563
1333.292	93.481
1334.226	95.061
1335.175	96.421
1336.139	97.669
1337.115	98.982
1338.104	100.511
1339.109	102.434
1340.133	104.930
1341.183	108.085
1342.266	112.046
1343.388	116.771
1344.558	122.302
1345.782	128.455
1347.066	135.142
1348.414	142.126
1349.828	149.295
1351.308	156.617
1352.856	164.334
1354.474	173.088
1356.172	184.066
1357.972	199.166
1359.916	220.999
1362.067	252.823
1364.519	297.963
1367.391	358.694
1370.809	434.075
1374.874	517.689
1379.604	595.598
1384.877	648.681
1390.418	659.757
1395.847	622.846
1400.794	546.587
1404.997	449.758
1408.378	351.023
1410.965	263.635
1412.886	192.866
1414.282	139.143
1415.286	100.000
1416.009	72.264
1416.531	52.975
1416.918	39.695
1417.208	30.633
1417.435	24.466
1417.617	20.305
1417.771	17.521
1417.904	15.705
1418.024	14.591
1418.138	14.001
1418.247	13.845
1418.356	14.074
1418.469	14.681
1418.586	15.702
1418.714	17.198
1418.854	19.269
1419.013	22.056
1419.196	25.744
1419.411	30.573
1419.668	36.847
1419.980	44.947
1420.363	55.324
1420.836	68.506
1421.425	85.079
1422.158	105.609
1423.068	130.539
1424.194	160.064
1425.570	193.839
1427.229	230.755
1429.190	268.683
1431.451	304.491
1433.984	334.298
1436.723	354.266
1439.585	361.570
1442.457	355.368
1445.237	336.965
1447.834	309.636
1450.191	277.448
1452.283	244.370
1454.109	213.581
1455.700	186.940
1457.088	165.515
1458.318	149.391
1459.429	138.335
1460.461	131.721
1461.448	129.014
1462.417	129.585
1463.394	132.920
1464.398	138.619
1465.448	146.304
1466.556	155.720
1467.736	166.599
1468.998	178.750
1470.350	191.941
1471.798	205.912
1473.348	220.399
1475.000	234.934
1476.754	249.163
1478.604	262.412
1480.542	274.146
1482.553	283.617
1484.621	290.249
1486.720	293.393
1488.827	292.728
1490.913	288.117
1492.950	279.595
1494.915	267.654
1496.782	252.819
1498.535	235.865
1500.164	217.591
1501.657	198.750
1503.019	180.043
1504.248	162.022
1505.353	145.112
1506.340	129.581
1507.224	115.580
1508.011	103.193
1508.716	92.391
1509.348	83.129
1509.918	75.302
1510.437	68.809
1510.912	63.561
1511.353	59.442
1511.767	56.349
1512.162	54.226
1512.544	52.996
1512.918	52.595
1513.293	53.014
1513.672	54.198
1514.061	56.151
1514.467	58.859
1514.894	62.300
1515.349	66.515
1515.834	71.425
1516.359	77.082
1516.926	83.391
1517.543	90.318
1518.210	97.760
1518.935	105.554
1519.719	113.567
1520.561	121.510
1521.464	129.183
1522.423	136.233
1523.434	142.382
1524.489	147.313
1525.578	150.756
1526.691	152.530
1527.815	152.489
1528.936	150.650
1530.040	147.093
1531.117	142.014
1532.156	135.675
1533.145	128.396
1534.080	120.557
1534.959	112.433
1535.778	104.395
1536.539	96.728
1537.245	89.596
1537.900	83.287
1538.511	77.882
1539.084	73.567
1539.627	70.466
1540.149	68.694
1540.661	68.464
1541.175	69.939
1541.702	73.468
1542.260	79.392
1542.866	88.250
1543.544	100.659
1544.321	117.388
1545.230	139.329
1546.311	167.353
1547.611	202.255
1549.179	244.357
1551.067	293.146
1553.315	346.849
1555.950	401.866
1558.964	452.982
1562.310	493.738
1565.893	518.032
1569.583	521.806
1573.227	504.509
1576.685	469.349
1579.849	422.116
1582.653	369.449
1585.080	317.170
1587.146	269.370
1588.890	228.275
1590.363	194.611
1591.618	168.078
1592.703	147.881
1593.659	133.006
1594.522	122.434
1595.319	115.260
1596.072	110.730
1596.798	108.217
1597.510	107.234
1598.218	107.390
1598.928	108.393
1599.647	109.996
1600.378	112.012
1601.123	114.300
1601.886	116.730
1602.665	119.224
1603.462	121.684
1604.276	124.060
1605.106	126.323
1605.953	128.429
1606.813	130.418
1607.689	132.288
1608.577	134.119
1609.477	136.006
1610.392	138.069
1611.319	140.504
1612.265	143.503
1613.231	147.348
1614.224	152.326
1615.252	158.761
1616.323	167.010
1617.452	177.418
1618.650	190.294
1619.936	205.853
1621.327	224.166
1622.837	245.084
1624.486	268.102
1626.283	292.351
1628.232	316.567
1630.332	339.051
1632.564	357.945
1634.902	371.280
1637.304	377.526
1639.726	375.697
1642.114	365.653
1644.414	348.143
1646.586	324.612
1648.598	296.962
1650.425	267.275
1652.060	237.338
1653.505	208.731
1654.774	182.443
1655.882	159.140
1656.846	139.163
1657.691	122.415
1658.435	108.839
1659.099	98.128
1659.699	89.970
1660.252	84.071
1660.770	80.101
1661.267	77.805
1661.751	76.937
1662.232	77.280
1662.717	78.645
1663.213	80.872
1663.725	83.811
1664.257	87.317
1664.813	91.262
1665.396	95.525
1666.007	99.968
1666.647	104.464
1667.318	108.885
1668.017	113.109
1668.746	117.013
1669.499	120.480
1670.276	123.418
1671.071	125.755
1671.883	127.445
1672.705	128.468
1673.534	128.838
1674.366	128.613
1675.196	127.872
1676.023	126.727
1676.842	125.316
1677.653	123.796
1678.455	122.326
1679.247	121.085
1680.033	120.220
1680.815	119.884
1681.595	120.249
1682.380	121.382
1683.174	123.396
1683.981	126.346
1684.811	130.224
1685.666	135.035
1686.555	140.661
1687.481	146.976
1688.450	153.803
1689.464	160.864
1690.524	167.886
1691.630	174.496
1692.778	180.339
1693.963	185.043
1695.177	188.272
1696.408	189.748
1697.647	189.288
1698.880	186.808
1700.093	182.360
1701.275	176.072
1702.414	168.193
1703.499	159.065
1704.526	148.983
1705.484	138.352
1706.373	127.517
1707.195	116.721
1707.945	106.288
1708.629	96.359
1709.251	87.063
1709.812	78.541
1710.320	70.766
1710.778	63.791
1711.193	57.571
1711.569	52.077
1711.909	47.263
1712.219	43.063
1712.503	39.428
1712.765	36.299
1713.006	33.622
1713.231	31.349
1713.441	29.440
1713.640	27.848
1713.828	26.547
1714.009	25.502
1714.184	24.689
1714.354	24.099
1714.521	23.708
1714.686	23.509
1714.850	23.497
1715.016	23.658
1715.183	23.998
1715.353	24.523
1715.529	25.230
1715.709	26.117
1715.898	27.208
1716.096	28.508
1716.303	30.007
1716.523	31.743
1716.756	33.714
1717.006	35.917
1717.272	38.391
1717.558	41.101
1717.866	44.084
1718.197	47.323
1718.554	50.794
1718.938	54.503
1719.351	58.399
1719.795	62.460
1720.271	66.625
1720.781	70.829
1721.322	74.999
1721.897	79.055
1722.505	82.908
1723.141	86.444
1723.806	89.597
1724.497	92.269
1725.207	94.407
1725.933	95.972
1726.674	96.954
1727.420	97.395
1728.172	97.362
1728.924	96.988
1729.671	96.446
1730.417	95.938
1731.160	95.769
1731.903	96.218
1732.651	97.719
1733.413	100.658
1734.202	105.564
1735.032	112.967
1735.924	123.491
1736.904	137.724
1737.999	156.256
1739.244	179.474
1740.673	207.484
1742.322	239.787
1744.220	275.223
1746.383	311.537
1748.809	345.633
1751.469	373.724
1754.307	392.066
1757.240	397.898
1760.173	390.144
1763.005	369.846
1765.652	339.833
1768.054	303.844
1770.180	265.745
1772.024	228.755
1773.603	195.065
1774.944	165.890
1776.084	141.597
1777.057	122.064
1777.898	106.841
1778.637	95.315
1779.297	86.878
1779.904	81.013
1780.474	77.226
1781.018	75.113
1781.551	74.399
1782.082	74.837
1782.616	76.242
1783.166	78.491
1783.732	81.476
1784.322	85.141
1784.940	89.430
1785.591	94.236
1786.279	99.555
1787.006	105.321
1787.777	111.372
1788.592	117.660
1789.455	124.055
1790.363	130.288
1791.318	136.273
1792.316	141.761
1793.352	146.498
1794.424	150.349
1795.519	153.053
1796.635	154.514
1797.756	154.635
1798.878	153.391
1799.987	150.848
1801.077	147.122
1802.137	142.381
1803.162	136.862
1804.146	130.834
1805.086	124.505
1805.980	118.186
1806.829	112.106
1807.636	106.438
1808.402	101.441
1809.134	97.283
1809.837	94.052
1810.519	91.977
1811.189	91.194
1811.855	91.799
1812.529	94.039
1813.222	98.069
1813.948	104.071
1814.722	112.335
1815.560	123.036
1816.480	136.371
1817.503	152.540
1818.647	171.532
1819.934	193.176
1821.380	217.142
1823.000	242.648
1824.802	268.617
1826.786	293.773
1828.938	316.415
1831.237	335.100
1833.649	348.560
1836.132	356.062
1838.645	357.639
1841.143	354.047
1843.594	346.547
1845.972	336.754
1848.267	326.275
1850.477	316.458
1852.609	308.235
1854.677	302.068
1856.695	298.016
1858.678	295.804
1860.639	294.966
1862.588	294.966
1864.530	295.329
1866.464	295.736
1868.391	296.176
1870.315	296.955
1872.237	298.701
1874.160	302.393
1876.102	309.217
1878.085	320.556
1880.131	337.765
1882.283	362.080
1884.585	394.204
1887.074	434.011
1889.804	480.423
1892.800	530.472
1896.073	579.707
1899.611	622.473
1903.350	652.302
1907.212	663.940
1911.077	654.302
1914.823	623.517
1918.339	575.020
1921.534	514.332
1924.358	447.738
1926.790	380.945
1928.843	318.153
1930.548	262.007
1931.946	213.659
1933.084	173.203
1934.005	140.079
1934.751	113.383
1935.355	92.129
1935.847	75.329
1936.251	62.134
1936.585	51.790
1936.865	43.710
1937.102	37.391
1937.306	32.455
1937.484	28.601
1937.642	25.592
1937.783	23.257
1937.913	21.450
1938.033	20.071
1938.146	19.047
1938.254	18.310
1938.359	17.827
1938.461	17.567
1938.562	17.504
1938.663	17.630
1938.766	17.942
1938.871	18.433
1938.979	19.113
1939.092	19.988
1939.211	21.075
1939.337	22.384
1939.471	23.940
1939.615	25.765
1939.771	27.888
1939.941	30.334
1940.126	33.143
1940.329	36.338
1940.553	39.967
1940.800	44.061
1941.074	48.646
1941.377	53.767
1941.713	59.443
1942.085	65.681
1942.498	72.485
1942.954	79.841
1943.458	87.698
1944.012	95.983
1944.620	104.593
1945.282	113.379
1946.001	122.169
1946.776	130.741
1947.605	138.840
1948.485	146.201
1949.412	152.555
1950.377	157.639
1951.373	161.224
1952.390	163.145
1953.419	163.302
1954.445	161.682
1955.460	158.340
1956.452	153.440
1957.412	147.194
1958.332	139.845
1959.204	131.706
1960.026	123.063
1960.794	114.198
1961.506	105.381
1962.164	96.829
1962.769	88.730
1963.323	81.255
1963.832	74.532
1964.301	68.664
1964.734	63.769
1965.138	59.995
1965.519	57.514
1965.888	56.543
1966.252	57.422
1966.625	60.656
1967.023	66.917
1967.466	77.183
1967.982	92.787
1968.606	115.513
1969.389	147.717
1970.393	192.150
1971.702	252.005
1973.417	330.175
1975.650	427.914
1978.524	543.772
1982.124	670.064
1986.483	792.677
1991.524	891.313
1997.041	945.000
2002.729	940.551
2008.224	878.424
2013.224	772.987
2017.518	645.840
2021.040	517.276
2023.821	401.341
2025.957	304.731
2027.568	228.675
2028.774	171.087
2029.676	128.749
2030.356	98.264
2030.877	76.660
2031.286	61.529
2031.616	51.103
2031.892	44.044
2032.132	39.412
2032.349	36.553
2032.551	35.044
2032.747	34.599
2032.941	35.062
2033.140	36.376
2033.347	38.544
2033.568	41.654
2033.807	45.854
2034.073	51.358
2034.372	58.470
2034.714	67.573
2035.111	79.127
2035.578	93.729
2036.133	112.030
2036.798	134.803
2037.602	162.909
2038.573	197.019
2039.745	237.661
2041.160	285.147
2042.853	338.894
2044.851	397.137
2047.179	457.218
2049.842	515.033
2052.802	565.020
2056.009	601.721
2059.390	620.612
2062.821	618.777
2066.190	596.369
2069.401	556.341
2072.353	503.672
2074.995	444.076
2077.308	382.886
2079.284	324.514
2080.951	271.703
2082.343	225.907
2083.495	187.672
2084.455	156.557
2085.255	132.052
2085.932	113.247
2086.515	99.322
2087.028	89.538
2087.495	83.222
2087.930	79.897
2088.350	79.097
2088.770	80.644
2089.199	84.296
2089.651	90.008
2090.134	97.755
2090.664	107.683
2091.247	119.826
2091.897	134.428
2092.631	151.703
2093.458	171.881
2094.396	195.118
2095.463	221.669
2096.673	251.508
2098.045	284.523
2099.594	320.370
2101.332	358.293
2103.268	397.196
2105.403	435.647
2107.732	471.725
2110.236	503.372
2112.883	528.473
2115.640	545.165
2118.459	552.284
2121.286	549.281
2124.075	536.606
2126.775	515.341
2129.345	487.465
2131.758	454.900
2133.995	419.835
2136.048	384.311
2137.920	349.796
2139.616	317.466
2141.152	288.245
2142.543	262.565
2143.811	240.499
2144.971	222.206
2146.043	207.661
2147.048	196.610
2147.999	188.856
2148.916	184.387
2149.812	183.050
2150.703	184.543
2151.604	188.976
2152.530	196.276
2153.491	206.193
2154.503	218.758
2155.578	233.895
2156.727	251.244
2157.961	270.554
2159.291	291.510
2160.719	313.429
2162.252	335.557
2163.891	357.160
2165.628	377.182
2167.457	394.563
2169.360	408.331
2171.322	417.654
2173.320	421.765
2175.324	420.323
2177.315	413.358
2179.261	401.213
2181.141	384.401
2182.933	363.921
2184.624	340.722
2186.201	315.836
2187.659	290.214
2188.996	264.733
2190.213	240.054
2191.315	216.712
2192.309	195.072
2193.204	175.316
2194.008	157.536
2194.731	141.716
2195.384	127.798
2195.972	115.674
2196.506	105.205
2196.993	96.245
2197.440	88.639
2197.851	82.265
2198.235	76.986
2198.597	72.675
2198.937	69.237
2199.263	66.600
2199.579	64.685
2199.887	63.405
2200.188	62.714
2200.488	62.604
2200.789	63.043
2201.092	63.941
2201.401	65.335
2201.718	67.229
2202.046	69.584
2202.385	72.357
2202.740	75.619
2203.112	79.354
2203.502	83.465
2203.914	88.032
2204.351	93.054
2204.812	98.424
2205.302	104.165
2205.821	110.274
2206.371	116.622
2206.954	123.188
2207.572	129.936
2208.223	136.714
2208.910	143.457
2209.631	150.055
2210.384	156.382
2211.171	162.355
2211.988	167.802
2212.833	172.684
2213.701	176.920
2214.592	180.372
2215.499	183.079
2216.419	185.084
2217.350	186.395
2218.289	187.141
2219.229	187.534
2220.169	187.812
2221.117	188.240
2222.064	189.240
2223.015	191.311
2223.979	194.950
2224.964	200.758
2225.979	209.573
2227.037	222.188
2228.164	239.376
2229.380	262.262
2230.712	291.777
2232.195	328.601
2233.864	373.357
2235.757	426.108
2237.910	485.818
2240.353	550.577
2243.103	617.154
2246.158	680.621
2249.496	735.350
2253.061	775.352
2256.771	795.505
2260.531	792.858
2264.225	767.097
2267.755	720.970
2271.035	659.372
2274.000	588.347
2276.623	513.775
2278.895	440.741
2280.834	372.719
2282.465	311.969
2283.827	259.303
2284.957	214.830
2285.893	177.981
2286.669	147.916
2287.315	123.692
2287.856	104.368
2288.313	89.069
2288.706	77.058
2289.046	67.667
2289.346	60.386
2289.615	54.770
2289.861	50.474
2290.087	47.225
2290.301	44.807
2290.504	43.047
2290.700	41.811
2290.891	40.999
2291.079	40.526
2291.267	40.322
2291.453	40.346
2291.640	40.571
2291.829	40.957
2292.021	41.476
2292.215	42.111
