<j>	var(j)
1.246	0.387
3.002	0.921
4.179	0.875
5.196	0.705
6.054	0.711
7.215	1.332
8.585	0.975
9.532	1.532
11.137	2.247
12.467	1.536
13.346	1.420
14.237	1.855
15.522	2.821
17.083	2.218
18.031	1.476
18.729	1.284
19.440	1.445
20.367	1.813
21.486	1.844
22.550	1.870
23.598	1.727
24.543	1.681
25.496	1.971
26.692	3.106
28.339	3.566
29.759	2.826
30.782	2.091
31.548	1.697
32.242	1.605
32.951	1.500
33.668	1.754
34.659	3.159
36.382	4.929
38.246	3.751
39.354	2.254
40.058	1.820
40.693	1.646
41.311	1.533
41.954	1.802
42.828	3.072
44.396	6.558
47.021	9.179
49.278	5.271
50.306	2.556
50.847	2.083
51.368	2.686
52.136	4.268
53.392	6.135
54.975	5.628
56.180	3.194
56.831	1.790
57.242	1.473
57.644	1.710
58.184	2.470
59.043	3.985
60.413	5.858
62.128	5.995
63.566	4.223
64.501	2.795
65.151	2.202
65.716	2.118
66.315	2.367
67.037	2.875
67.946	3.613
69.090	4.820
70.581	6.850
72.480	8.304
74.343	6.766
75.630	4.489
76.493	4.392
77.473	7.979
79.355	17.198
82.678	24.597
85.950	17.998
87.839	10.212
88.864	6.416
89.525	4.486
90.007	3.402
90.395	2.836
90.742	2.622
91.088	2.673
91.469	2.953
91.919	3.441
92.476	4.087
93.164	4.760
93.977	5.266
94.877	5.497
95.812	5.583
96.766	5.832
97.775	6.550
98.919	7.879
100.275	9.604
101.845	11.156
103.539	12.081
105.236	12.203
106.832	11.306
108.221	9.409
109.327	7.104
110.148	5.143
110.755	3.951
111.248	3.634
111.742	4.248
112.371	5.998
113.303	9.142
114.711	13.166
116.582	15.679
118.546	14.469
120.167	10.951
121.324	7.573
122.117	5.169
122.670	3.688
123.085	2.935
123.439	2.768
123.804	3.159
124.257	4.260
124.911	6.416
125.927	9.863
127.442	13.573
129.326	14.666
131.114	12.250
132.486	9.408
133.537	8.627
134.555	10.840
135.900	17.228
138.002	28.217
141.060	37.490
144.396	34.457
146.953	23.237
148.521	14.266
149.469	9.732
150.136	8.081
150.717	7.982
151.315	8.719
151.990	9.871
152.768	11.069
153.647	11.917
154.591	12.093
155.543	11.562
156.447	10.673
157.284	10.002
158.082	10.102
158.909	11.369
159.864	13.943
161.045	17.444
162.496	20.577
164.133	21.423
165.741	19.087
167.100	14.794
168.120	10.531
168.843	7.366
169.359	5.379
169.750	4.279
170.076	3.778
170.380	3.684
170.692	3.897
171.039	4.380
171.447	5.161
171.947	6.384
172.587	8.468
173.465	12.482
174.788	20.594
176.933	34.913
180.220	50.538
184.168	52.486
187.537	39.391
189.773	25.677
191.169	17.207
192.106	12.507
192.798	9.741
193.351	8.003
193.817	6.912
194.232	6.273
194.621	5.951
195.003	5.836
195.390	5.836
195.788	5.881
196.201	5.938
196.628	6.026
197.074	6.252
197.552	6.857
198.096	8.303
198.783	11.380
199.758	17.173
201.234	26.217
203.389	36.000
206.070	39.969
208.703	35.040
210.798	26.918
212.340	21.471
213.572	19.643
214.717	20.068
215.892	21.205
217.124	21.825
218.371	21.192
219.557	19.253
220.618	16.586
221.525	14.006
222.295	12.192
222.978	11.607
223.648	12.662
224.406	15.911
225.384	22.063
226.751	31.382
228.651	42.075
231.055	49.016
233.631	47.046
235.903	37.360
237.598	26.156
238.750	17.743
239.533	12.749
240.109	10.239
240.586	9.250
241.033	9.185
241.490	9.748
241.989	10.823
242.555	12.375
243.215	14.383
243.992	16.775
244.904	19.371
245.955	21.859
247.132	23.845
248.398	25.021
249.704	25.338
251.005	25.064
252.275	24.637
253.513	24.455
254.734	24.736
255.964	25.502
257.225	26.615
258.530	27.808
259.878	28.681
261.247	28.765
262.596	27.669
263.871	25.293
265.018	21.929
266.001	18.141
266.810	14.515
267.460	11.452
267.979	9.119
268.400	7.513
268.757	6.547
269.077	6.118
269.388	6.152
269.711	6.611
270.070	7.514
270.491	8.955
271.005	11.126
271.660	14.369
272.519	19.172
273.673	25.988
275.219	34.587
277.210	42.989
279.545	47.438
281.943	45.299
284.081	38.278
285.806	30.784
287.167	25.958
288.324	24.535
289.435	25.845
290.618	28.699
291.926	31.761
293.353	33.838
294.840	34.305
296.313	33.363
297.720	31.786
299.043	30.306
300.296	29.180
301.495	28.167
302.647	26.806
303.734	24.762
304.731	22.019
305.613	18.871
306.368	15.740
307.000	12.989
307.527	10.824
307.974	9.302
308.367	8.377
308.731	7.965
309.086	7.972
309.451	8.309
309.841	8.899
310.268	9.657
310.739	10.489
311.258	11.280
311.822	11.905
312.422	12.241
313.042	12.205
313.662	11.777
314.264	11.016
314.829	10.045
315.349	9.011
315.820	8.056
316.249	7.299
316.646	6.845
317.030	6.859
317.429	7.786
317.910	11.045
318.646	21.172
320.154	51.175
323.755	124.118
331.144	213.703
340.318	188.473
346.292	90.748
348.786	34.572
349.715	14.615
350.123	8.457
350.376	6.683
350.586	6.334
350.792	6.537
351.010	7.039
351.251	7.768
351.523	8.709
351.834	9.853
352.193	11.182
352.606	12.648
353.079	14.167
353.615	15.611
354.211	16.816
354.856	17.605
355.533	17.837
356.221	17.453
356.895	16.502
357.533	15.135
358.121	13.569
358.652	12.038
359.128	10.766
359.561	9.996
359.974	10.081
360.405	11.709
360.929	16.360
361.696	27.135
363.005	49.664
365.379	90.260
369.423	143.289
375.052	174.084
380.830	153.177
385.239	107.813
388.110	74.417
390.052	59.261
391.610	55.505
393.078	57.074
394.583	60.598
396.168	64.300
397.828	67.080
399.532	68.159
401.236	67.051
402.883	63.646
404.423	58.277
405.815	51.615
407.035	44.468
408.081	37.546
408.962	31.338
409.700	26.087
410.317	21.828
410.838	18.482
411.284	15.908
411.674	13.954
412.020	12.487
412.335	11.400
412.626	10.621
412.903	10.106
413.171	9.843
413.436	9.851
413.707	10.179
413.992	10.916
414.304	12.188
414.660	14.170
415.081	17.079
415.596	21.150
416.244	26.580
417.063	33.385
418.095	41.216
419.361	49.130
420.850	55.617
422.502	58.996
424.212	58.280
425.860	53.819
427.349	47.203
428.636	40.404
429.731	35.020
430.683	31.995
431.563	31.860
432.453	35.093
433.449	42.435
434.666	54.985
436.245	73.855
438.340	98.971
441.070	126.915
444.417	149.516
448.131	156.834
451.784	144.887
454.964	119.530
457.471	90.976
459.325	66.462
460.660	48.350
461.629	36.040
462.356	28.040
462.927	22.992
463.401	19.925
463.819	18.232
464.207	17.563
464.587	17.746
464.977	18.722
465.394	20.510
465.859	23.187
466.390	26.857
467.012	31.629
467.751	37.557
468.632	44.579
469.679	52.412
470.908	60.466
472.314	67.840
473.874	73.441
475.539	76.295
477.240	75.906
478.904	72.453
480.468	66.736
481.891	59.831
483.156	52.724
484.264	46.098
485.232	40.308
486.080	35.441
486.828	31.444
487.496	28.202
488.099	25.598
488.651	23.533
489.164	21.936
489.646	20.763
490.108	19.979
490.557	19.566
491.003	19.505
491.452	19.784
491.913	20.385
492.393	21.292
492.900	22.491
493.441	23.989
494.023	25.822
494.655	28.097
495.348	31.049
496.119	35.121
496.998	41.073
498.032	50.089
499.299	63.787
500.910	83.864
503.007	110.972
505.718	142.513
509.066	170.589
512.869	183.782
516.725	174.780
520.183	147.176
522.959	112.275
525.009	80.267
526.448	55.749
527.441	38.868
528.136	27.934
528.640	21.084
529.026	16.862
529.340	14.279
529.610	12.710
529.855	11.776
530.085	11.249
530.308	10.997
530.530	10.937
530.753	11.024
530.981	11.230
531.217	11.540
531.462	11.945
531.720	12.443
531.991	13.032
532.279	13.718
532.586	14.503
532.914	15.394
533.267	16.396
533.646	17.515
534.056	18.757
534.499	20.117
534.978	21.592
535.497	23.162
536.058	24.798
536.663	26.455
537.311	28.067
538.002	29.558
538.732	30.838
539.496	31.825
540.286	32.454
541.092	32.697
541.905	32.577
542.716	32.182
543.518	31.660
544.310	31.222
545.094	31.127
545.881	31.674
546.687	33.186
547.539	35.999
548.471	40.405
549.523	46.585
550.738	54.439
552.152	63.407
553.781	72.321
555.610	79.511
557.576	83.288
559.584	82.707
561.529	78.069
563.325	70.772
564.925	62.587
566.326	54.955
567.549	48.674
568.632	43.951
569.613	40.636
570.524	38.436
571.390	37.062
572.229	36.299
573.054	36.037
573.878	36.264
574.710	37.060
575.565	38.565
576.460	40.952
577.414	44.375
578.451	48.904
579.596	54.460
580.868	60.737
582.279	67.166
583.824	72.988
585.482	77.444
587.216	80.076
588.981	80.976
590.740	80.828
592.474	80.702
594.188	81.666
595.909	84.395
597.675	88.907
599.518	94.437
601.452	99.547
603.457	102.494
605.484	101.845
607.459	97.063
609.305	88.743
610.965	78.307
612.412	67.399
613.648	57.360
614.696	48.972
615.592	42.509
616.374	37.888
617.075	34.844
617.727	33.053
618.350	32.200
618.963	32.010
619.576	32.255
620.199	32.752
620.835	33.358
621.486	33.970
622.152	34.517
622.832	34.957
623.523	35.280
624.223	35.511
624.930	35.712
625.644	36.000
626.367	36.574
627.106	37.784
627.874	40.230
628.698	44.956
629.629	53.749
630.754	69.535
632.221	96.678
634.260	140.420
637.179	203.663
641.266	279.266
646.552	342.315
652.548	359.080
658.331	317.704
663.081	242.051
666.509	165.968
668.784	107.628
670.237	68.957
671.165	45.151
671.777	30.904
672.200	22.356
672.510	17.099
672.750	13.736
672.946	11.480
673.112	9.888
673.257	8.716
673.386	7.822
673.504	7.120
673.612	6.560
673.713	6.107
673.808	5.739
673.898	5.439
673.985	5.197
674.069	5.006
674.151	4.859
674.231	4.754
674.311	4.690
674.390	4.667
674.470	4.688
674.552	4.759
674.636	4.888
674.723	5.085
674.816	5.369
674.914	5.761
675.022	6.293
675.141	7.008
675.275	7.965
675.430	9.243
675.613	10.950
675.832	13.230
676.101	16.269
676.435	20.300
676.857	25.598
677.394	32.451
678.078	41.094
678.948	51.578
680.038	63.588
681.373	76.212
682.954	87.854
684.748	96.456
686.677	100.117
688.635	97.928
690.508	90.461
692.204	79.536
693.673	67.418
694.906	56.046
695.928	46.694
696.781	40.030
697.519	36.400
698.200	36.142
698.891	39.838
699.668	48.479
700.629	63.486
701.898	86.385
703.621	117.831
705.939	155.713
708.920	192.997
712.471	218.014
716.290	220.094
719.954	197.589
723.094	159.525
725.539	118.528
727.313	83.384
728.546	57.151
729.388	39.176
729.968	27.483
730.379	20.102
730.684	15.513
730.923	12.682
731.122	10.951
731.296	9.920
731.457	9.362
731.611	9.153
731.764	9.242
731.920	9.626
732.086	10.344
732.266	11.470
732.469	13.117
732.704	15.440
732.985	18.648
733.329	23.001
733.757	28.804
734.298	36.378
734.986	45.977
735.857	57.687
736.948	71.203
738.289	85.670
739.885	99.577
741.714	110.991
743.715	118.237
745.804	120.844
747.898	120.252
749.950	119.926
751.977	124.919
754.081	141.244
756.459	175.133
759.390	231.068
763.181	307.022
768.030	387.460
773.818	442.108
779.990	442.347
785.754	386.162
790.493	300.094
794.018	215.065
796.474	147.826
798.139	101.022
799.273	70.715
800.069	51.853
800.657	40.389
801.121	33.594
801.510	29.776
801.860	27.940
802.192	27.534
802.523	28.266
802.867	30.008
803.234	32.729
803.639	36.474
804.094	41.329
804.612	47.379
805.211	54.696
805.904	63.290
806.710	73.076
807.641	83.791
808.709	94.963
809.917	105.870
811.258	115.570
812.714	123.027
814.253	127.279
815.831	127.673
817.400	124.036
818.912	116.742
820.324	106.629
821.605	94.783
822.737	82.301
823.718	70.096
824.552	58.823
825.252	48.862
825.835	40.357
826.318	33.282
826.719	27.504
827.052	22.860
827.331	19.170
827.567	16.262
827.769	13.980
827.944	12.196
828.099	10.807
828.237	9.729
828.363	8.896
828.479	8.259
828.588	7.780
828.692	7.431
828.792	7.192
828.890	7.050
828.987	6.998
829.085	7.032
829.184	7.158
829.286	7.381
829.392	7.717
829.505	8.187
829.625	8.817
829.757	9.650
829.902	10.743
830.066	12.166
830.254	14.018
830.473	16.422
830.732	19.542
831.043	23.581
831.423	28.777
831.889	35.400
832.467	43.727
833.184	53.956
834.070	66.119
835.156	79.925
836.462	94.583
837.994	108.721
839.736	120.461
841.637	127.812
843.618	129.298
845.587	124.541
847.450	114.450
849.136	100.856
850.603	85.899
851.841	71.379
852.865	58.469
853.703	47.729
854.389	39.276
854.956	32.962
855.437	28.549
855.857	25.850
856.244	24.775
856.620	25.410
857.013	28.088
857.455	33.494
857.991	42.806
858.687	57.865
859.636	81.313
860.976	116.422
862.885	166.038
865.570	230.021
869.187	300.933
873.728	361.376
878.902	389.510
884.160	373.793
888.933	322.956
892.874	258.379
895.927	198.755
898.232	152.649
899.987	120.494
901.372	99.317
902.518	85.576
903.509	76.396
904.398	69.815
905.213	64.605
905.969	60.063
906.674	55.823
907.331	51.739
907.942	47.791
908.508	44.009
909.031	40.466
909.515	37.224
909.961	34.357
910.376	31.892
910.763	29.880
911.128	28.338
911.477	27.266
911.816	26.667
912.150	26.542
912.485	26.879
912.828	27.658
913.183	28.864
913.557	30.472
913.954	32.449
914.380	34.750
914.839	37.320
915.335	40.084
915.870	42.958
916.445	45.828
917.060	48.589
917.715	51.110
918.405	53.282
919.124	55.007
919.869	56.220
920.630	56.895
921.401	57.053
922.174	56.768
922.945	56.147
923.708	55.334
924.462	54.480
925.206	53.741
925.941	53.235
926.672	53.081
927.404	53.331
928.142	53.996
928.891	55.051
929.659	56.423
930.447	57.980
931.258	59.583
932.094	61.071
932.950	62.262
933.824	63.033
934.709	63.278
935.596	62.957
936.478	62.113
937.349	60.860
938.202	59.406
939.035	58.039
939.852	57.158
940.658	57.323
941.471	59.329
942.320	64.402
943.250	74.380
944.336	92.118
945.694	121.728
947.494	168.391
949.973	236.893
953.403	327.188
957.987	426.746
963.690	506.596
970.059	531.774
976.316	488.280
981.729	396.175
985.914	291.650
988.893	201.259
990.911	134.241
992.245	88.919
993.127	59.826
993.724	41.679
994.143	30.551
994.454	23.834
994.700	19.914
994.909	17.813
995.098	16.968
995.281	17.074
995.468	17.985
995.666	19.663
995.886	22.148
996.136	25.537
996.426	29.981
996.770	35.665
997.182	42.797
997.680	51.601
998.282	62.261
999.011	74.845
999.890	89.305
1000.936	105.199
1002.169	121.864
1003.586	138.025
1005.181	152.182
1006.927	162.650
1008.769	167.890
1010.649	167.069
1012.499	160.187
1014.252	148.175
1015.856	132.616
1017.280	115.317
1018.510	97.907
1019.550	81.624
1020.415	67.216
1021.128	54.996
1021.712	44.977
1022.192	36.983
1022.589	30.745
1022.920	25.978
1023.203	22.400
1023.449	19.769
1023.668	17.888
1023.868	16.589
1024.056	15.747
1024.236	15.257
1024.411	15.045
1024.587	15.051
1024.763	15.226
1024.944	15.540
1025.129	15.955
1025.321	16.455
1025.520	17.015
1025.727	17.617
1025.944	18.250
1026.170	18.890
1026.405	19.524
1026.649	20.140
1026.903	20.721
1027.165	21.253
1027.436	21.723
1027.715	22.123
1028.000	22.441
1028.291	22.677
1028.586	22.826
1028.885	22.896
1029.187	22.897
1029.491	22.847
1029.795	22.774
1030.100	22.712
1030.406	22.715
1030.715	22.841
1031.027	23.182
1031.347	23.839
1031.678	24.957
1032.028	26.725
1032.407	29.387
1032.828	33.271
1033.310	38.807
1033.877	46.556
1034.563	57.188
1035.411	71.531
1036.474	90.349
1037.818	114.296
1039.508	143.238
1041.604	175.961
1044.139	209.424
1047.088	238.834
1050.363	258.804
1053.806	265.335
1057.230	257.761
1060.461	239.051
1063.385	214.294
1065.956	188.535
1068.188	165.453
1070.130	147.034
1071.848	134.004
1073.414	126.408
1074.893	123.913
1076.346	126.133
1077.828	132.489
1079.384	142.263
1081.052	154.346
1082.850	167.208
1084.786	179.000
1086.833	187.549
1088.957	191.093
1091.089	188.407
1093.162	179.401
1095.112	165.004
1096.882	146.945
1098.444	127.194
1099.786	107.545
1100.914	89.333
1101.849	73.339
1102.616	59.867
1103.243	48.890
1103.757	40.184
1104.181	33.430
1104.537	28.294
1104.840	24.468
1105.105	21.686
1105.342	19.737
1105.560	18.454
1105.765	17.715
1105.965	17.441
1106.163	17.586
1106.365	18.143
1106.575	19.138
1106.799	20.636
1107.043	22.753
1107.315	25.658
1107.624	29.602
1107.983	34.920
1108.412	42.082
1108.931	51.677
1109.574	64.441
1110.379	81.242
1111.396	102.852
1112.683	129.910
1114.300	162.165
1116.304	198.278
1118.719	234.912
1121.529	267.032
1124.653	288.788
1127.943	295.518
1131.224	285.921
1134.317	262.631
1137.096	231.041
1139.495	197.013
1141.516	165.054
1143.194	137.726
1144.588	115.824
1145.761	99.032
1146.765	86.533
1147.647	77.358
1148.437	70.627
1149.163	65.616
1149.839	61.765
1150.480	58.677
1151.090	56.066
1151.675	53.752
1152.238	51.625
1152.780	49.629
1153.304	47.750
1153.809	45.993
1154.298	44.387
1154.772	42.983
1155.233	41.828
1155.683	40.994
1156.127	40.547
1156.569	40.589
1157.014	41.218
1157.469	42.589
1157.941	44.889
1158.444	48.395
1158.989	53.498
1159.597	60.777
1160.291	71.105
1161.110	85.767
1162.102	106.656
1163.341	136.422
1164.928	178.539
1166.998	236.793
1169.719	313.969
1173.268	408.638
1177.769	511.099
1183.201	600.925
1189.308	651.853
1195.616	645.735
1201.568	584.799
1206.730	490.107
1210.910	387.525
1214.134	295.507
1216.555	221.849
1218.356	166.899
1219.706	127.560
1220.740	99.977
1221.553	80.763
1222.213	67.327
1222.766	57.799
1223.245	50.901
1223.669	45.760
1224.052	41.799
1224.404	38.629
1224.732	35.997
1225.038	33.732
1225.327	31.726
1225.600	29.904
1225.859	28.221
1226.104	26.649
1226.338	25.169
1226.559	23.772
1226.769	22.449
1226.968	21.200
1227.158	20.022
1227.338	18.917
1227.509	17.882
1227.671	16.926
1227.826	16.042
1227.973	15.241
1228.114	14.524
1228.249	13.902
1228.380	13.380
1228.505	12.979
1228.629	12.717
1228.751	12.625
1228.873	12.754
1228.997	13.158
1229.126	13.947
1229.265	15.241
1229.417	17.257
1229.593	20.280
1229.801	24.743
1230.057	31.289
1230.385	40.821
1230.816	54.698
1231.399	74.781
1232.199	103.599
1233.309	144.307
1234.855	200.320
1236.986	273.990
1239.866	364.473
1243.617	463.959
1248.260	556.136
1253.622	618.104
1259.344	631.262
1264.936	591.828
1269.980	513.919
1274.213	420.115
1277.590	329.729
1280.194	253.433
1282.177	194.056
1283.687	149.942
1284.854	117.932
1285.772	94.799
1286.514	77.946
1287.126	65.479
1287.644	56.074
1288.089	48.828
1288.479	43.148
1288.825	38.641
1289.137	35.020
1289.421	32.105
1289.684	29.757
1289.928	27.882
1290.159	26.404
1290.378	25.276
1290.590	24.458
1290.796	23.935
1290.999	23.698
1291.201	23.759
1291.406	24.152
1291.615	24.938
1291.832	26.208
1292.062	28.109
1292.311	30.844
1292.586	34.714
1292.898	40.137
1293.262	47.698
1293.697	58.183
1294.232	72.648
1294.903	92.435
1295.761	119.161
1296.870	154.515
1298.304	199.939
1300.155	255.881
1302.501	320.609
1305.406	389.137
1308.864	452.407
1312.799	498.906
1317.021	517.821
1321.284	504.044
1325.320	460.583
1328.916	397.324
1331.955	326.399
1334.408	258.195
1336.330	198.791
1337.796	150.780
1338.906	113.763
1339.742	86.362
1340.380	66.567
1340.872	52.593
1341.265	42.909
1341.587	36.319
1341.863	31.954
1342.107	29.163
1342.332	27.497
1342.545	26.634
1342.755	26.360
1342.962	26.507
1343.173	26.984
1343.389	27.708
1343.612	28.631
1343.843	29.713
1344.084	30.929
1344.337	32.261
1344.602	33.686
1344.880	35.191
1345.172	36.762
1345.478	38.377
1345.799	40.030
1346.135	41.693
1346.486	43.350
1346.853	44.987
1347.235	46.574
1347.631	48.099
1348.043	49.541
1348.468	50.880
1348.906	52.102
1349.356	53.197
1349.817	54.161
1350.288	54.994
1350.767	55.706
1351.254	56.318
1351.748	56.860
1352.248	57.372
1352.754	57.917
1353.266	58.553
1353.786	59.384
1354.315	60.511
1354.857	62.072
1355.414	64.239
1355.994	67.207
1356.602	71.238
1357.251	76.624
1357.951	83.745
1358.719	93.032
1359.575	104.987
1360.545	120.158
1361.656	139.047
1362.943	162.097
1364.441	189.443
1366.184	220.660
1368.203	254.649
1370.511	289.217
1373.105	321.287
1375.942	346.985
1378.962	362.711
1382.059	365.823
1385.130	355.642
1388.063	333.707
1390.772	303.047
1393.198	267.650
1395.317	231.040
1397.131	196.114
1398.660	164.541
1399.939	137.170
1401.002	114.133
1401.888	95.117
1402.626	79.657
1403.247	67.188
1403.772	57.188
1404.220	49.185
1404.608	42.793
1404.947	37.687
1405.247	33.618
1405.517	30.378
1405.762	27.819
1405.988	25.821
1406.199	24.293
1406.399	23.171
1406.591	22.408
1406.777	21.977
1406.962	21.864
1407.147	22.069
1407.335	22.602
1407.529	23.498
1407.731	24.788
1407.947	26.539
1408.179	28.813
1408.433	31.703
1408.714	35.314
1409.030	39.766
1409.386	45.196
1409.794	51.746
1410.263	59.550
1410.805	68.732
1411.432	79.347
1412.159	91.403
1412.995	104.727
1413.953	119.045
1415.042	133.836
1416.262	148.354
1417.609	161.679
1419.070	172.769
1420.621	180.618
1422.231	184.383
1423.862	183.635
1425.476	178.351
1427.028	169.048
1428.492	156.552
1429.838	141.967
1431.053	126.377
1432.131	110.792
1433.073	95.985
1433.889	82.497
1434.590	70.623
1435.192	60.494
1435.708	52.088
1436.155	45.323
1436.546	40.070
1436.893	36.187
1437.210	33.554
1437.506	32.076
1437.791	31.701
1438.076	32.422
1438.371	34.286
1438.685	37.407
1439.031	41.962
1439.422	48.222
1439.875	56.501
1440.408	67.225
1441.046	80.853
1441.817	97.883
1442.750	118.659
1443.881	143.393
1445.248	171.803
1446.873	202.880
1448.784	234.863
1450.968	264.846
1453.406	289.453
1456.026	305.155
1458.750	309.466
1461.461	301.587
1464.062	282.742
1466.466	255.823
1468.610	224.473
1470.473	192.139
1472.055	161.520
1473.378	134.226
1474.474	111.003
1475.380	91.917
1476.132	76.629
1476.760	64.615
1477.292	55.303
1477.750	48.158
1478.152	42.722
1478.510	38.623
1478.836	35.574
1479.138	33.366
1479.424	31.871
1479.698	31.027
1479.968	30.862
1480.238	31.503
1480.516	33.219
1480.812	36.486
1481.141	42.089
1481.525	51.292
1481.998	66.071
1482.616	89.460
1483.458	125.941
1484.651	181.721
1486.373	264.471
1488.865	381.419
1492.409	534.302
1497.255	710.748
1503.479	876.399
1510.808	979.884
1518.583	979.525
1525.948	874.554
1532.217	705.994
1537.091	526.441
1540.627	371.761
1543.084	254.399
1544.750	172.386
1545.876	117.792
1546.648	82.480
1547.190	59.974
1547.589	45.645
1547.894	36.469
1548.141	30.489
1548.349	26.482
1548.531	23.699
1548.696	21.677
1548.848	20.134
1548.989	18.906
1549.123	17.877
1549.250	16.993
1549.371	16.214
1549.488	15.514
1549.600	14.878
1549.708	14.310
1549.813	13.787
1549.914	13.331
1550.012	12.933
1550.108	12.607
1550.202	12.365
1550.295	12.223
1550.387	12.214
1550.480	12.369
1550.574	12.749
1550.673	13.424
1550.777	14.506
1550.891	16.144
1551.018	18.549
1551.167	22.024
1551.344	26.978
1551.563	34.001
1551.842	43.884
1552.204	57.708
1552.684	76.914
1553.325	103.319
1554.189	139.095
1555.353	186.538
1556.910	247.510
1558.963	322.398
1561.611	408.578
1564.917	498.823
1568.872	580.671
1573.365	638.599
1578.170	659.201
1582.986	637.267
1587.509	578.675
1591.513	497.403
1594.882	409.383
1597.612	327.157
1599.770	257.778
1601.460	203.508
1602.791	163.544
1603.864	135.687
1604.758	117.412
1605.536	106.435
1606.246	100.883
1606.925	99.295
1607.596	100.569
1608.279	103.876
1608.987	108.601
1609.730	114.256
1610.512	120.434
1611.338	126.795
1612.209	132.997
1613.120	138.782
1614.074	143.906
1615.061	148.122
1616.074	151.290
1617.112	153.281
1618.157	154.057
1619.210	153.622
1620.258	152.074
1621.293	149.554
1622.312	146.235
1623.306	142.360
1624.275	138.135
1625.214	133.795
1626.123	129.537
1627.004	125.559
1627.859	122.002
1628.691	118.980
1629.503	116.527
1630.299	114.720
1631.086	113.539
1631.864	112.974
1632.641	112.962
1633.419	113.420
1634.201	114.291
1634.992	115.479
1635.790	116.848
1636.599	118.326
1637.421	119.801
1638.251	121.172
1639.093	122.359
1639.943	123.283
1640.800	123.883
1641.663	124.112
1642.525	123.948
1643.388	123.387
1644.247	122.435
1645.099	121.096
1645.943	119.420
1646.775	117.428
1647.594	115.195
1648.398	112.738
1649.185	110.129
1649.955	107.391
1650.706	104.578
1651.438	101.750
1652.152	98.926
1652.846	96.142
1653.523	93.475
1654.182	90.944
1654.823	88.614
1655.452	86.576
1656.064	84.897
1656.668	83.704
1657.265	83.164
1657.859	83.460
1658.460	84.869
1659.071	87.706
1659.706	92.441
1660.378	99.610
1661.106	109.909
1661.913	124.269
1662.830	143.693
1663.891	169.421
1665.147	202.836
1666.649	244.981
1668.460	296.844
1670.644	358.372
1673.258	427.912
1676.349	502.146
1679.921	575.181
1683.942	639.710
1688.328	688.271
1692.943	715.224
1697.634	718.957
1702.244	701.855
1706.655	669.428
1710.785	628.189
1714.600	583.841
1718.097	540.102
1721.297	498.790
1724.220	460.259
1726.898	424.097
1729.344	389.760
1731.579	356.733
1733.612	324.917
1735.455	294.423
1737.119	265.561
1738.614	238.741
1739.955	214.285
1741.158	192.487
1742.237	173.484
1743.210	157.271
1744.093	143.792
1744.901	132.875
1745.650	124.293
1746.352	117.796
1747.020	113.148
1747.662	110.058
1748.290	108.294
1748.909	107.594
1749.526	107.755
1750.145	108.541
1750.770	109.770
1751.403	111.268
1752.047	112.859
1752.701	114.398
1753.365	115.757
1754.037	116.815
1754.716	117.473
1755.401	117.663
1756.087	117.331
1756.772	116.436
1757.452	114.970
1758.125	112.947
1758.786	110.389
1759.434	107.344
1760.064	103.871
1760.674	100.041
1761.262	95.917
1761.827	91.582
1762.368	87.114
1762.883	82.581
1763.372	78.047
1763.836	73.579
1764.273	69.227
1764.686	65.028
1765.075	61.020
1765.441	57.229
1765.785	53.680
1766.108	50.378
1766.414	47.328
1766.701	44.541
1766.973	42.018
1767.230	39.752
1767.474	37.744
1767.706	35.990
1767.929	34.482
1768.144	33.216
1768.351	32.195
1768.553	31.421
1768.751	30.895
1768.947	30.623
1769.142	30.621
1769.338	30.897
1769.537	31.475
1769.740	32.380
1769.951	33.640
1770.170	35.297
1770.402	37.395
1770.648	39.981
1770.913	43.123
1771.200	46.883
1771.514	51.330
1771.859	56.548
1772.240	62.621
1772.664	69.624
1773.136	77.634
1773.665	86.707
1774.257	96.884
1774.920	108.172
1775.660	120.510
1776.486	133.804
1777.404	147.886
1778.417	162.465
1779.527	177.219
1780.739	191.763
1782.048	205.633
1783.444	218.370
1784.922	229.564
1786.473	238.903
1788.076	246.251
1789.724	251.607
1791.402	255.194
1793.092	257.513
1794.794	259.052
1796.500	260.579
1798.209	262.913
1799.930	266.763
1801.670	272.986
1803.447	282.306
1805.282	295.334
1807.194	312.576
1809.214	334.416
1811.366	360.758
1813.677	391.306
1816.169	425.113
1818.855	460.449
1821.741	495.184
1824.812	526.230
1828.040	550.373
1831.374	564.562
1834.747	566.526
1838.089	555.306
1841.321	531.380
1844.377	496.740
1847.199	454.388
1849.755	407.625
1852.030	359.569
1854.021	312.889
1855.745	269.440
1857.224	230.281
1858.486	195.956
1859.557	166.500
1860.468	141.602
1861.242	120.878
1861.905	103.782
1862.475	89.811
1862.970	78.493
1863.405	69.380
1863.789	62.118
1864.136	56.381
1864.452	51.918
1864.744	48.525
1865.018	46.025
1865.280	44.299
1865.532	43.251
1865.781	42.794
1866.028	42.889
1866.276	43.501
1866.530	44.612
1866.791	46.210
1867.062	48.306
1867.347	50.916
1867.649	54.049
1867.971	57.739
1868.315	62.007
1868.687	66.894
1869.090	72.405
1869.527	78.587
1870.002	85.419
1870.520	92.936
1871.085	101.096
1871.701	109.855
1872.371	119.148
1873.099	128.885
1873.887	138.902
1874.736	149.040
1875.648	159.089
1876.620	168.809
1877.652	177.955
1878.737	186.262
1879.872	193.505
1881.050	199.462
1882.261	203.999
1883.498	207.032
1884.750	208.545
1886.009	208.621
1887.266	207.411
1888.513	205.130
1889.744	202.016
1890.955	198.369
1892.142	194.425
1893.305	190.488
1894.443	186.734
1895.559	183.350
1896.653	180.438
1897.731	178.090
1898.795	176.263
1899.848	174.959
1900.893	174.076
1901.933	173.498
1902.969	173.080
1904.004	172.677
1905.035	172.115
1906.062	171.232
1907.085	169.930
1908.099	168.068
1909.101	165.586
1910.089	162.447
1911.056	158.664
1912.001	154.302
1912.920	149.468
1913.809	144.346
1914.669	139.176
1915.498	134.297
1916.299	130.186
1917.077	127.500
1917.840	127.224
1918.605	130.800
1919.396	140.429
1920.250	159.422
1921.228	192.825
1922.419	248.078
1923.961	335.816
1926.051	469.943
1928.968	666.364
1933.067	937.469
1938.730	1279.680
1946.255	1656.347
1955.638	1986.565
1966.375	2165.357
1977.490	2122.321
1987.846	1872.617
1996.580	1506.347
2003.361	1126.569
2008.303	800.495
2011.755	551.606
2014.111	375.329
2015.706	256.262
2016.794	178.187
2017.553	127.899
2018.099	95.826
2018.512	75.475
2018.838	62.593
2019.111	54.448
2019.350	49.311
2019.568	46.093
2019.773	44.108
2019.970	42.925
2020.162	42.276
2020.353	41.991
2020.542	41.956
2020.733	42.101
2020.924	42.376
2021.118	42.744
2021.314	43.182
2021.512	43.682
2021.714	44.227
2021.919	44.790
2022.126	45.377
2022.337	45.987
2022.553	46.598
2022.771	47.192
2022.992	47.786
2023.217	48.370
2023.448	48.928
2023.678	49.451
2023.914	49.946
2024.154	50.406
2024.393	50.805
2024.637	51.164
2024.886	51.477
2025.133	51.710
2025.382	51.885
2025.636	52.013
2025.889	52.048
2026.143	52.013
2026.397	51.922
2026.653	51.742
2026.909	51.485
2027.162	51.165
2027.416	50.763
2027.670	50.288
2027.919	49.747
2028.167	49.137
2028.415	48.462
2028.659	47.730
2028.898	46.940
2029.137	46.097
2029.370	45.218
2029.600	44.283
2029.827	43.324
2030.048	42.338
2030.266	41.313
2030.479	40.285
2030.686	39.238
2030.890	38.178
2031.088	37.129
2031.282	36.067
2031.471	35.024
2031.655	33.984
2031.834	32.964
2032.008	31.961
2032.177	30.981
2032.342	30.025
2032.502	29.100
2032.658	28.200
2032.810	27.338
2032.957	26.505
2033.101	25.708
2033.240	24.947
2033.376	24.223
2033.509	23.535
2033.638	22.886
2033.764	22.273
2033.888	21.697
2034.008	21.161
2034.126	20.660
2034.242	20.198
2034.355	19.770
2034.467	19.377
2034.577	19.022
2034.685	18.699
2034.791	18.412
2034.897	18.159
2035.001	17.939
2035.105	17.752
2035.208	17.602
2035.310	17.485
2035.412	17.403
2035.515	17.359
2035.617	17.357
2035.720	17.396
2035.823	17.483
2035.927	17.623
2036.033	17.828
2036.140	18.103
2036.250	18.461
2036.362	18.927
2036.477	19.519
2036.597	20.269
2036.722	21.215
2036.853	22.404
2036.993	23.902
2037.142	25.796
2037.304	28.185
2037.482	31.207
2037.681	35.032
2037.905	39.864
2038.162	45.992
2038.459	53.721
2038.808	63.482
2039.222	75.731
2039.718	91.037
2040.316	110.001
2041.040	133.251
2041.919	161.355
2042.982	194.685
2044.264	233.269
2045.795	276.495
2047.602	322.948
2049.698	370.142
2052.080	414.575
2054.722	452.031
2057.566	478.152
2060.539	489.520
2063.538	484.356
2066.467	463.170
2069.230	428.586
2071.757	384.673
2074.002	335.915
2075.945	286.503
2077.592	239.572
2078.961	197.195
2080.084	160.388
2080.997	129.321
2081.732	103.725
2082.322	83.033
2082.795	66.519
2083.176	53.479
2083.482	43.277
2083.731	35.356
2083.936	29.219
2084.105	24.495
2084.249	20.882
2084.371	18.124
2084.479	16.028
2084.574	14.458
2084.661	13.291
2084.741	12.444
2084.817	11.848
2084.889	11.456
2084.960	11.230
2085.030	11.144
2085.099	11.177
2085.169	11.317
2085.240	11.557
2085.313	11.888
2085.389	12.313
2085.468	12.835
2085.551	13.457
2085.637	14.188
2085.729	15.038
2085.828	16.023
2085.933	17.160
2086.046	18.470
2086.168	19.981
2086.301	21.726
2086.446	23.749
2086.605	26.101
2086.781	28.846
2086.976	32.072
2087.194	35.882
2087.439	40.416
2087.716	45.848
2088.032	52.413
2088.395	60.413
2088.815	70.230
2089.305	82.376
2089.881	97.484
2090.566	116.388
2091.386	140.073
2092.375	169.713
2093.574	206.513
2095.031	251.651
2096.799	305.844
2098.941	369.039
2101.507	439.406
2104.530	513.078
2108.005	583.492
2111.900	642.402
2116.107	680.826
2120.470	692.274
2124.812	674.398
2128.958	630.076
2132.759	566.580
2136.115	492.945
2139.000	417.288
2141.413	346.015
2143.398	282.757
2145.013	228.887
2146.316	184.485
2147.365	148.614
2148.209	120.051
2148.893	97.498
2149.449	79.756
2149.906	65.836
2150.284	54.906
2150.601	46.304
2150.870	39.523
2151.100	34.180
2151.301	29.976
2151.477	26.690
2151.635	24.169
2151.779	22.303
2151.913	21.028
2152.040	20.324
2152.164	20.194
2152.288	20.702
2152.417	21.951
2152.554	24.097
2152.706	27.373
2152.880	32.114
2153.086	38.759
2153.337	47.897
2153.649	60.348
2154.045	77.108
2154.552	99.461
2155.209	128.999
2156.062	167.440
2157.169	216.631
2158.599	278.029
2160.427	352.152
2162.727	437.651
2165.556	530.328
2168.939	622.380
2172.846	702.879
2177.171	759.547
2181.748	782.658
2186.358	768.296
2190.786	720.242
2194.856	648.507
2198.455	565.819
2201.556	483.759
2204.179	410.859
2206.396	351.698
2208.290	307.910
2209.949	279.035
2211.458	263.522
2212.889	259.511
2214.305	264.940
2215.754	277.793
2217.274	296.057
2218.896	317.847
2220.635	341.047
2222.490	363.444
2224.456	382.974
2226.525	397.825
2228.656	406.185
2230.813	407.066
2232.961	400.074
2235.063	385.527
2237.069	364.445
2238.951	338.244
2240.696	308.561
2242.276	277.231
2243.688	245.705
2244.938	215.215
2246.030	186.723
2246.975	160.744
2247.789	137.589
2248.486	117.327
2249.080	99.836
2249.587	84.950
2250.019	72.377
2250.387	61.884
2250.704	53.146
2250.976	45.947
2251.213	40.032
2251.420	35.189
2251.602	31.253
2251.766	28.050
2251.913	25.475
2252.047	23.398
2252.171	21.754
2252.286	20.454
2252.396	19.456
2252.500	18.709
2252.601	18.186
