<j>	<F>
1.246	20.230
3.002	11.614
4.179	10.899
5.196	11.156
6.054	12.657
7.215	14.244
8.585	11.436
9.532	12.759
11.137	12.035
12.467	10.583
13.346	11.228
14.237	12.121
15.522	12.358
17.083	11.206
18.031	11.225
18.729	12.104
19.440	13.182
20.367	13.904
21.486	13.900
22.550	13.992
23.598	14.074
24.543	14.400
25.496	14.789
26.692	14.889
28.339	13.899
29.759	13.131
30.782	13.117
31.548	13.591
32.242	14.305
32.951	15.017
33.668	15.788
34.659	16.272
36.382	15.425
38.246	13.966
39.354	13.671
40.058	14.153
40.693	14.825
41.311	15.561
41.954	16.348
42.828	16.894
44.396	16.488
47.021	14.592
49.278	12.927
50.306	12.732
50.847	13.227
51.368	13.878
52.136	14.383
53.392	14.399
54.975	13.902
56.180	13.619
56.831	13.932
57.242	14.605
57.644	15.395
58.184	16.123
59.043	16.540
60.413	16.340
62.128	15.617
63.566	15.095
64.501	15.129
65.151	15.527
65.716	16.077
66.315	16.641
67.037	17.098
67.946	17.346
69.090	17.324
70.581	16.948
72.480	16.152
74.343	15.315
75.630	14.992
76.493	15.141
77.473	15.351
79.355	15.035
82.678	13.725
85.950	12.324
87.839	11.757
88.864	11.722
89.525	11.900
90.007	12.186
90.395	12.540
90.742	12.941
91.088	13.369
91.469	13.806
91.919	14.227
92.476	14.602
93.164	14.901
93.977	15.113
94.877	15.255
95.812	15.364
96.766	15.461
97.775	15.532
98.919	15.526
100.275	15.387
101.845	15.110
103.539	14.755
105.236	14.403
106.832	14.111
108.221	13.924
109.327	13.877
110.148	13.980
110.755	14.210
111.248	14.524
111.742	14.869
112.371	15.171
113.303	15.331
114.711	15.234
116.582	14.858
118.546	14.389
120.167	14.072
121.324	13.985
122.117	14.086
122.670	14.318
123.085	14.638
123.439	15.012
123.804	15.407
124.257	15.780
124.911	16.069
125.927	16.174
127.442	16.000
129.326	15.585
131.114	15.176
132.486	14.978
133.537	14.971
134.555	15.027
135.900	14.984
138.002	14.662
141.060	13.964
144.396	13.129
146.953	12.555
148.521	12.336
149.469	12.347
150.136	12.469
150.717	12.634
151.315	12.805
151.990	12.960
152.768	13.084
153.647	13.174
154.591	13.237
155.543	13.290
156.447	13.354
157.284	13.440
158.082	13.546
158.909	13.651
159.864	13.726
161.045	13.734
162.496	13.652
164.133	13.496
165.741	13.329
167.100	13.224
168.120	13.221
168.843	13.314
169.359	13.481
169.750	13.699
170.076	13.948
170.380	14.216
170.692	14.492
171.039	14.767
171.447	15.030
171.947	15.268
172.587	15.462
173.465	15.580
174.788	15.554
176.933	15.266
180.220	14.614
184.168	13.743
187.537	13.035
189.773	12.668
191.169	12.552
192.106	12.572
192.798	12.662
193.351	12.793
193.817	12.950
194.232	13.126
194.621	13.315
195.003	13.510
195.390	13.710
195.788	13.911
196.201	14.113
196.628	14.314
197.074	14.515
197.552	14.712
198.096	14.896
198.783	15.046
199.758	15.122
201.234	15.056
203.389	14.790
206.070	14.352
208.703	13.904
210.798	13.601
212.340	13.459
213.572	13.418
214.717	13.412
215.892	13.404
217.124	13.382
218.371	13.351
219.557	13.328
220.618	13.331
221.525	13.368
222.295	13.441
222.978	13.539
223.648	13.648
224.406	13.746
225.384	13.803
226.751	13.781
228.651	13.641
231.055	13.382
233.631	13.067
235.903	12.801
237.598	12.649
238.750	12.614
239.533	12.662
240.109	12.760
240.586	12.885
241.033	13.021
241.490	13.160
241.989	13.294
242.555	13.417
243.215	13.524
243.992	13.607
244.904	13.662
245.955	13.686
247.132	13.681
248.398	13.654
249.704	13.615
251.005	13.575
252.275	13.541
253.513	13.514
254.734	13.493
255.964	13.472
257.225	13.447
258.530	13.414
259.878	13.372
261.247	13.324
262.596	13.278
263.871	13.242
265.018	13.228
266.001	13.243
266.810	13.292
267.460	13.372
267.979	13.481
268.400	13.613
268.757	13.761
269.077	13.922
269.388	14.089
269.711	14.258
270.070	14.424
270.491	14.581
271.005	14.722
271.660	14.835
272.519	14.907
273.673	14.918
275.219	14.844
277.210	14.673
279.545	14.421
281.943	14.146
284.081	13.918
285.806	13.774
287.167	13.710
288.324	13.695
289.435	13.697
290.618	13.692
291.926	13.665
293.353	13.614
294.840	13.550
296.313	13.484
297.720	13.430
299.043	13.390
300.296	13.365
301.495	13.349
302.647	13.341
303.734	13.343
304.731	13.358
305.613	13.391
306.368	13.445
307.000	13.521
307.527	13.618
307.974	13.730
308.367	13.856
308.731	13.989
309.086	14.128
309.451	14.268
309.841	14.405
310.268	14.538
310.739	14.665
311.258	14.783
311.822	14.893
312.422	14.996
313.042	15.094
313.662	15.191
314.264	15.293
314.829	15.401
315.349	15.521
315.820	15.652
316.249	15.796
316.645	15.949
317.024	16.110
317.405	16.274
317.817	16.435
318.310	16.583
318.987	16.697
320.091	16.729
322.189	16.571
326.303	16.031
333.001	15.010
340.344	13.876
345.698	13.118
348.907	12.752
350.904	12.600
352.307	12.546
353.391	12.542
354.278	12.567
355.035	12.611
355.707	12.668
356.324	12.733
356.908	12.805
357.473	12.879
358.027	12.956
358.573	13.035
359.111	13.115
359.638	13.198
360.150	13.282
360.641	13.371
361.109	13.463
361.549	13.560
361.961	13.663
362.345	13.770
362.704	13.883
363.044	14.001
363.375	14.122
363.708	14.246
364.069	14.368
364.494	14.484
365.049	14.583
365.839	14.651
367.028	14.662
368.817	14.584
371.357	14.390
374.549	14.091
377.943	13.752
380.998	13.458
383.461	13.253
385.429	13.127
387.137	13.047
388.786	12.983
390.478	12.917
392.221	12.845
393.952	12.772
395.581	12.708
397.037	12.662
398.285	12.641
399.335	12.643
400.221	12.666
400.989	12.705
401.682	12.754
402.338	12.809
402.984	12.866
403.641	12.923
404.319	12.978
405.025	13.031
405.756	13.080
406.509	13.126
407.277	13.170
408.055	13.213
408.841	13.256
409.644	13.296
410.482	13.334
411.391	13.365
412.426	13.383
413.658	13.379
415.168	13.345
417.018	13.272
419.212	13.159
421.653	13.013
424.145	12.857
426.469	12.716
428.465	12.610
430.089	12.545
431.389	12.517
432.457	12.518
433.394	12.536
434.292	12.562
435.228	12.586
436.267	12.602
437.459	12.603
438.836	12.586
440.405	12.550
442.135	12.495
443.965	12.429
445.808	12.359
447.577	12.295
449.206	12.243
450.664	12.207
451.949	12.189
453.081	12.185
454.094	12.195
455.019	12.213
455.890	12.238
456.733	12.266
457.573	12.296
458.431	12.324
459.325	12.350
460.273	12.371
461.293	12.386
462.399	12.393
463.605	12.392
464.922	12.380
466.353	12.357
467.894	12.324
469.527	12.282
471.221	12.234
472.935	12.184
474.621	12.134
476.233	12.091
477.736	12.056
479.105	12.033
480.333	12.022
481.426	12.023
482.395	12.035
483.261	12.057
484.046	12.086
484.775	12.121
485.471	12.160
486.163	12.201
486.878	12.240
487.647	12.276
488.502	12.306
489.474	12.326
490.591	12.334
491.869	12.328
493.305	12.308
494.872	12.275
496.516	12.234
498.165	12.190
499.742	12.151
501.188	12.121
502.465	12.105
503.566	12.104
504.505	12.117
505.308	12.142
506.011	12.177
506.647	12.218
507.248	12.264
507.842	12.311
508.454	12.358
509.105	12.403
509.812	12.443
510.590	12.477
511.445	12.505
512.380	12.526
513.385	12.540
514.446	12.549
515.537	12.554
516.630	12.557
517.697	12.563
518.713	12.572
519.665	12.586
520.546	12.606
521.362	12.633
522.128	12.664
522.864	12.699
523.595	12.736
524.353	12.771
525.168	12.802
526.076	12.826
527.111	12.840
528.304	12.840
529.679	12.825
531.244	12.793
532.987	12.745
534.875	12.684
536.852	12.615
538.856	12.542
540.827	12.472
542.726	12.408
544.533	12.352
546.245	12.304
547.874	12.264
549.431	12.231
550.927	12.202
552.363	12.178
553.736	12.159
555.036	12.146
556.253	12.138
557.378	12.138
558.404	12.144
559.332	12.158
560.165	12.180
560.912	12.208
561.584	12.242
562.194	12.282
562.755	12.326
563.281	12.373
563.786	12.423
564.282	12.474
564.783	12.525
565.302	12.576
565.852	12.624
566.449	12.670
567.106	12.711
567.837	12.747
568.653	12.776
569.561	12.798
570.563	12.811
571.649	12.818
572.800	12.818
573.988	12.815
575.175	12.810
576.324	12.807
577.401	12.809
578.379	12.819
579.244	12.837
579.992	12.865
580.629	12.903
581.166	12.949
581.617	13.003
581.997	13.064
582.320	13.131
582.600	13.202
582.848	13.277
583.074	13.355
583.288	13.435
583.497	13.517
583.708	13.599
583.932	13.681
584.177	13.763
584.455	13.842
584.783	13.919
585.180	13.989
585.676	14.052
586.309	14.103
587.126	14.138
588.183	14.152
589.532	14.138
591.208	14.094
593.195	14.019
595.413	13.920
597.715	13.810
599.928	13.706
601.910	13.620
603.588	13.562
604.958	13.531
606.065	13.525
606.971	13.539
607.740	13.566
608.430	13.602
609.087	13.642
609.750	13.682
610.452	13.720
611.224	13.753
612.093	13.778
613.081	13.794
614.204	13.797
615.466	13.788
616.859	13.767
618.354	13.736
619.914	13.698
621.490	13.659
623.038	13.620
624.526	13.587
625.939	13.560
627.278	13.539
628.553	13.525
629.784	13.514
630.990	13.507
632.185	13.500
633.378	13.494
634.573	13.488
635.763	13.482
636.942	13.477
638.099	13.473
639.221	13.472
640.300	13.474
641.328	13.480
642.300	13.491
643.213	13.506
644.066	13.526
644.859	13.551
645.593	13.581
646.269	13.615
646.890	13.655
647.457	13.699
647.974	13.748
648.444	13.800
648.871	13.857
649.259	13.918
649.615	13.982
649.943	14.050
650.249	14.119
650.541	14.191
650.825	14.264
651.112	14.338
651.411	14.412
651.735	14.485
652.099	14.554
652.524	14.620
653.034	14.678
653.661	14.727
654.447	14.762
655.446	14.778
656.733	14.770
658.418	14.728
660.661	14.640
663.691	14.490
667.770	14.259
673.039	13.940
679.245	13.553
685.628	13.155
691.268	12.813
695.630	12.567
698.713	12.415
700.804	12.336
702.229	12.307
703.242	12.308
704.009	12.327
704.631	12.357
705.169	12.393
705.658	12.433
706.119	12.476
706.564	12.520
707.001	12.565
707.434	12.610
707.867	12.656
708.303	12.701
708.744	12.747
709.192	12.793
709.647	12.838
710.113	12.883
710.592	12.928
711.087	12.971
711.602	13.014
712.144	13.055
712.719	13.094
713.337	13.130
714.009	13.164
714.748	13.192
715.567	13.216
716.479	13.234
717.494	13.244
718.616	13.247
719.839	13.242
721.150	13.231
722.522	13.216
723.920	13.197
725.304	13.178
726.638	13.163
727.896	13.152
729.064	13.147
730.144	13.148
731.155	13.155
732.131	13.165
733.117	13.175
734.175	13.182
735.372	13.182
736.785	13.169
738.487	13.138
740.526	13.086
742.906	13.011
745.558	12.918
748.340	12.815
751.064	12.713
753.551	12.623
755.682	12.555
757.414	12.511
758.766	12.491
759.797	12.491
760.576	12.508
761.169	12.537
761.629	12.575
761.997	12.619
762.305	12.668
762.576	12.720
762.828	12.774
763.073	12.829
763.323	12.884
763.590	12.939
763.887	12.993
764.227	13.044
764.630	13.092
765.116	13.136
765.715	13.173
766.461	13.202
767.391	13.220
768.549	13.223
769.968	13.211
771.670	13.180
773.642	13.132
775.834	13.068
778.153	12.995
780.480	12.921
782.695	12.851
784.703	12.794
786.454	12.751
787.937	12.725
789.173	12.714
790.198	12.717
791.053	12.730
791.778	12.752
792.404	12.780
792.958	12.813
793.460	12.850
793.928	12.889
794.375	12.930
794.818	12.972
795.277	13.014
795.780	13.054
796.369	13.090
797.112	13.118
798.115	13.133
799.533	13.126
801.586	13.087
804.527	12.999
808.563	12.852
813.679	12.646
819.482	12.399
825.254	12.150
830.291	11.937
834.219	11.782
837.047	11.684
839.000	11.634
840.342	11.617
841.292	11.621
842.003	11.638
842.576	11.664
843.072	11.693
843.529	11.726
843.971	11.759
844.411	11.793
844.862	11.827
845.328	11.861
845.817	11.893
846.332	11.924
846.877	11.955
847.457	11.983
848.075	12.010
848.731	12.035
849.429	12.058
850.171	12.080
850.956	12.098
851.784	12.115
852.655	12.130
853.565	12.143
854.513	12.154
855.493	12.163
856.502	12.170
857.534	12.177
858.584	12.182
859.644	12.187
860.709	12.191
861.772	12.195
862.825	12.200
863.862	12.205
864.877	12.211
865.866	12.219
866.823	12.228
867.746	12.238
868.632	12.251
869.482	12.265
870.297	12.281
871.079	12.298
871.831	12.317
872.560	12.338
873.268	12.360
873.965	12.382
874.654	12.405
875.344	12.428
876.039	12.451
876.746	12.473
877.468	12.495
878.210	12.516
878.972	12.536
879.755	12.555
880.557	12.572
881.372	12.589
882.196	12.606
883.022	12.622
883.841	12.639
884.645	12.656
885.427	12.674
886.179	12.693
886.897	12.714
887.578	12.738
888.222	12.763
888.828	12.790
889.399	12.819
889.943	12.850
890.466	12.882
890.975	12.916
891.482	12.949
892.001	12.983
892.546	13.016
893.139	13.046
893.807	13.073
894.586	13.095
895.524	13.109
896.689	13.113
898.165	13.101
900.059	13.068
902.480	13.010
905.519	12.921
909.199	12.800
913.411	12.653
917.911	12.490
922.364	12.328
926.445	12.184
929.949	12.066
932.813	11.980
935.093	11.921
936.901	11.886
938.357	11.868
939.569	11.863
940.624	11.865
941.583	11.873
942.490	11.883
943.375	11.894
944.252	11.906
945.132	11.919
946.016	11.930
946.898	11.942
947.778	11.954
948.644	11.966
949.487	11.979
950.303	11.994
951.084	12.009
951.827	12.027
952.531	12.046
953.201	12.066
953.845	12.088
954.475	12.111
955.114	12.134
955.790	12.156
956.549	12.176
957.450	12.190
958.578	12.196
960.042	12.189
961.982	12.164
964.547	12.114
967.864	12.035
971.973	11.924
976.764	11.784
981.932	11.628
987.048	11.472
991.702	11.333
995.623	11.221
998.731	11.140
1001.095	11.088
1002.855	11.060
1004.160	11.050
1005.143	11.053
1005.904	11.065
1006.515	11.083
1007.026	11.105
1007.471	11.130
1007.870	11.157
1008.238	11.185
1008.583	11.214
1008.911	11.244
1009.226	11.275
1009.528	11.306
1009.820	11.338
1010.102	11.371
1010.375	11.404
1010.639	11.437
1010.895	11.471
1011.142	11.505
1011.381	11.540
1011.613	11.575
1011.837	11.611
1012.055	11.647
1012.267	11.683
1012.474	11.720
1012.677	11.758
1012.875	11.795
1013.072	11.833
1013.268	11.871
1013.464	11.910
1013.663	11.949
1013.866	11.987
1014.076	12.026
1014.296	12.064
1014.529	12.102
1014.780	12.140
1015.051	12.177
1015.350	12.214
1015.683	12.249
1016.056	12.282
1016.477	12.314
1016.956	12.344
1017.501	12.371
1018.123	12.395
1018.830	12.415
1019.632	12.432
1020.533	12.444
1021.535	12.452
1022.637	12.456
1023.829	12.455
1025.095	12.451
1026.416	12.444
1027.763	12.435
1029.109	12.426
1030.427	12.418
1031.686	12.412
1032.875	12.409
1033.971	12.410
1034.974	12.414
1035.882	12.423
1036.698	12.435
1037.432	12.452
1038.096	12.471
1038.699	12.494
1039.255	12.518
1039.775	12.545
1040.271	12.573
1040.754	12.601
1041.232	12.630
1041.717	12.659
1042.216	12.688
1042.741	12.716
1043.300	12.742
1043.904	12.767
1044.563	12.789
1045.290	12.809
1046.100	12.825
1047.006	12.837
1048.025	12.844
1049.171	12.846
1050.460	12.841
1051.900	12.830
1053.498	12.812
1055.242	12.788
1057.117	12.757
1059.091	12.721
1061.117	12.683
1063.145	12.644
1065.121	12.607
1066.995	12.574
1068.731	12.546
1070.302	12.526
1071.702	12.512
1072.929	12.506
1073.995	12.507
1074.919	12.514
1075.716	12.526
1076.410	12.544
1077.016	12.565
1077.554	12.589
1078.038	12.616
1078.479	12.645
1078.891	12.676
1079.282	12.708
1079.661	12.740
1080.035	12.773
1080.413	12.806
1080.800	12.839
1081.204	12.872
1081.631	12.903
1082.090	12.934
1082.587	12.963
1083.131	12.990
1083.732	13.014
1084.398	13.036
1085.138	13.055
1085.961	13.070
1086.876	13.082
1087.887	13.089
1089.003	13.091
1090.219	13.089
1091.539	13.082
1092.958	13.070
1094.469	13.055
1096.073	13.035
1097.760	13.012
1099.538	12.985
1101.406	12.954
1103.377	12.919
1105.461	12.880
1107.664	12.836
1109.987	12.788
1112.415	12.735
1114.918	12.679
1117.448	12.622
1119.943	12.567
1122.340	12.514
1124.578	12.468
1126.614	12.430
1128.422	12.400
1129.995	12.380
1131.342	12.369
1132.484	12.366
1133.448	12.371
1134.262	12.382
1134.953	12.398
1135.546	12.418
1136.063	12.442
1136.523	12.468
1136.942	12.496
1137.333	12.525
1137.708	12.555
1138.077	12.586
1138.448	12.617
1138.829	12.648
1139.228	12.678
1139.654	12.707
1140.112	12.735
1140.611	12.762
1141.158	12.787
1141.759	12.810
1142.422	12.830
1143.150	12.848
1143.948	12.863
1144.818	12.875
1145.756	12.885
1146.758	12.891
1147.813	12.895
1148.910	12.897
1150.031	12.898
1151.157	12.898
1152.271	12.898
1153.353	12.900
1154.386	12.903
1155.359	12.909
1156.261	12.917
1157.088	12.929
1157.838	12.944
1158.513	12.962
1159.119	12.982
1159.661	13.006
1160.148	13.032
1160.586	13.061
1160.984	13.091
1161.350	13.123
1161.691	13.156
1162.014	13.191
1162.324	13.226
1162.629	13.261
1162.931	13.297
1163.238	13.333
1163.552	13.369
1163.878	13.404
1164.218	13.439
1164.576	13.474
1164.954	13.507
1165.355	13.540
1165.780	13.572
1166.230	13.603
1166.706	13.632
1167.208	13.661
1167.738	13.688
1168.294	13.715
1168.878	13.740
1169.489	13.764
1170.131	13.786
1170.807	13.807
1171.527	13.826
1172.303	13.843
1173.158	13.857
1174.123	13.866
1175.246	13.868
1176.594	13.861
1178.253	13.842
1180.330	13.804
1182.938	13.745
1186.166	13.659
1190.037	13.545
1194.453	13.409
1199.183	13.258
1203.901	13.107
1208.285	12.969
1212.109	12.854
1215.287	12.766
1217.848	12.703
1219.887	12.663
1221.522	12.639
1222.861	12.628
1223.994	12.626
1224.986	12.630
1225.888	12.638
1226.733	12.648
1227.545	12.660
1228.338	12.673
1229.124	12.686
1229.905	12.700
1230.690	12.713
1231.478	12.726
1232.274	12.739
1233.078	12.752
1233.895	12.764
1234.729	12.776
1235.587	12.787
1236.478	12.797
1237.409	12.805
1238.394	12.812
1239.447	12.816
1240.579	12.818
1241.803	12.816
1243.129	12.810
1244.560	12.800
1246.095	12.787
1247.722	12.769
1249.420	12.749
1251.161	12.727
1252.910	12.704
1254.626	12.682
1256.274	12.663
1257.819	12.646
1259.240	12.634
1260.521	12.627
1261.657	12.625
1262.651	12.629
1263.510	12.637
1264.248	12.650
1264.879	12.667
1265.418	12.688
1265.878	12.712
1266.272	12.738
1266.613	12.767
1266.910	12.797
1267.172	12.829
1267.406	12.863
1267.619	12.897
1267.815	12.932
1268.000	12.968
1268.180	13.004
1268.359	13.041
1268.541	13.078
1268.735	13.114
1268.948	13.150
1269.190	13.186
1269.474	13.219
1269.817	13.251
1270.243	13.281
1270.782	13.306
1271.469	13.326
1272.353	13.339
1273.484	13.342
1274.923	13.334
1276.721	13.313
1278.913	13.276
1281.500	13.224
1284.425	13.158
1287.581	13.082
1290.809	13.003
1293.934	12.926
1296.803	12.858
1299.311	12.803
1301.416	12.763
1303.124	12.737
1304.478	12.725
1305.537	12.725
1306.359	12.733
1307.001	12.749
1307.507	12.770
1307.915	12.795
1308.252	12.823
1308.540	12.853
1308.793	12.885
1309.023	12.917
1309.239	12.951
1309.446	12.985
1309.651	13.019
1309.856	13.054
1310.066	13.088
1310.286	13.122
1310.517	13.157
1310.767	13.190
1311.041	13.223
1311.347	13.255
1311.693	13.286
1312.094	13.315
1312.562	13.341
1313.120	13.365
1313.790	13.384
1314.600	13.399
1315.580	13.407
1316.767	13.407
1318.188	13.399
1319.870	13.381
1321.819	13.352
1324.022	13.314
1326.432	13.267
1328.979	13.215
1331.565	13.160
1334.092	13.106
1336.463	13.058
1338.611	13.018
1340.498	12.987
1342.115	12.966
1343.474	12.955
1344.607	12.952
1345.547	12.957
1346.332	12.967
1346.996	12.983
1347.569	13.002
1348.076	13.024
1348.538	13.047
1348.974	13.072
1349.397	13.098
1349.821	13.124
1350.257	13.149
1350.716	13.174
1351.210	13.198
1351.749	13.221
1352.347	13.241
1353.019	13.259
1353.782	13.274
1354.654	13.285
1355.660	13.292
1356.818	13.293
1358.157	13.287
1359.695	13.274
1361.453	13.254
1363.434	13.225
1365.636	13.189
1368.030	13.145
1370.577	13.095
1373.216	13.042
1375.877	12.988
1378.496	12.935
1381.003	12.886
1383.358	12.842
1385.524	12.804
1387.496	12.774
1389.270	12.750
1390.861	12.733
1392.284	12.721
1393.559	12.715
1394.704	12.713
1395.736	12.715
1396.670	12.721
1397.520	12.730
1398.294	12.741
1399.003	12.754
1399.653	12.770
1400.253	12.787
1400.807	12.806
1401.321	12.827
1401.801	12.848
1402.250	12.871
1402.675	12.895
1403.078	12.920
1403.467	12.945
1403.846	12.971
1404.220	12.997
1404.595	13.023
1404.979	13.049
1405.377	13.075
1405.800	13.100
1406.255	13.124
1406.756	13.147
1407.315	13.168
1407.948	13.186
1408.675	13.202
1409.517	13.214
1410.500	13.221
1411.654	13.222
1413.012	13.217
1414.610	13.203
1416.480	13.180
1418.653	13.148
1421.150	13.104
1423.969	13.050
1427.089	12.986
1430.459	12.913
1434.001	12.835
1437.614	12.755
1441.195	12.675
1444.645	12.600
1447.882	12.532
1450.858	12.472
1453.544	12.421
1455.940	12.380
1458.059	12.348
1459.929	12.324
1461.578	12.307
1463.038	12.295
1464.339	12.289
1465.508	12.287
1466.568	12.289
1467.538	12.293
1468.436	12.300
1469.275	12.308
1470.065	12.318
1470.815	12.330
1471.532	12.342
1472.220	12.355
1472.882	12.370
1473.522	12.384
1474.141	12.400
1474.740	12.416
1475.318	12.433
1475.877	12.450
1476.416	12.468
1476.934	12.487
1477.433	12.506
1477.911	12.526
1478.369	12.547
1478.806	12.568
1479.222	12.590
1479.620	12.613
1479.997	12.636
1480.357	12.660
1480.698	12.685
1481.024	12.710
1481.334	12.736
1481.630	12.762
1481.914	12.789
1482.186	12.816
1482.450	12.844
1482.705	12.872
1482.955	12.900
1483.201	12.929
1483.446	12.958
1483.692	12.986
1483.941	13.015
1484.197	13.044
1484.462	13.073
1484.741	13.101
1485.038	13.129
1485.358	13.156
1485.707	13.183
1486.091	13.208
1486.519	13.232
1486.999	13.255
1487.543	13.276
1488.162	13.294
1488.872	13.309
1489.691	13.321
1490.633	13.329
1491.723	13.332
1492.979	13.330
1494.424	13.321
1496.076	13.306
1497.951	13.283
1500.055	13.253
1502.383	13.215
1504.915	13.171
1507.614	13.121
1510.427	13.067
1513.289	13.011
1516.131	12.956
1518.882	12.904
1521.479	12.856
1523.877	12.814
1526.050	12.780
1527.983	12.753
1529.678	12.733
1531.147	12.720
1532.410	12.714
1533.487	12.714
1534.405	12.719
1535.183	12.729
1535.844	12.742
1536.408	12.758
1536.889	12.778
1537.304	12.799
1537.665	12.822
1537.981	12.847
1538.262	12.873
1538.514	12.900
1538.746	12.928
1538.960	12.956
1539.163	12.985
1539.357	13.015
1539.544	13.044
1539.729	13.075
1539.913	13.105
1540.098	13.135
1540.285	13.165
1540.476	13.196
1540.672	13.226
1540.874	13.256
1541.084	13.287
1541.301	13.317
1541.527	13.346
1541.763	13.376
1542.008	13.405
1542.264	13.435
1542.531	13.464
1542.809	13.492
1543.100	13.521
1543.403	13.548
1543.719	13.576
1544.048	13.603
1544.391	13.630
1544.749	13.657
1545.121	13.683
1545.510	13.708
1545.917	13.733
1546.342	13.758
1546.788	13.782
1547.259	13.805
1547.757	13.827
1548.286	13.848
1548.852	13.868
1549.461	13.887
1550.120	13.903
1550.839	13.918
1551.628	13.931
1552.497	13.940
1553.457	13.947
1554.523	13.950
1555.704	13.949
1557.011	13.943
1558.453	13.933
1560.032	13.918
1561.749	13.898
1563.599	13.874
1565.573	13.845
1567.658	13.812
1569.836	13.776
1572.094	13.737
1574.414	13.696
1576.782	13.654
1579.184	13.611
1581.603	13.568
1584.025	13.524
1586.426	13.482
1588.782	13.441
1591.070	13.402
1593.254	13.366
1595.313	13.335
1597.224	13.308
1598.967	13.286
1600.541	13.270
1601.940	13.260
1603.172	13.254
1604.253	13.254
1605.193	13.259
1606.015	13.267
1606.732	13.279
1607.366	13.293
1607.932	13.310
1608.447	13.329
1608.927	13.349
1609.383	13.370
1609.829	13.392
1610.278	13.414
1610.741	13.435
1611.229	13.456
1611.753	13.476
1612.324	13.494
1612.954	13.511
1613.652	13.525
1614.430	13.537
1615.295	13.547
1616.255	13.553
1617.317	13.556
1618.479	13.556
1619.739	13.552
1621.095	13.545
1622.531	13.536
1624.035	13.524
1625.586	13.511
1627.171	13.496
1628.770	13.481
1630.369	13.465
1631.964	13.450
1633.552	13.435
1635.139	13.421
1636.745	13.406
1638.390	13.390
1640.105	13.372
1641.923	13.352
1643.881	13.328
1646.009	13.299
1648.330	13.264
1650.851	13.224
1653.558	13.178
1656.411	13.127
1659.352	13.074
1662.299	13.020
1665.167	12.969
1667.877	12.921
1670.365	12.880
1672.590	12.846
1674.534	12.820
1676.202	12.803
1677.612	12.792
1678.792	12.789
1679.773	12.791
1680.588	12.799
1681.266	12.810
1681.833	12.825
1682.312	12.843
1682.723	12.863
1683.081	12.884
1683.399	12.907
1683.687	12.931
1683.956	12.955
1684.212	12.980
1684.462	13.006
1684.713	13.031
1684.972	13.056
1685.242	13.082
1685.533	13.106
1685.851	13.130
1686.205	13.154
1686.608	13.176
1687.069	13.196
1687.607	13.214
1688.243	13.230
1688.999	13.243
1689.907	13.251
1691.000	13.254
1692.320	13.251
1693.908	13.240
1695.805	13.221
1698.045	13.192
1700.645	13.152
1703.595	13.103
1706.851	13.045
1710.331	12.980
1713.924	12.911
1717.499	12.843
1720.927	12.778
1724.107	12.720
1726.970	12.671
1729.485	12.631
1731.651	12.600
1733.493	12.579
1735.048	12.565
1736.356	12.559
1737.460	12.558
1738.396	12.562
1739.198	12.570
1739.891	12.580
1740.496	12.594
1741.033	12.609
1741.514	12.626
1741.950	12.644
1742.350	12.663
1742.722	12.683
1743.071	12.704
1743.400	12.725
1743.714	12.747
1744.016	12.769
1744.307	12.792
1744.591	12.815
1744.869	12.838
1745.141	12.861
1745.410	12.885
1745.675	12.908
1745.939	12.932
1746.201	12.956
1746.461	12.980
1746.721	13.004
1746.981	13.029
1747.241	13.053
1747.502	13.077
1747.763	13.102
1748.026	13.126
1748.290	13.151
1748.554	13.175
1748.820	13.200
1749.089	13.225
1749.359	13.249
1749.633	13.274
1749.910	13.299
1750.189	13.323
1750.474	13.348
1750.764	13.372
1751.059	13.397
1751.362	13.421
1751.673	13.445
1751.993	13.469
1752.324	13.492
1752.668	13.516
1753.026	13.539
1753.401	13.561
1753.794	13.583
1754.211	13.605
1754.652	13.626
1755.123	13.646
1755.628	13.665
1756.172	13.683
1756.764	13.699
1757.411	13.714
1758.125	13.728
1758.921	13.738
1759.819	13.746
1760.847	13.750
1762.042	13.750
1763.454	13.743
1765.150	13.729
1767.216	13.704
1769.757	13.666
1772.892	13.612
1776.735	13.539
1781.364	13.444
1786.779	13.329
1792.862	13.195
1799.356	13.050
1805.918	12.904
1812.190	12.766
1817.888	12.644
1822.856	12.541
1827.067	12.459
1830.573	12.396
1833.478	12.349
1835.896	12.315
1837.928	12.291
1839.662	12.275
1841.166	12.265
1842.494	12.260
1843.684	12.258
1844.767	12.258
1845.765	12.261
1846.696	12.266
1847.574	12.272
1848.408	12.279
1849.208	12.286
1849.978	12.295
1850.726	12.304
1851.455	12.314
1852.168	12.324
1852.868	12.334
1853.555	12.345
1854.233	12.356
1854.901	12.367
1855.559	12.379
1856.208	12.390
1856.848	12.402
1857.477	12.415
1858.096	12.427
1858.704	12.440
1859.300	12.453
1859.882	12.466
1860.452	12.480
1861.007	12.494
1861.546	12.508
1862.070	12.523
1862.578	12.538
1863.069	12.554
1863.543	12.570
1864.001	12.586
1864.441	12.603
1864.863	12.621
1865.269	12.638
1865.659	12.657
1866.031	12.675
1866.387	12.695
1866.729	12.714
1867.055	12.734
1867.366	12.755
1867.663	12.776
1867.948	12.797
1868.221	12.819
1868.481	12.841
1868.732	12.863
1868.972	12.886
1869.202	12.909
1869.426	12.932
1869.642	12.955
1869.852	12.979
1870.057	13.003
1870.259	13.027
1870.458	13.052
1870.657	13.076
1870.857	13.100
1871.061	13.125
1871.270	13.149
1871.487	13.174
1871.717	13.198
1871.963	13.221
1872.231	13.245
1872.525	13.267
1872.855	13.289
1873.229	13.310
1873.657	13.330
1874.155	13.347
1874.738	13.363
1875.425	13.376
1876.240	13.386
1877.208	13.392
1878.358	13.393
1879.720	13.388
1881.322	13.378
1883.191	13.360
1885.337	13.335
1887.764	13.302
1890.453	13.263
1893.358	13.217
1896.414	13.168
1899.545	13.116
1902.661	13.064
1905.669	13.014
1908.508	12.969
1911.125	12.930
1913.485	12.897
1915.589	12.870
1917.442	12.850
1919.060	12.836
1920.472	12.828
1921.704	12.824
1922.779	12.824
1923.723	12.828
1924.557	12.834
1925.297	12.843
1925.960	12.854
1926.560	12.867
1927.105	12.881
1927.605	12.896
1928.068	12.913
1928.500	12.930
1928.908	12.948
1929.296	12.966
1929.669	12.985
1930.031	13.004
1930.386	13.024
1930.737	13.043
1931.088	13.063
1931.442	13.083
1931.801	13.102
1932.169	13.122
1932.548	13.141
1932.941	13.160
1933.350	13.179
1933.778	13.197
1934.226	13.215
1934.697	13.232
1935.192	13.249
1935.713	13.265
1936.260	13.280
1936.835	13.295
1937.439	13.309
1938.070	13.322
1938.729	13.335
1939.415	13.346
1940.127	13.357
1940.863	13.368
1941.622	13.378
1942.400	13.387
1943.197	13.396
1944.007	13.404
1944.829	13.412
1945.659	13.420
1946.497	13.428
1947.339	13.435
1948.184	13.442
1949.028	13.450
1949.871	13.457
1950.712	13.465
1951.552	13.472
1952.388	13.480
1953.223	13.487
1954.058	13.495
1954.895	13.503
1955.735	13.510
1956.586	13.518
1957.451	13.525
1958.339	13.531
1959.264	13.537
1960.242	13.541
1961.297	13.544
1962.462	13.544
1963.786	13.540
1965.330	13.531
1967.178	13.515
1969.433	13.489
1972.214	13.450
1975.648	13.396
1979.838	13.324
1984.814	13.233
1990.511	13.125
1996.729	13.003
2003.125	12.877
2009.324	12.755
2014.997	12.646
2019.915	12.554
2023.992	12.482
2027.273	12.429
2029.853	12.392
2031.856	12.370
2033.419	12.357
2034.642	12.353
2035.615	12.355
2036.411	12.362
2037.074	12.371
2037.645	12.383
2038.149	12.396
2038.606	12.411
2039.031	12.426
2039.431	12.442
2039.818	12.459
2040.193	12.475
2040.563	12.492
2040.932	12.509
2041.301	12.526
2041.673	12.543
2042.051	12.560
2042.436	12.577
2042.830	12.594
2043.236	12.610
2043.656	12.627
2044.089	12.643
2044.541	12.658
2045.011	12.673
2045.502	12.688
2046.016	12.702
2046.552	12.716
2047.115	12.730
2047.704	12.742
2048.321	12.754
2048.966	12.766
2049.638	12.777
2050.339	12.787
2051.067	12.796
2051.821	12.805
2052.598	12.814
2053.399	12.822
2054.217	12.829
2055.053	12.836
2055.901	12.843
2056.761	12.849
2057.626	12.855
2058.499	12.862
2059.372	12.868
2060.245	12.874
2061.119	12.880
2061.990	12.886
2062.861	12.892
2063.732	12.898
2064.604	12.904
2065.481	12.910
2066.365	12.916
2067.261	12.921
2068.171	12.927
2069.099	12.932
2070.052	12.936
2071.029	12.940
2072.035	12.943
2073.072	12.945
2074.140	12.947
2075.240	12.948
2076.368	12.949
2077.521	12.948
2078.695	12.948
2079.883	12.946
2081.076	12.945
2082.268	12.943
2083.449	12.942
2084.610	12.941
2085.742	12.941
2086.837	12.942
2087.890	12.943
2088.894	12.946
2089.845	12.949
2090.741	12.954
2091.582	12.961
2092.365	12.968
2093.095	12.977
2093.770	12.987
2094.396	12.998
2094.974	13.011
2095.509	13.024
2096.003	13.039
2096.461	13.054
2096.887	13.070
2097.282	13.087
2097.652	13.105
2097.999	13.123
2098.326	13.142
2098.635	13.161
2098.929	13.181
2099.211	13.201
2099.483	13.221
2099.745	13.242
2100.001	13.263
2100.253	13.284
2100.501	13.305
2100.748	13.326
2100.996	13.347
2101.245	13.369
2101.499	13.390
2101.758	13.411
2102.025	13.432
2102.302	13.453
2102.591	13.474
2102.894	13.495
2103.214	13.515
2103.553	13.534
2103.916	13.553
2104.304	13.572
2104.723	13.590
2105.174	13.607
2105.662	13.623
2106.191	13.639
2106.766	13.653
2107.391	13.666
2108.070	13.677
2108.808	13.688
2109.606	13.696
2110.471	13.703
2111.403	13.709
2112.405	13.712
2113.476	13.714
2114.617	13.714
2115.824	13.712
2117.093	13.709
2118.420	13.704
2119.796	13.697
2121.214	13.690
2122.666	13.682
2124.138	13.673
2125.624	13.664
2127.113	13.654
2128.593	13.645
2130.059	13.636
2131.501	13.628
2132.915	13.620
2134.295	13.613
2135.637	13.607
2136.940	13.602
2138.201	13.599
2139.421	13.596
2140.600	13.594
2141.740	13.593
2142.842	13.593
2143.909	13.594
2144.943	13.596
2145.949	13.598
2146.931	13.602
2147.892	13.605
2148.839	13.609
2149.778	13.614
2150.715	13.618
2151.660	13.623
2152.623	13.627
2153.617	13.630
2154.655	13.633
2155.756	13.634
2156.939	13.633
2158.231	13.629
2159.658	13.623
2161.250	13.613
2163.042	13.598
2165.062	13.578
2167.335	13.552
2169.879	13.520
2172.694	13.481
2175.757	13.437
2179.025	13.387
2182.430	13.335
2185.887	13.280
2189.297	13.227
2192.577	13.177
2195.651	13.131
2198.462	13.091
2200.986	13.057
2203.219	13.031
2205.171	13.010
2206.866	12.996
2208.338	12.987
2209.618	12.982
2210.736	12.981
2211.724	12.984
2212.606	12.988
2213.404	12.995
2214.134	13.003
2214.813	13.013
2215.450	13.023
2216.057	13.035
2216.639	13.047
2217.203	13.059
2217.754	13.072
2218.293	13.085
2218.825	13.098
2219.353	13.111
2219.876	13.125
2220.397	13.138
2220.918	13.152
2221.439	13.165
2221.960	13.179
2222.484	13.193
2223.011	13.206
2223.541	13.220
2224.077	13.233
2224.619	13.246
2225.167	13.259
2225.725	13.272
2226.291	13.285
2226.868	13.298
2227.458	13.310
2228.061	13.322
2228.682	13.334
2229.319	13.345
2229.977	13.356
2230.657	13.366
2231.364	13.376
2232.101	13.385
2232.869	13.394
2233.678	13.401
2234.529	13.408
2235.431	13.413
2236.390	13.418
2237.417	13.420
2238.518	13.422
2239.705	13.421
2240.991	13.418
2242.387	13.412
2243.901	13.404
2245.549	13.393
