<j>	<F>
1.449	16.366
2.580	14.999
3.571	16.085
4.648	15.633
5.600	16.685
6.637	17.626
8.054	14.529
9.108	14.583
10.046	15.249
10.878	16.664
11.818	18.221
14.044	14.885
16.329	10.479
17.518	10.343
18.707	10.437
19.928	10.384
20.967	10.443
21.753	10.909
22.380	11.700
22.907	12.799
23.427	14.157
24.149	15.425
25.778	15.190
28.658	12.149
30.390	10.809
31.361	10.911
32.183	11.251
32.894	11.711
33.484	12.350
34.016	13.170
34.627	14.026
35.548	14.559
37.006	14.250
38.623	13.434
39.809	13.183
40.827	13.350
42.106	13.324
43.706	12.870
45.211	12.391
46.331	12.285
47.154	12.504
47.811	12.927
48.429	13.462
49.195	13.939
50.344	14.064
51.877	13.692
53.333	13.271
54.497	13.177
55.614	13.210
56.847	13.154
58.144	13.017
59.399	12.894
60.541	12.850
61.546	12.915
62.476	13.064
63.436	13.214
64.486	13.298
65.629	13.309
66.888	13.248
68.309	13.077
69.792	12.823
71.071	12.654
72.002	12.708
72.679	12.964
73.270	13.324
73.916	13.686
74.731	13.955
75.771	14.058
76.970	14.010
78.148	13.936
79.171	13.958
80.039	14.097
80.797	14.323
81.480	14.617
82.139	14.954
82.904	15.258
84.016	15.351
85.671	15.032
87.529	14.456
88.894	14.145
89.662	14.270
90.149	14.652
90.627	15.105
91.333	15.460
92.547	15.499
94.376	15.075
96.319	14.479
97.816	14.157
99.025	14.088
100.376	14.014
102.201	13.739
104.627	13.192
107.326	12.504
109.600	11.965
111.104	11.736
112.017	11.761
112.614	11.931
113.065	12.175
113.447	12.461
113.794	12.775
114.130	13.110
114.482	13.456
114.894	13.798
115.442	14.101
116.269	14.299
117.587	14.289
119.553	13.979
121.947	13.444
124.213	12.942
126.061	12.626
127.589	12.460
128.930	12.373
130.110	12.340
131.112	12.365
131.943	12.450
132.640	12.586
133.249	12.761
133.810	12.959
134.350	13.172
134.885	13.393
135.431	13.618
136.017	13.836
136.706	14.028
137.602	14.153
138.842	14.152
140.502	13.982
142.439	13.682
144.303	13.383
145.835	13.198
147.045	13.140
148.083	13.159
149.094	13.202
150.181	13.228
151.395	13.215
152.720	13.159
154.064	13.085
155.299	13.034
156.336	13.038
157.160	13.111
157.811	13.245
158.344	13.424
158.809	13.635
159.243	13.865
159.672	14.106
160.122	14.347
160.627	14.579
161.248	14.781
162.118	14.911
163.530	14.879
165.998	14.526
169.859	13.745
174.300	12.782
177.949	12.065
180.572	11.671
182.616	11.457
184.366	11.322
185.878	11.237
187.139	11.201
188.157	11.213
188.970	11.268
189.627	11.357
190.173	11.471
190.643	11.605
191.060	11.754
191.438	11.915
191.792	12.085
192.130	12.264
192.464	12.449
192.804	12.637
193.162	12.827
193.550	13.014
193.983	13.195
194.473	13.366
195.029	13.523
195.649	13.663
196.324	13.788
197.032	13.903
197.743	14.015
198.436	14.131
199.108	14.256
199.785	14.385
200.526	14.502
201.425	14.583
202.592	14.592
204.097	14.503
205.894	14.323
207.798	14.101
209.630	13.898
211.365	13.734
213.115	13.583
214.984	13.413
216.954	13.220
218.882	13.030
220.624	12.880
222.132	12.784
223.445	12.735
224.629	12.717
225.724	12.720
226.743	12.738
227.677	12.773
228.514	12.827
229.250	12.902
229.893	12.997
230.462	13.111
230.982	13.239
231.481	13.376
231.991	13.515
232.543	13.649
233.169	13.769
233.894	13.868
234.729	13.942
235.659	13.991
236.642	14.022
237.620	14.051
238.536	14.090
239.363	14.150
240.114	14.231
240.849	14.323
241.676	14.404
242.773	14.436
244.404	14.361
246.841	14.116
250.084	13.692
253.575	13.200
256.547	12.803
258.696	12.572
260.197	12.478
261.331	12.464
262.296	12.487
263.193	12.526
264.060	12.572
264.900	12.621
265.703	12.676
266.454	12.740
267.149	12.814
267.788	12.898
268.382	12.992
268.950	13.093
269.510	13.197
270.085	13.302
270.693	13.402
271.349	13.494
272.061	13.577
272.828	13.648
273.637	13.711
274.467	13.767
275.290	13.824
276.082	13.885
276.823	13.955
277.504	14.038
278.127	14.134
278.698	14.242
279.229	14.360
279.731	14.486
280.213	14.619
280.683	14.756
281.144	14.898
281.598	15.043
282.045	15.192
282.485	15.344
282.918	15.501
283.346	15.661
283.769	15.824
284.194	15.991
284.628	16.158
285.083	16.323
285.581	16.480
286.152	16.623
286.849	16.736
287.745	16.800
288.923	16.792
290.435	16.693
292.221	16.513
294.071	16.305
295.725	16.138
297.034	16.055
298.003	16.061
298.717	16.137
299.270	16.258
299.728	16.409
300.134	16.578
300.516	16.757
300.893	16.942
301.289	17.126
301.740	17.301
302.300	17.452
303.067	17.553
304.195	17.565
305.905	17.429
308.424	17.092
311.790	16.551
315.643	15.906
319.343	15.312
322.386	14.872
324.633	14.608
326.201	14.487
327.291	14.468
328.085	14.512
328.718	14.592
329.285	14.689
329.852	14.791
330.466	14.886
331.163	14.968
331.963	15.031
332.867	15.073
333.855	15.097
334.885	15.109
335.899	15.122
336.847	15.144
337.694	15.185
338.427	15.248
339.056	15.333
339.599	15.437
340.085	15.555
340.547	15.682
341.038	15.809
341.659	15.917
342.635	15.971
344.446	15.887
347.901	15.528
353.517	14.798
360.038	13.903
365.204	13.226
368.442	12.872
370.480	12.721
371.971	12.661
373.216	12.640
374.317	12.640
375.302	12.653
376.178	12.681
376.952	12.721
377.634	12.773
378.239	12.836
378.780	12.908
379.273	12.987
379.733	13.072
380.173	13.161
380.610	13.251
381.058	13.342
381.536	13.431
382.066	13.515
382.676	13.590
383.398	13.651
384.272	13.693
385.336	13.710
386.624	13.697
388.144	13.652
389.868	13.577
391.719	13.483
393.589	13.383
395.366	13.292
396.970	13.223
398.361	13.180
399.536	13.165
400.516	13.175
401.329	13.207
402.004	13.258
402.567	13.324
403.041	13.404
403.445	13.493
403.795	13.591
404.107	13.697
404.393	13.807
404.665	13.921
404.935	14.038
405.213	14.156
405.510	14.272
405.835	14.387
406.201	14.498
406.617	14.602
407.092	14.700
407.635	14.788
408.252	14.865
408.946	14.931
409.724	14.984
410.599	15.023
411.599	15.045
412.777	15.041
414.215	15.001
416.005	14.912
418.201	14.765
420.744	14.566
423.436	14.342
426.010	14.132
428.274	13.964
430.187	13.847
431.822	13.772
433.283	13.723
434.654	13.689
435.983	13.662
437.287	13.638
438.563	13.617
439.802	13.601
441.002	13.590
442.170	13.583
443.321	13.579
444.477	13.575
445.663	13.569
446.896	13.557
448.184	13.540
449.520	13.516
450.876	13.489
452.217	13.462
453.497	13.440
454.678	13.429
455.735	13.431
456.659	13.448
457.455	13.481
458.139	13.526
458.730	13.584
459.251	13.651
459.721	13.725
460.160	13.804
460.582	13.886
461.003	13.970
461.432	14.053
461.880	14.136
462.355	14.216
462.864	14.292
463.411	14.365
464.002	14.432
464.641	14.494
465.336	14.549
466.101	14.596
466.961	14.632
467.960	14.652
469.165	14.648
470.661	14.610
472.535	14.527
474.820	14.393
477.437	14.217
480.169	14.023
482.739	13.844
484.937	13.707
486.700	13.620
488.085	13.579
489.208	13.571
490.186	13.583
491.119	13.603
492.083	13.622
493.136	13.633
494.323	13.631
495.672	13.613
497.195	13.576
498.885	13.521
500.706	13.452
502.602	13.374
504.495	13.295
506.307	13.222
507.968	13.164
509.435	13.124
510.690	13.104
511.737	13.105
512.599	13.125
513.304	13.161
513.884	13.210
514.369	13.270
514.785	13.338
515.157	13.412
515.505	13.489
515.850	13.568
516.211	13.647
516.607	13.724
517.061	13.796
517.599	13.860
518.247	13.915
519.033	13.955
519.983	13.978
521.110	13.983
522.408	13.968
523.845	13.937
525.358	13.896
526.872	13.853
528.308	13.815
529.610	13.791
530.749	13.782
531.725	13.791
532.555	13.816
533.269	13.853
533.894	13.901
534.457	13.957
534.979	14.017
535.477	14.082
535.965	14.148
536.456	14.214
536.961	14.280
537.495	14.344
538.074	14.403
538.718	14.457
539.455	14.501
540.313	14.533
541.321	14.549
542.497	14.547
543.841	14.525
545.321	14.486
546.871	14.438
548.400	14.389
549.818	14.350
551.058	14.329
552.087	14.329
552.910	14.353
553.551	14.397
554.047	14.458
554.433	14.532
554.744	14.617
555.009	14.708
555.251	14.804
555.496	14.902
555.767	14.998
556.097	15.089
556.526	15.172
557.115	15.238
557.945	15.279
559.122	15.283
560.756	15.235
562.921	15.128
565.577	14.963
568.527	14.762
571.471	14.558
574.150	14.382
576.462	14.247
578.455	14.150
580.249	14.078
581.962	14.019
583.670	13.962
585.391	13.904
587.096	13.847
588.722	13.795
590.206	13.756
591.499	13.733
592.584	13.730
593.470	13.745
594.184	13.777
594.760	13.823
595.236	13.879
595.641	13.943
596.005	14.013
596.349	14.085
596.696	14.158
597.064	14.231
597.471	14.301
597.939	14.366
598.487	14.424
599.137	14.473
599.912	14.509
600.826	14.533
601.885	14.541
603.078	14.536
604.374	14.519
605.725	14.494
607.072	14.469
608.364	14.448
609.565	14.435
610.665	14.432
611.677	14.439
612.634	14.452
613.578	14.467
614.557	14.481
615.612	14.489
616.774	14.486
618.054	14.472
619.441	14.447
620.898	14.415
622.374	14.379
623.821	14.344
625.211	14.316
626.553	14.293
627.905	14.271
629.376	14.243
631.129	14.195
633.365	14.110
636.263	13.972
639.871	13.776
643.975	13.537
648.107	13.291
651.763	13.080
654.648	12.929
656.749	12.840
658.216	12.802
659.240	12.800
659.977	12.823
660.540	12.860
660.999	12.907
661.397	12.959
661.759	13.015
662.100	13.073
662.428	13.132
662.748	13.192
663.062	13.254
663.371	13.316
663.676	13.379
663.978	13.443
664.278	13.507
664.575	13.572
664.870	13.638
665.165	13.704
665.461	13.771
665.758	13.838
666.059	13.906
666.366	13.973
666.680	14.041
667.006	14.108
667.345	14.175
667.704	14.240
668.087	14.304
668.504	14.366
668.964	14.424
669.483	14.478
670.082	14.526
670.787	14.565
671.637	14.593
672.678	14.604
673.962	14.595
675.538	14.561
677.433	14.499
679.626	14.410
682.030	14.301
684.496	14.185
686.852	14.076
688.952	13.986
690.716	13.924
692.133	13.891
693.237	13.884
694.087	13.899
694.743	13.931
695.258	13.976
695.673	14.030
696.022	14.090
696.331	14.155
696.621	14.223
696.913	14.291
697.228	14.359
697.589	14.424
698.026	14.483
698.578	14.535
699.294	14.573
700.234	14.594
701.463	14.591
703.038	14.560
704.984	14.497
707.263	14.405
709.762	14.293
712.303	14.174
714.705	14.065
716.834	13.977
718.639	13.915
720.134	13.878
721.377	13.862
722.439	13.863
723.388	13.873
724.282	13.889
725.175	13.906
726.111	13.922
727.133	13.931
728.281	13.932
729.591	13.921
731.088	13.897
732.780	13.858
734.646	13.806
736.636	13.743
738.669	13.676
740.655	13.611
742.507	13.555
744.166	13.511
745.602	13.484
746.816	13.472
747.828	13.475
748.670	13.491
749.376	13.517
749.975	13.551
750.495	13.592
750.954	13.637
751.370	13.686
751.754	13.738
752.113	13.793
752.454	13.849
752.780	13.906
753.093	13.965
753.396	14.025
753.688	14.086
753.971	14.149
754.244	14.212
754.508	14.277
754.762	14.343
755.007	14.410
755.245	14.479
755.477	14.548
755.705	14.618
755.934	14.689
756.168	14.761
756.415	14.831
756.688	14.901
757.002	14.968
757.380	15.031
757.853	15.087
758.464	15.133
759.269	15.163
760.328	15.173
761.707	15.157
763.448	15.110
765.546	15.033
767.925	14.931
770.436	14.815
772.902	14.701
775.169	14.602
777.158	14.526
778.865	14.472
780.336	14.439
781.636	14.421
782.830	14.412
783.967	14.408
785.077	14.407
786.176	14.407
787.263	14.408
788.332	14.410
789.368	14.414
790.357	14.421
791.288	14.432
792.152	14.449
792.946	14.470
793.671	14.497
794.332	14.529
794.936	14.566
795.493	14.607
796.014	14.650
796.510	14.697
796.994	14.744
797.478	14.792
797.976	14.840
798.504	14.886
799.079	14.929
799.722	14.967
800.454	14.998
801.298	15.021
802.278	15.033
803.410	15.034
804.704	15.022
806.154	14.996
807.733	14.960
809.394	14.917
811.081	14.870
812.733	14.825
814.297	14.786
815.742	14.756
817.059	14.737
818.257	14.726
819.358	14.724
820.393	14.728
821.391	14.735
822.384	14.743
823.395	14.750
824.445	14.754
825.546	14.755
826.704	14.752
827.917	14.744
829.176	14.733
830.470	14.719
831.783	14.703
833.103	14.686
834.419	14.670
835.731	14.654
837.038	14.639
838.349	14.623
839.676	14.607
841.031	14.589
842.426	14.569
843.873	14.545
845.388	14.517
846.989	14.484
848.712	14.443
850.606	14.392
852.741	14.327
855.197	14.242
858.036	14.134
861.259	14.003
864.770	13.853
868.363	13.697
871.776	13.550
874.776	13.428
877.235	13.338
879.137	13.282
880.548	13.257
881.566	13.256
882.292	13.274
882.808	13.306
883.180	13.347
883.453	13.394
883.661	13.447
883.823	13.503
883.956	13.561
884.069	13.621
884.169	13.682
884.260	13.745
884.346	13.808
884.428	13.872
884.508	13.937
884.588	14.002
884.669	14.068
884.752	14.135
884.839	14.201
884.930	14.268
885.029	14.335
885.138	14.402
885.261	14.468
885.403	14.534
885.572	14.599
885.778	14.662
886.036	14.722
886.367	14.778
886.800	14.827
887.378	14.868
888.154	14.895
889.195	14.906
890.577	14.893
892.367	14.853
894.594	14.783
897.219	14.684
900.106	14.566
903.046	14.442
905.811	14.327
908.229	14.234
910.222	14.169
911.800	14.131
913.023	14.118
913.975	14.123
914.732	14.141
915.362	14.170
915.921	14.203
916.453	14.239
917.003	14.276
917.610	14.309
918.323	14.337
919.194	14.356
920.287	14.361
921.669	14.350
923.399	14.318
925.517	14.262
928.005	14.182
930.773	14.084
933.667	13.977
936.488	13.872
939.063	13.780
941.282	13.709
943.109	13.661
944.570	13.635
945.727	13.628
946.648	13.635
947.396	13.653
948.026	13.679
948.576	13.710
949.075	13.744
949.544	13.781
949.997	13.819
950.442	13.857
950.884	13.896
951.326	13.935
951.768	13.975
952.210	14.014
952.650	14.054
953.087	14.094
953.517	14.134
953.940	14.176
954.354	14.217
954.758	14.260
955.151	14.303
955.533	14.348
955.906	14.393
956.271	14.439
956.630	14.485
956.988	14.532
957.347	14.579
957.712	14.626
958.089	14.673
958.483	14.719
958.899	14.764
959.344	14.807
959.823	14.848
960.342	14.887
960.905	14.923
961.516	14.956
962.177	14.986
962.887	15.012
963.648	15.036
964.456	15.056
965.309	15.073
966.208	15.086
967.154	15.097
968.156	15.104
969.230	15.107
970.402	15.104
971.713	15.092
973.210	15.069
974.951	15.031
976.988	14.975
979.351	14.899
982.026	14.803
984.938	14.691
987.953	14.573
990.904	14.457
993.640	14.354
996.054	14.270
998.107	14.208
999.808	14.167
1001.201	14.146
1002.337	14.140
1003.272	14.146
1004.049	14.163
1004.704	14.187
1005.266	14.217
1005.755	14.251
1006.189	14.289
1006.579	14.330
1006.935	14.374
1007.268	14.419
1007.582	14.465
1007.887	14.513
1008.189	14.561
1008.496	14.609
1008.816	14.657
1009.163	14.703
1009.549	14.748
1009.997	14.790
1010.536	14.826
1011.211	14.856
1012.085	14.874
1013.245	14.876
1014.808	14.856
1016.906	14.805
1019.667	14.717
1023.137	14.587
1027.218	14.421
1031.622	14.235
1035.937	14.053
1039.786	13.894
1042.949	13.774
1045.401	13.693
1047.233	13.647
1048.593	13.627
1049.618	13.627
1050.421	13.640
1051.087	13.662
1051.674	13.688
1052.226	13.716
1052.773	13.746
1053.336	13.775
1053.932	13.802
1054.570	13.828
1055.260	13.851
1056.004	13.871
1056.804	13.888
1057.659	13.903
1058.563	13.914
1059.510	13.924
1060.490	13.931
1061.496	13.937
1062.518	13.942
1063.549	13.946
1064.588	13.950
1065.632	13.954
1066.687	13.957
1067.757	13.959
1068.852	13.961
1069.982	13.960
1071.153	13.958
1072.372	13.953
1073.637	13.946
1074.943	13.936
1076.275	13.925
1077.613	13.913
1078.932	13.902
1080.206	13.893
1081.410	13.887
1082.525	13.885
1083.535	13.888
1084.434	13.897
1085.222	13.912
1085.904	13.932
1086.488	13.958
1086.986	13.988
1087.410	14.022
1087.771	14.060
1088.080	14.101
1088.348	14.145
1088.583	14.191
1088.794	14.238
1088.987	14.287
1089.167	14.337
1089.339	14.387
1089.508	14.438
1089.677	14.490
1089.848	14.541
1090.025	14.593
1090.210	14.645
1090.405	14.696
1090.612	14.747
1090.832	14.798
1091.067	14.848
1091.318	14.897
1091.585	14.945
1091.872	14.993
1092.178	15.040
1092.506	15.086
1092.857	15.131
1093.236	15.174
1093.649	15.216
1094.109	15.255
1094.632	15.291
1095.249	15.321
1096.006	15.345
1096.972	15.357
1098.244	15.352
1099.947	15.323
1102.221	15.262
1105.174	15.163
1108.807	15.024
1112.946	14.855
1117.229	14.676
1121.233	14.510
1124.625	14.376
1127.274	14.283
1129.215	14.229
1130.580	14.208
1131.520	14.210
1132.164	14.230
1132.611	14.261
1132.930	14.300
1133.168	14.344
1133.354	14.392
1133.507	14.441
1133.642	14.492
1133.765	14.544
1133.883	14.597
1134.000	14.650
1134.119	14.704
1134.243	14.757
1134.376	14.811
1134.522	14.864
1134.688	14.916
1134.882	14.967
1135.115	15.017
1135.406	15.064
1135.780	15.107
1136.276	15.144
1136.949	15.171
1137.877	15.186
1139.166	15.182
1140.942	15.151
1143.342	15.088
1146.456	14.986
1150.269	14.846
1154.594	14.678
1159.082	14.499
1163.338	14.330
1167.055	14.190
1170.104	14.084
1172.507	14.012
1174.372	13.969
1175.831	13.947
1176.993	13.940
1177.950	13.945
1178.760	13.957
1179.465	13.975
1180.094	13.997
1180.665	14.022
1181.191	14.049
1181.683	14.079
1182.149	14.109
1182.597	14.141
1183.034	14.173
1183.469	14.206
1183.911	14.239
1184.368	14.271
1184.850	14.303
1185.369	14.332
1185.938	14.360
1186.568	14.385
1187.275	14.406
1188.073	14.423
1188.977	14.434
1189.999	14.440
1191.150	14.440
1192.433	14.433
1193.847	14.419
1195.379	14.400
1197.007	14.375
1198.700	14.346
1200.417	14.316
1202.119	14.287
1203.763	14.259
1205.315	14.236
1206.750	14.218
1208.051	14.207
1209.212	14.202
1210.235	14.204
1211.128	14.212
1211.900	14.226
1212.565	14.246
1213.136	14.270
1213.625	14.299
1214.043	14.331
1214.403	14.366
1214.711	14.404
1214.978	14.445
1215.209	14.487
1215.411	14.532
1215.590	14.577
1215.750	14.624
1215.894	14.673
1216.026	14.722
1216.149	14.772
1216.267	14.822
1216.381	14.873
1216.495	14.924
1216.609	14.976
1216.728	15.028
1216.854	15.079
1216.989	15.131
1217.135	15.182
1217.297	15.233
1217.478	15.283
1217.682	15.332
1217.916	15.380
1218.184	15.426
1218.498	15.470
1218.869	15.511
1219.315	15.549
1219.863	15.581
1220.554	15.606
1221.450	15.621
1222.647	15.620
1224.287	15.597
1226.558	15.542
1229.682	15.444
1233.829	15.293
1238.994	15.090
1244.845	14.851
1250.763	14.608
1256.083	14.392
1260.389	14.227
1263.601	14.116
1265.874	14.051
1267.439	14.022
1268.513	14.018
1269.259	14.030
1269.793	14.054
1270.191	14.084
1270.501	14.119
1270.757	14.157
1270.977	14.197
1271.177	14.238
1271.366	14.280
1271.552	14.322
1271.741	14.365
1271.939	14.407
1272.153	14.449
1272.389	14.491
1272.656	14.531
1272.964	14.569
1273.327	14.605
1273.762	14.639
1274.292	14.668
1274.944	14.691
1275.757	14.708
1276.769	14.715
1278.034	14.711
1279.595	14.694
1281.495	14.660
1283.751	14.610
1286.340	14.544
1289.192	14.465
1292.182	14.379
1295.166	14.292
1297.987	14.212
1300.538	14.143
1302.745	14.090
1304.600	14.052
1306.120	14.030
1307.353	14.021
1308.345	14.023
1309.149	14.034
1309.805	14.052
1310.349	14.075
1310.808	14.102
1311.204	14.132
1311.554	14.165
1311.870	14.199
1312.162	14.235
1312.439	14.272
1312.708	14.309
1312.974	14.347
1313.245	14.384
1313.525	14.422
1313.821	14.459
1314.140	14.495
1314.491	14.530
1314.883	14.563
1315.328	14.595
1315.841	14.623
1316.437	14.648
1317.137	14.668
1317.962	14.683
1318.937	14.691
1320.083	14.691
1321.423	14.683
1322.966	14.665
1324.715	14.638
1326.648	14.601
1328.728	14.558
1330.895	14.510
1333.079	14.461
1335.206	14.414
1337.212	14.371
1339.048	14.336
1340.688	14.310
1342.127	14.293
1343.370	14.284
1344.438	14.283
1345.353	14.290
1346.141	14.302
1346.824	14.319
1347.424	14.340
1347.957	14.364
1348.438	14.391
1348.878	14.420
1349.288	14.450
1349.673	14.482
1350.040	14.514
1350.393	14.547
1350.736	14.581
1351.071	14.616
1351.402	14.651
1351.730	14.686
1352.056	14.721
1352.384	14.757
1352.715	14.792
1353.050	14.828
1353.392	14.863
1353.745	14.898
1354.110	14.933
1354.490	14.967
1354.891	15.000
1355.316	15.032
1355.770	15.063
1356.258	15.092
1356.788	15.120
1357.364	15.146
1357.993	15.169
1358.683	15.189
1359.437	15.206
1360.262	15.220
1361.159	15.231
1362.132	15.237
1363.176	15.240
1364.289	15.240
1365.460	15.237
1366.680	15.231
1367.934	15.223
1369.209	15.214
1370.489	15.205
1371.759	15.196
1373.008	15.188
1374.225	15.181
1375.403	15.176
1376.540	15.173
1377.629	15.173
1378.674	15.174
1379.674	15.178
1380.631	15.184
1381.547	15.191
1382.424	15.201
1383.266	15.212
1384.074	15.225
1384.851	15.240
1385.598	15.256
1386.316	15.273
1387.009	15.292
1387.677	15.312
1388.323	15.333
1388.948	15.355
1389.553	15.378
1390.140	15.402
1390.710	15.427
1391.266	15.453
1391.807	15.479
1392.335	15.507
1392.853	15.534
1393.361	15.563
1393.861	15.592
1394.354	15.621
1394.845	15.651
1395.334	15.681
1395.829	15.710
1396.334	15.740
1396.862	15.768
1397.427	15.795
1398.052	15.819
1398.773	15.839
1399.640	15.853
1400.729	15.856
1402.142	15.844
1404.008	15.812
1406.470	15.751
1409.646	15.657
1413.555	15.528
1418.059	15.369
1422.818	15.198
1427.414	15.032
1431.459	14.890
1434.760	14.783
1437.295	14.711
1439.175	14.669
1440.553	14.652
1441.578	14.651
1442.373	14.662
1443.035	14.679
1443.632	14.700
1444.217	14.722
1444.830	14.744
1445.503	14.763
1446.264	14.779
1447.134	14.790
1448.133	14.796
1449.274	14.796
1450.562	14.790
1451.992	14.777
1453.553	14.759
1455.213	14.736
1456.939	14.709
1458.687	14.682
1460.413	14.655
1462.079	14.630
1463.651	14.608
1465.111	14.592
1466.447	14.580
1467.662	14.574
1468.764	14.572
1469.763	14.575
1470.674	14.582
1471.510	14.592
1472.286	14.605
1473.011	14.620
1473.693	14.637
1474.343	14.655
1474.959	14.675
1475.550	14.696
1476.114	14.718
1476.653	14.741
1477.169	14.765
1477.660	14.790
1478.129	14.817
1478.573	14.844
1478.995	14.873
1479.395	14.902
1479.775	14.933
1480.138	14.964
1480.487	14.996
1480.824	15.029
1481.156	15.063
1481.487	15.096
1481.825	15.129
1482.180	15.162
1482.563	15.194
1482.989	15.225
1483.478	15.252
1484.057	15.277
1484.761	15.296
1485.639	15.308
1486.757	15.310
1488.203	15.299
1490.089	15.270
1492.546	15.217
1495.710	15.136
1499.669	15.022
1504.410	14.876
1509.758	14.705
1515.368	14.524
1520.816	14.348
1525.726	14.194
1529.874	14.071
1533.218	13.979
1535.829	13.917
1537.838	13.878
1539.386	13.858
1540.594	13.851
1541.559	13.854
1542.354	13.863
1543.035	13.878
1543.640	13.895
1544.199	13.915
1544.732	13.935
1545.254	13.957
1545.776	13.978
1546.306	13.999
1546.849	14.020
1547.407	14.040
1547.984	14.060
1548.579	14.079
1549.193	14.098
1549.822	14.115
1550.464	14.133
1551.117	14.150
1551.776	14.166
1552.438	14.183
1553.099	14.199
1553.753	14.216
1554.398	14.233
1555.029	14.251
1555.644	14.269
1556.240	14.288
1556.813	14.308
1557.365	14.328
1557.892	14.350
1558.396	14.372
1558.876	14.396
1559.332	14.420
1559.767	14.446
1560.181	14.472
1560.574	14.499
1560.950	14.527
1561.309	14.555
1561.652	14.585
1561.983	14.615
1562.301	14.645
1562.608	14.676
1562.907	14.708
1563.198	14.740
1563.483	14.772
1563.763	14.805
1564.039	14.838
1564.312	14.871
1564.585	14.905
1564.857	14.938
1565.131	14.972
1565.407	15.005
1565.686	15.039
1565.971	15.073
1566.261	15.106
1566.560	15.139
1566.868	15.172
1567.187	15.205
1567.518	15.237
1567.864	15.269
1568.227	15.300
1568.608	15.331
1569.010	15.360
1569.436	15.389
1569.891	15.417
1570.379	15.443
1570.908	15.468
1571.486	15.491
1572.130	15.511
1572.860	15.528
1573.708	15.540
1574.717	15.545
1575.951	15.542
1577.493	15.526
1579.446	15.494
1581.923	15.441
1585.022	15.363
1588.779	15.258
1593.115	15.130
1597.813	14.985
1602.541	14.839
1606.950	14.705
1610.776	14.592
1613.897	14.508
1616.325	14.451
1618.150	14.418
1619.494	14.404
1620.477	14.405
1621.198	14.416
1621.735	14.435
1622.143	14.460
1622.465	14.488
1622.727	14.519
1622.951	14.551
1623.150	14.585
1623.335	14.619
1623.514	14.654
1623.692	14.689
1623.874	14.724
1624.064	14.759
1624.266	14.793
1624.484	14.828
1624.722	14.861
1624.984	14.894
1625.272	14.926
1625.593	14.957
1625.952	14.986
1626.350	15.014
1626.796	15.041
1627.294	15.065
1627.849	15.087
1628.466	15.107
1629.148	15.124
1629.901	15.139
1630.726	15.150
1631.624	15.159
1632.595	15.164
1633.634	15.167
1634.739	15.167
1635.899	15.165
1637.107	15.161
1638.352	15.155
1639.621	15.148
1640.902	15.140
1642.180	15.132
1643.445	15.125
1644.683	15.119
1645.885	15.114
1647.043	15.111
1648.147	15.109
1649.194	15.110
1650.179	15.114
1651.102	15.120
1651.961	15.128
1652.758	15.139
1653.496	15.152
1654.178	15.168
1654.812	15.186
1655.402	15.205
1655.956	15.226
1656.486	15.248
1657.000	15.271
1657.514	15.295
1658.043	15.317
1658.607	15.339
1659.230	15.359
1659.943	15.375
1660.785	15.387
1661.800	15.392
1663.044	15.389
1664.578	15.375
1666.464	15.347
1668.755	15.303
1671.484	15.243
1674.640	15.166
1678.164	15.074
1681.943	14.973
1685.836	14.868
1689.701	14.763
1693.431	14.665
1696.979	14.574
1700.354	14.492
1703.618	14.415
1706.863	14.341
1710.193	14.266
1713.709	14.187
1717.488	14.101
1721.565	14.006
1725.920	13.904
1730.466	13.796
1735.061	13.687
1739.534	13.582
1743.720	13.486
1747.494	13.402
1750.785	13.334
1753.579	13.281
1755.905	13.242
1757.815	13.215
1759.376	13.200
1760.649	13.193
1761.694	13.193
1762.558	13.199
1763.281	13.209
1763.895	13.223
1764.427	13.239
1764.894	13.257
1765.312	13.277
1765.694	13.298
1766.048	13.320
1766.382	13.343
1766.702	13.366
1767.011	13.390
1767.316	13.413
1767.619	13.437
1767.922	13.462
1768.230	13.486
1768.544	13.510
1768.866	13.533
1769.202	13.557
1769.551	13.580
1769.919	13.603
1770.309	13.625
1770.726	13.646
1771.175	13.667
1771.663	13.686
1772.197	13.705
1772.784	13.721
1773.436	13.736
1774.165	13.749
1774.980	13.759
1775.896	13.766
1776.927	13.770
1778.083	13.770
1779.376	13.766
1780.809	13.758
1782.384	13.745
1784.090	13.729
1785.913	13.708
1787.824	13.685
1789.789	13.660
1791.768	13.634
1793.720	13.609
1795.604	13.585
1797.387	13.565
1799.042	13.547
1800.555	13.534
1801.919	13.526
1803.136	13.522
1804.213	13.521
1805.163	13.525
1806.000	13.532
1806.739	13.543
1807.398	13.555
1807.988	13.570
1808.525	13.587
1809.022	13.604
1809.486	13.623
1809.929	13.643
1810.361	13.663
1810.786	13.684
1811.214	13.704
1811.650	13.725
1812.099	13.745
1812.568	13.765
1813.061	13.783
1813.584	13.802
1814.141	13.819
1814.737	13.835
1815.376	13.850
1816.061	13.863
1816.796	13.875
1817.582	13.886
1818.423	13.894
1819.316	13.902
1820.265	13.907
1821.264	13.911
1822.312	13.914
1823.405	13.915
1824.542	13.914
1825.718	13.913
1826.927	13.910
1828.167	13.906
1829.441	13.902
1830.745	13.896
1832.079	13.890
1833.449	13.882
1834.858	13.874
1836.310	13.864
1837.807	13.853
1839.353	13.841
1840.947	13.827
1842.583	13.812
1844.257	13.795
1845.953	13.778
1847.658	13.761
1849.354	13.744
1851.017	13.727
1852.632	13.712
1854.177	13.699
1855.640	13.688
1857.008	13.680
1858.275	13.674
1859.438	13.672
1860.499	13.672
1861.463	13.676
1862.336	13.682
1863.125	13.691
1863.842	13.702
1864.495	13.714
1865.091	13.729
1865.642	13.745
1866.157	13.762
1866.641	13.780
1867.104	13.799
1867.554	13.819
1867.996	13.838
1868.442	13.858
1868.901	13.878
1869.382	13.897
1869.902	13.915
1870.477	13.931
1871.132	13.946
1871.897	13.957
1872.809	13.965
1873.923	13.967
1875.300	13.962
1877.022	13.948
1879.174	13.922
1881.852	13.881
1885.136	13.824
1889.060	13.749
1893.605	13.657
1898.640	13.551
1903.961	13.438
1909.299	13.323
1914.391	13.215
1919.031	13.119
1923.105	13.039
1926.588	12.974
1929.518	12.925
1931.972	12.888
1934.037	12.862
1935.796	12.845
1937.320	12.833
1938.667	12.827
1939.882	12.824
1941.000	12.824
1942.046	12.825
1943.039	12.828
1943.993	12.832
1944.917	12.837
1945.818	12.843
1946.700	12.849
1947.568	12.855
1948.421	12.862
1949.259	12.869
1950.084	12.876
1950.892	12.884
1951.685	12.892
1952.460	12.901
1953.214	12.910
1953.948	12.920
1954.661	12.930
1955.350	12.940
1956.017	12.952
1956.661	12.963
1957.281	12.976
1957.881	12.989
1958.459	13.002
1959.019	13.016
1959.561	13.031
1960.088	13.046
1960.602	13.061
1961.107	13.077
1961.605	13.092
1962.098	13.108
1962.592	13.124
1963.089	13.140
1963.592	13.156
1964.107	13.172
1964.635	13.187
1965.182	13.202
1965.752	13.216
1966.347	13.230
1966.972	13.243
1967.630	13.256
1968.323	13.267
1969.053	13.278
1969.823	13.287
1970.631	13.296
1971.478	13.303
1972.362	13.310
1973.278	13.315
1974.224	13.320
1975.192	13.324
1976.176	13.328
1977.168	13.331
1978.161	13.335
1979.145	13.338
1980.112	13.342
1981.055	13.347
1981.965	13.352
1982.839	13.358
1983.669	13.365
1984.454	13.373
1985.191	13.383
1985.878	13.394
1986.517	13.406
1987.109	13.419
1987.653	13.434
1988.153	13.450
1988.611	13.467
1989.031	13.485
1989.416	13.504
1989.768	13.524
1990.090	13.545
1990.386	13.566
1990.657	13.588
1990.906	13.611
1991.136	13.635
1991.349	13.659
1991.545	13.684
1991.728	13.709
1991.899	13.735
1992.058	13.761
1992.207	13.787
1992.347	13.814
1992.479	13.841
1992.603	13.868
1992.721	13.896
1992.833	13.923
1992.940	13.951
1993.041	13.980
1993.138	14.008
1993.230	14.037
1993.319	14.066
1993.404	14.095
1993.486	14.125
1993.564	14.154
1993.640	14.184
1993.713	14.214
1993.782	14.245
1993.850	14.275
1993.916	14.305
1993.979	14.336
1994.040	14.367
1994.099	14.398
1994.156	14.429
1994.211	14.461
1994.264	14.493
1994.317	14.524
1994.367	14.556
1994.416	14.588
1994.463	14.621
1994.510	14.653
1994.554	14.686
1994.598	14.718
1994.640	14.751
1994.681	14.785
1994.721	14.818
1994.760	14.851
1994.798	14.885
1994.835	14.919
1994.871	14.952
1994.906	14.987
1994.941	15.021
1994.974	15.055
1995.007	15.090
1995.038	15.124
1995.070	15.159
1995.100	15.194
1995.130	15.230
1995.159	15.265
1995.188	15.301
1995.216	15.336
1995.243	15.372
1995.270	15.408
1995.296	15.444
1995.322	15.481
1995.347	15.517
1995.372	15.554
1995.396	15.591
1995.420	15.628
1995.443	15.665
1995.467	15.702
1995.489	15.740
1995.511	15.777
1995.533	15.815
1995.554	15.853
1995.576	15.891
1995.596	15.930
1995.617	15.968
1995.637	16.007
1995.657	16.046
1995.676	16.085
1995.695	16.124
1995.714	16.163
1995.733	16.203
1995.751	16.242
1995.769	16.282
1995.787	16.322
1995.804	16.363
1995.821	16.403
1995.838	16.444
1995.854	16.484
1995.871	16.525
1995.887	16.567
1995.903	16.608
1995.919	16.649
1995.935	16.691
1995.950	16.733
1995.965	16.775
1995.980	16.817
1995.995	16.860
1996.009	16.902
1996.023	16.945
1996.037	16.988
1996.051	17.031
1996.065	17.075
1996.078	17.118
1996.092	17.162
1996.104	17.206
1996.117	17.250
1996.130	17.294
1996.143	17.339
1996.155	17.384
1996.167	17.428
1996.179	17.474
1996.191	17.519
1996.203	17.564
1996.215	17.610
1996.226	17.656
1996.237	17.702
1996.248	17.749
1996.259	17.795
1996.270	17.842
1996.281	17.889
1996.291	17.936
1996.301	17.984
1996.311	18.031
1996.322	18.079
1996.332	18.127
1996.341	18.175
1996.351	18.224
1996.360	18.272
1996.370	18.321
1996.379	18.370
1996.388	18.420
1996.397	18.469
1996.406	18.519
1996.415	18.569
1996.423	18.619
1996.432	18.670
1996.440	18.721
1996.448	18.771
1996.456	18.823
1996.464	18.874
1996.472	18.926
1996.480	18.977
1996.488	19.030
1996.496	19.082
1996.503	19.134
1996.510	19.187
1996.518	19.240
1996.525	19.294
1996.532	19.347
1996.539	19.401
1996.546	19.455
1996.553	19.509
1996.559	19.564
1996.566	19.618
1996.572	19.673
1996.579	19.728
1996.585	19.784
1996.592	19.840
1996.598	19.896
1996.604	19.952
1996.610	20.008
1996.616	20.065
1996.622	20.122
1996.627	20.179
1996.633	20.237
1996.639	20.295
1996.644	20.353
1996.650	20.411
1996.655	20.470
1996.661	20.529
1996.666	20.588
1996.671	20.647
1996.676	20.707
1996.681	20.767
1996.686	20.827
1996.691	20.887
1996.696	20.948
1996.701	21.009
1996.705	21.071
1996.710	21.132
1996.715	21.194
1996.719	21.256
1996.724	21.319
1996.728	21.381
1996.733	21.444
1996.737	21.508
1996.741	21.571
1996.745	21.635
1996.749	21.699
1996.754	21.764
1996.758	21.829
1996.761	21.894
1996.766	21.959
1996.769	22.025
1996.773	22.091
1996.777	22.157
1996.781	22.223
1996.784	22.290
1996.788	22.357
1996.792	22.425
1996.795	22.493
1996.798	22.561
1996.802	22.629
1996.805	22.698
1996.809	22.767
1996.812	22.836
1996.815	22.906
1996.818	22.976
1996.822	23.046
1996.825	23.117
1996.828	23.188
1996.831	23.259
1996.834	23.331
1996.837	23.402
1996.840	23.475
1996.843	23.547
1996.845	23.620
1996.848	23.693
1996.851	23.767
1996.854	23.841
1996.856	23.915
