<j>	<F>
1.278	18.831
2.427	17.693
3.734	14.023
4.719	15.309
5.862	14.759
7.065	14.255
8.432	12.997
9.710	12.036
10.862	12.030
12.007	12.045
13.133	12.092
14.211	12.227
15.209	12.549
16.160	13.080
17.247	13.443
18.605	12.988
19.861	12.479
20.820	12.674
21.589	13.344
22.240	14.406
22.932	15.677
24.166	15.997
26.275	13.806
27.738	12.674
28.717	12.854
29.723	13.135
30.941	13.131
32.314	12.785
33.530	12.548
34.479	12.687
35.255	13.102
35.946	13.691
36.662	14.340
37.588	14.771
38.847	14.637
40.084	14.287
40.878	14.531
41.362	15.382
41.741	16.569
42.112	17.950
42.553	19.375
43.173	20.526
44.085	20.984
45.409	20.490
47.379	18.705
49.371	16.854
50.920	16.106
52.657	15.370
54.550	14.433
56.227	13.786
57.634	13.430
58.688	13.378
59.427	13.640
60.016	14.099
60.601	14.616
61.278	15.084
62.136	15.406
63.380	15.409
65.333	14.794
67.768	13.677
69.701	12.908
70.979	12.711
71.999	12.757
72.930	12.869
73.771	13.034
74.521	13.265
75.215	13.550
75.912	13.855
76.695	14.126
77.670	14.280
78.891	14.245
80.204	14.083
81.317	14.012
82.143	14.156
82.840	14.439
83.617	14.711
84.636	14.834
85.968	14.730
87.534	14.440
89.145	14.101
90.625	13.837
91.897	13.704
93.006	13.689
94.092	13.718
95.312	13.698
96.760	13.560
98.375	13.315
99.928	13.072
101.215	12.944
102.205	12.966
102.979	13.106
103.627	13.321
104.213	13.580
104.786	13.861
105.392	14.139
106.086	14.385
106.929	14.562
107.999	14.626
109.386	14.529
111.142	14.242
113.140	13.819
115.043	13.418
116.589	13.176
117.781	13.107
118.754	13.148
119.619	13.247
120.432	13.372
121.217	13.513
121.992	13.661
122.780	13.809
123.620	13.943
124.584	14.033
125.765	14.040
127.231	13.926
128.929	13.700
130.653	13.444
132.189	13.253
133.495	13.161
134.695	13.134
135.982	13.101
137.548	12.993
139.492	12.764
141.676	12.442
143.742	12.134
145.383	11.941
146.545	11.892
147.348	11.959
147.931	12.101
148.406	12.288
148.860	12.494
149.385	12.695
150.099	12.858
151.176	12.929
152.815	12.845
155.068	12.573
157.592	12.190
159.778	11.866
161.294	11.712
162.225	11.721
162.795	11.840
163.177	12.020
163.469	12.236
163.721	12.472
163.960	12.722
164.205	12.980
164.469	13.242
164.767	13.503
165.114	13.758
165.523	14.000
166.002	14.224
166.551	14.427
167.153	14.612
167.775	14.787
168.384	14.966
168.958	15.160
169.511	15.371
170.118	15.577
170.979	15.717
172.533	15.644
175.425	15.127
179.522	14.166
183.089	13.313
185.074	12.949
185.976	12.942
186.413	13.098
186.677	13.319
186.876	13.572
187.050	13.842
187.216	14.125
187.386	14.418
187.575	14.717
187.806	15.014
188.121	15.297
188.605	15.538
189.425	15.683
190.864	15.634
193.211	15.287
196.291	14.678
199.231	14.079
201.337	13.725
202.656	13.616
203.512	13.656
204.139	13.772
204.664	13.924
205.150	14.094
205.634	14.270
206.141	14.444
206.692	14.609
207.305	14.760
207.993	14.890
208.761	14.997
209.596	15.081
210.469	15.149
211.336	15.216
212.157	15.294
212.912	15.392
213.608	15.512
214.278	15.645
214.972	15.777
215.754	15.887
216.699	15.950
217.883	15.939
219.349	15.837
221.050	15.654
222.822	15.437
224.453	15.254
225.810	15.151
226.893	15.132
227.791	15.177
228.615	15.252
229.471	15.326
230.447	15.371
231.595	15.368
232.914	15.313
234.329	15.223
235.713	15.132
236.942	15.077
237.949	15.081
238.733	15.148
239.331	15.271
239.790	15.438
240.152	15.639
240.452	15.865
240.717	16.109
240.973	16.364
241.242	16.624
241.560	16.877
241.980	17.107
242.614	17.280
243.690	17.327
245.632	17.124
248.884	16.534
253.052	15.659
256.674	14.914
258.934	14.541
260.144	14.460
260.805	14.536
261.214	14.686
261.512	14.872
261.767	15.076
262.015	15.289
262.275	15.504
262.565	15.717
262.899	15.923
263.287	16.119
263.742	16.300
264.276	16.462
264.900	16.600
265.634	16.708
266.508	16.778
267.569	16.795
268.868	16.746
270.431	16.620
272.211	16.430
274.070	16.212
275.839	16.014
277.398	15.871
278.712	15.793
279.800	15.776
280.711	15.809
281.506	15.875
282.262	15.958
283.070	16.035
284.037	16.078
285.265	16.060
286.813	15.962
288.638	15.791
290.594	15.583
292.542	15.379
294.479	15.189
296.533	14.991
298.836	14.753
301.346	14.474
303.797	14.200
305.871	13.991
307.416	13.881
308.486	13.864
309.214	13.917
309.730	14.015
310.122	14.141
310.442	14.284
310.721	14.439
310.976	14.603
311.216	14.773
311.449	14.947
311.680	15.126
311.916	15.308
312.163	15.492
312.433	15.674
312.747	15.852
313.135	16.018
313.653	16.160
314.395	16.257
315.496	16.279
317.106	16.188
319.265	15.969
321.742	15.665
324.077	15.377
325.904	15.191
327.167	15.126
328.017	15.156
328.636	15.241
329.172	15.352
329.739	15.464
330.445	15.554
331.405	15.599
332.738	15.572
334.509	15.456
336.634	15.262
338.840	15.040
340.798	14.857
342.318	14.753
343.406	14.734
344.176	14.779
344.749	14.866
345.217	14.978
345.642	15.102
346.060	15.230
346.498	15.357
346.972	15.479
347.498	15.593
348.096	15.695
348.792	15.780
349.632	15.839
350.689	15.858
352.079	15.818
353.955	15.691
356.444	15.454
359.510	15.112
362.819	14.725
365.862	14.378
368.286	14.135
370.034	14.006
371.239	13.969
372.066	13.997
372.647	14.067
373.073	14.166
373.402	14.283
373.670	14.413
373.904	14.551
374.126	14.695
374.354	14.841
374.608	14.986
374.913	15.125
375.298	15.255
375.801	15.366
376.464	15.452
377.325	15.503
378.404	15.515
379.678	15.489
381.079	15.436
382.507	15.374
383.879	15.320
385.173	15.281
386.436	15.251
387.766	15.216
389.272	15.157
391.028	15.059
393.022	14.921
395.134	14.760
397.188	14.604
399.037	14.479
400.620	14.395
401.960	14.350
403.113	14.335
404.132	14.342
405.056	14.365
405.904	14.399
406.687	14.443
407.410	14.496
408.079	14.557
408.705	14.626
409.300	14.701
409.880	14.779
410.462	14.858
411.064	14.936
411.703	15.009
412.395	15.074
413.155	15.130
413.992	15.174
414.911	15.205
415.911	15.222
416.984	15.228
418.114	15.223
419.280	15.212
420.458	15.198
421.623	15.185
422.752	15.176
423.828	15.175
424.840	15.184
425.785	15.204
426.665	15.233
427.489	15.272
428.269	15.318
429.014	15.370
429.735	15.427
430.436	15.487
431.122	15.550
431.790	15.615
432.436	15.685
433.055	15.759
433.642	15.838
434.194	15.924
434.710	16.016
435.196	16.114
435.659	16.218
436.111	16.325
436.571	16.433
437.068	16.537
437.649	16.630
438.404	16.697
439.486	16.715
441.142	16.644
443.661	16.435
447.139	16.069
451.112	15.614
454.696	15.208
457.297	14.949
458.931	14.840
459.902	14.836
460.494	14.894
460.888	14.985
461.182	15.095
461.427	15.214
461.651	15.338
461.870	15.466
462.093	15.595
462.331	15.724
462.596	15.851
462.902	15.973
463.273	16.089
463.742	16.191
464.353	16.273
465.168	16.325
466.256	16.336
467.676	16.295
469.440	16.198
471.476	16.055
473.631	15.891
475.732	15.732
477.660	15.600
479.383	15.499
480.928	15.427
482.336	15.377
483.631	15.344
484.817	15.325
485.887	15.323
486.836	15.337
487.671	15.367
488.410	15.412
489.088	15.467
489.748	15.527
490.454	15.584
491.283	15.627
492.340	15.642
493.750	15.612
495.637	15.521
498.064	15.358
500.943	15.134
504.015	14.882
506.939	14.646
509.470	14.459
511.527	14.331
513.152	14.258
514.433	14.227
515.452	14.228
516.272	14.254
516.939	14.299
517.487	14.359
517.942	14.430
518.324	14.511
518.651	14.600
518.935	14.695
519.186	14.796
519.414	14.900
519.624	15.009
519.822	15.120
520.012	15.234
520.196	15.350
520.376	15.469
520.556	15.589
520.735	15.710
520.915	15.833
521.098	15.957
521.283	16.083
521.472	16.209
521.666	16.336
521.865	16.465
522.071	16.594
522.286	16.723
522.511	16.852
522.751	16.981
523.015	17.108
523.315	17.231
523.683	17.347
524.180	17.446
524.939	17.509
526.222	17.501
528.486	17.356
532.245	16.998
537.444	16.428
542.852	15.816
547.010	15.368
549.573	15.140
551.019	15.070
551.872	15.084
552.451	15.138
552.917	15.210
553.348	15.289
553.782	15.369
554.241	15.447
554.739	15.521
555.291	15.590
555.909	15.650
556.605	15.702
557.388	15.743
558.261	15.772
559.220	15.790
560.246	15.799
561.312	15.801
562.380	15.802
563.413	15.806
564.381	15.817
565.268	15.839
566.077	15.870
566.823	15.911
567.538	15.957
568.264	16.003
569.051	16.043
569.957	16.070
571.041	16.076
572.352	16.055
573.915	16.001
575.714	15.917
577.682	15.811
579.722	15.694
581.740	15.580
583.680	15.476
585.533	15.384
587.331	15.301
589.120	15.222
590.939	15.142
592.807	15.058
594.713	14.971
596.616	14.883
598.459	14.801
600.185	14.731
601.749	14.677
603.132	14.642
604.337	14.626
605.384	14.627
606.303	14.642
607.124	14.667
607.877	14.700
608.586	14.739
609.273	14.780
609.952	14.823
610.638	14.866
611.341	14.907
612.070	14.946
612.835	14.982
613.645	15.013
614.507	15.039
615.429	15.059
616.416	15.072
617.467	15.078
618.576	15.077
619.727	15.072
620.894	15.064
622.046	15.057
623.151	15.053
624.178	15.057
625.105	15.071
625.921	15.096
626.624	15.133
627.222	15.181
627.726	15.240
628.149	15.309
628.507	15.385
628.814	15.468
629.081	15.556
629.319	15.649
629.539	15.745
629.748	15.843
629.954	15.943
630.165	16.044
630.388	16.145
630.633	16.244
630.911	16.340
631.237	16.433
631.629	16.518
632.118	16.593
632.745	16.653
633.580	16.691
634.730	16.693
636.370	16.641
638.748	16.510
642.144	16.269
646.661	15.909
651.923	15.471
657.065	15.044
661.279	14.712
664.292	14.503
666.288	14.399
667.586	14.366
668.462	14.378
669.103	14.414
669.628	14.464
670.111	14.519
670.602	14.575
671.133	14.628
671.730	14.676
672.412	14.717
673.191	14.749
674.073	14.772
675.053	14.785
676.118	14.790
677.241	14.789
678.390	14.784
679.527	14.779
680.618	14.778
681.638	14.783
682.572	14.795
683.416	14.816
684.178	14.844
684.871	14.880
685.516	14.920
686.136	14.964
686.755	15.009
687.403	15.052
688.109	15.090
688.903	15.121
689.818	15.142
690.878	15.149
692.098	15.141
693.474	15.118
694.978	15.082
696.554	15.038
698.131	14.992
699.636	14.951
701.010	14.921
702.223	14.906
703.267	14.906
704.158	14.920
704.921	14.947
705.586	14.983
706.182	15.027
706.733	15.076
707.260	15.128
707.778	15.181
708.297	15.234
708.825	15.287
709.367	15.339
709.922	15.390
710.491	15.440
711.071	15.489
711.658	15.537
712.251	15.585
712.847	15.632
713.446	15.680
714.052	15.727
714.670	15.773
715.312	15.818
715.992	15.859
716.729	15.895
717.547	15.924
718.472	15.942
719.530	15.948
720.742	15.939
722.123	15.914
723.672	15.871
725.372	15.813
727.198	15.743
729.114	15.665
731.091	15.581
733.109	15.493
735.157	15.405
737.223	15.315
739.289	15.227
741.325	15.141
743.289	15.062
745.138	14.992
746.836	14.936
748.367	14.894
749.728	14.868
750.935	14.854
752.012	14.853
752.983	14.861
753.876	14.876
754.712	14.897
755.508	14.921
756.280	14.948
757.036	14.976
757.786	15.005
758.536	15.034
759.292	15.063
760.058	15.091
760.838	15.118
761.634	15.144
762.446	15.168
763.273	15.191
764.110	15.213
764.950	15.234
765.783	15.256
766.598	15.279
767.384	15.305
768.133	15.333
768.838	15.366
769.497	15.402
770.112	15.443
770.689	15.487
771.241	15.534
771.787	15.582
772.354	15.630
772.980	15.673
773.721	15.708
774.654	15.727
775.882	15.723
777.531	15.684
779.728	15.599
782.551	15.462
785.953	15.276
789.729	15.057
793.569	14.834
797.199	14.630
800.487	14.456
803.447	14.312
806.161	14.191
808.711	14.086
811.142	13.991
813.454	13.906
815.620	13.831
817.603	13.768
819.376	13.720
820.926	13.687
822.259	13.668
823.391	13.663
824.346	13.670
825.149	13.687
825.826	13.713
826.400	13.747
826.891	13.786
827.317	13.830
827.691	13.878
828.027	13.930
828.333	13.984
828.619	14.039
828.893	14.096
829.160	14.154
829.427	14.213
829.698	14.272
829.979	14.330
830.273	14.388
830.584	14.446
830.916	14.502
831.271	14.557
831.652	14.610
832.060	14.662
832.497	14.711
832.961	14.759
833.453	14.805
833.970	14.850
834.511	14.892
835.073	14.933
835.652	14.973
836.249	15.012
836.862	15.049
837.493	15.085
838.148	15.120
838.834	15.152
839.563	15.182
840.353	15.207
841.225	15.226
842.201	15.238
843.306	15.240
844.563	15.230
845.984	15.208
847.569	15.173
849.297	15.126
851.125	15.071
852.997	15.012
854.852	14.954
856.640	14.900
858.332	14.853
859.921	14.815
861.427	14.783
862.887	14.756
864.350	14.731
865.878	14.702
867.540	14.666
869.416	14.616
871.586	14.549
874.124	14.458
877.071	14.342
880.406	14.202
884.024	14.044
887.747	13.879
891.386	13.721
894.802	13.579
897.962	13.455
900.940	13.347
903.873	13.247
906.919	13.145
910.201	13.034
913.757	12.911
917.517	12.779
921.305	12.644
924.902	12.519
928.118	12.411
930.840	12.328
933.051	12.270
934.804	12.234
936.180	12.218
937.266	12.217
938.140	12.226
938.863	12.243
939.479	12.266
940.021	12.293
940.513	12.323
940.969	12.354
941.399	12.387
941.810	12.421
942.209	12.456
942.597	12.492
942.976	12.528
943.349	12.565
943.716	12.602
944.077	12.639
944.434	12.677
944.786	12.716
945.133	12.754
945.476	12.794
945.814	12.833
946.147	12.873
946.474	12.914
946.795	12.955
947.111	12.997
947.419	13.039
947.721	13.081
948.015	13.125
948.302	13.168
948.580	13.213
948.852	13.258
949.115	13.304
949.369	13.351
949.617	13.398
949.857	13.446
950.090	13.494
950.318	13.544
950.541	13.593
950.761	13.644
950.980	13.694
951.199	13.745
951.422	13.796
951.654	13.848
951.897	13.898
952.159	13.948
952.446	13.998
952.769	14.045
953.139	14.090
953.571	14.132
954.082	14.170
954.693	14.202
955.426	14.227
956.303	14.244
957.345	14.251
958.565	14.248
959.961	14.234
961.516	14.209
963.189	14.177
964.924	14.140
966.651	14.102
968.305	14.068
969.826	14.041
971.183	14.024
972.360	14.016
973.361	14.019
974.204	14.032
974.911	14.053
975.509	14.081
976.024	14.114
976.478	14.152
976.895	14.192
977.295	14.234
977.702	14.276
978.142	14.317
978.648	14.354
979.264	14.386
980.051	14.410
981.087	14.419
982.469	14.410
984.304	14.376
986.684	14.310
989.633	14.212
993.063	14.085
996.748	13.941
1000.373	13.799
1003.641	13.674
1006.364	13.579
1008.501	13.515
1010.106	13.482
1011.292	13.472
1012.172	13.480
1012.846	13.500
1013.393	13.528
1013.870	13.560
1014.323	13.595
1014.786	13.630
1015.288	13.663
1015.855	13.694
1016.510	13.720
1017.274	13.741
1018.167	13.755
1019.202	13.762
1020.383	13.761
1021.707	13.752
1023.151	13.737
1024.682	13.716
1026.254	13.692
1027.812	13.669
1029.307	13.647
1030.694	13.631
1031.948	13.622
1033.051	13.620
1034.005	13.625
1034.821	13.639
1035.513	13.659
1036.103	13.684
1036.610	13.715
1037.051	13.749
1037.444	13.786
1037.801	13.826
1038.134	13.867
1038.452	13.909
1038.762	13.952
1039.070	13.995
1039.380	14.039
1039.696	14.082
1040.021	14.125
1040.358	14.168
1040.710	14.210
1041.080	14.252
1041.476	14.292
1041.901	14.331
1042.369	14.368
1042.893	14.402
1043.493	14.433
1044.198	14.458
1045.046	14.475
1046.086	14.483
1047.374	14.477
1048.968	14.455
1050.916	14.413
1053.232	14.351
1055.879	14.270
1058.748	14.176
1061.674	14.078
1064.471	13.984
1066.982	13.905
1069.112	13.846
1070.837	13.807
1072.183	13.790
1073.209	13.789
1073.978	13.803
1074.555	13.828
1074.986	13.860
1075.315	13.899
1075.569	13.943
1075.770	13.989
1075.933	14.038
1076.070	14.089
1076.188	14.142
1076.292	14.195
1076.387	14.250
1076.475	14.305
1076.559	14.361
1076.640	14.417
1076.721	14.474
1076.802	14.531
1076.885	14.589
1076.973	14.647
1077.068	14.704
1077.172	14.762
1077.290	14.819
1077.426	14.876
1077.586	14.932
1077.780	14.986
1078.016	15.038
1078.311	15.087
1078.680	15.133
1079.147	15.172
1079.738	15.205
1080.485	15.230
1081.423	15.243
1082.582	15.242
1083.986	15.228
1085.640	15.197
1087.522	15.153
1089.576	15.097
1091.722	15.035
1093.860	14.972
1095.901	14.915
1097.776	14.866
1099.451	14.829
1100.918	14.804
1102.195	14.791
1103.310	14.787
1104.293	14.791
1105.174	14.802
1105.975	14.818
1106.717	14.837
1107.411	14.859
1108.067	14.883
1108.690	14.910
1109.286	14.938
1109.857	14.968
1110.406	14.999
1110.937	15.031
1111.454	15.065
1111.963	15.099
1112.470	15.133
1112.982	15.167
1113.508	15.201
1114.057	15.234
1114.640	15.265
1115.266	15.293
1115.945	15.319
1116.683	15.341
1117.488	15.359
1118.358	15.373
1119.292	15.383
1120.281	15.390
1121.312	15.394
1122.364	15.396
1123.419	15.398
1124.454	15.400
1125.450	15.405
1126.392	15.412
1127.270	15.424
1128.081	15.439
1128.824	15.459
1129.506	15.482
1130.136	15.509
1130.724	15.538
1131.283	15.570
1131.825	15.603
1132.362	15.637
1132.908	15.670
1133.475	15.703
1134.079	15.733
1134.735	15.761
1135.467	15.784
1136.306	15.801
1137.302	15.810
1138.534	15.805
1140.123	15.781
1142.247	15.728
1145.131	15.632
1148.996	15.483
1153.918	15.275
1159.665	15.022
1165.646	14.754
1171.145	14.511
1175.663	14.320
1179.079	14.189
1181.550	14.110
1183.333	14.069
1184.670	14.053
1185.745	14.051
1186.687	14.058
1187.578	14.068
1188.474	14.079
1189.405	14.088
1190.390	14.095
1191.435	14.099
1192.537	14.100
1193.687	14.098
1194.866	14.095
1196.057	14.091
1197.234	14.088
1198.378	14.085
1199.467	14.085
1200.487	14.088
1201.427	14.095
1202.283	14.105
1203.054	14.120
1203.745	14.139
1204.362	14.161
1204.914	14.187
1205.413	14.215
1205.870	14.246
1206.297	14.279
1206.709	14.312
1207.120	14.346
1207.547	14.380
1208.011	14.412
1208.533	14.442
1209.143	14.468
1209.873	14.488
1210.761	14.502
1211.849	14.506
1213.174	14.499
1214.770	14.478
1216.646	14.444
1218.785	14.397
1221.128	14.340
1223.582	14.276
1226.032	14.211
1228.360	14.151
1230.473	14.100
1232.316	14.062
1233.872	14.037
1235.156	14.025
1236.201	14.025
1237.050	14.034
1237.745	14.051
1238.324	14.074
1238.819	14.101
1239.258	14.132
1239.662	14.164
1240.047	14.197
1240.429	14.231
1240.818	14.265
1241.224	14.298
1241.656	14.331
1242.121	14.362
1242.627	14.391
1243.180	14.418
1243.785	14.443
1244.446	14.465
1245.165	14.484
1245.942	14.501
1246.775	14.514
1247.658	14.526
1248.582	14.535
1249.536	14.542
1250.506	14.548
1251.477	14.555
1252.435	14.561
1253.364	14.569
1254.254	14.578
1255.093	14.590
1255.878	14.605
1256.604	14.622
1257.273	14.642
1257.887	14.665
1258.451	14.690
1258.974	14.718
1259.462	14.748
1259.927	14.779
1260.379	14.811
1260.830	14.843
1261.293	14.875
1261.784	14.906
1262.318	14.935
1262.916	14.962
1263.595	14.984
1264.379	15.001
1265.286	15.013
1266.333	15.017
1267.531	15.014
1268.881	15.003
1270.368	14.985
1271.962	14.961
1273.619	14.933
1275.284	14.904
1276.901	14.877
1278.417	14.854
1279.795	14.838
1281.011	14.829
1282.059	14.829
1282.945	14.837
1283.684	14.853
1284.297	14.875
1284.804	14.902
1285.226	14.935
1285.582	14.970
1285.889	15.009
1286.161	15.050
1286.409	15.092
1286.645	15.136
1286.877	15.180
1287.113	15.224
1287.360	15.268
1287.626	15.311
1287.916	15.353
1288.238	15.393
1288.599	15.432
1289.006	15.469
1289.465	15.503
1289.983	15.534
1290.566	15.562
1291.219	15.586
1291.944	15.607
1292.741	15.623
1293.607	15.636
1294.535	15.645
1295.514	15.651
1296.530	15.655
1297.566	15.658
1298.605	15.660
1299.629	15.663
1300.622	15.667
1301.572	15.673
1302.469	15.682
1303.310	15.694
1304.091	15.710
1304.816	15.728
1305.489	15.749
1306.117	15.773
1306.708	15.799
1307.271	15.827
1307.819	15.856
1308.366	15.886
1308.928	15.914
1309.529	15.942
1310.194	15.966
1310.961	15.985
1311.872	15.997
1312.981	15.998
1314.349	15.987
1316.031	15.958
1318.069	15.911
1320.463	15.844
1323.160	15.761
1326.039	15.666
1328.931	15.570
1331.665	15.481
1334.097	15.407
1336.156	15.352
1337.828	15.317
1339.149	15.301
1340.176	15.300
1340.976	15.311
1341.610	15.332
1342.132	15.359
1342.588	15.390
1343.020	15.423
1343.472	15.456
1343.988	15.486
1344.623	15.512
1345.449	15.528
1346.552	15.532
1348.041	15.518
1350.033	15.480
1352.635	15.413
1355.895	15.314
1359.753	15.186
1364.011	15.037
1368.367	14.884
1372.503	14.739
1376.195	14.616
1379.348	14.518
1381.993	14.444
1384.220	14.391
1386.141	14.352
1387.855	14.324
1389.437	14.303
1390.943	14.285
1392.403	14.270
1393.838	14.255
1395.255	14.242
1396.658	14.230
1398.045	14.218
1399.416	14.206
1400.768	14.196
1402.099	14.187
1403.412	14.178
1404.706	14.170
1405.984	14.163
1407.250	14.156
1408.510	14.150
1409.770	14.144
1411.041	14.137
1412.333	14.130
1413.661	14.122
1415.044	14.111
1416.506	14.098
1418.073	14.081
1419.777	14.060
1421.653	14.032
1423.733	13.996
1426.042	13.952
1428.588	13.899
1431.359	13.838
1434.307	13.770
1437.360	13.697
1440.418	13.625
1443.380	13.555
1446.149	13.492
1448.660	13.439
1450.874	13.396
1452.785	13.365
1454.412	13.344
1455.786	13.332
1456.947	13.328
1457.932	13.331
1458.776	13.340
1459.513	13.352
1460.166	13.368
1460.756	13.386
1461.300	13.406
1461.809	13.427
1462.293	13.449
1462.757	13.472
1463.207	13.496
1463.646	13.520
1464.076	13.545
1464.499	13.570
1464.913	13.596
1465.321	13.621
1465.720	13.647
1466.112	13.674
1466.494	13.701
1466.867	13.728
1467.230	13.756
1467.582	13.784
1467.922	13.812
1468.250	13.842
1468.567	13.871
1468.870	13.902
1469.161	13.933
1469.439	13.964
1469.705	13.996
1469.958	14.029
1470.199	14.062
1470.429	14.096
1470.647	14.131
1470.854	14.166
1471.052	14.201
1471.239	14.238
1471.417	14.274
1471.587	14.311
1471.748	14.349
1471.901	14.387
1472.048	14.426
1472.188	14.465
1472.323	14.504
1472.451	14.544
1472.575	14.585
1472.694	14.625
1472.809	14.666
1472.920	14.708
1473.028	14.750
1473.133	14.792
1473.235	14.834
1473.336	14.877
1473.434	14.920
1473.531	14.963
1473.626	15.007
1473.722	15.051
1473.817	15.095
1473.913	15.139
1474.009	15.183
1474.107	15.228
1474.208	15.273
1474.312	15.317
1474.420	15.362
1474.534	15.407
1474.654	15.452
1474.784	15.496
1474.924	15.541
1475.077	15.584
1475.246	15.628
1475.435	15.671
1475.647	15.712
1475.889	15.753
1476.164	15.792
1476.480	15.830
1476.844	15.865
1477.262	15.898
1477.746	15.928
1478.303	15.955
1478.939	15.978
1479.665	15.996
1480.482	16.010
1481.396	16.020
1482.403	16.024
1483.499	16.024
1484.675	16.021
1485.922	16.013
1487.227	16.002
1488.584	15.989
1489.991	15.974
1491.455	15.956
1492.993	15.934
1494.634	15.909
1496.412	15.877
1498.366	15.838
1500.526	15.789
1502.905	15.730
1505.483	15.663
1508.207	15.588
1510.990	15.510
1513.728	15.434
1516.324	15.364
1518.713	15.303
1520.863	15.254
1522.796	15.214
1524.569	15.183
1526.273	15.156
1528.024	15.129
1529.959	15.097
1532.228	15.052
1534.979	14.989
1538.320	14.903
1542.277	14.793
1546.745	14.662
1551.472	14.521
1556.120	14.381
1560.362	14.257
1563.982	14.155
1566.908	14.081
1569.181	14.032
1570.906	14.004
1572.208	13.993
1573.200	13.994
1573.972	14.004
1574.594	14.020
1575.116	14.040
1575.572	14.063
1575.986	14.088
1576.375	14.114
1576.751	14.140
1577.119	14.167
1577.487	14.194
1577.857	14.221
1578.232	14.248
1578.613	14.275
1579.002	14.302
1579.399	14.328
1579.805	14.354
1580.220	14.380
1580.644	14.406
1581.076	14.431
1581.515	14.457
1581.962	14.481
1582.416	14.506
1582.874	14.531
1583.336	14.555
1583.801	14.580
1584.267	14.604
1584.735	14.629
1585.199	14.653
1585.662	14.678
1586.121	14.703
1586.574	14.728
1587.021	14.753
1587.462	14.779
1587.895	14.805
1588.319	14.832
1588.735	14.859
1589.142	14.886
1589.541	14.914
1589.932	14.942
1590.315	14.970
1590.692	14.999
1591.064	15.028
1591.432	15.058
1591.800	15.088
1592.168	15.117
1592.543	15.147
1592.929	15.176
1593.332	15.205
1593.763	15.233
1594.232	15.259
1594.756	15.283
1595.357	15.305
1596.062	15.323
1596.907	15.335
1597.936	15.340
1599.199	15.335
1600.754	15.320
1602.652	15.290
1604.929	15.245
1607.589	15.185
1610.584	15.111
1613.810	15.027
1617.119	14.938
1620.341	14.853
1623.323	14.776
1625.964	14.712
1628.215	14.664
1630.081	14.631
1631.599	14.611
1632.823	14.603
1633.811	14.605
1634.614	14.614
1635.278	14.629
1635.836	14.648
1636.318	14.671
1636.744	14.696
1637.129	14.722
1637.489	14.750
1637.832	14.779
1638.166	14.808
1638.500	14.837
1638.840	14.866
1639.195	14.895
1639.573	14.923
1639.983	14.951
1640.435	14.976
1640.943	15.000
1641.518	15.021
1642.178	15.039
1642.939	15.054
1643.817	15.064
1644.832	15.068
1645.995	15.067
1647.319	15.060
1648.806	15.046
1650.447	15.026
1652.224	15.001
1654.105	14.971
1656.045	14.939
1657.998	14.905
1659.911	14.873
1661.743	14.844
1663.456	14.819
1665.026	14.799
1666.445	14.785
1667.712	14.777
1668.831	14.775
1669.818	14.777
1670.687	14.785
1671.452	14.796
1672.129	14.811
1672.732	14.828
1673.271	14.849
1673.757	14.871
1674.199	14.895
1674.603	14.921
1674.976	14.949
1675.323	14.977
1675.647	15.006
1675.953	15.036
1676.245	15.067
1676.523	15.099
1676.794	15.131
1677.057	15.163
1677.316	15.196
1677.573	15.228
1677.832	15.261
1678.094	15.294
1678.362	15.327
1678.639	15.360
1678.928	15.392
1679.231	15.424
1679.553	15.455
1679.897	15.486
1680.265	15.515
1680.663	15.544
1681.093	15.571
1681.559	15.597
1682.063	15.622
1682.609	15.644
1683.200	15.665
1683.836	15.685
1684.515	15.702
1685.239	15.717
1686.005	15.731
1686.807	15.743
1687.640	15.754
1688.500	15.763
1689.375	15.772
1690.263	15.780
1691.154	15.788
1692.041	15.796
1692.923	15.804
1693.795	15.813
1694.657	15.822
1695.515	15.831
1696.374	15.841
1697.243	15.850
1698.140	15.858
1699.081	15.864
1700.091	15.868
1701.201	15.868
1702.444	15.863
1703.860	15.851
1705.491	15.830
1707.375	15.800
1709.542	15.758
1712.007	15.704
1714.754	15.639
1717.739	15.564
1720.890	15.483
1724.120	15.398
1727.342	15.314
1730.494	15.234
1733.546	15.157
1736.504	15.086
1739.398	15.018
1742.275	14.952
1745.175	14.887
1748.127	14.820
1751.122	14.753
1754.131	14.685
1757.090	14.618
1759.929	14.556
1762.578	14.501
1764.978	14.454
1767.099	14.416
1768.932	14.388
1770.491	14.370
1771.803	14.361
1772.905	14.359
1773.830	14.363
1774.614	14.372
1775.290	14.386
1775.883	14.402
1776.414	14.421
1776.902	14.441
1777.361	14.462
1777.802	14.485
1778.232	14.507
1778.660	14.530
1779.091	14.553
1779.529	14.576
1779.977	14.598
1780.439	14.620
1780.916	14.642
1781.410	14.663
1781.923	14.684
1782.456	14.703
1783.010	14.723
1783.587	14.741
1784.185	14.759
1784.807	14.776
1785.453	14.792
1786.122	14.807
1786.816	14.821
1787.536	14.835
1788.283	14.847
1789.058	14.859
1789.866	14.869
1790.710	14.879
1791.598	14.887
1792.537	14.893
1793.539	14.897
1794.622	14.898
1795.804	14.896
1797.112	14.890
1798.576	14.879
1800.231	14.861
1802.114	14.836
1804.259	14.802
1806.691	14.759
1809.412	14.706
1812.402	14.644
1815.606	14.575
1818.929	14.502
1822.260	14.428
1825.485	14.357
1828.492	14.293
1831.206	14.238
1833.594	14.194
1835.642	14.161
1837.369	14.139
1838.817	14.126
1840.019	14.120
1841.019	14.122
1841.861	14.129
1842.574	14.140
1843.189	14.154
1843.731	14.171
1844.218	14.190
1844.667	14.211
1845.092	14.232
1845.501	14.254
1845.903	14.276
1846.309	14.298
1846.721	14.320
1847.145	14.342
1847.588	14.364
1848.052	14.384
1848.541	14.404
1849.059	14.424
1849.607	14.442
1850.190	14.459
1850.808	14.475
1851.462	14.490
1852.155	14.504
1852.885	14.516
1853.653	14.527
1854.455	14.537
1855.294	14.546
1856.163	14.554
1857.057	14.561
1857.977	14.567
1858.913	14.573
1859.858	14.578
1860.811	14.583
1861.761	14.588
1862.702	14.593
1863.630	14.598
1864.536	14.604
1865.416	14.611
1866.265	14.619
1867.079	14.628
1867.855	14.638
1868.590	14.650
1869.284	14.662
1869.934	14.677
1870.544	14.692
1871.111	14.710
1871.640	14.728
1872.130	14.748
1872.585	14.769
1873.007	14.791
1873.399	14.815
1873.763	14.839
1874.104	14.864
1874.423	14.890
1874.724	14.917
1875.010	14.944
1875.283	14.972
1875.549	15.001
1875.808	15.029
1876.066	15.058
1876.325	15.087
1876.591	15.116
1876.866	15.144
1877.158	15.173
1877.471	15.200
1877.813	15.227
1878.194	15.253
1878.623	15.276
1879.114	15.298
1879.682	15.318
1880.345	15.334
1881.125	15.346
1882.048	15.354
1883.137	15.356
1884.421	15.351
1885.923	15.338
1887.659	15.318
1889.631	15.289
1891.829	15.251
1894.215	15.208
1896.734	15.159
1899.314	15.108
1901.874	15.057
1904.338	15.008
1906.647	14.965
1908.757	14.929
1910.645	14.900
1912.314	14.879
1913.776	14.865
1915.051	14.857
1916.165	14.855
1917.146	14.858
1918.016	14.864
1918.795	14.874
1919.504	14.886
1920.155	14.900
1920.760	14.916
1921.330	14.933
1921.870	14.951
1922.388	14.970
1922.886	14.990
1923.369	15.010
1923.838	15.031
1924.297	15.052
1924.745	15.074
1925.186	15.096
1925.618	15.118
1926.043	15.140
1926.461	15.163
1926.874	15.186
1927.279	15.210
1927.679	15.233
1928.072	15.257
1928.458	15.282
1928.839	15.306
1929.212	15.331
1929.579	15.356
1929.939	15.381
1930.291	15.407
1930.637	15.433
1930.976	15.459
1931.309	15.486
1931.635	15.513
1931.956	15.540
1932.272	15.568
1932.584	15.595
1932.894	15.623
1933.202	15.651
1933.512	15.679
1933.824	15.707
1934.142	15.735
1934.468	15.763
1934.806	15.790
1935.161	15.817
1935.536	15.844
1935.936	15.869
1936.368	15.894
1936.836	15.917
1937.348	15.938
1937.909	15.958
1938.527	15.976
1939.207	15.992
1939.953	16.005
1940.772	16.015
1941.663	16.023
1942.627	16.028
1943.660	16.030
1944.757	16.030
1945.913	16.028
1947.115	16.023
1948.354	16.018
1949.625	16.010
1950.922	16.002
1952.242	15.994
1953.593	15.984
1954.990	15.972
1956.447	15.959
1957.994	15.942
1959.659	15.922
1961.472	15.897
1963.455	15.865
1965.622	15.827
1967.963	15.783
1970.449	15.734
1973.019	15.681
1975.603	15.627
1978.111	15.576
1980.468	15.529
1982.608	15.490
1984.495	15.460
1986.114	15.439
1987.470	15.427
1988.587	15.424
1989.494	15.428
1990.223	15.438
1990.806	15.454
1991.271	15.475
1991.643	15.498
1991.942	15.525
1992.184	15.554
1992.384	15.584
1992.549	15.616
1992.690	15.649
1992.811	15.682
1992.918	15.717
1993.013	15.752
1993.100	15.787
1993.182	15.823
1993.258	15.859
1993.330	15.895
1993.400	15.932
1993.468	15.968
1993.534	16.005
1993.599	16.043
1993.663	16.080
1993.726	16.118
1993.788	16.155
1993.850	16.193
1993.912	16.231
1993.972	16.270
1994.033	16.308
1994.093	16.347
1994.152	16.385
1994.212	16.424
1994.270	16.463
1994.328	16.503
1994.385	16.542
1994.442	16.582
1994.500	16.622
1994.555	16.662
1994.610	16.702
1994.665	16.742
1994.719	16.783
1994.772	16.823
1994.825	16.864
1994.876	16.905
1994.927	16.947
1994.978	16.988
1995.027	17.030
1995.076	17.072
1995.123	17.114
1995.170	17.156
1995.216	17.199
1995.261	17.242
1995.305	17.285
1995.348	17.328
1995.391	17.371
1995.432	17.415
1995.473	17.459
1995.512	17.503
1995.551	17.547
1995.589	17.592
1995.625	17.636
1995.661	17.681
1995.696	17.727
1995.731	17.772
1995.764	17.818
1995.796	17.864
1995.828	17.910
1995.858	17.956
1995.888	18.003
1995.917	18.049
1995.945	18.097
1995.973	18.144
1995.999	18.191
1996.025	18.239
1996.050	18.287
1996.075	18.335
1996.098	18.384
1996.121	18.433
1996.143	18.482
1996.165	18.531
1996.186	18.580
1996.206	18.630
1996.226	18.680
1996.245	18.730
1996.264	18.781
1996.282	18.831
1996.300	18.882
1996.317	18.934
1996.333	18.985
1996.349	19.037
1996.365	19.089
1996.380	19.141
1996.394	19.193
1996.408	19.246
1996.422	19.299
1996.435	19.352
1996.448	19.406
1996.461	19.459
1996.473	19.513
1996.485	19.568
1996.497	19.622
1996.508	19.677
1996.519	19.732
1996.529	19.787
1996.540	19.843
1996.550	19.898
1996.560	19.954
1996.569	20.011
1996.578	20.067
1996.587	20.124
1996.596	20.181
1996.605	20.239
1996.613	20.296
1996.621	20.354
1996.629	20.412
1996.637	20.471
1996.644	20.530
1996.652	20.589
1996.659	20.648
1996.666	20.707
1996.673	20.767
1996.679	20.827
1996.686	20.888
1996.692	20.948
1996.699	21.009
1996.705	21.071
1996.711	21.132
1996.717	21.194
1996.722	21.256
1996.728	21.318
1996.733	21.381
1996.739	21.444
1996.744	21.507
1996.749	21.571
1996.754	21.635
1996.759	21.699
1996.764	21.763
1996.768	21.828
1996.773	21.893
1996.778	21.958
1996.782	22.024
1996.786	22.090
1996.791	22.156
1996.795	22.222
1996.799	22.289
1996.803	22.356
1996.807	22.424
1996.811	22.492
1996.814	22.560
1996.818	22.628
1996.822	22.697
1996.825	22.766
1996.829	22.835
1996.832	22.905
1996.836	22.975
1996.839	23.045
1996.842	23.116
1996.846	23.186
1996.849	23.258
1996.852	23.329
1996.855	23.401
1996.858	23.473
1996.861	23.546
1996.864	23.619
1996.866	23.692
1996.869	23.766
1996.872	23.840
1996.875	23.914
