<j>	<F>
1.026	23.252
2.509	14.961
3.044	23.001
4.112	22.411
5.732	14.283
6.091	22.638
7.331	21.604
9.334	12.933
9.851	15.574
10.156	22.433
11.771	21.084
13.991	12.642
14.570	14.010
14.927	17.073
15.246	22.273
16.954	20.606
18.730	15.091
19.334	16.928
20.599	17.008
21.768	15.685
22.228	17.773
23.036	19.300
24.172	18.690
25.129	19.215
26.259	18.737
27.366	18.825
28.861	17.512
30.234	16.459
30.995	16.818
31.495	18.412
32.253	19.442
33.058	20.076
34.081	20.690
36.144	17.881
37.131	17.391
37.664	18.673
38.354	19.637
38.949	20.717
39.344	22.701
40.146	24.002
42.646	20.384
44.861	17.159
45.838	17.008
46.430	17.809
47.099	18.654
48.022	18.981
49.047	19.018
50.081	19.030
51.096	19.059
52.061	19.169
52.915	19.461
53.620	20.055
54.233	20.920
55.015	21.600
56.302	21.195
57.835	20.226
59.488	19.127
60.728	18.552
61.452	19.020
62.476	19.273
64.148	18.427
65.731	17.602
67.261	17.096
68.981	16.322
70.215	15.953
70.845	16.301
71.242	17.017
71.652	17.815
72.194	18.510
72.900	19.000
73.715	19.327
74.630	19.550
75.962	19.359
78.350	18.052
81.560	16.007
84.447	14.472
86.417	13.699
87.462	13.591
87.977	13.889
88.264	14.393
88.457	15.013
88.607	15.720
88.734	16.507
88.850	17.374
88.971	18.317
89.139	19.306
89.482	20.214
90.431	20.557
92.674	19.426
95.135	17.793
96.382	17.407
97.016	17.720
97.477	18.250
97.891	18.866
98.310	19.513
98.763	20.157
99.280	20.762
99.907	21.263
100.664	21.605
101.471	21.861
102.276	22.138
103.350	22.178
105.153	21.383
107.163	20.213
108.431	19.821
109.164	20.058
109.740	20.515
110.393	20.948
111.385	21.071
112.799	20.705
114.100	20.336
114.824	20.532
115.175	21.186
115.483	21.979
116.138	22.516
117.907	21.960
120.700	20.187
122.356	19.366
122.904	19.681
123.152	20.366
123.410	21.114
123.954	21.690
125.667	21.371
129.849	19.010
133.372	16.932
134.480	16.685
134.785	17.092
134.930	17.662
135.056	18.286
135.211	18.931
135.444	19.562
135.927	20.075
137.426	20.015
142.082	18.080
147.878	15.279
150.090	14.452
150.688	14.574
150.989	14.891
151.262	15.244
151.558	15.602
151.890	15.957
152.261	16.304
152.665	16.644
153.085	16.983
153.503	17.330
153.901	17.696
154.271	18.091
154.618	18.514
154.955	18.960
155.305	19.416
155.700	19.863
156.195	20.261
156.883	20.542
157.887	20.608
159.234	20.411
160.661	20.112
161.779	19.993
162.472	20.171
162.864	20.585
163.101	21.143
163.281	21.779
163.478	22.441
163.819	23.036
164.714	23.270
167.327	22.290
171.714	19.958
174.497	18.647
175.582	18.516
176.250	18.722
177.220	18.843
179.242	18.487
182.625	17.438
185.787	16.394
187.453	16.013
188.139	16.102
188.449	16.384
188.625	16.745
188.748	17.148
188.850	17.579
188.946	18.032
189.054	18.500
189.192	18.974
189.389	19.439
189.689	19.867
190.148	20.220
190.813	20.459
191.664	20.578
192.568	20.646
193.369	20.763
194.037	20.969
194.712	21.198
195.647	21.295
197.051	21.111
198.744	20.710
200.165	20.426
201.068	20.447
201.693	20.669
202.526	20.844
204.463	20.513
208.295	19.217
212.056	17.834
213.807	17.382
214.427	17.502
214.754	17.791
215.077	18.105
215.499	18.389
216.101	18.608
216.960	18.719
218.124	18.693
219.525	18.549
220.953	18.374
222.184	18.270
223.124	18.288
223.806	18.420
224.304	18.640
224.685	18.922
225.003	19.243
225.300	19.585
225.621	19.930
226.019	20.251
226.571	20.509
227.387	20.648
228.606	20.594
230.301	20.305
232.348	19.842
234.484	19.344
236.607	18.883
238.820	18.422
241.150	17.935
243.371	17.490
245.202	17.183
246.560	17.046
247.542	17.047
248.279	17.140
248.868	17.289
249.372	17.474
249.836	17.679
250.302	17.890
250.818	18.091
251.447	18.258
252.261	18.363
253.315	18.381
254.583	18.312
255.919	18.203
257.122	18.129
258.063	18.144
258.741	18.258
259.225	18.451
259.590	18.696
259.893	18.974
260.171	19.271
260.449	19.576
260.748	19.881
261.091	20.177
261.508	20.449
262.050	20.675
262.799	20.820
263.874	20.829
265.366	20.656
267.193	20.328
269.010	19.982
270.466	19.775
271.480	19.750
272.183	19.863
272.743	20.048
273.318	20.241
274.102	20.369
275.425	20.311
277.819	19.876
281.647	18.949
286.174	17.805
290.007	16.915
292.610	16.421
294.195	16.232
295.106	16.238
295.623	16.361
295.932	16.550
296.140	16.775
296.304	17.019
296.458	17.274
296.619	17.534
296.801	17.795
297.015	18.053
297.275	18.304
297.595	18.541
297.993	18.757
298.487	18.947
299.096	19.100
299.830	19.213
300.694	19.281
301.676	19.307
302.749	19.300
303.869	19.272
304.978	19.245
306.022	19.236
306.983	19.257
307.895	19.298
308.858	19.331
310.012	19.310
311.484	19.191
313.256	18.968
315.090	18.711
316.664	18.523
317.821	18.462
318.608	18.518
319.152	18.658
319.558	18.847
319.896	19.064
320.209	19.295
320.526	19.531
320.885	19.760
321.356	19.961
322.085	20.090
323.326	20.063
325.358	19.784
328.062	19.271
330.647	18.763
332.408	18.495
333.361	18.480
333.841	18.623
334.105	18.844
334.287	19.098
334.448	19.368
334.620	19.641
334.821	19.912
335.072	20.173
335.403	20.415
335.865	20.619
336.563	20.754
337.700	20.754
339.691	20.502
343.305	19.804
349.324	18.512
356.550	16.972
361.887	15.918
364.570	15.495
365.719	15.431
366.227	15.519
366.501	15.665
366.697	15.834
366.870	16.013
367.041	16.195
367.219	16.380
367.406	16.566
367.604	16.753
367.815	16.941
368.043	17.129
368.291	17.316
368.567	17.500
368.892	17.676
369.309	17.837
369.932	17.960
371.050	17.987
373.300	17.789
377.534	17.189
383.411	16.234
388.504	15.402
391.360	15.001
392.600	14.923
393.100	14.999
393.314	15.136
393.425	15.298
393.497	15.472
393.556	15.652
393.611	15.836
393.665	16.025
393.720	16.217
393.779	16.413
393.843	16.611
393.917	16.812
394.003	17.015
394.108	17.218
394.240	17.419
394.411	17.616
394.640	17.805
394.952	17.979
395.381	18.131
395.969	18.249
396.757	18.321
397.764	18.342
398.963	18.314
400.261	18.257
401.524	18.202
402.633	18.177
403.529	18.200
404.213	18.274
404.723	18.391
405.104	18.542
405.393	18.719
405.621	18.915
405.807	19.125
405.966	19.347
406.106	19.577
406.235	19.816
406.358	20.061
406.481	20.311
406.616	20.563
406.786	20.811
407.045	21.043
407.527	21.222
408.543	21.266
410.658	21.021
414.289	20.360
418.532	19.504
421.682	18.912
423.369	18.702
424.192	18.725
424.644	18.851
424.957	19.019
425.229	19.201
425.513	19.386
425.855	19.562
426.318	19.713
426.995	19.817
428.013	19.841
429.488	19.754
431.421	19.551
433.574	19.282
435.557	19.043
437.097	18.904
438.168	18.877
438.888	18.936
439.393	19.051
439.785	19.197
440.142	19.357
440.544	19.512
441.128	19.635
442.174	19.666
444.184	19.497
447.675	19.009
452.302	18.265
456.611	17.579
459.840	17.137
462.591	16.841
465.718	16.521
469.473	16.109
473.272	15.678
476.289	15.356
478.232	15.196
479.334	15.168
479.940	15.220
480.298	15.315
480.547	15.431
480.758	15.555
480.965	15.682
481.188	15.809
481.437	15.935
481.720	16.057
482.045	16.174
482.417	16.285
482.841	16.389
483.317	16.486
483.843	16.575
484.410	16.658
485.005	16.736
485.608	16.812
486.198	16.889
486.756	16.972
487.266	17.063
487.719	17.164
488.111	17.276
488.443	17.400
488.722	17.536
488.955	17.681
489.150	17.836
489.315	17.999
489.456	18.169
489.581	18.345
489.692	18.526
489.795	18.712
489.891	18.903
489.984	19.097
490.074	19.296
490.164	19.497
490.255	19.702
490.347	19.910
490.443	20.120
490.545	20.333
490.657	20.547
490.784	20.761
490.933	20.974
491.118	21.181
491.356	21.379
491.674	21.561
492.106	21.717
492.691	21.836
493.461	21.908
494.419	21.930
495.516	21.912
496.651	21.880
497.710	21.862
498.618	21.882
499.359	21.945
499.965	22.046
500.491	22.171
500.991	22.306
501.519	22.436
502.118	22.550
502.823	22.637
503.652	22.691
504.603	22.712
505.669	22.701
506.904	22.651
508.579	22.506
511.408	22.110
516.251	21.264
522.274	20.142
526.840	19.328
529.180	19.003
530.227	18.970
530.751	19.056
531.094	19.185
531.379	19.330
531.654	19.480
531.944	19.629
532.271	19.774
532.679	19.906
533.241	20.011
534.098	20.063
535.470	20.019
537.624	19.827
540.637	19.466
544.083	19.013
547.165	18.617
549.380	18.377
550.765	18.292
551.584	18.315
552.073	18.401
552.378	18.524
552.579	18.669
552.719	18.827
552.822	18.996
552.903	19.171
552.970	19.352
553.030	19.537
553.090	19.725
553.158	19.914
553.246	20.103
553.375	20.288
553.593	20.460
553.990	20.601
554.757	20.675
556.231	20.619
558.848	20.344
562.695	19.827
566.932	19.221
570.367	18.756
572.666	18.508
574.260	18.402
575.704	18.340
577.434	18.246
579.716	18.071
582.537	17.811
585.523	17.517
588.138	17.269
590.055	17.122
591.285	17.077
592.009	17.110
592.420	17.194
592.653	17.307
592.790	17.437
592.878	17.578
592.941	17.724
592.993	17.875
593.039	18.029
593.083	18.185
593.128	18.344
593.175	18.505
593.224	18.667
593.277	18.831
593.334	18.997
593.397	19.164
593.466	19.332
593.542	19.502
593.629	19.672
593.729	19.842
593.848	20.011
593.994	20.178
594.182	20.339
594.434	20.491
594.788	20.626
595.300	20.734
596.049	20.799
597.126	20.802
598.589	20.729
600.400	20.586
602.375	20.406
604.254	20.238
605.847	20.122
607.116	20.067
608.132	20.062
609.003	20.088
609.813	20.126
610.612	20.168
611.415	20.210
612.210	20.252
612.971	20.299
613.670	20.357
614.292	20.429
614.830	20.517
615.293	20.620
615.699	20.736
616.072	20.859
616.442	20.986
616.843	21.109
617.316	21.220
617.914	21.309
618.692	21.364
619.699	21.375
620.946	21.338
622.381	21.260
623.876	21.166
625.279	21.086
626.478	21.043
627.439	21.046
628.196	21.091
628.813	21.165
629.361	21.255
629.903	21.349
630.492	21.435
631.173	21.505
631.979	21.552
632.921	21.571
633.979	21.566
635.105	21.545
636.229	21.523
637.291	21.511
638.276	21.515
639.240	21.527
640.361	21.517
641.989	21.425
644.656	21.157
648.706	20.647
653.529	19.993
657.740	19.437
660.685	19.101
662.782	18.926
664.706	18.798
666.919	18.639
669.538	18.424
672.324	18.180
674.852	17.964
676.809	17.824
678.143	17.769
678.981	17.784
679.489	17.848
679.800	17.942
680.003	18.054
680.153	18.175
680.280	18.301
680.403	18.429
680.536	18.558
680.689	18.686
680.869	18.812
681.086	18.933
681.352	19.049
681.678	19.158
682.078	19.256
682.564	19.343
683.150	19.415
683.843	19.471
684.645	19.510
685.545	19.533
686.524	19.544
687.551	19.546
688.599	19.544
689.643	19.542
690.683	19.541
691.744	19.538
692.887	19.526
694.214	19.489
695.861	19.409
697.949	19.268
700.494	19.060
703.312	18.811
706.045	18.569
708.363	18.381
710.126	18.270
711.389	18.228
712.289	18.239
712.962	18.283
713.512	18.347
714.007	18.419
714.494	18.494
715.001	18.567
715.546	18.636
716.139	18.698
716.782	18.755
717.469	18.804
718.187	18.850
718.917	18.893
719.637	18.936
720.327	18.984
720.970	19.038
721.559	19.099
722.093	19.169
722.577	19.246
723.022	19.329
723.441	19.418
723.848	19.509
724.258	19.600
724.685	19.691
725.140	19.777
725.636	19.859
726.182	19.933
726.788	19.999
727.465	20.055
728.226	20.099
729.092	20.127
730.099	20.136
731.312	20.115
732.855	20.050
734.966	19.911
738.021	19.650
742.404	19.220
747.987	18.639
753.704	18.039
758.274	17.583
761.279	17.323
763.061	17.217
764.107	17.205
764.761	17.242
765.220	17.305
765.586	17.380
765.912	17.462
766.226	17.546
766.549	17.630
766.908	17.711
767.346	17.786
767.952	17.844
768.913	17.869
770.592	17.823
773.595	17.646
778.576	17.271
785.411	16.705
792.504	16.104
797.981	15.656
801.362	15.413
803.225	15.320
804.246	15.311
804.855	15.345
805.270	15.398
805.596	15.461
805.880	15.528
806.145	15.599
806.399	15.670
806.648	15.743
806.895	15.816
807.139	15.891
807.381	15.966
807.621	16.041
807.858	16.118
808.091	16.195
808.318	16.274
808.540	16.353
808.755	16.434
808.963	16.517
809.163	16.600
809.355	16.685
809.539	16.772
809.714	16.860
809.883	16.950
810.044	17.041
810.200	17.133
810.351	17.227
810.498	17.322
810.644	17.418
810.788	17.515
810.934	17.613
811.083	17.712
811.236	17.811
811.398	17.910
811.572	18.008
811.762	18.106
811.977	18.202
812.235	18.295
812.568	18.380
813.039	18.453
813.774	18.499
815.006	18.494
817.112	18.400
820.540	18.167
825.418	17.778
831.022	17.305
836.005	16.887
839.509	16.618
841.583	16.496
842.697	16.474
843.272	16.511
843.574	16.577
843.746	16.659
843.860	16.747
843.952	16.840
844.041	16.933
844.138	17.027
844.251	17.121
844.386	17.213
844.551	17.303
844.752	17.391
845.000	17.475
845.303	17.553
845.672	17.626
846.118	17.691
846.650	17.748
847.274	17.796
847.988	17.834
848.786	17.862
849.649	17.884
850.552	17.900
851.463	17.915
852.351	17.931
853.192	17.952
853.968	17.979
854.673	18.014
855.313	18.057
855.908	18.105
856.495	18.155
857.148	18.201
858.033	18.228
859.519	18.204
862.419	18.057
868.143	17.664
877.771	16.929
889.400	16.015
898.769	15.291
904.256	14.901
907.042	14.744
908.485	14.702
909.332	14.711
909.915	14.743
910.369	14.785
910.755	14.833
911.101	14.884
911.423	14.938
911.729	14.993
912.026	15.050
912.319	15.107
912.611	15.164
912.905	15.222
913.203	15.279
913.507	15.337
913.818	15.395
914.135	15.452
914.459	15.509
914.788	15.566
915.122	15.623
915.459	15.680
915.798	15.738
916.135	15.795
916.469	15.853
916.798	15.912
917.118	15.972
917.428	16.033
917.727	16.095
918.012	16.158
918.283	16.223
918.538	16.290
918.778	16.359
919.002	16.429
919.211	16.501
919.405	16.575
919.586	16.650
919.753	16.727
919.908	16.806
920.053	16.887
920.187	16.969
920.313	17.052
920.431	17.137
920.542	17.223
920.648	17.311
920.748	17.399
920.846	17.489
920.941	17.580
921.034	17.671
921.129	17.764
921.226	17.857
921.331	17.950
921.446	18.043
921.581	18.135
921.747	18.225
921.963	18.311
922.260	18.390
922.683	18.458
923.306	18.507
924.236	18.528
925.612	18.506
927.585	18.425
930.242	18.278
933.495	18.069
937.019	17.831
940.367	17.606
943.185	17.430
945.353	17.316
946.936	17.258
948.075	17.243
948.905	17.257
949.530	17.293
950.018	17.341
950.414	17.399
950.746	17.463
951.035	17.533
951.299	17.605
951.551	17.679
951.811	17.753
952.098	17.826
952.441	17.895
952.882	17.955
953.473	18.003
954.285	18.032
955.401	18.033
956.901	18.000
958.818	17.926
961.108	17.817
963.603	17.686
966.066	17.555
968.262	17.445
970.051	17.371
971.408	17.336
972.391	17.335
973.084	17.362
973.572	17.409
973.924	17.469
974.187	17.538
974.395	17.613
974.570	17.692
974.726	17.773
974.871	17.856
975.011	17.941
975.150	18.026
975.290	18.112
975.432	18.198
975.578	18.285
975.728	18.371
975.882	18.459
976.042	18.546
976.207	18.633
976.377	18.720
976.554	18.808
976.738	18.895
976.928	18.982
977.125	19.070
977.330	19.157
977.544	19.243
977.766	19.330
977.999	19.415
978.245	19.501
978.510	19.584
978.808	19.666
979.176	19.741
979.709	19.802
980.647	19.826
982.557	19.762
986.585	19.504
994.105	18.920
1004.552	18.057
1014.097	17.263
1019.955	16.802
1022.720	16.625
1023.870	16.598
1024.331	16.637
1024.522	16.701
1024.608	16.776
1024.653	16.856
1024.682	16.937
1024.705	17.020
1024.724	17.105
1024.742	17.189
1024.758	17.275
1024.774	17.362
1024.788	17.449
1024.803	17.537
1024.816	17.626
1024.830	17.716
1024.843	17.806
1024.855	17.897
1024.868	17.989
1024.880	18.082
1024.892	18.176
1024.904	18.270
1024.916	18.365
1024.928	18.461
1024.940	18.558
1024.952	18.656
1024.963	18.754
1024.975	18.853
1024.987	18.954
1024.999	19.055
1025.012	19.157
1025.025	19.259
1025.038	19.363
1025.052	19.467
1025.067	19.572
1025.084	19.678
1025.105	19.785
1025.132	19.891
1025.170	19.998
1025.227	20.104
1025.321	20.207
1025.481	20.304
1025.766	20.390
1026.283	20.453
1027.225	20.475
1028.898	20.423
1031.695	20.256
1035.859	19.948
1041.055	19.530
1046.263	19.106
1050.502	18.776
1053.480	18.573
1055.461	18.472
1056.819	18.434
1057.830	18.432
1058.651	18.450
1059.362	18.478
1059.999	18.514
1060.582	18.555
1061.119	18.600
1061.617	18.649
1062.081	18.702
1062.519	18.757
1062.937	18.815
1063.341	18.874
1063.738	18.934
1064.135	18.995
1064.537	19.056
1064.952	19.115
1065.385	19.174
1065.842	19.230
1066.331	19.284
1066.857	19.334
1067.427	19.381
1068.048	19.422
1068.727	19.458
1069.467	19.489
1070.272	19.513
1071.142	19.530
1072.075	19.541
1073.065	19.547
1074.107	19.547
1075.198	19.542
1076.345	19.532
1077.572	19.516
1078.931	19.487
1080.510	19.440
1082.426	19.363
1084.802	19.245
1087.695	19.081
1091.012	18.878
1094.467	18.660
1097.672	18.461
1100.330	18.310
1102.331	18.217
1103.738	18.176
1104.685	18.177
1105.314	18.208
1105.738	18.257
1106.037	18.319
1106.268	18.388
1106.469	18.460
1106.667	18.534
1106.889	18.607
1107.162	18.676
1107.525	18.738
1108.036	18.789
1108.789	18.821
1109.935	18.821
1111.694	18.772
1114.343	18.651
1118.096	18.439
1122.870	18.143
1128.111	17.807
1132.978	17.497
1136.859	17.264
1139.620	17.121
1141.461	17.050
1142.663	17.031
1143.459	17.044
1144.008	17.078
1144.407	17.124
1144.716	17.178
1144.969	17.236
1145.190	17.297
1145.393	17.361
1145.592	17.425
1145.800	17.489
1146.035	17.552
1146.319	17.612
1146.688	17.667
1147.194	17.712
1147.916	17.743
1148.962	17.750
1150.465	17.725
1152.560	17.657
1155.320	17.540
1158.664	17.379
1162.309	17.192
1165.840	17.011
1168.889	16.862
1171.272	16.759
1173.001	16.704
1174.197	16.687
1175.006	16.699
1175.556	16.730
1175.940	16.774
1176.221	16.826
1176.441	16.884
1176.623	16.944
1176.784	17.007
1176.934	17.070
1177.077	17.135
1177.218	17.200
1177.358	17.266
1177.498	17.332
1177.640	17.399
1177.782	17.466
1177.926	17.533
1178.071	17.600
1178.216	17.668
1178.362	17.736
1178.509	17.805
1178.655	17.874
1178.802	17.943
1178.949	18.013
1179.095	18.083
1179.242	18.154
1179.389	18.225
1179.539	18.297
1179.693	18.368
1179.855	18.440
1180.029	18.511
1180.225	18.580
1180.455	18.648
1180.738	18.712
1181.102	18.770
1181.589	18.819
1182.256	18.855
1183.176	18.870
1184.437	18.859
1186.111	18.814
1188.230	18.732
1190.728	18.619
1193.428	18.486
1196.079	18.355
1198.439	18.245
1200.369	18.169
1201.839	18.128
1202.905	18.121
1203.655	18.139
1204.177	18.176
1204.544	18.227
1204.808	18.286
1205.008	18.352
1205.168	18.421
1205.305	18.493
1205.431	18.566
1205.554	18.640
1205.682	18.714
1205.824	18.788
1205.991	18.860
1206.201	18.930
1206.480	18.995
1206.873	19.051
1207.446	19.095
1208.301	19.116
1209.572	19.106
1211.417	19.050
1213.955	18.938
1217.163	18.772
1220.790	18.569
1224.395	18.365
1227.528	18.194
1229.957	18.078
1231.674	18.017
1232.813	18.002
1233.539	18.020
1233.994	18.061
1234.278	18.116
1234.460	18.179
1234.579	18.249
1234.663	18.322
1234.725	18.397
1234.776	18.474
1234.819	18.551
1234.858	18.630
1234.896	18.710
1234.933	18.790
1234.969	18.870
1235.005	18.952
1235.042	19.033
1235.079	19.116
1235.117	19.198
1235.156	19.282
1235.195	19.365
1235.235	19.450
1235.277	19.535
1235.319	19.620
1235.362	19.706
1235.407	19.792
1235.453	19.879
1235.500	19.966
1235.549	20.054
1235.599	20.142
1235.652	20.231
1235.707	20.320
1235.765	20.409
1235.829	20.498
1235.903	20.588
1235.999	20.676
1236.149	20.760
1236.429	20.835
1237.034	20.884
1238.429	20.870
1241.609	20.711
1248.112	20.279
1258.500	19.522
1269.792	18.679
1277.869	18.090
1282.080	17.815
1283.937	17.734
1284.730	17.741
1285.108	17.784
1285.353	17.840
1285.580	17.898
1285.846	17.954
1286.183	18.006
1286.624	18.051
1287.197	18.088
1287.936	18.113
1288.870	18.125
1290.021	18.121
1291.391	18.101
1292.954	18.068
1294.651	18.023
1296.398	17.974
1298.094	17.927
1299.652	17.889
1301.011	17.864
1302.144	17.855
1303.055	17.861
1303.764	17.882
1304.306	17.915
1304.714	17.958
1305.019	18.008
1305.246	18.065
1305.415	18.126
1305.543	18.191
1305.641	18.259
1305.717	18.328
1305.777	18.400
1305.826	18.472
1305.868	18.546
1305.903	18.621
1305.934	18.696
1305.963	18.772
1305.990	18.849
1306.015	18.927
1306.041	19.005
1306.068	19.083
1306.096	19.162
1306.129	19.241
1306.169	19.320
1306.222	19.399
1306.297	19.476
1306.409	19.552
1306.586	19.623
1306.874	19.686
1307.350	19.736
1308.139	19.763
1309.430	19.752
1311.462	19.685
1314.458	19.543
1318.446	19.323
1323.072	19.050
1327.647	18.778
1331.527	18.556
1334.443	18.406
1336.502	18.323
1337.972	18.286
1339.126	18.276
1340.179	18.275
1341.284	18.273
1342.542	18.261
1344.011	18.235
1345.699	18.194
1347.569	18.140
1349.529	18.078
1351.475	18.016
1353.290	17.962
1354.891	17.921
1356.237	17.897
1357.322	17.891
1358.171	17.901
1358.822	17.925
1359.319	17.960
1359.698	18.004
1359.994	18.053
1360.231	18.108
1360.430	18.165
1360.608	18.224
1360.779	18.285
1360.955	18.345
1361.147	18.405
1361.368	18.463
1361.632	18.519
1361.954	18.571
1362.354	18.618
1362.853	18.659
1363.476	18.691
1364.248	18.713
1365.190	18.723
1366.319	18.720
1367.636	18.703
1369.128	18.673
1370.762	18.633
1372.489	18.586
1374.259	18.535
1376.028	18.484
1377.771	18.436
1379.485	18.389
1381.185	18.344
1382.894	18.299
1384.635	18.253
1386.417	18.204
1388.227	18.153
1390.030	18.103
1391.781	18.055
1393.431	18.014
1394.934	17.981
1396.267	17.960
1397.422	17.951
1398.410	17.953
1399.253	17.964
1399.978	17.984
1400.615	18.010
1401.195	18.040
1401.743	18.072
1402.285	18.106
1402.844	18.138
1403.441	18.169
1404.095	18.196
1404.824	18.218
1405.641	18.235
1406.554	18.245
1407.569	18.249
1408.674	18.247
1409.858	18.238
1411.093	18.227
1412.347	18.213
1413.589	18.200
1414.786	18.189
1415.914	18.183
1416.960	18.181
1417.922	18.186
1418.807	18.195
1419.630	18.209
1420.412	18.226
1421.176	18.245
1421.946	18.263
1422.746	18.280
1423.594	18.294
1424.508	18.304
1425.494	18.309
1426.554	18.309
1427.678	18.305
1428.848	18.298
1430.035	18.288
1431.214	18.279
1432.352	18.272
1433.422	18.270
1434.407	18.272
1435.294	18.281
1436.082	18.297
1436.773	18.319
1437.375	18.347
1437.897	18.380
1438.351	18.418
1438.747	18.461
1439.094	18.506
1439.402	18.555
1439.677	18.606
1439.926	18.660
1440.153	18.715
1440.361	18.771
1440.556	18.829
1440.738	18.888
1440.911	18.948
1441.077	19.009
1441.236	19.071
1441.391	19.133
1441.542	19.196
1441.693	19.259
1441.842	19.323
1441.992	19.387
1442.145	19.451
1442.301	19.515
1442.462	19.580
1442.629	19.644
1442.804	19.708
1442.989	19.771
1443.187	19.834
1443.398	19.896
1443.627	19.957
1443.876	20.017
1444.149	20.076
1444.449	20.132
1444.783	20.187
1445.153	20.238
1445.567	20.287
1446.032	20.332
1446.554	20.372
1447.140	20.408
1447.799	20.438
1448.536	20.462
1449.361	20.480
1450.275	20.490
1451.284	20.492
1452.387	20.488
1453.578	20.476
1454.847	20.458
1456.180	20.434
1457.557	20.407
1458.952	20.378
1460.342	20.350
1461.701	20.323
1463.009	20.300
1464.250	20.283
1465.418	20.271
1466.511	20.264
1467.535	20.264
1468.498	20.268
1469.414	20.276
1470.294	20.287
1471.151	20.299
1471.994	20.313
1472.828	20.328
1473.657	20.343
1474.477	20.359
1475.285	20.375
1476.071	20.394
1476.826	20.414
1477.544	20.437
1478.217	20.464
1478.842	20.494
1479.424	20.528
1479.978	20.565
1480.542	20.601
1481.196	20.633
1482.116	20.647
1483.666	20.620
1486.549	20.503
1491.841	20.223
1500.389	19.720
1511.216	19.059
1521.265	18.446
1528.294	18.036
1532.425	17.822
1534.750	17.731
1536.157	17.702
1537.129	17.703
1537.894	17.718
1538.545	17.740
1539.121	17.766
1539.637	17.797
1540.098	17.830
1540.508	17.867
1540.870	17.907
1541.187	17.949
1541.464	17.995
1541.704	18.042
1541.911	18.092
1542.091	18.144
1542.247	18.197
1542.385	18.252
1542.507	18.308
1542.619	18.365
1542.725	18.423
1542.830	18.481
1542.941	18.540
1543.065	18.598
1543.212	18.655
1543.395	18.710
1543.635	18.762
1543.955	18.809
1544.393	18.850
1544.995	18.881
1545.826	18.898
1546.964	18.897
1548.503	18.871
1550.536	18.815
1553.135	18.724
1556.311	18.598
1559.994	18.442
1564.021	18.265
1568.170	18.082
1572.220	17.905
1575.998	17.746
1579.388	17.610
1582.337	17.499
1584.841	17.415
1586.910	17.355
1588.584	17.317
1589.917	17.298
1590.961	17.296
1591.773	17.306
1592.399	17.327
1592.885	17.356
1593.262	17.391
1593.559	17.431
1593.796	17.475
1593.988	17.522
1594.148	17.570
1594.282	17.620
1594.398	17.672
1594.500	17.725
1594.592	17.778
1594.675	17.833
1594.752	17.888
1594.823	17.943
1594.890	17.999
1594.954	18.056
1595.014	18.113
1595.072	18.170
1595.127	18.228
1595.180	18.287
1595.232	18.346
1595.283	18.405
1595.333	18.464
1595.383	18.524
1595.433	18.584
1595.484	18.645
1595.538	18.705
1595.598	18.766
1595.671	18.826
1595.769	18.885
1595.919	18.942
1596.174	18.993
1596.647	19.033
1597.567	19.049
1599.372	19.018
1602.819	18.896
1608.889	18.630
1618.050	18.192
1629.008	17.649
1638.953	17.156
1645.939	16.822
1650.008	16.647
1652.130	16.579
1653.178	16.571
1653.690	16.593
1653.947	16.629
1654.084	16.673
1654.166	16.720
1654.223	16.768
1654.269	16.817
1654.310	16.867
1654.349	16.918
1654.388	16.968
1654.426	17.019
1654.466	17.070
1654.506	17.121
1654.547	17.173
1654.590	17.224
1654.634	17.276
1654.680	17.328
1654.728	17.380
1654.778	17.432
1654.830	17.485
1654.886	17.537
1654.946	17.590
1655.011	17.642
1655.087	17.695
1655.178	17.747
1655.298	17.797
1655.471	17.846
1655.745	17.890
1656.214	17.925
1657.060	17.943
1658.613	17.928
1661.433	17.853
1666.302	17.681
1673.887	17.378
1683.886	16.957
1694.467	16.503
1703.341	16.126
1709.428	15.880
1713.050	15.750
1715.034	15.699
1716.079	15.693
1716.627	15.711
1716.925	15.741
1717.099	15.777
1717.215	15.817
1717.303	15.858
1717.381	15.900
1717.456	15.942
1717.533	15.985
1717.614	16.027
1717.701	16.070
1717.795	16.112
1717.898	16.154
1718.012	16.196
1718.138	16.238
1718.279	16.279
1718.436	16.319
1718.613	16.359
1718.813	16.398
1719.039	16.436
1719.296	16.473
1719.590	16.509
1719.925	16.542
1720.310	16.574
1720.749	16.603
1721.253	16.630
1721.826	16.653
1722.478	16.673
1723.215	16.690
1724.043	16.702
1724.963	16.710
1725.977	16.713
1727.080	16.712
1728.264	16.708
1729.515	16.700
1730.815	16.690
1732.149	16.678
1733.495	16.665
1734.834	16.652
1736.149	16.641
1737.425	16.631
1738.654	16.623
1739.829	16.617
1740.948	16.614
1742.010	16.614
1743.017	16.616
1743.969	16.621
1744.871	16.627
1745.723	16.637
1746.527	16.648
1747.284	16.661
1747.996	16.677
1748.662	16.694
1749.283	16.714
1749.861	16.736
1750.396	16.760
1750.888	16.785
1751.340	16.813
1751.753	16.842
1752.131	16.874
1752.473	16.907
1752.784	16.941
1753.066	16.977
1753.321	17.015
1753.552	17.054
1753.762	17.094
1753.953	17.135
1754.127	17.177
1754.287	17.219
1754.436	17.263
1754.576	17.307
1754.710	17.352
1754.844	17.397
1754.981	17.442
1755.129	17.487
1755.299	17.531
1755.506	17.574
1755.774	17.614
1756.139	17.650
1756.654	17.680
1757.401	17.698
1758.491	17.702
1760.081	17.682
1762.356	17.630
1765.484	17.538
1769.543	17.403
1774.409	17.228
1779.700	17.033
1784.877	16.841
1789.464	16.675
1793.211	16.548
1796.114	16.460
1798.333	16.404
1800.072	16.371
1801.523	16.353
1802.844	16.342
1804.156	16.332
1805.549	16.320
1807.086	16.302
1808.805	16.277
1810.714	16.244
1812.797	16.204
1815.006	16.158
1817.266	16.110
1819.495	16.062
1821.610	16.019
1823.543	15.982
1825.249	15.954
1826.711	15.936
1827.933	15.928
1828.934	15.929
1829.743	15.937
1830.390	15.953
1830.904	15.974
1831.312	16.000
1831.639	16.029
1831.902	16.061
1832.116	16.095
1832.292	16.131
1832.441	16.168
1832.568	16.207
1832.678	16.246
1832.777	16.286
1832.866	16.327
1832.948	16.368
1833.024	16.409
1833.096	16.451
1833.165	16.493
1833.231	16.536
1833.295	16.579
1833.356	16.622
1833.416	16.665
1833.476	16.709
1833.534	16.752
1833.590	16.796
1833.647	16.841
1833.703	16.885
1833.757	16.930
1833.812	16.975
1833.866	17.020
1833.920	17.065
1833.974	17.111
1834.027	17.157
1834.081	17.203
1834.135	17.249
1834.188	17.295
1834.242	17.342
1834.297	17.388
1834.352	17.435
1834.407	17.482
1834.464	17.530
1834.522	17.577
1834.581	17.625
1834.643	17.672
1834.707	17.720
1834.774	17.768
1834.845	17.816
1834.923	17.864
1835.010	17.911
1835.108	17.959
1835.223	18.005
1835.365	18.051
1835.547	18.095
1835.793	18.136
1836.147	18.173
1836.683	18.202
1837.528	18.217
1838.909	18.208
1841.186	18.159
1844.880	18.047
1850.559	17.846
1858.456	17.544
1867.924	17.171
1877.404	16.795
1885.342	16.486
1891.106	16.274
1894.950	16.147
1897.461	16.080
1899.182	16.049
1900.490	16.037
1901.629	16.034
1902.749	16.033
1903.944	16.029
1905.272	16.021
1906.762	16.007
1908.428	15.986
1910.258	15.959
1912.211	15.927
1914.239	15.891
1916.278	15.855
1918.254	15.821
1920.111	15.790
1921.800	15.766
1923.291	15.748
1924.578	15.738
1925.664	15.736
1926.567	15.741
1927.308	15.752
1927.911	15.768
1928.401	15.789
1928.798	15.813
1929.123	15.841
1929.390	15.870
1929.612	15.902
1929.800	15.935
1929.962	15.969
1930.105	16.004
1930.233	16.040
1930.351	16.077
1930.461	16.114
1930.567	16.151
1930.668	16.189
1930.768	16.226
1930.867	16.264
1930.967	16.303
1931.067	16.341
1931.168	16.379
1931.272	16.418
1931.378	16.456
1931.486	16.495
1931.598	16.533
1931.714	16.572
1931.832	16.610
1931.956	16.649
1932.082	16.687
1932.213	16.726
1932.350	16.764
1932.491	16.803
1932.637	16.841
1932.789	16.879
1932.947	16.917
1933.111	16.955
1933.281	16.993
1933.458	17.031
1933.643	17.068
1933.835	17.106
1934.037	17.143
1934.247	17.180
1934.467	17.216
1934.700	17.252
1934.945	17.288
1935.205	17.323
1935.482	17.358
1935.778	17.392
1936.099	17.425
1936.447	17.456
1936.828	17.487
1937.247	17.516
1937.712	17.543
1938.231	17.568
1938.811	17.590
1939.463	17.609
1940.197	17.624
1941.017	17.636
1941.930	17.643
1942.940	17.646
1944.040	17.645
1945.226	17.640
1946.478	17.632
1947.776	17.621
1949.091	17.609
1950.393	17.598
1951.652	17.588
1952.844	17.581
1953.946	17.578
1954.945	17.579
1955.833	17.586
1956.610	17.597
1957.281	17.613
1957.853	17.634
1958.336	17.658
1958.741	17.687
1959.078	17.719
1959.359	17.753
1959.591	17.790
1959.784	17.829
1959.944	17.869
1960.076	17.911
1960.187	17.955
1960.280	17.999
1960.359	18.044
1960.426	18.090
1960.484	18.137
1960.534	18.184
1960.578	18.232
1960.617	18.280
1960.653	18.328
1960.685	18.377
1960.715	18.427
1960.742	18.476
1960.769	18.526
1960.794	18.576
1960.818	18.627
1960.841	18.677
1960.864	18.728
1960.887	18.779
1960.909	18.831
1960.932	18.882
1960.954	18.934
1960.976	18.986
1960.999	19.039
1961.022	19.091
1961.046	19.144
1961.071	19.197
1961.096	19.250
1961.123	19.303
1961.151	19.356
1961.181	19.410
1961.214	19.464
1961.249	19.517
1961.289	19.571
1961.333	19.625
1961.384	19.679
1961.443	19.732
1961.513	19.785
1961.596	19.838
1961.697	19.890
1961.820	19.941
1961.972	19.990
1962.161	20.038
1962.398	20.084
1962.695	20.126
1963.069	20.164
1963.538	20.197
1964.124	20.224
1964.848	20.243
1965.735	20.253
1966.799	20.253
1968.050	20.242
1969.479	20.221
1971.060	20.191
1972.747	20.154
1974.477	20.115
1976.186	20.076
1977.809	20.041
1979.296	20.014
1980.619	19.995
1981.770	19.987
1982.755	19.988
1983.590	19.997
1984.296	20.014
1984.896	20.036
1985.410	20.064
1985.857	20.096
1986.250	20.131
1986.603	20.169
1986.925	20.208
1987.221	20.250
1987.497	20.292
1987.759	20.336
1988.007	20.380
1988.245	20.425
1988.473	20.471
1988.693	20.518
1988.905	20.565
1989.111	20.613
1989.311	20.661
1989.505	20.710
1989.693	20.759
1989.875	20.809
1990.051	20.859
1990.222	20.910
1990.388	20.961
1990.548	21.013
1990.703	21.065
1990.852	21.118
1990.996	21.171
1991.134	21.225
1991.267	21.280
1991.395	21.335
1991.517	21.390
1991.634	21.447
1991.746	21.503
1991.853	21.560
1991.954	21.618
1992.051	21.676
1992.143	21.735
1992.230	21.795
1992.312	21.855
1992.391	21.915
1992.465	21.976
1992.535	22.038
1992.601	22.100
1992.664	22.162
1992.723	22.225
1992.778	22.289
1992.831	22.353
1992.880	22.417
1992.927	22.482
1992.971	22.547
1993.013	22.613
1993.053	22.679
1993.090	22.746
1993.125	22.813
1993.158	22.881
1993.190	22.949
1993.220	23.017
1993.249	23.086
1993.276	23.155
1993.302	23.225
1993.327	23.295
1993.350	23.365
1993.373	23.436
1993.395	23.507
1993.416	23.578
1993.437	23.650
1993.456	23.723
1993.476	23.795
1993.494	23.868
1993.512	23.941
1993.530	24.015
1993.547	24.089
1993.564	24.164
1993.581	24.238
1993.597	24.313
1993.613	24.389
1993.629	24.465
1993.645	24.541
1993.661	24.617
1993.676	24.694
1993.691	24.771
1993.707	24.849
1993.722	24.927
1993.737	25.005
1993.752	25.084
1993.767	25.162
1993.782	25.242
1993.797	25.321
1993.812	25.401
1993.827	25.482
1993.842	25.562
1993.857	25.643
1993.872	25.725
1993.887	25.807
1993.902	25.889
1993.917	25.971
1993.932	26.054
1993.947	26.137
1993.962	26.221
1993.978	26.305
1993.993	26.389
1994.008	26.474
1994.023	26.559
1994.038	26.644
1994.053	26.730
1994.069	26.816
1994.084	26.903
1994.099	26.989
1994.114	27.077
1994.129	27.164
1994.144	27.252
1994.159	27.341
1994.175	27.430
1994.190	27.519
1994.204	27.608
1994.219	27.698
1994.234	27.789
1994.249	27.879
1994.263	27.971
1994.278	28.062
1994.293	28.154
1994.307	28.246
1994.321	28.339
1994.335	28.432
1994.349	28.526
1994.363	28.620
1994.377	28.714
1994.391	28.809
1994.404	28.904
1994.418	29.000
1994.431	29.096
1994.444	29.192
1994.457	29.289
1994.470	29.387
1994.482	29.484
1994.495	29.582
1994.507	29.681
1994.519	29.780
1994.531	29.880
1994.543	29.979
1994.554	30.080
1994.566	30.181
1994.577	30.282
1994.588	30.383
1994.599	30.485
1994.609	30.588
1994.620	30.691
1994.630	30.794
1994.640	30.898
1994.650	31.003
1994.659	31.107
1994.669	31.213
1994.678	31.318
1994.687	31.424
1994.696	31.531
1994.704	31.638
1994.713	31.745
1994.721	31.853
1994.729	31.962
1994.737	32.071
1994.745	32.180
1994.752	32.290
1994.760	32.400
1994.767	32.511
1994.774	32.622
1994.781	32.733
1994.787	32.846
1994.794	32.958
1994.800	33.071
1994.806	33.185
1994.812	33.299
1994.818	33.413
1994.824	33.528
1994.829	33.643
1994.834	33.759
1994.840	33.875
1994.845	33.992
1994.850	34.110
1994.854	34.227
1994.859	34.345
1994.864	34.464
1994.868	34.583
1994.872	34.703
1994.876	34.823
1994.880	34.944
1994.884	35.065
1994.888	35.186
1994.892	35.308
1994.895	35.430
1994.899	35.553
1994.902	35.677
1994.906	35.801
1994.909	35.925
1994.912	36.050
1994.915	36.175
1994.918	36.301
1994.920	36.427
1994.923	36.554
1994.926	36.681
1994.928	36.809
1994.931	36.937
1994.933	37.066
1994.936	37.195
1994.938	37.325
1994.940	37.455
1994.942	37.585
1994.944	37.716
1994.946	37.848
1994.948	37.980
1994.950	38.112
1994.952	38.245
1994.953	38.379
1994.955	38.512
1994.957	38.647
1994.958	38.782
1994.960	38.917
1994.961	39.053
1994.962	39.189
1994.964	39.326
1994.965	39.463
1994.966	39.601
1994.968	39.739
1994.969	39.878
1994.970	40.017
1994.971	40.156
1994.972	40.296
1994.973	40.437
1994.974	40.578
1994.975	40.719
1994.976	40.861
1994.977	41.004
1994.978	41.147
1994.979	41.290
1994.980	41.434
1994.980	41.578
1994.981	41.723
1994.982	41.868
1994.982	42.014
1994.983	42.160
1994.984	42.307
1994.984	42.454
1994.985	42.602
1994.986	42.750
1994.986	42.898
1994.987	43.047
1994.987	43.197
1994.988	43.347
1994.988	43.497
1994.989	43.648
1994.989	43.799
1994.990	43.951
1994.990	44.103
1994.990	44.256
1994.991	44.409
1994.991	44.563
1994.992	44.717
1994.992	44.872
1994.992	45.027
1994.993	45.182
1994.993	45.338
1994.993	45.494
1994.993	45.651
1994.994	45.808
1994.994	45.966
1994.994	46.124
1994.994	46.283
1994.995	46.442
1994.995	46.601
1994.995	46.761
1994.995	46.922
1994.996	47.083
1994.996	47.244
1994.996	47.406
1994.996	47.568
1994.996	47.731
1994.996	47.894
1994.997	48.057
1994.997	48.221
1994.997	48.386
1994.997	48.550
1994.997	48.716
1994.997	48.881
1994.997	49.048
1994.997	49.214
1994.998	49.381
1994.998	49.549
1994.998	49.716
1994.998	49.885
1994.998	50.054
1994.998	50.223
1994.998	50.392
1994.998	50.562
1994.998	50.733
1994.998	50.904
1994.998	51.075
1994.999	51.246
1994.999	51.419
1994.999	51.591
1994.999	51.764
1994.999	51.937
1994.999	52.111
1994.999	52.285
1994.999	52.460
1994.999	52.635
1994.999	52.810
1994.999	52.986
1994.999	53.162
1994.999	53.339
1994.999	53.516
1994.999	53.694
1994.999	53.871
1994.999	54.050
1994.999	54.228
1994.999	54.407
1994.999	54.587
1994.999	54.767
1994.999	54.947
1995.000	55.127
1995.000	55.308
1995.000	55.490
1995.000	55.672
1995.000	55.854
1995.000	56.036
1995.000	56.219
1995.000	56.403
1995.000	56.586
1995.000	56.770
1995.000	56.955
1995.000	57.140
1995.000	57.325
1995.000	57.511
1995.000	57.696
1995.000	57.883
1995.000	58.070
1995.000	58.257
1995.000	58.444
1995.000	58.632
1995.000	58.820
1995.000	59.009
1995.000	59.198
1995.000	59.387
1995.000	59.576
1995.000	59.766
1995.000	59.957
1995.000	60.147
1995.000	60.339
1995.000	60.530
1995.000	60.722
1995.000	60.914
1995.000	61.106
1995.000	61.299
1995.000	61.492
1995.000	61.686
1995.000	61.880
1995.000	62.074
1995.000	62.268
1995.000	62.463
1995.000	62.658
1995.000	62.854
1995.000	63.050
1995.000	63.246
1995.000	63.442
1995.000	63.639
1995.000	63.836
1995.000	64.034
1995.000	64.232
1995.000	64.430
1995.000	64.628
1995.000	64.827
1995.000	65.026
1995.000	65.226
1995.000	65.426
1995.000	65.626
1995.000	65.826
1995.000	66.027
1995.000	66.228
1995.000	66.429
1995.000	66.631
1995.000	66.833
1995.000	67.035
1995.000	67.238
1995.000	67.440
1995.000	67.644
1995.000	67.847
1995.000	68.051
1995.000	68.255
1995.000	68.459
1995.000	68.664
1995.000	68.869
1995.000	69.074
1995.000	69.280
1995.000	69.485
1995.000	69.692
1995.000	69.898
1995.000	70.105
1995.000	70.312
1995.000	70.519
1995.000	70.726
1995.000	70.934
1995.000	71.142
1995.000	71.351
1995.000	71.559
1995.000	71.768
1995.000	71.978
1995.000	72.187
1995.000	72.397
1995.000	72.607
1995.000	72.817
1995.000	73.028
1995.000	73.238
1995.000	73.449
1995.000	73.661
1995.000	73.872
1995.000	74.084
1995.000	74.296
1995.000	74.509
1995.000	74.721
1995.000	74.934
1995.000	75.147
1995.000	75.361
1995.000	75.575
1995.000	75.788
1995.000	76.003
1995.000	76.217
1995.000	76.432
1995.000	76.647
1995.000	76.862
1995.000	77.077
1995.000	77.293
1995.000	77.509
1995.000	77.725
1995.000	77.941
1995.000	78.158
1995.000	78.374
1995.000	78.591
1995.000	78.809
1995.000	79.026
1995.000	79.244
1995.000	79.462
1995.000	79.680
1995.000	79.899
1995.000	80.117
1995.000	80.336
1995.000	80.555
1995.000	80.775
1995.000	80.994
1995.000	81.214
1995.000	81.434
1995.000	81.654
1995.000	81.875
1995.000	82.095
1995.000	82.316
1995.000	82.537
1995.000	82.759
1995.000	82.980
1995.000	83.202
1995.000	83.424
1995.000	83.646
1995.000	83.868
1995.000	84.091
1995.000	84.314
1995.000	84.537
1995.000	84.760
1995.000	84.983
1995.000	85.207
1995.000	85.430
1995.000	85.654
1995.000	85.879
1995.000	86.103
1995.000	86.327
1995.000	86.552
1995.000	86.777
1995.000	87.002
1995.000	87.228
1995.000	87.453
1995.000	87.679
1995.000	87.905
1995.000	88.131
1995.000	88.357
1995.000	88.584
1995.000	88.810
1995.000	89.037
1995.000	89.264
1995.000	89.491
1995.000	89.719
1995.000	89.946
1995.000	90.174
1995.000	90.402
1995.000	90.630
1995.000	90.858
1995.000	91.087
1995.000	91.316
1995.000	91.544
1995.000	91.773
1995.000	92.002
1995.000	92.232
1995.000	92.461
1995.000	92.691
1995.000	92.921
1995.000	93.151
1995.000	93.381
1995.000	93.611
1995.000	93.842
1995.000	94.072
1995.000	94.303
1995.000	94.534
1995.000	94.765
1995.000	94.997
1995.000	95.228
1995.000	95.460
1995.000	95.692
1995.000	95.924
1995.000	96.156
1995.000	96.388
1995.000	96.620
1995.000	96.853
1995.000	97.086
1995.000	97.318
1995.000	97.551
1995.000	97.785
1995.000	98.018
1995.000	98.251
1995.000	98.485
1995.000	98.719
1995.000	98.953
1995.000	99.187
1995.000	99.421
1995.000	99.655
1995.000	99.890
1995.000	100.125
1995.000	100.359
1995.000	100.594
1995.000	100.829
1995.000	101.065
1995.000	101.300
1995.000	101.535
1995.000	101.771
1995.000	102.007
1995.000	102.243
1995.000	102.479
1995.000	102.715
1995.000	102.951
1995.000	103.188
1995.000	103.424
1995.000	103.661
1995.000	103.898
1995.000	104.135
1995.000	104.372
1995.000	104.609
1995.000	104.847
1995.000	105.084
1995.000	105.322
1995.000	105.559
1995.000	105.797
1995.000	106.035
1995.000	106.273
1995.000	106.512
1995.000	106.750
1995.000	106.989
1995.000	107.227
1995.000	107.466
1995.000	107.705
1995.000	107.944
1995.000	108.183
1995.000	108.422
1995.000	108.661
1995.000	108.901
1995.000	109.140
1995.000	109.380
1995.000	109.620
1995.000	109.860
1995.000	110.100
1995.000	110.340
1995.000	110.580
1995.000	110.821
1995.000	111.061
1995.000	111.302
1995.000	111.543
1995.000	111.783
1995.000	112.024
1995.000	112.265
1995.000	112.507
1995.000	112.748
1995.000	112.989
1995.000	113.231
1995.000	113.472
1995.000	113.714
1995.000	113.956
1995.000	114.198
1995.000	114.440
1995.000	114.682
1995.000	114.924
1995.000	115.167
1995.000	115.409
1995.000	115.652
1995.000	115.894
1995.000	116.137
1995.000	116.380
1995.000	116.623
1995.000	116.866
1995.000	117.109
1995.000	117.352
1995.000	117.596
1995.000	117.839
1995.000	118.083
1995.000	118.326
1995.000	118.570
1995.000	118.814
1995.000	119.058
1995.000	119.302
1995.000	119.546
1995.000	119.790
1995.000	120.034
1995.000	120.279
1995.000	120.523
1995.000	120.768
1995.000	121.013
1995.000	121.257
1995.000	121.502
1995.000	121.747
1995.000	121.992
1995.000	122.237
1995.000	122.483
1995.000	122.728
1995.000	122.973
1995.000	123.219
1995.000	123.464
1995.000	123.710
1995.000	123.956
1995.000	124.202
1995.000	124.448
1995.000	124.694
1995.000	124.940
1995.000	125.186
1995.000	125.432
1995.000	125.678
1995.000	125.925
1995.000	126.171
1995.000	126.418
1995.000	126.665
1995.000	126.911
1995.000	127.158
1995.000	127.405
1995.000	127.652
1995.000	127.899
1995.000	128.146
1995.000	128.394
1995.000	128.641
1995.000	128.888
1995.000	129.136
1995.000	129.383
1995.000	129.631
1995.000	129.879
1995.000	130.127
1995.000	130.374
1995.000	130.622
1995.000	130.870
1995.000	131.119
1995.000	131.367
1995.000	131.615
1995.000	131.863
1995.000	132.112
1995.000	132.360
1995.000	132.609
1995.000	132.857
1995.000	133.106
1995.000	133.355
1995.000	133.604
1995.000	133.852
1995.000	134.101
1995.000	134.350
1995.000	134.600
1995.000	134.849
