<j>	var(j)
1.206	0.263
2.651	0.410
3.500	0.550
4.832	0.355
5.493	0.422
6.647	0.646
8.061	0.862
9.088	0.446
9.824	0.795
11.269	1.700
13.093	1.848
14.259	1.998
15.618	3.210
17.310	2.768
18.401	2.123
19.267	2.108
20.191	2.829
21.501	4.382
23.258	4.644
24.674	3.417
25.647	2.663
26.432	2.048
27.075	1.558
27.620	1.326
28.164	1.554
28.940	2.691
30.378	4.832
32.366	5.480
34.028	4.871
35.339	4.904
36.624	5.459
37.973	5.032
39.107	3.482
39.866	2.293
40.403	1.815
40.885	1.823
41.443	2.368
42.263	3.596
43.527	4.840
45.005	4.436
46.172	3.211
47.009	2.728
47.786	3.206
48.781	4.467
50.136	5.542
51.617	5.321
52.888	4.299
53.866	3.173
54.589	2.334
55.158	2.105
55.745	2.755
56.622	4.633
58.095	6.994
59.935	6.680
61.358	4.643
62.316	3.972
63.203	4.604
64.276	5.808
65.587	6.501
66.930	5.698
68.010	4.150
68.788	3.209
69.436	3.342
70.188	4.813
71.348	8.406
73.292	14.750
76.128	20.640
79.143	19.318
81.382	12.690
82.693	7.448
83.456	4.874
83.978	3.752
84.407	3.229
84.802	2.982
85.191	2.901
85.597	2.960
86.038	3.149
86.538	3.476
87.121	3.980
87.819	4.799
88.694	6.306
89.868	9.162
91.535	13.381
93.721	15.768
95.869	12.663
97.353	7.479
98.189	4.268
98.686	3.115
99.088	3.350
99.575	5.116
100.392	9.489
101.926	17.051
104.404	22.425
107.016	17.541
108.715	9.386
109.575	5.095
110.065	3.650
110.451	3.360
110.829	3.590
111.267	4.306
111.821	5.767
112.607	8.528
113.787	12.951
115.523	17.974
117.691	20.160
119.822	18.032
121.546	14.595
122.885	12.245
124.002	10.993
125.007	10.359
125.960	10.217
126.910	10.968
127.945	13.588
129.245	19.940
131.133	32.103
133.971	48.113
137.645	56.415
141.243	49.008
143.942	35.855
145.771	26.291
147.079	21.047
148.119	17.995
149.017	15.870
149.814	14.082
150.533	12.441
151.174	10.976
151.757	9.610
152.270	8.449
152.738	7.453
153.161	6.646
153.548	6.021
153.915	5.591
154.262	5.363
154.612	5.377
154.975	5.692
155.376	6.442
155.852	7.888
156.450	10.298
157.260	14.202
158.382	19.680
159.922	25.889
161.864	30.191
163.947	29.691
165.860	24.760
167.363	18.554
168.454	13.526
169.261	10.234
169.876	8.308
170.391	7.288
170.863	6.892
171.319	6.935
171.801	7.360
172.323	8.069
172.915	9.012
173.591	10.156
174.362	11.409
175.235	12.821
176.226	14.489
177.338	16.442
178.591	18.819
180.012	21.632
181.598	24.831
183.358	28.815
185.335	34.300
187.571	41.725
190.143	49.963
192.987	54.734
195.830	52.279
198.333	43.294
200.272	32.494
201.673	23.885
202.701	18.335
203.486	15.303
204.159	13.965
204.791	13.666
205.411	13.968
206.064	14.768
206.768	15.979
207.534	17.479
208.384	19.262
209.326	21.205
210.364	22.950
211.481	24.123
212.651	24.441
213.822	23.677
214.942	22.028
215.978	19.986
216.916	17.968
217.759	16.239
218.529	15.059
219.255	14.383
219.954	14.048
220.649	14.012
221.351	14.310
222.074	14.936
222.849	15.975
223.680	17.686
224.610	20.204
225.679	23.290
226.911	26.595
228.291	29.180
229.774	29.994
231.256	28.450
232.622	25.089
233.807	21.004
234.788	17.164
235.590	14.160
236.261	12.186
236.851	11.047
237.393	10.445
237.924	10.281
238.451	10.442
238.998	10.911
239.587	11.696
240.230	13.014
240.954	15.047
241.804	17.803
242.820	21.125
244.022	24.305
245.371	26.165
246.789	25.636
248.136	22.554
249.288	18.008
250.187	13.431
250.851	9.725
251.347	7.091
251.715	5.516
252.008	4.732
252.277	4.646
252.551	5.226
252.878	6.733
253.318	9.771
253.985	15.640
255.076	26.444
256.905	44.070
259.780	65.549
263.591	78.389
267.510	72.920
270.739	57.541
273.100	44.177
274.876	35.979
276.296	31.355
277.532	28.541
278.663	26.578
279.712	25.041
280.700	23.815
281.635	22.931
282.548	22.422
283.443	22.248
284.336	22.483
285.241	23.164
286.176	24.084
287.158	25.210
288.188	26.192
289.249	26.770
290.324	26.662
291.397	25.591
292.416	23.575
293.357	20.800
294.170	17.719
294.866	14.680
295.447	12.008
295.935	9.883
296.338	8.478
296.691	7.814
297.031	8.052
297.395	9.430
297.842	12.438
298.449	17.838
299.323	26.469
300.638	38.891
302.532	53.256
305.005	64.021
307.734	64.435
310.302	54.243
312.316	39.934
313.754	27.783
314.740	19.841
315.453	15.559
316.026	13.717
316.550	13.543
317.079	14.622
317.671	17.049
318.366	21.054
319.235	27.118
320.366	35.734
321.850	46.541
323.760	57.961
326.040	66.195
328.486	67.584
330.868	61.388
332.933	50.708
334.588	39.494
335.847	30.636
336.821	24.611
337.612	21.200
338.306	19.725
338.957	19.899
339.639	21.615
340.387	24.889
341.249	29.726
342.289	36.346
343.564	44.299
345.117	52.827
346.931	59.952
348.908	63.233
350.920	61.705
352.809	55.765
354.493	47.354
355.906	38.648
357.031	31.040
357.921	25.001
358.657	20.382
359.255	17.121
359.767	14.883
360.226	13.364
360.632	12.584
361.032	12.385
361.430	12.845
361.849	14.041
362.329	16.264
362.885	19.706
363.570	24.802
364.443	32.063
365.566	41.732
367.027	53.834
368.911	67.426
371.179	79.796
373.741	88.104
376.441	90.578
379.084	88.266
381.563	83.390
383.847	78.402
385.941	74.768
387.884	72.456
389.743	71.342
391.548	70.892
393.304	70.212
395.021	68.563
396.674	66.144
398.255	62.621
399.727	58.025
401.090	52.400
402.297	46.158
403.349	39.814
404.264	33.800
405.039	28.544
405.695	24.175
406.260	20.701
406.750	18.133
407.181	16.274
407.572	15.116
407.945	14.716
408.315	15.045
408.699	16.152
409.110	18.080
409.576	20.783
410.136	24.476
410.805	29.325
411.599	35.204
412.556	41.825
413.692	48.400
414.999	54.086
416.460	57.631
417.973	58.092
419.479	55.391
420.886	50.139
422.134	43.663
423.220	37.080
424.133	31.260
424.917	26.472
425.585	23.239
426.179	21.409
426.732	20.773
427.263	21.067
427.814	22.128
428.418	23.842
429.075	26.132
429.795	28.840
430.589	31.719
431.455	34.634
432.410	37.363
433.434	39.553
434.535	40.895
435.665	41.312
436.788	40.789
437.895	39.269
438.935	36.958
439.917	34.211
440.821	31.273
441.671	28.220
442.444	25.410
443.129	23.007
443.749	21.087
444.321	19.574
444.855	18.489
445.373	18.025
445.899	18.244
446.427	18.940
446.983	20.373
447.581	22.658
448.256	25.769
449.047	29.977
449.952	35.420
451.049	42.005
452.337	49.277
453.843	56.722
455.518	63.197
457.350	68.051
459.279	70.839
461.235	71.622
463.189	70.947
465.090	69.688
466.916	68.202
468.683	66.199
470.360	63.141
471.931	58.623
473.378	52.667
474.667	45.778
475.782	38.498
476.714	31.662
477.474	25.830
478.100	21.117
478.614	17.626
479.046	15.192
479.415	13.661
479.764	12.888
480.108	12.934
480.461	13.862
480.836	15.795
481.268	19.039
481.801	23.949
482.484	31.455
483.399	42.694
484.652	58.444
486.332	78.741
488.570	101.907
491.346	122.381
494.529	132.819
497.797	128.079
500.765	110.545
503.229	87.193
505.108	65.310
506.489	48.312
507.514	36.456
508.292	28.894
508.916	24.541
509.457	22.357
509.960	21.695
510.448	22.093
510.943	23.292
511.475	25.119
512.060	27.399
512.710	29.958
513.432	32.610
514.226	35.162
515.069	37.383
515.947	39.036
516.870	39.956
517.827	40.183
518.791	39.802
519.730	39.057
520.661	37.981
521.575	36.826
522.453	35.888
523.308	35.209
524.145	34.858
524.983	35.196
525.837	36.213
526.721	37.965
527.651	40.384
528.645	43.392
529.715	46.790
530.852	50.388
532.069	53.988
533.379	57.849
534.778	62.370
536.283	68.030
537.903	75.681
539.695	85.761
541.708	98.510
543.982	112.531
546.503	124.823
549.196	131.917
551.947	131.241
554.604	121.726
557.013	105.556
559.041	86.547
560.668	68.224
561.934	52.550
562.897	40.307
563.643	31.113
564.221	24.427
564.684	19.620
565.057	16.196
565.368	13.736
565.634	11.941
565.868	10.620
566.080	9.632
566.274	8.902
566.455	8.364
566.629	7.954
566.797	7.650
566.961	7.437
567.124	7.309
567.287	7.264
567.454	7.301
567.626	7.431
567.805	7.659
567.983	8.008
568.168	8.510
568.371	9.221
568.598	10.215
568.856	11.618
569.158	13.621
569.514	16.514
569.952	20.729
570.490	26.733
571.206	35.576
572.181	48.698
573.532	67.763
575.372	93.564
577.836	124.878
581.045	156.320
584.858	177.711
588.904	181.135
592.790	166.929
596.184	144.087
598.985	122.800
601.330	107.560
603.356	99.014
605.214	95.381
607.012	94.428
608.763	93.897
610.476	92.520
612.152	89.258
613.752	83.877
615.243	76.930
616.589	69.049
617.788	60.984
618.837	53.392
619.775	46.641
620.587	41.008
621.299	36.535
621.932	33.083
622.533	30.597
623.082	28.918
623.602	28.026
624.104	27.778
624.607	28.155
625.131	29.186
625.681	30.818
626.261	33.191
626.891	36.387
627.590	40.470
628.369	45.322
629.236	50.581
630.222	56.355
631.321	61.911
632.509	66.589
633.771	69.734
635.109	70.916
636.449	69.606
637.742	65.799
638.953	60.079
640.062	53.173
641.038	45.786
641.873	38.673
642.571	32.222
643.152	26.623
643.629	21.976
644.039	18.174
644.380	15.253
644.671	13.090
644.923	11.582
645.150	10.659
645.361	10.264
645.566	10.401
645.777	11.082
646.006	12.358
646.267	14.371
646.578	17.308
646.956	21.344
647.426	26.710
648.022	33.662
648.780	42.345
649.748	52.646
650.939	63.754
652.357	74.493
653.971	83.261
655.737	88.407
657.577	88.809
659.393	84.662
661.103	76.848
662.636	67.361
663.969	57.844
665.115	49.617
666.090	43.270
666.935	38.752
667.699	35.559
668.405	33.432
669.077	32.100
669.736	31.365
670.382	30.984
671.021	30.842
671.657	30.923
672.299	31.319
672.957	32.192
673.639	33.759
674.360	36.467
675.146	40.862
676.021	47.620
677.054	57.778
678.313	71.904
679.878	90.211
681.827	111.559
684.205	132.791
686.954	148.384
689.903	152.892
692.826	144.403
695.501	125.382
697.748	101.709
699.510	79.150
700.857	60.531
701.887	46.380
702.680	36.440
703.313	29.884
703.841	25.825
704.307	23.514
704.730	22.340
705.129	21.864
705.537	21.923
705.948	22.310
706.369	22.904
706.801	23.614
707.251	24.364
707.727	25.118
708.222	25.812
708.736	26.447
709.260	27.047
709.797	27.652
710.349	28.280
710.916	28.995
711.500	29.815
712.102	30.819
712.721	32.115
713.379	33.937
714.077	36.421
714.826	39.763
715.649	44.202
716.578	50.204
717.638	57.892
718.850	67.237
720.253	77.974
721.899	89.847
723.759	100.834
725.796	109.222
727.956	113.356
730.167	112.197
732.277	105.754
734.219	95.455
735.939	83.209
737.442	70.830
738.704	59.790
739.763	50.804
740.669	43.993
741.464	39.396
742.178	36.800
742.849	36.332
743.513	38.018
744.222	41.870
745.027	48.565
745.960	58.064
747.071	70.453
748.437	85.924
750.073	102.705
752.006	118.431
754.200	130.259
756.551	135.154
758.906	131.652
761.153	120.821
763.181	105.077
764.902	88.171
766.334	72.904
767.509	60.557
768.487	51.793
769.333	46.583
770.099	44.552
770.848	45.495
771.608	48.916
772.437	54.885
773.390	63.849
774.504	76.108
775.810	91.684
777.387	111.206
779.280	134.004
781.550	159.655
784.204	184.688
787.180	204.557
790.381	215.284
793.588	213.399
796.795	199.660
799.635	176.245
802.083	148.202
804.089	120.121
805.675	94.953
806.977	73.384
807.944	56.744
808.695	44.101
809.290	34.565
809.748	27.788
810.129	23.046
810.448	19.954
810.718	18.172
810.982	17.423
811.232	17.782
811.487	19.191
811.772	21.532
812.091	25.076
812.474	30.230
812.935	36.935
813.506	45.630
814.225	56.758
815.110	69.831
816.171	84.621
817.462	100.620
819.044	116.962
820.837	130.821
822.775	140.229
824.843	143.571
826.917	140.270
828.916	130.816
830.723	117.752
832.369	103.102
833.785	88.225
834.988	75.225
836.009	64.561
836.871	56.094
837.650	49.747
838.335	45.388
838.959	42.298
839.561	40.313
840.123	39.216
840.669	38.460
841.223	38.162
841.770	38.172
842.319	38.245
842.870	38.463
843.430	38.735
843.999	38.750
844.560	38.918
845.133	39.146
845.719	39.012
846.294	38.988
846.874	38.978
847.463	38.722
848.040	38.658
848.613	38.572
849.212	38.424
849.802	38.531
850.378	38.941
850.979	39.452
851.592	40.279
852.223	41.761
852.873	43.649
853.551	46.172
854.288	49.785
855.084	54.532
855.948	60.158
856.909	67.363
857.989	76.714
859.225	88.188
860.632	102.223
862.260	119.535
864.159	140.551
866.376	164.544
868.903	191.115
871.789	217.467
875.011	240.122
878.451	254.316
882.012	257.155
885.476	246.406
888.725	225.440
891.575	198.043
894.046	169.146
896.109	141.831
897.865	118.317
899.267	99.332
900.483	84.742
901.494	73.587
902.407	65.719
903.196	60.025
903.937	56.066
904.622	52.936
905.283	50.732
905.910	48.720
906.531	47.125
907.113	45.752
907.681	44.293
908.254	42.870
908.756	41.361
909.308	39.729
909.820	38.099
910.313	36.410
910.784	34.747
911.224	33.141
911.658	31.582
912.060	30.180
912.466	28.742
912.851	27.652
913.225	26.792
913.578	26.083
913.925	25.767
914.280	25.561
914.629	25.817
914.989	26.621
915.358	27.603
915.753	29.276
916.172	31.577
916.612	34.246
917.110	37.850
917.665	42.520
918.270	47.885
918.991	54.907
919.805	63.402
920.727	73.290
921.813	85.333
923.081	99.522
924.540	115.492
926.204	133.066
928.187	151.649
930.340	169.246
932.713	184.116
935.269	194.150
937.898	197.701
940.523	193.584
943.032	183.431
945.386	167.587
947.491	148.763
949.364	129.088
950.932	110.491
952.285	93.914
953.423	79.372
954.392	67.688
955.205	58.045
955.927	50.158
956.542	43.982
957.088	39.279
957.585	35.678
958.025	33.049
958.441	31.148
958.824	29.864
959.213	29.204
959.594	29.115
959.985	29.790
960.374	31.280
960.789	33.875
961.240	37.966
961.744	44.225
962.363	53.324
963.099	66.675
964.030	85.792
965.226	111.487
966.800	146.224
968.788	187.376
971.370	234.080
974.510	278.017
978.080	308.590
981.936	317.436
985.812	300.256
989.281	263.905
992.258	216.115
994.673	168.162
996.482	126.995
997.862	94.401
998.869	70.073
999.629	53.218
1000.196	41.557
1000.658	33.771
1001.026	28.641
1001.352	25.318
1001.641	23.162
1001.911	21.836
1002.162	20.975
1002.400	20.539
1002.633	20.282
1002.874	20.235
1003.107	20.241
1003.360	20.380
1003.597	20.543
1003.863	20.822
1004.105	21.070
1004.370	21.356
1004.634	21.665
1004.908	22.085
1005.192	22.585
1005.472	23.256
1005.767	24.071
1006.058	25.016
1006.394	26.185
1006.735	27.698
1007.109	29.618
1007.498	32.089
1007.919	35.298
1008.389	39.119
1008.916	44.345
1009.505	50.426
1010.214	58.705
1011.012	68.768
1011.969	81.069
1013.075	95.498
1014.396	112.626
1015.914	130.778
1017.718	150.320
1019.690	167.395
1021.940	181.993
1024.293	189.923
1026.727	191.667
1029.117	186.346
1031.428	174.728
1033.537	159.889
1035.453	143.260
1037.146	127.055
1038.666	112.398
1039.971	100.421
1041.153	90.892
1042.228	84.166
1043.210	79.693
1044.173	77.036
1045.080	76.050
1046.005	75.999
1046.911	76.896
1047.817	77.910
1048.745	79.558
1049.698	81.229
1050.675	83.252
1051.689	85.092
1052.695	87.316
1053.763	89.041
1054.812	91.365
1055.915	92.634
1057.033	94.491
1058.147	95.762
1059.308	96.957
1060.452	97.703
1061.622	97.741
1062.798	96.983
1063.943	95.190
1065.068	92.398
1066.137	88.321
1067.166	83.735
1068.153	78.222
1069.059	72.465
1069.934	66.235
1070.676	60.665
1071.399	54.835
1072.034	49.925
1072.628	45.169
1073.165	41.475
1073.651	38.732
1074.113	37.040
1074.568	36.485
1075.001	37.391
1075.478	39.983
1075.957	44.377
1076.535	51.269
1077.159	60.569
1077.949	73.575
1078.880	90.160
1080.063	111.557
1081.493	136.058
1083.239	163.924
1085.270	190.445
1087.679	214.392
1090.239	229.054
1093.028	232.946
1095.707	225.277
1098.272	206.506
1100.624	181.201
1102.581	153.896
1104.281	127.528
1105.641	104.397
1106.782	85.934
1107.698	71.316
1108.478	60.948
1109.130	53.561
1109.730	48.521
1110.260	45.536
1110.777	43.731
1111.269	43.058
1111.766	42.976
1112.253	43.425
1112.740	44.140
1113.245	45.186
1113.756	46.308
1114.300	47.654
1114.848	49.071
1115.437	50.720
1116.032	52.604
1116.672	54.853
1117.313	57.837
1117.993	61.456
1118.719	66.313
1119.514	72.732
1120.392	80.914
1121.375	91.785
1122.479	104.991
1123.770	121.900
1125.228	140.929
1126.950	162.672
1128.862	184.178
1131.029	205.020
1133.410	221.695
1135.939	232.862
1138.577	235.369
1141.182	230.504
1143.701	217.484
1146.014	200.859
1148.139	181.112
1150.016	162.164
1151.706	144.274
1153.204	129.222
1154.531	117.111
1155.743	107.968
1156.845	101.075
1157.907	96.933
1158.900	94.038
1159.895	93.456
1160.850	93.712
1161.850	95.719
1162.831	98.521
1163.876	102.803
1164.948	108.277
1166.094	114.979
1167.306	123.283
1168.597	132.339
1169.977	142.400
1171.471	153.244
1173.040	163.110
1174.754	172.500
1176.472	178.595
1178.332	182.285
1180.161	181.659
1181.981	176.718
1183.727	167.760
1185.351	155.473
1186.906	140.557
1188.233	124.874
1189.456	108.390
1190.491	92.828
1191.381	78.368
1192.136	65.372
1192.754	54.244
1193.284	44.608
1193.697	36.862
1194.068	30.111
1194.352	24.964
1194.597	20.626
1194.799	17.255
1194.972	14.515
1195.117	12.396
1195.241	10.734
1195.353	9.465
1195.448	8.547
1195.539	7.875
1195.620	7.510
1195.700	7.321
1195.777	7.391
1195.858	7.660
1195.941	8.200
1196.032	9.004
1196.133	10.183
1196.246	11.749
1196.383	13.955
1196.538	16.672
1196.737	20.530
1196.969	25.197
1197.274	31.619
1197.641	39.489
1198.117	49.672
1198.715	62.429
1199.455	77.581
1200.425	96.614
1201.547	116.761
1203.020	140.421
1204.602	161.957
1206.551	182.953
1208.590	198.403
1210.878	207.851
1213.203	209.922
1215.516	204.836
1217.788	194.790
1219.860	183.898
1221.838	173.662
1223.661	169.668
1225.444	170.370
1227.270	179.935
1229.171	196.878
1231.292	221.294
1233.585	249.463
1236.223	279.263
1239.007	302.859
1242.137	319.143
1245.259	320.601
1248.381	308.015
1251.282	282.398
1253.873	249.033
1256.175	211.495
1258.088	175.198
1259.663	142.542
1260.933	114.845
1261.943	92.510
1262.776	74.340
1263.443	60.488
1263.983	50.077
1264.442	41.997
1264.811	36.190
1265.150	31.509
1265.423	28.358
1265.699	25.655
1265.937	23.951
1266.162	22.632
1266.379	21.927
1266.588	21.549
1266.798	21.597
1267.004	21.999
1267.220	22.684
1267.455	24.011
1267.679	25.388
1267.944	27.551
1268.211	30.218
1268.523	33.613
1268.857	37.877
1269.257	43.125
1269.692	49.497
1270.219	57.621
1270.818	67.035
1271.530	78.527
1272.356	91.703
1273.301	106.287
1274.450	123.112
1275.718	139.837
1277.196	156.767
1278.811	171.749
1280.548	183.217
1282.470	190.672
1284.342	191.974
1286.294	187.389
1288.098	177.683
1289.855	163.463
1291.430	146.981
1292.828	129.798
1294.079	112.510
1295.149	97.618
1296.078	84.768
1296.885	75.288
1297.608	68.768
1298.270	65.688
1298.916	66.515
1299.559	70.849
1300.284	80.308
1301.072	94.010
1302.035	113.891
1303.179	139.638
1304.640	172.629
1306.333	208.578
1308.498	249.667
1310.893	286.347
1313.719	317.749
1316.728	335.288
1319.846	336.376
1322.971	320.245
1325.855	289.450
1328.384	250.830
1330.582	208.307
1332.324	169.399
1333.792	133.819
1334.927	105.190
1335.822	82.950
1336.525	66.023
1337.080	54.322
1337.548	45.978
1337.949	40.809
1338.310	38.406
1338.649	37.922
1338.989	39.609
1339.343	42.578
1339.740	47.611
1340.170	54.103
1340.685	63.148
1341.274	74.039
1341.949	87.101
1342.819	103.795
1343.734	121.067
1344.902	141.888
1346.218	163.766
1347.706	185.698
1349.486	207.753
1351.371	226.275
1353.443	239.919
1355.620	247.434
1357.822	246.899
1359.965	239.886
1362.088	226.077
1363.929	208.653
1365.781	186.596
1367.351	165.083
1368.728	143.873
1369.965	124.316
1370.983	107.747
1371.889	92.638
1372.668	80.643
1373.311	70.614
1373.938	62.377
1374.484	55.940
1374.928	50.520
1375.386	46.197
1375.753	42.773
1376.133	39.801
1376.502	37.425
1376.796	35.457
1377.139	33.568
1377.404	32.241
1377.703	30.744
1377.984	29.566
1378.232	28.514
1378.509	27.362
1378.732	26.678
1378.992	25.613
1379.219	24.968
1379.449	24.281
1379.674	23.637
1379.889	23.274
1380.113	22.710
1380.319	22.550
1380.537	22.308
1380.742	22.258
1380.959	22.460
1381.175	22.752
1381.394	23.331
1381.622	24.097
1381.861	25.267
1382.103	26.588
1382.374	28.541
1382.650	30.856
1382.968	33.882
1383.304	37.710
1383.687	42.046
1384.128	48.196
1384.619	55.044
1385.194	63.917
1385.860	74.423
1386.630	87.001
1387.548	102.717
1388.641	121.542
1389.875	143.384
1391.423	170.460
1393.131	201.850
1395.260	238.898
1397.692	282.998
1400.569	332.930
1403.882	387.931
1407.670	446.091
1411.975	500.370
1416.626	543.144
1421.518	565.255
1426.557	563.643
1431.301	535.031
1435.731	485.121
1439.696	423.236
1442.985	358.899
1445.790	296.851
1448.082	243.530
1449.929	199.826
1451.437	164.627
1452.701	137.750
1453.755	117.502
1454.643	101.593
1455.434	90.126
1456.121	81.472
1456.730	74.345
1457.318	69.317
1457.857	65.203
1458.356	61.738
1458.857	59.153
1459.313	56.754
1459.766	54.478
1460.208	52.634
1460.605	50.844
1461.015	49.126
1461.417	47.720
1461.788	46.143
1462.167	44.840
1462.539	43.727
1462.879	42.278
1463.231	41.187
1463.580	39.943
1463.900	38.824
1464.233	37.954
1464.536	36.915
1464.833	36.229
1465.156	35.337
1465.431	34.651
1465.740	34.112
1466.037	33.547
1466.311	33.380
1466.612	33.119
1466.872	33.301
1467.165	33.531
1467.468	34.014
1467.760	35.108
1468.076	36.376
1468.395	38.582
1468.742	41.245
1469.107	44.716
1469.509	49.527
1469.953	55.515
1470.475	63.495
1471.047	73.239
1471.734	85.495
1472.521	100.472
1473.428	118.188
1474.573	139.961
1475.806	162.687
1477.343	188.498
1479.095	215.254
1480.994	238.811
1483.204	259.439
1485.484	273.179
1487.882	277.899
1490.290	273.938
1492.618	261.163
1494.783	241.150
1496.853	215.687
1498.626	189.340
1500.161	162.778
1501.519	138.116
1502.628	117.297
1503.573	98.597
1504.390	84.573
1505.059	72.813
1505.653	63.573
1506.205	56.936
1506.656	52.284
1507.109	49.057
1507.516	47.628
1507.906	47.055
1508.320	47.618
1508.719	49.442
1509.147	52.022
1509.604	55.828
1510.097	60.800
1510.637	67.102
1511.219	74.603
1511.878	83.900
1512.632	95.043
1513.466	107.373
1514.432	122.234
1515.538	138.446
1516.756	156.126
1518.176	174.628
1519.699	192.847
1521.389	209.974
1523.218	223.806
1525.152	235.246
1527.188	239.880
1529.220	240.001
1531.266	234.341
1533.186	223.767
1535.064	209.952
1536.748	193.657
1538.325	176.576
1539.780	159.619
1541.050	143.987
1542.240	130.311
1543.282	119.616
1544.263	111.522
1545.179	106.750
1546.031	105.105
1546.905	106.617
1547.771	111.129
1548.702	119.223
1549.700	129.707
1550.758	143.891
1551.990	161.535
1553.314	181.196
1554.840	202.820
1556.552	225.389
1558.381	247.022
1560.375	263.924
1562.536	278.217
1564.819	285.513
1567.017	284.628
1569.308	277.633
1571.480	263.022
1573.422	244.558
1575.370	220.961
1577.027	197.102
1578.488	173.733
1579.813	150.499
1580.926	130.840
1581.914	113.054
1582.748	97.861
1583.500	85.205
1584.146	75.227
1584.692	66.801
1585.214	60.464
1585.673	55.915
1586.080	52.072
1586.500	50.080
1586.891	48.997
1587.254	48.616
1587.661	49.949
1588.058	51.764
1588.448	54.739
1588.909	59.354
1589.375	64.940
1589.883	72.541
1590.490	82.040
1591.152	94.035
1591.929	108.885
1592.827	126.491
1593.873	148.324
1595.078	172.305
1596.469	200.141
1598.148	231.241
1599.977	262.299
1602.120	294.361
1604.547	322.495
1606.978	344.220
1609.733	357.853
1612.497	360.478
1615.151	352.936
1617.843	334.094
1620.314	309.201
1622.565	279.159
1624.562	246.957
1626.376	214.629
1627.911	184.824
1629.184	158.670
1630.353	134.414
1631.292	115.017
1632.085	98.755
1632.819	84.334
1633.409	73.269
1633.923	64.101
1634.410	56.075
1634.803	50.150
1635.156	45.143
1635.502	40.708
1635.792	37.579
1636.059	34.738
1636.329	32.359
1636.571	30.625
1636.788	28.985
1637.020	27.822
1637.231	26.955
1637.416	26.198
1637.632	25.774
1637.826	25.524
1638.005	25.376
1638.226	25.518
1638.415	25.812
1638.607	26.179
1638.847	26.868
1639.046	27.717
1639.255	28.654
1639.506	29.970
1639.723	31.490
1639.984	33.324
1640.267	35.620
1640.533	38.258
1640.877	41.421
1641.220	45.283
1641.563	49.662
1642.005	54.671
1642.448	60.586
1642.954	67.413
1643.546	75.433
1644.163	84.461
1644.882	94.430
1645.700	106.072
1646.575	118.196
1647.566	130.552
1648.701	144.199
1649.903	156.962
1651.217	169.429
1652.685	180.983
1654.141	189.788
1655.727	196.566
1657.391	200.173
1658.990	201.086
1660.658	198.218
1662.255	193.229
1663.810	186.633
1665.317	177.928
1666.737	169.846
1668.099	161.737
1669.361	154.041
1670.614	148.760
1671.800	144.551
1672.917	141.529
1674.083	141.849
1675.196	143.431
1676.329	147.526
1677.543	154.422
1678.755	162.255
1680.076	173.095
1681.502	185.069
1682.935	197.716
1684.533	211.497
1686.205	224.803
1687.974	237.381
1689.846	247.519
1691.774	255.622
1693.804	260.032
1695.750	259.743
1697.761	255.805
1699.748	247.477
1701.515	235.480
1703.325	220.184
1704.972	203.707
1706.407	186.743
1707.834	168.392
1709.073	151.604
1710.149	136.496
1711.184	121.247
1712.067	108.950
1712.855	98.877
1713.581	89.053
1714.235	82.071
1714.857	76.607
1715.403	71.890
1715.953	69.298
1716.499	67.828
1716.965	67.489
1717.507	68.696
1718.041	71.039
1718.536	74.525
1719.147	79.626
1719.758	86.043
1720.396	93.761
1721.163	103.076
1721.951	113.955
1722.844	126.136
1723.860	139.444
1724.922	154.457
1726.140	169.623
1727.424	184.437
1728.867	200.802
1730.456	214.600
1732.019	226.217
1733.822	236.899
1735.668	242.658
1737.399	246.150
1739.345	245.813
1741.167	241.661
1742.869	236.848
1744.674	228.236
1746.340	219.562
1747.929	212.121
1749.486	203.718
1750.971	197.575
1752.426	194.435
1753.805	193.080
1755.209	193.695
1756.650	199.331
1758.063	207.210
1759.565	216.449
1761.161	230.634
1762.812	247.254
1764.599	263.989
1766.494	282.663
1768.499	303.296
1770.698	321.511
1772.958	337.294
1775.272	350.861
1777.774	358.890
1780.256	360.765
1782.621	358.034
1785.079	348.120
1787.470	333.266
1789.645	316.627
1791.708	295.218
1793.670	272.458
1795.459	252.035
1797.031	232.009
1798.523	211.187
1799.933	193.982
1801.189	180.793
1802.324	168.648
1803.417	158.474
1804.466	153.200
1805.452	150.048
1806.373	148.073
1807.359	151.415
1808.420	158.400
1809.389	167.634
1810.474	184.067
1811.762	206.937
1813.076	236.946
1814.580	279.404
1816.516	335.885
1818.709	404.902
1821.319	492.210
1824.534	592.209
1828.328	701.012
1832.764	810.942
1837.858	901.185
1843.130	952.107
1848.723	962.094
1854.399	919.522
1859.484	837.003
1863.913	732.125
1867.916	611.678
1871.184	496.814
1873.723	399.968
1875.790	316.563
1877.419	249.722
1878.703	198.637
1879.738	159.918
1880.564	131.626
1881.224	111.656
1881.808	96.069
1882.317	85.730
1882.766	79.426
1883.183	75.478
1883.579	72.555
1883.968	71.593
1884.349	72.139
1884.744	73.502
1885.132	75.015
1885.538	77.314
1885.965	80.456
1886.404	83.736
1886.849	86.753
1887.322	90.225
1887.835	94.289
1888.348	97.926
1888.878	101.291
1889.436	104.685
1890.044	108.379
1890.625	111.281
1891.240	113.832
1891.873	116.244
1892.530	118.557
1893.172	120.050
1893.835	121.081
1894.520	121.913
1895.199	122.578
1895.887	122.286
1896.574	121.692
1897.278	120.890
1897.924	120.315
1898.606	118.776
1899.280	117.495
1899.936	116.150
1900.578	114.713
1901.235	113.171
1901.904	111.921
1902.517	111.040
1903.128	110.062
1903.763	109.742
1904.412	109.883
1905.024	109.887
1905.630	110.014
1906.288	111.025
1906.952	112.859
1907.570	114.339
1908.200	115.889
1908.890	118.163
1909.604	121.319
1910.276	124.191
1910.990	126.581
1911.749	129.168
1912.521	132.796
1913.262	136.012
1914.047	137.861
1914.840	139.788
1915.687	142.738
1916.534	144.632
1917.365	144.657
1918.179	144.822
1919.069	145.461
1919.936	144.481
1920.722	142.265
1921.528	140.163
1922.436	137.793
1923.245	134.185
1923.956	130.285
1924.721	125.997
1925.536	121.386
1926.213	116.624
1926.833	111.986
1927.530	106.605
1928.206	101.578
1928.768	97.217
1929.315	92.749
1929.896	87.810
1930.429	83.931
1930.901	80.832
1931.371	77.573
1931.851	74.614
1932.311	73.151
1932.736	72.624
1933.158	71.668
1933.604	71.967
1934.062	74.261
1934.508	77.619
1934.952	81.888
1935.481	88.631
1936.063	98.866
1936.638	111.139
1937.309	125.678
1938.135	145.053
1939.063	170.677
1940.100	200.674
1941.381	235.911
1942.907	277.918
1944.609	325.785
1946.617	376.857
1949.005	428.683
1951.598	478.120
1954.448	521.349
1957.669	554.307
1961.002	570.267
1964.238	568.420
1967.482	549.278
1970.727	514.302
1973.623	468.671
1976.121	417.436
1978.389	363.809
1980.479	311.025
1982.182	263.524
1983.532	221.818
1984.706	186.165
1985.781	155.076
1986.633	129.677
1987.276	109.883
1987.857	93.446
1988.420	79.277
1988.855	68.389
1989.191	59.771
1989.509	52.490
1989.841	46.206
1990.096	41.363
1990.295	37.367
1990.499	33.725
1990.724	30.616
1990.896	28.052
1991.029	25.821
1991.172	23.790
1991.337	22.003
1991.455	20.487
1991.536	19.157
1991.660	17.790
1991.794	16.581
1991.876	15.579
1991.938	14.668
1992.052	13.656
1992.147	12.817
1992.199	12.134
1992.260	11.440
1992.356	10.697
1992.423	10.113
1992.449	9.679
1992.519	9.058
1992.599	8.542
1992.635	8.172
1992.667	7.752
1992.737	7.260
1992.791	6.924
1992.806	6.671
1992.851	6.262
1992.915	5.938
1992.939	5.736
1992.959	5.457
1993.012	5.144
1993.052	4.963
1993.057	4.799
1993.091	4.503
1993.144	4.316
1993.159	4.186
1993.177	3.975
1993.222	3.798
1993.245	3.698
1993.250	3.548
1993.284	3.363
1993.318	3.276
1993.318	3.188
1993.337	3.013
1993.381	2.919
1993.389	2.850
1993.399	2.719
1993.436	2.626
1993.451	2.570
1993.455	2.472
1993.486	2.380
1993.506	2.335
1993.505	2.264
1993.530	2.171
1993.555	2.135
1993.551	2.086
1993.570	1.993
1993.600	1.961
1993.595	1.930
1993.609	1.839
1993.641	1.809
1993.635	1.793
1993.646	1.705
1993.679	1.678
1993.674	1.671
1993.682	1.588
1993.715	1.565
1993.711	1.561
1993.719	1.484
1993.751	1.466
1993.746	1.461
1993.755	1.391
1993.783	1.377
1993.779	1.368
1993.788	1.309
1993.812	1.300
1993.808	1.288
1993.821	1.240
1993.840	1.237
1993.836	1.214
1993.853	1.178
1993.866	1.180
1993.862	1.146
1993.885	1.121
1993.891	1.129
1993.887	1.081
1993.917	1.072
1993.915	1.079
1993.916	1.032
1993.940	1.031
1993.937	1.019
1993.949	0.988
1993.963	0.994
1993.959	0.963
1993.983	0.950
1993.984	0.963
1993.980	0.919
1994.006	0.920
1994.004	0.909
1994.015	0.884
1994.028	0.893
1994.020	0.862
1994.045	0.857
1994.045	0.859
1994.048	0.829
1994.066	0.835
1994.061	0.811
1994.081	0.804
1994.084	0.810
1994.083	0.780
1994.103	0.785
1994.097	0.765
1994.116	0.758
1994.120	0.762
1994.120	0.737
1994.138	0.745
1994.129	0.723
1994.151	0.718
1994.153	0.715
1994.159	0.698
1994.172	0.711
1994.159	0.683
1994.185	0.685
1994.181	0.673
1994.196	0.664
1994.202	0.666
1994.202	0.648
1994.219	0.659
1994.204	0.636
1994.231	0.638
1994.225	0.626
1994.241	0.619
1994.246	0.616
1994.250	0.603
1994.263	0.611
1994.254	0.593
1994.276	0.600
1994.262	0.583
1994.286	0.584
1994.280	0.573
1994.296	0.569
1994.298	0.564
1994.306	0.555
1994.314	0.555
1994.315	0.543
1994.329	0.547
1994.324	0.532
1994.344	0.539
1994.330	0.524
1994.355	0.529
1994.339	0.515
1994.365	0.517
1994.353	0.506
1994.376	0.507
1994.366	0.498
1994.386	0.497
1994.379	0.489
1994.396	0.487
1994.391	0.480
1994.407	0.478
1994.403	0.471
1994.418	0.469
1994.414	0.463
1994.429	0.460
1994.424	0.454
1994.441	0.452
1994.434	0.445
1994.453	0.444
1994.444	0.437
1994.465	0.436
1994.453	0.429
1994.477	0.428
1994.461	0.421
1994.487	0.420
1994.474	0.414
1994.495	0.412
1994.487	0.407
1994.502	0.403
1994.501	0.400
1994.509	0.395
1994.515	0.392
1994.516	0.387
1994.530	0.385
1994.522	0.380
1994.544	0.378
1994.528	0.375
1994.550	0.370
1994.543	0.368
1994.555	0.362
1994.560	0.360
1994.560	0.355
1994.576	0.352
1994.562	0.351
1994.583	0.345
1994.577	0.344
1994.588	0.338
1994.595	0.335
1994.591	0.332
1994.609	0.327
1994.597	0.328
1994.613	0.321
1994.616	0.319
1994.615	0.315
1994.632	0.310
1994.620	0.312
1994.635	0.304
1994.640	0.302
1994.636	0.300
1994.652	0.294
1994.646	0.295
1994.654	0.288
1994.667	0.284
1994.653	0.287
1994.670	0.278
1994.674	0.277
1994.670	0.276
1994.685	0.269
1994.683	0.269
1994.685	0.265
1994.698	0.259
1994.693	0.261
1994.699	0.255
1994.711	0.250
1994.704	0.252
1994.712	0.246
1994.722	0.241
1994.715	0.244
1994.723	0.237
1994.734	0.232
1994.728	0.234
1994.734	0.229
1994.744	0.224
1994.742	0.224
1994.744	0.222
1994.754	0.215
1994.757	0.214
1994.753	0.215
1994.763	0.208
1994.770	0.204
1994.764	0.207
1994.771	0.201
1994.779	0.196
1994.780	0.195
1994.778	0.195
1994.786	0.189
1994.793	0.185
1994.790	0.186
1994.793	0.184
1994.801	0.178
1994.806	0.174
1994.802	0.177
1994.807	0.173
1994.813	0.168
