<j>	<F>
1.715	13.520
2.954	11.755
4.020	11.458
4.833	12.977
5.498	17.972
6.726	17.078
8.567	13.220
9.956	10.820
10.782	11.834
11.700	13.072
13.062	12.616
14.110	12.323
15.132	13.052
16.401	12.567
17.306	12.916
18.371	13.556
20.019	12.713
21.795	11.474
23.142	10.849
24.040	11.120
24.886	11.642
25.914	12.017
27.239	11.896
28.492	11.581
29.320	11.823
29.929	12.537
30.539	13.383
31.253	14.141
32.086	14.688
33.038	15.055
34.279	14.987
35.853	14.325
37.602	13.457
39.178	12.723
40.299	12.616
41.401	12.766
42.924	12.550
44.705	11.940
46.132	11.537
47.071	11.596
47.767	11.937
48.409	12.380
49.078	12.825
49.764	13.252
50.409	13.713
50.970	14.287
51.507	14.971
52.236	15.561
53.568	15.557
55.867	14.507
58.754	13.013
61.702	11.746
64.219	10.843
65.962	10.430
67.193	10.350
68.198	10.410
69.082	10.532
69.865	10.702
70.558	10.918
71.181	11.180
71.776	11.475
72.415	11.776
73.238	12.024
74.480	12.100
76.399	11.853
78.888	11.286
81.287	10.707
83.145	10.369
84.592	10.241
85.867	10.207
87.094	10.200
88.307	10.201
89.519	10.203
90.723	10.206
91.912	10.213
93.086	10.223
94.232	10.240
95.335	10.268
96.393	10.309
97.390	10.366
98.325	10.442
99.203	10.537
100.035	10.649
100.844	10.773
101.666	10.899
102.543	11.013
103.508	11.103
104.594	11.153
105.777	11.163
106.979	11.152
108.105	11.153
109.072	11.198
109.870	11.299
110.522	11.457
111.094	11.653
111.642	11.871
112.222	12.091
112.890	12.289
113.689	12.445
114.658	12.537
115.764	12.568
116.946	12.554
118.077	12.544
119.089	12.572
119.946	12.659
120.681	12.799
121.341	12.977
121.976	13.176
122.649	13.373
123.447	13.536
124.525	13.608
126.087	13.511
128.321	13.167
131.049	12.625
133.648	12.100
135.636	11.774
137.036	11.652
138.089	11.656
138.972	11.722
139.770	11.817
140.508	11.932
141.201	12.063
141.865	12.206
142.531	12.353
143.228	12.497
143.991	12.626
144.862	12.725
145.854	12.788
147.010	12.801
148.349	12.762
149.907	12.659
151.680	12.492
153.550	12.289
155.370	12.091
156.943	11.952
158.229	11.891
159.266	11.899
160.103	11.965
160.836	12.064
161.483	12.190
162.094	12.330
162.693	12.478
163.304	12.628
163.979	12.767
164.765	12.882
165.711	12.955
166.869	12.968
168.176	12.930
169.531	12.865
170.795	12.813
171.845	12.814
172.692	12.874
173.374	12.985
173.958	13.132
174.506	13.296
175.046	13.467
175.602	13.638
176.185	13.804
176.790	13.965
177.406	14.122
178.030	14.279
178.650	14.437
179.258	14.603
179.873	14.770
180.530	14.930
181.293	15.065
182.318	15.127
183.818	15.046
186.010	14.751
188.855	14.240
191.729	13.700
194.064	13.315
195.820	13.115
197.305	13.019
198.848	12.937
200.660	12.805
202.766	12.607
205.033	12.367
207.193	12.140
209.021	11.977
210.473	11.892
211.608	11.877
212.533	11.910
213.365	11.969
214.203	12.034
215.125	12.089
216.230	12.115
217.575	12.098
219.181	12.032
221.019	11.920
222.968	11.783
224.906	11.645
226.754	11.523
228.495	11.423
230.147	11.343
231.745	11.274
233.318	11.212
234.840	11.156
236.269	11.113
237.579	11.086
238.767	11.076
239.805	11.089
240.715	11.122
241.533	11.170
242.275	11.230
242.975	11.299
243.648	11.374
244.330	11.450
245.035	11.524
245.780	11.593
246.588	11.654
247.494	11.702
248.519	11.732
249.670	11.744
250.984	11.731
252.450	11.693
254.049	11.634
255.701	11.564
257.363	11.490
258.979	11.422
260.512	11.366
261.949	11.325
263.309	11.295
264.594	11.277
265.838	11.266
267.035	11.260
268.164	11.263
269.219	11.275
270.202	11.297
271.099	11.329
271.913	11.373
272.635	11.430
273.296	11.496
273.887	11.573
274.442	11.657
274.960	11.748
275.462	11.842
275.962	11.939
276.474	12.036
277.012	12.131
277.594	12.221
278.222	12.305
278.918	12.380
279.690	12.443
280.535	12.495
281.449	12.535
282.404	12.567
283.400	12.591
284.393	12.614
285.355	12.639
286.248	12.675
287.073	12.721
287.820	12.779
288.504	12.849
289.112	12.932
289.675	13.025
290.216	13.124
290.777	13.223
291.402	13.316
292.170	13.391
293.233	13.425
294.810	13.384
297.143	13.229
300.284	12.945
303.878	12.581
307.340	12.225
310.126	11.963
312.109	11.819
313.491	11.767
314.505	11.773
315.325	11.809
316.075	11.858
316.783	11.914
317.469	11.975
318.136	12.037
318.804	12.100
319.445	12.166
320.054	12.236
320.626	12.312
321.156	12.393
321.645	12.482
322.093	12.577
322.508	12.678
322.895	12.785
323.269	12.895
323.643	13.009
324.037	13.121
324.474	13.230
324.977	13.332
325.594	13.419
326.366	13.485
327.353	13.520
328.616	13.513
330.178	13.459
331.977	13.366
333.929	13.244
335.864	13.119
337.632	13.014
339.126	12.948
340.346	12.922
341.317	12.934
342.105	12.974
342.763	13.035
343.324	13.113
343.824	13.201
344.277	13.297
344.705	13.400
345.122	13.505
345.541	13.613
345.969	13.720
346.425	13.825
346.914	13.927
347.460	14.021
348.076	14.106
348.799	14.176
349.670	14.225
350.763	14.241
352.182	14.211
354.075	14.113
356.561	13.928
359.640	13.655
362.984	13.337
366.076	13.049
368.571	12.841
370.415	12.722
371.714	12.681
372.626	12.695
373.297	12.744
373.833	12.815
374.303	12.898
374.751	12.985
375.216	13.073
375.748	13.156
376.373	13.228
377.146	13.283
378.121	13.315
379.355	13.313
380.867	13.275
382.696	13.195
384.717	13.086
386.753	12.970
388.659	12.867
390.330	12.790
391.732	12.746
392.898	12.733
393.857	12.747
394.667	12.780
395.380	12.828
396.043	12.882
396.679	12.941
397.311	13.002
397.950	13.062
398.585	13.124
399.222	13.185
399.852	13.247
400.495	13.307
401.126	13.369
401.727	13.435
402.308	13.504
402.864	13.576
403.378	13.654
403.860	13.737
404.312	13.825
404.740	13.918
405.149	14.014
405.567	14.112
406.021	14.207
406.551	14.295
407.242	14.364
408.203	14.401
409.627	14.380
411.713	14.275
414.606	14.064
418.172	13.762
421.939	13.426
425.309	13.133
427.950	12.929
429.840	12.819
431.160	12.781
432.109	12.790
432.835	12.828
433.426	12.883
433.933	12.950
434.420	13.020
434.865	13.096
435.281	13.176
435.682	13.259
436.072	13.345
436.479	13.429
436.884	13.515
437.314	13.599
437.772	13.681
438.260	13.760
438.797	13.835
439.399	13.902
440.094	13.958
440.869	14.006
441.789	14.035
442.834	14.049
444.005	14.046
445.268	14.031
446.610	14.003
447.990	13.970
449.346	13.937
450.644	13.911
451.839	13.896
452.930	13.894
453.896	13.908
454.767	13.934
455.573	13.969
456.330	14.010
457.044	14.058
457.734	14.109
458.419	14.162
459.110	14.215
459.835	14.266
460.634	14.309
461.576	14.337
462.774	14.338
464.416	14.293
466.751	14.175
470.074	13.951
474.414	13.618
479.382	13.215
484.144	12.830
488.029	12.534
490.811	12.352
492.722	12.261
494.045	12.230
495.006	12.237
495.755	12.266
496.379	12.309
496.926	12.359
497.416	12.416
497.857	12.477
498.277	12.542
498.684	12.608
499.083	12.676
499.477	12.745
499.871	12.814
500.272	12.884
500.676	12.954
501.096	13.024
501.560	13.091
502.090	13.152
502.712	13.206
503.475	13.248
504.424	13.274
505.615	13.277
507.087	13.254
508.893	13.198
511.027	13.111
513.414	12.997
515.870	12.874
518.239	12.757
520.404	12.657
522.265	12.584
523.802	12.540
525.081	12.521
526.170	12.521
527.129	12.533
528.002	12.553
528.815	12.580
529.588	12.611
530.335	12.644
531.054	12.679
531.727	12.719
532.388	12.760
533.027	12.803
533.646	12.847
534.245	12.894
534.823	12.943
535.376	12.995
535.909	13.049
536.420	13.105
536.926	13.162
537.435	13.220
537.956	13.277
538.500	13.332
539.073	13.386
539.682	13.436
540.330	13.483
541.018	13.526
541.740	13.567
542.519	13.601
543.354	13.631
544.244	13.655
545.181	13.674
546.164	13.688
547.176	13.700
548.240	13.707
549.352	13.709
550.519	13.706
551.748	13.697
553.066	13.681
554.495	13.654
556.020	13.618
557.650	13.572
559.362	13.519
561.112	13.462
562.877	13.403
564.656	13.344
566.435	13.285
568.200	13.228
569.976	13.170
571.739	13.115
573.459	13.063
575.114	13.016
576.677	12.976
578.094	12.948
579.349	12.933
580.455	12.931
581.415	12.941
582.248	12.962
582.973	12.993
583.617	13.031
584.200	13.075
584.746	13.124
585.282	13.174
585.833	13.224
586.422	13.272
587.065	13.315
587.781	13.353
588.593	13.383
589.517	13.404
590.568	13.414
591.745	13.413
593.053	13.401
594.437	13.381
595.932	13.352
597.481	13.316
599.034	13.279
600.549	13.245
601.988	13.216
603.334	13.195
604.567	13.183
605.686	13.180
606.696	13.187
607.615	13.202
608.488	13.222
609.317	13.245
610.130	13.270
610.934	13.297
611.744	13.324
612.586	13.349
613.487	13.369
614.455	13.384
615.495	13.394
616.645	13.395
617.920	13.386
619.333	13.366
620.869	13.335
622.501	13.296
624.204	13.251
625.943	13.202
627.656	13.154
629.307	13.111
630.857	13.075
632.322	13.047
633.678	13.027
634.937	13.014
636.111	13.008
637.189	13.010
638.197	13.017
639.146	13.030
640.025	13.047
640.843	13.070
641.608	13.096
642.349	13.125
643.055	13.157
643.728	13.191
644.386	13.227
645.035	13.265
645.703	13.301
646.394	13.336
647.126	13.368
647.915	13.397
648.795	13.419
649.799	13.432
650.960	13.434
652.331	13.421
653.949	13.389
655.806	13.338
657.902	13.269
660.194	13.185
662.605	13.091
665.008	12.996
667.312	12.908
669.441	12.833
671.365	12.772
673.084	12.727
674.606	12.696
675.978	12.676
677.198	12.667
678.298	12.667
679.309	12.674
680.227	12.687
681.063	12.705
681.849	12.728
682.591	12.754
683.277	12.784
683.930	12.816
684.570	12.850
685.195	12.885
685.812	12.921
686.445	12.956
687.096	12.990
687.756	13.024
688.418	13.058
689.126	13.088
689.853	13.118
690.591	13.146
691.338	13.174
692.123	13.199
692.905	13.224
693.667	13.250
694.428	13.276
695.203	13.302
695.965	13.328
696.720	13.355
697.493	13.381
698.272	13.407
699.071	13.431
699.900	13.454
700.778	13.473
701.696	13.490
702.664	13.502
703.698	13.510
704.810	13.513
705.978	13.511
707.176	13.506
708.443	13.497
709.767	13.482
711.098	13.468
712.442	13.452
713.809	13.434
715.150	13.417
716.446	13.404
717.708	13.392
718.937	13.383
720.087	13.380
721.163	13.381
722.184	13.387
723.151	13.397
724.061	13.411
724.933	13.428
725.779	13.447
726.606	13.468
727.425	13.489
728.247	13.511
729.106	13.531
729.990	13.549
730.912	13.564
731.880	13.576
732.921	13.583
734.022	13.586
735.203	13.584
736.479	13.575
737.863	13.559
739.361	13.535
740.969	13.503
742.713	13.462
744.541	13.415
746.425	13.364
748.372	13.308
750.268	13.254
752.082	13.206
753.793	13.164
755.335	13.133
756.701	13.114
757.931	13.104
759.055	13.102
760.089	13.107
761.086	13.115
762.096	13.124
763.153	13.130
764.339	13.130
765.700	13.119
767.226	13.099
768.988	13.064
771.002	13.013
773.208	12.950
775.556	12.877
777.941	12.801
780.274	12.728
782.499	12.660
784.541	12.604
786.402	12.558
788.058	12.525
789.592	12.500
790.997	12.483
792.304	12.473
793.552	12.466
794.761	12.461
795.970	12.457
797.141	12.456
798.323	12.454
799.491	12.452
800.636	12.452
801.762	12.453
802.904	12.452
804.027	12.453
805.124	12.455
806.185	12.459
807.225	12.465
808.241	12.471
809.182	12.481
810.148	12.490
811.048	12.503
811.917	12.517
812.728	12.535
813.486	12.555
814.229	12.577
814.928	12.600
815.599	12.626
816.237	12.654
816.843	12.683
817.452	12.713
818.042	12.744
818.639	12.775
819.266	12.805
819.906	12.834
820.586	12.861
821.316	12.886
822.100	12.908
822.970	12.925
823.933	12.937
824.997	12.943
826.181	12.942
827.463	12.936
828.862	12.923
830.391	12.903
832.018	12.877
833.734	12.845
835.532	12.809
837.365	12.771
839.228	12.731
841.042	12.693
842.883	12.654
844.622	12.620
846.306	12.589
847.886	12.563
849.335	12.545
850.679	12.532
851.879	12.526
852.999	12.525
853.983	12.532
854.924	12.541
855.752	12.556
856.516	12.575
857.250	12.595
857.928	12.620
858.629	12.643
859.325	12.667
860.059	12.690
860.807	12.711
861.640	12.729
862.508	12.745
863.469	12.756
864.517	12.762
865.626	12.765
866.797	12.764
868.006	12.761
869.225	12.757
870.435	12.752
871.603	12.750
872.714	12.750
873.788	12.752
874.735	12.760
875.587	12.773
876.357	12.791
877.024	12.815
877.618	12.842
878.165	12.873
878.656	12.907
879.099	12.944
879.516	12.982
879.909	13.023
880.298	13.064
880.684	13.106
881.086	13.147
881.502	13.187
881.942	13.227
882.389	13.266
882.874	13.303
883.407	13.338
883.948	13.373
884.560	13.403
885.204	13.432
885.867	13.459
886.588	13.484
887.344	13.506
888.119	13.527
888.923	13.546
889.776	13.562
890.660	13.577
891.529	13.592
892.413	13.606
893.307	13.619
894.205	13.632
895.086	13.646
895.961	13.660
896.804	13.676
897.619	13.694
898.418	13.712
899.186	13.732
899.885	13.756
900.574	13.781
901.225	13.809
901.837	13.839
902.419	13.870
902.970	13.904
903.503	13.940
904.044	13.975
904.579	14.011
905.125	14.047
905.726	14.080
906.390	14.109
907.141	14.134
908.029	14.151
909.078	14.159
910.320	14.155
911.835	14.134
913.577	14.100
915.592	14.048
917.792	13.984
920.065	13.915
922.369	13.842
924.535	13.777
926.581	13.718
928.369	13.675
929.955	13.645
931.402	13.623
932.720	13.610
934.003	13.601
935.347	13.590
936.831	13.573
938.514	13.546
940.476	13.505
942.811	13.444
945.374	13.371
948.248	13.281
951.259	13.183
954.246	13.085
957.042	12.996
959.605	12.918
961.799	12.859
963.648	12.818
965.196	12.793
966.499	12.781
967.585	12.781
968.555	12.786
969.371	12.800
970.131	12.817
970.820	12.838
971.491	12.860
972.138	12.884
972.775	12.908
973.406	12.933
974.054	12.957
974.701	12.981
975.384	13.004
976.076	13.026
976.817	13.047
977.605	13.065
978.438	13.080
979.332	13.093
980.292	13.103
981.313	13.110
982.441	13.111
983.611	13.111
984.877	13.105
986.194	13.097
987.573	13.085
988.988	13.071
990.426	13.056
991.833	13.043
993.277	13.027
994.647	13.015
996.033	13.002
997.332	12.993
998.641	12.984
999.897	12.977
1001.157	12.971
1002.378	12.967
1003.628	12.961
1004.878	12.956
1006.161	12.949
1007.461	12.941
1008.805	12.932
1010.146	12.922
1011.496	12.912
1012.824	12.903
1014.155	12.893
1015.463	12.884
1016.724	12.877
1017.958	12.872
1019.097	12.871
1020.216	12.870
1021.245	12.874
1022.235	12.880
1023.166	12.889
1024.067	12.899
1024.915	12.912
1025.765	12.924
1026.557	12.940
1027.371	12.955
1028.121	12.972
1028.904	12.989
1029.656	13.007
1030.449	13.023
1031.226	13.040
1032.048	13.055
1032.860	13.070
1033.716	13.083
1034.560	13.097
1035.437	13.110
1036.325	13.121
1037.254	13.131
1038.189	13.141
1039.166	13.148
1040.141	13.156
1041.163	13.161
1042.159	13.168
1043.201	13.172
1044.253	13.176
1045.332	13.179
1046.459	13.180
1047.593	13.180
1048.796	13.177
1050.007	13.174
1051.267	13.168
1052.551	13.161
1053.845	13.154
1055.179	13.144
1056.503	13.135
1057.825	13.125
1059.117	13.117
1060.365	13.110
1061.532	13.108
1062.628	13.108
1063.615	13.113
1064.553	13.120
1065.372	13.133
1066.135	13.149
1066.790	13.169
1067.393	13.193
1067.907	13.220
1068.373	13.250
1068.772	13.284
1069.134	13.320
1069.462	13.357
1069.755	13.396
1070.027	13.437
1070.279	13.479
1070.513	13.522
1070.747	13.566
1070.960	13.610
1071.180	13.655
1071.395	13.700
1071.619	13.746
1071.854	13.791
1072.098	13.835
1072.375	13.879
1072.654	13.922
1072.985	13.964
1073.356	14.003
1073.783	14.040
1074.293	14.073
1074.854	14.104
1075.540	14.128
1076.329	14.147
1077.266	14.159
1078.406	14.161
1079.681	14.155
1081.207	14.136
1082.927	14.107
1084.822	14.069
1086.885	14.022
1089.075	13.967
1091.269	13.912
1093.504	13.855
1095.622	13.803
1097.616	13.757
1099.495	13.716
1101.167	13.686
1102.721	13.663
1104.112	13.647
1105.401	13.637
1106.603	13.632
1107.704	13.631
1108.786	13.633
1109.776	13.638
1110.788	13.643
1111.778	13.649
1112.792	13.655
1113.836	13.659
1114.897	13.662
1116.035	13.662
1117.182	13.661
1118.426	13.656
1119.643	13.651
1120.946	13.643
1122.238	13.635
1123.561	13.625
1124.867	13.616
1126.142	13.608
1127.376	13.601
1128.527	13.599
1129.606	13.599
1130.611	13.603
1131.529	13.612
1132.399	13.622
1133.172	13.637
1133.921	13.654
1134.583	13.674
1135.239	13.696
1135.832	13.720
1136.433	13.744
1136.973	13.772
1137.533	13.798
1138.065	13.826
1138.623	13.853
1139.175	13.880
1139.744	13.907
1140.331	13.933
1140.922	13.958
1141.532	13.983
1142.147	14.008
1142.775	14.032
1143.434	14.055
1144.098	14.077
1144.795	14.098
1145.504	14.118
1146.243	14.137
1146.996	14.155
1147.793	14.171
1148.627	14.186
1149.523	14.197
1150.471	14.206
1151.481	14.212
1152.586	14.214
1153.760	14.212
1155.069	14.203
1156.458	14.191
1157.936	14.174
1159.520	14.151
1161.168	14.126
1162.907	14.096
1164.687	14.064
1166.490	14.030
1168.314	13.996
1170.151	13.961
1172.004	13.926
1173.904	13.890
1175.824	13.853
1177.796	13.813
1179.846	13.772
1181.981	13.726
1184.225	13.676
1186.523	13.624
1188.888	13.569
1191.246	13.514
1193.589	13.459
1195.795	13.410
1197.916	13.365
1199.835	13.329
1201.620	13.299
1203.205	13.277
1204.685	13.260
1205.978	13.251
1207.203	13.245
1208.286	13.246
1209.319	13.248
1210.268	13.255
1211.162	13.264
1212.031	13.274
1212.852	13.286
1213.665	13.299
1214.438	13.313
1215.191	13.329
1215.937	13.344
1216.638	13.362
1217.358	13.378
1218.010	13.398
1218.708	13.416
1219.340	13.436
1219.998	13.456
1220.622	13.477
1221.258	13.498
1221.887	13.519
1222.511	13.540
1223.157	13.561
1223.802	13.582
1224.469	13.601
1225.150	13.621
1225.866	13.639
1226.619	13.655
1227.390	13.671
1228.212	13.684
1229.052	13.697
1229.932	13.707
1230.830	13.717
1231.742	13.726
1232.676	13.734
1233.601	13.743
1234.526	13.751
1235.430	13.760
1236.326	13.769
1237.183	13.780
1238.011	13.792
1238.803	13.806
1239.555	13.821
1240.284	13.838
1240.968	13.856
1241.645	13.876
1242.300	13.896
1242.981	13.916
1243.676	13.935
1244.435	13.951
1245.259	13.966
1246.190	13.976
1247.258	13.980
1248.470	13.978
1249.920	13.966
1251.528	13.947
1253.454	13.914
1255.542	13.874
1257.886	13.823
1260.348	13.766
1262.840	13.707
1265.351	13.647
1267.661	13.595
1269.904	13.545
1271.827	13.509
1273.583	13.479
1275.085	13.461
1276.408	13.450
1277.588	13.446
1278.642	13.447
1279.609	13.452
1280.507	13.461
1281.341	13.472
1282.179	13.483
1282.951	13.497
1283.752	13.510
1284.496	13.525
1285.261	13.539
1285.985	13.555
1286.725	13.570
1287.429	13.587
1288.130	13.604
1288.819	13.622
1289.486	13.640
1290.126	13.660
1290.748	13.680
1291.349	13.701
1291.933	13.723
1292.511	13.746
1293.066	13.769
1293.638	13.792
1294.196	13.815
1294.777	13.838
1295.355	13.861
1295.979	13.882
1296.607	13.904
1297.315	13.922
1298.028	13.940
1298.839	13.953
1299.693	13.965
1300.650	13.973
1301.665	13.979
1302.771	13.980
1303.958	13.978
1305.221	13.972
1306.527	13.964
1307.905	13.954
1309.288	13.942
1310.727	13.928
1312.106	13.917
1313.534	13.903
1314.883	13.893
1316.257	13.882
1317.571	13.873
1318.899	13.864
1320.232	13.855
1321.572	13.846
1323.009	13.833
1324.456	13.821
1326.075	13.802
1327.772	13.780
1329.639	13.751
1331.668	13.715
1333.767	13.677
1335.994	13.634
1338.232	13.589
1340.427	13.546
1342.622	13.502
1344.546	13.469
1346.429	13.437
1348.001	13.417
1349.446	13.402
1350.652	13.396
1351.691	13.397
1352.598	13.404
1353.363	13.416
1354.031	13.432
1354.615	13.452
1355.127	13.474
1355.608	13.498
1356.046	13.525
1356.468	13.551
1356.889	13.579
1357.306	13.606
1357.737	13.633
1358.179	13.660
1358.655	13.686
1359.166	13.710
1359.713	13.734
1360.318	13.755
1360.934	13.775
1361.647	13.792
1362.385	13.808
1363.223	13.820
1364.093	13.831
1365.042	13.838
1366.041	13.844
1367.134	13.845
1368.265	13.845
1369.455	13.843
1370.686	13.839
1371.937	13.833
1373.248	13.826
1374.542	13.819
1375.911	13.809
1377.256	13.800
1378.616	13.791
1380.016	13.780
1381.405	13.769
1382.866	13.756
1384.361	13.742
1385.885	13.726
1387.527	13.707
1389.205	13.687
1391.033	13.660
1392.927	13.632
1394.980	13.598
1397.103	13.562
1399.429	13.518
1401.808	13.472
1404.318	13.422
1406.805	13.372
1409.321	13.321
1411.767	13.273
1414.138	13.227
1416.318	13.188
1418.445	13.151
1420.352	13.122
1422.103	13.098
1423.740	13.079
1425.140	13.068
1426.542	13.057
1427.757	13.053
1428.911	13.052
1430.053	13.050
1431.093	13.053
1432.140	13.056
1433.157	13.059
1434.165	13.063
1435.128	13.069
1436.139	13.073
1437.105	13.079
1438.113	13.083
1439.132	13.086
1440.063	13.093
1441.086	13.097
1442.045	13.103
1443.006	13.108
1444.028	13.112
1444.970	13.118
1445.981	13.122
1446.967	13.127
1447.948	13.133
1449.002	13.136
1450.036	13.139
1451.115	13.141
1452.291	13.140
1453.461	13.140
1454.756	13.135
1456.150	13.127
1457.569	13.119
1459.146	13.105
1460.843	13.087
1462.636	13.066
1464.539	13.042
1466.599	13.012
1468.678	12.982
1470.879	12.948
1473.130	12.912
1475.356	12.877
1477.670	12.838
1479.853	12.805
1482.026	12.771
1484.152	12.739
1486.142	12.712
1488.109	12.685
1489.977	12.661
1491.733	12.642
1493.449	12.623
1495.069	12.608
1496.614	12.595
1498.135	12.583
1499.615	12.572
1501.069	12.563
1502.495	12.554
1503.940	12.545
1505.382	12.536
1506.807	12.528
1508.308	12.517
1509.749	12.509
1511.238	12.499
1512.826	12.486
1514.302	12.476
1515.811	12.465
1517.356	12.453
1518.781	12.444
1520.164	12.437
1521.542	12.429
1522.832	12.424
1523.959	12.424
1525.089	12.423
1526.148	12.424
1526.992	12.432
1527.833	12.440
1528.616	12.450
1529.237	12.464
1529.872	12.478
1530.457	12.494
1530.955	12.513
1531.478	12.531
1531.973	12.550
1532.454	12.570
1532.989	12.588
1533.546	12.606
1534.174	12.622
1534.903	12.635
1535.745	12.646
1536.757	12.652
1537.938	12.653
1539.346	12.647
1541.039	12.634
1542.903	12.615
1545.118	12.587
1547.686	12.548
1550.212	12.509
1553.036	12.462
1555.935	12.412
1558.573	12.369
1561.271	12.324
1563.729	12.285
1565.896	12.255
1567.897	12.228
1569.557	12.212
1571.039	12.201
1572.363	12.194
1573.444	12.195
1574.443	12.198
1575.346	12.204
1576.201	12.211
1577.017	12.220
1577.794	12.230
1578.620	12.239
1579.468	12.248
1580.291	12.257
1581.178	12.264
1582.154	12.270
1583.101	12.276
1584.110	12.280
1585.209	12.282
1586.319	12.283
1587.419	12.285
1588.540	12.285
1589.718	12.285
1590.852	12.285
1591.951	12.286
1593.049	12.287
1594.117	12.289
1595.077	12.293
1595.993	12.299
1596.927	12.304
1597.729	12.313
1598.460	12.324
1599.175	12.335
1599.799	12.348
1600.365	12.364
1600.886	12.380
1601.375	12.398
1601.798	12.417
1602.167	12.438
1602.549	12.459
1602.879	12.481
1603.155	12.505
1603.443	12.529
1603.708	12.554
1603.929	12.579
1604.153	12.605
1604.369	12.631
1604.553	12.659
1604.737	12.686
1604.929	12.713
1605.087	12.741
1605.246	12.770
1605.424	12.798
1605.566	12.827
1605.711	12.856
1605.882	12.885
1606.017	12.914
1606.161	12.944
1606.328	12.973
1606.468	13.003
1606.617	13.032
1606.788	13.062
1606.944	13.092
1607.109	13.121
1607.295	13.150
1607.490	13.179
1607.696	13.208
1607.921	13.237
1608.185	13.264
1608.462	13.291
1608.768	13.317
1609.132	13.342
1609.526	13.366
1609.973	13.388
1610.505	13.408
1611.113	13.425
1611.808	13.440
1612.612	13.451
1613.563	13.458
1614.624	13.462
1615.777	13.462
1617.159	13.456
1618.624	13.446
1620.219	13.433
1622.041	13.412
1623.887	13.390
1625.824	13.364
1627.845	13.337
1629.815	13.310
1631.767	13.284
1633.711	13.258
1635.584	13.234
1637.357	13.214
1639.076	13.195
1640.694	13.179
1642.243	13.165
1643.771	13.153
1645.199	13.143
1646.618	13.134
1648.058	13.125
1649.439	13.117
1650.837	13.109
1652.268	13.100
1653.672	13.092
1655.091	13.084
1656.530	13.074
1657.947	13.066
1659.353	13.058
1660.759	13.049
1662.179	13.041
1663.570	13.033
1664.910	13.027
1666.298	13.019
1667.648	13.013
1668.931	13.008
1670.303	13.001
1671.635	12.995
1672.944	12.991
1674.389	12.982
1675.841	12.973
1677.310	12.964
1678.904	12.952
1680.574	12.937
1682.279	12.922
1684.042	12.905
1685.932	12.884
1687.874	12.862
1689.804	12.839
1691.727	12.817
1693.641	12.795
1695.497	12.774
1697.234	12.757
1698.864	12.742
1700.447	12.729
1701.887	12.719
1703.138	12.715
1704.311	12.713
1705.422	12.713
1706.335	12.718
1707.173	12.725
1708.024	12.732
1708.711	12.744
1709.327	12.757
1709.990	12.770
1710.558	12.785
1711.080	12.802
1711.620	12.818
1712.138	12.835
1712.614	12.853
1713.101	12.871
1713.612	12.888
1714.091	12.907
1714.590	12.924
1715.116	12.941
1715.657	12.958
1716.215	12.975
1716.786	12.991
1717.405	13.006
1718.057	13.019
1718.717	13.033
1719.445	13.045
1720.241	13.055
1720.996	13.066
1721.827	13.075
1722.767	13.081
1723.620	13.089
1724.573	13.094
1725.611	13.097
1726.533	13.103
1727.526	13.107
1728.603	13.109
1729.556	13.113
1730.517	13.118
1731.538	13.121
1732.478	13.126
1733.365	13.133
1734.313	13.138
1735.204	13.144
1736.052	13.152
1736.972	13.159
1737.909	13.164
1738.859	13.170
1739.928	13.173
1741.171	13.172
1742.589	13.166
1744.256	13.154
1746.289	13.132
1748.857	13.096
1751.905	13.049
1755.435	12.988
1759.707	12.908
1764.595	12.812
1769.630	12.712
1774.884	12.606
1780.125	12.500
1784.973	12.404
1789.388	12.319
1793.149	12.251
1796.353	12.197
1799.226	12.152
1801.572	12.121
1803.438	12.101
1805.167	12.086
1806.708	12.075
1807.984	12.071
1809.125	12.070
1810.225	12.071
1811.206	12.074
1812.080	12.080
1812.908	12.087
1813.713	12.094
1814.448	12.103
1815.149	12.114
1815.800	12.125
1816.432	12.137
1817.036	12.149
1817.622	12.162
1818.167	12.176
1818.722	12.190
1819.262	12.204
1819.797	12.219
1820.291	12.234
1820.818	12.249
1821.341	12.264
1821.869	12.278
1822.407	12.293
1822.991	12.307
1823.596	12.320
1824.225	12.333
1824.879	12.345
1825.609	12.356
1826.430	12.364
1827.312	12.371
1828.263	12.377
1829.342	12.379
1830.578	12.379
1831.883	12.376
1833.299	12.371
1834.897	12.361
1836.658	12.348
1838.491	12.333
1840.441	12.315
1842.488	12.294
1844.577	12.272
1846.642	12.251
1848.685	12.230
1850.693	12.209
1852.595	12.191
1854.410	12.175
1856.014	12.163
1857.501	12.154
1858.847	12.148
1860.068	12.145
1861.107	12.147
1862.030	12.151
1862.859	12.157
1863.584	12.166
1864.188	12.178
1864.756	12.191
1865.238	12.205
1865.671	12.221
1866.040	12.239
1866.406	12.257
1866.709	12.276
1866.990	12.296
1867.254	12.316
1867.501	12.337
1867.718	12.359
1867.938	12.380
1868.153	12.402
1868.329	12.425
1868.508	12.448
1868.690	12.471
1868.864	12.494
1869.005	12.518
1869.178	12.541
1869.344	12.565
1869.500	12.589
1869.641	12.613
1869.811	12.637
1869.966	12.661
1870.099	12.686
1870.258	12.710
1870.432	12.734
1870.582	12.758
1870.722	12.783
1870.913	12.807
1871.095	12.831
1871.264	12.856
1871.463	12.880
1871.696	12.903
1871.908	12.927
1872.139	12.950
1872.436	12.972
1872.742	12.993
1873.076	13.014
1873.476	13.034
1873.931	13.052
1874.417	13.069
1875.021	13.084
1875.707	13.097
1876.465	13.107
1877.376	13.114
1878.456	13.117
1879.598	13.118
1880.899	13.115
1882.452	13.105
1884.134	13.092
1885.816	13.079
1887.782	13.058
1889.838	13.035
1891.828	13.013
1893.906	12.989
1895.943	12.965
1897.901	12.944
1899.754	12.924
1901.448	12.909
1902.980	12.897
1904.381	12.889
1905.588	12.886
1906.652	12.886
1907.581	12.890
1908.403	12.897
1909.089	12.907
1909.710	12.919
1910.239	12.934
1910.701	12.950
1911.127	12.967
1911.491	12.987
1911.834	13.006
1912.169	13.026
1912.482	13.047
1912.767	13.069
1913.087	13.090
1913.412	13.110
1913.704	13.132
1914.054	13.153
1914.434	13.172
1914.827	13.192
1915.259	13.210
1915.778	13.227
1916.313	13.243
1916.897	13.258
1917.599	13.270
1918.372	13.280
1919.189	13.289
1920.147	13.294
1921.225	13.296
1922.293	13.298
1923.573	13.295
1924.936	13.290
1926.296	13.284
1927.752	13.276
1929.355	13.264
1930.863	13.254
1932.403	13.243
1933.944	13.232
1935.391	13.223
1936.781	13.215
1938.096	13.210
1939.349	13.206
1940.449	13.205
1941.523	13.206
1942.467	13.210
1943.303	13.217
1944.091	13.225
1944.795	13.235
1945.434	13.247
1946.027	13.260
1946.602	13.274
1947.129	13.290
1947.634	13.306
1948.149	13.322
1948.649	13.338
1949.133	13.355
1949.670	13.371
1950.243	13.385
1950.794	13.401
1951.420	13.414
1952.101	13.426
1952.788	13.438
1953.531	13.449
1954.387	13.457
1955.284	13.463
1956.166	13.470
1957.205	13.473
1958.309	13.474
1959.346	13.476
1960.505	13.476
1961.704	13.474
1962.870	13.473
1964.087	13.470
1965.318	13.467
1966.496	13.465
1967.671	13.464
1968.823	13.463
1969.888	13.464
1970.910	13.466
1971.935	13.468
1972.883	13.472
1973.718	13.479
1974.591	13.485
1975.401	13.493
1976.078	13.504
1976.766	13.515
1977.459	13.526
1978.037	13.540
1978.580	13.555
1979.180	13.569
1979.694	13.585
1980.131	13.603
1980.622	13.619
1981.086	13.637
1981.467	13.657
1981.875	13.676
1982.291	13.694
1982.627	13.716
1982.967	13.737
1983.334	13.757
1983.636	13.779
1983.946	13.801
1984.263	13.823
1984.525	13.846
1984.797	13.870
1985.073	13.893
1985.302	13.918
1985.537	13.942
1985.780	13.967
1985.988	13.992
1986.187	14.018
1986.406	14.043
1986.594	14.069
1986.763	14.096
1986.965	14.122
1987.136	14.149
1987.278	14.177
1987.461	14.204
1987.625	14.231
1987.751	14.260
1987.911	14.288
1988.072	14.316
1988.186	14.345
1988.328	14.374
1988.489	14.402
1988.595	14.432
1988.724	14.461
1988.886	14.489
1988.988	14.520
1989.106	14.550
1989.267	14.578
1989.370	14.609
1989.482	14.640
1989.640	14.669
1989.744	14.700
1989.857	14.730
1990.011	14.760
1990.118	14.791
1990.239	14.822
1990.385	14.852
1990.497	14.883
1990.630	14.914
1990.764	14.945
1990.876	14.977
1991.007	15.008
1991.133	15.039
1991.242	15.071
1991.372	15.103
1991.503	15.134
1991.609	15.167
1991.741	15.198
1991.874	15.230
1991.974	15.263
1992.109	15.295
1992.231	15.328
1992.314	15.362
1992.465	15.394
1992.582	15.427
1992.673	15.461
1992.818	15.493
1992.920	15.527
1993.023	15.561
1993.147	15.594
1993.203	15.630
1993.347	15.663
1993.459	15.697
1993.524	15.733
1993.661	15.767
1993.732	15.803
1993.828	15.838
1993.941	15.873
1993.974	15.911
1994.114	15.945
1994.188	15.982
1994.257	16.019
1994.367	16.054
1994.396	16.093
1994.512	16.128
1994.578	16.166
1994.632	16.204
1994.734	16.241
1994.756	16.281
1994.857	16.317
1994.910	16.356
1994.958	16.396
1995.040	16.434
1995.050	16.475
1995.153	16.512
1995.193	16.552
1995.243	16.592
1995.300	16.632
1995.316	16.674
1995.398	16.713
1995.415	16.755
1995.483	16.795
1995.522	16.836
1995.552	16.878
1995.603	16.919
1995.608	16.962
1995.678	17.003
1995.687	17.046
1995.745	17.088
1995.772	17.131
1995.803	17.174
1995.843	17.217
1995.854	17.261
1995.902	17.304
1995.896	17.350
1995.956	17.392
1995.957	17.438
1996.005	17.481
1996.019	17.527
1996.051	17.571
1996.075	17.616
1996.093	17.662
1996.126	17.707
1996.131	17.754
1996.170	17.799
1996.168	17.847
1996.209	17.892
1996.200	17.940
1996.246	17.986
1996.233	18.035
1996.280	18.081
1996.272	18.130
1996.313	18.177
1996.309	18.226
1996.345	18.273
1996.342	18.323
1996.375	18.371
1996.374	18.421
1996.405	18.469
1996.403	18.519
1996.433	18.568
1996.430	18.619
1996.461	18.669
1996.456	18.720
1996.487	18.770
1996.480	18.822
1996.513	18.872
1996.503	18.924
1996.536	18.975
1996.527	19.028
1996.555	19.079
1996.551	19.132
1996.574	19.184
1996.575	19.237
1996.591	19.290
1996.599	19.344
1996.608	19.397
1996.621	19.451
1996.624	19.505
1996.643	19.559
1996.638	19.614
1996.660	19.669
1996.654	19.724
1996.673	19.779
1996.676	19.835
1996.686	19.891
1996.697	19.947
1996.699	20.004
1996.714	20.060
1996.707	20.117
1996.725	20.174
1996.727	20.232
1996.736	20.289
1996.745	20.347
1996.745	20.406
1996.758	20.464
1996.756	20.523
1996.768	20.582
1996.774	20.641
1996.775	20.701
1996.787	20.761
1996.785	20.821
1996.795	20.881
1996.801	20.942
1996.801	21.003
1996.812	21.064
1996.812	21.126
1996.819	21.188
1996.826	21.250
1996.822	21.313
1996.833	21.375
1996.837	21.438
1996.837	21.501
1996.846	21.565
1996.847	21.629
1996.850	21.693
1996.857	21.757
1996.857	21.822
1996.862	21.887
1996.868	21.952
1996.867	22.018
1996.873	22.084
1996.878	22.150
1996.877	22.217
1996.882	22.284
1996.887	22.351
1996.886	22.419
1996.890	22.486
1996.895	22.554
1996.895	22.623
1996.897	22.692
1996.903	22.760
1996.904	22.830
1996.904	22.900
1996.909	22.969
1996.912	23.040
1996.911	23.111
1996.915	23.182
1996.919	23.253
1996.919	23.324
1996.920	23.396
1996.924	23.469
1996.927	23.541
1996.926	23.614
1996.928	23.688
1996.932	23.761
1996.934	23.835
1996.933	23.909
