<j>	<Ffjc>
1060.170	12.801
1061.924	12.779
1063.932	12.747
1066.183	12.704
1068.637	12.653
1071.227	12.596
1073.870	12.535
1076.475	12.476
1078.964	12.421
1081.283	12.373
1083.404	12.333
1085.329	12.300
1087.079	12.275
1088.687	12.256
1090.191	12.242
1091.629	12.230
1093.034	12.221
1094.433	12.211
1095.845	12.202
1097.282	12.192
1098.749	12.181
1100.242	12.168
1101.755	12.155
1103.274	12.142
1104.785	12.129
1106.272	12.116
1107.722	12.105
1109.121	12.095
1110.461	12.088
1111.735	12.082
1112.942	12.080
1114.081	12.079
1115.157	12.081
1116.174	12.085
1117.140	12.091
1118.062	12.099
1118.950	12.108
1119.812	12.118
1120.657	12.129
1121.495	12.141
1122.336	12.152
1123.189	12.163
1124.062	12.173
1124.966	12.183
1125.909	12.191
1126.896	12.198
1127.933	12.202
1129.023	12.205
1130.166	12.206
1131.359	12.205
1132.596	12.203
1133.865	12.199
1135.154	12.194
1136.448	12.189
1137.730	12.184
1138.984	12.180
1140.196	12.177
1141.354	12.176
1142.448	12.177
1143.475	12.181
1144.431	12.187
1145.319	12.195
1146.143	12.206
1146.909	12.219
1147.625	12.234
1148.301	12.250
1148.945	12.268
1149.567	12.287
1150.178	12.306
1150.786	12.326
1151.400	12.345
1152.031	12.364
1152.685	12.383
1153.372	12.400
1154.098	12.416
1154.869	12.430
1155.691	12.443
1156.567	12.453
1157.499	12.462
1158.486	12.468
1159.525	12.473
1160.611	12.476
1161.735	12.477
1162.887	12.477
1164.054	12.476
1165.224	12.475
1166.382	12.474
1167.516	12.474
1168.615	12.475
1169.669	12.478
1170.672	12.482
1171.620	12.489
1172.512	12.497
1173.347	12.508
1174.130	12.520
1174.863	12.535
1175.552	12.551
1176.205	12.568
1176.827	12.587
1177.427	12.607
1178.012	12.627
1178.590	12.648
1179.173	12.669
1179.769	12.690
1180.393	12.709
1181.059	12.728
1181.786	12.744
1182.599	12.758
1183.529	12.768
1184.614	12.772
1185.904	12.769
1187.457	12.758
1189.339	12.735
1191.618	12.698
1194.345	12.646
1197.544	12.578
1201.181	12.494
1205.154	12.398
1209.292	12.295
1213.388	12.193
1217.243	12.099
1220.702	12.019
1223.687	11.953
1226.185	11.905
1228.234	11.872
1229.901	11.851
1231.260	11.842
1232.380	11.840
1233.324	11.845
1234.141	11.855
1234.874	11.867
1235.552	11.882
1236.201	11.898
1236.841	11.914
1237.486	11.930
1238.149	11.946
1238.839	11.962
1239.565	11.976
1240.332	11.989
1241.143	12.000
1242.002	12.010
1242.909	12.019
1243.863	12.026
1244.861	12.032
1245.898	12.036
1246.968	12.039
1248.063	12.041
1249.173	12.043
1250.290	12.044
1251.402	12.045
1252.501	12.047
1253.577	12.049
1254.622	12.052
1255.630	12.056
1256.596	12.062
1257.517	12.069
1258.391	12.077
1259.218	12.087
1259.998	12.098
1260.734	12.111
1261.427	12.125
1262.080	12.141
1262.697	12.157
1263.281	12.175
1263.834	12.194
1264.360	12.214
1264.862	12.235
1265.342	12.257
1265.804	12.279
1266.249	12.302
1266.679	12.325
1267.097	12.349
1267.504	12.374
1267.902	12.399
1268.292	12.424
1268.675	12.449
1269.053	12.475
1269.427	12.501
1269.797	12.527
1270.165	12.553
1270.530	12.580
1270.895	12.607
1271.259	12.633
1271.623	12.660
1271.988	12.687
1272.354	12.714
1272.722	12.741
1273.092	12.768
1273.465	12.795
1273.842	12.822
1274.224	12.849
1274.611	12.876
1275.005	12.903
1275.407	12.929
1275.819	12.955
1276.242	12.981
1276.680	13.006
1277.134	13.031
1277.607	13.056
1278.104	13.079
1278.627	13.102
1279.180	13.124
1279.769	13.144
1280.397	13.164
1281.071	13.181
1281.793	13.197
1282.570	13.211
1283.403	13.222
1284.297	13.232
1285.253	13.239
1286.269	13.244
1287.343	13.247
1288.470	13.247
1289.641	13.246
1290.846	13.244
1292.074	13.240
1293.311	13.236
1294.542	13.232
1295.755	13.228
1296.936	13.226
1298.075	13.225
1299.164	13.225
1300.197	13.228
1301.170	13.233
1302.083	13.240
1302.936	13.249
1303.731	13.261
1304.472	13.274
1305.164	13.290
1305.811	13.307
1306.418	13.326
1306.991	13.346
1307.536	13.368
1308.058	13.390
1308.565	13.413
1309.061	13.437
1309.556	13.461
1310.057	13.485
1310.575	13.508
1311.123	13.530
1311.714	13.551
1312.368	13.570
1313.107	13.586
1313.961	13.598
1314.964	13.605
1316.157	13.605
1317.587	13.596
1319.304	13.577
1321.355	13.546
1323.772	13.502
1326.564	13.443
1329.702	13.372
1333.110	13.291
1336.675	13.204
1340.256	13.116
1343.718	13.032
1346.952	12.956
1349.891	12.891
1352.514	12.837
1354.834	12.794
1356.889	12.760
1358.729	12.735
1360.403	12.716
1361.960	12.701
1363.443	12.689
1364.887	12.679
1366.321	12.669
1367.768	12.660
1369.243	12.649
1370.755	12.638
1372.306	12.625
1373.894	12.611
1375.509	12.596
1377.136	12.581
1378.757	12.565
1380.353	12.551
1381.902	12.537
1383.388	12.526
1384.796	12.516
1386.114	12.510
1387.338	12.506
1388.466	12.506
1389.501	12.508
1390.449	12.513
1391.318	12.521
1392.118	12.531
1392.861	12.542
1393.557	12.556
1394.217	12.571
1394.852	12.586
1395.471	12.603
1396.084	12.619
1396.699	12.636
1397.323	12.652
1397.962	12.668
1398.621	12.684
1399.305	12.699
1400.016	12.712
1400.755	12.726
1401.523	12.738
1402.318	12.749
1403.138	12.759
1403.979	12.769
1404.834	12.778
1405.700	12.787
1406.569	12.796
1407.433	12.804
1408.287	12.813
1409.124	12.823
1409.937	12.833
1410.723	12.844
1411.476	12.855
1412.195	12.869
1412.877	12.883
1413.523	12.898
1414.132	12.915
1414.707	12.933
1415.248	12.952
1415.758	12.972
1416.240	12.993
1416.697	13.015
1417.132	13.038
1417.550	13.061
1417.952	13.085
1418.343	13.110
1418.726	13.135
1419.105	13.160
1419.483	13.185
1419.863	13.211
1420.249	13.236
1420.646	13.261
1421.057	13.286
1421.486	13.310
1421.937	13.333
1422.416	13.356
1422.927	13.378
1423.475	13.398
1424.065	13.417
1424.702	13.435
1425.390	13.450
1426.135	13.464
1426.939	13.476
1427.806	13.486
1428.737	13.493
1429.732	13.499
1430.788	13.502
1431.902	13.502
1433.068	13.501
1434.279	13.499
1435.527	13.495
1436.802	13.489
1438.096	13.484
1439.400	13.477
1440.706	13.471
1442.010	13.464
1443.308	13.458
1444.598	13.452
1445.881	13.447
1447.158	13.441
1448.432	13.436
1449.707	13.431
1450.987	13.425
1452.276	13.420
1453.577	13.414
1454.893	13.407
1456.226	13.400
1457.578	13.393
1458.949	13.384
1460.339	13.376
1461.747	13.366
1463.171	13.356
1464.610	13.346
1466.059	13.335
1467.516	13.324
1468.975	13.313
1470.431	13.301
1471.878	13.291
1473.309	13.280
1474.717	13.271
1476.094	13.262
1477.435	13.254
1478.733	13.248
1479.983	13.243
1481.181	13.240
1482.323	13.239
1483.409	13.240
1484.439	13.242
1485.414	13.247
1486.335	13.253
1487.207	13.261
1488.033	13.270
1488.819	13.281
1489.569	13.292
1490.288	13.305
1490.984	13.319
1491.661	13.334
1492.326	13.349
1492.986	13.364
1493.646	13.380
1494.315	13.395
1494.998	13.410
1495.703	13.424
1496.437	13.437
1497.208	13.449
1498.023	13.460
1498.889	13.469
1499.815	13.477
1500.807	13.482
1501.875	13.484
1503.025	13.484
1504.267	13.481
1505.609	13.475
1507.060	13.466
1508.631	13.452
1510.333	13.434
1512.177	13.412
1514.172	13.385
1516.324	13.354
1518.634	13.317
1521.095	13.275
1523.686	13.230
1526.375	13.181
1529.117	13.131
1531.858	13.081
1534.539	13.032
1537.104	12.987
1539.507	12.946
1541.712	12.912
1543.703	12.884
1545.472	12.863
1547.028	12.848
1548.387	12.839
1549.568	12.836
1550.594	12.838
1551.487	12.844
1552.269	12.853
1552.959	12.865
1553.574	12.880
1554.126	12.896
1554.629	12.915
1555.091	12.934
1555.520	12.955
1555.924	12.977
1556.307	12.999
1556.672	13.022
1557.025	13.045
1557.368	13.069
1557.703	13.093
1558.031	13.118
1558.357	13.142
1558.679	13.167
1559.001	13.192
1559.324	13.217
1559.650	13.242
1559.980	13.267
1560.315	13.292
1560.658	13.316
1561.011	13.341
1561.376	13.365
1561.755	13.389
1562.153	13.412
1562.571	13.435
1563.015	13.457
1563.490	13.478
1564.001	13.498
1564.557	13.517
1565.168	13.534
1565.845	13.549
1566.605	13.562
1567.468	13.572
1568.460	13.577
1569.614	13.578
1570.971	13.573
1572.578	13.560
1574.490	13.538
1576.760	13.505
1579.435	13.460
1582.540	13.402
1586.059	13.332
1589.925	13.251
1594.018	13.162
1598.171	13.072
1602.206	12.984
1605.962	12.905
1609.327	12.837
1612.243	12.782
1614.708	12.740
1616.757	12.711
1618.444	12.692
1619.835	12.683
1620.989	12.680
1621.962	12.683
1622.801	12.690
1623.544	12.700
1624.222	12.712
1624.860	12.726
1625.479	12.740
1626.095	12.755
1626.721	12.769
1627.369	12.783
1628.048	12.796
1628.766	12.808
1629.529	12.819
1630.342	12.829
1631.208	12.837
1632.129	12.843
1633.103	12.848
1634.129	12.852
1635.201	12.854
1636.312	12.855
1637.454	12.855
1638.615	12.855
1639.783	12.854
1640.945	12.853
1642.090	12.852
1643.206	12.852
1644.283	12.854
1645.312	12.856
1646.289	12.860
1647.209	12.865
1648.073	12.872
1648.883	12.881
1649.642	12.891
1650.358	12.902
1651.039	12.915
1651.697	12.928
1652.345	12.941
1653.001	12.955
1653.686	12.968
1654.424	12.980
1655.246	12.990
1656.191	12.996
1657.304	12.999
1658.640	12.996
1660.261	12.985
1662.236	12.965
1664.633	12.935
1667.507	12.891
1670.889	12.835
1674.764	12.765
1679.061	12.684
1683.653	12.595
1688.367	12.503
1693.017	12.412
1697.437	12.328
1701.510	12.252
1705.170	12.187
1708.406	12.133
1711.242	12.090
1713.719	12.055
1715.888	12.029
1717.797	12.009
1719.488	11.995
1720.995	11.985
1722.345	11.979
1723.559	11.977
1724.654	11.977
1725.644	11.980
1726.539	11.985
1727.349	11.993
1728.083	12.002
1728.748	12.013
1729.350	12.025
1729.897	12.039
1730.394	12.054
1730.846	12.070
1731.259	12.087
1731.636	12.105
1731.984	12.123
1732.304	12.143
1732.601	12.163
1732.877	12.183
1733.136	12.205
1733.381	12.226
1733.613	12.248
1733.834	12.270
1734.048	12.293
1734.255	12.316
1734.457	12.339
1734.657	12.362
1734.855	12.385
1735.053	12.408
1735.253	12.432
1735.456	12.455
1735.665	12.479
1735.879	12.502
1736.102	12.525
1736.335	12.548
1736.581	12.571
1736.841	12.593
1737.119	12.616
1737.416	12.637
1737.736	12.659
1738.083	12.679
1738.461	12.699
1738.872	12.718
1739.323	12.736
1739.818	12.754
1740.362	12.770
1740.960	12.784
1741.618	12.797
1742.341	12.809
1743.134	12.818
1744.000	12.826
1744.944	12.832
1745.965	12.836
1747.064	12.837
1748.238	12.837
1749.480	12.835
1750.782	12.831
1752.133	12.826
1753.520	12.819
1754.928	12.813
1756.340	12.805
1757.740	12.798
1759.114	12.792
1760.447	12.786
1761.729	12.782
1762.950	12.779
1764.105	12.778
1765.191	12.779
1766.207	12.781
1767.153	12.785
1768.034	12.791
1768.853	12.799
1769.615	12.808
1770.325	12.819
1770.988	12.830
1771.609	12.843
1772.194	12.857
1772.746	12.872
1773.270	12.888
1773.770	12.904
1774.249	12.921
1774.710	12.939
1775.156	12.957
1775.589	12.975
1776.012	12.994
1776.426	13.012
1776.833	13.032
1777.236	13.051
1777.635	13.071
1778.031	13.090
1778.428	13.110
1778.825	13.130
1779.225	13.149
1779.629	13.169
1780.038	13.189
1780.455	13.208
1780.880	13.227
1781.316	13.246
1781.763	13.265
1782.224	13.283
1782.701	13.301
1783.194	13.319
1783.707	13.336
1784.239	13.353
1784.793	13.369
1785.370	13.384
1785.970	13.399
1786.596	13.413
1787.246	13.427
1787.922	13.440
1788.623	13.452
1789.348	13.463
1790.097	13.474
1790.867	13.484
1791.656	13.494
1792.464	13.503
1793.286	13.511
1794.120	13.519
1794.964	13.527
1795.815	13.535
1796.670	13.543
1797.528	13.550
1798.387	13.557
1799.246	13.565
1800.104	13.572
1800.963	13.580
1801.824	13.587
1802.688	13.594
1803.559	13.601
1804.440	13.608
1805.337	13.615
1806.255	13.621
1807.201	13.626
1808.181	13.630
1809.203	13.633
1810.275	13.635
1811.405	13.635
1812.599	13.634
1813.866	13.630
1815.210	13.625
1816.636	13.617
1818.144	13.606
1819.736	13.594
1821.405	13.579
1823.146	13.562
1824.951	13.543
1826.808	13.523
1828.707	13.502
