<j>	var(j)
1.280	0.282
2.437	0.388
3.539	0.427
4.582	0.474
5.684	0.540
6.788	0.607
7.899	0.734
9.104	1.023
10.463	1.311
11.731	1.688
13.224	2.324
14.638	1.561
15.436	0.920
15.996	0.702
16.544	0.641
17.201	0.863
18.319	1.497
19.687	1.306
20.763	1.633
22.072	1.657
23.064	0.923
23.657	0.692
24.242	0.798
25.076	1.123
26.164	1.192
27.245	1.601
28.742	2.421
30.253	1.856
31.261	1.711
32.288	2.007
33.421	2.111
34.557	2.549
35.924	3.668
37.625	5.228
39.620	7.164
41.724	6.738
43.253	4.189
44.127	2.532
44.688	1.889
45.160	1.770
45.664	2.005
46.308	2.627
47.217	3.795
48.530	5.405
50.193	6.086
51.744	4.911
52.867	3.748
53.743	3.468
54.599	3.550
55.493	3.519
56.379	3.321
57.228	3.196
58.073	3.256
58.957	3.367
59.878	3.344
60.787	3.121
61.636	2.863
62.440	2.924
63.320	3.705
64.490	5.413
66.106	7.314
67.963	7.803
69.645	7.212
71.085	7.773
72.631	11.171
74.740	16.513
77.353	17.827
79.612	13.245
81.085	9.078
82.077	7.360
82.907	6.905
83.709	6.811
84.518	6.672
85.324	6.308
86.097	5.688
86.805	4.903
87.430	4.111
87.973	3.455
88.451	3.040
88.900	2.965
89.372	3.375
89.957	4.506
90.787	6.568
92.006	9.176
93.598	10.873
95.294	11.015
96.882	11.114
98.422	11.710
99.965	11.446
101.373	9.582
102.492	7.183
103.321	5.462
103.972	4.689
104.564	4.603
105.176	4.862
105.847	5.174
106.576	5.344
107.340	5.381
108.121	5.536
108.948	6.180
109.900	7.622
111.089	10.079
112.629	13.855
114.629	18.940
117.083	22.609
119.586	20.168
121.507	13.237
122.666	7.406
123.311	4.275
123.700	2.880
123.983	2.305
124.226	2.114
124.467	2.168
124.734	2.479
125.062	3.188
125.517	4.610
126.216	7.296
127.347	11.756
129.096	17.057
131.352	19.709
133.598	17.992
135.437	14.683
136.862	11.832
137.989	9.497
138.887	7.520
139.604	5.985
140.188	4.981
140.694	4.508
141.176	4.547
141.690	5.167
142.307	6.622
143.134	9.399
144.329	13.945
146.050	19.435
148.239	22.448
150.461	20.199
152.253	15.149
153.527	11.048
154.458	8.983
155.242	8.563
156.019	9.284
156.886	10.756
157.901	12.522
159.071	13.932
160.340	14.359
161.606	13.655
162.777	12.251
163.812	10.702
164.714	9.276
165.500	7.980
166.184	6.759
166.771	5.617
167.268	4.615
167.687	3.829
168.049	3.326
168.379	3.175
168.716	3.490
169.114	4.479
169.659	6.447
170.473	9.579
171.673	13.227
173.236	15.402
174.900	14.942
176.416	14.491
177.911	18.778
179.927	31.118
183.050	46.347
186.885	46.362
189.981	30.478
191.780	17.003
192.767	10.840
193.425	8.789
193.986	8.353
194.539	8.441
195.111	8.627
195.707	8.741
196.320	8.721
196.940	8.575
197.559	8.354
198.171	8.157
198.780	8.123
199.402	8.452
200.066	9.426
200.829	11.410
201.775	14.735
203.004	19.279
204.574	23.769
206.410	25.800
208.267	23.903
209.879	19.435
211.140	14.957
212.103	11.850
212.879	10.182
213.564	9.589
214.229	9.792
214.926	10.688
215.705	12.254
216.611	14.353
217.673	16.512
218.878	17.860
220.145	17.540
221.347	15.423
222.375	12.321
223.184	9.334
223.800	7.170
224.288	6.064
224.722	6.062
225.184	7.320
225.775	10.302
226.641	15.806
227.979	24.398
229.968	34.467
232.547	40.583
235.251	38.217
237.548	30.504
239.276	23.570
240.595	19.995
241.732	19.576
242.866	21.503
244.122	24.989
245.570	29.122
247.219	32.767
249.011	34.851
250.843	34.880
252.608	33.119
254.230	30.252
255.677	26.935
256.944	23.625
258.046	20.613
259.006	18.100
259.852	16.226
260.618	15.081
261.341	14.720
262.059	15.158
262.811	16.349
263.634	18.135
264.554	20.186
265.577	21.976
266.683	22.909
267.821	22.585
268.927	21.071
269.946	18.928
270.858	16.951
271.681	15.866
272.464	16.205
273.283	18.325
274.230	22.407
275.397	28.268
276.858	34.944
278.617	40.439
280.569	42.427
282.520	39.969
284.276	34.397
285.741	28.106
286.919	22.849
287.876	19.258
288.691	17.272
289.436	16.622
290.165	17.048
290.926	18.318
291.754	20.166
292.671	22.215
293.682	23.967
294.765	24.892
295.878	24.642
296.967	23.234
297.983	21.063
298.899	18.723
299.715	16.760
300.453	15.549
301.148	15.295
301.846	16.105
302.596	18.049
303.450	21.149
304.459	25.292
305.664	30.082
307.081	34.754
308.681	38.352
310.398	40.259
312.147	40.692
313.870	40.618
315.555	41.084
317.233	42.547
318.944	44.651
320.705	46.452
322.494	46.932
324.253	45.548
325.918	42.490
327.438	38.490
328.794	34.387
329.995	30.794
331.067	28.011
332.044	26.081
332.959	24.892
333.836	24.245
334.696	23.902
335.548	23.616
336.393	23.162
337.223	22.384
338.027	21.218
338.791	19.710
339.503	17.991
340.155	16.242
340.749	14.643
341.291	13.344
341.792	12.454
342.268	12.035
342.737	12.121
343.219	12.715
343.735	13.788
344.304	15.268
344.943	17.013
345.660	18.792
346.456	20.298
347.314	21.204
348.207	21.277
349.098	20.484
349.952	19.041
350.744	17.348
351.468	15.875
352.138	15.058
352.786	15.276
353.460	16.879
354.223	20.219
355.153	25.586
356.338	32.940
357.848	41.389
359.696	48.748
361.783	52.087
363.902	49.661
365.827	42.477
367.412	33.400
368.629	24.977
369.532	18.368
370.198	13.653
370.700	10.469
371.092	8.398
371.415	7.127
371.696	6.460
371.960	6.315
372.226	6.718
372.520	7.828
372.875	9.986
373.343	13.803
374.007	20.235
374.995	30.447
376.477	44.964
378.600	61.605
381.341	73.748
384.367	73.957
387.156	62.155
389.348	45.896
390.905	32.015
391.980	22.614
392.745	16.943
393.330	13.675
393.814	11.782
394.240	10.633
394.632	9.873
395.002	9.318
395.358	8.884
395.702	8.551
396.040	8.343
396.375	8.326
396.717	8.602
397.079	9.324
397.481	10.700
397.955	12.989
398.544	16.467
399.302	21.285
400.286	27.213
401.532	33.290
403.020	37.772
404.652	38.893
406.269	36.213
407.723	31.233
408.954	26.484
410.000	24.223
410.984	26.031
412.082	33.033
413.506	45.801
415.464	63.013
418.051	79.510
421.104	87.323
424.206	82.451
426.938	69.387
429.131	55.738
430.855	45.593
432.258	39.150
433.466	35.162
434.553	32.554
435.563	30.853
436.523	30.115
437.468	30.705
438.439	33.114
439.498	37.790
440.713	44.872
442.154	53.851
443.863	63.146
445.820	70.124
447.926	72.061
450.012	67.779
451.907	58.566
453.499	47.274
454.761	36.579
455.730	27.963
456.472	21.765
457.056	17.698
457.539	15.272
457.965	14.032
458.364	13.621
458.760	13.779
459.166	14.321
459.596	15.103
460.054	16.001
460.545	16.903
461.067	17.700
461.619	18.290
462.192	18.590
462.777	18.549
463.363	18.154
463.939	17.435
464.495	16.459
465.023	15.318
465.517	14.112
465.976	12.930
466.401	11.849
466.796	10.926
467.164	10.211
467.514	9.750
467.854	9.617
468.197	9.945
468.561	11.005
468.975	13.331
469.495	17.962
470.217	26.787
471.317	42.792
473.077	69.138
475.834	104.569
479.715	135.518
484.235	139.954
488.393	113.408
491.465	76.085
493.417	46.243
494.580	27.858
495.286	17.876
495.749	12.758
496.090	10.218
496.372	9.033
496.628	8.607
496.879	8.680
497.137	9.156
497.416	10.032
497.727	11.351
498.085	13.180
498.508	15.585
499.015	18.593
499.625	22.145
500.355	26.034
501.214	29.863
502.193	33.057
503.267	35.000
504.391	35.261
505.508	33.809
506.566	31.074
507.531	27.792
508.391	24.746
509.161	22.561
509.873	21.632
510.567	22.136
511.291	24.073
512.090	27.264
513.003	31.295
514.050	35.478
515.228	38.887
516.501	40.597
517.807	40.070
519.073	37.449
520.238	33.538
521.272	29.459
522.179	26.265
522.997	24.748
523.782	25.445
524.609	28.713
525.561	34.719
526.722	43.226
528.161	53.192
529.901	62.454
531.885	68.124
533.971	68.029
535.975	62.232
537.749	53.016
539.226	43.275
540.418	35.005
541.382	28.921
542.185	24.879
542.885	22.400
543.523	21.002
544.130	20.340
544.726	20.249
545.325	20.771
545.949	22.174
546.625	25.026
547.402	30.275
548.359	39.321
549.616	53.830
551.336	74.837
553.681	100.545
556.703	123.783
560.201	133.458
563.711	123.180
566.738	98.159
569.029	69.866
570.608	46.439
571.644	30.096
572.315	19.730
572.760	13.469
573.070	9.768
573.300	7.592
573.483	6.315
573.639	5.570
573.779	5.148
573.912	4.932
574.042	4.856
574.172	4.884
574.306	4.998
574.445	5.200
574.592	5.507
574.750	5.969
574.925	6.699
575.126	7.948
575.371	10.260
575.699	14.821
576.189	24.173
577.014	43.482
578.521	81.845
581.312	149.424
586.100	238.988
592.900	298.082
600.153	270.127
605.851	185.173
609.417	109.475
611.450	64.919
612.659	43.325
613.485	33.757
614.146	29.624
614.737	27.730
615.297	26.662
615.840	25.831
616.370	25.010
616.886	24.132
617.387	23.200
617.872	22.251
618.341	21.340
618.793	20.537
619.233	19.928
619.663	19.629
620.092	19.803
620.530	20.684
620.995	22.619
621.511	26.117
622.117	31.896
622.868	40.904
623.840	54.217
625.133	72.659
626.853	95.964
629.084	121.537
631.825	143.783
634.938	155.724
638.156	153.235
641.182	138.371
643.814	117.834
645.998	98.336
647.795	83.579
649.317	74.243
650.671	69.319
651.938	67.268
653.170	66.630
654.388	66.266
655.596	65.412
656.783	63.666
657.934	60.939
659.030	57.367
660.059	53.219
661.011	48.804
661.884	44.404
662.679	40.232
663.401	36.423
664.057	33.043
664.656	30.110
665.204	27.608
665.711	25.506
666.183	23.763
666.626	22.344
667.046	21.214
667.448	20.347
667.838	19.724
668.220	19.331
668.597	19.163
668.975	19.221
669.359	19.513
669.752	20.056
670.160	20.875
670.588	22.000
671.045	23.470
671.536	25.327
672.070	27.606
672.658	30.335
673.307	33.514
674.028	37.091
674.829	40.951
675.714	44.886
676.683	48.596
677.730	51.704
678.838	53.813
679.984	54.587
681.138	53.836
682.268	51.580
683.342	48.050
684.337	43.628
685.237	38.755
686.035	33.847
686.732	29.230
687.336	25.122
687.857	21.637
688.309	18.815
688.707	16.647
689.062	15.104
689.390	14.156
689.701	13.782
690.010	13.981
690.329	14.775
690.671	16.212
691.053	18.359
691.491	21.290
692.005	25.069
692.615	29.700
693.340	35.072
694.199	40.900
695.197	46.668
696.328	51.642
697.567	55.005
698.870	56.079
700.180	54.587
701.437	50.773
702.591	45.329
703.612	39.135
704.489	33.005
705.227	27.520
705.844	23.003
706.363	19.567
706.811	17.215
707.211	15.918
707.589	15.672
707.969	16.539
708.380	18.681
708.854	22.367
709.432	27.960
710.162	35.843
711.105	46.255
712.318	58.965
713.850	72.878
715.707	85.802
717.835	94.887
720.116	97.894
722.393	94.576
724.530	86.899
726.451	77.833
728.149	69.818
729.665	64.041
731.054	60.548
732.370	58.711
733.646	57.714
734.896	56.878
736.124	55.856
737.325	54.733
738.499	54.029
739.658	54.655
740.837	57.827
742.094	64.969
743.518	77.487
745.223	96.234
747.326	120.460
749.909	146.445
752.950	167.171
756.278	174.787
759.599	165.533
762.606	142.725
765.104	114.198
767.053	87.169
768.519	65.419
769.615	49.614
770.449	38.817
771.108	31.668
771.652	26.948
772.120	23.754
772.539	21.473
772.921	19.725
773.274	18.277
773.605	17.002
773.915	15.836
774.206	14.755
774.479	13.763
774.737	12.880
774.980	12.147
775.212	11.638
775.437	11.472
775.662	11.863
775.900	13.205
776.172	16.219
776.516	22.224
777.000	33.592
777.749	54.372
778.973	90.726
781.006	149.646
784.276	232.378
789.095	320.627
795.226	370.885
801.658	347.568
807.147	266.617
811.066	175.915
813.543	106.436
815.013	62.771
815.878	38.110
816.409	24.927
816.763	18.055
817.026	14.494
817.243	12.635
817.435	11.646
817.614	11.106
817.788	10.804
817.958	10.635
818.128	10.547
818.298	10.518
818.469	10.536
818.643	10.601
818.819	10.716
818.999	10.888
819.183	11.127
819.373	11.449
819.571	11.871
819.778	12.412
819.997	13.099
820.231	13.962
820.482	15.037
820.755	16.360
821.056	17.977
821.389	19.932
821.762	22.272
822.182	25.039
822.658	28.272
823.198	31.991
823.813	36.212
824.512	40.922
825.303	46.100
826.195	51.724
827.195	57.786
828.312	64.306
829.550	71.346
830.919	78.981
832.425	87.227
834.078	95.901
835.876	104.486
837.813	112.069
839.858	117.371
841.963	119.108
844.059	116.451
846.070	109.426
847.924	98.963
849.577	86.604
851.006	74.004
852.219	62.531
853.241	53.088
854.112	46.173
854.875	42.007
855.578	40.679
856.270	42.292
857.001	46.981
857.823	54.873
858.793	66.009
859.962	80.074
861.376	96.098
863.057	112.217
864.991	125.707
867.114	133.589
869.321	133.725
871.477	125.822
873.460	111.632
875.186	94.103
876.621	76.197
877.771	60.040
878.673	46.671
879.375	36.308
879.924	28.682
880.361	23.334
880.721	19.805
881.031	17.723
881.314	16.831
881.587	17.006
881.868	18.259
882.176	20.746
882.532	24.781
882.962	30.862
883.506	39.696
884.211	52.142
885.142	69.089
886.376	91.093
887.992	117.685
890.051	146.493
892.560	172.733
895.433	189.971
898.486	192.852
901.476	180.216
904.178	155.975
906.453	126.732
908.264	98.460
909.654	74.667
910.703	56.448
911.497	43.411
912.113	34.584
912.609	28.943
913.029	25.623
913.408	23.981
913.768	23.577
914.126	24.113
914.498	25.394
914.893	27.289
915.321	29.700
915.791	32.537
916.308	35.700
916.878	39.064
917.504	42.470
918.186	45.728
918.920	48.614
919.702	50.912
920.518	52.407
921.357	52.954
922.204	52.476
923.041	50.998
923.852	48.629
924.624	45.561
925.347	42.018
926.014	38.240
926.621	34.439
927.169	30.788
927.661	27.409
928.101	24.376
928.494	21.719
928.847	19.444
929.164	17.520
929.454	15.923
929.719	14.606
929.964	13.530
930.193	12.660
930.410	11.962
930.617	11.410
930.816	10.990
931.010	10.694
931.200	10.535
931.389	10.546
931.582	10.799
931.781	11.437
931.997	12.729
932.241	15.185
932.540	19.771
932.940	28.335
933.529	44.335
934.469	73.973
936.049	127.135
938.741	215.465
943.143	340.123
949.631	466.773
957.678	522.051
965.696	464.170
972.138	340.117
976.543	222.158
979.320	141.099
981.069	93.684
982.239	67.976
983.102	54.421
983.805	47.295
984.425	43.523
985.002	41.546
985.557	40.584
986.104	40.255
986.648	40.392
987.198	40.929
987.759	41.865
988.335	43.242
988.934	45.113
989.562	47.562
990.227	50.661
990.939	54.489
991.707	59.093
992.543	64.481
993.457	70.591
994.459	77.281
995.554	84.276
996.746	91.198
998.031	97.552
999.399	102.794
1000.829	106.390
1002.300	107.945
1003.780	107.252
1005.239	104.365
1006.647	99.569
1007.982	93.330
1009.226	86.185
1010.370	78.654
1011.411	71.172
1012.352	64.056
1013.199	57.501
1013.960	51.605
1014.645	46.385
1015.262	41.812
1015.821	37.834
1016.328	34.385
1016.792	31.400
1017.219	28.816
1017.612	26.583
1017.977	24.658
1018.318	23.005
1018.638	21.594
1018.941	20.406
1019.229	19.422
1019.506	18.636
1019.773	18.037
1020.034	17.631
1020.291	17.429
1020.548	17.447
1020.807	17.726
1021.073	18.313
1021.350	19.296
1021.645	20.790
1021.967	22.961
1022.327	26.043
1022.739	30.351
1023.224	36.298
1023.810	44.392
1024.532	55.202
1025.433	69.276
1026.565	86.880
1027.980	107.727
1029.719	130.452
1031.794	152.361
1034.170	169.656
1036.753	178.457
1039.396	176.475
1041.942	164.149
1044.252	144.527
1046.246	121.786
1047.902	99.622
1049.244	80.419
1050.325	65.156
1051.202	53.901
1051.933	46.230
1052.567	41.624
1053.145	39.636
1053.704	39.992
1054.276	42.646
1054.894	47.762
1055.594	55.766
1056.419	67.253
1057.420	83.014
1058.659	103.737
1060.204	129.721
1062.122	160.244
1064.459	192.822
1067.217	222.923
1070.325	244.576
1073.635	252.522
1076.947	244.610
1080.060	223.111
1082.825	193.418
1085.173	161.480
1087.104	131.809
1088.666	106.691
1089.925	86.733
1090.949	71.466
1091.796	60.042
1092.511	51.563
1093.128	45.233
1093.674	40.459
1094.165	36.773
1094.615	33.868
1095.031	31.505
1095.421	29.544
1095.789	27.881
1096.139	26.448
1096.472	25.206
1096.792	24.130
1097.100	23.205
1097.398	22.428
1097.688	21.796
1097.972	21.317
1098.252	20.998
1098.529	20.852
1098.807	20.895
1099.087	21.149
1099.373	21.641
1099.668	22.404
1099.976	23.480
1100.301	24.921
1100.649	26.786
1101.026	29.149
1101.439	32.090
1101.897	35.698
1102.410	40.055
1102.988	45.242
1103.644	51.286
1104.391	58.186
1105.237	65.803
1106.196	73.924
1107.270	82.131
1108.459	89.902
1109.754	96.606
1111.135	101.596
1112.575	104.390
1114.043	104.767
1115.502	102.881
1116.925	99.266
1118.288	94.747
1119.584	90.328
1120.817	87.037
1122.008	85.832
1123.187	87.533
1124.395	92.761
1125.683	101.842
1127.101	114.674
1128.697	130.501
1130.504	147.727
1132.528	163.878
1134.740	175.928
1137.074	181.091
1139.427	177.743
1141.694	166.092
1143.770	148.152
1145.594	126.788
1147.133	104.953
1148.398	84.732
1149.412	67.375
1150.219	53.216
1150.855	42.142
1151.363	33.707
1151.771	27.424
1152.106	22.809
1152.387	19.454
1152.629	17.033
1152.844	15.292
1153.039	14.046
1153.219	13.159
1153.390	12.532
1153.555	12.098
1153.715	11.808
1153.872	11.631
1154.029	11.546
1154.186	11.539
1154.343	11.603
1154.503	11.735
1154.666	11.936
1154.833	12.209
1155.006	12.559
1155.184	12.994
1155.371	13.522
1155.566	14.158
1155.772	14.913
1155.991	15.806
1156.224	16.858
1156.476	18.092
1156.747	19.543
1157.042	21.248
1157.366	23.257
1157.722	25.634
1158.118	28.454
1158.560	31.818
1159.057	35.847
1159.620	40.681
1160.262	46.488
1160.999	53.427
1161.847	61.643
1162.828	71.202
1163.960	82.045
1165.260	93.866
1166.738	106.100
1168.396	117.864
1170.217	128.100
1172.171	135.779
1174.212	140.250
1176.290	141.485
1178.358	140.190
1180.382	137.625
1182.352	135.269
1184.275	134.447
1186.180	136.023
1188.098	140.195
1190.069	146.582
1192.115	154.128
1194.250	161.550
1196.460	167.532
1198.725	171.265
1201.007	172.780
1203.284	172.967
1205.536	173.435
1207.777	175.945
1210.035	181.918
1212.355	191.827
1214.785	204.993
1217.354	219.214
1220.064	231.304
1222.874	237.653
1225.704	235.484
1228.450	223.830
1231.008	203.937
1233.296	178.635
1235.270	151.305
1236.923	124.840
1238.276	101.138
1239.366	81.092
1240.240	64.810
1240.939	51.968
1241.502	42.033
1241.959	34.438
1242.337	28.674
1242.653	24.309
1242.924	21.005
1243.160	18.497
1243.369	16.591
1243.559	15.140
1243.733	14.035
1243.896	13.197
1244.051	12.571
1244.200	12.111
1244.344	11.789
1244.486	11.584
1244.627	11.477
1244.767	11.463
1244.908	11.532
1245.051	11.685
1245.198	11.926
1245.348	12.259
1245.503	12.701
1245.666	13.269
1245.837	13.995
1246.019	14.917
1246.215	16.096
1246.428	17.609
1246.663	19.572
1246.927	22.142
1247.228	25.547
1247.578	30.103
1247.996	36.268
1248.503	44.692
1249.132	56.289
1249.931	72.323
1250.962	94.438
1252.310	124.578
1254.083	164.606
1256.404	215.215
1259.391	274.304
1263.102	334.890
1267.480	384.908
1272.312	410.845
1277.242	404.897
1281.898	369.782
1285.989	317.067
1289.395	259.858
1292.128	207.639
1294.283	164.732
1295.983	131.757
1297.340	107.530
1298.451	90.319
1299.389	78.502
1300.209	70.763
1300.956	66.133
1301.658	63.899
1302.342	63.577
1303.027	64.820
1303.730	67.397
1304.464	71.126
1305.242	75.877
1306.074	81.515
1306.970	87.894
1307.937	94.839
1308.980	102.112
1310.101	109.422
1311.300	116.425
1312.572	122.720
1313.908	127.898
1315.293	131.594
1316.710	133.493
1318.141	133.418
1319.561	131.336
1320.953	127.356
1322.293	121.730
1323.571	114.802
1324.769	106.967
1325.883	98.612
1326.906	90.103
1327.841	81.734
1328.687	73.735
1329.452	66.272
1330.139	59.449
1330.758	53.327
1331.313	47.945
1331.815	43.327
1332.271	39.494
1332.688	36.504
1333.077	34.459
1333.447	33.531
1333.811	34.037
1334.185	36.468
1334.592	41.622
1335.065	50.709
1335.648	65.544
1336.412	88.704
1337.453	123.612
1338.908	174.158
1340.949	243.463
1343.766	331.047
1347.513	428.545
1352.208	516.728
1357.640	569.370
1363.347	566.774
1368.763	509.711
1373.430	419.061
1377.139	321.444
1379.918	235.586
1381.924	169.102
1383.356	121.520
1384.385	89.231
1385.145	67.970
1385.728	54.227
1386.199	45.402
1386.596	39.724
1386.948	36.034
1387.270	33.587
1387.573	31.913
1387.862	30.722
1388.143	29.831
1388.417	29.124
1388.685	28.536
1388.950	28.018
1389.210	27.545
1389.469	27.095
1389.723	26.661
1389.975	26.234
1390.224	25.808
1390.470	25.382
1390.714	24.957
1390.954	24.522
1391.191	24.094
1391.426	23.655
1391.656	23.223
1391.885	22.787
1392.109	22.357
1392.331	21.929
1392.550	21.508
1392.764	21.094
1392.977	20.693
1393.186	20.301
1393.393	19.925
1393.596	19.561
1393.797	19.217
1393.995	18.889
1394.192	18.583
1394.385	18.296
1394.577	18.031
1394.768	17.790
1394.956	17.572
1395.144	17.380
1395.330	17.212
1395.516	17.071
1395.701	16.957
1395.886	16.870
1396.071	16.813
1396.256	16.784
1396.442	16.785
1396.629	16.816
1396.818	16.878
1397.008	16.971
1397.201	17.096
1397.396	17.254
1397.594	17.442
1397.795	17.664
1398.000	17.918
1398.210	18.201
1398.423	18.517
1398.641	18.860
1398.865	19.228
1399.094	19.622
1399.330	20.036
1399.571	20.463
1399.819	20.905
1400.073	21.349
1400.334	21.793
1400.602	22.230
1400.877	22.645
1401.157	23.041
1401.445	23.397
1401.737	23.714
1402.035	23.978
1402.338	24.182
1402.643	24.320
1402.953	24.388
1403.264	24.382
1403.577	24.299
1403.889	24.147
1404.201	23.928
1404.511	23.661
1404.819	23.360
1405.125	23.058
1405.428	22.795
1405.729	22.635
1406.030	22.666
1406.333	23.021
1406.644	23.897
1406.971	25.586
1407.325	28.537
1407.726	33.428
1408.204	41.269
1408.803	53.571
1409.591	72.476
1410.667	100.864
1412.167	142.120
1414.271	199.258
1417.177	272.897
1421.056	358.557
1425.973	445.615
1431.815	521.700
1438.329	582.193
1445.271	634.591
1452.521	689.490
1460.075	744.417
1467.862	777.645
1475.580	761.768
1482.741	686.737
1488.880	569.492
1493.767	440.380
1497.435	324.307
1500.084	232.565
1501.965	165.767
1503.302	119.522
1504.267	88.387
1504.986	67.714
1505.540	54.049
1505.987	45.001
1506.364	39.001
1506.693	35.029
1506.991	32.433
1507.270	30.808
1507.537	29.886
1507.797	29.500
1508.056	29.546
1508.318	29.951
1508.584	30.671
1508.859	31.673
1509.144	32.933
1509.442	34.435
1509.755	36.163
1510.085	38.101
1510.435	40.227
1510.805	42.519
1511.198	44.948
1511.615	47.474
1512.057	50.061
1512.525	52.655
1513.017	55.191
1513.535	57.611
1514.078	59.840
1514.640	61.805
1515.224	63.441
1515.822	64.681
1516.433	65.475
1517.053	65.788
1517.675	65.589
1518.297	64.900
1518.912	63.731
1519.517	62.140
1520.108	60.199
1520.680	57.988
1521.233	55.625
1521.764	53.225
1522.273	50.929
1522.763	48.881
1523.234	47.248
1523.691	46.238
1524.142	46.046
1524.594	46.956
1525.058	49.306
1525.551	53.436
1526.089	59.872
1526.698	69.114
1527.405	81.770
1528.247	98.412
1529.263	119.439
1530.497	144.908
1531.988	174.159
1533.769	205.602
1535.852	236.445
1538.215	262.845
1540.800	280.700
1543.511	286.669
1546.227	279.421
1548.826	260.115
1551.204	232.025
1553.293	199.401
1555.067	166.255
1556.534	135.523
1557.723	108.897
1558.676	86.994
1559.437	69.674
1560.049	56.405
1560.546	46.514
1560.960	39.330
1561.312	34.259
1561.622	30.805
1561.904	28.577
1562.167	27.281
1562.421	26.693
1562.672	26.651
1562.924	27.046
1563.182	27.798
1563.448	28.849
1563.727	30.182
1564.020	31.785
1564.329	33.651
1564.659	35.819
1565.012	38.304
1565.391	41.167
1565.800	44.477
1566.244	48.304
1566.728	52.782
1567.260	58.034
1567.846	64.231
1568.497	71.580
1569.226	80.287
1570.045	90.608
1570.970	102.746
1572.022	116.856
1573.216	132.989
1574.573	150.937
1576.108	170.231
1577.829	190.010
1579.736	208.956
1581.814	225.576
1584.032	238.224
1586.347	245.515
1588.702	246.798
1591.039	242.172
1593.305	232.699
1595.458	220.028
1597.477	206.147
1599.355	193.006
1601.107	182.200
1602.758	174.973
1604.344	172.096
1605.905	173.937
1607.487	180.536
1609.130	191.511
1610.872	206.153
1612.742	223.287
1614.756	241.306
1616.919	258.333
1619.212	272.250
1621.601	281.284
1624.042	284.229
1626.479	280.744
1628.856	271.602
1631.132	258.274
1633.277	242.791
1635.276	227.376
1637.140	213.872
1638.888	203.947
1640.553	198.782
1642.177	199.222
1643.807	205.877
1645.493	219.084
1647.290	238.938
1649.246	265.134
1651.408	296.805
1653.816	332.322
1656.487	369.067
1659.419	403.599
1662.583	431.874
1665.915	450.152
1669.331	455.712
1672.729	447.631
1676.012	427.189
1679.095	397.076
1681.923	361.059
1684.463	322.732
1686.713	285.036
1688.686	250.023
1690.408	218.792
1691.910	191.759
1693.224	168.815
1694.380	149.598
1695.405	133.647
1696.322	120.447
1697.149	109.521
1697.904	100.472
1698.598	92.943
1699.241	86.649
1699.844	81.346
1700.410	76.846
1700.947	73.003
1701.459	69.689
1701.948	66.796
1702.420	64.252
1702.875	61.989
1703.314	59.950
1703.742	58.105
1704.156	56.394
1704.560	54.813
1704.955	53.335
1705.339	51.917
1705.715	50.577
1706.082	49.290
1706.441	48.034
1706.792	46.830
1707.135	45.645
1707.471	44.486
1707.799	43.363
1708.121	42.246
1708.434	41.157
1708.740	40.087
1709.042	39.032
1709.334	37.999
1709.620	36.981
1709.901	35.987
1710.173	35.008
1710.440	34.051
1710.700	33.116
1710.954	32.198
1711.203	31.309
1711.445	30.437
1711.681	29.592
1711.912	28.770
1712.137	27.973
1712.357	27.203
1712.572	26.457
1712.781	25.741
1712.986	25.052
1713.186	24.393
1713.382	23.762
1713.573	23.164
1713.760	22.598
1713.944	22.065
1714.124	21.567
1714.301	21.108
1714.475	20.689
1714.646	20.311
1714.815	19.982
1714.982	19.703
1715.147	19.481
1715.312	19.322
1715.475	19.235
1715.639	19.228
1715.804	19.319
1715.970	19.516
1716.139	19.842
1716.312	20.320
1716.490	20.976
1716.675	21.846
1716.869	22.972
1717.073	24.403
1717.292	26.202
1717.529	28.441
1717.787	31.208
1718.073	34.603
1718.391	38.746
1718.749	43.760
1719.156	49.798
1719.621	56.989
1720.155	65.478
1720.770	75.360
1721.479	86.683
1722.295	99.390
1723.232	113.317
1724.298	128.064
1725.499	143.068
1726.834	157.531
1728.298	170.496
1729.871	180.930
1731.527	187.902
1733.235	190.728
1734.952	189.103
1736.639	183.193
1738.261	173.594
1739.786	161.223
1741.194	147.096
1742.471	132.236
1743.615	117.513
1744.629	103.548
1745.522	90.764
1746.303	79.381
1746.988	69.437
1747.589	60.890
1748.116	53.620
1748.582	47.476
1748.997	42.298
1749.368	37.936
1749.702	34.254
1750.006	31.128
1750.282	28.464
1750.537	26.172
1750.772	24.187
1750.990	22.458
1751.194	20.941
1751.386	19.599
1751.565	18.412
1751.735	17.360
1751.896	16.426
1752.048	15.604
1752.194	14.887
1752.334	14.267
1752.470	13.742
1752.600	13.317
1752.728	12.998
1752.853	12.791
1752.977	12.699
1753.101	12.751
1753.226	12.971
1753.355	13.387
1753.489	14.069
1753.630	15.104
1753.784	16.628
1753.956	18.882
1754.152	22.222
1754.387	27.296
1754.679	35.141
1755.061	47.574
1755.585	67.623
1756.340	100.426
1757.471	154.142
1759.214	241.044
1761.925	376.356
1766.085	571.174
1772.198	814.746
1780.472	1050.190
1790.408	1181.054
1800.727	1140.421
1809.967	957.767
1817.268	727.605
1822.599	526.314
1826.374	381.302
1829.091	287.770
1831.147	230.825
1832.809	197.112
1834.239	176.993
1835.529	164.424
1836.731	155.795
1837.871	148.986
1838.963	142.802
1840.009	136.629
1841.009	130.180
1841.960	123.323
1842.860	116.132
1843.708	108.697
1844.502	101.117
1845.240	93.577
1845.922	86.218
1846.553	79.092
1847.132	72.357
1847.661	66.077
1848.147	60.251
1848.591	54.945
1848.995	50.161
1849.367	45.857
1849.708	42.054
1850.021	38.706
1850.311	35.780
1850.580	33.264
1850.831	31.096
1851.067	29.278
1851.290	27.756
1851.503	26.516
1851.708	25.534
1851.905	24.790
1852.098	24.266
1852.288	23.953
1852.477	23.836
1852.665	23.910
1852.856	24.178
1853.049	24.628
1853.247	25.264
1853.452	26.099
1853.664	27.126
1853.885	28.353
1854.118	29.800
1854.364	31.463
1854.625	33.350
1854.902	35.487
1855.199	37.857
1855.516	40.475
1855.857	43.343
1856.223	46.445
1856.617	49.777
1857.040	53.304
1857.495	57.012
1857.981	60.830
1858.502	64.729
1859.057	68.615
1859.646	72.424
1860.268	76.059
1860.922	79.434
1861.605	82.449
1862.314	85.030
1863.046	87.098
1863.795	88.616
1864.557	89.562
1865.327	89.957
1866.100	89.860
1866.873	89.378
1867.641	88.643
1868.404	87.857
1869.160	87.241
1869.914	87.082
1870.667	87.713
1871.428	89.516
1872.209	92.957
1873.023	98.552
1873.892	106.938
1874.839	118.812
1875.896	134.883
1877.100	155.898
1878.494	182.431
1880.123	214.573
1882.032	251.823
1884.260	292.832
1886.824	334.839
1889.715	374.305
1892.903	407.502
1896.312	431.410
1899.854	445.228
1903.453	450.917
1907.037	453.262
1910.595	458.432
1914.159	472.749
1917.805	501.188
1921.639	545.668
1925.773	604.238
1930.285	669.886
1935.196	731.045
1940.430	773.582
1945.827	785.380
1951.155	760.816
1956.180	702.978
1960.708	622.116
1964.633	531.201
1967.928	441.543
1970.634	360.672
1972.825	292.104
1974.590	236.351
1976.015	192.334
1977.174	158.170
1978.129	131.891
1978.927	111.811
1979.606	96.428
1980.195	84.604
1980.714	75.491
1981.178	68.408
1981.602	62.857
1981.992	58.484
1982.357	55.007
1982.702	52.208
1983.030	49.939
1983.346	48.078
1983.651	46.527
1983.947	45.219
1984.237	44.093
1984.519	43.104
1984.797	42.218
1985.070	41.408
1985.338	40.649
1985.602	39.922
1985.863	39.216
1986.119	38.517
1986.373	37.816
1986.622	37.108
1986.867	36.388
1987.108	35.652
1987.345	34.898
1987.578	34.125
1987.807	33.329
1988.031	32.515
1988.250	31.685
1988.464	30.835
1988.673	29.970
1988.877	29.097
1989.076	28.211
1989.269	27.315
1989.456	26.419
1989.638	25.523
1989.816	24.623
1989.987	23.728
1990.152	22.844
1990.312	21.963
1990.467	21.094
1990.614	20.246
1990.757	19.412
1990.896	18.590
1991.028	17.790
1991.155	17.011
1991.277	16.257
1991.394	15.524
1991.507	14.810
1991.614	14.127
1991.716	13.469
1991.816	12.829
1991.910	12.220
1991.999	11.636
1992.086	11.072
1992.169	10.537
1992.247	10.026
1992.323	9.535
1992.394	9.073
1992.463	8.628
1992.528	8.208
1992.590	7.809
1992.651	7.429
1992.707	7.071
1992.762	6.730
1992.814	6.409
1992.865	6.103
1992.912	5.816
1992.958	5.543
1993.002	5.287
1993.044	5.044
1993.084	4.815
1993.122	4.600
1993.159	4.396
1993.195	4.205
1993.229	4.024
1993.262	3.854
1993.293	3.693
1993.324	3.542
1993.353	3.400
1993.381	3.265
1993.408	3.139
1993.435	3.020
1993.460	2.907
1993.485	2.801
1993.509	2.701
1993.532	2.607
1993.554	2.518
1993.576	2.434
1993.597	2.355
1993.617	2.280
1993.637	2.209
1993.657	2.142
1993.676	2.079
1993.694	2.019
1993.712	1.962
1993.729	1.908
1993.747	1.856
1993.764	1.808
1993.780	1.761
1993.796	1.717
1993.812	1.675
1993.827	1.636
1993.842	1.598
1993.857	1.561
1993.872	1.526
1993.886	1.493
1993.901	1.461
1993.914	1.431
1993.928	1.401
1993.941	1.373
1993.955	1.346
1993.968	1.320
1993.980	1.295
1993.993	1.271
1994.006	1.247
1994.018	1.225
1994.030	1.203
1994.042	1.182
1994.054	1.162
1994.065	1.142
1994.077	1.122
1994.088	1.104
1994.100	1.086
1994.111	1.068
1994.122	1.051
1994.133	1.034
1994.144	1.018
1994.154	1.002
1994.165	0.986
1994.175	0.971
1994.185	0.956
1994.195	0.942
1994.206	0.927
1994.216	0.913
1994.225	0.900
1994.235	0.886
1994.245	0.873
1994.255	0.860
1994.264	0.847
1994.273	0.835
1994.283	0.823
1994.292	0.811
1994.301	0.799
1994.310	0.787
1994.319	0.776
1994.328	0.764
1994.337	0.753
1994.345	0.742
1994.354	0.731
1994.362	0.721
1994.371	0.710
1994.379	0.700
1994.387	0.690
1994.396	0.680
1994.404	0.670
1994.412	0.660
1994.420	0.650
1994.427	0.641
1994.435	0.631
1994.443	0.622
1994.451	0.613
1994.458	0.604
1994.466	0.595
1994.473	0.586
1994.480	0.578
1994.488	0.569
1994.495	0.561
1994.502	0.552
1994.509	0.544
1994.516	0.536
1994.523	0.528
1994.530	0.520
1994.537	0.512
1994.543	0.504
1994.550	0.496
1994.557	0.489
1994.563	0.481
1994.569	0.474
1994.576	0.466
1994.582	0.459
1994.588	0.452
1994.594	0.445
1994.600	0.438
1994.606	0.431
1994.612	0.424
1994.618	0.417
1994.624	0.411
1994.630	0.404
1994.636	0.398
1994.641	0.391
1994.647	0.385
1994.652	0.379
1994.658	0.372
1994.663	0.366
1994.668	0.360
1994.674	0.354
1994.679	0.348
1994.684	0.343
1994.689	0.337
1994.694	0.331
1994.699	0.326
1994.704	0.320
1994.709	0.315
1994.714	0.309
1994.718	0.304
1994.723	0.299
1994.728	0.294
1994.732	0.288
1994.737	0.283
1994.741	0.278
1994.745	0.274
1994.750	0.269
1994.754	0.264
1994.758	0.259
1994.762	0.255
1994.767	0.250
1994.771	0.246
1994.775	0.241
1994.778	0.237
1994.782	0.232
1994.786	0.228
1994.790	0.224
1994.794	0.220
1994.797	0.216
1994.801	0.212
1994.805	0.208
1994.808	0.204
1994.812	0.200
1994.815	0.196
1994.819	0.192
1994.822	0.189
1994.825	0.185
1994.828	0.182
1994.832	0.178
1994.835	0.175
1994.838	0.171
1994.841	0.168
1994.844	0.165
1994.847	0.161
1994.850	0.158
1994.853	0.155
