<j>	var(j)
1.272	0.260
2.358	0.265
3.196	0.259
4.828	0.674
5.929	0.511
6.764	0.516
7.817	0.926
9.320	0.847
10.228	0.572
10.957	0.536
11.833	0.823
13.202	1.107
14.361	0.717
15.095	0.574
15.867	0.796
17.086	1.220
18.346	0.876
19.190	0.971
20.352	1.473
21.588	1.013
22.417	1.157
23.565	1.574
24.712	1.229
25.703	2.153
27.495	3.151
28.930	1.340
29.500	0.869
30.022	1.272
31.003	2.664
32.777	3.408
34.214	2.160
35.104	2.093
36.088	2.620
37.255	2.439
38.197	1.538
38.800	1.081
39.313	1.186
40.025	2.153
41.476	4.601
43.661	4.467
45.037	2.411
45.800	1.964
46.518	2.273
47.434	3.097
48.663	3.635
49.902	2.944
50.836	2.724
51.841	4.455
53.516	7.145
55.572	6.710
57.095	5.247
58.263	5.072
59.394	5.149
60.512	5.053
61.587	4.895
62.617	4.691
63.597	4.353
64.503	3.845
65.308	3.263
66.007	2.827
66.649	2.766
67.331	3.259
68.197	4.385
69.372	5.639
70.761	5.777
72.036	4.968
73.103	4.754
74.161	5.333
75.341	5.714
76.528	5.127
77.535	4.091
78.342	3.553
79.092	3.907
79.983	5.290
81.220	7.648
82.901	9.951
84.810	10.444
86.550	8.963
87.910	6.872
88.919	5.519
89.758	5.769
90.703	8.376
92.131	13.989
94.354	20.003
96.990	19.220
99.069	12.794
100.325	7.805
101.094	5.381
101.648	4.251
102.110	3.640
102.527	3.257
102.921	2.992
103.303	2.802
103.681	2.666
104.062	2.582
104.452	2.561
104.862	2.638
105.311	2.887
105.836	3.459
106.506	4.618
107.442	6.725
108.802	9.937
110.676	13.458
112.900	15.397
115.091	14.567
116.925	11.933
118.325	9.284
119.393	7.465
120.260	6.397
121.021	5.744
121.721	5.233
122.372	4.701
122.969	4.095
123.501	3.456
123.963	2.871
124.363	2.422
124.719	2.166
125.060	2.145
125.427	2.420
125.876	3.090
126.488	4.229
127.345	5.615
128.445	6.466
129.622	6.195
130.697	5.756
131.742	7.194
133.186	12.824
135.665	21.614
138.908	21.773
141.354	12.741
142.615	6.502
143.274	4.114
143.731	3.584
144.173	4.150
144.732	5.889
145.572	9.149
146.875	13.489
148.660	16.296
150.569	15.328
152.202	13.583
153.647	15.669
155.376	23.061
157.809	31.887
160.729	32.848
163.278	24.429
164.980	15.316
166.013	9.665
166.676	6.619
167.145	4.904
167.506	3.888
167.806	3.335
168.077	3.183
168.352	3.480
168.673	4.416
169.107	6.398
169.770	10.105
170.840	16.149
172.507	23.508
174.735	27.724
177.057	24.893
178.925	18.087
180.207	12.378
181.084	9.163
181.754	7.764
182.346	7.446
182.937	7.832
183.579	8.785
184.318	10.262
185.194	12.210
186.241	14.502
187.473	16.904
188.879	19.096
190.418	20.709
192.026	21.439
193.627	21.366
195.171	21.272
196.678	22.442
198.252	25.825
200.035	30.869
202.082	34.763
204.242	33.936
206.201	27.888
207.718	19.877
208.766	13.136
209.457	8.665
209.921	6.050
210.257	4.619
210.525	3.889
210.760	3.599
210.989	3.638
211.231	3.992
211.510	4.708
211.853	5.866
212.296	7.545
212.881	9.735
213.645	12.193
214.599	14.320
215.698	15.303
216.838	14.663
217.900	12.729
218.805	10.386
219.541	8.379
220.146	6.995
220.665	6.187
221.140	5.800
221.600	5.711
222.068	5.874
222.565	6.326
223.118	7.181
223.765	8.605
224.559	10.723
225.557	13.387
226.786	15.883
228.192	17.046
229.627	16.212
230.930	14.045
232.032	11.910
232.972	10.721
233.840	10.707
234.733	11.767
235.733	13.707
236.901	16.158
238.256	18.323
239.737	19.047
241.204	17.625
242.501	14.616
243.545	11.416
244.359	9.173
245.033	8.395
245.685	9.244
246.442	11.790
247.435	15.850
248.758	20.347
250.382	22.980
252.093	21.778
253.607	17.476
254.767	12.711
255.602	9.339
256.233	7.812
256.793	8.060
257.411	10.178
258.231	14.526
259.419	21.176
261.105	28.543
263.228	32.667
265.442	30.591
267.349	24.521
268.807	18.823
269.922	15.468
270.858	14.168
271.735	14.018
272.614	14.216
273.508	14.197
274.397	13.644
275.245	12.511
276.018	10.985
276.697	9.360
277.279	7.901
277.779	6.766
278.216	6.006
278.617	5.595
279.002	5.476
279.391	5.573
279.798	5.813
280.233	6.125
280.700	6.459
281.201	6.811
281.738	7.260
282.323	8.043
282.991	9.685
283.829	13.393
285.042	22.172
287.105	42.879
290.907	82.224
296.954	116.230
303.350	98.856
307.649	57.585
309.905	30.745
311.095	18.565
311.837	13.763
312.413	12.398
312.953	12.963
313.538	15.014
314.232	18.482
315.100	23.288
316.195	28.997
317.545	34.532
319.114	38.256
320.796	38.755
322.440	35.888
323.915	30.951
325.161	25.706
326.188	21.361
327.044	18.321
327.788	16.475
328.467	15.537
329.119	15.250
329.768	15.449
330.435	16.078
331.139	17.174
331.899	18.843
332.743	21.214
333.699	24.355
334.799	28.145
336.064	32.114
337.487	35.387
339.022	36.905
340.579	35.955
342.054	32.650
343.363	27.894
344.463	22.836
345.358	18.339
346.078	14.804
346.666	12.277
347.162	10.630
347.602	9.696
348.013	9.326
348.419	9.410
348.837	9.873
349.287	10.664
349.781	11.747
350.334	13.089
350.958	14.664
351.664	16.471
352.463	18.558
353.367	21.074
354.396	24.272
355.582	28.455
356.967	33.763
358.589	39.842
360.458	45.642
362.524	49.741
364.685	51.319
366.827	50.850
368.878	49.574
370.827	48.317
372.684	46.899
374.446	44.580
376.083	40.871
377.551	35.997
378.824	30.722
379.900	25.864
380.805	21.921
381.577	19.015
382.253	17.019
382.867	15.697
383.442	14.816
383.991	14.186
384.523	13.679
385.042	13.229
385.550	12.822
386.049	12.482
386.540	12.259
387.029	12.217
387.525	12.427
388.037	12.953
388.579	13.852
389.168	15.165
389.822	16.912
390.559	19.094
391.397	21.685
392.350	24.666
393.435	28.049
394.662	31.940
396.050	36.562
397.623	42.200
399.411	48.987
401.441	56.486
403.712	63.311
406.155	67.292
408.634	66.617
410.974	61.209
413.040	52.930
414.773	44.315
416.202	37.262
417.400	32.628
418.456	30.499
419.454	30.580
420.467	32.373
421.545	35.221
422.718	38.267
423.983	40.527
425.306	41.104
426.627	39.526
427.876	35.956
428.997	31.108
429.957	25.898
430.753	21.093
431.404	17.142
431.937	14.201
432.386	12.247
432.781	11.185
433.150	10.931
433.521	11.453
433.920	12.788
434.375	15.049
434.922	18.401
435.600	23.011
436.455	28.948
437.532	35.998
438.859	43.491
440.436	50.280
442.214	55.084
444.106	57.149
446.014	56.691
447.858	54.689
449.602	52.140
451.238	49.526
452.773	46.806
454.207	43.737
455.533	40.231
456.741	36.499
457.832	32.976
458.816	30.141
459.720	28.351
460.577	27.786
461.427	28.413
462.303	30.009
463.235	32.169
464.235	34.339
465.300	35.901
466.405	36.322
467.512	35.329
468.579	33.012
469.568	29.791
470.456	26.247
471.238	22.943
471.925	20.302
472.539	18.585
473.110	17.928
473.672	18.400
474.260	20.033
474.912	22.818
475.664	26.660
476.548	31.277
477.584	36.103
478.772	40.272
480.080	42.782
481.444	42.865
482.785	40.377
484.025	35.900
485.112	30.458
486.026	25.071
486.778	20.440
487.394	16.895
487.910	14.501
488.361	13.188
488.782	12.859
489.202	13.443
489.652	14.910
490.162	17.251
490.760	20.431
491.476	24.316
492.331	28.592
493.332	32.708
494.467	35.943
495.698	37.626
496.965	37.469
498.207	35.782
499.379	33.440
500.470	31.620
501.507	31.549
502.558	34.446
503.728	41.573
505.159	54.141
507.020	72.564
509.462	94.709
512.511	114.155
515.964	122.016
519.402	113.853
522.409	94.149
524.778	71.712
526.530	52.781
527.806	39.287
528.759	30.684
529.512	25.772
530.157	23.501
530.757	23.151
531.359	24.268
532.000	26.562
532.710	29.800
533.512	33.725
534.422	37.988
535.446	42.120
536.576	45.574
537.789	47.847
539.050	48.654
540.319	48.060
541.560	46.504
542.754	44.689
543.897	43.396
545.009	43.328
546.124	45.025
547.288	48.833
548.555	54.880
549.978	63.009
551.602	72.639
553.451	82.648
555.515	91.390
557.742	97.014
560.042	98.084
562.300	94.194
564.411	86.136
566.297	75.510
567.920	64.055
569.280	53.141
570.400	43.584
571.317	35.710
572.071	29.522
572.698	24.850
573.230	21.460
573.696	19.117
574.116	17.614
574.509	16.783
574.889	16.492
575.267	16.640
575.654	17.153
576.058	17.971
576.486	19.046
576.945	20.329
577.438	21.767
577.971	23.296
578.545	24.837
579.161	26.297
579.815	27.571
580.503	28.555
581.217	29.155
581.947	29.303
582.682	28.972
583.409	28.183
584.116	26.998
584.795	25.516
585.439	23.851
586.043	22.119
586.605	20.423
587.128	18.841
587.614	17.429
588.068	16.217
588.494	15.214
588.898	14.417
589.285	13.810
589.661	13.370
590.028	13.074
590.392	12.896
590.755	12.810
591.120	12.794
591.488	12.833
591.861	12.916
592.241	13.046
592.628	13.238
593.026	13.526
593.436	13.970
593.866	14.658
594.322	15.716
594.819	17.309
595.373	19.637
596.011	22.916
596.763	27.323
597.666	32.897
598.753	39.404
600.045	46.242
601.541	52.529
603.209	57.570
605.000	61.622
606.886	66.545
608.908	75.805
611.207	93.384
614.014	121.033
617.541	153.533
621.755	176.005
626.212	172.724
630.238	143.625
633.364	104.496
635.542	70.413
636.980	46.867
637.938	32.807
638.620	25.422
639.163	22.355
639.655	22.121
640.154	23.914
640.705	27.340
641.342	32.185
642.099	38.240
643.001	45.136
644.063	52.226
645.284	58.551
646.637	62.971
648.072	64.486
649.517	62.622
650.898	57.653
652.151	50.505
653.236	42.381
654.139	34.366
654.869	27.189
655.447	21.192
655.899	16.424
656.252	12.763
656.529	10.018
656.749	7.990
656.927	6.506
657.075	5.426
657.200	4.645
657.309	4.086
657.406	3.701
657.496	3.462
657.582	3.366
657.667	3.441
657.757	3.763
657.858	4.490
657.982	5.940
658.153	8.721
658.413	13.996
658.841	23.899
659.585	42.087
660.899	73.754
663.162	122.906
666.763	183.265
671.712	227.897
677.233	224.635
682.113	176.421
685.641	117.887
687.892	73.921
689.287	48.175
690.209	35.385
690.906	30.162
691.518	29.085
692.122	30.326
692.762	32.977
693.464	36.560
694.246	40.757
695.121	45.250
696.091	49.644
697.152	53.461
698.289	56.192
699.475	57.394
700.676	56.813
701.854	54.460
702.974	50.623
704.009	45.778
704.939	40.463
705.759	35.168
706.473	30.250
707.087	25.919
707.617	22.258
708.075	19.258
708.474	16.857
708.828	14.967
709.145	13.495
709.435	12.356
709.703	11.477
709.956	10.796
710.196	10.267
710.427	9.854
710.651	9.536
710.871	9.300
711.088	9.143
711.304	9.077
711.521	9.123
711.741	9.321
711.971	9.727
712.213	10.432
712.478	11.561
712.777	13.292
713.126	15.867
713.550	19.607
714.082	24.902
714.765	32.160
715.651	41.660
716.797	53.298
718.249	66.186
720.020	78.398
722.064	87.255
724.267	90.415
726.474	87.232
728.539	79.213
730.369	69.059
731.940	59.250
733.279	51.218
734.437	45.385
735.468	41.578
736.420	39.403
737.328	38.504
738.222	38.658
739.125	39.821
740.062	42.129
741.059	45.903
742.152	51.616
743.387	59.829
744.820	71.003
746.515	85.153
748.525	101.346
750.871	117.298
753.512	129.567
756.332	134.892
759.163	132.071
761.842	122.822
764.266	110.786
766.410	99.593
768.318	91.530
770.065	87.274
771.728	86.309
773.369	87.394
775.023	88.988
776.692	89.617
778.353	88.178
779.967	84.182
781.488	77.815
782.878	69.785
784.113	61.019
785.187	52.379
786.105	44.471
786.885	37.616
787.547	31.903
788.110	27.260
788.595	23.537
789.017	20.559
789.389	18.166
789.721	16.217
790.020	14.607
790.292	13.252
790.541	12.098
790.771	11.107
790.983	10.262
791.182	9.556
791.369	9.008
791.548	8.670
791.722	8.665
791.900	9.270
792.096	11.121
792.340	15.685
792.699	26.380
793.329	51.052
794.576	106.710
797.181	224.485
802.452	435.062
811.706	686.076
824.079	770.723
835.590	590.624
843.211	340.213
847.266	172.574
849.268	89.058
850.308	52.178
850.932	36.526
851.381	29.944
851.757	27.262
852.106	26.381
852.448	26.463
852.794	27.177
853.153	28.397
853.531	30.081
853.934	32.220
854.370	34.821
854.843	37.887
855.362	41.414
855.932	45.373
856.559	49.707
857.248	54.317
858.003	59.062
858.826	63.748
859.714	68.137
860.662	71.960
861.663	74.971
862.704	76.944
863.768	77.719
864.840	77.259
865.903	75.630
866.941	73.001
867.940	69.621
868.892	65.782
869.790	61.778
870.635	57.874
871.427	54.284
872.172	51.174
872.877	48.650
873.550	46.771
874.200	45.564
874.837	45.028
875.470	45.136
876.108	45.845
876.760	47.097
877.433	48.815
878.134	50.895
878.866	53.202
879.635	55.599
880.439	57.909
881.278	59.934
882.146	61.497
883.037	62.432
883.940	62.612
884.846	61.965
885.740	60.493
886.613	58.265
887.452	55.401
888.250	52.065
889.000	48.436
889.699	44.691
890.345	40.974
890.938	37.411
891.482	34.095
891.980	31.063
892.436	28.345
892.854	25.944
893.240	23.841
893.597	22.013
893.928	20.428
894.238	19.057
894.530	17.868
894.805	16.832
895.067	15.927
895.316	15.131
895.555	14.428
895.785	13.805
896.007	13.253
896.221	12.768
896.430	12.347
896.633	11.994
896.833	11.714
897.029	11.516
897.224	11.419
897.420	11.444
897.618	11.619
897.821	11.988
898.033	12.604
898.258	13.533
898.504	14.869
898.777	16.724
899.088	19.233
899.449	22.560
899.877	26.877
900.392	32.346
901.015	39.072
901.770	47.032
902.679	55.979
903.757	65.334
905.008	74.182
906.411	81.287
907.929	85.445
909.500	85.795
911.052	82.180
912.515	75.243
913.837	66.156
914.987	56.269
915.958	46.722
916.762	38.264
917.421	31.292
917.962	25.922
918.415	22.171
918.808	20.054
919.172	19.750
919.540	21.723
919.958	26.926
920.492	37.057
921.244	54.854
922.370	84.134
924.097	128.882
926.700	189.844
930.399	257.980
935.155	310.324
940.482	320.415
945.584	282.476
949.797	217.997
952.900	154.509
955.043	106.711
956.514	76.325
957.576	59.530
958.420	51.914
959.173	50.148
959.913	52.132
960.692	56.614
961.545	62.797
962.493	70.130
963.552	78.090
964.729	86.089
966.020	93.467
967.414	99.506
968.885	103.544
970.402	105.122
971.928	104.076
973.425	100.595
974.859	95.171
976.206	88.456
977.450	81.147
978.587	73.836
979.620	66.959
980.556	60.775
981.407	55.376
982.184	50.762
982.899	46.854
983.560	43.539
984.179	40.705
984.759	38.242
985.307	36.061
985.826	34.099
986.318	32.311
986.788	30.672
987.236	29.176
987.664	27.824
988.075	26.637
988.471	25.630
988.855	24.829
989.228	24.266
989.597	23.966
989.964	23.954
990.333	24.263
990.711	24.911
991.101	25.921
991.511	27.300
991.946	29.047
992.412	31.142
992.915	33.542
993.459	36.179
994.048	38.942
994.685	41.697
995.366	44.270
996.092	46.485
996.851	48.145
997.639	49.115
998.440	49.287
999.243	48.653
1000.034	47.294
1000.802	45.385
1001.539	43.198
1002.242	41.081
1002.912	39.472
1003.561	38.909
1004.207	40.100
1004.883	43.997
1005.637	51.936
1006.544	65.757
1007.706	87.753
1009.266	120.381
1011.392	164.711
1014.251	218.233
1017.921	271.717
1022.291	310.013
1027.022	319.664
1031.644	298.897
1035.765	259.358
1039.217	216.816
1042.041	182.014
1044.390	158.472
1046.430	144.988
1048.297	138.494
1050.079	135.763
1051.818	134.108
1053.526	131.587
1055.189	127.063
1056.780	120.133
1058.271	111.023
1059.640	100.358
1060.868	88.938
1061.952	77.556
1062.895	66.805
1063.706	57.139
1064.401	48.744
1064.995	41.692
1065.505	35.932
1065.947	31.342
1066.336	27.791
1066.683	25.139
1067.000	23.257
1067.297	22.038
1067.580	21.400
1067.858	21.278
1068.138	21.632
1068.424	22.435
1068.725	23.681
1069.044	25.372
1069.390	27.515
1069.767	30.129
1070.183	33.217
1070.644	36.792
1071.158	40.822
1071.730	45.271
1072.366	50.049
1073.071	55.017
1073.846	59.997
1074.693	64.753
1075.604	69.011
1076.573	72.507
1077.589	74.979
1078.635	76.264
1079.695	76.265
1080.752	75.030
1081.787	72.690
1082.787	69.490
1083.741	65.712
1084.641	61.652
1085.486	57.596
1086.276	53.791
1087.015	50.456
1087.710	47.800
1088.373	46.041
1089.015	45.477
1089.656	46.544
1090.318	49.925
1091.037	56.695
1091.866	68.506
1092.880	87.791
1094.191	117.854
1095.956	162.498
1098.374	224.584
1101.657	302.639
1105.949	386.453
1111.191	455.449
1117.045	487.100
1122.955	472.447
1128.391	423.724
1133.063	363.702
1136.958	310.682
1140.226	272.095
1143.058	247.266
1145.613	231.954
1147.993	221.520
1150.247	212.252
1152.387	201.869
1154.403	189.347
1156.277	174.710
1157.991	158.592
1159.537	141.899
1160.912	125.561
1162.125	110.264
1163.188	96.516
1164.118	84.502
1164.933	74.311
1165.651	65.790
1166.290	58.826
1166.863	53.171
1167.383	48.641
1167.862	45.032
1168.307	42.162
1168.726	39.883
1169.126	38.062
1169.508	36.595
1169.879	35.390
1170.238	34.378
1170.590	33.504
1170.934	32.717
1171.272	31.993
1171.604	31.299
1171.931	30.620
1172.252	29.944
1172.567	29.266
1172.877	28.586
1173.181	27.905
1173.479	27.233
1173.772	26.579
1174.059	25.959
1174.341	25.389
1174.619	24.888
1174.892	24.482
1175.163	24.197
1175.432	24.067
1175.702	24.128
1175.974	24.428
1176.251	25.015
1176.538	25.961
1176.837	27.334
1177.155	29.233
1177.497	31.758
1177.872	35.041
1178.289	39.214
1178.758	44.446
1179.293	50.882
1179.908	58.679
1180.621	67.945
1181.448	78.706
1182.406	90.877
1183.511	104.171
1184.775	118.095
1186.201	131.895
1187.782	144.632
1189.501	155.288
1191.329	162.947
1193.227	167.012
1195.151	167.354
1197.058	164.313
1198.912	158.675
1200.687	151.372
1202.368	143.387
1203.951	135.485
1205.441	128.241
1206.847	121.932
1208.182	116.688
1209.457	112.464
1210.685	109.193
1211.877	106.764
1213.042	105.124
1214.189	104.241
1215.327	104.160
1216.464	104.935
1217.609	106.673
1218.775	109.439
1219.970	113.292
1221.208	118.176
1222.497	123.947
1223.847	130.299
1225.263	136.791
1226.744	142.799
1228.281	147.649
1229.863	150.636
1231.464	151.180
1233.061	148.919
1234.621	143.785
1236.118	136.031
1237.524	126.170
1238.821	114.869
1239.995	102.876
1241.045	90.803
1241.967	79.247
1242.773	68.518
1243.469	58.887
1244.069	50.412
1244.583	43.111
1245.024	36.897
1245.404	31.674
1245.731	27.320
1246.015	23.713
1246.263	20.735
1246.481	18.286
1246.675	16.272
1246.849	14.620
1247.006	13.263
1247.150	12.150
1247.283	11.236
1247.406	10.487
1247.523	9.874
1247.633	9.376
1247.739	8.972
1247.841	8.651
1247.940	8.399
1248.036	8.209
1248.132	8.074
1248.226	7.989
1248.321	7.953
1248.415	7.963
1248.511	8.020
1248.608	8.125
1248.707	8.281
1248.808	8.495
1248.913	8.769
1249.022	9.116
1249.137	9.543
1249.258	10.067
1249.386	10.704
1249.524	11.474
1249.673	12.408
1249.835	13.540
1250.014	14.921
1250.212	16.616
1250.435	18.723
1250.688	21.389
1250.980	24.847
1251.322	29.461
1251.731	35.850
1252.234	45.034
1252.873	58.705
1253.715	79.613
1254.866	111.988
1256.492	161.699
1258.830	235.165
1262.181	335.289
1266.811	452.711
1272.778	557.784
1279.677	607.337
1286.684	575.433
1292.892	478.291
1297.784	358.334
1301.311	250.974
1303.729	170.246
1305.352	115.390
1306.453	80.069
1307.221	57.959
1307.783	44.212
1308.217	35.662
1308.572	30.294
1308.877	26.906
1309.151	24.776
1309.407	23.476
1309.651	22.768
1309.890	22.510
1310.128	22.632
1310.369	23.103
1310.617	23.919
1310.876	25.100
1311.149	26.663
1311.442	28.656
1311.759	31.116
1312.105	34.097
1312.487	37.637
1312.911	41.795
1313.383	46.597
1313.912	52.068
1314.505	58.194
1315.170	64.944
1315.913	72.208
1316.740	79.857
1317.653	87.666
1318.655	95.395
1319.743	102.708
1320.910	109.296
1322.149	114.856
1323.443	119.125
1324.781	121.950
1326.142	123.271
1327.512	123.160
1328.873	121.743
1330.215	119.263
1331.522	115.920
1332.789	111.943
1334.008	107.511
1335.178	102.770
1336.292	97.794
1337.351	92.656
1338.353	87.382
1339.298	82.012
1340.184	76.576
1341.011	71.110
1341.779	65.677
1342.489	60.318
1343.141	55.110
1343.738	50.091
1344.281	45.329
1344.775	40.851
1345.220	36.688
1345.621	32.868
1345.982	29.382
1346.306	26.243
1346.597	23.430
1346.857	20.942
1347.092	18.754
1347.302	16.865
1347.493	15.269
1347.667	13.976
1347.828	13.031
1347.980	12.517
1348.127	12.603
1348.278	13.600
1348.445	16.057
1348.646	20.959
1348.917	30.026
1349.312	46.171
1349.930	74.333
1350.933	122.111
1352.581	200.158
1355.252	319.078
1359.407	479.809
1365.385	654.812
1373.044	779.245
1381.470	785.614
1389.312	669.320
1395.554	494.468
1399.944	330.562
1402.793	209.324
1404.573	131.034
1405.685	84.280
1406.406	57.593
1406.906	42.730
1407.284	34.543
1407.595	30.022
1407.869	27.491
1408.123	26.015
1408.365	25.091
1408.600	24.450
1408.831	23.946
1409.058	23.500
1409.283	23.078
1409.503	22.651
1409.722	22.217
1409.936	21.764
1410.148	21.300
1410.356	20.817
1410.560	20.324
1410.760	19.823
1410.957	19.316
1411.149	18.810
1411.338	18.307
1411.521	17.818
1411.702	17.343
1411.878	16.895
1412.051	16.478
1412.220	16.103
1412.386	15.780
1412.550	15.522
1412.712	15.344
1412.874	15.262
1413.036	15.297
1413.199	15.476
1413.365	15.830
1413.537	16.398
1413.716	17.227
1413.905	18.372
1414.109	19.912
1414.332	21.926
1414.580	24.524
1414.859	27.827
1415.177	31.973
1415.547	37.124
1415.977	43.435
1416.484	51.069
1417.081	60.123
1417.787	70.659
1418.616	82.563
1419.584	95.555
1420.703	109.126
1421.972	122.412
1423.388	134.444
1424.932	144.012
1426.568	150.076
1428.255	151.874
1429.946	149.192
1431.587	142.397
1433.141	132.340
1434.571	120.219
1435.862	107.220
1437.008	94.438
1438.014	82.695
1438.895	72.544
1439.670	64.331
1440.360	58.244
1440.990	54.423
1441.584	53.029
1442.170	54.297
1442.778	58.599
1443.442	66.464
1444.205	78.568
1445.113	95.658
1446.224	118.405
1447.600	147.061
1449.301	180.964
1451.376	217.965
1453.840	254.037
1456.661	283.586
1459.739	300.810
1462.925	301.787
1466.042	286.289
1468.929	257.945
1471.480	222.509
1473.644	186.015
1475.434	152.748
1476.896	125.080
1478.089	103.819
1479.085	88.525
1479.939	78.532
1480.704	72.895
1481.422	70.873
1482.126	71.835
1482.846	75.367
1483.607	81.237
1484.432	89.357
1485.343	99.844
1486.365	112.959
1487.521	129.166
1488.844	149.149
1490.370	173.767
1492.145	204.045
1494.219	240.851
1496.649	284.616
1499.491	334.502
1502.785	387.737
1506.532	439.093
1510.678	481.102
1515.106	506.164
1519.634	508.847
1524.057	488.539
1528.194	449.559
1531.908	399.371
1535.149	345.688
1537.908	294.471
1540.238	249.176
1542.193	211.051
1543.843	179.906
1545.246	154.857
1546.454	134.724
1547.506	118.448
1548.433	105.076
1549.256	93.910
1549.993	84.411
1550.657	76.194
1551.258	69.002
1551.804	62.643
1552.301	57.002
1552.754	51.993
1553.170	47.551
1553.551	43.630
1553.902	40.194
1554.227	37.217
1554.529	34.667
1554.812	32.521
1555.078	30.762
1555.332	29.376
1555.576	28.359
1555.812	27.703
1556.045	27.419
1556.277	27.533
1556.511	28.078
1556.752	29.115
1557.003	30.725
1557.270	33.033
1557.560	36.208
1557.879	40.478
1558.239	46.156
1558.651	53.643
1559.135	63.480
1559.709	76.330
1560.403	92.992
1561.253	114.414
1562.298	141.473
1563.591	174.933
1565.186	214.997
1567.134	260.781
1569.476	309.912
1572.223	357.996
1575.347	399.051
1578.760	426.517
1582.331	435.305
1585.900	423.622
1589.293	393.815
1592.389	351.243
1595.106	302.615
1597.412	253.924
1599.332	209.141
1600.901	170.591
1602.176	138.752
1603.214	113.266
1604.060	93.298
1604.760	77.795
1605.346	65.859
1605.844	56.637
1606.275	49.493
1606.653	43.903
1606.991	39.485
1607.296	35.942
1607.576	33.063
1607.834	30.689
1608.076	28.703
1608.302	27.025
1608.517	25.590
1608.721	24.353
1608.917	23.284
1609.104	22.355
1609.286	21.549
1609.461	20.852
1609.632	20.255
1609.799	19.749
1609.962	19.328
1610.123	18.989
1610.282	18.729
1610.439	18.548
1610.596	18.442
1610.753	18.417
1610.910	18.474
1611.068	18.619
1611.229	18.859
1611.393	19.208
1611.561	19.685
1611.734	20.318
1611.913	21.148
1612.101	22.234
1612.300	23.668
1612.514	25.580
1612.746	28.167
1613.004	31.722
1613.296	36.675
1613.638	43.665
1614.048	53.624
1614.557	67.894
1615.205	88.371
1616.055	117.599
1617.190	158.792
1618.722	215.544
1620.794	290.890
1623.562	385.324
1627.165	494.038
1631.677	604.616
1637.030	698.036
1642.983	756.019
1649.188	772.145
1655.295	757.582
1661.101	736.413
1666.615	732.787
1672.002	760.942
1677.512	820.560
1683.329	895.282
1689.527	959.248
1695.965	983.576
1702.350	950.224
1708.319	859.865
1713.556	730.414
1717.891	586.970
1721.307	450.930
1723.891	334.926
1725.793	243.045
1727.166	174.007
1728.146	124.015
1728.845	88.749
1729.346	64.370
1729.712	47.764
1729.984	36.608
1730.195	29.225
1730.365	24.430
1730.508	21.411
1730.634	19.608
1730.751	18.643
1730.864	18.266
1730.974	18.309
1731.086	18.656
1731.200	19.239
1731.319	20.013
1731.443	20.950
1731.574	22.030
1731.712	23.248
1731.858	24.601
1732.013	26.088
1732.179	27.715
1732.356	29.484
1732.544	31.399
1732.746	33.465
1732.962	35.688
1733.193	38.068
1733.441	40.607
1733.706	43.303
1733.990	46.153
1734.293	49.145
1734.617	52.267
1734.963	55.501
1735.331	58.826
1735.722	62.208
1736.137	65.611
1736.576	68.999
1737.039	72.317
1737.525	75.506
1738.033	78.512
1738.562	81.283
1739.112	83.751
1739.680	85.850
1740.260	87.536
1740.854	88.762
1741.459	89.478
1742.066	89.673
1742.676	89.336
1743.287	88.456
1743.889	87.077
1744.484	85.207
1745.068	82.883
1745.634	80.206
1746.185	77.186
1746.715	73.915
1747.223	70.458
1747.709	66.869
1748.171	63.233
1748.608	59.584
1749.022	55.994
1749.411	52.493
1749.776	49.133
1750.120	45.930
1750.442	42.924
1750.745	40.122
1751.028	37.544
1751.293	35.202
1751.544	33.111
1751.781	31.263
1752.005	29.680
1752.219	28.382
1752.425	27.359
1752.625	26.645
1752.820	26.277
1753.014	26.259
1753.209	26.663
1753.408	27.546
1753.615	28.961
1753.835	31.037
1754.071	33.861
1754.332	37.602
1754.622	42.429
1754.952	48.546
1755.332	56.205
1755.773	65.648
1756.291	77.181
1756.902	91.029
1757.623	107.429
1758.477	126.446
1759.480	147.976
1760.653	171.620
1762.009	196.547
1763.555	221.571
1765.287	244.997
1767.188	264.896
1769.226	279.321
1771.353	286.626
1773.512	285.913
1775.644	277.174
1777.690	261.337
1779.600	240.094
1781.340	215.465
1782.892	189.413
1784.247	163.746
1785.415	139.682
1786.409	117.960
1787.246	99.040
1787.951	82.945
1788.541	69.465
1789.037	58.416
1789.454	49.458
1789.810	42.235
1790.115	36.496
1790.380	31.953
1790.614	28.380
1790.822	25.606
1791.012	23.461
1791.187	21.838
1791.350	20.639
1791.507	19.789
1791.657	19.238
1791.804	18.939
1791.950	18.873
1792.096	19.013
1792.244	19.355
1792.396	19.900
1792.553	20.646
1792.716	21.605
1792.889	22.807
1793.072	24.263
1793.268	26.010
1793.479	28.100
1793.708	30.575
1793.958	33.503
1794.235	36.981
1794.541	41.097
1794.883	45.994
1795.267	51.844
1795.702	58.846
1796.198	67.273
1796.767	77.446
1797.424	89.744
1798.188	104.639
1799.081	122.615
1800.127	144.166
1801.358	169.723
1802.803	199.439
1804.496	233.067
1806.463	269.671
1808.722	307.402
1811.269	343.427
1814.079	374.119
1817.094	395.674
1820.232	404.984
1823.391	400.466
1826.461	382.657
1829.347	354.051
1831.981	318.234
1834.320	279.186
1836.352	240.352
1838.088	204.063
1839.554	171.845
1840.786	144.275
1841.819	121.236
1842.688	102.476
1843.423	87.439
1844.054	75.490
1844.600	66.168
1845.080	58.981
1845.512	53.502
1845.906	49.453
1846.271	46.586
1846.618	44.684
1846.953	43.651
1847.282	43.386
1847.612	43.843
1847.946	45.023
1848.292	46.923
1848.655	49.624
1849.040	53.181
1849.455	57.711
1849.908	63.337
1850.407	70.213
1850.963	78.486
1851.586	88.321
1852.289	99.848
1853.086	113.154
1853.990	128.241
1855.014	144.966
1856.170	163.016
1857.467	181.850
1858.909	200.677
1860.493	218.501
1862.208	234.124
1864.032	246.364
1865.936	254.178
1867.886	256.810
1869.838	254.063
1871.752	246.235
1873.594	233.994
1875.333	218.489
1876.944	200.969
1878.419	182.500
1879.752	164.178
1880.949	146.764
1882.017	130.684
1882.968	116.288
1883.813	103.644
1884.569	92.671
1885.245	83.283
1885.853	75.317
1886.407	68.562
1886.913	62.858
1887.376	58.050
1887.807	53.974
1888.210	50.522
1888.587	47.603
1888.945	45.113
1889.285	43.019
1889.610	41.260
1889.925	39.807
1890.229	38.646
1890.525	37.758
1890.816	37.148
1891.104	36.820
1891.390	36.782
1891.678	37.058
1891.969	37.663
1892.267	38.629
1892.573	39.982
1892.892	41.761
1893.227	43.990
1893.581	46.712
1893.960	49.959
1894.365	53.746
1894.803	58.083
1895.280	63.009
1895.797	68.461
1896.359	74.380
1896.974	80.747
1897.641	87.380
1898.362	94.118
1899.141	100.795
1899.973	107.122
1900.856	112.836
1901.787	117.678
1902.755	121.353
1903.750	123.644
1904.762	124.398
1905.777	123.523
1906.782	121.049
1907.764	117.079
1908.713	111.812
1909.615	105.499
1910.466	98.430
1911.258	90.895
1911.990	83.174
1912.658	75.510
1913.265	68.098
1913.813	61.090
1914.305	54.587
1914.746	48.650
1915.139	43.304
1915.491	38.545
1915.804	34.353
1916.085	30.693
1916.337	27.522
1916.563	24.796
1916.769	22.465
1916.956	20.490
1917.127	18.825
1917.285	17.436
1917.432	16.287
1917.571	15.351
1917.703	14.608
1917.828	14.035
1917.950	13.619
1918.069	13.352
1918.186	13.229
1918.303	13.250
1918.421	13.425
1918.541	13.769
1918.666	14.306
1918.796	15.077
1918.934	16.138
1919.083	17.570
1919.246	19.488
1919.429	22.056
1919.638	25.498
1919.881	30.133
1920.172	36.401
1920.525	44.893
1920.964	56.420
1921.521	72.019
1922.233	92.955
1923.155	120.724
1924.354	156.737
1925.907	201.965
1927.892	255.882
1930.379	315.830
1933.399	375.801
1936.922	426.817
1940.815	458.704
1944.887	464.182
1948.892	441.957
1952.602	397.662
1955.863	341.038
1958.609	282.009
1960.848	228.011
1962.645	182.856
1964.081	147.593
1965.242	121.513
1966.203	103.219
1967.025	91.110
1967.757	83.725
1968.437	79.903
1969.092	78.688
1969.740	79.353
1970.399	81.343
1971.076	84.201
1971.779	87.565
1972.511	91.108
1973.275	94.568
1974.066	97.679
1974.884	100.244
1975.722	102.066
1976.575	103.018
1977.434	103.002
1978.292	101.982
1979.140	99.978
1979.970	97.052
1980.775	93.318
1981.548	88.916
1982.284	84.006
1982.979	78.752
1983.630	73.325
1984.237	67.861
1984.799	62.492
1985.317	57.323
1985.793	52.419
1986.229	47.846
1986.627	43.629
1986.992	39.784
1987.326	36.308
1987.631	33.184
1987.911	30.406
1988.169	27.944
1988.407	25.770
1988.627	23.857
1988.832	22.182
1989.024	20.715
1989.203	19.429
1989.372	18.303
1989.532	17.319
1989.685	16.454
1989.830	15.691
1989.970	15.016
1990.104	14.418
1990.233	13.882
1990.358	13.398
1990.479	12.960
1990.597	12.560
1990.712	12.190
1990.824	11.846
1990.933	11.524
1991.039	11.219
1991.144	10.926
1991.246	10.644
1991.346	10.373
1991.443	10.110
1991.539	9.852
1991.633	9.597
1991.724	9.348
1991.814	9.101
1991.901	8.857
1991.987	8.619
1992.071	8.378
1992.153	8.141
1992.232	7.909
1992.309	7.677
1992.386	7.448
1992.460	7.223
1992.531	7.000
1992.602	6.779
1992.669	6.564
1992.735	6.351
1992.800	6.142
1992.862	5.937
1992.923	5.737
1992.982	5.541
1993.039	5.349
1993.094	5.162
1993.148	4.980
1993.200	4.803
1993.251	4.630
1993.299	4.463
1993.347	4.301
1993.392	4.144
1993.437	3.992
1993.480	3.845
1993.521	3.703
1993.561	3.565
1993.600	3.433
1993.638	3.305
1993.674	3.182
1993.709	3.063
1993.743	2.949
1993.776	2.840
1993.808	2.734
1993.838	2.633
1993.868	2.535
1993.897	2.442
1993.925	2.352
1993.952	2.266
1993.978	2.183
1994.004	2.104
1994.028	2.028
1994.052	1.955
1994.075	1.885
1994.097	1.818
1994.118	1.754
1994.139	1.692
1994.160	1.633
1994.179	1.576
1994.198	1.522
1994.217	1.469
1994.235	1.420
1994.252	1.372
1994.269	1.325
1994.286	1.281
1994.302	1.239
1994.317	1.198
1994.332	1.159
1994.347	1.121
1994.361	1.085
1994.375	1.051
1994.389	1.017
1994.402	0.985
1994.415	0.955
1994.427	0.925
1994.439	0.897
1994.451	0.869
1994.462	0.843
1994.474	0.818
1994.484	0.793
1994.495	0.770
1994.505	0.747
1994.516	0.725
1994.526	0.704
1994.535	0.684
1994.544	0.665
1994.554	0.646
1994.563	0.627
1994.572	0.610
1994.580	0.593
1994.589	0.577
1994.597	0.561
1994.605	0.546
1994.612	0.531
1994.620	0.517
1994.628	0.503
1994.635	0.489
1994.642	0.477
1994.649	0.464
1994.656	0.452
1994.663	0.440
1994.669	0.429
1994.676	0.418
1994.682	0.407
1994.688	0.397
1994.694	0.387
1994.700	0.377
1994.706	0.368
1994.712	0.359
1994.717	0.350
1994.723	0.342
1994.728	0.333
1994.733	0.325
1994.738	0.317
1994.743	0.310
1994.748	0.302
1994.753	0.295
1994.758	0.288
1994.763	0.281
1994.767	0.275
1994.772	0.268
1994.776	0.262
1994.781	0.256
1994.785	0.250
1994.789	0.244
1994.793	0.238
1994.797	0.233
1994.801	0.228
1994.805	0.222
1994.809	0.217
1994.813	0.212
1994.816	0.208
1994.820	0.203
1994.823	0.198
1994.827	0.194
1994.830	0.189
1994.834	0.185
1994.837	0.181
1994.840	0.177
1994.844	0.173
1994.847	0.169
1994.850	0.165
