<j>	<F>
1.274	18.886
2.382	17.542
3.366	19.256
5.156	13.230
6.628	10.305
7.543	10.806
8.365	12.363
9.203	13.836
10.218	14.887
11.477	14.145
12.806	13.477
14.150	12.577
15.163	12.554
15.897	13.510
16.501	15.205
17.199	17.017
18.236	17.654
19.850	16.043
21.697	13.968
23.377	12.573
24.585	12.179
25.495	12.467
26.296	13.002
27.048	13.675
27.831	14.382
28.766	14.853
29.970	14.854
31.657	14.093
33.508	12.809
34.674	12.443
35.405	12.875
36.067	13.516
36.788	14.141
37.625	14.606
38.510	14.924
39.313	15.351
40.135	15.888
41.374	15.914
43.167	14.919
44.630	14.153
45.542	14.289
46.466	14.622
47.825	14.512
49.668	13.804
51.654	12.972
53.565	12.280
55.136	11.828
56.181	11.771
56.847	12.044
57.327	12.509
57.719	13.094
58.076	13.769
58.456	14.500
58.994	15.190
60.146	15.468
62.978	14.377
66.786	12.231
68.872	11.304
69.825	11.299
70.484	11.538
71.056	11.851
71.602	12.201
72.179	12.561
72.866	12.884
73.760	13.097
74.915	13.136
76.222	13.030
77.453	12.933
78.535	12.946
79.670	12.989
81.138	12.884
82.970	12.547
84.765	12.159
86.111	11.972
87.025	12.025
87.724	12.219
88.370	12.465
89.040	12.712
89.753	12.941
90.501	13.150
91.261	13.351
92.022	13.554
92.789	13.757
93.576	13.952
94.391	14.133
95.222	14.300
96.044	14.467
96.825	14.656
97.552	14.881
98.238	15.141
98.919	15.417
99.640	15.680
100.457	15.890
101.453	15.995
102.762	15.910
104.522	15.542
106.602	14.948
108.498	14.423
109.875	14.191
110.835	14.218
111.620	14.375
112.422	14.550
113.379	14.660
114.571	14.652
116.019	14.511
117.692	14.257
119.513	13.933
121.301	13.610
122.818	13.390
123.967	13.331
124.857	13.404
125.705	13.528
126.754	13.604
128.253	13.527
130.351	13.227
132.870	12.755
135.342	12.286
137.451	11.951
139.220	11.746
140.781	11.621
142.216	11.537
143.541	11.485
144.763	11.462
145.898	11.464
146.971	11.483
148.001	11.515
148.986	11.556
149.903	11.612
150.725	11.689
151.436	11.794
152.036	11.931
152.543	12.097
152.985	12.289
153.393	12.498
153.802	12.717
154.248	12.934
154.767	13.136
155.397	13.311
156.163	13.444
157.056	13.531
158.021	13.585
158.963	13.635
159.793	13.715
160.470	13.846
161.014	14.030
161.479	14.253
161.938	14.492
162.468	14.719
163.154	14.900
164.078	14.998
165.308	14.982
166.868	14.843
168.760	14.591
170.999	14.237
173.529	13.800
176.059	13.358
178.190	13.026
179.778	12.858
180.988	12.815
182.079	12.827
183.266	12.831
184.680	12.785
186.344	12.675
188.171	12.518
189.993	12.353
191.661	12.219
193.107	12.135
194.341	12.102
195.409	12.108
196.362	12.143
197.240	12.197
198.071	12.263
198.874	12.336
199.658	12.414
200.421	12.497
201.160	12.584
201.863	12.680
202.527	12.785
203.149	12.901
203.733	13.027
204.292	13.163
204.838	13.304
205.387	13.449
205.956	13.591
206.561	13.728
207.216	13.854
207.935	13.964
208.731	14.056
209.606	14.126
210.554	14.175
211.554	14.207
212.570	14.231
213.562	14.258
214.496	14.298
215.351	14.359
216.123	14.443
216.824	14.548
217.477	14.671
218.119	14.801
218.799	14.927
219.578	15.031
220.531	15.090
221.724	15.082
223.168	14.999
224.773	14.861
226.356	14.716
227.737	14.617
228.837	14.594
229.683	14.643
230.355	14.746
230.936	14.882
231.499	15.030
232.102	15.172
232.793	15.295
233.610	15.384
234.575	15.431
235.692	15.434
236.956	15.395
238.373	15.316
239.991	15.189
241.886	14.997
244.088	14.733
246.470	14.422
248.756	14.128
250.698	13.911
252.233	13.792
253.446	13.753
254.470	13.763
255.413	13.797
256.350	13.836
257.330	13.869
258.382	13.888
259.522	13.888
260.745	13.870
262.026	13.837
263.314	13.799
264.553	13.768
265.696	13.755
266.733	13.764
267.698	13.792
268.681	13.825
269.833	13.835
271.371	13.784
273.528	13.627
276.386	13.342
279.637	12.974
282.659	12.631
284.992	12.398
286.604	12.291
287.718	12.275
288.580	12.310
289.365	12.364
290.194	12.417
291.142	12.456
292.258	12.470
293.558	12.457
295.018	12.418
296.570	12.361
298.122	12.299
299.582	12.247
300.889	12.216
302.022	12.208
302.994	12.225
303.832	12.263
304.566	12.317
305.226	12.383
305.833	12.459
306.404	12.540
306.951	12.627
307.487	12.717
308.019	12.809
308.556	12.901
309.102	12.993
309.662	13.083
310.236	13.173
310.824	13.260
311.422	13.346
312.025	13.432
312.628	13.518
313.230	13.605
313.832	13.693
314.443	13.781
315.082	13.866
315.776	13.944
316.570	14.007
317.520	14.046
318.695	14.050
320.159	14.006
321.937	13.907
323.972	13.762
326.104	13.595
328.125	13.440
329.871	13.326
331.289	13.264
332.422	13.250
333.368	13.270
334.240	13.308
335.152	13.345
336.213	13.365
337.520	13.353
339.134	13.296
341.038	13.194
343.119	13.062
345.188	12.925
347.063	12.811
348.646	12.736
349.931	12.703
350.973	12.706
351.841	12.735
352.598	12.781
353.287	12.838
353.938	12.901
354.568	12.968
355.191	13.038
355.814	13.108
356.444	13.177
357.094	13.245
357.778	13.310
358.520	13.368
359.357	13.415
360.349	13.443
361.584	13.442
363.182	13.396
365.273	13.288
367.938	13.107
371.105	12.862
374.487	12.587
377.679	12.330
380.365	12.132
382.440	12.006
383.966	11.946
385.075	11.937
385.889	11.963
386.504	12.013
386.988	12.081
387.385	12.160
387.726	12.247
388.034	12.340
388.325	12.436
388.612	12.535
388.906	12.634
389.217	12.733
389.555	12.831
389.931	12.925
390.354	13.015
390.838	13.099
391.397	13.175
392.044	13.240
392.797	13.293
393.674	13.331
394.693	13.352
395.871	13.352
397.220	13.331
398.739	13.288
400.405	13.226
402.168	13.150
403.957	13.069
405.693	12.992
407.310	12.929
408.769	12.884
410.064	12.859
411.217	12.851
412.262	12.858
413.235	12.874
414.171	12.896
415.097	12.920
416.032	12.944
416.990	12.965
417.979	12.983
419.006	12.996
420.076	13.005
421.191	13.009
422.351	13.008
423.550	13.001
424.776	12.991
426.007	12.980
427.217	12.969
428.379	12.964
429.470	12.965
430.475	12.976
431.392	12.996
432.229	13.026
433.003	13.064
433.739	13.108
434.462	13.154
435.201	13.200
435.987	13.241
436.844	13.276
437.792	13.300
438.840	13.313
439.979	13.314
441.183	13.307
442.406	13.295
443.596	13.286
444.700	13.284
445.682	13.294
446.522	13.321
447.220	13.364
447.789	13.423
448.248	13.496
448.619	13.580
448.921	13.675
449.171	13.777
449.384	13.886
449.570	14.000
449.737	14.119
449.891	14.240
450.039	14.365
450.182	14.492
450.326	14.622
450.472	14.753
450.625	14.885
450.788	15.018
450.964	15.151
451.159	15.283
451.382	15.413
451.644	15.540
451.965	15.661
452.382	15.770
452.961	15.858
453.829	15.909
455.214	15.890
457.467	15.754
460.946	15.450
465.603	14.982
470.604	14.459
474.826	14.033
477.792	13.772
479.710	13.650
480.972	13.616
481.877	13.630
482.601	13.669
483.239	13.721
483.848	13.777
484.466	13.834
485.126	13.888
485.860	13.934
486.707	13.970
487.704	13.989
488.892	13.988
490.300	13.963
491.932	13.912
493.750	13.838
495.669	13.751
497.567	13.664
499.323	13.589
500.846	13.537
502.099	13.513
503.086	13.518
503.844	13.548
504.417	13.599
504.848	13.668
505.175	13.749
505.426	13.840
505.622	13.938
505.781	14.043
505.912	14.153
506.024	14.266
506.122	14.383
506.212	14.502
506.295	14.624
506.376	14.749
506.455	14.875
506.535	15.003
506.618	15.133
506.709	15.264
506.811	15.395
506.934	15.526
507.091	15.655
507.306	15.778
507.622	15.891
508.110	15.984
508.895	16.041
510.162	16.037
512.143	15.941
514.991	15.728
518.546	15.417
522.233	15.078
525.386	14.800
527.687	14.627
529.214	14.554
530.201	14.552
530.859	14.594
531.331	14.662
531.700	14.744
532.012	14.835
532.293	14.931
532.559	15.031
532.820	15.132
533.084	15.235
533.356	15.338
533.643	15.440
533.948	15.541
534.278	15.640
534.636	15.736
535.031	15.829
535.469	15.917
535.965	15.998
536.543	16.070
537.242	16.127
538.129	16.162
539.312	16.160
540.935	16.105
543.148	15.975
546.004	15.763
549.327	15.489
552.698	15.205
555.675	14.964
558.036	14.799
559.809	14.706
561.150	14.667
562.219	14.664
563.130	14.680
563.954	14.708
564.728	14.742
565.466	14.781
566.170	14.823
566.838	14.869
567.467	14.920
568.052	14.976
568.592	15.037
569.090	15.103
569.548	15.175
569.971	15.251
570.365	15.331
570.735	15.416
571.087	15.503
571.428	15.593
571.763	15.684
572.097	15.776
572.435	15.869
572.783	15.962
573.145	16.053
573.528	16.144
573.936	16.231
574.378	16.315
574.863	16.395
575.404	16.468
576.021	16.532
576.745	16.583
577.620	16.616
578.708	16.622
580.086	16.591
581.822	16.515
583.933	16.390
586.332	16.226
588.815	16.047
591.130	15.885
593.096	15.765
594.664	15.694
595.907	15.666
596.968	15.666
598.030	15.672
599.316	15.659
601.086	15.600
603.606	15.464
606.991	15.236
611.000	14.936
615.007	14.629
618.364	14.383
620.788	14.230
622.374	14.164
623.367	14.161
623.994	14.197
624.413	14.257
624.719	14.329
624.968	14.409
625.189	14.493
625.402	14.579
625.618	14.666
625.845	14.753
626.091	14.839
626.364	14.923
626.674	15.005
627.031	15.082
627.449	15.155
627.944	15.220
628.536	15.276
629.244	15.320
630.088	15.350
631.083	15.365
632.233	15.363
633.526	15.345
634.932	15.313
636.402	15.274
637.883	15.233
639.326	15.194
640.707	15.162
642.033	15.137
643.353	15.114
644.753	15.087
646.368	15.043
648.365	14.968
650.916	14.844
654.118	14.662
657.879	14.430
661.874	14.175
665.660	13.936
668.904	13.744
671.509	13.608
673.565	13.523
675.241	13.472
676.701	13.442
678.073	13.422
679.447	13.404
680.880	13.382
682.397	13.355
684.003	13.321
685.679	13.282
687.392	13.239
689.099	13.196
690.760	13.156
692.338	13.122
693.812	13.094
695.169	13.075
696.409	13.065
697.539	13.062
698.570	13.066
699.513	13.078
700.382	13.094
701.188	13.115
701.942	13.141
702.656	13.169
703.338	13.200
703.999	13.232
704.647	13.266
705.290	13.301
705.936	13.336
706.593	13.370
707.265	13.403
707.958	13.435
708.674	13.465
709.414	13.494
710.176	13.521
710.956	13.546
711.749	13.571
712.547	13.594
713.342	13.618
714.122	13.643
714.881	13.669
715.611	13.697
716.305	13.728
716.960	13.762
717.576	13.799
718.152	13.839
718.694	13.882
719.206	13.928
719.695	13.976
720.170	14.025
720.643	14.075
721.125	14.125
721.629	14.174
722.173	14.220
722.774	14.263
723.453	14.299
724.234	14.329
725.142	14.348
726.201	14.356
727.434	14.350
728.859	14.329
730.486	14.292
732.311	14.240
734.318	14.173
736.477	14.095
738.743	14.008
741.061	13.918
743.371	13.828
745.607	13.743
747.710	13.668
749.628	13.606
751.329	13.560
752.796	13.530
754.033	13.516
755.056	13.518
755.890	13.534
756.563	13.561
757.105	13.599
757.542	13.644
757.895	13.697
758.183	13.754
758.422	13.816
758.624	13.882
758.797	13.950
758.950	14.021
759.086	14.093
759.212	14.167
759.330	14.242
759.443	14.319
759.554	14.396
759.665	14.474
759.777	14.553
759.893	14.632
760.016	14.712
760.147	14.791
760.290	14.871
760.449	14.949
760.628	15.027
760.832	15.104
761.070	15.179
761.349	15.250
761.678	15.318
762.070	15.382
762.537	15.439
763.092	15.489
763.746	15.530
764.510	15.562
765.387	15.584
766.374	15.595
767.457	15.597
768.615	15.592
769.819	15.581
771.038	15.569
772.244	15.557
773.417	15.548
774.546	15.543
775.633	15.542
776.688	15.544
777.730	15.547
778.785	15.550
779.890	15.550
781.093	15.543
782.451	15.523
784.028	15.486
785.886	15.427
788.061	15.341
790.528	15.231
793.189	15.103
795.876	14.972
798.400	14.852
800.617	14.755
802.459	14.688
803.934	14.651
805.097	14.640
806.017	14.648
806.764	14.672
807.395	14.705
807.957	14.746
808.491	14.789
809.040	14.832
809.655	14.872
810.416	14.903
811.445	14.916
812.934	14.899
815.161	14.833
818.448	14.694
822.999	14.468
828.621	14.166
834.582	13.837
839.935	13.545
844.088	13.332
846.994	13.202
848.923	13.138
850.200	13.119
851.075	13.128
851.714	13.152
852.214	13.187
852.629	13.227
852.991	13.271
853.316	13.318
853.616	13.367
853.896	13.418
854.158	13.470
854.407	13.523
854.643	13.577
854.868	13.632
855.083	13.689
855.289	13.746
855.488	13.804
855.679	13.863
855.864	13.923
856.044	13.984
856.218	14.046
856.388	14.108
856.555	14.171
856.719	14.235
856.879	14.299
857.038	14.364
857.196	14.430
857.352	14.496
857.508	14.563
857.665	14.630
857.822	14.698
857.981	14.766
858.144	14.834
858.309	14.903
858.481	14.972
858.659	15.041
858.847	15.109
859.046	15.178
859.262	15.246
859.499	15.312
859.766	15.378
860.073	15.440
860.437	15.499
860.881	15.553
861.441	15.598
862.166	15.631
863.126	15.648
864.412	15.640
866.125	15.600
868.354	15.521
871.122	15.400
874.332	15.245
877.744	15.072
881.039	14.905
883.942	14.766
886.312	14.664
888.147	14.603
889.530	14.575
890.577	14.573
891.396	14.588
892.076	14.615
892.692	14.647
893.307	14.681
893.982	14.712
894.789	14.736
895.816	14.747
897.182	14.737
899.038	14.697
901.552	14.616
904.861	14.485
908.971	14.304
913.659	14.086
918.484	13.857
922.945	13.649
926.690	13.484
929.620	13.368
931.815	13.297
933.439	13.261
934.655	13.250
935.594	13.256
936.349	13.273
936.986	13.297
937.548	13.327
938.063	13.359
938.552	13.394
939.029	13.429
939.502	13.465
939.982	13.501
940.474	13.536
940.985	13.571
941.519	13.604
942.083	13.636
942.682	13.666
943.318	13.694
943.998	13.720
944.721	13.743
945.489	13.764
946.301	13.782
947.152	13.798
948.036	13.812
948.943	13.824
949.861	13.836
950.778	13.847
951.680	13.859
952.554	13.872
953.389	13.887
954.176	13.905
954.910	13.926
955.587	13.950
956.207	13.978
956.772	14.009
957.286	14.043
957.755	14.080
958.184	14.120
958.581	14.162
958.954	14.206
959.310	14.251
959.662	14.297
960.023	14.343
960.415	14.388
960.870	14.430
961.442	14.466
962.214	14.491
963.326	14.499
964.990	14.478
967.502	14.410
971.196	14.279
976.277	14.071
982.552	13.796
989.279	13.493
995.461	13.217
1000.393	13.005
1003.925	12.867
1006.292	12.793
1007.838	12.762
1008.856	12.761
1009.553	12.777
1010.057	12.804
1010.448	12.837
1010.769	12.874
1011.048	12.914
1011.301	12.956
1011.537	12.998
1011.761	13.042
1011.978	13.086
1012.189	13.130
1012.396	13.176
1012.600	13.221
1012.801	13.267
1013.000	13.313
1013.196	13.360
1013.391	13.407
1013.582	13.455
1013.772	13.503
1013.958	13.551
1014.141	13.600
1014.321	13.649
1014.497	13.699
1014.668	13.749
1014.836	13.800
1014.999	13.851
1015.158	13.903
1015.312	13.956
1015.462	14.009
1015.607	14.062
1015.748	14.117
1015.885	14.171
1016.018	14.227
1016.147	14.283
1016.273	14.339
1016.397	14.397
1016.519	14.454
1016.639	14.512
1016.760	14.571
1016.880	14.630
1017.003	14.689
1017.129	14.748
1017.260	14.808
1017.397	14.868
1017.544	14.927
1017.702	14.986
1017.876	15.045
1018.069	15.103
1018.288	15.160
1018.540	15.215
1018.833	15.267
1019.181	15.317
1019.600	15.363
1020.111	15.403
1020.746	15.436
1021.547	15.459
1022.574	15.468
1023.911	15.458
1025.678	15.422
1028.027	15.352
1031.138	15.236
1035.165	15.068
1040.135	14.846
1045.839	14.583
1051.805	14.307
1057.464	14.049
1062.389	13.834
1066.428	13.671
1069.663	13.554
1072.283	13.472
1074.500	13.414
1076.488	13.370
1078.382	13.333
1080.267	13.298
1082.192	13.261
1084.173	13.222
1086.192	13.181
1088.219	13.140
1090.198	13.101
1092.087	13.064
1093.840	13.034
1095.428	13.011
1096.841	12.996
1098.077	12.988
1099.149	12.989
1100.074	12.996
1100.874	13.008
1101.569	13.026
1102.180	13.048
1102.724	13.073
1103.217	13.101
1103.671	13.130
1104.096	13.161
1104.501	13.194
1104.892	13.227
1105.276	13.261
1105.655	13.295
1106.034	13.329
1106.416	13.363
1106.801	13.398
1107.192	13.432
1107.590	13.466
1107.994	13.500
1108.406	13.534
1108.823	13.567
1109.247	13.600
1109.673	13.634
1110.103	13.667
1110.533	13.700
1110.962	13.733
1111.388	13.767
1111.808	13.801
1112.220	13.835
1112.623	13.870
1113.014	13.906
1113.393	13.943
1113.758	13.980
1114.109	14.018
1114.447	14.057
1114.769	14.097
1115.078	14.138
1115.374	14.179
1115.658	14.222
1115.932	14.265
1116.196	14.309
1116.454	14.354
1116.706	14.399
1116.955	14.445
1117.203	14.490
1117.451	14.537
1117.701	14.583
1117.957	14.629
1118.218	14.676
1118.487	14.722
1118.766	14.767
1119.056	14.813
1119.358	14.858
1119.672	14.902
1119.999	14.946
1120.339	14.990
1120.691	15.032
1121.055	15.075
1121.430	15.117
1121.813	15.158
1122.204	15.199
1122.600	15.240
1123.001	15.281
1123.406	15.322
1123.816	15.363
1124.236	15.403
1124.673	15.443
1125.144	15.481
1125.680	15.516
1126.332	15.545
1127.195	15.563
1128.426	15.563
1130.276	15.530
1133.117	15.445
1137.379	15.284
1143.348	15.033
1150.762	14.704
1158.641	14.348
1165.722	14.032
1171.233	13.797
1175.116	13.647
1177.735	13.563
1179.512	13.524
1180.773	13.512
1181.732	13.515
1182.524	13.528
1183.227	13.546
1183.894	13.566
1184.563	13.586
1185.261	13.606
1186.017	13.623
1186.855	13.637
1187.800	13.646
1188.874	13.651
1190.099	13.648
1191.487	13.639
1193.042	13.621
1194.755	13.597
1196.604	13.567
1198.548	13.532
1200.540	13.494
1202.526	13.456
1204.457	13.420
1206.291	13.388
1208.008	13.361
1209.596	13.339
1211.059	13.323
1212.413	13.312
1213.676	13.305
1214.869	13.301
1216.014	13.300
1217.128	13.300
1218.224	13.301
1219.315	13.302
1220.405	13.304
1221.499	13.305
1222.595	13.306
1223.693	13.307
1224.788	13.309
1225.880	13.310
1226.964	13.311
1228.040	13.313
1229.104	13.316
1230.158	13.318
1231.204	13.321
1232.240	13.325
1233.271	13.329
1234.294	13.333
1235.312	13.337
1236.322	13.342
1237.323	13.347
1238.309	13.352
1239.280	13.358
1240.226	13.365
1241.145	13.373
1242.029	13.382
1242.876	13.393
1243.681	13.406
1244.443	13.420
1245.158	13.436
1245.830	13.454
1246.458	13.474
1247.045	13.496
1247.594	13.519
1248.108	13.545
1248.591	13.571
1249.049	13.599
1249.482	13.628
1249.898	13.657
1250.298	13.688
1250.688	13.719
1251.068	13.751
1251.445	13.783
1251.819	13.815
1252.196	13.848
1252.578	13.880
1252.970	13.912
1253.377	13.944
1253.805	13.974
1254.263	14.004
1254.761	14.032
1255.313	14.059
1255.935	14.082
1256.649	14.101
1257.484	14.116
1258.468	14.124
1259.638	14.124
1261.029	14.115
1262.669	14.094
1264.576	14.062
1266.742	14.019
1269.128	13.965
1271.662	13.904
1274.245	13.840
1276.766	13.778
1279.125	13.723
1281.248	13.676
1283.093	13.642
1284.653	13.620
1285.946	13.609
1287.002	13.608
1287.860	13.617
1288.556	13.632
1289.124	13.653
1289.594	13.679
1289.987	13.708
1290.323	13.740
1290.616	13.774
1290.877	13.810
1291.116	13.847
1291.339	13.885
1291.554	13.923
1291.764	13.962
1291.975	14.001
1292.193	14.041
1292.423	14.079
1292.671	14.118
1292.943	14.155
1293.248	14.192
1293.596	14.226
1293.997	14.259
1294.465	14.289
1295.016	14.315
1295.666	14.337
1296.433	14.355
1297.336	14.366
1298.388	14.370
1299.602	14.368
1300.978	14.358
1302.506	14.340
1304.162	14.317
1305.910	14.289
1307.697	14.259
1309.472	14.228
1311.182	14.200
1312.781	14.177
1314.241	14.159
1315.545	14.148
1316.691	14.144
1317.686	14.147
1318.546	14.156
1319.290	14.170
1319.937	14.189
1320.506	14.212
1321.014	14.238
1321.476	14.265
1321.906	14.295
1322.313	14.326
1322.709	14.357
1323.102	14.389
1323.496	14.421
1323.901	14.453
1324.319	14.484
1324.758	14.514
1325.220	14.544
1325.712	14.572
1326.238	14.599
1326.801	14.625
1327.406	14.648
1328.060	14.669
1328.768	14.688
1329.535	14.705
1330.373	14.718
1331.291	14.727
1332.302	14.733
1333.423	14.733
1334.673	14.728
1336.074	14.716
1337.653	14.697
1339.429	14.668
1341.423	14.630
1343.641	14.583
1346.071	14.525
1348.680	14.460
1351.413	14.389
1354.193	14.316
1356.940	14.244
1359.574	14.177
1362.035	14.117
1364.282	14.067
1366.300	14.026
1368.090	13.995
1369.667	13.973
1371.054	13.959
1372.273	13.953
1373.349	13.952
1374.300	13.957
1375.147	13.967
1375.901	13.980
1376.575	13.997
1377.181	14.017
1377.723	14.039
1378.212	14.064
1378.650	14.091
1379.046	14.120
1379.403	14.151
1379.725	14.183
1380.016	14.217
1380.279	14.252
1380.519	14.289
1380.737	14.326
1380.936	14.365
1381.119	14.404
1381.288	14.444
1381.445	14.485
1381.592	14.527
1381.731	14.569
1381.862	14.612
1381.988	14.655
1382.109	14.698
1382.227	14.742
1382.344	14.787
1382.460	14.831
1382.576	14.876
1382.694	14.921
1382.816	14.966
1382.942	15.011
1383.074	15.056
1383.214	15.101
1383.364	15.146
1383.527	15.190
1383.705	15.234
1383.902	15.278
1384.122	15.320
1384.370	15.361
1384.653	15.401
1384.978	15.439
1385.354	15.475
1385.793	15.508
1386.308	15.537
1386.917	15.563
1387.636	15.582
1388.491	15.596
1389.502	15.602
1390.695	15.599
1392.089	15.586
1393.702	15.563
1395.533	15.529
1397.572	15.485
1399.786	15.432
1402.125	15.372
1404.526	15.310
1406.923	15.247
1409.256	15.187
1411.483	15.132
1413.577	15.084
1415.530	15.042
1417.353	15.007
1419.057	14.978
1420.667	14.953
1422.196	14.933
1423.663	14.915
1425.076	14.900
1426.442	14.888
1427.761	14.877
1429.030	14.868
1430.247	14.862
1431.404	14.859
1432.501	14.858
1433.532	14.860
1434.500	14.864
1435.407	14.872
1436.261	14.882
1437.070	14.894
1437.845	14.908
1438.604	14.922
1439.364	14.937
1440.149	14.951
1440.988	14.964
1441.914	14.973
1442.971	14.976
1444.206	14.973
1445.675	14.959
1447.432	14.934
1449.527	14.895
1451.985	14.840
1454.794	14.770
1457.892	14.688
1461.164	14.598
1464.461	14.506
1467.627	14.419
1470.535	14.342
1473.108	14.279
1475.320	14.231
1477.189	14.197
1478.756	14.175
1480.074	14.164
1481.194	14.162
1482.163	14.165
1483.019	14.174
1483.792	14.186
1484.508	14.201
1485.182	14.217
1485.831	14.235
1486.467	14.253
1487.100	14.272
1487.742	14.290
1488.403	14.308
1489.096	14.324
1489.834	14.340
1490.632	14.353
1491.509	14.363
1492.485	14.369
1493.582	14.371
1494.823	14.368
1496.230	14.358
1497.820	14.341
1499.606	14.317
1501.590	14.285
1503.760	14.245
1506.090	14.200
1508.539	14.150
1511.059	14.097
1513.597	14.043
1516.100	13.991
1518.530	13.941
1520.855	13.895
1523.058	13.854
1525.132	13.818
1527.079	13.786
1528.903	13.760
1530.610	13.737
1532.209	13.719
1533.704	13.704
1535.102	13.693
1536.407	13.686
1537.622	13.681
1538.752	13.680
1539.801	13.681
1540.773	13.685
1541.674	13.692
1542.509	13.701
1543.284	13.712
1544.005	13.726
1544.680	13.740
1545.313	13.757
1545.911	13.775
1546.481	13.794
1547.028	13.814
1547.558	13.834
1548.078	13.855
1548.593	13.876
1549.110	13.898
1549.635	13.919
1550.174	13.940
1550.737	13.960
1551.331	13.979
1551.966	13.997
1552.653	14.013
1553.404	14.027
1554.233	14.038
1555.154	14.046
1556.183	14.050
1557.337	14.050
1558.631	14.045
1560.074	14.035
1561.679	14.019
1563.440	13.997
1565.354	13.970
1567.391	13.938
1569.529	13.903
1571.719	13.865
1573.917	13.827
1576.077	13.790
1578.153	13.756
1580.111	13.725
1581.931	13.699
1583.597	13.679
1585.111	13.664
1586.478	13.654
1587.710	13.648
1588.825	13.647
1589.836	13.650
1590.762	13.655
1591.617	13.663
1592.416	13.674
1593.170	13.685
1593.890	13.698
1594.585	13.712
1595.265	13.727
1595.934	13.742
1596.601	13.757
1597.271	13.773
1597.953	13.788
1598.652	13.802
1599.376	13.816
1600.136	13.828
1600.941	13.839
1601.804	13.849
1602.739	13.856
1603.758	13.860
1604.880	13.861
1606.115	13.858
1607.474	13.851
1608.968	13.840
1610.591	13.824
1612.334	13.804
1614.180	13.780
1616.089	13.754
1618.031	13.726
1619.951	13.699
1621.809	13.673
1623.564	13.651
1625.183	13.633
1626.645	13.619
1627.942	13.612
1629.073	13.609
1630.048	13.612
1630.878	13.620
1631.583	13.633
1632.178	13.649
1632.681	13.668
1633.109	13.690
1633.475	13.714
1633.794	13.740
1634.077	13.767
1634.333	13.795
1634.570	13.825
1634.798	13.854
1635.023	13.884
1635.252	13.915
1635.490	13.944
1635.745	13.974
1636.023	14.003
1636.330	14.031
1636.675	14.058
1637.065	14.083
1637.508	14.107
1638.012	14.129
1638.586	14.149
1639.238	14.166
1639.975	14.180
1640.804	14.190
1641.726	14.198
1642.740	14.202
1643.842	14.203
1645.019	14.202
1646.259	14.198
1647.537	14.192
1648.834	14.185
1650.123	14.179
1651.379	14.173
1652.581	14.169
1653.711	14.167
1654.753	14.168
1655.704	14.173
1656.562	14.180
1657.327	14.191
1658.006	14.205
1658.610	14.222
1659.147	14.241
1659.632	14.262
1660.078	14.285
1660.498	14.309
1660.908	14.334
1661.323	14.359
1661.761	14.383
1662.242	14.406
1662.788	14.426
1663.423	14.444
1664.177	14.458
1665.077	14.467
1666.156	14.470
1667.442	14.466
1668.957	14.454
1670.713	14.433
1672.701	14.404
1674.890	14.368
1677.226	14.326
1679.635	14.280
1682.032	14.235
1684.331	14.192
1686.460	14.155
1688.377	14.125
1690.059	14.103
1691.506	14.089
1692.736	14.083
1693.781	14.083
1694.673	14.089
1695.453	14.099
1696.154	14.112
1696.815	14.127
1697.471	14.142
1698.157	14.157
1698.912	14.170
1699.773	14.179
1700.785	14.185
1701.989	14.184
1703.427	14.175
1705.137	14.158
1707.141	14.131
1709.442	14.094
1712.010	14.048
1714.779	13.995
1717.658	13.938
1720.536	13.881
1723.292	13.826
1725.834	13.778
1728.099	13.739
1730.050	13.710
1731.693	13.690
1733.049	13.680
1734.148	13.678
1735.038	13.683
1735.752	13.694
1736.328	13.709
1736.797	13.728
1737.181	13.750
1737.503	13.775
1737.777	13.801
1738.014	13.828
1738.226	13.856
1738.418	13.885
1738.596	13.915
1738.765	13.945
1738.927	13.976
1739.085	14.006
1739.242	14.037
1739.398	14.069
1739.555	14.100
1739.715	14.131
1739.878	14.162
1740.046	14.193
1740.219	14.225
1740.399	14.256
1740.587	14.287
1740.783	14.317
1740.990	14.348
1741.208	14.378
1741.438	14.408
1741.683	14.438
1741.944	14.467
1742.223	14.495
1742.523	14.523
1742.846	14.551
1743.196	14.577
1743.576	14.603
1743.991	14.627
1744.448	14.650
1744.954	14.672
1745.520	14.691
1746.161	14.709
1746.896	14.723
1747.754	14.733
1748.771	14.738
1750.001	14.735
1751.513	14.724
1753.396	14.701
1755.762	14.662
1758.722	14.604
1762.374	14.524
1766.753	14.420
1771.786	14.295
1777.266	14.155
1782.866	14.011
1788.220	13.875
1793.025	13.755
1797.104	13.659
1800.419	13.586
1803.029	13.536
1805.045	13.505
1806.587	13.488
1807.767	13.483
1808.675	13.487
1809.384	13.498
1809.945	13.512
1810.398	13.531
1810.770	13.552
1811.081	13.575
1811.346	13.600
1811.577	13.625
1811.780	13.652
1811.961	13.680
1812.125	13.708
1812.276	13.736
1812.415	13.766
1812.544	13.795
1812.667	13.825
1812.783	13.855
1812.893	13.886
1812.999	13.917
1813.101	13.948
1813.200	13.979
1813.297	14.010
1813.392	14.042
1813.486	14.074
1813.578	14.106
1813.672	14.138
1813.765	14.170
1813.861	14.202
1813.958	14.234
1814.059	14.267
1814.165	14.299
1814.277	14.331
1814.396	14.364
1814.524	14.396
1814.665	14.427
1814.820	14.459
1814.994	14.490
1815.189	14.520
1815.412	14.550
1815.669	14.578
1815.967	14.606
1816.316	14.632
1816.727	14.656
1817.214	14.678
1817.797	14.696
1818.495	14.711
1819.335	14.722
1820.352	14.726
1821.581	14.724
1823.071	14.714
1824.868	14.693
1827.023	14.662
1829.575	14.617
1832.551	14.559
1835.938	14.488
1839.685	14.405
1843.689	14.314
1847.804	14.219
1851.865	14.126
1855.716	14.039
1859.232	13.962
1862.343	13.898
1865.024	13.847
1867.290	13.810
1869.182	13.783
1870.752	13.767
1872.055	13.759
1873.143	13.758
1874.060	13.763
1874.845	13.771
1875.529	13.783
1876.136	13.797
1876.686	13.813
1877.198	13.830
1877.678	13.848
1878.141	13.867
1878.593	13.887
1879.037	13.906
1879.481	13.926
1879.926	13.946
1880.375	13.966
1880.830	13.985
1881.291	14.005
1881.759	14.024
1882.233	14.043
1882.715	14.062
1883.202	14.081
1883.695	14.100
1884.191	14.118
1884.692	14.137
1885.193	14.155
1885.695	14.174
1886.196	14.192
1886.694	14.211
1887.187	14.230
1887.676	14.249
1888.158	14.268
1888.631	14.288
1889.096	14.307
1889.552	14.327
1889.996	14.348
1890.429	14.369
1890.852	14.390
1891.262	14.412
1891.662	14.434
1892.050	14.456
1892.427	14.479
1892.795	14.503
1893.153	14.526
1893.504	14.550
1893.848	14.574
1894.188	14.599
1894.527	14.623
1894.866	14.648
1895.211	14.673
1895.563	14.697
1895.931	14.721
1896.320	14.745
1896.738	14.767
1897.194	14.789
1897.702	14.809
1898.276	14.827
1898.933	14.843
1899.694	14.855
1900.583	14.863
1901.623	14.867
1902.843	14.864
1904.267	14.855
1905.912	14.840
1907.791	14.816
1909.898	14.785
1912.208	14.747
1914.682	14.704
1917.257	14.657
1919.860	14.608
1922.420	14.561
1924.872	14.517
1927.163	14.478
1929.264	14.445
1931.166	14.418
1932.871	14.398
1934.396	14.383
1935.763	14.374
1936.994	14.369
1938.114	14.367
1939.146	14.368
1940.103	14.372
1941.003	14.378
1941.857	14.385
1942.673	14.394
1943.457	14.403
1944.214	14.413
1944.949	14.425
1945.662	14.436
1946.358	14.449
1947.037	14.461
1947.702	14.475
1948.353	14.489
1948.996	14.503
1949.631	14.517
1950.260	14.532
1950.891	14.546
1951.524	14.561
1952.163	14.575
1952.816	14.589
1953.484	14.603
1954.174	14.616
1954.892	14.628
1955.643	14.640
1956.430	14.650
1957.261	14.659
1958.141	14.666
1959.072	14.672
1960.059	14.676
1961.108	14.678
1962.215	14.678
1963.382	14.677
1964.609	14.673
1965.888	14.668
1967.214	14.661
1968.581	14.653
1969.974	14.644
1971.384	14.634
1972.798	14.624
1974.200	14.615
1975.578	14.606
1976.917	14.598
1978.208	14.592
1979.439	14.587
1980.604	14.584
1981.700	14.584
1982.718	14.585
1983.659	14.589
1984.527	14.596
1985.322	14.604
1986.045	14.615
1986.700	14.628
1987.297	14.643
1987.833	14.660
1988.316	14.679
1988.753	14.699
1989.145	14.721
1989.498	14.744
1989.817	14.768
1990.102	14.793
1990.360	14.819
1990.593	14.846
1990.802	14.874
1990.993	14.903
1991.164	14.932
1991.322	14.962
1991.463	14.993
1991.594	15.024
1991.712	15.056
1991.821	15.088
1991.921	15.120
1992.013	15.153
1992.098	15.186
1992.176	15.220
1992.249	15.254
1992.316	15.288
1992.379	15.322
1992.438	15.357
1992.493	15.392
1992.544	15.427
1992.592	15.463
1992.638	15.499
1992.680	15.535
1992.721	15.571
1992.759	15.607
1992.795	15.644
1992.829	15.681
1992.862	15.718
1992.893	15.755
1992.922	15.793
1992.950	15.830
1992.977	15.868
1993.003	15.906
1993.028	15.945
1993.052	15.983
1993.075	16.022
1993.097	16.061
1993.118	16.100
1993.139	16.139
1993.158	16.179
1993.178	16.218
1993.196	16.258
1993.214	16.298
1993.232	16.338
1993.249	16.379
1993.266	16.419
1993.282	16.460
1993.298	16.501
1993.313	16.542
1993.328	16.583
1993.343	16.625
1993.358	16.666
1993.372	16.708
1993.386	16.750
1993.400	16.792
1993.413	16.835
1993.426	16.877
1993.439	16.920
1993.452	16.963
1993.465	17.006
1993.478	17.050
1993.490	17.093
1993.502	17.137
1993.514	17.181
1993.526	17.225
1993.538	17.269
1993.550	17.314
1993.561	17.359
1993.573	17.404
1993.584	17.449
1993.595	17.494
1993.606	17.540
1993.617	17.585
1993.628	17.631
1993.639	17.677
1993.650	17.724
1993.661	17.770
1993.671	17.817
1993.682	17.864
1993.693	17.911
1993.703	17.958
1993.713	18.006
1993.724	18.054
1993.734	18.102
1993.744	18.150
1993.754	18.198
1993.765	18.247
1993.775	18.296
1993.785	18.345
1993.795	18.394
1993.805	18.443
1993.815	18.493
1993.824	18.543
1993.834	18.593
1993.844	18.643
1993.854	18.694
1993.863	18.745
1993.873	18.796
1993.882	18.847
1993.892	18.899
1993.902	18.950
1993.911	19.002
1993.920	19.054
1993.930	19.107
1993.939	19.159
1993.949	19.212
1993.958	19.265
1993.967	19.319
1993.976	19.372
1993.986	19.426
1993.995	19.480
1994.004	19.535
1994.013	19.589
1994.022	19.644
1994.031	19.699
1994.040	19.754
1994.049	19.810
1994.058	19.866
1994.067	19.922
1994.076	19.978
1994.085	20.034
1994.094	20.091
1994.103	20.148
1994.112	20.205
1994.120	20.263
1994.129	20.321
1994.138	20.379
1994.146	20.437
1994.155	20.496
1994.164	20.555
1994.172	20.614
1994.181	20.673
1994.189	20.733
1994.198	20.793
1994.206	20.853
1994.215	20.913
1994.223	20.974
1994.231	21.035
1994.240	21.096
1994.248	21.158
1994.256	21.220
1994.265	21.282
1994.273	21.344
1994.281	21.407
1994.289	21.470
1994.297	21.533
1994.305	21.597
1994.313	21.661
1994.321	21.725
1994.329	21.789
1994.337	21.854
1994.345	21.919
1994.353	21.984
1994.361	22.050
1994.369	22.116
1994.376	22.182
1994.384	22.248
1994.392	22.315
1994.399	22.382
1994.407	22.450
1994.414	22.517
1994.422	22.585
1994.429	22.654
1994.437	22.722
1994.444	22.791
1994.451	22.860
1994.459	22.930
1994.466	23.000
1994.473	23.070
1994.480	23.141
1994.488	23.212
1994.495	23.283
1994.502	23.354
1994.509	23.426
1994.516	23.498
1994.523	23.571
1994.529	23.643
1994.536	23.716
1994.543	23.790
1994.550	23.864
1994.556	23.938
1994.563	24.012
1994.570	24.087
