<j>	<F>
1.246	20.230
3.002	11.614
4.179	10.899
5.196	11.156
6.054	12.657
7.215	14.244
8.585	11.436
9.532	12.759
11.137	12.035
12.467	10.583
13.346	11.228
14.237	12.121
15.522	12.358
17.083	11.206
18.031	11.225
18.729	12.104
19.440	13.182
20.367	13.904
21.486	13.900
22.550	13.992
23.598	14.074
24.543	14.400
25.496	14.789
26.692	14.889
28.339	13.899
29.759	13.131
30.782	13.117
31.548	13.591
32.242	14.305
32.951	15.017
33.668	15.788
34.659	16.272
36.382	15.425
38.246	13.966
39.354	13.671
40.058	14.153
40.693	14.825
41.311	15.561
41.954	16.348
42.828	16.894
44.396	16.488
47.021	14.592
49.278	12.927
50.306	12.732
50.847	13.227
51.368	13.878
52.136	14.383
53.392	14.399
54.975	13.902
56.180	13.619
56.831	13.932
57.242	14.605
57.644	15.395
58.184	16.123
59.043	16.540
60.413	16.340
62.128	15.617
63.566	15.095
64.501	15.129
65.151	15.527
65.716	16.077
66.315	16.641
67.037	17.098
67.946	17.346
69.090	17.324
70.581	16.948
72.480	16.152
74.343	15.315
75.630	14.992
76.493	15.141
77.473	15.351
79.355	15.035
82.678	13.725
85.950	12.324
87.839	11.757
88.864	11.722
89.525	11.900
90.007	12.186
90.395	12.540
90.742	12.941
91.088	13.369
91.469	13.806
91.919	14.227
92.476	14.602
93.164	14.901
93.977	15.113
94.877	15.255
95.812	15.364
96.766	15.461
97.775	15.532
98.919	15.526
100.275	15.387
101.845	15.110
103.539	14.755
105.236	14.403
106.832	14.111
108.221	13.924
109.327	13.877
110.148	13.980
110.755	14.210
111.248	14.524
111.742	14.869
112.371	15.171
113.303	15.331
114.711	15.234
116.582	14.858
118.546	14.389
120.167	14.072
121.324	13.985
122.117	14.086
122.670	14.318
123.085	14.638
123.439	15.012
123.804	15.407
124.257	15.780
124.911	16.069
125.927	16.174
127.442	16.000
129.326	15.585
131.114	15.176
132.486	14.978
133.537	14.971
134.555	15.027
135.900	14.984
138.002	14.662
141.060	13.964
144.396	13.129
146.953	12.555
148.521	12.336
149.469	12.347
150.136	12.469
150.717	12.634
151.315	12.805
151.990	12.960
152.768	13.084
153.647	13.174
154.591	13.237
155.543	13.290
156.447	13.354
157.284	13.440
158.082	13.546
158.909	13.651
159.864	13.726
161.045	13.734
162.496	13.652
164.133	13.496
165.741	13.329
167.100	13.224
168.120	13.221
168.843	13.314
169.359	13.481
169.750	13.699
170.076	13.948
170.380	14.216
170.692	14.492
171.039	14.767
171.447	15.030
171.947	15.268
172.587	15.462
173.465	15.580
174.788	15.554
176.933	15.266
180.220	14.614
184.168	13.743
187.537	13.035
189.773	12.668
191.169	12.552
192.106	12.572
192.798	12.662
193.351	12.793
193.817	12.950
194.232	13.126
194.621	13.315
195.003	13.510
195.390	13.710
195.788	13.911
196.201	14.113
196.628	14.314
197.074	14.515
197.552	14.712
198.096	14.896
198.783	15.046
199.758	15.122
201.234	15.056
203.389	14.790
206.070	14.352
208.703	13.904
210.798	13.601
212.340	13.459
213.572	13.418
214.717	13.412
215.892	13.404
217.124	13.382
218.371	13.351
219.557	13.328
220.618	13.331
221.525	13.368
222.295	13.441
222.978	13.539
223.648	13.648
224.406	13.746
225.384	13.803
226.751	13.781
228.651	13.641
231.055	13.382
233.631	13.067
235.903	12.801
237.598	12.649
238.750	12.614
239.533	12.662
240.109	12.760
240.586	12.885
241.033	13.021
241.490	13.160
241.989	13.294
242.555	13.417
243.215	13.524
243.992	13.607
244.904	13.662
245.955	13.686
247.132	13.681
248.398	13.654
249.704	13.615
251.005	13.575
252.275	13.541
253.513	13.514
254.734	13.493
255.964	13.472
257.225	13.447
258.530	13.414
259.878	13.372
261.247	13.324
262.596	13.278
263.871	13.242
265.018	13.228
266.001	13.243
266.810	13.292
267.460	13.372
267.979	13.481
268.400	13.613
268.757	13.761
269.077	13.922
269.388	14.089
269.711	14.258
270.070	14.424
270.491	14.581
271.005	14.722
271.660	14.835
272.519	14.907
273.673	14.918
275.219	14.844
277.210	14.673
279.545	14.421
281.943	14.146
284.081	13.918
285.806	13.774
287.167	13.710
288.324	13.695
289.435	13.697
290.618	13.692
291.926	13.665
293.353	13.614
294.840	13.550
296.313	13.484
297.720	13.430
299.043	13.390
300.296	13.365
301.495	13.349
302.647	13.341
303.734	13.343
304.731	13.358
305.613	13.391
306.368	13.445
307.000	13.521
307.527	13.618
307.974	13.730
308.367	13.856
308.731	13.989
309.086	14.128
309.451	14.268
309.841	14.405
310.268	14.538
310.739	14.665
311.258	14.783
311.822	14.893
312.422	14.996
313.042	15.094
313.662	15.191
314.264	15.293
314.829	15.401
315.349	15.521
315.820	15.652
316.249	15.796
316.644	15.949
317.021	16.110
317.397	16.275
317.794	16.439
318.241	16.595
318.780	16.734
319.476	16.839
320.434	16.887
321.803	16.843
323.749	16.667
326.341	16.345
329.402	15.917
332.558	15.476
335.524	15.089
338.251	14.770
340.782	14.503
343.107	14.279
345.154	14.106
346.880	13.988
348.319	13.923
349.579	13.894
350.799	13.879
352.120	13.855
353.654	13.803
355.446	13.712
357.440	13.588
359.473	13.452
361.351	13.333
362.931	13.253
364.175	13.221
365.127	13.232
365.865	13.277
366.465	13.345
366.986	13.427
367.470	13.516
367.946	13.608
368.430	13.701
368.934	13.792
369.463	13.880
370.020	13.965
370.605	14.046
371.216	14.124
371.851	14.198
372.506	14.269
373.180	14.338
373.874	14.403
374.594	14.466
375.353	14.523
376.169	14.572
377.074	14.609
378.101	14.628
379.289	14.622
380.664	14.588
382.228	14.523
383.945	14.432
385.741	14.328
387.533	14.222
389.257	14.127
390.895	14.046
392.468	13.977
394.013	13.916
395.560	13.855
397.111	13.795
398.635	13.737
400.081	13.687
401.393	13.654
402.533	13.643
403.486	13.656
404.265	13.693
404.893	13.753
405.402	13.829
405.822	13.920
406.180	14.022
406.499	14.131
406.795	14.246
407.083	14.363
407.377	14.482
407.686	14.601
408.022	14.718
408.394	14.831
408.812	14.938
409.286	15.038
409.823	15.129
410.431	15.210
411.114	15.279
411.873	15.336
412.708	15.381
413.618	15.413
414.604	15.433
415.676	15.439
416.854	15.430
418.179	15.399
419.713	15.339
421.545	15.237
423.767	15.081
426.429	14.865
429.468	14.598
432.663	14.309
435.713	14.041
438.379	13.825
440.576	13.673
442.343	13.579
443.776	13.531
444.972	13.514
446.007	13.519
446.940	13.537
447.818	13.564
448.683	13.595
449.577	13.623
450.540	13.645
451.609	13.656
452.809	13.651
454.145	13.631
455.593	13.596
457.100	13.552
458.593	13.507
460.005	13.470
461.293	13.446
462.452	13.437
463.510	13.441
464.527	13.453
465.577	13.464
466.747	13.464
468.115	13.446
469.734	13.401
471.602	13.329
473.642	13.235
475.706	13.135
477.626	13.046
479.271	12.982
480.586	12.952
481.584	12.954
482.319	12.986
482.857	13.039
483.255	13.109
483.561	13.191
483.806	13.281
484.013	13.376
484.199	13.476
484.371	13.579
484.536	13.683
484.699	13.790
484.862	13.898
485.027	14.007
485.195	14.117
485.367	14.229
485.543	14.341
485.726	14.454
485.916	14.567
486.115	14.681
486.324	14.796
486.548	14.910
486.788	15.023
487.051	15.135
487.342	15.244
487.671	15.350
488.049	15.451
488.496	15.544
489.036	15.625
489.707	15.690
490.564	15.731
491.688	15.738
493.187	15.696
495.180	15.589
497.746	15.408
500.830	15.158
504.175	14.873
507.394	14.602
510.163	14.385
512.358	14.239
514.027	14.159
515.295	14.129
516.289	14.134
517.108	14.161
517.820	14.202
518.471	14.252
519.090	14.306
519.693	14.362
520.289	14.420
520.879	14.478
521.462	14.538
522.035	14.599
522.590	14.662
523.123	14.728
523.629	14.797
524.104	14.871
524.549	14.949
524.963	15.031
525.352	15.117
525.722	15.207
526.082	15.299
526.444	15.392
526.826	15.484
527.252	15.572
527.754	15.653
528.384	15.719
529.213	15.761
530.342	15.768
531.893	15.724
533.971	15.614
536.589	15.435
539.583	15.206
542.619	14.968
545.352	14.763
547.594	14.616
549.357	14.527
550.769	14.484
551.995	14.467
553.191	14.458
554.499	14.442
556.053	14.404
557.970	14.332
560.323	14.217
563.093	14.060
566.129	13.875
569.171	13.686
571.943	13.521
574.267	13.397
576.097	13.319
577.488	13.284
578.536	13.282
579.337	13.304
579.973	13.342
580.501	13.392
580.965	13.450
581.393	13.511
581.806	13.575
582.215	13.639
582.632	13.704
583.061	13.769
583.507	13.832
583.970	13.894
584.454	13.954
584.956	14.013
585.475	14.071
586.012	14.127
586.563	14.182
587.129	14.236
587.708	14.288
588.302	14.340
588.912	14.390
589.542	14.438
590.197	14.485
590.886	14.528
591.618	14.567
592.408	14.601
593.277	14.628
594.253	14.645
595.372	14.648
596.680	14.633
598.222	14.596
600.037	14.532
602.126	14.441
604.438	14.328
606.855	14.203
609.221	14.081
611.389	13.975
613.264	13.896
614.819	13.847
616.081	13.826
617.106	13.828
617.956	13.847
618.684	13.878
619.337	13.918
619.949	13.962
620.550	14.008
621.167	14.054
621.830	14.097
622.577	14.133
623.465	14.158
624.569	14.167
625.992	14.149
627.854	14.095
630.255	13.996
633.214	13.849
636.596	13.665
640.105	13.466
643.385	13.284
646.176	13.140
648.388	13.042
650.075	12.988
651.355	12.968
652.348	12.972
653.153	12.992
653.840	13.023
654.455	13.060
655.027	13.101
655.573	13.144
656.103	13.189
656.622	13.235
657.132	13.282
657.631	13.330
658.117	13.379
658.587	13.430
659.039	13.482
659.468	13.536
659.873	13.593
660.252	13.652
660.603	13.713
660.927	13.778
661.224	13.845
661.495	13.914
661.742	13.987
661.968	14.062
662.175	14.139
662.366	14.218
662.543	14.300
662.711	14.383
662.871	14.468
663.030	14.554
663.190	14.640
663.356	14.727
663.537	14.814
663.739	14.900
663.975	14.984
664.263	15.064
664.630	15.138
665.118	15.202
665.798	15.250
666.779	15.272
668.231	15.253
670.384	15.172
673.472	15.008
677.569	14.754
682.373	14.435
687.200	14.109
691.348	13.839
694.485	13.655
696.673	13.552
698.153	13.510
699.165	13.508
699.890	13.532
700.442	13.572
700.893	13.620
701.283	13.675
701.638	13.732
701.971	13.793
702.289	13.855
702.599	13.918
702.902	13.982
703.201	14.047
703.496	14.112
703.788	14.179
704.079	14.246
704.371	14.314
704.664	14.382
704.962	14.450
705.268	14.518
705.587	14.586
705.924	14.653
706.287	14.718
706.686	14.781
707.135	14.840
707.652	14.894
708.262	14.940
708.997	14.976
709.900	14.999
711.019	15.003
712.407	14.984
714.106	14.938
716.127	14.864
718.426	14.765
720.895	14.650
723.372	14.531
725.694	14.424
727.737	14.340
729.448	14.282
730.839	14.252
731.957	14.244
732.874	14.255
733.663	14.278
734.407	14.307
735.201	14.335
736.180	14.352
737.550	14.344
739.627	14.290
742.846	14.160
747.635	13.925
754.032	13.580
761.288	13.174
768.083	12.795
773.422	12.510
777.133	12.332
779.574	12.238
781.195	12.199
782.333	12.192
783.201	12.204
783.919	12.225
784.552	12.252
785.134	12.282
785.686	12.314
786.220	12.348
786.743	12.383
787.260	12.418
787.775	12.453
788.292	12.489
788.814	12.524
789.345	12.559
789.886	12.594
790.441	12.628
791.011	12.662
791.598	12.694
792.201	12.726
792.821	12.757
793.456	12.786
794.103	12.816
794.760	12.844
795.423	12.872
796.087	12.900
796.748	12.929
797.400	12.957
798.040	12.987
798.663	13.017
799.265	13.049
799.845	13.082
800.401	13.117
800.932	13.153
801.439	13.191
801.922	13.231
802.384	13.272
802.826	13.315
803.253	13.359
803.665	13.404
804.069	13.450
804.468	13.497
804.867	13.544
805.272	13.591
805.691	13.638
806.133	13.683
806.608	13.727
807.130	13.768
807.716	13.806
808.384	13.838
809.156	13.864
810.056	13.881
811.106	13.889
812.323	13.886
813.712	13.871
815.266	13.845
816.954	13.809
818.728	13.766
820.529	13.721
822.299	13.677
823.991	13.637
825.584	13.604
827.089	13.578
828.546	13.556
830.027	13.535
831.631	13.508
833.484	13.469
835.724	13.410
838.475	13.322
841.798	13.203
845.626	13.054
849.740	12.888
853.806	12.722
857.495	12.576
860.603	12.461
863.073	12.382
864.970	12.334
866.409	12.311
867.512	12.308
868.382	12.318
869.095	12.338
869.705	12.363
870.247	12.393
870.744	12.425
871.210	12.459
871.654	12.494
872.079	12.531
872.489	12.568
872.883	12.607
873.263	12.647
873.627	12.687
873.976	12.729
874.308	12.771
874.625	12.815
874.925	12.860
875.210	12.906
875.480	12.953
875.735	13.001
875.977	13.050
876.207	13.100
876.425	13.151
876.634	13.203
876.834	13.256
877.027	13.310
877.214	13.364
877.397	13.419
877.578	13.475
877.757	13.531
877.936	13.588
878.117	13.645
878.302	13.702
878.492	13.759
878.690	13.816
878.899	13.873
879.122	13.930
879.363	13.985
879.627	14.040
879.924	14.093
880.261	14.145
880.654	14.193
881.121	14.236
881.687	14.275
882.382	14.305
883.245	14.325
884.320	14.332
885.649	14.323
887.264	14.295
889.172	14.248
891.337	14.184
893.673	14.108
896.056	14.026
898.345	13.949
900.419	13.885
902.207	13.837
903.685	13.809
904.868	13.799
905.800	13.805
906.529	13.825
907.101	13.855
907.556	13.893
907.928	13.937
908.238	13.985
908.506	14.037
908.746	14.091
908.967	14.146
909.175	14.203
909.378	14.261
909.580	14.319
909.786	14.378
910.000	14.436
910.227	14.494
910.474	14.551
910.749	14.607
911.062	14.661
911.426	14.712
911.858	14.759
912.379	14.801
913.014	14.836
913.793	14.861
914.745	14.874
915.901	14.875
917.277	14.860
918.875	14.830
920.664	14.786
922.592	14.732
924.574	14.672
926.522	14.614
928.357	14.563
930.024	14.522
931.503	14.494
932.796	14.478
933.929	14.473
934.931	14.477
935.837	14.488
936.676	14.504
937.473	14.523
938.248	14.543
939.014	14.565
939.779	14.586
940.552	14.608
941.334	14.629
942.128	14.649
942.937	14.668
943.761	14.686
944.601	14.703
945.461	14.719
946.341	14.734
947.243	14.747
948.168	14.759
949.114	14.769
950.079	14.778
951.054	14.786
952.030	14.794
953.000	14.802
953.946	14.811
954.859	14.822
955.729	14.836
956.547	14.853
957.309	14.874
958.016	14.899
958.673	14.927
959.286	14.958
959.868	14.992
960.436	15.027
961.007	15.063
961.605	15.097
962.257	15.128
962.993	15.154
963.851	15.173
964.873	15.181
966.107	15.176
967.608	15.154
969.438	15.111
971.662	15.044
974.348	14.948
977.548	14.822
981.273	14.665
985.446	14.483
989.877	14.286
994.275	14.091
998.337	13.916
1001.830	13.774
1004.662	13.670
1006.860	13.602
1008.520	13.565
1009.768	13.552
1010.722	13.556
1011.478	13.573
1012.118	13.596
1012.703	13.624
1013.286	13.652
1013.917	13.679
1014.644	13.702
1015.523	13.718
1016.616	13.724
1017.987	13.716
1019.701	13.691
1021.804	13.646
1024.299	13.581
1027.133	13.499
1030.180	13.404
1033.262	13.306
1036.192	13.214
1038.819	13.136
1041.059	13.077
1042.901	13.037
1044.378	13.015
1045.556	13.008
1046.500	13.014
1047.275	13.028
1047.933	13.048
1048.515	13.073
1049.052	13.100
1049.568	13.129
1050.078	13.158
1050.598	13.187
1051.135	13.215
1051.695	13.243
1052.283	13.269
1052.901	13.294
1053.550	13.318
1054.226	13.340
1054.928	13.361
1055.651	13.380
1056.388	13.399
1057.135	13.418
1057.882	13.436
1058.623	13.454
1059.350	13.474
1060.058	13.493
1060.742	13.515
1061.398	13.537
1062.026	13.561
1062.624	13.586
1063.193	13.613
1063.737	13.642
1064.259	13.671
1064.765	13.702
1065.259	13.733
1065.749	13.765
1066.242	13.797
1066.747	13.829
1067.271	13.859
1067.827	13.889
1068.425	13.916
1069.076	13.942
1069.795	13.963
1070.593	13.981
1071.486	13.994
1072.484	14.002
1073.594	14.004
1074.821	14.000
1076.157	13.990
1077.590	13.974
1079.095	13.955
1080.638	13.933
1082.181	13.910
1083.682	13.889
1085.109	13.872
1086.429	13.859
1087.625	13.853
1088.690	13.853
1089.623	13.860
1090.433	13.873
1091.131	13.893
1091.734	13.917
1092.256	13.946
1092.715	13.978
1093.125	14.014
1093.503	14.051
1093.864	14.090
1094.227	14.129
1094.612	14.168
1095.046	14.204
1095.564	14.237
1096.212	14.264
1097.051	14.282
1098.160	14.288
1099.635	14.275
1101.574	14.239
1104.055	14.177
1107.092	14.086
1110.594	13.971
1114.344	13.841
1118.049	13.712
1121.424	13.597
1124.276	13.506
1126.542	13.444
1128.257	13.409
1129.514	13.396
1130.418	13.402
1131.064	13.420
1131.529	13.448
1131.871	13.482
1132.130	13.521
1132.334	13.563
1132.505	13.606
1132.655	13.652
1132.798	13.698
1132.942	13.744
1133.099	13.791
1133.277	13.837
1133.495	13.881
1133.772	13.923
1134.140	13.961
1134.643	13.994
1135.343	14.018
1136.331	14.030
1137.723	14.024
1139.665	13.993
1142.301	13.931
1145.740	13.832
1149.964	13.696
1154.781	13.533
1159.823	13.358
1164.658	13.191
1168.950	13.048
1172.540	12.936
1175.443	12.855
1177.772	12.799
1179.667	12.764
1181.253	12.742
1182.626	12.731
1183.853	12.725
1184.975	12.725
1186.021	12.727
1187.006	12.733
1187.940	12.740
1188.833	12.749
1189.690	12.759
1190.519	12.771
1191.327	12.784
1192.125	12.797
1192.920	12.810
1193.724	12.824
1194.546	12.837
1195.399	12.848
1196.291	12.858
1197.233	12.867
1198.233	12.873
1199.296	12.877
1200.427	12.878
1201.624	12.876
1202.883	12.872
1204.197	12.866
1205.554	12.858
1206.938	12.848
1208.331	12.838
1209.715	12.828
1211.072	12.819
1212.385	12.811
1213.643	12.806
1214.836	12.803
1215.960	12.802
1217.014	12.804
1218.003	12.809
1218.933	12.816
1219.814	12.825
1220.660	12.836
1221.486	12.848
1222.310	12.860
1223.153	12.872
1224.039	12.882
1224.994	12.891
1226.048	12.895
1227.228	12.896
1228.566	12.890
1230.082	12.878
1231.796	12.858
1233.701	12.832
1235.784	12.798
1238.000	12.758
1240.288	12.716
1242.573	12.673
1244.779	12.632
1246.837	12.596
1248.696	12.567
1250.327	12.546
1251.724	12.534
1252.896	12.530
1253.863	12.533
1254.653	12.544
1255.294	12.560
1255.813	12.581
1256.233	12.606
1256.575	12.634
1256.856	12.664
1257.091	12.697
1257.288	12.731
1257.458	12.767
1257.607	12.803
1257.739	12.841
1257.859	12.879
1257.970	12.918
1258.074	12.957
1258.174	12.997
1258.269	13.037
1258.362	13.077
1258.453	13.117
1258.545	13.158
1258.635	13.199
1258.727	13.241
1258.820	13.282
1258.916	13.324
1259.014	13.365
1259.117	13.407
1259.225	13.449
1259.340	13.491
1259.464	13.532
1259.600	13.574
1259.752	13.615
1259.924	13.655
1260.124	13.695
1260.358	13.733
1260.639	13.770
1260.982	13.804
1261.404	13.836
1261.930	13.863
1262.591	13.885
1263.421	13.900
1264.461	13.907
1265.751	13.903
1267.328	13.887
1269.210	13.858
1271.391	13.816
1273.826	13.762
1276.431	13.701
1279.090	13.636
1281.676	13.573
1284.076	13.517
1286.207	13.472
1288.033	13.439
1289.552	13.419
1290.790	13.411
1291.789	13.413
1292.595	13.423
1293.252	13.440
1293.801	13.462
1294.273	13.487
1294.698	13.515
1295.098	13.544
1295.493	13.573
1295.898	13.603
1296.328	13.632
1296.797	13.659
1297.316	13.684
1297.898	13.708
1298.555	13.728
1299.297	13.745
1300.134	13.758
1301.071	13.767
1302.115	13.771
1303.263	13.771
1304.512	13.767
1305.847	13.759
1307.252	13.747
1308.704	13.734
1310.178	13.719
1311.648	13.704
1313.089	13.691
1314.482	13.678
1315.815	13.669
1317.081	13.662
1318.281	13.657
1319.426	13.656
1320.530	13.656
1321.613	13.657
1322.699	13.659
1323.818	13.659
1325.000	13.658
1326.277	13.653
1327.679	13.643
1329.237	13.628
1330.968	13.606
1332.880	13.576
1334.965	13.540
1337.191	13.499
1339.508	13.453
1341.851	13.406
1344.150	13.360
1346.335	13.317
1348.352	13.281
1350.167	13.253
1351.763	13.232
1353.144	13.220
1354.324	13.216
1355.324	13.218
1356.171	13.227
1356.890	13.240
1357.503	13.258
1358.031	13.279
1358.492	13.303
1358.901	13.329
1359.267	13.357
1359.602	13.387
1359.911	13.417
1360.202	13.449
1360.478	13.481
1360.744	13.514
1361.004	13.547
1361.259	13.580
1361.512	13.614
1361.764	13.648
1362.019	13.682
1362.277	13.716
1362.540	13.750
1362.810	13.784
1363.088	13.818
1363.376	13.851
1363.676	13.884
1363.990	13.917
1364.321	13.949
1364.669	13.981
1365.037	14.012
1365.429	14.042
1365.845	14.071
1366.288	14.099
1366.762	14.126
1367.267	14.152
1367.806	14.176
1368.380	14.199
1368.991	14.220
1369.638	14.240
1370.322	14.259
1371.042	14.276
1371.794	14.291
1372.579	14.305
1373.392	14.318
1374.231	14.330
1375.092	14.341
1375.973	14.350
1376.872	14.359
1377.790	14.368
1378.731	14.375
1379.697	14.381
1380.698	14.386
1381.744	14.389
1382.850	14.390
1384.031	14.388
1385.307	14.382
1386.694	14.371
1388.207	14.356
1389.856	14.334
1391.641	14.307
1393.548	14.275
1395.555	14.238
1397.623	14.199
1399.707	14.158
1401.761	14.119
1403.743	14.082
1405.624	14.050
1407.388	14.022
1409.036	13.999
1410.582	13.980
1412.056	13.965
1413.490	13.952
1414.923	13.939
1416.397	13.926
1417.947	13.910
1419.604	13.890
1421.384	13.866
1423.294	13.837
1425.316	13.803
1427.420	13.766
1429.555	13.727
1431.666	13.689
1433.691	13.654
1435.579	13.623
1437.295	13.598
1438.815	13.581
1440.136	13.571
1441.266	13.568
1442.222	13.572
1443.026	13.582
1443.702	13.597
1444.274	13.616
1444.763	13.638
1445.189	13.663
1445.569	13.690
1445.918	13.718
1446.249	13.748
1446.574	13.777
1446.905	13.807
1447.255	13.836
1447.635	13.865
1448.060	13.892
1448.546	13.917
1449.113	13.939
1449.781	13.957
1450.581	13.971
1451.539	13.979
1452.694	13.980
1454.079	13.973
1455.732	13.956
1457.678	13.927
1459.927	13.888
1462.474	13.837
1465.270	13.777
1468.253	13.710
1471.320	13.639
1474.371	13.569
1477.300	13.502
1480.032	13.443
1482.512	13.392
1484.717	13.352
1486.649	13.321
1488.324	13.299
1489.768	13.285
1491.011	13.279
1492.078	13.279
1492.999	13.285
1493.794	13.294
1494.483	13.308
1495.081	13.325
1495.603	13.345
1496.060	13.367
1496.461	13.391
1496.815	13.417
1497.129	13.444
1497.407	13.473
1497.657	13.503
1497.881	13.535
1498.083	13.567
1498.267	13.599
1498.436	13.633
1498.591	13.667
1498.734	13.702
1498.868	13.737
1498.994	13.773
1499.113	13.809
1499.226	13.846
1499.335	13.883
1499.440	13.920
1499.542	13.958
1499.642	13.996
1499.741	14.034
1499.840	14.072
1499.938	14.110
1500.038	14.149
1500.140	14.188
1500.244	14.226
1500.352	14.265
1500.467	14.304
1500.587	14.343
1500.717	14.381
1500.857	14.420
1501.011	14.458
1501.181	14.495
1501.370	14.532
1501.584	14.568
1501.827	14.604
1502.104	14.638
1502.422	14.670
1502.790	14.701
1503.215	14.729
1503.708	14.755
1504.278	14.778
1504.936	14.798
1505.691	14.813
1506.552	14.824
1507.527	14.831
1508.617	14.833
1509.821	14.829
1511.133	14.822
1512.539	14.810
1514.025	14.794
1515.569	14.776
1517.150	14.757
1518.750	14.736
1520.351	14.716
1521.945	14.695
1523.525	14.675
1525.093	14.656
1526.651	14.637
1528.206	14.619
1529.762	14.601
1531.322	14.582
1532.882	14.564
1534.436	14.546
1535.972	14.528
1537.474	14.512
1538.927	14.498
1540.312	14.485
1541.617	14.476
1542.830	14.471
1543.947	14.469
1544.966	14.471
1545.892	14.477
1546.733	14.486
1547.501	14.498
1548.210	14.513
1548.873	14.529
1549.510	14.547
1550.138	14.566
1550.776	14.584
1551.447	14.602
1552.173	14.617
1552.982	14.630
1553.900	14.638
1554.958	14.642
1556.190	14.639
1557.623	14.628
1559.289	14.609
1561.201	14.580
1563.365	14.542
1565.763	14.494
1568.353	14.439
1571.077	14.379
1573.854	14.316
1576.604	14.254
1579.255	14.196
1581.752	14.143
1584.062	14.097
1586.179	14.059
1588.109	14.028
1589.880	14.003
1591.518	13.983
1593.055	13.967
1594.525	13.953
1595.951	13.942
1597.361	13.931
1598.769	13.921
1600.188	13.911
1601.625	13.900
1603.078	13.888
1604.543	13.876
1606.013	13.864
1607.475	13.851
1608.917	13.840
1610.327	13.829
1611.696	13.820
1613.016	13.812
1614.283	13.807
1615.496	13.803
1616.659	13.801
1617.776	13.800
1618.857	13.801
1619.907	13.803
1620.939	13.805
1621.961	13.808
1622.981	13.811
1624.008	13.814
1625.046	13.817
1626.104	13.819
1627.180	13.821
1628.280	13.821
1629.402	13.821
1630.544	13.821
1631.706	13.819
1632.882	13.817
1634.071	13.815
1635.268	13.812
1636.470	13.809
1637.670	13.806
1638.872	13.803
1640.064	13.801
1641.249	13.798
1642.422	13.796
1643.578	13.794
1644.718	13.793
1645.833	13.793
1646.924	13.794
1647.984	13.795
1649.012	13.797
1650.005	13.801
1650.959	13.806
1651.876	13.812
1652.754	13.819
1653.596	13.828
1654.405	13.838
1655.186	13.849
1655.945	13.860
1656.692	13.872
1657.436	13.885
1658.189	13.897
1658.965	13.908
1659.778	13.919
1660.645	13.928
1661.583	13.935
1662.607	13.938
1663.734	13.939
1664.976	13.936
1666.342	13.929
1667.835	13.918
1669.444	13.902
1671.155	13.883
1672.945	13.862
1674.773	13.838
1676.608	13.815
1678.405	13.792
1680.124	13.771
1681.741	13.753
1683.226	13.740
1684.572	13.731
1685.773	13.727
1686.832	13.727
1687.760	13.732
1688.568	13.740
1689.271	13.753
1689.885	13.768
1690.422	13.786
1690.896	13.806
1691.319	13.828
1691.701	13.851
1692.051	13.876
1692.375	13.901
1692.682	13.928
1692.977	13.954
1693.265	13.982
1693.550	14.009
1693.838	14.036
1694.133	14.064
1694.440	14.091
1694.763	14.118
1695.111	14.144
1695.488	14.169
1695.904	14.193
1696.367	14.215
1696.889	14.236
1697.483	14.255
1698.164	14.270
1698.948	14.282
1699.852	14.291
1700.896	14.294
1702.096	14.293
1703.460	14.286
1705.002	14.273
1706.713	14.254
1708.575	14.230
1710.568	14.201
1712.640	14.169
1714.749	14.135
1716.835	14.102
1718.848	14.071
1720.747	14.044
1722.500	14.021
1724.093	14.003
1725.521	13.991
1726.793	13.984
1727.925	13.982
1728.939	13.984
1729.854	13.989
1730.696	13.998
1731.488	14.007
1732.249	14.019
1733.000	14.030
1733.759	14.042
1734.543	14.053
1735.372	14.063
1736.258	14.071
1737.221	14.076
1738.277	14.079
1739.440	14.079
1740.728	14.074
1742.152	14.065
1743.724	14.052
1745.450	14.033
1747.328	14.010
1749.347	13.982
1751.488	13.951
1753.718	13.916
1755.996	13.879
1758.277	13.842
1760.510	13.807
1762.651	13.774
1764.665	13.744
1766.524	13.720
1768.208	13.701
1769.714	13.687
1771.046	13.679
1772.216	13.676
1773.236	13.677
1774.122	13.683
1774.895	13.692
1775.572	13.704
1776.168	13.720
1776.700	13.737
1777.183	13.756
1777.627	13.776
1778.048	13.797
1778.457	13.819
1778.865	13.840
1779.286	13.862
1779.729	13.883
1780.212	13.903
1780.747	13.922
1781.350	13.939
1782.041	13.953
1782.836	13.964
1783.756	13.971
1784.818	13.974
1786.038	13.973
1787.427	13.966
1788.989	13.953
1790.717	13.936
1792.589	13.913
1794.575	13.887
1796.631	13.859
1798.703	13.829
1800.741	13.801
1802.697	13.774
1804.528	13.751
1806.206	13.732
1807.717	13.719
1809.060	13.710
1810.241	13.707
1811.276	13.708
1812.184	13.713
1812.984	13.721
1813.698	13.733
1814.347	13.746
1814.949	13.761
1815.523	13.777
1816.087	13.794
1816.656	13.810
1817.247	13.826
1817.876	13.841
1818.561	13.855
1819.320	13.867
1820.172	13.875
1821.137	13.881
1822.236	13.883
1823.488	13.881
1824.914	13.873
1826.524	13.860
1828.330	13.841
1830.323	13.816
1832.493	13.786
1834.809	13.752
1837.231	13.714
1839.709	13.675
1842.191	13.635
1844.621	13.596
1846.957	13.560
1849.166	13.528
1851.225	13.500
1853.128	13.476
1854.877	13.457
1856.483	13.442
1857.963	13.431
1859.333	13.423
1860.614	13.418
1861.823	13.415
1862.977	13.414
1864.093	13.413
1865.184	13.414
1866.260	13.415
1867.337	13.417
1868.425	13.418
1869.533	13.418
1870.674	13.418
1871.856	13.417
1873.091	13.414
1874.392	13.410
1875.768	13.404
1877.225	13.396
1878.775	13.385
1880.421	13.371
1882.161	13.355
1883.993	13.337
1885.908	13.316
1887.884	13.294
1889.904	13.270
1891.943	13.246
1893.969	13.222
1895.959	13.199
1897.884	13.177
1899.725	13.157
1901.467	13.140
1903.102	13.126
1904.625	13.115
1906.043	13.106
1907.362	13.101
1908.592	13.097
1909.748	13.096
1910.843	13.096
1911.891	13.098
1912.906	13.101
1913.900	13.104
1914.884	13.108
1915.868	13.111
1916.859	13.115
1917.862	13.119
1918.881	13.121
1919.916	13.124
1920.967	13.126
1922.033	13.128
1923.108	13.129
1924.187	13.131
1925.266	13.132
1926.338	13.133
1927.397	13.135
1928.438	13.137
1929.456	13.139
1930.449	13.143
1931.414	13.147
1932.350	13.151
1933.258	13.157
1934.142	13.163
1935.004	13.169
1935.850	13.177
1936.684	13.184
1937.511	13.192
1938.340	13.199
1939.176	13.207
1940.025	13.214
1940.893	13.221
1941.784	13.228
1942.702	13.233
1943.651	13.238
1944.629	13.242
1945.637	13.245
1946.673	13.248
1947.732	13.250
1948.807	13.251
1949.892	13.252
1950.979	13.253
1952.056	13.255
1953.117	13.256
1954.149	13.258
1955.149	13.261
1956.107	13.265
1957.017	13.270
1957.878	13.276
1958.685	13.284
1959.439	13.293
1960.142	13.304
1960.795	13.316
1961.402	13.329
1961.969	13.343
1962.500	13.358
1963.001	13.374
1963.479	13.391
1963.942	13.408
1964.397	13.425
1964.852	13.443
1965.316	13.460
1965.800	13.478
1966.314	13.494
1966.870	13.510
1967.484	13.524
1968.167	13.536
1968.940	13.546
1969.818	13.554
1970.820	13.558
1971.965	13.559
1973.271	13.555
1974.751	13.547
1976.413	13.535
1978.257	13.517
1980.273	13.495
1982.434	13.469
1984.707	13.439
1987.047	13.408
1989.402	13.376
1991.717	13.345
1993.940	13.315
1996.032	13.289
1997.963	13.267
1999.718	13.250
2001.287	13.237
2002.677	13.229
2003.901	13.225
2004.974	13.225
2005.913	13.229
2006.738	13.235
2007.467	13.245
2008.115	13.256
2008.700	13.269
2009.232	13.284
2009.724	13.299
2010.185	13.316
2010.624	13.333
2011.047	13.351
2011.461	13.369
2011.871	13.387
2012.282	13.405
2012.697	13.423
2013.120	13.441
2013.555	13.459
2014.004	13.477
2014.471	13.494
2014.958	13.511
2015.466	13.527
2015.998	13.542
2016.556	13.557
2017.141	13.571
2017.755	13.585
2018.397	13.598
2019.070	13.610
2019.771	13.621
2020.502	13.631
2021.260	13.641
2022.043	13.650
2022.851	13.659
2023.679	13.666
2024.524	13.674
2025.383	13.681
2026.250	13.687
2027.123	13.694
2027.996	13.700
2028.866	13.707
2029.729	13.713
2030.579	13.720
2031.412	13.728
2032.228	13.736
2033.021	13.744
2033.791	13.753
2034.535	13.763
2035.252	13.773
2035.942	13.784
2036.604	13.796
2037.239	13.809
2037.846	13.822
2038.428	13.836
2038.985	13.851
2039.517	13.866
2040.027	13.883
2040.517	13.899
2040.987	13.917
2041.441	13.934
2041.881	13.953
2042.308	13.971
2042.725	13.990
2043.135	14.010
2043.542	14.029
2043.947	14.049
2044.356	14.068
2044.773	14.087
2045.200	14.107
2045.644	14.125
2046.112	14.143
2046.609	14.161
2047.141	14.177
2047.718	14.193
2048.346	14.207
2049.034	14.219
2049.791	14.230
2050.625	14.238
2051.542	14.244
2052.548	14.248
2053.648	14.249
2054.840	14.247
2056.118	14.243
2057.479	14.237
2058.907	14.228
2060.381	14.218
2061.886	14.207
2063.401	14.196
2064.895	14.184
2066.350	14.174
2067.750	14.165
2069.078	14.159
2070.320	14.154
2071.477	14.152
2072.544	14.152
2073.525	14.155
2074.429	14.160
2075.262	14.167
2076.036	14.176
2076.762	14.186
2077.453	14.197
2078.123	14.209
2078.784	14.222
2079.451	14.234
2080.137	14.246
2080.860	14.257
2081.635	14.267
2082.481	14.275
2083.419	14.281
2084.474	14.283
2085.675	14.282
2087.051	14.276
2088.635	14.265
2090.466	14.247
2092.585	14.221
2095.024	14.187
2097.802	14.145
2100.936	14.093
2104.411	14.032
2108.179	13.963
2112.171	13.889
2116.291	13.811
2120.417	13.733
2124.442	13.658
2128.270	13.588
2131.829	13.525
2135.077	13.471
2138.004	13.424
2140.624	13.386
2142.958	13.354
2145.044	13.329
2146.920	13.310
2148.625	13.295
2150.191	13.284
2151.651	13.275
2153.031	13.268
2154.355	13.263
2155.640	13.259
2156.902	13.256
2158.149	13.253
2159.391	13.250
2160.632	13.248
2161.872	13.245
2163.112	13.242
2164.349	13.240
2165.577	13.237
2166.791	13.235
2167.985	13.233
2169.152	13.232
2170.286	13.232
2171.383	13.232
2172.434	13.233
2173.439	13.236
2174.394	13.239
2175.298	13.244
2176.150	13.250
2176.951	13.257
2177.703	13.265
2178.406	13.275
2179.065	13.285
2179.681	13.297
2180.258	13.309
2180.799	13.323
2181.307	13.337
2181.784	13.352
2182.233	13.367
2182.658	13.383
2183.061	13.400
2183.442	13.418
2183.806	13.435
2184.153	13.454
2184.486	13.472
2184.806	13.491
2185.114	13.511
2185.412	13.531
2185.701	13.550
2185.983	13.571
2186.259	13.591
2186.529	13.612
2186.796	13.632
2187.061	13.653
2187.326	13.674
2187.591	13.695
2187.858	13.716
2188.130	13.737
2188.408	13.758
2188.694	13.778
2188.991	13.799
2189.302	13.819
2189.628	13.839
2189.974	13.859
2190.343	13.878
2190.738	13.896
2191.165	13.914
2191.627	13.930
2192.131	13.946
2192.680	13.961
2193.282	13.974
2193.943	13.986
2194.668	13.997
2195.464	14.006
2196.337	14.012
2197.292	14.017
2198.335	14.019
2199.468	14.020
2200.694	14.017
2202.010	14.013
2203.416	14.006
2204.904	13.997
2206.466	13.986
2208.090	13.974
2209.761	13.960
2211.465	13.945
2213.184	13.930
2214.899	13.914
2216.595	13.899
2218.256	13.885
2219.866	13.872
2221.418	13.861
2222.902	13.851
2224.312	13.843
2225.647	13.837
2226.904	13.833
