<j>	<F>
1.246	20.230
3.002	11.614
4.179	10.899
5.196	11.156
6.054	12.657
7.215	14.244
8.585	11.436
9.532	12.759
11.137	12.035
12.467	10.583
13.346	11.228
14.237	12.121
15.522	12.358
17.083	11.206
18.031	11.225
18.729	12.104
19.440	13.182
20.367	13.904
21.486	13.900
22.550	13.992
23.598	14.074
24.543	14.400
25.496	14.789
26.692	14.889
28.339	13.899
29.759	13.131
30.782	13.117
31.548	13.591
32.242	14.305
32.951	15.017
33.668	15.788
34.659	16.272
36.382	15.425
38.246	13.966
39.354	13.671
40.058	14.153
40.693	14.825
41.311	15.561
41.954	16.348
42.828	16.894
44.396	16.488
47.021	14.592
49.278	12.927
50.306	12.732
50.847	13.227
51.368	13.878
52.136	14.383
53.392	14.399
54.975	13.902
56.180	13.619
56.831	13.932
57.242	14.605
57.644	15.395
58.184	16.123
59.043	16.540
60.413	16.340
62.128	15.617
63.566	15.095
64.501	15.129
65.151	15.527
65.716	16.077
66.315	16.641
67.037	17.098
67.946	17.346
69.090	17.324
70.581	16.948
72.480	16.152
74.343	15.315
75.630	14.992
76.493	15.141
77.473	15.351
79.355	15.035
82.678	13.725
85.950	12.324
87.839	11.757
88.864	11.722
89.525	11.900
90.007	12.186
90.395	12.540
90.742	12.941
91.088	13.369
91.469	13.806
91.919	14.227
92.476	14.602
93.164	14.901
93.977	15.113
94.877	15.255
95.812	15.364
96.766	15.461
97.775	15.532
98.919	15.526
100.275	15.387
101.845	15.110
103.539	14.755
105.236	14.403
106.832	14.111
108.221	13.924
109.327	13.877
110.148	13.980
110.755	14.210
111.248	14.524
111.742	14.869
112.371	15.171
113.303	15.331
114.711	15.234
116.582	14.858
118.546	14.389
120.167	14.072
121.324	13.985
122.117	14.086
122.670	14.318
123.085	14.638
123.439	15.012
123.804	15.407
124.257	15.780
124.911	16.069
125.927	16.174
127.442	16.000
129.326	15.585
131.114	15.176
132.486	14.978
133.537	14.971
134.555	15.027
135.900	14.984
138.002	14.662
141.060	13.964
144.396	13.129
146.953	12.555
148.521	12.336
149.469	12.347
150.136	12.469
150.717	12.634
151.315	12.805
151.990	12.960
152.768	13.084
153.647	13.174
154.591	13.237
155.543	13.290
156.447	13.354
157.284	13.440
158.082	13.546
158.909	13.651
159.864	13.726
161.045	13.734
162.496	13.652
164.133	13.496
165.741	13.329
167.100	13.224
168.120	13.221
168.843	13.314
169.359	13.481
169.750	13.699
170.076	13.948
170.380	14.216
170.692	14.492
171.039	14.767
171.447	15.030
171.947	15.268
172.587	15.462
173.465	15.580
174.788	15.554
176.933	15.266
180.220	14.614
184.168	13.743
187.537	13.035
189.773	12.668
191.169	12.552
192.106	12.572
192.798	12.662
193.351	12.793
193.817	12.950
194.232	13.126
194.621	13.315
195.003	13.510
195.390	13.710
195.788	13.911
196.201	14.113
196.628	14.314
197.074	14.515
197.552	14.712
198.096	14.896
198.783	15.046
199.758	15.122
201.234	15.056
203.389	14.790
206.070	14.352
208.703	13.904
210.798	13.601
212.340	13.459
213.572	13.418
214.717	13.412
215.892	13.404
217.124	13.382
218.371	13.351
219.557	13.328
220.618	13.331
221.525	13.368
222.295	13.441
222.978	13.539
223.648	13.648
224.406	13.746
225.384	13.803
226.751	13.781
228.651	13.641
231.055	13.382
233.631	13.067
235.903	12.801
237.598	12.649
238.750	12.614
239.533	12.662
240.109	12.760
240.586	12.885
241.033	13.021
241.490	13.160
241.989	13.294
242.555	13.417
243.215	13.524
243.992	13.607
244.904	13.662
245.955	13.686
247.132	13.681
248.398	13.654
249.704	13.615
251.005	13.575
252.275	13.541
253.513	13.514
254.734	13.493
255.964	13.472
257.225	13.447
258.530	13.414
259.878	13.372
261.247	13.324
262.596	13.278
263.871	13.242
265.018	13.228
266.001	13.243
266.810	13.292
267.460	13.372
267.979	13.481
268.400	13.613
268.757	13.761
269.077	13.922
269.388	14.089
269.711	14.258
270.070	14.424
270.491	14.581
271.005	14.722
271.660	14.835
272.519	14.907
273.673	14.918
275.219	14.844
277.210	14.673
279.545	14.421
281.943	14.146
284.081	13.918
285.806	13.774
287.167	13.710
288.324	13.695
289.435	13.697
290.618	13.692
291.926	13.665
293.353	13.614
294.840	13.550
296.313	13.484
297.720	13.430
299.043	13.390
300.296	13.365
301.495	13.349
302.647	13.341
303.734	13.343
304.731	13.358
305.613	13.391
306.368	13.445
307.000	13.521
307.527	13.618
307.974	13.730
308.367	13.856
308.731	13.989
309.086	14.128
309.451	14.268
309.841	14.405
310.268	14.538
310.739	14.665
311.258	14.783
311.822	14.893
312.422	14.996
313.042	15.094
313.662	15.191
314.264	15.293
314.829	15.401
315.349	15.521
315.821	15.652
316.250	15.795
316.649	15.948
317.037	16.108
317.455	16.266
318.009	16.406
319.068	16.468
321.973	16.245
330.349	15.183
345.671	13.077
358.126	11.432
363.968	10.792
366.902	10.578
368.894	10.489
370.482	10.445
371.813	10.426
372.950	10.425
373.934	10.439
374.800	10.463
375.571	10.495
376.267	10.535
376.902	10.581
377.485	10.631
378.024	10.686
378.526	10.744
378.996	10.806
379.437	10.871
379.855	10.939
380.254	11.009
380.636	11.082
381.007	11.157
381.369	11.233
381.726	11.311
382.081	11.390
382.439	11.469
382.801	11.549
383.171	11.629
383.551	11.710
383.943	11.789
384.350	11.868
384.770	11.947
385.206	12.024
385.655	12.101
386.117	12.177
386.589	12.252
387.069	12.327
387.557	12.402
388.051	12.477
388.554	12.551
389.071	12.625
389.613	12.697
390.200	12.765
390.859	12.826
391.633	12.876
392.575	12.908
393.751	12.915
395.219	12.888
397.007	12.824
399.075	12.726
401.300	12.605
403.496	12.482
405.488	12.379
407.174	12.307
408.541	12.272
409.642	12.268
410.558	12.287
411.371	12.319
412.156	12.358
412.976	12.395
413.892	12.425
414.957	12.441
416.222	12.437
417.723	12.409
419.472	12.356
421.440	12.280
423.548	12.186
425.680	12.088
427.707	11.998
429.529	11.925
431.089	11.878
432.382	11.856
433.433	11.857
434.282	11.879
434.973	11.918
435.544	11.969
436.026	12.030
436.442	12.098
436.812	12.172
437.150	12.250
437.468	12.332
437.775	12.416
438.080	12.501
438.392	12.587
438.718	12.673
439.068	12.757
439.451	12.839
439.875	12.918
440.349	12.992
440.878	13.060
441.469	13.123
442.119	13.179
442.825	13.228
443.576	13.272
444.359	13.312
445.159	13.350
445.963	13.386
446.765	13.423
447.574	13.460
448.414	13.495
449.334	13.523
450.406	13.536
451.734	13.525
453.434	13.475
455.606	13.376
458.260	13.224
461.249	13.033
464.279	12.833
467.028	12.658
469.296	12.530
471.057	12.455
472.403	12.423
473.470	12.423
474.387	12.441
475.264	12.467
476.191	12.490
477.247	12.504
478.497	12.502
479.991	12.479
481.752	12.432
483.764	12.361
485.962	12.272
488.240	12.174
490.477	12.078
492.572	11.994
494.459	11.926
496.121	11.878
497.570	11.848
498.833	11.834
499.944	11.834
500.932	11.844
501.821	11.863
502.630	11.889
503.375	11.920
504.070	11.956
504.725	11.996
505.355	12.038
505.970	12.083
506.586	12.127
507.218	12.172
507.883	12.214
508.605	12.252
509.411	12.284
510.333	12.308
511.412	12.320
512.690	12.316
514.209	12.293
515.994	12.249
518.038	12.184
520.290	12.100
522.643	12.006
524.960	11.913
527.105	11.831
528.978	11.768
530.536	11.729
531.784	11.714
532.757	11.720
533.507	11.745
534.083	11.784
534.529	11.834
534.879	11.892
535.160	11.957
535.392	12.027
535.588	12.101
535.760	12.177
535.914	12.256
536.057	12.337
536.191	12.420
536.320	12.504
536.447	12.589
536.574	12.676
536.701	12.763
536.832	12.851
536.967	12.940
537.109	13.030
537.259	13.120
537.420	13.210
537.594	13.299
537.785	13.389
537.997	13.477
538.237	13.564
538.516	13.648
538.849	13.729
539.265	13.803
539.812	13.866
540.574	13.912
541.692	13.926
543.391	13.891
545.967	13.779
549.681	13.566
554.480	13.254
559.766	12.893
564.604	12.564
568.340	12.326
570.889	12.189
572.520	12.132
573.556	12.128
574.248	12.155
574.755	12.198
575.173	12.251
575.560	12.308
575.955	12.366
576.387	12.422
576.881	12.474
577.468	12.521
578.181	12.558
579.060	12.584
580.154	12.595
581.513	12.587
583.179	12.556
585.175	12.500
587.481	12.420
590.021	12.322
592.668	12.214
595.268	12.108
597.681	12.014
599.815	11.939
601.633	11.886
603.143	11.855
604.381	11.843
605.393	11.848
606.223	11.865
606.908	11.893
607.480	11.930
607.963	11.973
608.374	12.022
608.728	12.075
609.037	12.132
609.309	12.192
609.551	12.255
609.770	12.321
609.969	12.388
610.152	12.458
610.323	12.529
610.485	12.601
610.639	12.675
610.788	12.750
610.933	12.826
611.076	12.903
611.219	12.981
611.362	13.059
611.508	13.139
611.658	13.218
611.813	13.299
611.977	13.379
612.151	13.460
612.339	13.540
612.545	13.619
612.775	13.698
613.035	13.774
613.337	13.848
613.692	13.919
614.118	13.983
614.637	14.041
615.280	14.088
616.085	14.122
617.096	14.138
618.361	14.131
619.924	14.099
621.803	14.038
623.975	13.950
626.361	13.842
628.837	13.725
631.258	13.611
633.510	13.510
635.532	13.430
637.322	13.370
638.923	13.327
640.400	13.297
641.822	13.273
643.253	13.250
644.739	13.224
646.305	13.192
647.947	13.155
649.638	13.112
651.327	13.069
652.958	13.030
654.475	12.997
655.842	12.976
657.042	12.966
658.079	12.969
658.968	12.983
659.735	13.007
660.407	13.039
661.008	13.076
661.562	13.118
662.087	13.163
662.599	13.209
663.109	13.255
663.630	13.302
664.169	13.347
664.737	13.391
665.343	13.433
665.999	13.470
666.722	13.504
667.536	13.531
668.472	13.549
669.578	13.555
670.912	13.545
672.547	13.514
674.550	13.457
676.962	13.369
679.760	13.253
682.824	13.117
685.951	12.974
688.911	12.840
691.518	12.731
693.683	12.651
695.411	12.602
696.764	12.580
697.826	12.580
698.675	12.594
699.378	12.620
699.985	12.653
700.531	12.691
701.040	12.731
701.530	12.774
702.009	12.818
702.486	12.862
702.964	12.907
703.444	12.951
703.928	12.996
704.414	13.041
704.902	13.085
705.389	13.130
705.875	13.175
706.358	13.221
706.837	13.267
707.313	13.313
707.786	13.360
708.259	13.407
708.736	13.454
709.225	13.501
709.734	13.547
710.277	13.591
710.873	13.632
711.547	13.668
712.333	13.696
713.275	13.714
714.427	13.717
715.853	13.702
717.613	13.663
719.751	13.597
722.262	13.504
725.072	13.389
728.035	13.262
730.960	13.136
733.664	13.024
736.029	12.934
738.014	12.870
739.637	12.831
740.956	12.813
742.038	12.812
742.949	12.823
743.741	12.843
744.458	12.868
745.130	12.897
745.781	12.927
746.426	12.959
747.075	12.990
747.733	13.021
748.401	13.051
749.075	13.081
749.752	13.111
750.424	13.141
751.084	13.171
751.724	13.203
752.336	13.237
752.915	13.272
753.457	13.311
753.960	13.352
754.423	13.396
754.848	13.443
755.238	13.492
755.596	13.544
755.927	13.599
756.238	13.656
756.533	13.714
756.819	13.773
757.106	13.833
757.403	13.893
757.723	13.952
758.081	14.009
758.501	14.062
759.015	14.109
759.668	14.148
760.527	14.173
761.685	14.178
763.265	14.154
765.410	14.092
768.249	13.983
771.822	13.823
775.992	13.621
780.422	13.401
784.667	13.191
788.367	13.016
791.355	12.887
793.650	12.804
795.370	12.759
796.657	12.742
797.635	12.746
798.397	12.764
799.012	12.792
799.528	12.827
799.977	12.866
800.383	12.909
800.762	12.953
801.125	13.000
801.482	13.047
801.839	13.094
802.200	13.141
802.569	13.188
802.948	13.235
803.339	13.282
803.742	13.328
804.159	13.373
804.588	13.418
805.030	13.462
805.484	13.505
805.947	13.548
806.417	13.591
806.893	13.633
807.373	13.676
807.855	13.718
808.336	13.761
808.813	13.803
809.287	13.847
809.756	13.890
810.218	13.935
810.675	13.980
811.128	14.025
811.578	14.071
812.030	14.118
812.487	14.164
812.957	14.210
813.451	14.254
813.983	14.296
814.579	14.335
815.278	14.367
816.144	14.389
817.285	14.395
818.878	14.372
821.192	14.306
824.588	14.174
829.407	13.955
835.696	13.646
842.903	13.282
849.972	12.925
855.956	12.634
860.505	12.429
863.790	12.299
866.173	12.224
867.981	12.184
869.445	12.163
870.710	12.155
871.859	12.154
872.941	12.156
873.982	12.161
874.998	12.167
875.997	12.174
876.984	12.182
877.961	12.190
878.931	12.199
879.892	12.208
880.847	12.217
881.795	12.227
882.736	12.237
883.670	12.248
884.594	12.258
885.510	12.270
886.413	12.281
887.304	12.294
888.179	12.307
889.036	12.320
889.872	12.335
890.684	12.351
891.470	12.368
892.227	12.387
892.953	12.407
893.648	12.429
894.309	12.452
894.938	12.477
895.535	12.504
896.101	12.532
896.637	12.562
897.145	12.594
897.627	12.627
898.086	12.661
898.523	12.697
898.942	12.733
899.346	12.771
899.737	12.810
900.117	12.849
900.491	12.889
900.862	12.930
901.234	12.970
901.611	13.011
901.999	13.051
902.405	13.091
902.836	13.130
903.304	13.167
903.823	13.202
904.409	13.233
905.085	13.260
905.879	13.281
906.822	13.295
907.949	13.299
909.297	13.291
910.896	13.270
912.758	13.234
914.870	13.185
917.183	13.124
919.611	13.056
922.046	12.986
924.375	12.921
926.505	12.865
928.379	12.822
929.975	12.794
931.304	12.780
932.395	12.778
933.289	12.787
934.025	12.804
934.640	12.829
935.163	12.858
935.622	12.891
936.035	12.928
936.421	12.966
936.791	13.005
937.158	13.044
937.532	13.084
937.924	13.123
938.344	13.161
938.804	13.198
939.317	13.232
939.898	13.262
940.565	13.289
941.338	13.310
942.238	13.325
943.286	13.332
944.501	13.330
945.893	13.319
947.462	13.298
949.190	13.269
951.039	13.232
952.957	13.192
954.877	13.150
956.731	13.110
958.461	13.077
960.026	13.051
961.404	13.035
962.593	13.029
963.605	13.032
964.460	13.043
965.184	13.062
965.801	13.086
966.335	13.115
966.807	13.148
967.236	13.183
967.636	13.220
968.021	13.258
968.402	13.297
968.788	13.336
969.186	13.375
969.604	13.413
970.045	13.450
970.516	13.485
971.019	13.519
971.555	13.551
972.127	13.582
972.735	13.610
973.376	13.637
974.052	13.662
974.758	13.685
975.497	13.706
976.267	13.726
977.074	13.744
977.930	13.759
978.855	13.772
979.880	13.779
981.057	13.779
982.454	13.768
984.165	13.742
986.297	13.695
988.951	13.622
992.190	13.520
995.975	13.390
1000.133	13.241
1004.381	13.085
1008.388	12.940
1011.906	12.818
1014.814	12.726
1017.121	12.664
1018.914	12.627
1020.306	12.610
1021.408	12.607
1022.310	12.615
1023.077	12.630
1023.761	12.650
1024.394	12.672
1024.998	12.695
1025.590	12.720
1026.179	12.745
1026.772	12.770
1027.371	12.794
1027.979	12.819
1028.597	12.842
1029.223	12.866
1029.857	12.889
1030.498	12.912
1031.142	12.935
1031.789	12.958
1032.437	12.980
1033.083	13.003
1033.726	13.026
1034.365	13.049
1034.998	13.072
1035.626	13.096
1036.246	13.120
1036.859	13.145
1037.465	13.169
1038.062	13.195
1038.652	13.221
1039.232	13.247
1039.804	13.274
1040.365	13.301
1040.917	13.329
1041.458	13.357
1041.987	13.386
1042.503	13.416
1043.007	13.446
1043.498	13.478
1043.975	13.510
1044.440	13.542
1044.894	13.576
1045.337	13.610
1045.772	13.645
1046.202	13.680
1046.631	13.715
1047.066	13.750
1047.513	13.785
1047.984	13.820
1048.493	13.852
1049.057	13.882
1049.703	13.909
1050.464	13.929
1051.384	13.943
1052.517	13.946
1053.930	13.936
1055.696	13.908
1057.885	13.860
1060.540	13.788
1063.659	13.694
1067.170	13.580
1070.930	13.453
1074.756	13.324
1078.467	13.200
1081.934	13.088
1085.092	12.992
1087.943	12.911
1090.516	12.844
1092.856	12.789
1095.002	12.743
1096.979	12.705
1098.807	12.674
1100.489	12.649
1102.033	12.630
1103.441	12.617
1104.722	12.610
1105.887	12.607
1106.947	12.609
1107.922	12.614
1108.824	12.623
1109.674	12.634
1110.486	12.648
1111.275	12.662
1112.054	12.677
1112.834	12.692
1113.622	12.706
1114.425	12.721
1115.246	12.734
1116.087	12.747
1116.946	12.759
1117.821	12.770
1118.705	12.780
1119.597	12.791
1120.487	12.801
1121.370	12.811
1122.240	12.822
1123.089	12.834
1123.915	12.847
1124.713	12.860
1125.480	12.875
1126.214	12.892
1126.916	12.909
1127.586	12.929
1128.223	12.949
1128.832	12.971
1129.409	12.995
1129.963	13.019
1130.489	13.045
1130.993	13.071
1131.474	13.099
1131.936	13.128
1132.378	13.158
1132.801	13.188
1133.208	13.220
1133.599	13.252
1133.974	13.286
1134.334	13.320
1134.681	13.354
1135.015	13.390
1135.337	13.426
1135.648	13.463
1135.949	13.500
1136.242	13.539
1136.527	13.577
1136.806	13.616
1137.081	13.656
1137.352	13.696
1137.623	13.736
1137.894	13.776
1138.168	13.817
1138.448	13.857
1138.737	13.897
1139.038	13.937
1139.356	13.976
1139.695	14.015
1140.063	14.052
1140.468	14.088
1140.920	14.122
1141.433	14.153
1142.026	14.180
1142.724	14.203
1143.562	14.219
1144.589	14.227
1145.870	14.223
1147.491	14.203
1149.559	14.163
1152.190	14.097
1155.481	14.001
1159.462	13.874
1164.038	13.720
1168.966	13.549
1173.890	13.378
1178.456	13.222
1182.412	13.093
1185.661	12.996
1188.236	12.928
1190.238	12.886
1191.790	12.863
1193.006	12.856
1193.977	12.860
1194.773	12.871
1195.446	12.888
1196.029	12.909
1196.549	12.932
1197.021	12.958
1197.458	12.986
1197.868	13.015
1198.255	13.045
1198.625	13.076
1198.979	13.107
1199.320	13.139
1199.646	13.172
1199.964	13.206
1200.268	13.240
1200.565	13.275
1200.851	13.310
1201.130	13.346
1201.402	13.382
1201.668	13.419
1201.931	13.456
1202.192	13.493
1202.453	13.531
1202.719	13.568
1202.994	13.606
1203.283	13.643
1203.594	13.679
1203.937	13.714
1204.325	13.748
1204.774	13.779
1205.308	13.807
1205.954	13.830
1206.750	13.847
1207.739	13.856
1208.970	13.855
1210.494	13.841
1212.355	13.812
1214.576	13.768
1217.138	13.708
1219.979	13.636
1222.978	13.556
1225.988	13.474
1228.849	13.397
1231.444	13.332
1233.691	13.280
1235.576	13.244
1237.114	13.222
1238.352	13.214
1239.343	13.216
1240.142	13.227
1240.794	13.245
1241.340	13.267
1241.809	13.293
1242.227	13.321
1242.611	13.351
1242.977	13.382
1243.335	13.414
1243.693	13.446
1244.059	13.477
1244.438	13.509
1244.835	13.540
1245.255	13.570
1245.700	13.599
1246.175	13.627
1246.682	13.653
1247.224	13.679
1247.804	13.702
1248.425	13.724
1249.090	13.744
1249.803	13.763
1250.568	13.779
1251.390	13.792
1252.276	13.803
1253.234	13.811
1254.272	13.816
1255.401	13.817
1256.631	13.813
1257.974	13.805
1259.438	13.791
1261.031	13.773
1262.751	13.748
1264.596	13.719
1266.546	13.685
1268.581	13.647
1270.668	13.607
1272.773	13.566
1274.860	13.525
1276.895	13.487
1278.852	13.451
1280.712	13.420
1282.467	13.393
1284.113	13.371
1285.654	13.353
1287.095	13.339
1288.448	13.328
1289.718	13.322
1290.915	13.318
1292.046	13.317
1293.118	13.318
1294.135	13.321
1295.101	13.327
1296.021	13.334
1296.896	13.343
1297.731	13.354
1298.527	13.367
1299.290	13.381
1300.022	13.396
1300.729	13.412
1301.418	13.429
1302.097	13.446
1302.775	13.464
1303.467	13.482
1304.190	13.498
1304.965	13.513
1305.820	13.525
1306.791	13.533
1307.922	13.535
1309.261	13.529
1310.864	13.514
1312.784	13.487
1315.059	13.446
1317.702	13.391
1320.678	13.324
1323.905	13.246
1327.247	13.163
1330.546	13.081
1333.648	13.005
1336.438	12.941
1338.850	12.890
1340.874	12.853
1342.532	12.831
1343.875	12.820
1344.958	12.818
1345.833	12.825
1346.549	12.838
1347.143	12.856
1347.646	12.877
1348.082	12.901
1348.467	12.927
1348.815	12.954
1349.136	12.983
1349.435	13.013
1349.718	13.043
1349.989	13.074
1350.250	13.106
1350.504	13.138
1350.752	13.170
1350.995	13.203
1351.235	13.236
1351.472	13.269
1351.708	13.302
1351.945	13.336
1352.182	13.369
1352.422	13.403
1352.667	13.436
1352.919	13.470
1353.179	13.503
1353.454	13.536
1353.744	13.569
1354.056	13.601
1354.395	13.632
1354.768	13.662
1355.184	13.690
1355.651	13.717
1356.184	13.741
1356.794	13.762
1357.498	13.780
1358.312	13.794
1359.254	13.803
1360.344	13.806
1361.593	13.802
1363.016	13.792
1364.616	13.775
1366.386	13.752
1368.308	13.721
1370.352	13.686
1372.476	13.648
1374.632	13.607
1376.771	13.568
1378.848	13.530
1380.828	13.496
1382.687	13.466
1384.412	13.442
1386.004	13.423
1387.466	13.408
1388.810	13.399
1390.052	13.393
1391.201	13.391
1392.276	13.392
1393.285	13.395
1394.242	13.401
1395.153	13.408
1396.028	13.417
1396.872	13.427
1397.691	13.438
1398.488	13.449
1399.266	13.462
1400.030	13.475
1400.778	13.489
1401.516	13.503
1402.241	13.517
1402.959	13.532
1403.667	13.548
1404.368	13.563
1405.064	13.579
1405.754	13.595
1406.441	13.612
1407.126	13.628
1407.812	13.644
1408.498	13.661
1409.188	13.677
1409.882	13.693
1410.584	13.709
1411.295	13.725
1412.015	13.740
1412.749	13.755
1413.495	13.769
1414.260	13.783
1415.041	13.796
1415.844	13.808
1416.669	13.820
1417.521	13.830
1418.404	13.840
1419.321	13.848
1420.279	13.854
1421.281	13.859
1422.337	13.862
1423.447	13.863
1424.622	13.862
1425.862	13.857
1427.171	13.851
1428.548	13.841
1429.988	13.830
1431.484	13.816
1433.024	13.800
1434.592	13.783
1436.172	13.765
1437.746	13.748
1439.294	13.731
1440.802	13.716
1442.258	13.702
1443.654	13.691
1444.983	13.682
1446.247	13.676
1447.449	13.672
1448.594	13.670
1449.687	13.670
1450.739	13.672
1451.756	13.676
1452.749	13.680
1453.723	13.685
1454.688	13.691
1455.651	13.696
1456.617	13.702
1457.597	13.707
1458.593	13.712
1459.616	13.716
1460.672	13.718
1461.768	13.720
1462.911	13.719
1464.106	13.717
1465.360	13.713
1466.673	13.706
1468.047	13.697
1469.476	13.686
1470.953	13.674
1472.466	13.660
1473.997	13.645
1475.529	13.630
1477.038	13.615
1478.506	13.602
1479.913	13.591
1481.243	13.582
1482.488	13.576
1483.636	13.574
1484.691	13.575
1485.651	13.580
1486.523	13.588
1487.315	13.598
1488.034	13.612
1488.692	13.628
1489.297	13.645
1489.860	13.665
1490.392	13.686
1490.900	13.707
1491.396	13.730
1491.886	13.752
1492.381	13.775
1492.887	13.798
1493.416	13.819
1493.973	13.840
1494.568	13.860
1495.211	13.878
1495.908	13.894
1496.668	13.908
1497.498	13.919
1498.401	13.928
1499.381	13.934
1500.436	13.937
1501.564	13.937
1502.755	13.935
1503.995	13.930
1505.271	13.925
1506.560	13.918
1507.846	13.911
1509.106	13.906
1510.321	13.901
1511.478	13.899
1512.563	13.899
1513.572	13.902
1514.498	13.907
1515.345	13.916
1516.115	13.928
1516.813	13.942
1517.448	13.959
1518.026	13.978
1518.557	13.999
1519.049	14.021
1519.510	14.045
1519.952	14.070
1520.387	14.095
1520.830	14.120
1521.305	14.145
1521.847	14.167
1522.516	14.186
1523.404	14.198
1524.668	14.198
1526.552	14.178
1529.416	14.127
1533.734	14.029
1539.964	13.868
1548.283	13.640
1558.181	13.358
1568.409	13.064
1577.546	12.803
1584.699	12.605
1589.767	12.473
1593.135	12.396
1595.302	12.358
1596.695	12.344
1597.610	12.347
1598.239	12.359
1598.698	12.376
1599.054	12.397
1599.350	12.420
1599.606	12.444
1599.839	12.470
1600.056	12.495
1600.263	12.521
1600.464	12.548
1600.662	12.575
1600.860	12.601
1601.060	12.628
1601.265	12.655
1601.479	12.682
1601.703	12.708
1601.945	12.734
1602.208	12.760
1602.498	12.785
1602.827	12.809
1603.201	12.832
1603.637	12.854
1604.150	12.873
1604.760	12.890
1605.495	12.903
1606.383	12.912
1607.461	12.916
1608.766	12.914
1610.341	12.904
1612.222	12.885
1614.435	12.857
1616.990	12.819
1619.866	12.772
1623.007	12.717
1626.328	12.657
1629.715	12.594
1633.047	12.532
1636.210	12.475
1639.119	12.424
1641.725	12.381
1644.007	12.348
1645.978	12.323
1647.667	12.306
1649.110	12.296
1650.351	12.292
1651.429	12.292
1652.377	12.296
1653.225	12.303
1653.998	12.312
1654.715	12.323
1655.390	12.335
1656.036	12.348
1656.660	12.362
1657.270	12.376
1657.870	12.390
1658.464	12.405
1659.054	12.420
1659.642	12.435
1660.228	12.450
1660.813	12.465
1661.396	12.480
1661.979	12.495
1662.562	12.510
1663.143	12.525
1663.723	12.540
1664.304	12.555
1664.885	12.571
1665.469	12.586
1666.055	12.601
1666.648	12.616
1667.252	12.631
1667.868	12.646
1668.503	12.660
1669.162	12.673
1669.849	12.686
1670.574	12.698
1671.342	12.709
1672.161	12.718
1673.040	12.726
1673.983	12.732
1675.000	12.736
1676.093	12.738
1677.264	12.738
1678.514	12.736
1679.838	12.731
1681.227	12.725
1682.669	12.717
1684.149	12.708
1685.651	12.698
1687.149	12.688
1688.626	12.679
1690.067	12.670
1691.446	12.663
1692.758	12.657
1693.990	12.654
1695.137	12.653
1696.200	12.654
1697.177	12.658
1698.077	12.663
1698.905	12.671
1699.668	12.681
1700.377	12.692
1701.039	12.704
1701.664	12.718
1702.260	12.732
1702.835	12.748
1703.397	12.763
1703.952	12.779
1704.507	12.795
1705.068	12.811
1705.638	12.827
1706.224	12.842
1706.829	12.857
1707.455	12.872
1708.108	12.885
1708.787	12.898
1709.495	12.911
1710.235	12.922
1711.006	12.932
1711.807	12.942
1712.640	12.951
1713.501	12.959
1714.389	12.966
1715.302	12.972
1716.235	12.978
1717.189	12.983
1718.155	12.988
1719.131	12.992
1720.114	12.997
1721.098	13.001
1722.081	13.005
1723.060	13.009
1724.029	13.014
1724.988	13.018
1725.935	13.023
1726.865	13.029
1727.781	13.035
1728.678	13.041
1729.559	13.048
1730.422	13.055
1731.265	13.063
1732.092	13.072
1732.900	13.081
1733.688	13.090
1734.461	13.100
1735.217	13.110
1735.953	13.121
1736.676	13.133
1737.382	13.145
1738.072	13.157
1738.749	13.170
1739.410	13.183
1740.061	13.197
1740.698	13.211
1741.326	13.225
1741.944	13.239
1742.554	13.254
1743.157	13.269
1743.755	13.285
1744.348	13.300
1744.938	13.316
1745.528	13.331
1746.115	13.347
1746.704	13.363
1747.295	13.378
1747.886	13.394
1748.481	13.409
1749.080	13.425
1749.682	13.440
1750.290	13.456
1750.905	13.471
1751.530	13.486
1752.171	13.500
1752.838	13.514
1753.548	13.527
1754.327	13.538
1755.220	13.546
1756.300	13.550
1757.681	13.546
1759.534	13.530
1762.107	13.496
1765.730	13.435
1770.765	13.337
1777.502	13.196
1785.928	13.010
1795.539	12.793
1805.385	12.568
1814.358	12.365
1821.729	12.201
1827.270	12.084
1831.169	12.008
1833.792	11.966
1835.509	11.947
1836.616	11.943
1837.330	11.950
1837.794	11.964
1838.102	11.982
1838.315	12.003
1838.468	12.025
1838.586	12.048
1838.682	12.072
1838.765	12.096
1838.842	12.120
1838.915	12.145
1838.987	12.170
1839.060	12.195
1839.134	12.220
1839.211	12.245
1839.292	12.270
1839.377	12.295
1839.467	12.320
1839.563	12.345
1839.666	12.370
1839.778	12.395
1839.899	12.419
1840.031	12.444
1840.177	12.468
1840.337	12.492
1840.516	12.516
1840.715	12.539
1840.937	12.562
1841.187	12.584
1841.470	12.606
1841.789	12.626
1842.151	12.646
1842.562	12.665
1843.029	12.682
1843.561	12.698
1844.164	12.712
1844.848	12.724
1845.620	12.734
1846.489	12.742
1847.462	12.747
1848.542	12.750
1849.732	12.750
1851.031	12.746
1852.433	12.741
1853.927	12.733
1855.497	12.722
1857.125	12.711
1858.785	12.698
1860.454	12.685
1862.103	12.672
1863.710	12.660
1865.253	12.649
1866.714	12.640
1868.081	12.634
1869.347	12.630
1870.508	12.628
1871.566	12.629
1872.525	12.633
1873.390	12.639
1874.170	12.647
1874.875	12.657
1875.511	12.669
1876.087	12.682
1876.611	12.697
1877.091	12.713
1877.533	12.729
1877.942	12.747
1878.324	12.766
1878.683	12.785
1879.023	12.805
1879.345	12.825
1879.655	12.846
1879.953	12.867
1880.241	12.888
1880.522	12.910
1880.796	12.931
1881.065	12.953
1881.329	12.976
1881.589	12.998
1881.847	13.021
1882.102	13.043
1882.356	13.066
1882.608	13.089
1882.859	13.112
1883.109	13.135
1883.360	13.158
1883.611	13.181
1883.863	13.204
1884.117	13.228
1884.374	13.251
1884.634	13.274
1884.898	13.297
1885.169	13.320
1885.448	13.343
1885.737	13.366
1886.039	13.389
1886.357	13.411
1886.696	13.433
1887.062	13.454
1887.460	13.474
1887.897	13.493
1888.383	13.511
1888.929	13.528
1889.548	13.543
1890.254	13.555
1891.061	13.565
1891.988	13.571
1893.053	13.574
1894.271	13.573
1895.656	13.567
1897.218	13.557
1898.956	13.541
1900.866	13.521
1902.926	13.496
1905.103	13.468
1907.360	13.438
1909.649	13.406
1911.913	13.375
1914.110	13.346
1916.204	13.319
1918.157	13.295
1919.957	13.276
1921.600	13.261
1923.084	13.250
1924.423	13.243
1925.630	13.240
1926.720	13.240
1927.712	13.242
1928.619	13.247
1929.457	13.254
1930.237	13.263
1930.969	13.273
1931.662	13.284
1932.321	13.296
1932.950	13.309
1933.554	13.322
1934.134	13.336
1934.693	13.351
1935.231	13.366
1935.750	13.382
1936.250	13.398
1936.732	13.415
1937.195	13.433
1937.641	13.451
1938.069	13.469
1938.483	13.488
1938.881	13.507
1939.266	13.527
1939.639	13.547
1940.002	13.568
1940.358	13.589
1940.708	13.610
1941.058	13.631
1941.410	13.652
1941.769	13.673
1942.141	13.694
1942.533	13.714
1942.954	13.734
1943.414	13.752
1943.927	13.770
1944.510	13.785
1945.183	13.799
1945.969	13.809
1946.898	13.816
1948.005	13.818
1949.327	13.814
1950.900	13.804
1952.759	13.786
1954.937	13.759
1957.442	13.724
1960.257	13.680
1963.349	13.628
1966.646	13.571
1970.045	13.511
1973.451	13.450
1976.766	13.391
1979.899	13.337
1982.813	13.289
1985.490	13.248
1987.936	13.212
1990.187	13.183
1992.284	13.157
1994.274	13.135
1996.198	13.115
1998.099	13.096
2000.002	13.077
2001.926	13.058
2003.880	13.038
2005.859	13.018
2007.853	12.997
2009.839	12.976
2011.796	12.956
2013.697	12.937
2015.518	12.920
2017.238	12.905
2018.842	12.893
2020.320	12.884
2021.667	12.877
2022.885	12.874
2023.980	12.874
2024.960	12.877
2025.836	12.882
2026.619	12.890
2027.321	12.899
2027.954	12.910
2028.529	12.923
2029.054	12.937
2029.540	12.952
2029.993	12.968
2030.422	12.985
2030.832	13.002
2031.230	13.019
2031.620	13.037
2032.006	13.055
2032.395	13.073
2032.791	13.090
2033.198	13.108
2033.623	13.125
2034.072	13.142
2034.553	13.158
2035.076	13.173
2035.650	13.187
2036.291	13.200
2037.015	13.211
2037.842	13.219
2038.796	13.225
2039.910	13.226
2041.211	13.224
2042.734	13.216
2044.520	13.203
2046.593	13.182
2048.974	13.154
2051.675	13.119
2054.670	13.077
2057.914	13.028
2061.341	12.976
2064.842	12.921
2068.319	12.866
2071.667	12.814
2074.796	12.767
2077.649	12.726
2080.191	12.692
2082.424	12.665
2084.359	12.646
2086.026	12.632
2087.463	12.624
2088.709	12.620
2089.798	12.620
2090.762	12.623
2091.636	12.628
2092.435	12.635
2093.183	12.643
2093.898	12.652
2094.585	12.662
2095.259	12.672
2095.926	12.683
2096.587	12.693
2097.249	12.704
2097.913	12.714
2098.576	12.725
2099.243	12.735
2099.908	12.745
2100.572	12.756
2101.231	12.767
2101.884	12.777
2102.526	12.788
2103.157	12.799
2103.773	12.811
2104.372	12.823
2104.953	12.835
2105.512	12.848
2106.050	12.861
2106.565	12.875
2107.057	12.889
2107.525	12.904
2107.971	12.919
2108.395	12.935
2108.798	12.952
2109.182	12.969
2109.549	12.986
2109.900	13.004
2110.239	13.022
2110.569	13.041
2110.891	13.059
2111.212	13.078
2111.535	13.097
2111.865	13.116
2112.207	13.134
2112.568	13.152
2112.955	13.170
2113.377	13.187
2113.843	13.203
2114.365	13.218
2114.953	13.231
2115.622	13.243
2116.387	13.252
2117.260	13.259
2118.260	13.263
2119.396	13.264
2120.683	13.262
2122.125	13.256
2123.724	13.246
2125.471	13.232
2127.351	13.215
2129.339	13.196
2131.398	13.175
2133.489	13.152
2135.567	13.130
2137.591	13.109
2139.518	13.089
2141.320	13.073
2142.973	13.059
2144.466	13.050
2145.793	13.044
2146.960	13.042
2147.976	13.043
2148.853	13.048
2149.606	13.056
2150.252	13.066
2150.804	13.078
2151.278	13.093
2151.685	13.109
2152.038	13.126
2152.345	13.145
2152.616	13.164
2152.857	13.184
2153.075	13.205
2153.273	13.227
2153.457	13.249
2153.629	13.271
2153.792	13.294
2153.949	13.316
2154.101	13.339
2154.250	13.363
2154.396	13.386
2154.541	13.409
2154.687	13.433
2154.832	13.456
2154.978	13.480
2155.126	13.503
2155.275	13.527
2155.426	13.551
2155.580	13.574
2155.736	13.598
2155.895	13.622
2156.057	13.646
2156.222	13.669
2156.390	13.693
2156.563	13.717
2156.740	13.740
2156.922	13.764
2157.109	13.787
2157.304	13.811
2157.507	13.834
2157.722	13.857
2157.951	13.880
2158.201	13.902
2158.479	13.924
2158.795	13.945
2159.167	13.965
2159.618	13.982
2160.184	13.998
2160.914	14.009
2161.884	14.016
2163.195	14.014
2164.988	14.001
2167.452	13.972
2170.808	13.923
2175.282	13.848
2181.055	13.743
2188.138	13.607
2196.296	13.446
2205.021	13.272
2213.647	13.100
2221.568	12.944
2228.403	12.813
2234.050	12.710
2238.608	12.632
2242.281	12.575
2245.277	12.533
2247.788	12.503
2249.955	12.480
2251.892	12.463
2253.676	12.450
2255.362	12.439
2256.985	12.429
2258.579	12.420
2260.161	12.411
2261.750	12.403
2263.358	12.394
2264.998	12.385
2266.665	12.375
2268.371	12.364
2270.115	12.353
2271.886	12.341
2273.677	12.329
2275.482	12.317
2277.288	12.304
2279.069	12.292
2280.824	12.280
2282.534	12.269
2284.179	12.259
2285.759	12.251
2287.258	12.244
2288.672	12.238
2290.000	12.234
2291.237	12.232
2292.391	12.231
2293.462	12.232
2294.454	12.234
2295.377	12.238
2296.233	12.243
2297.031	12.249
2297.778	12.257
2298.479	12.265
2299.141	12.273
