<j>	<F>
1.026	23.252
2.514	14.940
3.102	22.565
5.266	11.410
6.415	11.256
7.453	11.490
8.285	12.484
8.858	15.124
9.353	21.052
10.942	16.210
12.054	18.306
14.330	11.885
15.095	12.525
15.632	14.183
16.045	16.969
16.709	19.898
17.860	18.655
18.257	22.337
19.431	22.909
20.871	19.193
21.315	22.254
22.726	21.946
25.229	16.381
27.312	13.655
28.200	13.445
28.576	14.772
28.833	16.717
29.033	19.356
29.267	22.638
29.760	25.460
30.709	26.035
33.117	22.267
36.798	14.451
37.473	14.568
37.733	15.969
37.938	17.778
38.176	19.914
38.715	21.714
40.167	20.916
41.752	19.185
43.020	18.757
44.842	17.631
47.389	15.328
49.082	14.119
49.917	14.301
50.740	14.726
51.937	14.742
53.260	14.410
54.118	14.480
54.519	15.173
54.739	16.246
54.914	17.552
55.112	19.019
55.460	20.448
56.288	21.133
57.843	20.240
59.290	19.311
60.312	19.248
61.213	19.477
62.357	19.524
64.834	18.058
68.441	15.097
70.356	13.945
71.104	14.071
71.478	14.619
71.735	15.352
71.969	16.187
72.225	17.080
72.537	17.988
72.931	18.860
73.403	19.668
73.928	20.433
74.530	21.131
75.312	21.576
76.215	21.748
76.927	22.167
77.428	23.042
78.247	23.642
80.917	21.653
84.939	17.827
87.894	16.015
90.381	14.810
91.752	14.397
92.283	14.667
92.525	15.228
92.695	15.904
92.865	16.642
93.078	17.408
93.414	18.131
94.020	18.657
95.075	18.754
96.513	18.404
97.937	18.014
99.212	17.795
100.460	17.628
101.740	17.453
103.180	17.194
104.874	16.736
106.446	16.292
107.456	16.225
108.000	16.540
108.364	17.046
108.744	17.591
109.275	18.061
110.146	18.304
111.685	18.061
114.046	17.176
116.376	16.209
117.757	15.855
118.376	16.050
118.662	16.519
118.835	17.112
118.989	17.767
119.192	18.438
119.561	19.040
120.408	19.338
122.324	18.849
125.207	17.539
127.421	16.603
128.547	16.450
129.205	16.661
129.737	16.983
130.263	17.329
130.867	17.649
131.695	17.854
132.968	17.792
134.731	17.385
136.486	16.907
137.669	16.742
138.292	16.936
138.609	17.353
138.792	17.892
138.918	18.504
139.025	19.169
139.137	19.872
139.279	20.595
139.492	21.303
139.854	21.926
140.524	22.315
141.934	22.144
145.569	20.519
152.404	17.033
156.866	14.985
158.317	14.650
158.878	14.815
159.251	15.097
159.618	15.402
160.041	15.696
160.552	15.961
161.169	16.183
161.893	16.357
162.700	16.489
163.545	16.596
164.374	16.704
165.141	16.838
165.819	17.015
166.399	17.243
166.892	17.522
167.317	17.847
167.712	18.203
168.131	18.564
168.653	18.885
169.379	19.103
170.377	19.160
171.576	19.077
172.772	18.975
173.886	18.932
175.186	18.841
177.217	18.423
180.157	17.545
183.011	16.657
184.846	16.225
185.826	16.197
186.368	16.381
186.710	16.669
186.972	17.011
187.225	17.374
187.518	17.735
187.896	18.071
188.398	18.356
189.046	18.573
189.840	18.716
190.799	18.783
192.101	18.712
194.248	18.302
197.629	17.362
201.121	16.311
203.221	15.794
204.117	15.780
204.483	16.002
204.671	16.316
204.811	16.666
204.963	17.029
205.185	17.383
205.591	17.687
206.444	17.842
208.256	17.648
211.415	16.930
215.003	15.989
217.469	15.415
218.693	15.290
219.267	15.412
219.576	15.641
219.777	15.919
219.934	16.225
220.071	16.548
220.204	16.885
220.339	17.233
220.485	17.589
220.651	17.950
220.851	18.310
221.119	18.656
221.535	18.956
222.296	19.133
223.799	19.021
226.459	18.434
229.792	17.535
232.473	16.860
234.134	16.589
235.252	16.547
236.210	16.579
237.140	16.623
238.043	16.673
238.881	16.742
239.636	16.838
240.325	16.961
240.988	17.097
241.666	17.231
242.381	17.354
243.119	17.467
243.842	17.582
244.506	17.715
245.085	17.880
245.577	18.080
246.006	18.310
246.415	18.558
246.924	18.790
248.068	18.868
252.254	18.168
263.645	15.571
274.018	13.143
277.402	12.488
278.349	12.459
278.792	12.559
279.108	12.690
279.372	12.833
279.608	12.985
279.827	13.144
280.035	13.308
280.239	13.477
280.443	13.649
280.650	13.825
280.863	14.003
281.086	14.184
281.322	14.365
281.571	14.548
281.835	14.731
282.113	14.914
282.405	15.098
282.705	15.283
283.011	15.470
283.315	15.660
283.612	15.855
283.896	16.057
284.162	16.267
284.408	16.487
284.633	16.718
284.837	16.960
285.023	17.214
285.194	17.478
285.352	17.753
285.501	18.037
285.645	18.331
285.785	18.635
285.925	18.946
286.064	19.266
286.205	19.593
286.350	19.928
286.504	20.269
286.681	20.611
286.914	20.942
287.289	21.231
288.008	21.399
289.456	21.290
291.960	20.756
294.951	19.987
297.191	19.469
298.385	19.353
298.993	19.478
299.422	19.690
299.904	19.899
300.607	20.040
301.660	20.060
303.092	19.937
304.716	19.727
306.197	19.551
307.328	19.491
308.139	19.550
308.793	19.677
309.494	19.805
310.529	19.842
312.364	19.643
315.451	19.057
319.301	18.209
322.403	17.553
324.119	17.300
324.908	17.331
325.274	17.498
325.478	17.721
325.626	17.968
325.759	18.227
325.894	18.493
326.036	18.762
326.190	19.034
326.358	19.307
326.543	19.582
326.749	19.856
326.987	20.125
327.303	20.380
327.920	20.565
329.972	20.405
337.422	18.928
350.563	16.009
357.757	14.483
359.837	14.197
360.653	14.219
361.223	14.300
361.733	14.395
362.222	14.496
362.705	14.599
363.198	14.703
363.717	14.804
364.278	14.899
364.899	14.985
365.590	15.060
366.354	15.121
367.179	15.171
368.035	15.214
368.883	15.255
369.681	15.304
370.397	15.366
371.013	15.447
371.530	15.546
371.959	15.664
372.320	15.798
372.632	15.944
372.914	16.099
373.183	16.260
373.451	16.424
373.731	16.589
374.031	16.752
374.358	16.912
374.718	17.068
375.114	17.217
375.547	17.360
376.012	17.497
376.499	17.630
376.996	17.760
377.488	17.893
377.967	18.029
378.444	18.170
378.986	18.302
379.803	18.387
381.466	18.310
385.092	17.842
391.267	16.840
397.583	15.764
401.309	15.182
402.854	15.038
403.437	15.094
403.691	15.222
403.844	15.375
403.970	15.537
404.093	15.703
404.220	15.871
404.358	16.041
404.509	16.211
404.677	16.381
404.866	16.550
405.079	16.718
405.320	16.882
405.596	17.043
405.914	17.198
406.289	17.343
406.746	17.475
407.342	17.583
408.195	17.645
409.566	17.615
411.999	17.402
416.381	16.864
423.185	15.935
430.817	14.887
436.680	14.128
440.120	13.748
441.917	13.617
442.841	13.616
443.331	13.679
443.608	13.775
443.779	13.889
443.896	14.013
443.985	14.143
444.059	14.277
444.123	14.415
444.182	14.557
444.235	14.701
444.286	14.848
444.333	14.999
444.378	15.152
444.421	15.308
444.462	15.468
444.500	15.630
444.538	15.796
444.573	15.965
444.607	16.138
444.640	16.313
444.673	16.492
444.704	16.675
444.734	16.861
444.764	17.051
444.793	17.245
444.823	17.442
444.852	17.642
444.883	17.847
444.914	18.055
444.947	18.267
444.983	18.483
445.025	18.701
445.075	18.922
445.140	19.144
445.230	19.365
445.368	19.580
445.592	19.780
445.973	19.950
446.628	20.060
447.724	20.069
449.409	19.939
451.655	19.669
454.199	19.328
456.927	18.970
460.535	18.502
466.477	17.676
474.572	16.492
481.293	15.518
484.781	15.074
486.194	14.980
486.755	15.031
487.016	15.136
487.169	15.260
487.280	15.394
487.371	15.533
487.449	15.676
487.519	15.823
487.584	15.973
487.645	16.126
487.704	16.282
487.763	16.441
487.825	16.601
487.890	16.764
487.961	16.929
488.041	17.095
488.132	17.261
488.240	17.428
488.369	17.594
488.526	17.757
488.719	17.917
488.957	18.071
489.254	18.216
489.622	18.349
490.080	18.468
490.646	18.567
491.350	18.641
492.241	18.681
493.417	18.670
495.060	18.579
497.433	18.361
500.721	17.985
504.642	17.493
508.353	17.027
511.113	16.715
512.813	16.581
513.747	16.578
514.237	16.654
514.492	16.773
514.630	16.915
514.711	17.070
514.763	17.233
514.802	17.401
514.834	17.573
514.863	17.748
514.891	17.927
514.919	18.109
514.947	18.293
514.977	18.481
515.008	18.671
515.041	18.864
515.077	19.060
515.118	19.258
515.164	19.458
515.218	19.660
515.284	19.864
515.366	20.067
515.472	20.268
515.618	20.465
515.829	20.651
516.157	20.816
516.713	20.938
517.760	20.963
519.898	20.777
524.132	20.185
530.709	19.140
537.249	18.088
541.362	17.485
543.315	17.285
544.160	17.292
544.532	17.388
544.707	17.523
544.800	17.676
544.857	17.838
544.899	18.005
544.936	18.176
544.975	18.350
545.025	18.525
545.110	18.698
545.300	18.859
545.839	18.976
547.534	18.936
552.598	18.429
563.607	17.082
576.048	15.495
582.846	14.667
585.262	14.446
586.067	14.450
586.395	14.522
586.580	14.614
586.716	14.715
586.830	14.819
586.933	14.926
587.029	15.035
587.122	15.146
587.213	15.258
587.303	15.372
587.393	15.488
587.483	15.605
587.574	15.723
587.666	15.843
587.759	15.965
587.854	16.087
587.950	16.211
588.048	16.336
588.149	16.463
588.256	16.590
588.373	16.718
588.508	16.846
588.681	16.971
588.933	17.088
589.344	17.188
590.079	17.250
591.435	17.237
593.857	17.092
597.716	16.763
602.715	16.280
607.630	15.792
611.291	15.449
613.498	15.285
614.681	15.251
615.299	15.290
615.642	15.365
615.860	15.459
616.026	15.560
616.173	15.666
616.317	15.773
616.466	15.882
616.624	15.990
616.795	16.099
616.983	16.206
617.189	16.313
617.417	16.418
617.669	16.521
617.947	16.622
618.252	16.720
618.584	16.816
618.943	16.909
619.327	16.999
619.732	17.087
620.155	17.173
620.590	17.258
621.032	17.343
621.477	17.427
621.922	17.512
622.364	17.598
622.804	17.684
623.245	17.772
623.694	17.859
624.164	17.944
624.676	18.024
625.267	18.095
626.009	18.148
627.041	18.164
628.627	18.110
631.209	17.932
635.289	17.565
640.886	17.007
646.942	16.388
651.983	15.891
655.434	15.591
657.615	15.446
659.031	15.396
660.034	15.396
660.818	15.422
661.477	15.463
662.062	15.513
662.596	15.569
663.093	15.630
663.563	15.693
664.013	15.760
664.448	15.829
664.874	15.899
665.296	15.971
665.721	16.043
666.156	16.114
666.611	16.184
667.098	16.251
667.631	16.314
668.227	16.370
668.906	16.418
669.688	16.454
670.589	16.477
671.617	16.486
672.764	16.480
674.005	16.463
675.291	16.438
676.566	16.414
677.769	16.396
678.857	16.390
679.806	16.399
680.619	16.425
681.321	16.463
681.955	16.512
682.586	16.563
683.305	16.607
684.243	16.631
685.580	16.615
687.525	16.537
690.228	16.377
693.614	16.142
697.265	15.871
700.588	15.628
703.162	15.458
704.920	15.372
706.019	15.356
706.676	15.387
707.065	15.449
707.300	15.528
707.450	15.618
707.556	15.714
707.639	15.814
707.712	15.916
707.783	16.019
707.857	16.124
707.935	16.229
708.023	16.335
708.123	16.440
708.237	16.545
708.372	16.649
708.530	16.752
708.719	16.852
708.944	16.949
709.213	17.042
709.535	17.130
709.918	17.212
710.371	17.286
710.901	17.352
711.511	17.408
712.201	17.454
712.964	17.492
713.787	17.521
714.649	17.546
715.530	17.567
716.409	17.588
717.270	17.611
718.110	17.637
718.938	17.665
719.783	17.691
720.706	17.711
721.805	17.713
723.229	17.680
725.179	17.590
727.848	17.421
731.293	17.165
735.275	16.849
739.302	16.527
742.934	16.249
746.033	16.035
748.740	15.870
751.282	15.729
753.834	15.594
756.450	15.456
759.070	15.318
761.562	15.190
763.796	15.084
765.688	15.007
767.219	14.961
768.423	14.944
769.358	14.952
770.084	14.978
770.659	15.018
771.130	15.068
771.536	15.125
771.907	15.185
772.270	15.248
772.649	15.310
773.067	15.370
773.547	15.425
774.110	15.473
774.778	15.513
775.567	15.542
776.485	15.560
777.527	15.567
778.667	15.564
779.869	15.554
781.075	15.542
782.231	15.534
783.286	15.533
784.208	15.544
784.983	15.567
785.612	15.604
786.110	15.653
786.495	15.712
786.790	15.781
787.012	15.858
787.179	15.940
787.305	16.027
787.401	16.118
787.474	16.213
787.531	16.310
787.577	16.409
787.614	16.510
787.645	16.613
787.672	16.717
787.696	16.823
787.717	16.930
787.737	17.038
787.755	17.148
787.773	17.259
787.790	17.372
787.806	17.485
787.822	17.600
787.838	17.716
787.853	17.834
787.868	17.953
787.883	18.073
787.898	18.194
787.913	18.317
787.928	18.441
787.944	18.567
787.961	18.693
787.981	18.821
788.008	18.950
788.052	19.078
788.142	19.203
788.350	19.316
788.877	19.398
790.238	19.391
793.623	19.167
800.820	18.530
811.735	17.482
822.000	16.496
828.465	15.923
832.150	15.658
834.764	15.520
837.186	15.411
839.689	15.299
842.252	15.183
844.726	15.072
846.956	14.978
848.837	14.910
850.333	14.871
851.474	14.860
852.318	14.873
852.933	14.904
853.378	14.949
853.703	15.005
853.942	15.068
854.124	15.137
854.265	15.209
854.380	15.285
854.477	15.362
854.565	15.441
854.647	15.522
854.727	15.603
854.810	15.685
854.897	15.767
854.991	15.850
855.095	15.933
855.211	16.015
855.343	16.096
855.492	16.177
855.664	16.257
855.859	16.335
856.084	16.412
856.340	16.486
856.631	16.557
856.960	16.626
857.329	16.691
857.737	16.753
858.184	16.811
858.667	16.867
859.180	16.919
859.717	16.970
860.269	17.019
860.826	17.067
861.381	17.116
861.924	17.165
862.453	17.217
862.964	17.270
863.463	17.324
863.955	17.380
864.457	17.436
864.987	17.489
865.577	17.538
866.263	17.578
867.093	17.605
868.118	17.613
869.383	17.598
870.909	17.557
872.672	17.492
874.585	17.409
876.517	17.323
878.319	17.246
879.884	17.192
881.155	17.165
882.140	17.165
882.879	17.191
883.425	17.236
883.830	17.295
884.136	17.366
884.376	17.444
884.575	17.527
884.749	17.614
884.910	17.702
885.067	17.793
885.225	17.883
885.390	17.974
885.566	18.065
885.759	18.155
885.976	18.243
886.225	18.328
886.523	18.410
886.900	18.484
887.410	18.546
888.159	18.586
889.351	18.585
891.353	18.507
894.718	18.301
899.949	17.920
906.801	17.384
913.869	16.826
919.610	16.390
923.590	16.118
926.271	15.970
928.262	15.890
929.987	15.837
931.680	15.791
933.440	15.741
935.275	15.685
937.142	15.626
938.966	15.570
940.673	15.521
942.204	15.484
943.529	15.462
944.645	15.455
945.568	15.463
946.325	15.484
946.946	15.515
947.458	15.555
947.887	15.601
948.253	15.653
948.570	15.709
948.852	15.768
949.107	15.829
949.343	15.893
949.566	15.958
949.780	16.024
949.990	16.091
950.198	16.159
950.409	16.227
950.626	16.295
950.852	16.363
951.092	16.430
951.350	16.496
951.631	16.561
951.940	16.624
952.286	16.685
952.673	16.743
953.111	16.796
953.606	16.846
954.167	16.890
954.799	16.928
955.510	16.960
956.303	16.985
957.183	17.002
958.157	17.012
959.234	17.013
960.433	17.004
961.782	16.984
963.324	16.948
965.109	16.893
967.181	16.815
969.556	16.713
972.188	16.591
974.960	16.456
977.693	16.323
980.211	16.206
982.383	16.115
984.159	16.054
985.558	16.023
986.633	16.017
987.457	16.032
988.094	16.061
988.602	16.101
989.025	16.149
989.403	16.201
989.769	16.255
990.161	16.308
990.622	16.356
991.213	16.397
992.019	16.423
993.163	16.426
994.814	16.393
997.170	16.312
1000.403	16.168
1004.532	15.961
1009.299	15.708
1014.175	15.445
1018.591	15.212
1022.199	15.034
1024.944	14.916
1026.958	14.847
1028.423	14.816
1029.504	14.811
1030.322	14.823
1030.961	14.849
1031.475	14.882
1031.904	14.922
1032.270	14.966
1032.593	15.014
1032.884	15.063
1033.152	15.115
1033.404	15.168
1033.645	15.222
1033.878	15.277
1034.107	15.333
1034.333	15.389
1034.560	15.446
1034.790	15.502
1035.025	15.559
1035.268	15.616
1035.526	15.672
1035.803	15.727
1036.111	15.780
1036.463	15.832
1036.880	15.879
1037.392	15.921
1038.041	15.954
1038.885	15.974
1039.999	15.978
1041.468	15.958
1043.372	15.910
1045.751	15.829
1048.560	15.719
1051.644	15.588
1054.755	15.454
1057.635	15.332
1060.089	15.237
1062.041	15.174
1063.514	15.142
1064.587	15.137
1065.351	15.152
1065.894	15.183
1066.280	15.224
1066.561	15.273
1066.770	15.327
1066.932	15.385
1067.061	15.445
1067.170	15.508
1067.263	15.572
1067.347	15.637
1067.423	15.703
1067.495	15.770
1067.564	15.837
1067.629	15.906
1067.693	15.975
1067.755	16.044
1067.817	16.114
1067.877	16.185
1067.937	16.256
1067.996	16.328
1068.055	16.400
1068.113	16.473
1068.171	16.547
1068.228	16.621
1068.286	16.696
1068.343	16.771
1068.400	16.847
1068.456	16.923
1068.512	17.000
1068.568	17.078
1068.623	17.156
1068.678	17.235
1068.733	17.315
1068.788	17.395
1068.842	17.475
1068.897	17.557
1068.952	17.639
1069.010	17.721
1069.070	17.804
1069.138	17.887
1069.218	17.970
1069.321	18.051
1069.466	18.130
1069.688	18.204
1070.050	18.268
1070.658	18.313
1071.694	18.325
1073.425	18.282
1076.172	18.158
1080.137	17.934
1085.090	17.627
1090.249	17.298
1094.682	17.020
1097.901	16.837
1099.959	16.746
1101.176	16.723
1101.864	16.743
1102.248	16.788
1102.467	16.848
1102.597	16.915
1102.679	16.987
1102.737	17.062
1102.782	17.138
1102.820	17.216
1102.854	17.294
1102.887	17.373
1102.919	17.453
1102.952	17.534
1102.985	17.615
1103.019	17.696
1103.055	17.778
1103.093	17.860
1103.134	17.943
1103.179	18.027
1103.228	18.110
1103.283	18.194
1103.344	18.277
1103.412	18.361
1103.490	18.445
1103.579	18.528
1103.682	18.611
1103.801	18.693
1103.938	18.774
1104.098	18.853
1104.284	18.931
1104.501	19.006
1104.753	19.079
1105.044	19.149
1105.380	19.215
1105.763	19.277
1106.197	19.334
1106.682	19.387
1107.216	19.435
1107.796	19.479
1108.414	19.519
1109.062	19.557
1109.727	19.592
1110.401	19.627
1111.072	19.661
1111.732	19.697
1112.377	19.734
1113.007	19.773
1113.623	19.813
1114.231	19.854
1114.840	19.895
1115.459	19.936
1116.098	19.975
1116.766	20.011
1117.473	20.044
1118.232	20.072
1119.057	20.094
1119.980	20.107
1121.058	20.106
1122.407	20.081
1124.230	20.015
1126.837	19.881
1130.568	19.647
1135.513	19.306
1141.155	18.901
1146.464	18.521
1150.592	18.242
1153.357	18.081
1155.042	18.015
1156.027	18.010
1156.600	18.042
1156.944	18.095
1157.163	18.160
1157.312	18.231
1157.423	18.307
1157.511	18.385
1157.587	18.464
1157.655	18.545
1157.720	18.627
1157.786	18.710
1157.857	18.792
1157.939	18.875
1158.039	18.956
1158.171	19.036
1158.352	19.112
1158.610	19.183
1158.989	19.244
1159.554	19.290
1160.399	19.314
1161.647	19.304
1163.443	19.248
1165.900	19.136
1169.023	18.967
1172.626	18.756
1176.348	18.533
1179.799	18.331
1182.739	18.171
1185.108	18.059
1186.985	17.987
1188.482	17.947
1189.704	17.930
1190.725	17.929
1191.593	17.941
1192.340	17.962
1192.987	17.991
1193.548	18.027
1194.037	18.069
1194.464	18.116
1194.841	18.167
1195.177	18.222
1195.480	18.280
1195.758	18.340
1196.019	18.402
1196.268	18.466
1196.510	18.530
1196.752	18.595
1196.998	18.660
1197.255	18.724
1197.530	18.787
1197.836	18.849
1198.189	18.907
1198.615	18.960
1199.154	19.004
1199.867	19.036
1200.846	19.047
1202.210	19.028
1204.098	18.967
1206.620	18.856
1209.771	18.695
1213.349	18.497
1216.979	18.293
1220.253	18.114
1222.920	17.981
1224.945	17.899
1226.439	17.859
1227.581	17.848
1228.563	17.852
1229.588	17.857
1230.909	17.845
1232.874	17.794
1235.954	17.672
1240.634	17.448
1247.038	17.112
1254.454	16.707
1261.474	16.324
1266.942	16.037
1270.603	15.863
1272.831	15.780
1274.124	15.757
1274.869	15.770
1275.307	15.802
1275.577	15.845
1275.755	15.895
1275.882	15.949
1275.980	16.004
1276.062	16.061
1276.134	16.119
1276.201	16.178
1276.265	16.237
1276.327	16.297
1276.389	16.357
1276.450	16.418
1276.511	16.479
1276.572	16.540
1276.634	16.602
1276.696	16.664
1276.758	16.726
1276.820	16.789
1276.883	16.852
1276.946	16.916
1277.010	16.980
1277.073	17.044
1277.137	17.109
1277.201	17.174
1277.265	17.239
1277.330	17.305
1277.395	17.371
1277.461	17.438
1277.528	17.505
1277.597	17.572
1277.668	17.640
1277.744	17.708
1277.827	17.775
1277.921	17.843
1278.031	17.909
1278.170	17.975
1278.350	18.038
1278.598	18.097
1278.952	18.149
1279.468	18.191
1280.229	18.217
1281.350	18.219
1282.967	18.187
1285.210	18.112
1288.130	17.990
1291.628	17.826
1295.397	17.641
1299.035	17.463
1302.191	17.315
1304.706	17.211
1306.606	17.148
1308.011	17.120
1309.072	17.115
1309.913	17.127
1310.628	17.147
1311.282	17.172
1311.914	17.200
1312.549	17.227
1313.199	17.254
1313.869	17.279
1314.558	17.303
1315.261	17.326
1315.974	17.349
1316.687	17.371
1317.393	17.393
1318.087	17.417
1318.762	17.441
1319.419	17.467
1320.057	17.494
1320.679	17.523
1321.294	17.552
1321.913	17.581
1322.553	17.609
1323.236	17.634
1323.993	17.655
1324.871	17.670
1325.934	17.673
1327.270	17.659
1328.999	17.622
1331.271	17.552
1334.222	17.440
1337.931	17.283
1342.300	17.085
1347.023	16.865
1351.631	16.651
1355.703	16.468
1358.990	16.330
1361.473	16.241
1363.264	16.192
1364.522	16.176
1365.395	16.182
1366.003	16.204
1366.428	16.238
1366.730	16.279
1366.947	16.325
1367.106	16.375
1367.225	16.428
1367.316	16.483
1367.387	16.539
1367.444	16.597
1367.491	16.656
1367.531	16.715
1367.564	16.775
1367.594	16.836
1367.620	16.898
1367.643	16.959
1367.665	17.022
1367.685	17.085
1367.704	17.148
1367.722	17.212
1367.738	17.276
1367.754	17.341
1367.770	17.406
1367.785	17.472
1367.799	17.538
1367.813	17.604
1367.827	17.671
1367.841	17.738
1367.854	17.806
1367.867	17.874
1367.881	17.943
1367.894	18.012
1367.907	18.082
1367.920	18.152
1367.934	18.222
1367.947	18.293
1367.961	18.364
1367.975	18.436
1367.991	18.508
1368.007	18.581
1368.025	18.653
1368.046	18.726
1368.072	18.800
1368.109	18.873
1368.164	18.945
1368.254	19.016
1368.414	19.082
1368.708	19.141
1369.265	19.182
1370.323	19.192
1372.298	19.141
1375.791	18.990
1381.353	18.700
1388.824	18.279
1396.814	17.817
1403.503	17.437
1408.044	17.195
1410.708	17.078
1412.147	17.043
1412.901	17.054
1413.298	17.089
1413.517	17.137
1413.650	17.191
1413.741	17.248
1413.812	17.307
1413.874	17.367
1413.934	17.428
1413.995	17.488
1414.058	17.549
1414.126	17.611
1414.201	17.672
1414.284	17.733
1414.377	17.793
1414.483	17.853
1414.606	17.913
1414.748	17.972
1414.915	18.029
1415.113	18.085
1415.351	18.138
1415.637	18.189
1415.986	18.236
1416.411	18.279
1416.933	18.315
1417.572	18.344
1418.353	18.364
1419.300	18.374
1420.430	18.371
1421.753	18.355
1423.265	18.327
1424.941	18.287
1426.731	18.240
1428.579	18.188
1430.421	18.136
1432.213	18.087
1433.933	18.043
1435.598	18.004
1437.262	17.965
1439.009	17.923
1440.950	17.871
1443.200	17.802
1445.843	17.710
1448.890	17.595
1452.238	17.461
1455.671	17.320
1458.921	17.189
1461.757	17.081
1464.057	17.003
1465.813	16.957
1467.090	16.940
1467.988	16.944
1468.605	16.966
1469.022	16.999
1469.304	17.041
1469.493	17.090
1469.621	17.142
1469.709	17.197
1469.772	17.253
1469.818	17.311
1469.853	17.371
1469.882	17.431
1469.907	17.491
1469.929	17.552
1469.951	17.614
1469.972	17.676
1469.994	17.738
1470.016	17.800
1470.040	17.863
1470.065	17.926
1470.093	17.990
1470.122	18.053
1470.155	18.117
1470.191	18.181
1470.232	18.245
1470.279	18.309
1470.333	18.373
1470.395	18.436
1470.469	18.500
1470.556	18.563
1470.662	18.625
1470.790	18.686
1470.946	18.745
1471.139	18.803
1471.378	18.858
1471.674	18.909
1472.041	18.956
1472.495	18.997
1473.053	19.032
1473.736	19.058
1474.560	19.075
1475.546	19.081
1476.714	19.075
1478.092	19.055
1479.738	19.019
1481.753	18.959
1484.332	18.866
1487.769	18.722
1492.408	18.508
1498.412	18.214
1505.418	17.861
1512.475	17.504
1518.514	17.205
1522.988	16.998
1525.974	16.877
1527.843	16.823
1528.981	16.811
1529.678	16.826
1530.118	16.857
1530.413	16.896
1530.626	16.940
1530.792	16.988
1530.932	17.037
1531.058	17.088
1531.176	17.139
1531.288	17.190
1531.399	17.242
1531.508	17.295
1531.618	17.348
1531.730	17.400
1531.844	17.453
1531.964	17.506
1532.091	17.559
1532.230	17.612
1532.386	17.664
1532.568	17.714
1532.788	17.763
1533.064	17.809
1533.421	17.851
1533.895	17.887
1534.534	17.914
1535.402	17.929
1536.571	17.927
1538.126	17.903
1540.130	17.853
1542.602	17.777
1545.488	17.677
1548.637	17.560
1551.842	17.440
1554.894	17.327
1557.660	17.230
1560.110	17.151
1562.313	17.088
1564.402	17.034
1566.539	16.979
1568.888	16.916
1571.586	16.837
1574.699	16.739
1578.210	16.621
1581.993	16.489
1585.836	16.354
1589.509	16.227
1592.826	16.116
1595.691	16.028
1598.094	15.961
1600.079	15.915
1601.717	15.886
1603.078	15.871
1604.225	15.865
1605.207	15.868
1606.056	15.876
1606.800	15.890
1607.457	15.908
1608.039	15.930
1608.558	15.954
1609.021	15.981
1609.435	16.011
1609.804	16.042
1610.135	16.076
1610.430	16.111
1610.696	16.148
1610.935	16.187
1611.149	16.226
1611.343	16.267
1611.520	16.309
1611.683	16.352
1611.834	16.395
1611.978	16.440
1612.117	16.484
1612.255	16.529
1612.398	16.574
1612.551	16.619
1612.721	16.663
1612.918	16.706
1613.152	16.747
1613.439	16.787
1613.798	16.823
1614.254	16.855
1614.834	16.881
1615.577	16.899
1616.519	16.908
1617.702	16.906
1619.159	16.890
1620.908	16.859
1622.940	16.814
1625.211	16.757
1627.633	16.692
1630.102	16.624
1632.499	16.559
1634.724	16.501
1636.715	16.454
1638.448	16.420
1639.931	16.398
1641.194	16.386
1642.278	16.384
1643.226	16.388
1644.078	16.397
1644.867	16.410
1645.623	16.424
1646.365	16.440
1647.111	16.455
1647.873	16.469
1648.658	16.483
1649.469	16.496
1650.308	16.507
1651.169	16.517
1652.048	16.526
1652.937	16.534
1653.825	16.543
1654.700	16.552
1655.552	16.561
1656.373	16.573
1657.150	16.586
1657.879	16.601
1658.555	16.619
1659.175	16.640
1659.739	16.663
1660.248	16.689
1660.707	16.717
1661.117	16.748
1661.484	16.781
1661.814	16.816
1662.111	16.853
1662.381	16.892
1662.629	16.931
1662.861	16.972
1663.082	17.013
1663.300	17.055
1663.520	17.097
1663.750	17.139
1664.000	17.180
1664.281	17.219
1664.607	17.257
1664.999	17.292
1665.480	17.323
1666.082	17.348
1666.846	17.365
1667.821	17.373
1669.066	17.367
1670.643	17.345
1672.608	17.304
1674.986	17.242
1677.763	17.161
1680.853	17.064
1684.110	16.958
1687.352	16.852
1690.396	16.754
1693.115	16.672
1695.437	16.609
1697.358	16.565
1698.919	16.538
1700.171	16.527
1701.177	16.527
1701.992	16.536
1702.666	16.553
1703.238	16.575
1703.739	16.600
1704.198	16.628
1704.637	16.657
1705.079	16.686
1705.544	16.715
1706.053	16.741
1706.627	16.765
1707.286	16.785
1708.054	16.801
1708.946	16.810
1709.982	16.814
1711.167	16.810
1712.501	16.799
1713.968	16.781
1715.540	16.759
1717.184	16.732
1718.847	16.705
1720.480	16.678
1722.048	16.654
1723.520	16.634
1724.880	16.620
1726.134	16.610
1727.297	16.605
1728.396	16.603
1729.466	16.602
1730.547	16.602
1731.680	16.600
1732.907	16.594
1734.263	16.583
1735.773	16.565
1737.448	16.540
1739.286	16.507
1741.251	16.468
1743.289	16.426
1745.341	16.382
1747.325	16.341
1749.177	16.305
1750.849	16.277
1752.306	16.258
1753.549	16.248
1754.580	16.248
1755.423	16.256
1756.100	16.271
1756.640	16.292
1757.067	16.319
1757.404	16.350
1757.670	16.384
1757.881	16.421
1758.050	16.460
1758.186	16.501
1758.299	16.543
1758.396	16.586
1758.484	16.630
1758.571	16.674
1758.667	16.718
1758.788	16.761
1758.954	16.803
1759.205	16.841
1759.602	16.874
1760.247	16.897
1761.304	16.904
1763.023	16.883
1765.747	16.822
1769.858	16.702
1775.601	16.515
1782.790	16.265
1790.621	15.987
1797.948	15.726
1803.889	15.520
1808.166	15.382
1810.992	15.304
1812.761	15.269
1813.836	15.264
1814.484	15.277
1814.878	15.300
1815.126	15.330
1815.290	15.364
1815.407	15.400
1815.498	15.437
1815.574	15.475
1815.644	15.513
1815.709	15.552
1815.774	15.591
1815.838	15.630
1815.902	15.669
1815.968	15.709
1816.035	15.748
1816.103	15.788
1816.173	15.828
1816.244	15.867
1816.318	15.907
1816.393	15.947
1816.469	15.988
1816.548	16.028
1816.628	16.068
1816.711	16.109
1816.794	16.149
1816.879	16.190
1816.967	16.230
1817.055	16.271
1817.146	16.312
1817.238	16.353
1817.330	16.395
1817.425	16.436
1817.521	16.477
1817.619	16.519
1817.716	16.560
1817.816	16.602
1817.916	16.644
1818.018	16.686
1818.120	16.728
1818.223	16.770
1818.327	16.813
1818.432	16.855
1818.538	16.898
1818.645	16.941
1818.753	16.984
1818.863	17.027
1818.976	17.070
1819.092	17.113
1819.212	17.156
1819.337	17.199
1819.471	17.242
1819.617	17.285
1819.780	17.327
1819.968	17.368
1820.190	17.408
1820.463	17.445
1820.808	17.480
1821.258	17.510
1821.857	17.534
1822.662	17.549
1823.749	17.551
1825.206	17.537
1827.127	17.502
1829.578	17.442
1832.568	17.358
1836.016	17.251
1839.724	17.132
1843.410	17.013
1846.816	16.905
1849.743	16.817
1852.105	16.755
1853.923	16.717
1855.268	16.700
1856.240	16.701
1856.929	16.714
1857.415	16.737
1857.757	16.767
1858.000	16.802
1858.174	16.840
1858.302	16.880
1858.400	16.922
1858.476	16.965
1858.539	17.009
1858.593	17.054
1858.643	17.099
1858.690	17.144
1858.739	17.189
1858.791	17.235
1858.850	17.281
1858.920	17.326
1859.010	17.371
1859.130	17.414
1859.298	17.456
1859.544	17.495
1859.915	17.529
1860.485	17.554
1861.369	17.567
1862.735	17.559
1864.813	17.521
1867.867	17.441
1872.107	17.309
1877.532	17.126
1883.764	16.906
1890.085	16.680
1895.732	16.480
1900.229	16.329
1903.493	16.229
1905.704	16.175
1907.136	16.154
1908.040	16.156
1908.601	16.174
1908.950	16.200
1909.168	16.233
1909.307	16.269
1909.399	16.308
1909.463	16.348
1909.509	16.388
1909.545	16.430
1909.574	16.472
1909.600	16.514
1909.623	16.557
1909.644	16.600
1909.665	16.643
1909.685	16.686
1909.704	16.730
1909.723	16.774
1909.742	16.818
1909.761	16.862
1909.780	16.906
1909.799	16.951
1909.819	16.995
1909.838	17.040
1909.858	17.086
1909.879	17.131
1909.900	17.176
1909.922	17.222
1909.945	17.268
1909.970	17.314
1909.996	17.360
1910.024	17.406
1910.054	17.452
1910.088	17.498
1910.125	17.545
1910.166	17.591
1910.212	17.638
1910.265	17.684
1910.325	17.730
1910.395	17.776
1910.476	17.822
1910.571	17.867
1910.682	17.911
1910.815	17.955
1910.971	17.998
1911.157	18.040
1911.378	18.080
1911.642	18.119
1911.955	18.155
1912.327	18.188
1912.766	18.219
1913.280	18.246
1913.877	18.269
1914.565	18.287
1915.348	18.301
1916.226	18.311
1917.193	18.316
1918.244	18.316
1919.362	18.313
1920.533	18.308
1921.748	18.300
1922.996	18.291
1924.295	18.279
1925.682	18.264
1927.244	18.241
1929.133	18.206
1931.593	18.146
1934.960	18.048
1939.612	17.895
1945.775	17.677
1953.247	17.402
1961.232	17.105
1968.626	16.831
1974.604	16.616
1978.929	16.472
1981.830	16.388
1983.688	16.349
1984.853	16.340
1985.583	16.350
1986.048	16.371
1986.353	16.399
1986.563	16.432
1986.714	16.467
1986.831	16.504
1986.926	16.542
1987.009	16.580
1987.083	16.620
1987.152	16.659
1987.219	16.699
1987.284	16.739
1987.349	16.779
1987.414	16.820
1987.479	16.860
1987.544	16.901
1987.611	16.942
1987.679	16.983
1987.748	17.024
1987.819	17.065
1987.890	17.106
1987.963	17.148
1988.038	17.189
1988.114	17.231
1988.191	17.272
1988.270	17.314
1988.351	17.356
1988.432	17.398
1988.516	17.440
1988.600	17.482
1988.687	17.525
1988.774	17.567
1988.863	17.610
1988.953	17.652
1989.045	17.695
1989.137	17.738
1989.230	17.781
1989.325	17.824
1989.421	17.867
1989.517	17.911
1989.614	17.954
1989.712	17.998
1989.811	18.041
1989.910	18.085
1990.010	18.129
1990.110	18.174
1990.211	18.218
1990.312	18.262
1990.412	18.307
1990.513	18.352
1990.614	18.397
1990.715	18.442
1990.815	18.488
1990.915	18.533
1991.015	18.579
1991.114	18.625
1991.213	18.671
1991.311	18.718
1991.408	18.764
1991.505	18.811
1991.600	18.858
1991.694	18.905
1991.788	18.953
1991.881	19.001
1991.972	19.049
1992.062	19.097
1992.151	19.146
1992.239	19.194
1992.325	19.244
1992.409	19.293
1992.493	19.342
1992.575	19.392
1992.655	19.443
1992.734	19.493
1992.811	19.544
1992.887	19.595
1992.961	19.646
1993.033	19.698
1993.104	19.750
1993.173	19.802
1993.240	19.855
1993.306	19.907
1993.369	19.961
1993.432	20.014
1993.492	20.068
1993.551	20.122
1993.608	20.176
1993.663	20.231
1993.717	20.286
1993.769	20.342
1993.819	20.398
1993.868	20.454
1993.916	20.510
1993.961	20.567
1994.005	20.624
1994.048	20.681
1994.088	20.739
1994.128	20.797
1994.166	20.856
1994.202	20.914
1994.238	20.974
1994.271	21.033
1994.304	21.093
1994.335	21.153
1994.365	21.213
1994.394	21.274
1994.421	21.335
1994.447	21.397
1994.473	21.459
1994.497	21.521
1994.520	21.583
1994.542	21.646
1994.563	21.710
1994.583	21.773
1994.602	21.837
1994.621	21.901
1994.638	21.966
1994.655	22.031
1994.671	22.096
1994.686	22.162
1994.700	22.227
1994.714	22.294
1994.727	22.360
1994.740	22.427
1994.752	22.495
1994.763	22.562
1994.774	22.630
1994.784	22.698
1994.794	22.767
1994.803	22.836
1994.812	22.905
1994.820	22.975
1994.828	23.045
1994.835	23.116
1994.843	23.186
1994.849	23.257
1994.856	23.329
1994.862	23.400
1994.868	23.472
1994.873	23.545
1994.879	23.618
1994.884	23.691
1994.888	23.764
1994.893	23.838
1994.897	23.912
1994.901	23.987
1994.905	24.062
1994.909	24.137
1994.912	24.212
1994.916	24.288
1994.919	24.365
1994.922	24.441
1994.925	24.518
1994.928	24.596
1994.930	24.673
1994.933	24.751
1994.935	24.830
1994.937	24.909
1994.940	24.988
1994.942	25.067
1994.944	25.147
1994.946	25.227
1994.947	25.308
1994.949	25.389
1994.951	25.470
1994.952	25.552
1994.954	25.634
1994.955	25.717
1994.957	25.800
1994.958	25.883
1994.959	25.966
1994.961	26.050
1994.962	26.135
1994.963	26.219
1994.964	26.304
1994.965	26.390
1994.966	26.476
1994.967	26.562
1994.968	26.649
1994.969	26.736
1994.970	26.823
1994.971	26.911
1994.971	26.999
1994.972	27.088
1994.973	27.177
1994.974	27.266
1994.974	27.356
1994.975	27.446
1994.976	27.536
1994.976	27.627
1994.977	27.719
1994.978	27.810
1994.978	27.903
1994.979	27.995
1994.979	28.088
1994.980	28.181
1994.981	28.275
1994.981	28.369
1994.982	28.464
1994.982	28.559
1994.982	28.654
1994.983	28.750
1994.983	28.846
1994.984	28.943
1994.984	29.040
1994.985	29.138
1994.985	29.235
1994.985	29.334
1994.986	29.433
1994.986	29.532
1994.987	29.631
1994.987	29.731
1994.987	29.832
1994.988	29.933
1994.988	30.034
1994.988	30.136
1994.989	30.238
1994.989	30.340
1994.989	30.443
1994.990	30.547
1994.990	30.651
1994.990	30.755
1994.990	30.860
1994.991	30.965
1994.991	31.071
1994.991	31.177
1994.991	31.283
1994.992	31.390
1994.992	31.498
1994.992	31.605
1994.992	31.714
1994.992	31.822
1994.993	31.932
1994.993	32.041
1994.993	32.151
1994.993	32.262
1994.993	32.373
1994.994	32.484
1994.994	32.596
1994.994	32.708
1994.994	32.821
1994.994	32.934
1994.995	33.048
1994.995	33.162
1994.995	33.276
1994.995	33.392
1994.995	33.507
1994.995	33.623
1994.995	33.739
1994.996	33.856
1994.996	33.973
1994.996	34.091
1994.996	34.209
1994.996	34.328
1994.996	34.447
1994.996	34.567
1994.996	34.687
1994.997	34.808
1994.997	34.929
1994.997	35.050
1994.997	35.172
1994.997	35.294
1994.997	35.417
1994.997	35.541
1994.997	35.664
1994.997	35.789
1994.997	35.913
1994.997	36.038
1994.998	36.164
1994.998	36.290
1994.998	36.417
1994.998	36.544
1994.998	36.671
1994.998	36.799
1994.998	36.928
1994.998	37.057
1994.998	37.186
1994.998	37.316
1994.998	37.446
1994.998	37.577
1994.998	37.709
1994.998	37.840
1994.998	37.972
1994.999	38.105
1994.999	38.238
1994.999	38.372
1994.999	38.506
1994.999	38.641
1994.999	38.776
1994.999	38.911
1994.999	39.047
1994.999	39.184
1994.999	39.321
1994.999	39.458
1994.999	39.596
1994.999	39.734
1994.999	39.873
1994.999	40.012
1994.999	40.152
1994.999	40.292
1994.999	40.433
1994.999	40.574
1994.999	40.716
1994.999	40.858
1994.999	41.000
1994.999	41.143
1994.999	41.287
1994.999	41.431
1994.999	41.575
1994.999	41.720
1994.999	41.866
1994.999	42.011
1994.999	42.158
1995.000	42.304
1995.000	42.452
1995.000	42.599
1995.000	42.748
1995.000	42.896
1995.000	43.045
1995.000	43.195
1995.000	43.345
1995.000	43.495
1995.000	43.646
1995.000	43.798
1995.000	43.949
1995.000	44.102
1995.000	44.255
1995.000	44.408
1995.000	44.561
1995.000	44.716
1995.000	44.870
1995.000	45.025
1995.000	45.181
1995.000	45.337
1995.000	45.493
1995.000	45.650
1995.000	45.807
1995.000	45.965
1995.000	46.123
1995.000	46.282
1995.000	46.441
1995.000	46.601
1995.000	46.761
1995.000	46.921
1995.000	47.082
1995.000	47.243
1995.000	47.405
1995.000	47.567
1995.000	47.730
1995.000	47.893
1995.000	48.057
1995.000	48.221
1995.000	48.385
1995.000	48.550
1995.000	48.715
1995.000	48.881
1995.000	49.047
1995.000	49.214
1995.000	49.381
1995.000	49.548
1995.000	49.716
1995.000	49.884
1995.000	50.053
1995.000	50.222
1995.000	50.392
1995.000	50.562
1995.000	50.732
1995.000	50.903
1995.000	51.075
1995.000	51.246
1995.000	51.418
1995.000	51.591
1995.000	51.764
1995.000	51.937
1995.000	52.111
1995.000	52.285
1995.000	52.460
1995.000	52.635
1995.000	52.810
1995.000	52.986
1995.000	53.162
1995.000	53.339
1995.000	53.516
1995.000	53.693
1995.000	53.871
1995.000	54.049
1995.000	54.228
1995.000	54.407
1995.000	54.587
1995.000	54.766
1995.000	54.947
1995.000	55.127
1995.000	55.308
1995.000	55.490
1995.000	55.672
1995.000	55.854
1995.000	56.036
1995.000	56.219
1995.000	56.403
1995.000	56.586
1995.000	56.770
1995.000	56.955
1995.000	57.140
1995.000	57.325
1995.000	57.510
1995.000	57.696
1995.000	57.883
1995.000	58.070
1995.000	58.257
1995.000	58.444
1995.000	58.632
1995.000	58.820
1995.000	59.009
1995.000	59.198
1995.000	59.387
1995.000	59.576
1995.000	59.766
1995.000	59.957
1995.000	60.147
1995.000	60.338
1995.000	60.530
1995.000	60.722
1995.000	60.914
1995.000	61.106
1995.000	61.299
1995.000	61.492
1995.000	61.686
1995.000	61.880
1995.000	62.074
1995.000	62.268
1995.000	62.463
1995.000	62.658
1995.000	62.854
1995.000	63.050
1995.000	63.246
1995.000	63.442
1995.000	63.639
1995.000	63.836
1995.000	64.034
1995.000	64.232
1995.000	64.430
1995.000	64.628
1995.000	64.827
1995.000	65.026
1995.000	65.226
1995.000	65.426
1995.000	65.626
1995.000	65.826
1995.000	66.027
1995.000	66.228
1995.000	66.429
1995.000	66.631
1995.000	66.833
1995.000	67.035
1995.000	67.238
1995.000	67.440
1995.000	67.644
1995.000	67.847
1995.000	68.051
1995.000	68.255
1995.000	68.459
1995.000	68.664
1995.000	68.869
1995.000	69.074
1995.000	69.280
1995.000	69.485
1995.000	69.692
1995.000	69.898
1995.000	70.105
1995.000	70.312
1995.000	70.519
1995.000	70.726
1995.000	70.934
1995.000	71.142
1995.000	71.351
1995.000	71.559
1995.000	71.768
1995.000	71.977
1995.000	72.187
1995.000	72.397
1995.000	72.607
1995.000	72.817
1995.000	73.028
1995.000	73.238
1995.000	73.449
1995.000	73.661
1995.000	73.872
1995.000	74.084
1995.000	74.296
1995.000	74.509
1995.000	74.721
1995.000	74.934
1995.000	75.147
1995.000	75.361
1995.000	75.575
1995.000	75.788
1995.000	76.003
1995.000	76.217
1995.000	76.432
1995.000	76.647
1995.000	76.862
1995.000	77.077
1995.000	77.293
1995.000	77.509
1995.000	77.725
1995.000	77.941
1995.000	78.158
1995.000	78.374
1995.000	78.591
1995.000	78.809
1995.000	79.026
1995.000	79.244
1995.000	79.462
1995.000	79.680
1995.000	79.899
1995.000	80.117
1995.000	80.336
1995.000	80.555
1995.000	80.775
1995.000	80.994
1995.000	81.214
1995.000	81.434
1995.000	81.654
1995.000	81.875
1995.000	82.095
1995.000	82.316
1995.000	82.537
1995.000	82.759
1995.000	82.980
1995.000	83.202
1995.000	83.424
1995.000	83.646
1995.000	83.868
1995.000	84.091
1995.000	84.314
1995.000	84.537
1995.000	84.760
1995.000	84.983
1995.000	85.207
1995.000	85.430
1995.000	85.654
1995.000	85.879
1995.000	86.103
1995.000	86.327
1995.000	86.552
1995.000	86.777
1995.000	87.002
1995.000	87.228
1995.000	87.453
1995.000	87.679
1995.000	87.905
1995.000	88.131
1995.000	88.357
1995.000	88.584
1995.000	88.810
1995.000	89.037
1995.000	89.264
1995.000	89.491
1995.000	89.719
1995.000	89.946
1995.000	90.174
1995.000	90.402
1995.000	90.630
1995.000	90.858
1995.000	91.087
1995.000	91.316
1995.000	91.544
1995.000	91.773
1995.000	92.002
1995.000	92.232
1995.000	92.461
1995.000	92.691
1995.000	92.921
1995.000	93.151
1995.000	93.381
1995.000	93.611
1995.000	93.842
1995.000	94.072
1995.000	94.303
1995.000	94.534
1995.000	94.765
1995.000	94.997
1995.000	95.228
1995.000	95.460
1995.000	95.692
1995.000	95.924
1995.000	96.156
1995.000	96.388
1995.000	96.620
1995.000	96.853
1995.000	97.086
1995.000	97.318
1995.000	97.551
1995.000	97.785
1995.000	98.018
1995.000	98.251
1995.000	98.485
1995.000	98.719
1995.000	98.953
1995.000	99.187
1995.000	99.421
1995.000	99.655
1995.000	99.890
1995.000	100.125
1995.000	100.359
1995.000	100.594
1995.000	100.829
1995.000	101.065
1995.000	101.300
1995.000	101.535
1995.000	101.771
1995.000	102.007
1995.000	102.243
1995.000	102.479
1995.000	102.715
1995.000	102.951
1995.000	103.188
1995.000	103.424
1995.000	103.661
1995.000	103.898
1995.000	104.135
1995.000	104.372
1995.000	104.609
1995.000	104.847
1995.000	105.084
1995.000	105.322
1995.000	105.559
1995.000	105.797
1995.000	106.035
1995.000	106.273
1995.000	106.512
1995.000	106.750
1995.000	106.989
1995.000	107.227
1995.000	107.466
1995.000	107.705
1995.000	107.944
1995.000	108.183
1995.000	108.422
1995.000	108.661
1995.000	108.901
1995.000	109.140
1995.000	109.380
1995.000	109.620
1995.000	109.860
1995.000	110.100
1995.000	110.340
1995.000	110.580
1995.000	110.821
1995.000	111.061
1995.000	111.302
1995.000	111.543
1995.000	111.783
1995.000	112.024
1995.000	112.265
1995.000	112.507
1995.000	112.748
1995.000	112.989
1995.000	113.231
1995.000	113.472
1995.000	113.714
1995.000	113.956
1995.000	114.198
1995.000	114.440
1995.000	114.682
1995.000	114.924
1995.000	115.167
1995.000	115.409
1995.000	115.652
1995.000	115.894
1995.000	116.137
1995.000	116.380
1995.000	116.623
1995.000	116.866
1995.000	117.109
1995.000	117.352
1995.000	117.596
1995.000	117.839
1995.000	118.083
1995.000	118.326
1995.000	118.570
1995.000	118.814
1995.000	119.058
1995.000	119.302
1995.000	119.546
1995.000	119.790
1995.000	120.034
1995.000	120.279
1995.000	120.523
1995.000	120.768
1995.000	121.013
1995.000	121.257
1995.000	121.502
1995.000	121.747
1995.000	121.992
1995.000	122.237
1995.000	122.483
1995.000	122.728
1995.000	122.973
1995.000	123.219
1995.000	123.464
1995.000	123.710
1995.000	123.956
1995.000	124.202
1995.000	124.448
1995.000	124.694
1995.000	124.940
1995.000	125.186
1995.000	125.432
1995.000	125.678
1995.000	125.925
1995.000	126.171
1995.000	126.418
1995.000	126.665
1995.000	126.911
1995.000	127.158
1995.000	127.405
1995.000	127.652
1995.000	127.899
1995.000	128.146
1995.000	128.394
1995.000	128.641
1995.000	128.888
1995.000	129.136
1995.000	129.383
1995.000	129.631
1995.000	129.879
1995.000	130.127
1995.000	130.374
1995.000	130.622
1995.000	130.870
1995.000	131.119
1995.000	131.367
1995.000	131.615
1995.000	131.863
1995.000	132.112
1995.000	132.360
1995.000	132.609
1995.000	132.857
1995.000	133.106
1995.000	133.355
1995.000	133.604
1995.000	133.852
1995.000	134.101
1995.000	134.350
1995.000	134.600
1995.000	134.849
