<j>	<F>
1.204	20.473
2.622	13.689
3.321	19.098
4.412	18.439
5.581	17.601
7.203	14.276
8.525	11.536
9.276	13.324
10.296	14.508
11.245	14.370
12.211	16.093
13.707	14.087
14.732	13.984
15.714	14.450
16.517	15.364
17.802	15.896
20.284	12.603
21.979	10.854
22.895	11.053
23.692	11.627
24.581	12.180
25.702	12.363
26.854	12.232
27.697	12.538
28.512	13.225
29.949	13.257
32.142	11.919
33.730	11.023
34.586	11.175
35.219	11.690
35.781	12.351
36.340	13.096
36.967	13.829
37.710	14.435
38.595	14.851
39.732	14.956
41.334	14.448
43.292	13.442
45.027	12.601
46.098	12.439
46.720	12.854
47.259	13.489
47.965	14.054
49.056	14.244
50.537	13.910
51.959	13.493
53.014	13.447
53.860	13.685
54.742	13.965
55.873	14.053
57.358	13.797
59.006	13.325
60.470	12.973
61.664	12.865
62.693	12.910
63.612	13.042
64.431	13.252
65.161	13.538
65.843	13.887
66.561	14.246
67.471	14.496
68.789	14.447
70.602	13.980
72.580	13.339
74.383	12.858
76.067	12.519
77.634	12.242
78.905	12.103
79.833	12.161
80.554	12.363
81.207	12.627
81.865	12.904
82.554	13.170
83.284	13.420
84.090	13.638
85.059	13.778
86.314	13.763
87.921	13.535
89.749	13.156
91.517	12.793
93.075	12.548
94.443	12.417
95.697	12.355
96.912	12.324
98.146	12.293
99.420	12.246
100.704	12.186
101.932	12.140
103.043	12.138
104.059	12.183
105.063	12.250
106.179	12.293
107.574	12.249
109.339	12.074
111.439	11.767
113.570	11.425
115.397	11.166
116.762	11.052
117.725	11.074
118.414	11.193
118.936	11.375
119.357	11.601
119.711	11.860
120.029	12.142
120.323	12.447
120.607	12.770
120.896	13.107
121.208	13.451
121.574	13.790
122.029	14.108
122.647	14.370
123.526	14.527
124.787	14.515
126.485	14.296
128.472	13.929
130.434	13.558
132.169	13.288
133.693	13.118
135.077	13.013
136.376	12.944
137.586	12.906
138.709	12.898
139.728	12.924
140.652	12.983
141.478	13.076
142.229	13.199
142.925	13.345
143.580	13.509
144.216	13.683
144.832	13.869
145.453	14.059
146.109	14.244
146.869	14.401
147.838	14.489
149.125	14.460
150.767	14.287
152.590	14.022
154.270	13.784
155.579	13.670
156.505	13.696
157.153	13.832
157.632	14.041
158.025	14.295
158.395	14.571
158.803	14.849
159.325	15.099
160.086	15.274
161.299	15.293
163.218	15.058
165.929	14.525
168.881	13.879
171.280	13.400
172.861	13.190
173.829	13.188
174.455	13.308
174.909	13.494
175.292	13.712
175.662	13.945
176.057	14.179
176.505	14.405
177.042	14.607
177.694	14.776
178.479	14.901
179.417	14.972
180.512	14.988
181.771	14.951
183.306	14.834
185.271	14.600
187.790	14.209
190.702	13.700
193.450	13.227
195.622	12.913
197.234	12.757
198.449	12.714
199.444	12.733
200.327	12.784
201.122	12.859
201.890	12.944
202.672	13.031
203.516	13.107
204.479	13.160
205.628	13.172
206.978	13.137
208.506	13.056
210.140	12.943
211.730	12.832
213.154	12.752
214.364	12.719
215.358	12.733
216.160	12.792
216.817	12.887
217.384	13.005
217.893	13.141
218.363	13.291
218.840	13.444
219.354	13.593
219.934	13.731
220.627	13.847
221.498	13.923
222.584	13.949
223.908	13.917
225.474	13.823
227.212	13.683
228.963	13.533
230.621	13.402
232.115	13.306
233.425	13.252
234.548	13.240
235.523	13.262
236.389	13.310
237.157	13.380
237.839	13.470
238.468	13.575
239.078	13.687
239.692	13.803
240.360	13.912
241.163	13.997
242.208	14.035
243.613	13.999
245.472	13.865
247.737	13.637
250.136	13.367
252.302	13.133
254.014	12.987
255.245	12.939
256.116	12.968
256.753	13.049
257.252	13.163
257.663	13.298
258.026	13.446
258.365	13.604
258.701	13.767
259.049	13.931
259.450	14.090
259.929	14.236
260.549	14.359
261.399	14.437
262.602	14.444
264.286	14.351
266.518	14.144
269.196	13.840
272.025	13.503
274.679	13.202
277.008	12.969
279.028	12.801
280.795	12.685
282.411	12.601
283.939	12.536
285.413	12.481
286.835	12.435
288.175	12.400
289.401	12.380
290.483	12.380
291.391	12.405
292.126	12.458
292.701	12.537
293.160	12.636
293.528	12.753
293.828	12.884
294.082	13.026
294.318	13.174
294.545	13.328
294.781	13.484
295.038	13.640
295.329	13.794
295.690	13.940
296.155	14.070
296.776	14.175
297.597	14.246
298.678	14.268
300.050	14.233
301.653	14.148
303.336	14.040
304.924	13.941
306.254	13.884
307.301	13.879
308.098	13.922
308.706	14.005
309.192	14.113
309.605	14.240
309.988	14.376
310.373	14.514
310.776	14.653
311.208	14.789
311.724	14.912
312.386	15.013
313.327	15.068
314.776	15.035
317.012	14.861
320.191	14.511
323.899	14.052
327.317	13.629
329.840	13.355
331.488	13.236
332.563	13.222
333.338	13.264
333.984	13.333
334.587	13.412
335.198	13.492
335.833	13.570
336.520	13.641
337.261	13.704
338.075	13.756
338.952	13.797
339.898	13.828
340.903	13.849
341.961	13.860
343.053	13.865
344.175	13.863
345.272	13.864
346.345	13.868
347.338	13.883
348.259	13.909
349.100	13.948
349.865	13.999
350.567	14.062
351.229	14.133
351.868	14.210
352.529	14.285
353.253	14.353
354.091	14.405
355.129	14.429
356.478	14.408
358.266	14.323
360.621	14.154
363.567	13.896
366.896	13.579
370.177	13.268
373.059	13.013
375.405	12.835
377.293	12.724
378.856	12.660
380.220	12.625
381.434	12.612
382.559	12.611
383.627	12.617
384.631	12.632
385.603	12.650
386.557	12.669
387.448	12.696
388.260	12.732
389.001	12.776
389.663	12.830
390.269	12.891
390.799	12.962
391.256	13.043
391.667	13.131
392.031	13.226
392.358	13.328
392.665	13.433
392.957	13.543
393.243	13.656
393.538	13.769
393.856	13.881
394.219	13.990
394.662	14.091
395.245	14.175
396.061	14.232
397.252	14.241
399.024	14.177
401.561	14.013
404.879	13.745
408.674	13.409
412.377	13.077
415.417	12.825
417.682	12.670
419.301	12.596
420.492	12.578
421.425	12.592
422.207	12.626
422.916	12.670
423.564	12.722
424.172	12.779
424.744	12.841
425.309	12.904
425.882	12.967
426.485	13.029
427.124	13.087
427.808	13.141
428.573	13.187
429.441	13.222
430.452	13.242
431.632	13.243
433.022	13.221
434.597	13.176
436.326	13.114
438.135	13.039
439.941	12.963
441.654	12.895
443.206	12.843
444.577	12.810
445.733	12.800
446.705	12.811
447.513	12.840
448.206	12.883
448.800	12.937
449.327	13.000
449.836	13.066
450.311	13.136
450.754	13.212
451.184	13.289
451.604	13.368
452.021	13.449
452.468	13.527
452.924	13.605
453.403	13.682
453.907	13.756
454.457	13.826
455.053	13.891
455.722	13.948
456.472	13.996
457.335	14.031
458.307	14.052
459.394	14.059
460.569	14.055
461.813	14.040
463.085	14.021
464.357	14.000
465.591	13.982
466.757	13.972
467.819	13.975
468.809	13.987
469.741	14.006
470.649	14.030
471.557	14.055
472.518	14.075
473.559	14.087
474.711	14.086
475.946	14.075
477.307	14.049
478.752	14.013
480.282	13.968
481.901	13.912
483.628	13.846
485.489	13.768
487.511	13.674
489.731	13.563
492.121	13.434
494.642	13.291
497.151	13.149
499.460	13.025
501.503	12.926
503.229	12.860
504.664	12.823
505.895	12.808
506.995	12.808
508.045	12.816
509.138	12.823
510.341	12.821
511.684	12.808
513.201	12.780
514.947	12.733
516.911	12.666
519.049	12.582
521.265	12.490
523.479	12.398
525.560	12.316
527.446	12.249
529.117	12.200
530.578	12.169
531.843	12.154
532.932	12.153
533.859	12.167
534.662	12.191
535.363	12.224
535.986	12.264
536.548	12.310
537.081	12.359
537.597	12.410
538.111	12.462
538.634	12.514
539.179	12.565
539.755	12.614
540.368	12.660
541.035	12.702
541.774	12.739
542.596	12.769
543.517	12.791
544.544	12.803
545.679	12.807
546.931	12.800
548.271	12.785
549.670	12.765
551.091	12.742
552.527	12.716
553.933	12.692
555.289	12.672
556.552	12.659
557.713	12.654
558.784	12.657
559.778	12.667
560.707	12.683
561.606	12.702
562.512	12.722
563.446	12.740
564.435	12.754
565.498	12.762
566.642	12.764
567.882	12.759
569.192	12.747
570.550	12.730
571.939	12.710
573.322	12.689
574.655	12.672
575.936	12.658
577.110	12.652
578.174	12.655
579.124	12.667
579.968	12.687
580.728	12.715
581.418	12.749
582.060	12.787
582.664	12.830
583.256	12.874
583.856	12.918
584.496	12.960
585.212	12.997
586.041	13.027
587.026	13.044
588.229	13.046
589.713	13.025
591.506	12.981
593.599	12.911
595.947	12.821
598.428	12.718
600.923	12.612
603.264	12.517
605.358	12.440
607.221	12.382
608.892	12.340
610.413	12.310
611.850	12.289
613.300	12.268
614.803	12.245
616.379	12.219
618.066	12.185
619.891	12.143
621.813	12.093
623.799	12.039
625.821	11.982
627.794	11.927
629.645	11.879
631.374	11.839
632.940	11.809
634.322	11.791
635.544	11.784
636.620	11.785
637.577	11.795
638.414	11.813
639.162	11.837
639.841	11.865
640.459	11.898
641.025	11.934
641.551	11.974
642.036	12.016
642.491	12.060
642.913	12.107
643.335	12.155
643.726	12.204
644.097	12.256
644.456	12.309
644.824	12.361
645.190	12.415
645.559	12.468
645.940	12.521
646.342	12.574
646.765	12.625
647.234	12.674
647.744	12.720
648.297	12.763
648.904	12.803
649.583	12.838
650.320	12.868
651.114	12.895
651.974	12.917
652.919	12.932
653.892	12.945
654.891	12.955
655.919	12.963
656.948	12.970
657.958	12.979
658.935	12.990
659.904	13.001
660.833	13.014
661.714	13.032
662.563	13.052
663.380	13.074
664.167	13.098
664.926	13.125
665.657	13.154
666.366	13.185
667.068	13.216
667.769	13.248
668.454	13.281
669.132	13.315
669.798	13.350
670.471	13.384
671.146	13.419
671.824	13.453
672.496	13.488
673.162	13.523
673.828	13.558
674.510	13.593
675.190	13.627
675.868	13.662
676.545	13.697
677.230	13.732
677.927	13.765
678.645	13.798
679.394	13.828
680.190	13.855
681.024	13.879
681.915	13.899
682.888	13.912
683.931	13.920
685.043	13.922
686.201	13.919
687.406	13.912
688.618	13.903
689.798	13.897
690.913	13.895
691.954	13.898
692.911	13.908
693.776	13.926
694.559	13.950
695.267	13.981
695.919	14.017
696.541	14.056
697.151	14.096
697.779	14.137
698.461	14.174
699.238	14.204
700.175	14.223
701.357	14.225
702.909	14.201
705.018	14.136
707.874	14.019
711.677	13.834
716.389	13.585
721.664	13.296
727.038	13.000
731.740	12.749
735.509	12.563
738.326	12.441
740.346	12.374
741.843	12.343
742.935	12.339
743.772	12.353
744.458	12.377
745.010	12.410
745.503	12.447
745.944	12.488
746.340	12.532
746.723	12.578
747.082	12.625
747.424	12.674
747.777	12.722
748.131	12.771
748.475	12.821
748.860	12.869
749.274	12.916
749.732	12.961
750.275	13.001
750.933	13.035
751.761	13.059
752.836	13.070
754.225	13.062
756.021	13.030
758.372	12.965
761.218	12.869
764.596	12.741
768.214	12.596
771.862	12.447
775.217	12.314
778.076	12.208
780.420	12.133
782.266	12.086
783.742	12.062
784.895	12.057
785.857	12.063
786.663	12.080
787.400	12.100
788.078	12.125
788.751	12.150
789.390	12.177
790.001	12.206
790.621	12.235
791.215	12.265
791.814	12.294
792.404	12.325
792.986	12.355
793.517	12.389
794.033	12.423
794.542	12.458
795.010	12.496
795.461	12.534
795.886	12.574
796.271	12.617
796.657	12.660
797.012	12.705
797.346	12.751
797.682	12.798
798.003	12.846
798.321	12.895
798.648	12.943
798.974	12.992
799.326	13.040
799.702	13.087
800.107	13.133
800.558	13.176
801.062	13.216
801.633	13.252
802.269	13.285
802.997	13.312
803.836	13.332
804.777	13.346
805.817	13.354
806.953	13.355
808.187	13.350
809.507	13.339
810.870	13.325
812.235	13.310
813.602	13.294
814.932	13.280
816.195	13.271
817.425	13.263
818.602	13.258
819.722	13.258
820.811	13.260
821.910	13.262
823.038	13.263
824.218	13.261
825.461	13.256
826.840	13.243
828.314	13.224
829.887	13.199
831.541	13.169
833.237	13.135
834.924	13.102
836.560	13.070
838.133	13.042
839.561	13.022
840.807	13.012
841.914	13.010
842.873	13.017
843.729	13.031
844.457	13.052
845.085	13.079
845.683	13.109
846.222	13.143
846.727	13.179
847.242	13.215
847.769	13.251
848.311	13.287
848.908	13.320
849.568	13.349
850.300	13.374
851.115	13.395
852.061	13.408
853.150	13.413
854.326	13.413
855.667	13.402
857.144	13.383
858.680	13.360
860.249	13.334
861.847	13.306
863.434	13.277
864.931	13.254
866.276	13.238
867.532	13.228
868.637	13.227
869.601	13.234
870.479	13.246
871.246	13.265
871.921	13.289
872.558	13.317
873.149	13.347
873.709	13.380
874.264	13.413
874.840	13.446
875.439	13.478
876.070	13.508
876.771	13.535
877.547	13.557
878.390	13.575
879.338	13.588
880.430	13.592
881.592	13.591
882.891	13.583
884.288	13.568
885.731	13.550
887.214	13.528
888.685	13.507
890.131	13.487
891.497	13.470
892.754	13.460
893.918	13.455
894.907	13.461
895.812	13.471
896.614	13.487
897.298	13.511
897.905	13.539
898.438	13.572
898.899	13.610
899.329	13.650
899.710	13.693
900.044	13.739
900.368	13.787
900.658	13.836
900.935	13.887
901.203	13.939
901.442	13.993
901.680	14.047
901.919	14.102
902.141	14.158
902.363	14.215
902.584	14.272
902.802	14.330
903.019	14.388
903.243	14.446
903.463	14.505
903.689	14.564
903.934	14.621
904.182	14.680
904.427	14.738
904.687	14.797
904.976	14.853
905.281	14.909
905.602	14.964
905.940	15.018
906.307	15.071
906.728	15.120
907.205	15.166
907.749	15.207
908.400	15.242
909.222	15.266
910.329	15.273
911.900	15.250
914.250	15.179
917.748	15.037
922.816	14.798
929.482	14.461
937.162	14.064
944.727	13.675
951.215	13.356
956.342	13.121
960.279	12.961
963.388	12.851
965.910	12.775
968.096	12.719
969.948	12.680
971.598	12.652
973.008	12.636
974.231	12.629
975.275	12.630
976.186	12.639
976.939	12.655
977.606	12.675
978.168	12.701
978.658	12.730
979.077	12.764
979.438	12.800
979.771	12.838
980.065	12.878
980.341	12.919
980.594	12.962
980.835	13.006
981.063	13.051
981.294	13.096
981.517	13.141
981.746	13.187
981.980	13.233
982.228	13.278
982.486	13.323
982.762	13.367
983.062	13.411
983.397	13.453
983.768	13.494
984.180	13.532
984.642	13.568
985.141	13.603
985.704	13.634
986.364	13.660
987.076	13.684
987.909	13.701
988.813	13.714
989.822	13.722
990.944	13.723
992.136	13.721
993.477	13.711
994.904	13.696
996.458	13.674
998.108	13.648
999.870	13.615
1001.716	13.579
1003.674	13.536
1005.714	13.490
1007.885	13.438
1010.139	13.382
1012.505	13.321
1014.984	13.255
1017.519	13.187
1020.132	13.116
1022.779	13.044
1025.469	12.970
1028.100	12.899
1030.686	12.831
1033.140	12.770
1035.533	12.712
1037.822	12.659
1040.030	12.611
1042.196	12.566
1044.301	12.524
1046.423	12.482
1048.544	12.441
1050.711	12.399
1052.897	12.356
1055.124	12.312
1057.318	12.269
1059.512	12.226
1061.618	12.186
1063.594	12.151
1065.447	12.120
1067.051	12.100
1068.582	12.082
1069.828	12.076
1070.974	12.074
1071.899	12.080
1072.729	12.091
1073.405	12.108
1073.981	12.129
1074.482	12.153
1074.892	12.182
1075.266	12.211
1075.574	12.244
1075.868	12.278
1076.113	12.314
1076.356	12.350
1076.569	12.388
1076.785	12.426
1076.987	12.465
1077.187	12.504
1077.397	12.543
1077.599	12.583
1077.825	12.622
1078.048	12.661
1078.298	12.699
1078.554	12.737
1078.841	12.774
1079.149	12.811
1079.480	12.847
1079.854	12.881
1080.248	12.914
1080.701	12.945
1081.172	12.975
1081.725	13.002
1082.291	13.028
1082.954	13.050
1083.646	13.071
1084.447	13.087
1085.290	13.101
1086.244	13.111
1087.265	13.117
1088.380	13.119
1089.596	13.116
1090.862	13.111
1092.225	13.102
1093.642	13.090
1095.143	13.075
1096.690	13.057
1098.270	13.037
1099.872	13.016
1101.436	12.997
1102.989	12.977
1104.439	12.963
1105.870	12.948
1107.190	12.939
1108.447	12.932
1109.596	12.930
1110.682	12.931
1111.674	12.936
1112.591	12.944
1113.451	12.955
1114.238	12.969
1114.988	12.985
1115.699	13.002
1116.386	13.021
1117.053	13.041
1117.692	13.062
1118.336	13.084
1118.949	13.106
1119.575	13.128
1120.172	13.152
1120.793	13.174
1121.376	13.198
1121.992	13.221
1122.572	13.245
1123.170	13.269
1123.743	13.294
1124.315	13.318
1124.873	13.344
1125.409	13.371
1125.936	13.398
1126.473	13.424
1126.990	13.452
1127.535	13.479
1128.062	13.507
1128.626	13.533
1129.189	13.559
1129.778	13.584
1130.408	13.608
1131.078	13.630
1131.827	13.648
1132.649	13.664
1133.566	13.675
1134.618	13.680
1135.771	13.680
1137.127	13.672
1138.570	13.659
1140.205	13.637
1141.955	13.610
1143.843	13.576
1145.897	13.534
1147.918	13.493
1150.047	13.447
1152.035	13.407
1153.954	13.370
1155.715	13.339
1157.281	13.317
1158.713	13.301
1159.926	13.294
1161.019	13.293
1161.934	13.300
1162.749	13.312
1163.435	13.329
1164.047	13.351
1164.574	13.376
1165.043	13.404
1165.460	13.435
1165.852	13.467
1166.218	13.500
1166.573	13.535
1166.921	13.569
1167.264	13.605
1167.623	13.640
1167.979	13.675
1168.369	13.708
1168.762	13.742
1169.207	13.774
1169.662	13.805
1170.181	13.834
1170.725	13.861
1171.332	13.886
1171.980	13.909
1172.686	13.929
1173.448	13.946
1174.227	13.963
1175.064	13.977
1175.946	13.988
1176.876	13.997
1177.864	14.004
1178.887	14.009
1179.980	14.010
1181.097	14.011
1182.280	14.008
1183.539	14.003
1184.883	13.993
1186.354	13.978
1187.952	13.957
1189.698	13.930
1191.639	13.894
1193.711	13.852
1195.949	13.802
1198.293	13.748
1200.666	13.691
1203.015	13.635
1205.209	13.586
1207.325	13.540
1209.207	13.504
1210.911	13.475
1212.397	13.457
1213.689	13.447
1214.832	13.443
1215.778	13.449
1216.641	13.458
1217.370	13.473
1218.032	13.492
1218.630	13.514
1219.161	13.538
1219.682	13.564
1220.136	13.592
1220.610	13.620
1221.020	13.651
1221.478	13.680
1221.874	13.711
1222.329	13.741
1222.751	13.772
1223.237	13.800
1223.726	13.829
1224.294	13.854
1224.906	13.878
1225.645	13.897
1226.476	13.912
1227.514	13.918
1228.709	13.917
1230.206	13.904
1231.977	13.880
1234.115	13.839
1236.580	13.784
1239.359	13.715
1242.375	13.636
1245.463	13.552
1248.524	13.468
1251.335	13.395
1253.878	13.332
1256.029	13.286
1257.836	13.253
1259.364	13.233
1260.597	13.226
1261.646	13.226
1262.504	13.235
1263.270	13.248
1263.953	13.265
1264.576	13.284
1265.207	13.304
1265.807	13.325
1266.454	13.345
1267.111	13.364
1267.828	13.382
1268.621	13.396
1269.474	13.408
1270.401	13.417
1271.448	13.421
1272.492	13.426
1273.763	13.421
1274.956	13.419
1276.337	13.409
1277.647	13.402
1279.033	13.391
1280.400	13.381
1281.743	13.372
1282.989	13.366
1284.203	13.361
1285.259	13.362
1286.299	13.364
1287.143	13.374
1287.982	13.384
1288.660	13.400
1289.301	13.418
1289.838	13.441
1290.317	13.466
1290.742	13.493
1291.102	13.524
1291.449	13.555
1291.743	13.588
1292.019	13.622
1292.270	13.658
1292.505	13.694
1292.730	13.731
1292.934	13.770
1293.146	13.808
1293.339	13.847
1293.545	13.885
1293.737	13.925
1293.945	13.964
1294.153	14.003
1294.368	14.042
1294.598	14.081
1294.829	14.120
1295.092	14.158
1295.350	14.196
1295.650	14.232
1295.944	14.269
1296.291	14.304
1296.640	14.338
1297.035	14.371
1297.450	14.403
1297.907	14.433
1298.393	14.462
1298.928	14.489
1299.510	14.514
1300.151	14.536
1300.860	14.556
1301.649	14.572
1302.544	14.583
1303.565	14.589
1304.761	14.587
1306.179	14.576
1307.878	14.553
1309.944	14.514
1312.454	14.457
1315.540	14.375
1319.203	14.269
1323.323	14.143
1327.888	13.998
1332.367	13.857
1336.775	13.718
1340.657	13.600
1343.998	13.505
1346.752	13.434
1348.936	13.387
1350.691	13.358
1352.126	13.342
1353.221	13.340
1354.185	13.344
1354.925	13.357
1355.604	13.372
1356.176	13.392
1356.677	13.415
1357.141	13.439
1357.545	13.466
1357.953	13.494
1358.333	13.522
1358.740	13.550
1359.184	13.577
1359.722	13.602
1360.427	13.621
1361.426	13.631
1362.922	13.624
1365.318	13.589
1368.910	13.514
1374.416	13.377
1382.189	13.165
1392.061	12.883
1402.911	12.566
1413.381	12.261
1421.908	12.017
1428.055	11.850
1432.300	11.745
1435.091	11.687
1436.917	11.661
1438.167	11.654
1439.075	11.658
1439.771	11.669
1440.309	11.685
1440.789	11.702
1441.237	11.721
1441.596	11.743
1441.932	11.765
1442.292	11.787
1442.587	11.811
1442.855	11.835
1443.158	11.859
1443.416	11.884
1443.642	11.910
1443.911	11.935
1444.150	11.961
1444.342	11.988
1444.588	12.014
1444.816	12.041
1444.990	12.069
1445.216	12.096
1445.437	12.123
1445.604	12.152
1445.820	12.179
1446.035	12.207
1446.201	12.236
1446.418	12.263
1446.635	12.291
1446.808	12.321
1447.040	12.348
1447.261	12.376
1447.454	12.405
1447.704	12.433
1447.941	12.461
1448.169	12.489
1448.452	12.516
1448.726	12.543
1449.020	12.570
1449.349	12.595
1449.686	12.621
1450.053	12.646
1450.440	12.670
1450.864	12.693
1451.324	12.715
1451.820	12.736
1452.377	12.755
1452.956	12.774
1453.600	12.790
1454.291	12.805
1454.986	12.820
1455.795	12.831
1456.616	12.842
1457.486	12.851
1458.473	12.857
1459.380	12.864
1460.398	12.868
1461.435	12.872
1462.417	12.877
1463.515	12.878
1464.523	12.882
1465.548	12.885
1466.577	12.889
1467.533	12.894
1468.498	12.899
1469.377	12.907
1470.260	12.915
1471.072	12.924
1471.854	12.935
1472.618	12.947
1473.290	12.962
1473.983	12.976
1474.600	12.992
1475.183	13.010
1475.785	13.027
1476.312	13.047
1476.848	13.066
1477.385	13.086
1477.875	13.107
1478.403	13.127
1478.944	13.147
1479.477	13.167
1480.064	13.186
1480.673	13.204
1481.333	13.220
1482.103	13.233
1482.896	13.246
1483.817	13.254
1484.889	13.258
1486.061	13.258
1487.426	13.252
1488.932	13.241
1490.608	13.224
1492.417	13.203
1494.396	13.176
1496.456	13.146
1498.557	13.114
1500.693	13.081
1502.719	13.051
1504.720	13.021
1506.536	12.997
1508.251	12.977
1509.769	12.962
1511.099	12.954
1512.349	12.949
1513.371	12.951
1514.328	12.955
1515.177	12.963
1515.905	12.975
1516.607	12.988
1517.210	13.004
1517.776	13.022
1518.298	13.041
1518.785	13.061
1519.258	13.082
1519.687	13.105
1520.137	13.126
1520.558	13.149
1520.932	13.174
1521.346	13.197
1521.702	13.222
1522.076	13.247
1522.453	13.272
1522.772	13.299
1523.152	13.323
1523.470	13.350
1523.790	13.377
1524.159	13.403
1524.456	13.431
1524.801	13.457
1525.117	13.485
1525.427	13.512
1525.773	13.539
1526.058	13.568
1526.389	13.595
1526.723	13.623
1527.035	13.651
1527.397	13.677
1527.719	13.706
1528.064	13.733
1528.427	13.760
1528.761	13.788
1529.168	13.813
1529.556	13.839
1529.961	13.865
1530.419	13.889
1530.863	13.914
1531.369	13.936
1531.911	13.958
1532.501	13.978
1533.201	13.994
1534.020	14.006
1534.966	14.014
1536.180	14.014
1537.686	14.004
1539.602	13.981
1542.182	13.935
1545.398	13.869
1549.548	13.772
1554.542	13.648
1560.220	13.500
1566.376	13.337
1572.405	13.176
1577.963	13.031
1582.800	12.908
1586.623	12.818
1589.634	12.754
1591.972	12.712
1593.702	12.690
1595.013	12.681
1596.049	12.681
1596.847	12.689
1597.483	12.702
1598.020	12.719
1598.458	12.738
1598.843	12.760
1599.177	12.783
1599.466	12.807
1599.747	12.832
1599.989	12.858
1600.211	12.885
1600.441	12.912
1600.631	12.940
1600.822	12.969
1601.020	12.997
1601.183	13.026
1601.362	13.055
1601.546	13.084
1601.703	13.114
1601.886	13.143
1602.067	13.172
1602.230	13.203
1602.427	13.232
1602.618	13.261
1602.808	13.291
1603.041	13.319
1603.274	13.348
1603.537	13.376
1603.857	13.402
1604.191	13.428
1604.609	13.452
1605.104	13.473
1605.664	13.492
1606.373	13.507
1607.244	13.518
1608.337	13.521
1609.661	13.518
1611.284	13.505
1613.353	13.479
1615.680	13.444
1618.390	13.397
1621.566	13.336
1624.859	13.270
1628.316	13.199
1631.883	13.124
1635.159	13.057
1638.129	12.998
1640.772	12.950
1643.042	12.912
1644.885	12.888
1646.385	12.874
1647.641	12.868
1648.607	12.870
1649.389	12.879
1650.049	12.891
1650.568	12.908
1650.989	12.927
1651.371	12.949
1651.687	12.972
1651.951	12.997
1652.217	13.022
1652.442	13.049
1652.640	13.076
1652.855	13.103
1653.041	13.131
1653.218	13.160
1653.411	13.188
1653.587	13.217
1653.774	13.246
1653.969	13.274
1654.165	13.303
1654.389	13.331
1654.621	13.358
1654.878	13.386
1655.189	13.411
1655.521	13.437
1655.931	13.460
1656.431	13.480
1657.018	13.498
1657.774	13.512
1658.670	13.521
1659.829	13.522
1661.248	13.516
1662.832	13.505
1664.948	13.477
1667.304	13.442
1669.920	13.400
1673.028	13.341
1676.152	13.282
1679.380	13.219
1682.639	13.154
1685.569	13.099
1688.260	13.050
1690.548	13.013
1692.557	12.984
1694.193	12.966
1695.488	12.959
1696.599	12.957
1697.427	12.964
1698.097	12.975
1698.660	12.990
1699.079	13.010
1699.441	13.031
1699.747	13.054
1699.991	13.079
1700.212	13.105
1700.407	13.132
1700.582	13.160
1700.746	13.188
1700.895	13.217
1701.042	13.245
1701.187	13.274
1701.318	13.304
1701.460	13.333
1701.599	13.363
1701.727	13.393
1701.873	13.423
1702.014	13.453
1702.146	13.483
1702.302	13.513
1702.450	13.543
1702.594	13.573
1702.766	13.603
1702.926	13.633
1703.086	13.663
1703.283	13.692
1703.457	13.722
1703.638	13.752
1703.854	13.780
1704.033	13.811
1704.241	13.840
1704.476	13.868
1704.675	13.898
1704.931	13.926
1705.188	13.954
1705.415	13.983
1705.736	14.010
1706.014	14.037
1706.285	14.065
1706.640	14.091
1706.950	14.118
1707.319	14.143
1707.723	14.167
1708.094	14.192
1708.579	14.213
1709.041	14.236
1709.543	14.257
1710.157	14.274
1710.768	14.292
1711.508	14.305
1712.307	14.317
1713.175	14.326
1714.217	14.330
1715.343	14.330
1716.645	14.325
1718.095	14.315
1719.722	14.299
1721.495	14.278
1723.460	14.251
1725.606	14.217
1727.709	14.184
1730.000	14.145
1732.287	14.106
1734.499	14.069
1736.686	14.033
1738.732	14.002
1740.682	13.973
1742.464	13.950
1744.198	13.929
1745.809	13.912
1747.328	13.899
1748.889	13.885
1750.368	13.873
1751.946	13.859
1753.642	13.842
1755.338	13.825
1757.275	13.801
1759.336	13.774
1761.563	13.741
1763.979	13.703
1766.438	13.663
1769.130	13.616
1771.760	13.570
1774.237	13.529
1776.778	13.486
1779.037	13.451
1781.091	13.421
1782.990	13.397
1784.637	13.379
1786.057	13.369
1787.268	13.364
1788.360	13.363
1789.249	13.369
1789.965	13.379
1790.675	13.390
1791.241	13.405
1791.693	13.424
1792.166	13.442
1792.561	13.463
1792.885	13.486
1793.237	13.508
1793.542	13.532
1793.817	13.556
1794.128	13.580
1794.415	13.605
1794.708	13.630
1795.052	13.653
1795.404	13.676
1795.810	13.698
1796.302	13.718
1796.875	13.735
1797.591	13.749
1798.474	13.758
1799.600	13.760
1801.060	13.753
1802.819	13.738
1805.144	13.708
1808.158	13.657
1811.528	13.597
1815.594	13.518
1820.545	13.413
1825.400	13.311
1830.412	13.203
1835.433	13.095
1840.011	12.999
1843.997	12.919
1847.274	12.858
1850.115	12.809
1852.482	12.773
1854.232	12.754
1855.651	12.745
1856.964	12.738
1857.953	12.740
1858.723	12.748
1859.415	12.758
1860.039	12.770
1860.531	12.785
1860.935	12.803
1861.365	12.821
1861.733	12.840
1862.034	12.861
1862.332	12.882
1862.629	12.903
1862.889	12.926
1863.121	12.949
1863.379	12.971
1863.635	12.994
1863.870	13.017
1864.111	13.041
1864.379	13.063
1864.641	13.086
1864.899	13.109
1865.198	13.132
1865.532	13.153
1865.867	13.174
1866.207	13.196
1866.634	13.215
1867.087	13.233
1867.527	13.252
1868.070	13.268
1868.703	13.282
1869.322	13.297
1870.013	13.309
1870.863	13.317
1871.743	13.325
1872.615	13.333
1873.693	13.335
1874.877	13.334
1876.020	13.334
1877.336	13.330
1878.745	13.322
1880.134	13.316
1881.649	13.306
1883.182	13.295
1884.660	13.286
1886.282	13.272
1887.846	13.260
1889.276	13.252
1890.774	13.241
1892.213	13.232
1893.460	13.229
1894.715	13.224
1895.947	13.221
1897.017	13.222
1898.025	13.224
1898.999	13.227
1899.865	13.234
1900.656	13.242
1901.398	13.252
1902.106	13.262
1902.756	13.274
1903.337	13.288
1903.916	13.303
1904.463	13.318
1904.933	13.335
1905.407	13.352
1905.891	13.369
1906.310	13.388
1906.711	13.407
1907.155	13.426
1907.555	13.445
1907.909	13.466
1908.318	13.486
1908.714	13.505
1909.060	13.527
1909.443	13.547
1909.846	13.567
1910.206	13.588
1910.569	13.609
1910.983	13.629
1911.390	13.648
1911.784	13.669
1912.199	13.689
1912.655	13.708
1913.116	13.726
1913.578	13.745
1914.112	13.762
1914.683	13.778
1915.240	13.794
1915.906	13.807
1916.661	13.818
1917.443	13.829
1918.335	13.836
1919.402	13.839
1920.568	13.839
1921.873	13.835
1923.461	13.824
1925.270	13.807
1927.367	13.782
1929.850	13.747
1932.694	13.702
1935.875	13.649
1939.625	13.581
1943.837	13.501
1948.119	13.419
1952.689	13.330
1957.617	13.231
1962.246	13.141
1966.424	13.061
1970.354	12.988
1974.012	12.923
1977.013	12.873
1979.458	12.838
1981.523	12.812
1983.353	12.793
1984.768	12.784
1985.848	12.783
1986.768	12.786
1987.587	12.792
1988.199	12.804
1988.665	12.819
1989.093	12.835
1989.471	12.852
1989.757	12.872
1989.969	12.894
1990.202	12.915
1990.418	12.937
1990.568	12.961
1990.697	12.985
1990.844	13.009
1990.981	13.033
1991.071	13.058
1991.159	13.084
1991.276	13.109
1991.369	13.135
1991.424	13.161
1991.500	13.188
1991.606	13.213
1991.666	13.240
1991.710	13.267
1991.795	13.294
1991.874	13.321
1991.909	13.349
1991.957	13.376
1992.044	13.403
1992.092	13.431
1992.119	13.459
1992.191	13.487
1992.256	13.515
1992.271	13.544
1992.316	13.572
1992.397	13.600
1992.431	13.629
1992.451	13.658
1992.520	13.686
1992.565	13.715
1992.573	13.745
1992.630	13.774
1992.688	13.803
1992.693	13.834
1992.728	13.864
1992.799	13.893
1992.818	13.923
1992.834	13.954
1992.896	13.983
1992.926	14.014
1992.934	14.045
1992.987	14.075
1993.023	14.106
1993.025	14.138
1993.071	14.168
1993.112	14.199
1993.110	14.231
1993.149	14.263
1993.195	14.294
1993.190	14.327
1993.223	14.358
1993.271	14.390
1993.266	14.423
1993.294	14.455
1993.342	14.487
1993.338	14.520
1993.362	14.553
1993.409	14.585
1993.405	14.619
1993.428	14.652
1993.473	14.685
1993.469	14.719
1993.492	14.753
1993.533	14.786
1993.529	14.821
1993.553	14.855
1993.586	14.888
1993.583	14.923
1993.608	14.958
1993.633	14.992
1993.633	15.028
1993.662	15.062
1993.678	15.097
1993.681	15.133
1993.714	15.168
1993.721	15.204
1993.725	15.240
1993.764	15.275
1993.761	15.312
1993.771	15.348
1993.801	15.384
1993.801	15.421
1993.821	15.458
1993.837	15.494
1993.838	15.532
1993.868	15.568
1993.870	15.606
1993.873	15.644
1993.902	15.681
1993.903	15.719
1993.921	15.757
1993.934	15.795
1993.930	15.834
1993.960	15.872
1993.962	15.911
1993.970	15.950
1993.990	15.988
1993.987	16.028
1994.011	16.067
1994.016	16.106
1994.019	16.146
1994.040	16.186
1994.037	16.226
1994.059	16.266
1994.064	16.306
1994.068	16.347
1994.087	16.387
1994.081	16.429
1994.104	16.469
1994.108	16.511
1994.117	16.552
1994.131	16.593
1994.120	16.636
1994.147	16.677
1994.145	16.720
1994.161	16.762
1994.169	16.804
1994.171	16.847
1994.189	16.890
1994.175	16.934
1994.203	16.976
1994.199	17.020
1994.216	17.063
1994.222	17.107
1994.227	17.151
1994.241	17.195
1994.233	17.240
1994.256	17.284
1994.243	17.330
1994.268	17.374
1994.263	17.419
1994.280	17.464
1994.282	17.510
1994.291	17.556
1994.300	17.602
1994.301	17.648
1994.317	17.694
1994.311	17.741
1994.332	17.787
1994.319	17.835
1994.344	17.881
1994.329	17.930
1994.356	17.976
1994.344	18.025
1994.367	18.072
1994.358	18.121
1994.378	18.169
1994.371	18.218
1994.389	18.267
1994.384	18.316
1994.401	18.365
1994.397	18.415
1994.412	18.464
1994.408	18.515
1994.424	18.564
1994.419	18.615
1994.436	18.665
1994.430	18.717
1994.448	18.767
1994.440	18.819
1994.461	18.870
1994.449	18.923
1994.474	18.974
1994.458	19.027
1994.484	19.079
1994.471	19.132
1994.492	19.184
1994.484	19.238
1994.500	19.291
1994.499	19.345
1994.507	19.399
1994.513	19.453
1994.514	19.507
1994.528	19.562
1994.521	19.617
1994.542	19.671
1994.526	19.728
1994.548	19.783
1994.542	19.839
1994.554	19.895
1994.559	19.951
1994.559	20.008
1994.575	20.064
1994.561	20.122
1994.583	20.179
1994.576	20.237
1994.587	20.295
1994.594	20.353
1994.590	20.412
1994.608	20.470
1994.597	20.530
1994.612	20.588
1994.616	20.648
1994.615	20.708
1994.631	20.767
1994.620	20.828
1994.634	20.888
1994.640	20.949
1994.635	21.011
1994.652	21.071
1994.646	21.134
1994.654	21.195
1994.666	21.257
1994.653	21.321
1994.670	21.383
1994.674	21.446
1994.670	21.510
1994.684	21.573
1994.683	21.637
1994.685	21.702
1994.698	21.766
1994.693	21.831
1994.699	21.896
1994.711	21.961
1994.703	22.027
1994.712	22.093
1994.722	22.159
1994.715	22.226
1994.723	22.293
1994.733	22.360
1994.728	22.428
1994.734	22.496
1994.744	22.563
1994.742	22.632
1994.744	22.701
1994.754	22.770
1994.757	22.839
1994.753	22.909
1994.763	22.979
1994.770	23.049
1994.764	23.121
1994.771	23.191
1994.779	23.262
1994.780	23.334
1994.778	23.406
1994.786	23.478
1994.793	23.551
1994.790	23.624
1994.793	23.697
1994.801	23.771
1994.806	23.845
1994.802	23.919
1994.807	23.994
1994.813	24.069
