<j>	<F>
1.204	20.472
2.624	13.680
3.345	18.965
4.676	16.599
6.054	12.657
7.214	14.246
8.578	11.445
9.493	12.826
10.978	12.357
12.164	11.178
12.901	12.337
13.707	13.733
14.860	13.892
15.979	13.775
17.270	13.485
18.553	12.991
19.677	12.731
20.449	13.410
21.241	14.321
22.056	14.977
22.742	16.168
23.717	16.932
25.418	15.772
27.700	13.406
29.621	11.921
30.961	11.466
31.985	11.584
33.102	11.762
34.493	11.607
35.871	11.294
36.910	11.290
37.734	11.599
38.594	11.955
39.611	12.166
40.740	12.199
41.807	12.236
42.783	12.399
43.820	12.557
44.996	12.562
46.203	12.483
47.312	12.471
48.298	12.580
49.255	12.775
50.442	12.858
52.068	12.559
53.793	12.030
55.056	11.798
55.914	11.945
56.674	12.239
57.515	12.506
58.490	12.671
59.570	12.736
60.697	12.750
61.836	12.751
62.984	12.746
64.144	12.734
65.322	12.711
66.515	12.676
67.698	12.638
68.815	12.628
69.796	12.691
70.594	12.867
71.211	13.176
71.692	13.608
72.110	14.133
72.562	14.691
73.194	15.163
74.211	15.354
75.737	15.086
77.462	14.559
78.908	14.218
80.056	14.145
81.104	14.181
82.172	14.223
83.360	14.205
84.740	14.061
86.197	13.825
87.430	13.680
88.292	13.763
88.886	14.048
89.372	14.441
89.857	14.868
90.429	15.270
91.234	15.552
92.536	15.535
94.636	14.997
97.241	14.085
99.442	13.377
100.964	13.092
102.196	13.034
103.580	12.977
105.488	12.744
108.082	12.243
110.895	11.623
113.227	11.154
114.862	10.940
116.047	10.903
117.052	10.947
118.059	11.006
119.141	11.050
120.350	11.058
121.629	11.038
122.925	11.003
124.125	10.984
125.193	10.999
126.115	11.056
126.936	11.146
127.691	11.260
128.433	11.383
129.172	11.508
129.916	11.633
130.649	11.758
131.344	11.894
131.982	12.047
132.552	12.223
133.067	12.424
133.550	12.644
134.052	12.871
134.636	13.084
135.412	13.246
136.517	13.308
138.131	13.204
140.309	12.910
142.909	12.472
145.540	12.024
147.896	11.667
149.915	11.419
151.614	11.265
153.063	11.178
154.283	11.148
155.288	11.169
156.127	11.231
156.807	11.333
157.393	11.463
157.903	11.616
158.384	11.783
158.874	11.955
159.391	12.126
159.992	12.283
160.701	12.416
161.581	12.509
162.684	12.546
164.043	12.515
165.669	12.410
167.467	12.254
169.288	12.083
171.013	11.930
172.520	11.830
173.850	11.778
175.071	11.759
176.257	11.754
177.471	11.746
178.707	11.731
179.927	11.716
181.084	11.708
182.108	11.726
182.998	11.774
183.784	11.847
184.489	11.942
185.166	12.047
185.857	12.154
186.578	12.256
187.342	12.348
188.149	12.429
188.943	12.510
189.700	12.596
190.396	12.695
190.986	12.819
191.489	12.968
191.911	13.142
192.271	13.337
192.594	13.550
192.904	13.774
193.215	14.005
193.565	14.234
193.989	14.451
194.558	14.635
195.386	14.754
196.657	14.751
198.549	14.569
200.985	14.212
203.503	13.802
205.514	13.512
206.863	13.404
207.743	13.435
208.414	13.540
209.094	13.661
209.984	13.746
211.289	13.741
213.143	13.606
215.508	13.338
218.007	13.014
220.112	12.762
221.618	12.641
222.640	12.636
223.384	12.703
224.025	12.804
224.691	12.909
225.487	12.994
226.492	13.040
227.773	13.031
229.369	12.957
231.242	12.824
233.295	12.651
235.413	12.466
237.491	12.289
239.468	12.135
241.321	12.005
243.027	11.903
244.540	11.833
245.885	11.792
247.065	11.779
248.112	11.791
249.058	11.820
249.956	11.860
250.826	11.905
251.690	11.953
252.550	12.002
253.433	12.047
254.341	12.089
255.266	12.128
256.215	12.164
257.194	12.194
258.208	12.218
259.235	12.240
260.268	12.259
261.315	12.276
262.351	12.293
263.358	12.315
264.333	12.341
265.284	12.372
266.240	12.405
267.233	12.435
268.358	12.451
269.762	12.431
271.643	12.350
274.202	12.177
277.525	11.899
281.409	11.539
285.232	11.180
288.424	10.900
290.791	10.727
292.489	10.642
293.719	10.620
294.641	10.638
295.377	10.682
295.996	10.741
296.567	10.808
297.090	10.881
297.566	10.961
298.010	11.046
298.439	11.133
298.865	11.222
299.270	11.315
299.661	11.411
300.041	11.509
300.428	11.608
300.799	11.711
301.165	11.815
301.532	11.920
301.881	12.030
302.238	12.140
302.577	12.254
302.918	12.369
303.247	12.488
303.574	12.609
303.898	12.732
304.227	12.857
304.561	12.983
304.913	13.109
305.295	13.233
305.722	13.351
306.213	13.462
306.785	13.561
307.468	13.644
308.300	13.703
309.305	13.733
310.517	13.728
311.905	13.692
313.458	13.626
315.138	13.537
316.863	13.438
318.558	13.342
320.157	13.261
321.662	13.197
323.060	13.151
324.399	13.116
325.718	13.087
327.043	13.060
328.412	13.027
329.854	12.986
331.372	12.933
332.943	12.872
334.518	12.809
336.025	12.753
337.424	12.711
338.683	12.686
339.782	12.683
340.729	12.702
341.552	12.740
342.276	12.792
342.945	12.854
343.594	12.921
344.254	12.989
344.974	13.051
345.792	13.102
346.791	13.131
348.056	13.129
349.707	13.078
351.857	12.964
354.521	12.784
357.574	12.552
360.715	12.304
363.568	12.087
365.949	11.924
367.779	11.828
369.133	11.790
370.144	11.794
370.930	11.827
371.568	11.878
372.151	11.939
372.695	12.005
373.212	12.076
373.738	12.147
374.298	12.217
374.919	12.280
375.653	12.333
376.506	12.374
377.538	12.397
378.786	12.396
380.284	12.367
382.033	12.308
383.967	12.226
385.957	12.133
387.854	12.047
389.537	11.980
390.932	11.943
392.040	11.937
392.909	11.957
393.560	12.002
394.051	12.066
394.426	12.145
394.716	12.235
394.956	12.333
395.179	12.434
395.378	12.541
395.559	12.651
395.737	12.763
395.924	12.876
396.124	12.990
396.346	13.103
396.601	13.215
396.901	13.322
397.276	13.423
397.743	13.514
398.342	13.590
399.131	13.643
400.174	13.665
401.480	13.653
403.058	13.603
404.847	13.523
406.726	13.427
408.537	13.334
410.179	13.260
411.542	13.219
412.620	13.214
413.470	13.239
414.171	13.285
414.770	13.346
415.308	13.417
415.856	13.490
416.435	13.561
417.102	13.623
417.900	13.671
418.908	13.695
420.157	13.691
421.736	13.645
423.619	13.561
425.716	13.448
427.869	13.324
429.911	13.209
431.730	13.118
433.246	13.063
434.525	13.036
435.575	13.037
436.452	13.060
437.216	13.098
437.915	13.144
438.565	13.197
439.213	13.251
439.867	13.306
440.514	13.361
441.163	13.417
441.821	13.471
442.482	13.526
443.158	13.579
443.840	13.632
444.558	13.680
445.260	13.730
445.967	13.780
446.665	13.831
447.384	13.880
448.105	13.929
448.852	13.976
449.644	14.018
450.513	14.052
451.494	14.073
452.611	14.079
453.914	14.063
455.404	14.023
457.080	13.960
458.897	13.878
460.753	13.788
462.520	13.708
464.143	13.643
465.575	13.600
466.841	13.577
467.980	13.571
469.039	13.575
470.089	13.583
471.157	13.591
472.292	13.593
473.585	13.581
475.087	13.548
476.889	13.486
479.043	13.387
481.524	13.255
484.231	13.099
487.000	12.934
489.595	12.784
491.888	12.663
493.811	12.578
495.369	12.528
496.643	12.508
497.665	12.512
498.533	12.532
499.302	12.563
500.012	12.601
500.698	12.642
501.380	12.684
502.084	12.725
502.833	12.763
503.649	12.796
504.572	12.820
505.633	12.832
506.844	12.830
508.222	12.813
509.737	12.782
511.339	12.742
512.929	12.700
514.468	12.662
515.914	12.630
517.214	12.610
518.332	12.606
519.286	12.617
520.080	12.643
520.734	12.682
521.274	12.732
521.727	12.790
522.119	12.856
522.468	12.926
522.789	13.000
523.094	13.077
523.393	13.155
523.698	13.234
524.014	13.313
524.341	13.391
524.704	13.467
525.118	13.540
525.602	13.606
526.178	13.665
526.881	13.712
527.736	13.745
528.783	13.760
530.123	13.748
531.824	13.702
533.923	13.618
536.425	13.496
539.336	13.336
542.513	13.151
545.695	12.965
548.666	12.797
551.266	12.662
553.446	12.563
555.231	12.499
556.663	12.466
557.810	12.459
558.732	12.470
559.481	12.497
560.103	12.536
560.624	12.583
561.074	12.637
561.467	12.697
561.826	12.761
562.157	12.827
562.470	12.896
562.774	12.966
563.078	13.038
563.389	13.110
563.716	13.181
564.064	13.251
564.448	13.319
564.886	13.383
565.390	13.442
565.989	13.493
566.703	13.535
567.561	13.564
568.592	13.578
569.810	13.575
571.208	13.556
572.813	13.518
574.649	13.460
576.681	13.384
578.875	13.293
581.175	13.194
583.538	13.091
585.935	12.986
588.332	12.884
590.708	12.784
593.058	12.688
595.349	12.597
597.539	12.515
599.582	12.443
601.456	12.385
603.119	12.342
604.593	12.313
605.885	12.298
607.013	12.296
608.022	12.303
608.966	12.316
609.860	12.333
610.735	12.352
611.631	12.371
612.566	12.388
613.545	12.401
614.602	12.410
615.714	12.414
616.876	12.414
618.096	12.409
619.321	12.403
620.516	12.399
621.663	12.398
622.767	12.399
623.792	12.405
624.743	12.417
625.630	12.434
626.463	12.455
627.268	12.478
628.055	12.503
628.832	12.529
629.626	12.555
630.459	12.578
631.312	12.600
632.179	12.620
633.086	12.638
634.031	12.652
634.969	12.667
635.898	12.682
636.827	12.696
637.719	12.713
638.558	12.733
639.347	12.757
640.095	12.784
640.793	12.815
641.433	12.850
642.030	12.889
642.584	12.931
643.119	12.975
643.624	13.022
644.098	13.071
644.550	13.122
644.995	13.174
645.429	13.227
645.855	13.282
646.265	13.338
646.667	13.395
647.065	13.453
647.463	13.511
647.874	13.569
648.298	13.626
648.747	13.682
649.227	13.736
649.749	13.787
650.324	13.834
650.972	13.876
651.714	13.910
652.558	13.936
653.502	13.953
654.555	13.961
655.705	13.961
656.939	13.952
658.234	13.938
659.546	13.921
660.841	13.904
662.104	13.890
663.306	13.881
664.447	13.877
665.534	13.878
666.590	13.882
667.645	13.888
668.740	13.891
669.926	13.888
671.233	13.875
672.683	13.852
674.275	13.817
675.999	13.771
677.864	13.713
679.771	13.651
681.648	13.590
683.426	13.537
685.111	13.490
686.635	13.455
688.001	13.433
689.223	13.422
690.346	13.420
691.391	13.423
692.376	13.433
693.330	13.445
694.277	13.458
695.228	13.471
696.199	13.483
697.206	13.492
698.241	13.499
699.290	13.505
700.356	13.509
701.442	13.512
702.510	13.515
703.543	13.521
704.534	13.529
705.492	13.540
706.413	13.554
707.298	13.571
708.161	13.590
709.025	13.609
709.916	13.627
710.839	13.642
711.825	13.654
712.876	13.661
714.011	13.662
715.236	13.656
716.553	13.643
717.936	13.625
719.356	13.603
720.781	13.580
722.181	13.558
723.507	13.541
724.746	13.530
725.865	13.527
726.864	13.533
727.755	13.547
728.548	13.568
729.253	13.596
729.879	13.630
730.438	13.670
730.962	13.712
731.427	13.759
731.861	13.809
732.267	13.862
732.650	13.916
733.015	13.973
733.359	14.031
733.701	14.090
734.030	14.151
734.345	14.213
734.648	14.276
734.939	14.341
735.221	14.407
735.505	14.474
735.784	14.541
736.064	14.609
736.350	14.677
736.649	14.745
736.980	14.811
737.373	14.874
737.881	14.928
738.609	14.968
739.735	14.978
741.540	14.940
744.446	14.820
748.888	14.586
754.832	14.238
761.574	13.826
767.882	13.442
772.772	13.161
776.210	12.986
778.589	12.891
780.302	12.846
781.726	12.823
782.979	12.814
784.207	12.808
785.394	12.805
786.533	12.804
787.695	12.802
788.809	12.802
789.898	12.804
790.894	12.811
791.817	12.822
792.686	12.836
793.474	12.855
794.181	12.879
794.822	12.907
795.389	12.940
795.920	12.975
796.404	13.014
796.828	13.056
797.238	13.100
797.618	13.146
797.958	13.194
798.305	13.243
798.637	13.293
798.950	13.345
799.260	13.397
799.584	13.448
799.914	13.500
800.246	13.552
800.604	13.603
800.998	13.652
801.433	13.699
801.922	13.743
802.485	13.782
803.144	13.816
803.928	13.841
804.851	13.858
805.924	13.864
807.187	13.858
808.642	13.839
810.276	13.808
812.055	13.766
813.902	13.718
815.744	13.670
817.552	13.622
819.248	13.582
820.785	13.552
822.185	13.530
823.398	13.520
824.451	13.522
825.413	13.530
826.276	13.544
827.052	13.565
827.788	13.588
828.506	13.614
829.223	13.640
829.953	13.665
830.713	13.689
831.513	13.711
832.388	13.728
833.359	13.739
834.389	13.747
835.530	13.747
836.776	13.741
838.074	13.731
839.482	13.713
840.906	13.694
842.329	13.674
843.763	13.653
845.121	13.637
846.409	13.624
847.622	13.616
848.730	13.615
849.749	13.619
850.692	13.628
851.568	13.642
852.378	13.661
853.160	13.681
853.910	13.704
854.641	13.728
855.387	13.752
856.163	13.774
856.976	13.794
857.848	13.811
858.810	13.823
859.901	13.828
861.168	13.822
862.633	13.804
864.338	13.772
866.293	13.726
868.542	13.661
870.996	13.583
873.540	13.499
876.164	13.409
878.663	13.326
881.018	13.250
883.047	13.193
884.760	13.154
886.211	13.130
887.381	13.123
888.380	13.127
889.178	13.142
889.871	13.164
890.456	13.193
890.970	13.227
891.457	13.262
891.903	13.300
892.367	13.338
892.837	13.376
893.328	13.413
893.887	13.447
894.502	13.478
895.216	13.504
896.053	13.523
897.007	13.536
898.175	13.537
899.486	13.529
901.007	13.509
902.664	13.481
904.420	13.446
906.271	13.405
908.048	13.367
909.800	13.330
911.415	13.299
912.854	13.278
914.068	13.269
915.091	13.271
915.976	13.282
916.715	13.301
917.347	13.326
917.892	13.357
918.381	13.392
918.825	13.429
919.260	13.468
919.697	13.507
920.124	13.547
920.604	13.584
921.125	13.619
921.688	13.653
922.324	13.682
923.039	13.707
923.860	13.727
924.799	13.740
925.939	13.742
927.230	13.736
928.793	13.716
930.675	13.678
932.967	13.620
935.651	13.540
938.865	13.433
942.525	13.303
946.540	13.155
950.589	13.005
954.652	12.853
958.273	12.724
961.481	12.616
964.111	12.537
966.281	12.481
967.981	12.449
969.376	12.432
970.442	12.432
971.345	12.440
972.079	12.456
972.714	12.478
973.269	12.504
973.761	12.533
974.220	12.564
974.661	12.597
975.099	12.629
975.553	12.662
976.023	12.694
976.535	12.725
977.092	12.753
977.715	12.779
978.387	12.802
979.140	12.822
979.989	12.838
980.940	12.849
982.027	12.853
983.214	12.853
984.533	12.846
985.928	12.835
987.408	12.820
988.951	12.801
990.571	12.779
992.151	12.758
993.761	12.735
995.241	12.718
996.713	12.701
998.031	12.691
999.267	12.684
1000.376	12.684
1001.391	12.688
1002.300	12.697
1003.135	12.709
1003.876	12.726
1004.547	12.747
1005.148	12.770
1005.698	12.797
1006.208	12.826
1006.690	12.856
1007.134	12.888
1007.569	12.921
1007.976	12.955
1008.394	12.989
1008.768	13.025
1009.164	13.061
1009.536	13.098
1009.943	13.133
1010.342	13.169
1010.780	13.204
1011.234	13.238
1011.734	13.270
1012.271	13.300
1012.897	13.327
1013.605	13.350
1014.458	13.366
1015.476	13.375
1016.710	13.374
1018.242	13.359
1020.100	13.329
1022.364	13.279
1025.039	13.210
1028.079	13.124
1031.430	13.022
1034.915	12.913
1038.295	12.808
1041.449	12.712
1044.227	12.633
1046.582	12.574
1048.545	12.532
1050.119	12.508
1051.410	12.497
1052.454	12.498
1053.282	12.509
1054.006	12.525
1054.575	12.547
1055.088	12.573
1055.499	12.604
1055.895	12.635
1056.214	12.670
1056.540	12.705
1056.805	12.743
1057.084	12.781
1057.317	12.821
1057.565	12.860
1057.778	12.902
1058.016	12.942
1058.231	12.984
1058.476	13.025
1058.714	13.066
1058.987	13.107
1059.276	13.146
1059.604	13.184
1059.972	13.221
1060.403	13.255
1060.920	13.286
1061.552	13.312
1062.317	13.332
1063.285	13.342
1064.423	13.346
1065.878	13.334
1067.499	13.315
1069.457	13.280
1071.585	13.236
1073.964	13.180
1076.456	13.118
1078.897	13.058
1081.307	12.997
1083.426	12.950
1085.345	12.911
1087.007	12.884
1088.399	12.869
1089.610	12.862
1090.597	12.866
1091.468	12.875
1092.211	12.891
1092.874	12.910
1093.474	12.933
1094.031	12.958
1094.568	12.984
1095.072	13.011
1095.594	13.038
1096.086	13.067
1096.608	13.094
1097.111	13.122
1097.641	13.149
1098.159	13.177
1098.690	13.204
1099.223	13.231
1099.771	13.258
1100.328	13.284
1100.899	13.310
1101.477	13.335
1102.073	13.360
1102.663	13.385
1103.281	13.408
1103.863	13.434
1104.479	13.458
1105.082	13.482
1105.712	13.506
1106.335	13.529
1106.979	13.552
1107.611	13.575
1108.268	13.597
1108.884	13.621
1109.544	13.643
1110.145	13.668
1110.804	13.690
1111.408	13.715
1112.054	13.738
1112.670	13.762
1113.303	13.786
1113.914	13.810
1114.541	13.834
1115.149	13.859
1115.792	13.883
1116.428	13.907
1117.101	13.929
1117.803	13.950
1118.537	13.970
1119.334	13.986
1120.193	14.000
1121.124	14.010
1122.138	14.017
1123.231	14.019
1124.406	14.017
1125.681	14.010
1126.983	14.001
1128.374	13.987
1129.696	13.977
1131.053	13.964
1132.323	13.955
1133.540	13.948
1134.670	13.946
1135.656	13.950
1136.562	13.958
1137.348	13.973
1138.044	13.992
1138.656	14.015
1139.187	14.043
1139.657	14.074
1140.090	14.107
1140.480	14.142
1140.839	14.180
1141.186	14.218
1141.521	14.257
1141.857	14.297
1142.198	14.336
1142.548	14.375
1142.917	14.414
1143.317	14.451
1143.748	14.487
1144.230	14.520
1144.752	14.552
1145.348	14.580
1145.996	14.606
1146.771	14.625
1147.728	14.636
1148.903	14.637
1150.490	14.618
1152.608	14.576
1155.580	14.494
1159.683	14.360
1165.120	14.166
1171.895	13.912
1179.469	13.621
1186.931	13.335
1193.478	13.091
1198.731	12.905
1202.708	12.776
1205.586	12.696
1207.771	12.647
1209.352	12.624
1210.617	12.615
1211.619	12.618
1212.431	12.628
1213.145	12.642
1213.723	12.663
1214.262	12.684
1214.723	12.709
1215.140	12.736
1215.523	12.765
1215.867	12.795
1216.203	12.826
1216.505	12.858
1216.813	12.890
1217.100	12.923
1217.396	12.956
1217.682	12.990
1217.988	13.023
1218.292	13.056
1218.623	13.089
1218.961	13.121
1219.332	13.152
1219.726	13.182
1220.163	13.211
1220.631	13.239
1221.152	13.265
1221.720	13.289
1222.363	13.310
1223.056	13.329
1223.821	13.345
1224.663	13.357
1225.563	13.368
1226.560	13.374
1227.604	13.378
1228.715	13.380
1229.868	13.379
1231.035	13.377
1232.233	13.374
1233.410	13.372
1234.578	13.369
1235.702	13.369
1236.767	13.370
1237.809	13.373
1238.727	13.380
1239.647	13.388
1240.441	13.400
1241.216	13.414
1241.903	13.431
1242.551	13.450
1243.159	13.471
1243.714	13.494
1244.262	13.518
1244.743	13.545
1245.252	13.570
1245.702	13.599
1246.164	13.626
1246.590	13.656
1247.025	13.685
1247.443	13.715
1247.867	13.745
1248.282	13.776
1248.713	13.806
1249.143	13.836
1249.592	13.865
1250.055	13.895
1250.549	13.923
1251.081	13.949
1251.663	13.974
1252.316	13.995
1253.056	14.013
1253.906	14.027
1254.889	14.035
1256.020	14.036
1257.371	14.028
1258.881	14.013
1260.636	13.987
1262.529	13.955
1264.639	13.913
1266.816	13.868
1269.075	13.819
1271.306	13.770
1273.443	13.725
1275.495	13.683
1277.317	13.651
1279.011	13.624
1280.512	13.606
1281.838	13.595
1283.044	13.590
1284.091	13.591
1285.127	13.594
1286.024	13.602
1286.916	13.610
1287.732	13.622
1288.519	13.636
1289.284	13.650
1289.997	13.666
1290.719	13.682
1291.391	13.701
1292.097	13.718
1292.773	13.736
1293.480	13.754
1294.220	13.770
1295.017	13.785
1295.946	13.795
1297.005	13.800
1298.337	13.794
1299.978	13.778
1302.034	13.745
1304.656	13.691
1307.793	13.616
1311.522	13.519
1315.772	13.400
1320.160	13.274
1324.465	13.151
1328.427	13.040
1331.728	12.953
1334.502	12.886
1336.590	12.845
1338.234	12.821
1339.477	12.813
1340.394	12.817
1341.117	12.829
1341.671	12.848
1342.134	12.871
1342.534	12.896
1342.893	12.923
1343.245	12.951
1343.581	12.980
1343.913	13.009
1344.263	13.037
1344.626	13.065
1344.999	13.093
1345.429	13.119
1345.849	13.146
1346.334	13.170
1346.826	13.194
1347.340	13.217
1347.925	13.238
1348.484	13.259
1349.139	13.277
1349.770	13.296
1350.466	13.313
1351.161	13.329
1351.875	13.345
1352.612	13.359
1353.336	13.375
1354.119	13.388
1354.842	13.403
1355.591	13.417
1356.282	13.433
1357.014	13.448
1357.701	13.464
1358.388	13.481
1359.038	13.498
1359.682	13.517
1360.305	13.536
1360.940	13.554
1361.560	13.574
1362.185	13.593
1362.837	13.612
1363.521	13.629
1364.276	13.645
1365.125	13.657
1366.131	13.663
1367.329	13.663
1368.827	13.653
1370.681	13.630
1372.976	13.591
1375.942	13.528
1379.418	13.447
1383.519	13.343
1388.117	13.222
1392.877	13.093
1397.589	12.966
1402.053	12.847
1405.875	12.751
1409.193	12.672
1411.927	12.613
1414.106	12.575
1415.898	12.549
1417.396	12.535
1418.601	12.530
1419.631	12.532
1420.554	12.538
1421.379	12.547
1422.117	12.559
1422.851	12.572
1423.531	12.586
1424.196	12.601
1424.906	12.615
1425.539	12.631
1426.230	12.646
1426.949	12.660
1427.661	12.674
1428.459	12.685
1429.268	12.697
1430.129	12.706
1431.073	12.713
1432.024	12.720
1433.056	12.724
1434.154	12.726
1435.329	12.726
1436.550	12.724
1437.803	12.720
1439.155	12.714
1440.462	12.709
1441.809	12.702
1443.218	12.694
1444.519	12.688
1445.841	12.682
1447.146	12.676
1448.338	12.674
1449.472	12.673
1450.568	12.673
1451.567	12.677
1452.475	12.683
1453.359	12.691
1454.145	12.701
1454.853	12.714
1455.551	12.727
1456.151	12.744
1456.693	12.763
1457.242	12.781
1457.717	12.802
1458.168	12.824
1458.623	12.845
1459.021	12.869
1459.422	12.893
1459.784	12.918
1460.134	12.943
1460.481	12.969
1460.808	12.996
1461.136	13.022
1461.446	13.050
1461.750	13.077
1462.037	13.105
1462.344	13.133
1462.638	13.161
1462.914	13.190
1463.200	13.219
1463.459	13.249
1463.742	13.278
1464.003	13.308
1464.270	13.338
1464.557	13.367
1464.799	13.398
1465.082	13.427
1465.337	13.458
1465.597	13.489
1465.879	13.519
1466.117	13.550
1466.418	13.580
1466.681	13.611
1466.964	13.641
1467.259	13.671
1467.523	13.703
1467.849	13.732
1468.144	13.762
1468.477	13.792
1468.818	13.821
1469.171	13.849
1469.551	13.877
1469.956	13.904
1470.394	13.930
1470.870	13.955
1471.409	13.977
1471.993	13.998
1472.690	14.015
1473.438	14.031
1474.352	14.040
1475.367	14.045
1476.559	14.044
1477.964	14.036
1479.574	14.019
1481.461	13.993
1483.504	13.960
1485.842	13.917
1488.261	13.870
1490.851	13.816
1493.412	13.763
1495.897	13.712
1498.302	13.664
1500.459	13.624
1502.486	13.589
1504.189	13.566
1505.724	13.549
1507.054	13.539
1508.196	13.537
1509.269	13.537
1510.189	13.543
1511.071	13.551
1511.914	13.560
1512.708	13.571
1513.521	13.582
1514.331	13.593
1515.121	13.604
1515.973	13.614
1516.851	13.623
1517.709	13.632
1518.657	13.638
1519.599	13.645
1520.473	13.653
1521.445	13.658
1522.306	13.667
1523.202	13.674
1524.098	13.682
1524.869	13.694
1525.733	13.702
1526.460	13.715
1527.174	13.729
1527.873	13.744
1528.525	13.760
1529.204	13.776
1529.904	13.791
1530.665	13.804
1531.482	13.816
1532.490	13.822
1533.675	13.823
1535.189	13.813
1537.098	13.790
1539.532	13.750
1542.603	13.689
1546.149	13.612
1550.358	13.512
1554.898	13.401
1559.524	13.286
1563.987	13.175
1567.953	13.079
1571.390	13.001
1574.084	12.946
1576.267	12.908
1577.965	12.886
1579.218	12.879
1580.216	12.880
1581.008	12.888
1581.594	12.903
1582.108	12.921
1582.557	12.941
1582.904	12.964
1583.251	12.988
1583.579	13.012
1583.854	13.039
1584.149	13.064
1584.437	13.090
1584.699	13.117
1584.980	13.144
1585.253	13.170
1585.511	13.198
1585.784	13.225
1586.064	13.252
1586.338	13.279
1586.634	13.306
1586.957	13.332
1587.280	13.358
1587.623	13.383
1588.019	13.407
1588.428	13.431
1588.861	13.454
1589.388	13.474
1589.961	13.493
1590.594	13.510
1591.368	13.522
1592.214	13.533
1593.188	13.539
1594.330	13.540
1595.585	13.537
1597.026	13.529
1598.647	13.514
1600.437	13.494
1602.382	13.469
1604.377	13.441
1606.511	13.409
1608.630	13.377
1610.695	13.347
1612.785	13.315
1614.641	13.291
1616.397	13.269
1618.049	13.251
1619.439	13.241
1620.749	13.233
1621.907	13.231
1622.871	13.235
1623.792	13.240
1624.606	13.249
1625.333	13.260
1626.039	13.273
1626.673	13.288
1627.298	13.303
1627.925	13.319
1628.506	13.336
1629.132	13.352
1629.760	13.367
1630.401	13.383
1631.128	13.396
1631.847	13.409
1632.634	13.420
1633.516	13.429
1634.394	13.437
1635.385	13.442
1636.423	13.445
1637.511	13.447
1638.709	13.446
1639.944	13.443
1641.288	13.436
1642.664	13.429
1644.052	13.421
1645.545	13.409
1646.969	13.400
1648.444	13.389
1649.924	13.378
1651.355	13.368
1652.814	13.357
1654.188	13.349
1655.546	13.342
1656.876	13.335
1658.137	13.330
1659.377	13.326
1660.560	13.324
1661.759	13.321
1662.928	13.320
1664.057	13.320
1665.230	13.318
1666.376	13.318
1667.503	13.317
1668.685	13.316
1669.839	13.315
1670.992	13.314
1672.181	13.312
1673.369	13.310
1674.546	13.309
1675.698	13.308
1676.860	13.306
1677.982	13.306
1678.997	13.309
1680.048	13.310
1681.025	13.314
1681.872	13.322
1682.776	13.328
1683.569	13.337
1684.233	13.351
1684.957	13.362
1685.564	13.377
1686.062	13.396
1686.603	13.413
1687.039	13.434
1687.439	13.455
1687.848	13.477
1688.179	13.501
1688.518	13.525
1688.840	13.550
1689.112	13.576
1689.420	13.602
1689.711	13.628
1689.996	13.654
1690.326	13.680
1690.663	13.705
1691.032	13.729
1691.454	13.752
1691.946	13.773
1692.524	13.791
1693.144	13.808
1693.932	13.820
1694.860	13.828
1695.866	13.833
1697.184	13.829
1698.668	13.819
1700.262	13.806
1702.265	13.779
1704.335	13.751
1706.490	13.719
1708.850	13.680
1711.196	13.642
1713.530	13.603
1715.696	13.569
1717.774	13.538
1719.683	13.512
1721.240	13.496
1722.724	13.483
1723.976	13.477
1724.993	13.479
1725.952	13.482
1726.743	13.491
1727.411	13.504
1728.050	13.518
1728.612	13.534
1729.116	13.553
1729.624	13.571
1730.104	13.590
1730.574	13.610
1731.080	13.629
1731.579	13.649
1732.108	13.667
1732.697	13.684
1733.286	13.701
1733.933	13.716
1734.656	13.729
1735.383	13.741
1736.161	13.752
1737.034	13.760
1737.914	13.768
1738.846	13.775
1739.874	13.778
1740.892	13.781
1741.931	13.784
1743.058	13.783
1744.142	13.784
1745.161	13.787
1746.261	13.787
1747.270	13.790
1748.218	13.795
1749.214	13.798
1750.084	13.805
1750.908	13.814
1751.744	13.822
1752.429	13.835
1753.090	13.848
1753.735	13.863
1754.278	13.880
1754.804	13.898
1755.314	13.917
1755.741	13.938
1756.168	13.960
1756.590	13.981
1756.946	14.005
1757.303	14.029
1757.663	14.053
1757.967	14.079
1758.290	14.105
1758.616	14.130
1758.901	14.157
1759.229	14.182
1759.552	14.208
1759.848	14.235
1760.202	14.260
1760.564	14.285
1760.907	14.311
1761.319	14.334
1761.761	14.357
1762.239	14.379
1762.838	14.397
1763.495	14.413
1764.271	14.426
1765.300	14.430
1766.501	14.430
1768.021	14.420
1769.994	14.395
1772.442	14.356
1775.468	14.299
1779.111	14.222
1783.387	14.126
1788.177	14.013
1793.182	13.893
1798.189	13.772
1802.991	13.658
1807.165	13.563
1810.771	13.485
1813.934	13.420
1816.412	13.377
1818.357	13.349
1820.068	13.330
1821.423	13.320
1822.461	13.321
1823.423	13.324
1824.243	13.331
1824.879	13.344
1825.484	13.358
1826.042	13.373
1826.492	13.392
1826.919	13.411
1827.340	13.430
1827.693	13.452
1828.027	13.474
1828.368	13.496
1828.674	13.519
1828.959	13.543
1829.245	13.567
1829.529	13.591
1829.803	13.616
1830.062	13.641
1830.330	13.666
1830.609	13.690
1830.859	13.716
1831.130	13.741
1831.425	13.765
1831.683	13.791
1831.974	13.815
1832.308	13.839
1832.592	13.864
1832.924	13.888
1833.318	13.910
1833.659	13.933
1834.064	13.955
1834.543	13.975
1835.002	13.996
1835.538	14.014
1836.170	14.029
1836.852	14.043
1837.642	14.054
1838.565	14.061
1839.644	14.064
1840.922	14.061
1842.422	14.052
1844.186	14.034
1846.293	14.007
1848.740	13.971
1851.552	13.923
1854.770	13.864
1858.398	13.793
1862.258	13.715
1866.329	13.631
1870.405	13.547
1874.442	13.464
1878.214	13.388
1881.575	13.324
1884.645	13.268
1887.376	13.222
1889.703	13.187
1891.734	13.161
1893.565	13.140
1895.147	13.127
1896.529	13.119
1897.826	13.113
1899.041	13.110
1900.155	13.110
1901.227	13.111
1902.304	13.113
1903.375	13.114
1904.407	13.117
1905.419	13.120
1906.493	13.121
1907.589	13.122
1908.587	13.125
1909.673	13.127
1910.803	13.126
1911.828	13.129
1912.822	13.132
1913.904	13.133
1914.932	13.136
1915.799	13.142
1916.775	13.146
1917.725	13.150
1918.524	13.158
1919.302	13.167
1920.105	13.175
1920.797	13.185
1921.422	13.198
1922.054	13.211
1922.656	13.224
1923.213	13.239
1923.703	13.255
1924.179	13.272
1924.668	13.288
1925.072	13.307
1925.453	13.326
1925.887	13.345
1926.281	13.364
1926.604	13.385
1926.973	13.405
1927.354	13.425
1927.660	13.447
1927.997	13.468
1928.376	13.488
1928.711	13.509
1929.032	13.531
1929.417	13.551
1929.791	13.572
1930.119	13.594
1930.515	13.614
1930.931	13.633
1931.316	13.654
1931.750	13.673
1932.200	13.691
1932.657	13.710
1933.141	13.728
1933.641	13.745
1934.175	13.762
1934.735	13.778
1935.282	13.794
1935.905	13.808
1936.555	13.822
1937.168	13.836
1937.847	13.849
1938.602	13.859
1939.280	13.872
1940.007	13.883
1940.837	13.891
1941.586	13.901
1942.351	13.911
1943.204	13.919
1944.004	13.928
1944.810	13.937
1945.632	13.945
1946.465	13.953
1947.287	13.961
1948.056	13.971
1948.892	13.979
1949.725	13.987
1950.461	13.998
1951.257	14.007
1952.086	14.015
1952.820	14.026
1953.605	14.035
1954.439	14.043
1955.206	14.053
1956.036	14.061
1956.909	14.069
1957.774	14.076
1958.742	14.081
1959.746	14.084
1960.783	14.087
1962.000	14.085
1963.208	14.083
1964.490	14.078
1965.979	14.068
1967.429	14.059
1969.003	14.046
1970.672	14.031
1972.300	14.016
1973.967	14.000
1975.606	13.985
1977.184	13.971
1978.726	13.958
1980.189	13.947
1981.446	13.942
1982.667	13.937
1983.777	13.936
1984.673	13.941
1985.545	13.947
1986.299	13.956
1986.898	13.970
1987.453	13.985
1987.939	14.002
1988.342	14.021
1988.679	14.043
1988.986	14.065
1989.258	14.089
1989.464	14.114
1989.659	14.140
1989.849	14.167
1989.981	14.195
1990.114	14.223
1990.251	14.251
1990.338	14.281
1990.436	14.311
1990.546	14.340
1990.610	14.371
1990.685	14.402
1990.779	14.432
1990.832	14.463
1990.892	14.495
1990.975	14.526
1991.021	14.558
1991.073	14.590
1991.149	14.621
1991.189	14.654
1991.240	14.686
1991.309	14.719
1991.342	14.752
1991.397	14.785
1991.462	14.817
1991.491	14.851
1991.549	14.884
1991.609	14.917
1991.634	14.951
1991.688	14.985
1991.736	15.019
1991.767	15.053
1991.818	15.087
1991.858	15.122
1991.896	15.156
1991.945	15.191
1991.978	15.226
1992.021	15.261
1992.066	15.296
1992.092	15.332
1992.137	15.367
1992.173	15.403
1992.210	15.439
1992.252	15.474
1992.282	15.511
1992.325	15.547
1992.360	15.583
1992.387	15.620
1992.424	15.657
1992.451	15.694
1992.495	15.731
1992.529	15.768
1992.555	15.806
1992.596	15.843
1992.614	15.882
1992.654	15.919
1992.686	15.957
1992.708	15.996
1992.753	16.034
1992.768	16.073
1992.804	16.112
1992.832	16.151
1992.852	16.190
1992.898	16.229
1992.908	16.269
1992.947	16.308
1992.970	16.348
1992.990	16.389
1993.028	16.428
1993.036	16.469
1993.081	16.509
1993.095	16.550
1993.122	16.591
1993.147	16.632
1993.156	16.674
1993.205	16.715
1993.211	16.757
1993.248	16.799
1993.261	16.841
1993.285	16.883
1993.309	16.926
1993.315	16.969
1993.360	17.011
1993.366	17.054
1993.405	17.097
1993.413	17.141
1993.441	17.184
1993.454	17.228
1993.470	17.272
1993.497	17.316
1993.502	17.361
1993.540	17.405
1993.546	17.450
1993.580	17.495
1993.587	17.540
1993.618	17.585
1993.626	17.631
1993.651	17.677
1993.663	17.723
1993.682	17.769
1993.697	17.816
1993.708	17.863
1993.732	17.909
1993.736	17.957
1993.766	18.004
1993.771	18.051
1993.799	18.099
1993.805	18.147
1993.831	18.195
1993.838	18.243
1993.861	18.292
1993.869	18.341
1993.891	18.389
1993.900	18.439
1993.921	18.488
1993.929	18.538
1993.950	18.588
1993.958	18.638
1993.978	18.688
1993.986	18.739
1994.006	18.789
1994.014	18.841
1994.034	18.892
1994.040	18.943
1994.062	18.995
1994.064	19.047
1994.087	19.099
1994.089	19.152
1994.112	19.204
1994.116	19.257
1994.136	19.310
1994.143	19.364
1994.160	19.417
1994.169	19.471
1994.182	19.525
1994.196	19.579
1994.203	19.634
1994.222	19.689
1994.218	19.745
1994.243	19.799
1994.245	19.855
1994.265	19.911
1994.272	19.967
1994.284	20.023
1994.298	20.080
1994.294	20.137
1994.320	20.194
1994.319	20.252
1994.339	20.309
1994.347	20.367
1994.354	20.425
1994.371	20.483
1994.365	20.543
1994.390	20.601
1994.394	20.661
1994.404	20.720
1994.419	20.780
1994.413	20.841
1994.436	20.900
1994.442	20.961
1994.446	21.022
1994.465	21.083
1994.461	21.145
1994.480	21.206
1994.490	21.268
1994.481	21.331
1994.507	21.393
1994.511	21.456
1994.513	21.520
1994.532	21.583
1994.531	21.647
1994.541	21.711
1994.556	21.775
1994.552	21.840
1994.567	21.905
1994.579	21.970
1994.573	22.036
1994.589	22.101
1994.600	22.167
1994.595	22.234
1994.610	22.301
1994.621	22.367
1994.617	22.435
1994.629	22.503
1994.642	22.570
1994.640	22.639
1994.646	22.708
1994.661	22.776
1994.664	22.846
1994.662	22.916
1994.678	22.985
1994.686	23.055
1994.680	23.127
1994.692	23.197
1994.703	23.268
1994.704	23.340
1994.705	23.412
1994.718	23.483
1994.725	23.556
1994.723	23.629
1994.729	23.702
1994.740	23.775
1994.746	23.849
1994.743	23.924
1994.750	23.998
1994.760	24.073
