<j>	var(j)
1.208	0.269
2.671	0.486
3.665	1.022
5.499	1.267
6.653	1.224
7.691	1.053
8.589	0.992
9.548	1.618
11.214	2.486
12.629	1.790
13.577	1.437
14.371	1.149
15.091	1.166
15.980	1.648
17.252	1.982
18.498	1.925
19.575	1.413
20.352	1.649
21.503	3.065
23.263	2.790
24.336	1.302
24.873	0.933
25.366	1.079
26.102	1.860
27.452	3.067
29.107	3.111
30.445	3.212
31.783	4.226
33.386	5.445
35.107	5.217
36.466	3.609
37.343	2.527
38.001	2.370
38.694	2.954
39.639	4.472
41.074	7.229
43.111	9.924
45.302	9.350
46.964	6.781
48.073	5.255
48.945	4.984
49.805	5.536
50.795	6.614
51.982	7.610
53.297	7.743
54.561	7.197
55.694	7.101
56.812	7.844
58.043	8.630
59.352	8.307
60.550	6.827
61.505	5.299
62.256	4.469
62.921	4.309
63.602	4.551
64.356	4.927
65.196	5.152
66.085	5.020
66.952	4.578
67.751	4.092
68.486	3.852
69.211	4.149
70.040	5.443
71.177	8.506
72.917	14.080
75.449	20.344
78.373	21.306
80.817	15.992
82.422	10.347
83.420	6.986
84.108	5.270
84.647	4.363
85.119	3.862
85.561	3.620
86.001	3.609
86.466	3.843
86.993	4.362
87.624	5.239
88.415	6.532
89.416	8.140
90.651	9.525
92.030	9.710
93.343	8.302
94.414	6.215
95.203	4.581
95.805	3.755
96.333	3.641
96.882	4.110
97.544	5.155
98.407	6.829
99.559	8.857
100.989	10.416
102.555	10.982
104.095	11.189
105.601	12.140
107.186	14.284
108.968	17.187
110.968	19.154
112.977	18.420
114.748	15.633
116.163	13.019
117.323	11.547
118.353	11.161
119.359	11.497
120.402	12.364
121.524	13.519
122.742	14.671
124.036	15.409
125.365	15.477
126.664	14.849
127.883	13.800
128.998	12.689
130.018	11.827
130.973	11.438
131.904	11.722
132.872	12.850
133.937	14.870
135.177	17.461
136.599	19.571
138.144	19.886
139.639	17.800
140.926	14.232
141.929	10.762
142.688	8.195
143.280	6.709
143.781	6.013
144.251	5.908
144.729	6.262
145.262	7.100
145.884	8.527
146.657	10.670
147.638	13.480
148.864	16.362
150.317	18.407
151.874	18.777
153.395	17.778
154.784	16.438
156.040	15.510
157.224	15.292
158.379	15.701
159.567	16.755
160.831	18.445
162.191	20.420
163.678	22.437
165.259	24.070
166.895	25.222
168.565	25.960
170.210	26.151
171.818	25.613
173.353	24.137
174.747	21.994
176.006	19.597
177.113	17.447
178.089	15.856
178.992	14.842
179.836	14.407
180.668	14.342
181.512	14.474
182.362	14.554
183.217	14.294
184.078	13.545
184.877	12.303
185.613	10.708
186.258	9.096
186.814	7.751
187.298	6.974
187.752	6.980
188.222	8.040
188.792	10.564
189.575	14.996
190.686	21.236
192.240	28.004
194.202	31.852
196.255	29.888
198.036	23.659
199.391	17.016
200.344	12.374
201.048	9.893
201.634	9.030
202.185	9.334
202.774	10.589
203.469	12.868
204.324	16.182
205.402	20.299
206.755	24.412
208.330	26.967
209.988	26.579
211.545	23.366
212.881	18.752
213.920	14.520
214.723	11.550
215.381	10.134
215.975	10.362
216.608	12.382
217.394	16.559
218.471	23.192
219.955	31.736
221.913	39.908
224.248	43.897
226.618	41.674
228.714	35.375
230.410	28.341
231.737	22.462
232.783	18.086
233.631	14.913
234.334	12.546
234.938	10.823
235.465	9.660
235.946	8.936
236.402	8.496
236.850	8.334
237.294	8.378
237.752	8.562
238.237	8.855
238.748	9.200
239.279	9.600
239.851	10.080
240.463	10.782
241.129	11.925
241.874	13.998
242.770	17.695
243.922	23.719
245.460	32.148
247.476	41.153
249.892	46.339
252.404	44.169
254.621	36.318
256.347	27.655
257.625	21.061
258.598	16.966
259.394	14.789
260.106	13.792
260.781	13.447
261.446	13.449
262.127	13.802
262.829	14.560
263.581	15.973
264.423	18.421
265.408	22.674
266.627	29.464
268.206	38.878
270.224	48.975
272.654	55.716
275.225	54.792
277.585	46.531
279.468	35.446
280.863	25.829
281.869	19.125
282.618	14.921
283.218	12.433
283.721	10.947
284.177	10.019
284.604	9.395
285.018	9.006
285.418	8.883
285.819	9.140
286.246	10.089
286.735	12.261
287.346	16.721
288.199	25.206
289.505	40.942
291.625	67.918
294.961	105.355
299.600	138.271
304.877	144.460
309.647	122.733
313.325	91.885
315.917	65.654
317.701	47.294
318.962	35.278
319.896	27.613
320.647	22.837
321.282	20.100
321.842	18.657
322.360	17.959
322.866	17.758
323.385	17.873
323.920	18.188
324.466	18.534
325.014	18.761
325.582	18.905
326.172	18.897
326.760	18.780
327.350	18.434
327.934	17.946
328.502	17.326
329.070	16.681
329.615	16.018
330.139	15.356
330.655	14.768
331.157	14.236
331.646	13.776
332.122	13.313
332.595	12.898
333.054	12.455
333.507	11.980
333.942	11.452
334.371	10.833
334.780	10.173
335.165	9.493
335.536	8.796
335.881	8.121
336.208	7.507
336.514	6.992
336.808	6.591
337.088	6.386
337.364	6.407
337.652	6.746
337.964	7.618
338.331	9.462
338.807	13.354
339.491	21.645
340.637	39.757
342.768	77.343
346.738	139.604
352.958	194.134
359.981	183.342
365.449	125.800
368.804	78.042
370.811	52.910
372.187	41.829
373.296	37.026
374.274	34.449
375.178	32.380
376.032	30.367
376.825	28.151
377.593	25.668
378.295	23.267
378.925	21.087
379.494	19.187
380.010	17.603
380.502	16.468
380.980	15.872
381.434	15.769
381.893	16.213
382.369	17.186
382.884	18.850
383.457	21.252
384.123	24.591
384.896	28.873
385.803	34.118
386.867	40.155
388.123	46.730
389.565	53.190
391.216	58.888
392.990	62.740
394.834	64.256
396.676	63.674
398.447	61.461
400.133	58.302
401.728	54.667
403.203	51.149
404.564	47.893
405.832	44.846
406.996	41.970
408.088	39.296
409.115	36.700
410.086	34.155
410.989	31.891
411.830	29.986
412.614	28.395
413.357	27.163
414.079	26.169
414.792	25.473
415.496	25.069
416.188	24.892
416.863	24.878
417.549	25.096
418.234	25.631
418.961	26.596
419.731	28.263
420.538	30.902
421.425	34.905
422.431	40.410
423.600	47.383
424.976	55.916
426.582	64.564
428.406	71.561
430.385	75.348
432.393	74.637
434.332	69.917
436.105	62.819
437.666	55.160
439.025	48.128
440.208	42.874
441.267	39.579
442.246	37.851
443.186	37.246
444.113	37.340
445.039	37.805
445.987	38.409
446.960	39.364
447.946	41.035
448.980	43.890
450.093	48.709
451.317	56.571
452.742	68.310
454.462	83.879
456.537	102.833
459.027	122.297
461.919	136.909
465.020	140.840
468.043	132.184
470.753	114.384
473.030	93.170
474.841	73.729
476.253	58.352
477.367	47.427
478.277	40.196
479.055	35.660
479.757	32.982
480.401	31.591
481.024	31.001
481.643	30.891
482.268	31.044
482.903	31.305
483.548	31.564
484.202	31.761
484.855	31.841
485.505	31.830
486.161	31.659
486.829	31.331
487.495	30.859
488.162	30.328
488.823	29.806
489.472	29.468
490.100	29.441
490.732	29.828
491.383	30.755
492.064	32.376
492.795	34.872
493.592	38.358
494.468	42.936
495.450	48.577
496.530	55.005
497.759	62.246
499.154	69.882
500.718	77.252
502.449	83.642
504.293	88.193
506.176	90.504
508.072	90.461
509.928	88.188
511.721	83.975
513.405	78.299
514.955	71.485
516.366	64.071
517.621	56.565
518.729	49.220
519.679	42.396
520.486	36.403
521.187	31.150
521.792	26.654
522.315	22.889
522.770	19.782
523.166	17.315
523.514	15.416
523.828	13.967
524.113	12.890
524.381	12.118
524.636	11.623
524.887	11.375
525.139	11.359
525.396	11.584
525.666	12.083
525.946	12.875
526.237	14.028
526.562	15.618
526.933	17.767
527.364	20.635
527.874	24.410
528.489	29.289
529.234	35.479
530.117	42.870
531.182	51.121
532.463	59.989
533.964	68.712
535.651	76.328
537.488	82.122
539.430	85.856
541.425	88.405
543.436	91.389
545.475	96.930
547.609	106.435
549.924	120.390
552.501	137.699
555.383	154.672
558.505	166.298
561.731	168.836
564.919	161.713
567.847	148.202
570.423	133.395
572.690	120.518
574.713	111.366
576.571	106.456
578.332	104.803
580.054	104.911
581.774	105.226
583.474	104.353
585.141	101.556
586.754	96.488
588.252	89.259
589.632	80.647
590.891	71.357
591.985	62.249
592.940	53.869
593.773	46.518
594.488	40.431
595.110	35.678
595.665	32.146
596.172	29.585
596.640	28.148
597.089	27.787
597.541	28.410
598.009	30.154
598.504	33.227
599.055	37.815
599.696	44.220
600.449	52.893
601.362	64.234
602.452	78.216
603.776	94.638
605.384	112.482
607.269	129.966
609.430	144.801
611.785	153.673
614.221	154.393
616.611	147.277
618.859	133.653
620.846	116.802
622.552	99.152
623.974	82.789
625.179	68.940
626.177	57.948
627.003	49.383
627.730	42.960
628.353	38.336
628.913	35.033
629.438	32.691
629.923	31.170
630.389	30.243
630.857	29.835
631.309	29.871
631.765	30.415
632.248	31.467
632.741	32.783
633.253	34.609
633.813	37.089
634.408	39.921
635.049	43.268
635.746	47.019
636.512	50.934
637.361	55.206
638.260	59.282
639.219	62.844
640.259	65.744
641.325	67.554
642.422	68.098
643.539	67.262
644.629	65.020
645.665	61.640
646.664	57.443
647.590	52.792
648.431	48.170
649.206	43.787
649.918	39.750
650.556	36.550
651.150	34.238
651.712	32.593
652.253	31.786
652.780	31.800
653.316	32.555
653.876	34.031
654.457	36.018
655.074	38.407
655.744	41.105
656.455	43.852
657.217	46.446
658.040	48.681
658.902	50.328
659.785	51.283
660.666	51.355
661.571	50.643
662.460	49.328
663.319	47.680
664.147	45.931
664.951	44.478
665.740	43.564
666.513	43.640
667.287	45.105
668.097	48.473
668.975	53.878
669.949	61.605
671.064	72.071
672.370	85.305
673.935	100.907
675.757	117.405
677.829	132.613
680.165	144.288
682.624	149.484
685.078	147.586
687.501	139.789
689.715	128.069
691.703	115.309
693.483	103.688
695.061	94.642
696.507	88.971
697.866	86.146
699.180	85.455
700.483	86.085
701.768	86.928
703.093	87.402
704.409	86.396
705.698	83.728
706.947	79.200
708.122	72.986
709.196	65.729
710.152	57.880
710.997	49.885
711.740	42.221
712.363	35.322
712.874	29.391
713.310	24.291
713.673	20.021
713.971	16.551
714.220	13.750
714.433	11.491
714.613	9.749
714.760	8.378
714.894	7.280
715.013	6.437
715.117	5.821
715.208	5.376
715.298	5.082
715.385	4.954
715.472	5.056
715.561	5.455
715.655	6.282
715.768	7.699
715.910	10.092
716.106	14.172
716.381	20.800
716.792	31.584
717.419	48.652
718.375	74.377
719.863	112.308
722.049	161.698
725.115	216.995
729.110	263.393
733.652	280.701
738.200	260.475
742.212	213.012
745.335	159.538
747.606	114.313
749.206	82.181
750.352	62.332
751.240	51.076
751.963	45.171
752.614	42.868
753.246	42.383
753.877	42.980
754.505	44.158
755.165	45.424
755.857	46.987
756.559	48.529
757.288	49.997
758.049	51.234
758.825	52.443
759.632	53.590
760.433	54.263
761.260	54.924
762.117	55.267
762.956	55.232
763.786	54.890
764.637	54.123
765.476	53.158
766.288	51.769
767.069	49.998
767.849	48.084
768.591	45.959
769.297	43.693
769.984	41.404
770.619	39.173
771.223	37.019
771.814	34.898
772.363	32.912
772.881	31.200
773.381	29.698
773.860	28.413
774.313	27.457
774.750	26.783
775.194	26.289
775.636	26.240
776.076	26.618
776.513	27.479
776.978	28.722
777.469	30.401
777.991	32.602
778.568	35.473
779.191	38.669
779.855	42.051
780.599	45.727
781.401	49.307
782.274	52.528
783.208	55.047
784.181	56.529
785.158	56.879
786.129	55.964
787.106	53.733
788.042	50.526
788.915	46.710
789.717	42.528
790.457	38.293
791.124	34.236
791.720	30.676
792.253	27.838
792.743	25.654
793.194	23.948
793.620	22.884
794.031	22.494
794.444	22.814
794.869	23.889
795.320	25.828
795.811	28.854
796.365	33.375
797.002	39.879
797.783	49.395
798.762	62.869
800.009	81.581
801.634	106.947
803.743	139.224
806.419	176.467
809.739	214.511
813.584	243.761
817.781	258.974
822.010	256.224
826.003	238.725
829.591	212.716
832.653	184.600
835.338	158.011
837.562	134.057
839.421	113.605
840.984	95.805
842.272	80.719
843.392	67.821
844.315	57.342
845.101	49.055
845.774	42.081
846.354	36.657
846.870	32.404
847.310	28.967
847.727	26.373
848.107	24.238
848.437	22.484
848.773	21.152
849.086	20.009
849.364	19.039
849.654	18.208
849.934	17.504
850.187	16.884
850.445	16.326
850.696	15.881
850.937	15.484
851.187	15.129
851.421	14.928
851.653	14.810
851.891	14.824
852.132	14.955
852.375	15.296
852.626	15.929
852.890	16.740
853.167	17.904
853.479	19.646
853.820	21.991
854.194	25.134
854.632	29.383
855.154	35.137
855.788	43.212
856.570	54.289
857.551	69.420
858.808	90.204
860.430	118.076
862.555	153.800
865.286	195.917
868.655	239.585
872.602	275.562
876.972	294.387
881.393	289.371
885.599	263.015
889.221	224.260
892.220	182.660
894.611	144.851
896.461	114.396
897.916	90.020
899.080	71.806
900.013	58.020
900.762	48.021
901.376	40.686
901.901	34.785
902.359	30.535
902.753	27.293
903.130	24.802
903.467	22.993
903.770	21.572
904.069	20.483
904.349	19.688
904.625	19.151
904.893	18.783
905.165	18.647
905.426	18.572
905.690	18.693
905.972	19.013
906.242	19.410
906.525	20.093
906.838	21.010
907.150	22.251
907.478	24.009
907.854	26.307
908.261	29.456
908.716	33.708
909.246	39.303
909.879	46.996
910.617	56.850
911.536	70.000
912.664	86.223
914.068	105.654
915.746	127.054
917.710	147.963
919.992	165.761
922.479	176.086
925.156	177.680
927.677	168.549
930.045	151.400
932.128	129.681
933.870	106.757
935.320	85.644
936.435	68.279
937.356	54.135
938.079	43.388
938.652	35.618
939.137	29.743
939.540	25.796
939.902	23.186
940.213	21.298
940.516	20.391
940.816	19.923
941.092	19.849
941.388	20.330
941.686	20.960
941.991	21.933
942.325	23.267
942.675	24.755
943.050	26.627
943.451	28.777
943.901	31.198
944.392	33.860
944.902	36.826
945.485	40.156
946.119	43.663
946.793	47.414
947.556	51.708
948.376	56.036
949.249	60.781
950.223	65.961
951.264	71.800
952.401	78.940
953.640	87.507
955.038	99.868
956.621	117.390
958.487	144.204
960.767	186.159
963.669	249.644
967.544	339.478
972.603	451.707
979.065	563.998
986.502	630.624
994.294	622.753
1001.426	543.504
1007.213	434.023
1011.707	328.890
1014.969	246.928
1017.405	187.889
1019.242	147.960
1020.668	120.446
1021.863	101.470
1022.833	87.033
1023.718	76.200
1024.448	67.246
1025.134	59.926
1025.720	53.572
1026.263	48.227
1026.739	43.646
1027.175	39.738
1027.582	36.401
1027.943	33.525
1028.297	31.121
1028.612	29.126
1028.920	27.502
1029.204	26.305
1029.482	25.378
1029.749	24.870
1030.014	24.535
1030.280	24.669
1030.544	24.941
1030.823	25.768
1031.102	26.761
1031.405	28.363
1031.713	30.248
1032.054	32.832
1032.422	35.825
1032.827	39.530
1033.287	43.885
1033.788	48.965
1034.373	54.820
1034.999	61.324
1035.730	68.501
1036.495	76.115
1037.396	84.122
1038.361	92.261
1039.449	99.956
1040.610	106.961
1041.870	112.569
1043.176	116.601
1044.510	118.374
1045.834	118.328
1047.188	115.849
1048.485	111.888
1049.764	105.916
1050.950	99.462
1052.063	92.138
1053.089	84.730
1054.037	77.365
1054.887	70.446
1055.675	64.038
1056.379	58.314
1057.039	53.175
1057.632	48.459
1058.192	44.486
1058.689	40.719
1059.174	37.556
1059.577	34.656
1059.986	32.105
1060.339	29.847
1060.693	27.809
1061.013	26.003
1061.320	24.429
1061.612	22.990
1061.880	21.888
1062.145	20.796
1062.398	19.900
1062.636	19.170
1062.881	18.604
1063.102	18.315
1063.337	18.207
1063.563	18.306
1063.788	18.759
1064.026	19.299
1064.274	20.259
1064.542	21.424
1064.828	23.122
1065.128	25.207
1065.469	27.845
1065.832	30.959
1066.247	34.606
1066.716	38.946
1067.251	44.216
1067.862	49.968
1068.559	56.647
1069.328	63.676
1070.213	71.287
1071.210	79.544
1072.263	87.485
1073.476	95.828
1074.771	104.170
1076.199	112.404
1077.719	120.965
1079.368	129.748
1081.091	139.728
1082.946	151.064
1084.947	162.726
1087.069	176.237
1089.324	187.534
1091.727	198.011
1094.219	203.431
1096.736	203.830
1099.202	197.502
1101.565	185.422
1103.740	169.133
1105.722	149.623
1107.436	130.503
1108.915	111.637
1110.192	95.098
1111.251	81.035
1112.172	69.691
1112.959	60.529
1113.651	53.753
1114.266	48.610
1114.833	44.904
1115.355	42.465
1115.858	40.798
1116.347	39.971
1116.810	39.471
1117.275	39.507
1117.747	39.918
1118.221	40.511
1118.726	41.440
1119.220	42.352
1119.767	43.558
1120.270	44.673
1120.832	45.941
1121.386	46.901
1121.976	47.943
1122.582	48.845
1123.183	49.837
1123.809	50.774
1124.437	51.682
1125.099	52.549
1125.745	53.430
1126.415	54.240
1127.101	55.434
1127.818	56.462
1128.555	58.328
1129.288	60.555
1130.068	63.747
1130.881	68.139
1131.766	73.971
1132.719	81.991
1133.788	91.905
1134.979	104.932
1136.368	120.453
1137.937	139.453
1139.741	159.865
1141.814	181.277
1144.068	200.136
1146.610	214.421
1149.191	221.362
1151.888	218.456
1154.421	207.714
1156.828	189.209
1158.955	167.522
1160.858	144.006
1162.426	122.669
1163.815	102.559
1164.915	86.956
1165.892	73.555
1166.695	63.551
1167.406	55.744
1168.017	50.240
1168.581	46.246
1169.098	43.818
1169.601	42.430
1170.082	42.223
1170.584	42.932
1171.081	44.772
1171.627	47.647
1172.184	52.040
1172.811	57.660
1173.484	65.377
1174.273	74.949
1175.180	87.225
1176.232	101.638
1177.480	118.831
1178.908	137.465
1180.579	157.190
1182.452	175.201
1184.497	190.334
1186.705	199.291
1188.941	202.121
1191.237	196.906
1193.401	185.720
1195.455	169.328
1197.270	150.799
1198.903	131.405
1200.284	114.248
1201.504	98.081
1202.539	86.057
1203.432	75.241
1204.259	68.053
1204.953	61.858
1205.658	58.116
1206.241	54.861
1206.887	53.234
1207.425	51.685
1208.036	50.958
1208.559	50.233
1209.143	49.770
1209.663	49.359
1210.230	48.825
1210.761	48.373
1211.306	47.732
1211.849	47.198
1212.373	46.675
1212.927	46.313
1213.435	46.483
1214.002	47.107
1214.507	49.092
1215.090	52.630
1215.689	58.764
1216.387	69.063
1217.214	85.308
1218.238	111.196
1219.603	150.421
1221.428	208.740
1223.955	289.279
1227.474	394.184
1231.925	504.227
1237.588	600.006
1243.822	644.534
1250.260	619.891
1256.208	535.198
1261.036	423.267
1264.797	312.695
1267.456	224.513
1269.365	158.725
1270.697	113.952
1271.650	84.537
1272.379	65.442
1272.950	53.525
1273.406	45.896
1273.811	41.173
1274.169	38.417
1274.505	36.624
1274.852	35.883
1275.166	35.394
1275.497	35.344
1275.804	35.402
1276.135	35.559
1276.485	35.813
1276.796	36.085
1277.147	36.290
1277.465	36.535
1277.825	36.585
1278.159	36.778
1278.520	36.800
1278.869	36.802
1279.225	36.856
1279.573	36.755
1279.930	36.872
1280.285	36.739
1280.642	37.065
1281.014	36.905
1281.367	37.326
1281.748	37.555
1282.104	38.202
1282.505	38.899
1282.872	39.895
1283.300	41.105
1283.694	42.744
1284.146	44.390
1284.591	46.701
1285.079	48.965
1285.573	51.899
1286.129	54.968
1286.681	58.275
1287.310	61.930
1287.920	65.380
1288.646	69.409
1289.335	72.795
1290.137	76.458
1290.908	79.377
1291.770	82.103
1292.613	84.070
1293.505	85.536
1294.397	86.344
1295.287	86.723
1296.214	86.539
1297.110	86.643
1298.024	86.521
1298.924	87.462
1299.845	89.023
1300.787	92.954
1301.765	98.694
1302.829	108.480
1303.976	121.917
1305.295	141.124
1306.803	166.719
1308.578	198.846
1310.716	239.410
1313.254	285.071
1316.203	333.065
1319.632	378.490
1323.394	414.029
1327.402	432.669
1331.548	433.363
1335.513	414.328
1339.271	380.824
1342.628	339.823
1345.551	297.129
1348.103	255.841
1350.246	220.060
1352.061	188.677
1353.664	162.427
1355.018	140.822
1356.188	123.188
1357.235	108.393
1358.111	96.487
1358.929	86.325
1359.630	77.891
1360.296	71.097
1360.913	64.850
1361.440	60.037
1361.974	55.756
1362.430	52.230
1362.880	49.390
1363.301	46.591
1363.691	44.557
1364.110	42.698
1364.466	41.345
1364.836	40.259
1365.182	39.318
1365.520	38.817
1365.875	38.322
1366.217	38.293
1366.565	38.479
1366.915	39.000
1367.271	39.902
1367.623	40.826
1368.011	42.551
1368.387	44.377
1368.806	46.816
1369.248	50.120
1369.706	53.571
1370.227	58.373
1370.763	63.270
1371.379	69.275
1372.021	76.379
1372.749	84.255
1373.553	93.517
1374.469	104.077
1375.469	115.657
1376.557	128.276
1377.800	142.227
1379.114	157.395
1380.656	173.833
1382.265	191.552
1384.105	210.804
1386.059	231.294
1388.213	252.646
1390.556	273.684
1393.062	295.232
1395.705	312.300
1398.537	327.777
1401.397	334.130
1404.242	333.482
1407.194	324.067
1409.808	306.455
1412.370	281.555
1414.705	252.061
1416.730	220.246
1418.493	188.787
1420.027	158.450
1421.272	132.006
1422.316	108.780
1423.187	89.041
1423.871	73.464
1424.471	59.924
1424.932	50.008
1425.336	41.663
1425.676	35.070
1425.956	30.480
1426.205	26.699
1426.424	24.227
1426.627	22.529
1426.802	21.184
1426.989	20.788
1427.166	20.643
1427.342	21.053
1427.536	22.014
1427.708	23.031
1427.918	24.862
1428.133	26.849
1428.363	29.357
1428.654	32.797
1428.923	36.280
1429.259	40.818
1429.629	46.064
1430.036	52.126
1430.529	59.188
1431.061	67.264
1431.694	76.422
1432.386	86.468
1433.212	98.122
1434.081	109.016
1435.110	121.313
1436.222	133.083
1437.395	143.384
1438.782	153.606
1440.127	160.679
1441.622	164.941
1443.095	166.500
1444.586	163.897
1446.038	158.795
1447.434	150.904
1448.719	140.512
1449.991	129.001
1451.134	116.729
1452.124	105.116
1453.067	93.738
1453.833	83.930
1454.592	74.708
1455.245	67.387
1455.821	61.572
1456.385	57.406
1456.872	55.049
1457.373	53.674
1457.858	54.493
1458.346	56.996
1458.868	60.955
1459.436	67.874
1460.061	75.651
1460.760	86.160
1461.582	99.283
1462.481	113.480
1463.569	130.845
1464.783	148.497
1466.151	166.527
1467.689	184.068
1469.389	199.396
1471.180	210.929
1473.129	217.486
1475.082	218.525
1476.980	213.742
1478.906	203.687
1480.610	191.490
1482.304	174.732
1483.798	159.183
1485.159	143.970
1486.385	129.712
1487.492	119.443
1488.511	110.462
1489.431	104.190
1490.354	101.145
1491.209	99.283
1492.074	99.899
1492.959	101.869
1493.839	104.586
1494.756	108.086
1495.698	111.424
1496.674	114.888
1497.660	117.383
1498.685	119.220
1499.697	119.948
1500.781	119.093
1501.839	117.361
1502.809	114.622
1503.829	110.503
1504.739	106.684
1505.668	101.230
1506.548	96.019
1507.376	91.243
1508.180	86.027
1508.913	82.504
1509.640	78.243
1510.306	75.395
1510.967	72.997
1511.582	71.023
1512.222	70.153
1512.831	69.167
1513.444	68.985
1514.069	69.036
1514.668	69.289
1515.318	69.959
1515.900	70.249
1516.535	70.701
1517.171	71.245
1517.807	71.587
1518.466	71.934
1519.107	72.066
1519.782	72.014
1520.403	72.126
1521.062	72.211
1521.708	72.346
1522.376	72.681
1523.040	73.511
1523.702	74.430
1524.398	76.210
1525.094	78.477
1525.834	81.098
1526.579	85.278
1527.358	89.474
1528.181	94.926
1529.090	101.412
1530.033	108.283
1531.042	115.701
1532.125	123.439
1533.264	130.913
1534.491	137.946
1535.779	144.418
1537.078	148.970
1538.474	152.847
1539.871	154.629
1541.275	154.945
1542.718	154.498
1544.075	153.654
1545.500	154.312
1546.863	158.001
1548.286	169.151
1549.863	191.835
1551.599	234.935
1553.782	306.627
1556.637	424.706
1560.570	597.536
1565.843	813.244
1572.977	1053.621
1581.769	1238.729
1591.375	1283.667
1600.659	1169.782
1608.730	944.381
1615.000	688.946
1619.282	475.566
1622.251	313.542
1624.214	202.707
1625.420	133.831
1626.229	89.835
1626.805	62.781
1627.196	46.679
1627.477	37.042
1627.718	30.873
1627.922	27.280
1628.086	25.138
1628.250	23.645
1628.420	22.844
1628.570	22.436
1628.705	22.043
1628.862	21.834
1629.021	21.890
1629.155	21.864
1629.301	21.796
1629.469	21.974
1629.609	22.124
1629.747	22.095
1629.922	22.300
1630.076	22.583
1630.206	22.565
1630.390	22.758
1630.558	23.099
1630.682	23.123
1630.877	23.312
1631.059	23.655
1631.182	23.722
1631.385	23.903
1631.574	24.211
1631.704	24.332
1631.913	24.505
1632.104	24.775
1632.244	24.971
1632.458	25.155
1632.651	25.427
1632.801	25.734
1633.027	25.960
1633.219	26.299
1633.389	26.730
1633.630	27.044
1633.823	27.531
1634.021	28.091
1634.277	28.599
1634.476	29.353
1634.699	30.153
1634.955	31.039
1635.171	32.273
1635.432	33.429
1635.701	34.915
1635.967	36.786
1636.277	38.420
1636.582	40.820
1636.913	43.542
1637.259	45.759
1637.633	49.196
1638.039	52.476
1638.444	55.850
1638.939	60.439
1639.429	64.315
1639.934	69.016
1640.573	74.480
1641.123	78.538
1641.786	83.785
1642.525	88.610
1643.190	92.963
1644.034	97.864
1644.829	101.728
1645.633	105.678
1646.579	108.966
1647.434	112.060
1648.379	115.459
1649.360	118.233
1650.331	122.278
1651.370	127.573
1652.425	134.923
1653.570	145.658
1654.760	159.942
1656.136	180.966
1657.658	209.648
1659.359	241.680
1661.469	285.188
1663.827	335.338
1666.520	384.455
1669.751	435.846
1673.248	477.310
1676.971	500.511
1680.849	501.482
1684.619	480.519
1688.192	440.299
1691.294	386.763
1694.076	328.752
1696.452	271.971
1698.256	221.994
1699.817	178.329
1701.096	143.534
1702.029	116.330
1702.831	94.656
1703.535	78.428
1704.044	66.141
1704.490	56.783
1704.940	49.492
1705.260	44.159
1705.555	39.935
1705.885	36.341
1706.124	33.825
1706.347	31.615
1706.611	29.591
1706.813	28.184
1707.003	26.834
1707.225	25.483
1707.406	24.555
1707.578	23.604
1707.771	22.634
1707.938	22.013
1708.097	21.301
1708.268	20.682
1708.421	20.371
1708.564	19.922
1708.730	19.591
1708.881	19.548
1709.020	19.347
1709.188	19.306
1709.345	19.603
1709.486	19.723
1709.658	20.073
1709.817	20.747
1709.968	21.333
1710.155	22.245
1710.326	23.488
1710.516	24.924
1710.738	26.838
1710.935	29.100
1711.195	31.951
1711.473	35.631
1711.734	39.726
1712.101	45.107
1712.475	51.691
1712.904	59.739
1713.470	70.468
1714.030	83.049
1714.750	99.028
1715.651	119.886
1716.632	144.591
1717.935	175.979
1719.471	214.711
1721.271	260.076
1723.566	314.016
1726.273	375.167
1729.370	436.776
1732.948	493.854
1737.029	543.708
1741.328	574.559
1745.709	578.264
1750.160	561.339
1754.286	525.785
1757.998	475.073
1761.414	419.266
1764.405	364.553
1766.873	316.273
1769.048	273.444
1770.954	239.880
1772.602	215.077
1774.047	194.919
1775.361	180.970
1776.665	172.702
1777.820	166.794
1778.881	162.444
1780.109	161.492
1781.246	161.920
1782.266	161.651
1783.426	161.875
1784.600	163.171
1785.649	163.718
1786.756	163.131
1787.947	162.949
1789.049	163.545
1790.129	163.223
1791.278	161.953
1792.407	162.481
1793.502	164.373
1794.609	164.496
1795.733	165.520
1796.902	170.296
1798.064	174.081
1799.229	176.707
1800.462	182.334
1801.751	188.106
1802.978	190.948
1804.241	194.430
1805.660	198.242
1806.986	198.678
1808.281	197.452
1809.671	195.008
1810.983	189.864
1812.197	182.543
1813.414	173.740
1814.624	163.147
1815.708	151.386
1816.679	139.555
1817.618	127.081
1818.486	114.274
1819.215	102.733
1819.888	91.755
1820.530	80.747
1821.048	71.664
1821.501	63.612
1821.958	55.361
1822.326	49.108
1822.628	44.114
1822.942	38.704
1823.209	34.828
1823.433	32.075
1823.655	29.215
1823.860	27.217
1824.044	26.229
1824.227	25.292
1824.406	24.880
1824.579	25.493
1824.764	26.340
1824.948	27.536
1825.151	29.972
1825.371	32.859
1825.602	36.159
1825.874	41.029
1826.180	46.757
1826.519	53.416
1826.927	62.238
1827.389	72.373
1827.930	84.462
1828.580	99.503
1829.312	116.249
1830.196	136.254
1831.260	159.872
1832.421	184.715
1833.825	213.036
1835.525	244.222
1837.232	272.466
1839.257	301.181
1841.616	327.029
1843.814	345.631
1846.314	358.490
1848.986	361.680
1851.431	358.454
1853.929	345.811
1856.347	324.821
1858.533	302.631
1860.616	276.050
1862.444	248.041
1864.109	222.289
1865.645	197.762
1866.905	175.976
1868.051	156.066
1869.148	139.149
1870.044	124.987
1870.841	112.021
1871.637	101.950
1872.320	94.002
1872.901	86.986
1873.513	82.417
1874.101	79.803
1874.598	78.309
1875.134	79.567
1875.727	83.753
1876.276	90.587
1876.887	101.666
1877.638	117.921
1878.474	141.695
1879.458	174.057
1880.689	213.706
1882.212	266.922
1884.177	337.143
1886.527	413.014
1889.277	493.828
1892.829	583.943
1896.891	659.821
1901.070	707.975
1905.613	725.503
1910.417	703.569
1914.724	649.299
1918.597	571.504
1921.968	482.269
1924.848	392.603
1927.167	311.066
1928.914	244.546
1930.275	190.580
1931.427	145.060
1932.249	112.790
1932.853	89.685
1933.386	70.592
1933.813	56.938
1934.130	47.779
1934.388	40.917
1934.650	35.204
1934.866	31.406
1935.039	28.894
1935.209	26.907
1935.383	25.276
1935.539	24.434
1935.676	24.097
1935.824	23.486
1935.979	23.291
1936.118	23.611
1936.260	23.761
1936.414	23.979
1936.573	24.741
1936.725	25.605
1936.869	26.061
1937.048	27.111
1937.233	28.542
1937.401	29.588
1937.593	30.857
1937.813	32.869
1938.020	34.629
1938.215	35.991
1938.475	38.322
1938.755	40.973
1938.979	42.858
1939.264	45.363
1939.615	48.670
1939.906	51.174
1940.215	53.707
1940.628	57.400
1941.018	60.608
1941.369	63.213
1941.839	66.907
1942.340	70.556
1942.737	73.129
1943.222	76.277
1943.838	79.857
1944.323	82.371
1944.851	84.962
1945.515	87.974
1946.089	90.291
1946.657	92.478
1947.351	94.801
1948.000	96.816
1948.625	99.140
1949.334	101.585
1950.041	103.603
1950.746	106.873
1951.507	110.779
1952.257	114.328
1953.049	119.351
1953.926	126.801
1954.774	133.935
1955.687	141.954
1956.746	154.003
1957.816	167.308
1958.952	179.641
1960.246	194.786
1961.624	212.513
1963.085	227.729
1964.653	241.931
1966.301	255.808
1968.140	267.963
1969.987	274.756
1971.789	276.905
1973.674	274.919
1975.609	267.812
1977.300	256.012
1978.912	240.610
1980.669	221.498
1982.100	201.854
1983.319	182.129
1984.566	160.528
1985.652	141.240
1986.484	124.421
1987.255	107.198
1988.055	92.099
1988.627	80.162
1989.100	68.803
1989.589	59.027
1989.996	51.262
1990.293	44.418
1990.571	38.595
1990.880	33.748
1991.078	29.811
1991.214	26.431
1991.473	23.377
1991.630	21.071
1991.708	19.038
1991.886	17.152
1992.026	15.730
1992.078	14.524
1992.196	13.320
1992.325	12.382
1992.366	11.641
1992.443	10.858
1992.566	10.200
1992.601	9.727
1992.650	9.176
1992.769	8.681
1992.801	8.364
1992.831	7.957
1992.946	7.560
1992.976	7.340
1992.993	7.027
1993.104	6.697
1993.131	6.532
1993.141	6.287
1993.247	6.004
1993.271	5.867
1993.279	5.665
1993.379	5.417
1993.399	5.297
1993.410	5.123
1993.502	4.898
1993.516	4.798
1993.533	4.638
1993.611	4.450
1993.617	4.371
1993.643	4.224
1993.707	4.066
1993.709	3.994
1993.749	3.843
1993.797	3.719
1993.793	3.652
1993.849	3.487
1993.880	3.404
1993.870	3.342
1993.942	3.167
1993.954	3.124
1993.955	3.043
1994.014	2.900
1994.018	2.854
1994.045	2.743
1994.083	2.654
1994.077	2.611
1994.126	2.479
1994.142	2.443
1994.136	2.387
1994.188	2.265
1994.192	2.227
1994.217	2.130
1994.245	2.074
1994.233	2.047
1994.278	1.936
1994.288	1.901
1994.297	1.834
1994.330	1.766
1994.323	1.742
1994.357	1.655
1994.370	1.620
1994.372	1.568
1994.404	1.506
1994.398	1.485
1994.426	1.413
1994.438	1.380
1994.441	1.336
1994.468	1.287
1994.460	1.268
1994.489	1.204
1994.495	1.178
1994.504	1.138
1994.525	1.100
1994.513	1.082
1994.545	1.025
1994.542	1.008
1994.560	0.966
1994.570	0.940
1994.571	0.915
1994.593	0.879
1994.579	0.872
1994.608	0.822
1994.605	0.806
1994.621	0.772
1994.628	0.753
1994.632	0.732
1994.647	0.706
1994.640	0.697
1994.662	0.662
1994.651	0.659
1994.674	0.621
1994.670	0.612
1994.684	0.585
1994.688	0.570
1994.694	0.552
1994.703	0.535
1994.703	0.524
1994.716	0.503
1994.712	0.497
1994.729	0.474
1994.719	0.474
1994.739	0.447
1994.727	0.450
1994.747	0.422
1994.739	0.423
1994.756	0.399
1994.750	0.398
1994.764	0.378
1994.760	0.376
1994.772	0.358
1994.769	0.355
1994.780	0.339
1994.777	0.336
1994.787	0.321
1994.785	0.319
1994.795	0.304
1994.792	0.302
1994.802	0.288
1994.799	0.288
1994.810	0.273
1994.805	0.274
1994.817	0.259
1994.810	0.261
1994.824	0.245
1994.815	0.250
1994.830	0.234
1994.823	0.237
1994.834	0.224
1994.830	0.225
1994.838	0.215
1994.838	0.213
1994.842	0.206
1994.845	0.201
1994.845	0.198
1994.852	0.190
1994.849	0.191
1994.859	0.180
1994.851	0.185
1994.862	0.174
1994.859	0.174
1994.864	0.168
1994.867	0.164
1994.867	0.162
1994.874	0.155
1994.868	0.159
1994.877	0.149
1994.875	0.150
1994.879	0.144
1994.882	0.141
1994.880	0.141
1994.888	0.133
1994.883	0.137
1994.889	0.129
1994.891	0.128
1994.890	0.126
1994.897	0.120
1994.892	0.123
1994.898	0.117
1994.900	0.115
1994.898	0.115
1994.905	0.109
1994.902	0.110
1994.905	0.106
1994.910	0.102
1994.905	0.106
1994.911	0.099
1994.913	0.098
1994.911	0.098
1994.916	0.093
1994.916	0.093
1994.917	0.092
1994.921	0.088
1994.919	0.089
1994.921	0.086
1994.925	0.082
1994.923	0.084
1994.925	0.081
1994.929	0.078
1994.927	0.080
1994.929	0.077
1994.932	0.073
1994.931	0.075
1994.932	0.073
1994.936	0.069
1994.935	0.070
1994.936	0.069
1994.939	0.066
1994.940	0.065
1994.938	0.066
1994.941	0.062
1994.944	0.060
1994.942	0.062
1994.944	0.059
1994.946	0.057
1994.947	0.057
1994.946	0.057
1994.948	0.054
1994.950	0.052
1994.950	0.053
1994.950	0.052
1994.952	0.050
1994.954	0.048
1994.953	0.049
1994.954	0.048
1994.956	0.046
