<j>	var(j)
1.208	0.269
2.671	0.486
3.665	1.022
5.499	1.265
6.652	1.216
7.685	1.020
8.562	0.864
9.419	1.119
10.731	1.459
11.814	0.927
12.623	1.225
13.842	1.639
15.090	1.721
16.291	1.303
17.056	1.017
17.867	1.735
19.337	2.272
20.569	1.167
21.190	1.011
21.949	2.015
23.618	4.102
25.652	3.023
26.699	1.803
27.396	1.794
28.196	2.143
29.190	2.422
30.276	2.928
31.593	4.703
33.512	6.963
35.585	5.648
36.877	3.678
37.721	3.385
38.562	3.754
39.532	4.057
40.571	3.702
41.486	2.921
42.223	2.528
42.919	2.686
43.722	3.109
44.678	3.614
45.787	4.404
47.110	5.419
48.597	5.350
49.871	3.779
50.713	2.666
51.365	3.018
52.219	4.914
53.643	7.570
55.516	7.833
57.093	6.266
58.288	6.232
59.502	7.157
60.847	7.339
62.130	6.353
63.189	5.263
64.072	4.771
64.901	4.858
65.774	5.615
66.814	7.794
68.273	12.425
70.441	17.709
73.005	17.165
75.028	11.410
76.242	6.978
76.987	4.908
77.536	4.030
78.015	3.745
78.490	3.981
79.032	4.943
79.750	6.996
80.807	10.310
82.331	13.733
84.194	14.436
85.931	11.618
87.216	8.180
88.102	6.061
88.780	5.221
89.396	5.223
90.046	5.753
90.788	6.563
91.660	7.380
92.641	7.980
93.692	8.405
94.791	8.982
95.962	9.972
97.241	10.984
98.604	11.205
99.930	10.255
101.094	8.751
102.077	7.708
102.957	7.668
103.856	8.731
104.912	10.871
106.215	13.811
107.819	16.988
109.673	19.177
111.596	19.026
113.361	16.244
114.766	12.168
115.791	8.404
116.493	5.844
116.997	4.476
117.405	4.147
117.810	4.836
118.320	6.929
119.093	11.075
120.352	17.452
122.248	23.352
124.526	23.382
126.525	17.556
127.907	12.107
128.854	9.983
129.666	10.675
130.571	13.237
131.708	16.960
133.148	20.905
134.849	23.767
136.686	24.655
138.473	23.740
140.119	21.850
141.579	19.724
142.872	17.674
144.012	15.824
145.025	14.164
145.941	12.708
146.762	11.366
147.509	10.150
148.181	9.093
148.798	8.298
149.375	7.875
149.938	7.886
150.521	8.470
151.164	9.669
151.923	11.678
152.852	14.658
154.026	18.702
155.508	23.439
157.279	27.084
159.233	27.553
161.076	23.866
162.584	17.897
163.680	12.297
164.424	8.401
164.945	6.222
165.346	5.369
165.709	5.556
166.112	6.793
166.623	9.238
167.351	13.357
168.418	19.170
169.918	25.402
171.818	29.028
173.832	27.440
175.588	22.026
176.944	16.417
177.933	12.698
178.709	10.915
179.405	10.522
180.085	10.926
180.809	11.725
181.610	12.597
182.460	13.131
183.352	13.158
184.249	12.655
185.103	11.854
185.913	11.292
186.694	11.531
187.509	13.381
188.488	18.056
189.834	26.777
191.786	39.155
194.464	50.127
197.539	50.801
200.292	40.692
202.314	28.397
203.669	19.656
204.606	14.875
205.328	12.558
205.952	11.437
206.536	10.973
207.106	10.854
207.685	10.885
208.278	11.013
208.881	11.193
209.506	11.476
210.165	11.992
210.854	13.096
211.626	15.168
212.543	18.854
213.685	24.638
215.170	32.203
217.067	39.784
219.281	44.046
221.569	43.082
223.678	38.255
225.463	32.950
226.966	29.610
228.311	28.292
229.582	27.997
230.836	27.748
232.070	26.728
233.246	24.555
234.309	21.468
235.238	18.004
236.015	14.753
236.656	12.072
237.185	10.175
237.643	9.110
238.068	8.866
238.490	9.381
238.953	10.770
239.504	13.203
240.188	16.745
241.072	21.329
242.197	26.640
243.585	31.743
245.202	35.391
246.932	36.765
248.676	36.508
250.359	36.015
251.982	36.615
253.602	38.812
255.297	42.477
257.124	46.841
259.071	51.344
261.147	55.727
263.317	59.361
265.532	61.442
267.748	61.137
269.878	57.942
271.820	52.163
273.522	45.192
274.957	38.796
276.187	33.996
277.264	31.151
278.247	30.107
279.205	30.713
280.184	32.732
281.243	35.970
282.404	40.112
283.680	44.725
285.096	49.288
286.645	53.061
288.305	55.043
289.971	54.537
291.580	51.467
293.064	46.370
294.413	40.088
295.568	33.680
296.519	27.832
297.298	22.857
297.952	18.813
298.506	15.745
298.963	13.443
299.363	11.690
299.715	10.414
300.040	9.475
300.337	8.772
300.619	8.241
300.891	7.854
301.153	7.551
301.412	7.328
301.669	7.138
301.922	6.994
302.180	6.881
302.436	6.781
302.689	6.710
302.955	6.656
303.219	6.649
303.487	6.714
303.765	6.870
304.059	7.162
304.374	7.663
304.717	8.482
305.101	9.750
305.556	11.620
306.116	14.283
306.817	17.885
307.690	22.255
308.777	27.003
310.088	31.377
311.585	34.326
313.162	35.151
314.738	34.072
316.222	32.069
317.602	30.155
318.890	28.838
320.125	28.267
321.325	28.128
322.506	28.336
323.697	28.698
324.897	29.140
326.117	29.703
327.348	30.247
328.589	30.614
329.831	30.555
331.060	29.835
332.258	28.253
333.377	25.899
334.388	23.072
335.288	19.974
336.062	16.981
336.729	14.248
337.293	11.941
337.768	10.077
338.178	8.703
338.537	7.728
338.864	7.131
339.176	6.871
339.485	6.972
339.810	7.484
340.163	8.556
340.575	10.446
341.103	13.662
341.815	18.872
342.795	26.661
344.196	37.158
346.066	47.989
348.386	55.097
350.866	54.138
353.135	45.568
354.943	34.166
356.259	24.224
357.176	17.313
357.843	13.052
358.359	10.804
358.801	10.054
359.229	10.668
359.703	12.966
360.294	17.706
361.127	26.323
362.379	40.843
364.318	63.214
367.197	91.669
371.066	117.045
375.465	127.515
379.753	120.336
383.488	103.785
386.532	86.309
388.947	71.493
390.896	59.742
392.493	50.654
393.833	43.667
394.972	38.246
396.005	33.680
396.911	29.643
397.707	26.074
398.401	22.933
399.005	20.227
399.550	17.861
400.048	16.076
400.503	14.962
400.924	14.465
401.335	14.528
401.761	15.359
402.218	16.916
402.734	19.314
403.340	22.705
404.048	26.753
404.898	31.501
405.874	36.254
406.994	40.486
408.236	43.434
409.592	44.424
410.946	43.149
412.212	40.121
413.384	35.992
414.437	31.659
415.351	28.170
416.177	25.880
416.952	24.865
417.699	25.359
418.461	27.130
419.293	30.109
420.219	34.251
421.279	39.335
422.504	44.862
423.900	50.301
425.424	54.578
427.047	56.929
428.706	56.902
430.316	54.319
431.830	49.999
433.237	44.659
434.474	39.126
435.547	34.153
436.474	30.114
437.288	26.997
438.027	24.826
438.718	23.640
439.395	23.381
440.067	23.997
440.762	25.290
441.491	27.322
442.292	30.114
443.169	33.349
444.156	37.166
445.267	41.293
446.495	45.233
447.816	48.587
449.219	51.025
450.664	52.056
452.121	51.441
453.544	49.441
454.914	46.263
456.193	42.191
457.332	37.721
458.347	33.354
459.233	29.388
460.008	25.916
460.706	22.971
461.336	20.870
461.927	19.558
462.470	19.042
463.008	19.308
463.558	20.564
464.156	22.949
464.841	26.703
465.645	32.198
466.629	39.872
467.842	49.364
469.330	60.570
471.133	72.206
473.207	82.025
475.509	87.956
477.887	88.335
480.198	83.241
482.314	74.787
484.165	65.307
485.760	56.407
487.122	48.802
488.288	42.755
489.307	38.120
490.226	34.695
491.068	32.044
491.844	30.343
492.585	29.476
493.320	29.200
494.053	29.457
494.797	29.930
495.537	30.413
496.303	30.727
497.097	30.801
497.891	30.656
498.675	30.318
499.449	29.869
500.215	29.546
500.975	29.554
501.731	30.024
502.515	31.024
503.338	32.864
504.217	35.810
505.177	39.885
506.245	45.156
507.441	51.307
508.794	58.568
510.344	66.647
512.086	74.963
514.000	82.881
516.102	89.879
518.313	95.013
520.596	97.085
522.866	95.338
525.048	89.800
527.044	81.233
528.802	71.175
530.315	61.061
531.609	51.976
532.705	44.580
533.648	39.009
534.480	35.152
535.241	32.830
535.960	31.674
536.659	31.478
537.344	32.001
538.043	32.996
538.772	34.259
539.538	35.569
540.338	36.757
541.175	37.632
542.035	38.071
542.910	38.015
543.763	37.569
544.596	36.807
545.422	35.927
546.239	35.140
547.044	34.742
547.841	35.020
548.650	36.161
549.499	38.303
550.401	41.540
551.367	45.766
552.432	50.880
553.620	56.459
554.936	61.794
556.374	65.983
557.890	68.146
559.438	67.640
560.960	64.379
562.372	59.019
563.639	52.476
564.767	45.490
565.746	38.842
566.578	33.095
567.289	28.327
567.903	24.479
568.439	21.442
568.918	19.041
569.351	17.131
569.731	15.622
570.076	14.433
570.402	13.485
570.714	12.737
571.017	12.200
571.313	11.912
571.603	11.967
571.896	12.436
572.204	13.443
572.544	15.089
572.936	17.688
573.406	21.773
573.997	27.905
574.768	36.848
575.786	49.107
577.110	64.518
578.840	82.162
581.010	99.031
583.536	110.993
586.234	114.475
588.929	109.389
591.407	99.224
593.591	88.857
595.526	81.538
597.295	78.870
599.012	80.816
600.763	85.849
602.602	92.008
604.525	97.301
606.534	100.282
608.561	99.441
610.521	94.666
612.365	86.970
614.036	77.808
615.521	68.602
616.819	60.367
617.967	53.949
618.983	49.267
619.911	46.208
620.785	44.400
621.629	43.570
622.469	43.396
623.313	43.801
624.162	44.515
625.020	45.424
625.900	46.431
626.807	47.496
627.736	48.354
628.676	49.109
629.635	49.791
630.601	50.261
631.570	50.465
632.557	50.353
633.547	49.951
634.529	49.206
635.491	48.106
636.424	46.700
637.329	45.001
638.204	43.203
639.050	41.247
639.854	39.282
640.623	37.496
641.362	36.115
642.073	35.243
642.771	35.099
643.471	35.911
644.195	38.018
644.976	41.684
645.835	47.484
646.808	55.664
647.951	66.560
649.333	80.385
650.986	95.808
652.933	111.126
655.154	123.431
657.561	129.432
660.009	127.102
662.350	116.810
664.445	100.993
666.219	82.868
667.646	65.780
668.765	51.147
669.634	39.333
670.302	30.326
670.823	23.714
671.235	19.013
671.573	15.752
671.854	13.524
672.096	12.052
672.318	11.174
672.526	10.707
672.728	10.609
672.929	10.825
673.139	11.383
673.364	12.336
673.612	13.777
673.893	15.902
674.225	19.004
674.624	23.422
675.121	29.680
675.763	38.636
676.603	50.951
677.704	67.056
679.143	86.892
681.013	109.258
683.299	130.046
685.931	144.306
688.742	147.701
691.557	139.066
694.104	121.863
696.272	101.952
698.053	84.160
699.510	71.441
700.747	65.396
701.891	66.876
703.080	77.031
704.478	98.309
706.265	133.639
708.668	185.446
711.943	252.906
716.266	325.973
721.524	381.005
727.311	394.511
732.849	360.383
737.660	295.759
741.416	225.870
744.214	166.533
746.222	122.928
747.706	93.260
748.824	73.779
749.711	61.558
750.454	53.534
751.113	48.655
751.709	45.934
752.283	44.932
752.848	45.152
753.409	46.247
753.999	47.977
754.609	50.249
755.260	53.020
755.941	56.050
756.658	59.138
757.414	61.972
758.240	64.681
759.073	66.785
759.946	68.211
760.839	69.003
761.717	69.040
762.614	68.170
763.516	66.679
764.384	64.580
765.230	62.134
766.046	59.572
766.810	57.046
767.546	54.878
768.284	52.906
768.989	51.595
769.670	51.268
770.352	51.598
771.034	52.800
771.750	55.090
772.497	58.347
773.296	62.791
774.145	67.927
775.078	74.000
776.078	80.406
777.187	87.200
778.374	93.274
779.658	98.430
780.998	102.035
782.347	103.344
783.740	102.420
785.075	98.931
786.411	93.614
787.628	86.609
788.777	78.389
789.812	69.931
790.697	62.019
791.505	54.288
792.207	47.401
792.854	41.387
793.389	36.636
793.865	32.759
794.307	29.510
794.694	27.120
795.074	25.559
795.416	24.443
795.752	24.010
796.097	23.880
796.421	24.235
796.765	25.113
797.126	26.185
797.509	27.869
797.916	29.961
798.346	32.235
798.830	35.155
799.348	38.486
799.920	42.112
800.562	46.472
801.254	51.342
802.041	56.696
802.897	62.455
803.839	68.883
804.892	75.746
806.038	83.150
807.294	91.118
808.679	99.206
810.156	107.268
811.764	115.509
813.459	122.863
815.244	129.237
817.135	133.684
819.064	135.953
820.996	135.533
822.871	131.860
824.686	125.450
826.395	116.768
827.980	106.472
829.408	95.288
830.698	84.030
831.813	73.416
832.767	63.555
833.612	54.720
834.347	47.120
834.974	40.746
835.523	35.504
835.996	31.111
836.419	27.402
836.793	24.605
837.130	22.269
837.441	20.370
837.724	18.896
837.991	17.677
838.244	16.751
838.479	16.078
838.721	15.489
838.947	15.168
839.162	15.070
839.395	15.122
839.628	15.544
839.854	16.436
840.113	18.042
840.400	20.816
840.728	25.728
841.144	34.248
841.712	48.636
842.526	73.351
843.771	115.256
845.710	182.599
848.727	281.816
853.275	408.334
859.493	527.354
866.947	583.555
874.430	544.414
880.919	436.095
885.813	315.896
889.215	219.089
891.532	154.239
893.148	114.552
894.350	90.708
895.322	76.381
896.134	66.994
896.875	60.385
897.519	55.222
898.122	50.923
898.664	47.123
899.181	43.689
899.662	40.433
900.112	37.593
900.536	34.908
900.928	32.744
901.288	30.915
901.638	29.545
901.965	28.683
902.303	28.263
902.622	28.687
902.970	29.608
903.321	31.714
903.696	34.520
904.108	38.813
904.576	44.632
905.116	52.324
905.769	62.544
906.534	74.872
907.490	90.901
908.561	107.721
909.922	127.955
911.461	147.988
913.291	167.777
915.321	184.119
917.501	194.456
919.763	197.582
922.041	192.342
924.205	180.860
926.245	163.395
928.045	144.567
929.614	124.923
930.989	106.859
932.138	91.196
933.130	78.277
933.970	68.013
934.714	60.092
935.368	53.994
935.968	49.483
936.515	46.032
937.035	43.462
937.516	41.510
937.977	40.056
938.421	38.924
938.865	37.988
939.296	37.264
939.735	36.540
940.161	36.006
940.584	35.411
940.990	34.947
941.392	34.478
941.802	34.102
942.201	33.816
942.613	33.638
943.011	33.600
943.427	33.703
943.828	33.888
944.249	34.201
944.664	34.806
945.104	35.760
945.543	37.030
946.017	38.959
946.494	41.192
947.023	44.281
947.584	47.885
948.209	52.526
948.892	58.351
949.636	65.370
950.497	73.866
951.445	83.473
952.523	94.136
953.754	105.941
955.130	117.400
956.655	128.704
958.281	137.850
960.038	144.272
961.861	147.221
963.672	145.566
965.454	140.066
967.158	131.117
968.732	120.192
970.168	108.315
971.452	96.321
972.573	85.829
973.601	76.003
974.492	68.622
975.309	61.924
976.043	57.523
976.723	54.158
977.381	52.267
978.013	51.519
978.640	51.536
979.290	52.500
979.918	53.596
980.584	55.365
981.269	57.280
981.976	59.600
982.749	62.358
983.492	65.245
984.334	68.786
985.165	72.695
986.095	77.230
987.077	82.394
988.110	88.529
989.226	95.494
990.450	103.532
991.728	112.080
993.164	121.196
994.647	128.751
996.260	135.810
997.897	139.476
999.635	140.813
1001.315	138.828
1002.987	133.257
1004.572	125.118
1006.039	115.005
1007.384	103.932
1008.609	92.712
1009.669	82.856
1010.638	74.055
1011.498	67.163
1012.278	62.423
1013.012	59.218
1013.718	58.363
1014.409	58.737
1015.123	61.059
1015.830	64.191
1016.617	69.111
1017.436	74.700
1018.362	81.333
1019.349	88.226
1020.437	95.135
1021.583	101.452
1022.805	106.563
1024.072	110.328
1025.425	112.335
1026.739	112.748
1028.107	111.340
1029.396	108.827
1030.697	105.221
1031.927	101.461
1033.116	98.200
1034.255	96.237
1035.375	96.259
1036.505	99.741
1037.675	106.902
1038.952	119.689
1040.373	138.974
1042.026	166.066
1043.997	201.408
1046.319	243.572
1049.159	291.685
1052.445	338.016
1056.207	375.799
1060.267	394.219
1064.371	390.200
1068.344	362.301
1071.880	320.552
1074.965	270.811
1077.500	222.833
1079.574	180.094
1081.225	144.793
1082.559	117.677
1083.649	96.433
1084.521	81.259
1085.281	69.323
1085.908	61.044
1086.489	54.454
1086.994	49.716
1087.461	45.993
1087.905	43.129
1088.304	40.868
1088.705	38.989
1089.068	37.591
1089.443	36.162
1089.790	35.285
1090.133	34.230
1090.480	33.634
1090.804	32.897
1091.142	32.495
1091.459	32.113
1091.786	31.809
1092.107	31.781
1092.427	31.646
1092.755	31.887
1093.079	31.963
1093.415	32.435
1093.748	32.734
1094.096	33.415
1094.445	33.948
1094.804	34.749
1095.176	35.520
1095.554	36.477
1095.946	37.318
1096.347	38.318
1096.769	39.199
1097.191	40.116
1097.639	40.895
1098.084	41.678
1098.550	42.246
1099.007	42.832
1099.484	43.198
1099.957	43.465
1100.448	43.542
1100.930	43.442
1101.433	43.235
1101.915	42.827
1102.425	42.367
1102.895	41.792
1103.385	41.287
1103.832	40.810
1104.316	40.408
1104.769	40.140
1105.251	40.051
1105.716	40.231
1106.200	40.761
1106.680	41.805
1107.184	43.095
1107.690	45.054
1108.234	47.369
1108.800	50.715
1109.419	54.654
1110.086	59.714
1110.826	65.660
1111.639	72.726
1112.541	80.976
1113.529	90.078
1114.630	100.053
1115.872	111.162
1117.217	122.936
1118.769	135.737
1120.375	148.766
1122.231	162.156
1124.134	175.427
1126.253	187.938
1128.450	199.513
1130.759	209.274
1133.165	217.104
1135.610	221.651
1138.093	223.465
1140.560	220.954
1142.965	215.315
1145.297	206.395
1147.477	195.005
1149.563	182.628
1151.427	169.940
1153.191	157.835
1154.790	146.597
1156.295	136.449
1157.693	127.986
1158.991	120.558
1160.231	114.471
1161.392	109.242
1162.495	105.113
1163.567	101.106
1164.588	97.943
1165.590	94.632
1166.552	91.909
1167.491	88.968
1168.405	86.252
1169.272	83.555
1170.134	80.843
1170.948	78.529
1171.772	76.025
1172.526	74.164
1173.311	72.113
1174.033	70.673
1174.783	69.321
1175.474	68.615
1176.216	68.359
1176.908	68.905
1177.644	69.973
1178.367	72.339
1179.128	75.302
1179.927	80.072
1180.763	85.689
1181.685	93.507
1182.664	102.882
1183.778	114.548
1184.988	128.934
1186.370	144.622
1187.908	163.349
1189.620	182.133
1191.530	202.065
1193.657	220.311
1195.906	235.333
1198.315	244.711
1200.749	248.221
1203.203	243.477
1205.604	233.355
1207.837	216.989
1209.917	197.541
1211.750	176.549
1213.397	155.084
1214.841	135.335
1216.088	117.007
1217.174	101.280
1218.104	87.748
1218.906	76.673
1219.631	67.379
1220.256	60.089
1220.820	54.051
1221.324	49.522
1221.794	45.730
1222.221	42.976
1222.628	40.919
1223.024	39.531
1223.407	38.585
1223.783	38.362
1224.159	38.444
1224.538	39.190
1224.928	40.216
1225.321	41.737
1225.750	43.697
1226.174	46.192
1226.663	48.874
1227.137	52.216
1227.679	55.618
1228.239	59.892
1228.874	64.164
1229.514	68.938
1230.246	73.825
1230.986	78.963
1231.830	84.171
1232.667	89.291
1233.624	94.484
1234.587	99.515
1235.638	104.475
1236.700	109.252
1237.840	114.463
1239.010	119.689
1240.245	125.789
1241.543	132.159
1242.882	140.084
1244.322	147.914
1245.841	158.154
1247.454	167.762
1249.165	178.973
1250.958	187.987
1252.836	196.710
1254.813	202.196
1256.769	204.626
1258.804	203.321
1260.730	197.283
1262.640	188.094
1264.413	175.218
1266.045	161.357
1267.580	145.833
1268.918	131.289
1270.154	117.311
1271.226	105.045
1272.197	94.511
1273.086	85.518
1273.869	78.891
1274.609	73.160
1275.294	69.758
1275.946	67.101
1276.594	66.172
1277.205	66.075
1277.848	66.789
1278.487	68.980
1279.146	71.243
1279.839	74.926
1280.563	78.887
1281.343	83.695
1282.148	89.011
1283.033	94.533
1283.924	100.507
1284.936	106.812
1285.976	113.443
1287.079	119.327
1288.254	125.823
1289.444	131.107
1290.752	136.939
1292.057	141.864
1293.439	146.431
1294.838	150.871
1296.277	155.080
1297.768	158.690
1299.270	162.517
1300.803	165.914
1302.369	169.616
1303.967	173.234
1305.596	176.380
1307.256	179.675
1308.906	181.178
1310.593	182.683
1312.250	182.208
1313.910	181.225
1315.580	179.071
1317.192	176.121
1318.787	172.109
1320.324	167.876
1321.827	163.351
1323.268	158.854
1324.687	155.441
1326.052	151.797
1327.408	148.903
1328.723	146.985
1329.995	144.612
1331.286	143.876
1332.538	142.186
1333.759	140.459
1335.039	138.857
1336.234	136.259
1337.429	133.054
1338.601	128.946
1339.699	123.878
1340.780	118.136
1341.796	111.507
1342.726	104.485
1343.679	96.777
1344.504	89.271
1345.271	81.528
1345.989	73.970
1346.592	67.020
1347.200	59.957
1347.722	53.767
1348.182	47.923
1348.613	42.661
1348.955	38.130
1349.311	33.696
1349.609	29.987
1349.875	26.700
1350.120	23.832
1350.314	21.479
1350.525	19.117
1350.691	17.439
1350.852	15.769
1350.997	14.528
1351.129	13.431
1351.258	12.578
1351.370	11.984
1351.486	11.406
1351.595	11.162
1351.700	11.003
1351.809	11.110
1351.918	11.444
1352.032	11.954
1352.151	12.898
1352.281	14.037
1352.424	15.810
1352.580	17.905
1352.766	20.873
1352.979	24.724
1353.242	29.841
1353.551	36.399
1353.950	45.506
1354.426	56.820
1355.046	72.036
1355.813	91.198
1356.787	115.193
1358.061	145.775
1359.607	180.920
1361.570	221.169
1363.891	262.251
1366.595	300.217
1369.693	330.134
1372.939	345.845
1376.343	345.537
1379.636	329.687
1382.694	302.574
1385.486	268.377
1387.900	234.390
1389.977	202.176
1391.796	175.940
1393.302	154.612
1394.707	138.672
1395.943	127.441
1397.042	119.440
1398.160	114.888
1399.126	112.406
1400.172	112.438
1401.163	114.676
1402.173	119.816
1403.301	127.865
1404.430	141.261
1405.729	159.217
1407.163	185.777
1408.873	222.006
1410.858	266.485
1413.307	323.957
1416.176	388.603
1419.619	455.528
1423.548	515.552
1427.860	556.330
1432.501	569.982
1436.950	550.578
1441.251	503.383
1445.080	439.298
1448.298	368.455
1450.994	300.984
1453.187	243.080
1454.916	195.577
1456.289	159.701
1457.469	132.423
1458.398	113.132
1459.194	99.773
1459.947	90.359
1460.580	84.868
1461.198	81.512
1461.817	79.849
1462.391	80.074
1462.990	80.899
1463.597	82.581
1464.207	85.708
1464.839	88.520
1465.500	92.172
1466.218	97.023
1466.928	101.141
1467.692	105.938
1468.541	111.672
1469.345	116.854
1470.224	122.361
1471.170	128.285
1472.115	134.112
1473.148	139.429
1474.200	144.675
1475.302	149.949
1476.467	153.786
1477.573	157.335
1478.792	160.688
1479.996	162.203
1481.159	162.885
1482.459	163.008
1483.665	161.799
1484.818	159.414
1486.084	156.533
1487.222	153.165
1488.306	149.218
1489.465	145.102
1490.537	141.233
1491.556	137.860
1492.613	134.306
1493.613	132.254
1494.579	131.205
1495.549	130.036
1496.536	131.600
1497.506	133.511
1498.466	135.362
1499.534	139.878
1500.579	144.647
1501.605	148.883
1502.770	154.473
1503.917	159.974
1505.065	163.913
1506.322	167.610
1507.573	170.321
1508.814	170.785
1510.104	169.900
1511.366	167.583
1512.578	163.468
1513.764	158.123
1514.932	152.182
1516.037	145.738
1517.080	139.487
1518.133	133.362
1519.112	128.597
1520.027	126.074
1520.970	124.508
1521.878	126.416
1522.799	131.239
1523.784	138.149
1524.804	149.669
1525.911	163.931
1527.129	181.618
1528.496	203.946
1529.995	227.113
1531.653	251.972
1533.576	278.573
1535.569	300.654
1537.693	318.459
1540.121	332.074
1542.446	336.450
1544.776	332.088
1547.141	319.896
1549.310	301.475
1551.355	277.281
1553.238	250.327
1554.948	222.388
1556.453	194.861
1557.710	170.560
1558.890	147.076
1559.885	127.289
1560.700	111.821
1561.460	97.438
1562.124	85.959
1562.689	77.390
1563.217	69.669
1563.687	63.858
1564.119	59.881
1564.537	56.450
1564.914	53.759
1565.289	52.309
1565.663	51.190
1566.003	50.294
1566.368	50.401
1566.732	50.541
1567.066	50.680
1567.441	51.620
1567.814	52.493
1568.166	53.264
1568.564	54.526
1568.960	55.709
1569.344	56.739
1569.769	58.008
1570.189	59.194
1570.612	60.178
1571.061	61.237
1571.504	62.161
1571.964	62.773
1572.438	63.392
1572.895	63.860
1573.381	63.904
1573.861	63.962
1574.319	64.014
1574.807	63.568
1575.267	63.201
1575.744	62.895
1576.231	62.034
1576.672	61.496
1577.164	60.935
1577.641	59.959
1578.060	59.676
1578.548	59.263
1578.988	58.924
1579.411	59.232
1579.913	59.316
1580.345	60.203
1580.814	61.414
1581.330	62.662
1581.790	65.507
1582.313	68.312
1582.853	71.830
1583.408	77.262
1584.034	82.859
1584.691	90.363
1585.422	100.107
1586.215	110.294
1587.131	123.661
1588.136	139.409
1589.209	156.121
1590.497	176.203
1591.893	198.553
1593.500	223.015
1595.318	248.513
1597.208	273.929
1599.469	300.258
1601.818	323.778
1604.220	343.925
1606.950	360.374
1609.629	373.774
1612.416	382.863
1615.305	387.248
1618.125	393.365
1620.997	396.018
1623.814	396.747
1626.647	400.346
1629.499	402.613
1632.231	402.408
1635.057	401.105
1637.840	396.021
1640.464	386.187
1643.089	371.450
1645.557	352.043
1647.849	328.908
1650.012	302.441
1651.989	274.519
1653.748	246.343
1655.343	218.378
1656.727	192.714
1657.940	169.368
1659.042	147.337
1659.955	128.992
1660.795	113.175
1661.529	98.941
1662.127	87.510
1662.700	77.719
1663.213	69.099
1663.643	62.210
1664.045	56.485
1664.429	51.556
1664.751	47.392
1665.045	44.039
1665.361	41.103
1665.629	38.688
1665.871	36.761
1666.129	34.972
1666.368	33.527
1666.582	32.378
1666.801	31.372
1667.028	30.569
1667.227	29.943
1667.419	29.471
1667.644	29.124
1667.838	28.954
1668.027	29.034
1668.249	29.118
1668.446	29.470
1668.643	30.310
1668.877	31.080
1669.093	32.318
1669.312	34.320
1669.575	36.357
1669.836	39.228
1670.114	43.407
1670.442	48.022
1670.794	54.156
1671.195	62.495
1671.659	71.849
1672.191	83.910
1672.831	99.553
1673.574	117.440
1674.470	139.580
1675.535	165.834
1676.757	194.613
1678.247	227.684
1679.942	261.913
1681.853	296.135
1684.115	329.516
1686.486	355.395
1688.985	373.257
1691.773	381.111
1694.398	376.530
1696.957	362.085
1699.581	337.041
1701.841	307.827
1703.864	276.821
1705.765	243.635
1707.362	214.337
1708.769	188.843
1710.030	166.627
1711.128	149.420
1712.147	136.716
1713.042	128.212
1713.880	123.333
1714.747	121.928
1715.551	124.002
1716.373	129.164
1717.285	136.580
1718.207	147.126
1719.193	161.108
1720.328	176.322
1721.524	193.982
1722.810	214.737
1724.342	235.455
1725.925	255.821
1727.614	277.125
1729.544	294.665
1731.505	308.164
1733.487	318.054
1735.595	321.060
1737.767	317.788
1739.817	308.505
1741.767	293.304
1743.674	273.960
1745.451	250.541
1746.959	226.814
1748.370	203.158
1749.737	177.199
1750.810	155.184
1751.756	135.848
1752.652	116.174
1753.361	100.467
1753.952	87.656
1754.531	75.228
1755.013	65.198
1755.411	57.362
1755.780	50.585
1756.108	45.107
1756.387	40.941
1756.645	37.975
1756.902	35.924
1757.140	34.787
1757.356	35.259
1757.595	37.015
1757.849	39.928
1758.109	45.408
1758.420	53.487
1758.792	64.507
1759.238	81.006
1759.795	102.841
1760.488	130.089
1761.432	170.040
1762.651	221.445
1764.113	279.321
1766.033	352.152
1768.624	442.231
1771.539	527.975
1774.997	609.746
1779.096	677.726
1783.502	715.876
1787.988	716.654
1792.460	678.104
1796.428	611.823
1800.116	525.284
1803.272	430.691
1805.634	347.404
1807.600	271.502
1809.229	205.159
1810.348	157.358
1811.195	120.012
1811.904	89.680
1812.416	68.977
1812.795	53.959
1813.089	42.672
1813.353	34.520
1813.555	28.721
1813.713	24.800
1813.852	22.013
1813.991	19.811
1814.106	18.506
1814.214	17.831
1814.324	17.074
1814.432	16.694
1814.530	16.713
1814.631	16.758
1814.735	16.748
1814.837	17.057
1814.948	17.663
1815.052	17.995
1815.164	18.548
1815.282	19.449
1815.413	20.450
1815.538	21.407
1815.677	22.920
1815.834	24.942
1815.977	26.767
1816.149	29.516
1816.355	33.410
1816.578	38.019
1816.816	43.940
1817.114	52.318
1817.477	63.416
1817.885	77.933
1818.429	98.172
1819.108	124.922
1819.925	159.490
1821.045	208.138
1822.521	271.559
1824.262	344.715
1826.591	438.962
1829.702	552.384
1833.247	663.691
1837.462	769.244
1842.451	854.395
1847.816	898.228
1853.189	890.786
1858.414	833.253
1863.124	742.070
1867.368	629.659
1870.898	513.897
1873.627	413.009
1875.789	326.994
1877.635	252.529
1878.987	198.318
1880.017	158.494
1880.841	126.835
1881.552	103.069
1882.115	86.672
1882.573	74.361
1882.955	64.788
1883.324	57.395
1883.661	52.056
1883.939	48.173
1884.178	44.577
1884.441	41.754
1884.698	39.767
1884.916	38.091
1885.095	36.312
1885.325	34.992
1885.549	34.126
1885.719	33.318
1885.883	32.472
1886.095	31.993
1886.305	31.721
1886.449	31.585
1886.634	31.330
1886.853	31.472
1887.045	31.855
1887.187	32.362
1887.391	33.007
1887.617	34.010
1887.800	35.476
1887.987	37.063
1888.245	39.134
1888.503	41.692
1888.717	44.978
1888.990	48.627
1889.322	53.167
1889.636	58.783
1889.976	65.637
1890.414	73.838
1890.890	83.443
1891.382	95.270
1891.974	109.265
1892.703	125.754
1893.480	145.367
1894.375	168.839
1895.482	196.267
1896.720	226.917
1898.132	262.090
1899.778	301.041
1901.687	341.961
1903.852	386.434
1906.225	429.562
1908.828	467.663
1911.678	500.320
1914.737	526.597
1917.861	538.969
1920.921	538.636
1924.091	526.764
1927.205	504.740
1930.005	473.816
1932.582	435.413
1935.078	394.328
1937.308	353.751
1939.215	313.808
1940.845	276.330
1942.391	242.220
1943.765	211.432
1944.896	184.423
1945.830	161.224
1946.740	140.813
1947.545	122.949
1948.191	107.972
1948.722	95.614
1949.279	84.423
1949.778	74.589
1950.162	66.783
1950.499	60.298
1950.859	54.434
1951.182	49.230
1951.433	45.438
1951.670	42.200
1951.931	39.099
1952.159	36.619
1952.352	34.986
1952.538	33.519
1952.746	32.144
1952.931	31.409
1953.102	31.203
1953.279	30.899
1953.467	30.707
1953.653	31.149
1953.838	32.056
1954.025	32.690
1954.211	33.451
1954.415	34.994
1954.626	36.939
1954.836	38.584
1955.071	40.654
1955.332	43.643
1955.599	46.941
1955.864	49.786
1956.177	53.504
1956.517	58.159
1956.866	62.970
1957.249	67.873
1957.690	73.845
1958.152	80.657
1958.629	87.337
1959.187	94.499
1959.777	102.352
1960.407	110.822
1961.123	119.381
1961.900	128.255
1962.645	136.906
1963.512	145.403
1964.477	153.544
1965.431	160.922
1966.371	167.273
1967.474	172.246
1968.595	176.423
1969.623	179.359
1970.743	179.407
1971.930	178.016
1973.008	176.268
1974.047	172.318
1975.156	165.399
1976.203	159.108
1977.145	152.431
1978.065	143.375
1978.968	134.555
1979.817	126.769
1980.585	117.971
1981.293	108.679
1981.993	100.899
1982.638	93.520
1983.173	85.930
1983.706	79.273
1984.237	73.485
1984.665	67.699
1985.051	62.558
1985.489	58.041
1985.887	53.721
1986.164	49.958
1986.485	46.727
1986.832	43.462
1987.058	40.622
1987.295	38.302
1987.597	35.848
1987.825	33.628
1987.993	31.912
1988.234	30.165
1988.454	28.297
1988.581	26.931
1988.780	25.661
1988.990	24.138
1989.104	23.040
1989.238	22.117
1989.435	20.851
1989.557	19.860
1989.662	19.096
1989.830	18.155
1989.946	17.261
1990.024	16.595
1990.179	15.899
1990.290	15.108
1990.359	14.545
1990.482	13.980
1990.592	13.296
1990.656	12.831
1990.752	12.369
1990.858	11.771
1990.920	11.356
1990.995	10.992
1991.096	10.486
1991.154	10.116
1991.219	9.790
1991.311	9.395
1991.366	9.069
1991.420	8.776
1991.508	8.462
1991.558	8.181
1991.605	7.922
1991.686	7.674
1991.734	7.430
1991.774	7.215
1991.850	7.008
1991.897	6.790
1991.934	6.610
1992.002	6.435
1992.049	6.233
1992.086	6.088
1992.147	5.929
1992.192	5.744
1992.231	5.604
1992.282	5.485
1992.321	5.325
1992.358	5.215
1992.407	5.104
1992.439	4.967
1992.479	4.877
1992.527	4.763
1992.552	4.646
1992.596	4.577
1992.642	4.461
1992.659	4.369
1992.709	4.316
1992.746	4.201
1992.762	4.130
1992.816	4.056
1992.845	3.958
1992.870	3.907
1992.920	3.822
1992.937	3.752
1992.975	3.713
1993.012	3.623
1993.017	3.569
1993.074	3.506
1993.100	3.431
1993.121	3.395
1993.168	3.322
1993.172	3.280
1993.219	3.228
1993.249	3.157
1993.259	3.121
1993.311	3.056
1993.321	3.021
1993.357	2.975
1993.388	2.909
1993.392	2.878
1993.446	2.815
1993.453	2.784
1993.488	2.739
1993.518	2.682
1993.521	2.656
1993.571	2.596
1993.570	2.570
1993.615	2.519
1993.639	2.478
1993.650	2.451
1993.689	2.394
1993.676	2.374
1993.735	2.312
1993.745	2.286
1993.773	2.247
1993.801	2.204
1993.804	2.182
1993.845	2.129
1993.829	2.116
1993.886	2.053
1993.892	2.030
1993.923	1.986
1993.949	1.949
1993.955	1.930
1993.988	1.884
1993.982	1.871
1994.026	1.816
1994.014	1.807
1994.062	1.747
1994.063	1.730
1994.095	1.684
1994.110	1.656
1994.127	1.625
1994.152	1.587
1994.157	1.571
1994.189	1.525
1994.185	1.519
1994.221	1.469
1994.210	1.466
1994.252	1.412
1994.238	1.413
1994.281	1.355
1994.273	1.352
1994.310	1.300
1994.306	1.293
1994.338	1.246
1994.337	1.237
1994.365	1.194
1994.366	1.183
1994.392	1.143
1994.394	1.131
1994.418	1.093
1994.420	1.082
1994.444	1.044
1994.445	1.035
1994.469	0.996
1994.468	0.989
1994.494	0.949
1994.491	0.945
1994.518	0.902
1994.512	0.903
1994.542	0.857
1994.531	0.865
1994.561	0.819
1994.554	0.822
1994.579	0.782
1994.577	0.778
1994.596	0.747
1994.600	0.735
1994.612	0.713
1994.622	0.693
1994.628	0.680
1994.644	0.652
1994.642	0.651
1994.662	0.620
1994.654	0.624
1994.675	0.591
1994.675	0.584
1994.688	0.563
1994.696	0.546
1994.700	0.537
1994.714	0.514
1994.708	0.518
1994.726	0.489
1994.726	0.484
1994.737	0.465
1994.745	0.449
1994.746	0.445
1994.759	0.425
1994.755	0.425
1994.768	0.403
1994.774	0.391
1994.777	0.385
1994.787	0.369
1994.784	0.369
1994.796	0.350
1994.800	0.340
1994.801	0.336
1994.812	0.320
1994.811	0.316
1994.819	0.303
1994.826	0.294
1994.822	0.295
1994.833	0.277
1994.836	0.271
1994.837	0.266
1994.846	0.253
1994.847	0.249
1994.851	0.241
1994.857	0.232
1994.857	0.229
1994.863	0.219
1994.868	0.212
1994.867	0.211
1994.873	0.200
1994.878	0.194
1994.876	0.193
1994.882	0.183
1994.887	0.177
1994.886	0.176
1994.890	0.168
1994.895	0.161
1994.895	0.160
1994.897	0.154
1994.903	0.147
1994.904	0.145
1994.904	0.142
1994.909	0.134
1994.912	0.131
1994.911	0.131
1994.915	0.124
1994.919	0.119
1994.919	0.118
1994.920	0.115
1994.924	0.109
1994.927	0.105
1994.926	0.105
1994.928	0.101
1994.932	0.096
1994.934	0.094
1994.933	0.094
1994.935	0.089
1994.938	0.085
