<j>	<F>
1.725	13.492
3.001	11.617
4.171	10.915
5.163	11.232
5.925	13.067
6.725	17.068
8.553	13.246
9.905	10.902
10.630	12.140
11.252	14.321
12.255	16.011
13.979	13.592
15.605	12.272
17.278	10.926
18.319	10.772
19.065	11.432
19.698	12.446
20.400	13.655
21.694	13.984
23.685	12.227
24.869	11.584
25.487	12.286
26.011	13.379
26.641	14.526
27.648	15.046
28.985	14.542
30.064	14.373
30.940	14.780
31.951	15.162
33.683	14.562
36.007	12.761
37.686	11.898
39.091	11.665
40.502	11.411
41.702	11.286
42.680	11.413
43.674	11.609
44.838	11.674
46.088	11.593
47.171	11.571
47.981	11.782
48.671	12.172
49.504	12.547
50.806	12.613
52.717	12.131
54.638	11.464
55.913	11.217
56.696	11.384
57.304	11.734
57.896	12.140
58.564	12.528
59.396	12.821
60.433	12.949
61.581	12.939
62.636	12.949
63.514	13.106
64.398	13.344
65.716	13.386
67.925	12.852
70.580	11.889
72.495	11.287
73.596	11.212
74.385	11.374
75.144	11.589
75.992	11.777
76.987	11.897
78.141	11.930
79.406	11.890
80.683	11.823
81.862	11.788
82.886	11.822
83.756	11.937
84.552	12.108
85.401	12.283
86.456	12.384
87.834	12.334
89.491	12.128
91.179	11.871
92.673	11.691
93.949	11.615
95.078	11.612
96.103	11.652
97.024	11.732
97.837	11.857
98.574	12.020
99.259	12.211
99.920	12.419
100.566	12.637
101.192	12.869
101.811	13.111
102.439	13.359
103.109	13.597
103.867	13.799
104.735	13.948
105.724	14.033
106.832	14.053
108.042	14.017
109.328	13.933
110.587	13.848
111.739	13.805
112.735	13.841
113.653	13.930
114.589	14.026
115.643	14.078
116.873	14.051
118.312	13.929
119.939	13.720
121.660	13.461
123.297	13.224
124.682	13.081
125.772	13.059
126.647	13.136
127.416	13.268
128.170	13.418
128.967	13.556
129.837	13.668
130.774	13.750
131.761	13.807
132.767	13.853
133.800	13.891
134.903	13.911
136.182	13.873
137.712	13.747
139.520	13.514
141.440	13.227
143.230	12.972
144.725	12.815
145.907	12.769
146.877	12.802
147.727	12.885
148.545	12.986
149.369	13.088
150.214	13.183
151.071	13.272
151.916	13.364
152.755	13.459
153.609	13.554
154.537	13.632
155.624	13.665
156.910	13.632
158.390	13.528
159.942	13.387
161.391	13.267
162.650	13.205
163.754	13.201
164.852	13.222
166.194	13.198
168.041	13.054
170.557	12.735
173.481	12.291
176.173	11.882
178.204	11.625
179.558	11.536
180.455	11.563
181.099	11.657
181.592	11.792
181.998	11.954
182.370	12.129
182.721	12.316
183.083	12.506
183.483	12.695
183.947	12.874
184.518	13.032
185.248	13.155
186.160	13.232
187.295	13.250
188.637	13.209
190.079	13.132
191.530	13.045
192.909	12.974
194.178	12.933
195.384	12.912
196.589	12.896
197.811	12.878
199.074	12.850
200.364	12.814
201.623	12.782
202.827	12.761
203.961	12.754
205.001	12.769
205.966	12.803
206.908	12.847
207.882	12.890
208.989	12.913
210.386	12.884
212.228	12.771
214.605	12.550
217.398	12.239
220.208	11.911
222.603	11.654
224.409	11.505
225.702	11.454
226.644	11.474
227.397	11.534
228.076	11.614
228.763	11.700
229.555	11.773
230.515	11.822
231.690	11.837
233.129	11.808
234.809	11.734
236.615	11.633
238.361	11.532
239.919	11.455
241.194	11.420
242.184	11.430
242.928	11.482
243.501	11.566
243.951	11.672
244.315	11.797
244.635	11.933
244.932	12.076
245.219	12.225
245.509	12.378
245.824	12.530
246.183	12.678
246.601	12.818
247.090	12.949
247.686	13.062
248.411	13.151
249.262	13.216
250.261	13.251
251.370	13.261
252.562	13.252
253.787	13.233
254.986	13.215
256.129	13.207
257.193	13.213
258.158	13.238
259.032	13.281
259.826	13.340
260.564	13.413
261.288	13.494
262.068	13.569
263.038	13.618
264.404	13.606
266.464	13.480
269.504	13.187
273.409	12.740
277.435	12.258
280.721	11.886
283.016	11.676
284.537	11.595
285.632	11.588
286.506	11.620
287.298	11.668
288.089	11.720
288.923	11.768
289.806	11.810
290.765	11.842
291.807	11.863
292.932	11.873
294.169	11.869
295.524	11.850
297.023	11.814
298.694	11.757
300.560	11.676
302.596	11.572
304.695	11.458
306.728	11.349
308.562	11.260
310.159	11.197
311.478	11.167
312.515	11.172
313.322	11.205
313.959	11.260
314.503	11.328
314.964	11.409
315.370	11.498
315.753	11.592
316.127	11.689
316.514	11.786
316.927	11.882
317.368	11.976
317.855	12.066
318.417	12.148
319.070	12.220
319.847	12.278
320.792	12.315
321.950	12.327
323.413	12.303
325.250	12.233
327.512	12.111
330.133	11.944
332.952	11.749
335.700	11.558
338.147	11.398
340.144	11.288
341.672	11.231
342.797	11.221
343.633	11.246
344.264	11.297
344.778	11.362
345.218	11.438
345.603	11.522
345.958	11.611
346.303	11.703
346.668	11.795
347.060	11.885
347.481	11.973
347.952	12.058
348.492	12.135
349.127	12.203
349.912	12.256
350.868	12.289
352.046	12.298
353.504	12.275
355.308	12.213
357.445	12.112
359.872	11.976
362.423	11.823
364.899	11.674
367.123	11.550
368.984	11.463
370.473	11.415
371.616	11.405
372.484	11.426
373.159	11.469
373.694	11.528
374.135	11.600
374.523	11.678
374.883	11.761
375.227	11.848
375.570	11.936
375.925	12.025
376.316	12.111
376.779	12.192
377.321	12.265
377.967	12.329
378.773	12.376
379.802	12.401
381.107	12.397
382.781	12.353
384.790	12.271
387.116	12.152
389.578	12.015
391.983	11.879
394.137	11.765
395.911	11.688
397.294	11.652
398.327	11.653
399.099	11.682
399.674	11.733
400.113	11.800
400.461	11.878
400.745	11.965
400.988	12.057
401.202	12.155
401.393	12.256
401.568	12.361
401.754	12.466
401.942	12.573
402.128	12.682
402.314	12.792
402.519	12.902
402.740	13.012
402.979	13.121
403.253	13.228
403.555	13.333
403.898	13.434
404.285	13.531
404.729	13.622
405.238	13.706
405.821	13.780
406.461	13.847
407.172	13.904
407.938	13.953
408.748	13.996
409.586	14.035
410.445	14.070
411.316	14.103
412.212	14.134
413.166	14.160
414.266	14.169
415.620	14.150
417.383	14.084
419.775	13.943
422.886	13.714
426.522	13.419
430.226	13.109
433.478	12.847
435.971	12.672
437.736	12.581
438.954	12.556
439.803	12.575
440.434	12.621
440.947	12.683
441.402	12.754
441.848	12.828
442.345	12.899
442.965	12.961
443.769	13.006
444.903	13.022
446.532	12.993
448.883	12.895
452.135	12.710
456.133	12.450
460.458	12.152
464.418	11.882
467.577	11.682
469.865	11.563
471.439	11.510
472.526	11.504
473.302	11.528
473.892	11.569
474.369	11.622
474.781	11.682
475.146	11.747
475.481	11.815
475.794	11.885
476.087	11.959
476.357	12.035
476.618	12.113
476.876	12.192
477.136	12.272
477.402	12.353
477.678	12.433
477.969	12.513
478.277	12.593
478.596	12.672
478.947	12.750
479.335	12.824
479.769	12.895
480.254	12.961
480.787	13.023
481.347	13.083
481.951	13.138
482.603	13.188
483.289	13.234
483.971	13.281
484.647	13.328
485.329	13.374
485.988	13.422
486.626	13.473
487.272	13.524
487.895	13.577
488.505	13.632
489.122	13.687
489.749	13.742
490.407	13.794
491.132	13.840
491.955	13.877
492.893	13.901
494.000	13.909
495.295	13.897
496.823	13.860
498.642	13.793
500.716	13.698
503.000	13.581
505.410	13.449
507.813	13.317
510.053	13.201
512.126	13.103
514.048	13.024
515.875	12.957
517.727	12.893
519.687	12.823
521.812	12.742
524.150	12.644
526.734	12.528
529.516	12.395
532.390	12.255
535.207	12.120
537.870	11.997
540.257	11.895
542.330	11.819
544.113	11.765
545.637	11.732
546.935	11.716
548.045	11.715
549.007	11.726
549.866	11.745
550.643	11.771
551.367	11.801
552.052	11.835
552.726	11.870
553.386	11.906
554.054	11.942
554.717	11.979
555.369	12.016
556.031	12.053
556.697	12.090
557.353	12.127
558.007	12.165
558.664	12.203
559.333	12.240
560.029	12.276
560.771	12.309
561.580	12.338
562.507	12.359
563.594	12.369
564.901	12.365
566.512	12.339
568.459	12.289
570.770	12.212
573.381	12.111
576.148	11.998
578.905	11.882
581.441	11.780
583.640	11.700
585.466	11.646
586.912	11.618
588.056	11.612
588.975	11.623
589.713	11.647
590.326	11.681
590.862	11.721
591.345	11.765
591.788	11.812
592.211	11.862
592.632	11.912
593.037	11.963
593.437	12.016
593.840	12.068
594.244	12.121
594.639	12.175
595.042	12.229
595.450	12.282
595.851	12.336
596.250	12.391
596.649	12.447
597.044	12.502
597.441	12.558
597.829	12.616
598.205	12.674
598.579	12.733
598.946	12.793
599.308	12.853
599.662	12.915
600.016	12.978
600.365	13.041
600.714	13.104
601.063	13.169
601.417	13.233
601.777	13.298
602.148	13.362
602.537	13.425
602.943	13.487
603.368	13.549
603.825	13.608
604.319	13.664
604.867	13.717
605.489	13.763
606.219	13.802
607.110	13.828
608.249	13.835
609.786	13.811
611.906	13.744
614.863	13.613
618.861	13.401
623.790	13.114
629.058	12.798
633.859	12.512
637.633	12.300
640.280	12.173
641.994	12.116
643.063	12.108
643.753	12.131
644.196	12.173
644.502	12.226
644.729	12.286
644.919	12.350
645.083	12.416
645.230	12.485
645.374	12.554
645.521	12.624
645.668	12.695
645.827	12.766
645.999	12.836
646.181	12.907
646.380	12.977
646.602	13.046
646.857	13.113
647.146	13.179
647.478	13.241
647.868	13.301
648.329	13.355
648.877	13.403
649.537	13.443
650.329	13.474
651.275	13.492
652.409	13.497
653.760	13.484
655.321	13.455
657.074	13.411
658.998	13.351
661.003	13.285
663.003	13.217
664.921	13.155
666.696	13.103
668.307	13.063
669.768	13.035
671.091	13.018
672.318	13.009
673.481	13.006
674.616	13.005
675.743	13.005
676.881	13.005
678.017	13.005
679.163	13.004
680.315	13.002
681.441	13.002
682.512	13.005
683.539	13.011
684.499	13.021
685.395	13.036
686.218	13.056
686.983	13.081
687.695	13.110
688.388	13.140
689.039	13.174
689.679	13.209
690.337	13.244
691.020	13.277
691.725	13.308
692.461	13.338
693.240	13.364
694.068	13.387
694.944	13.407
695.860	13.423
696.825	13.436
697.823	13.446
698.844	13.454
699.878	13.461
700.926	13.466
701.980	13.471
703.027	13.477
704.079	13.482
705.154	13.486
706.241	13.489
707.355	13.490
708.523	13.488
709.748	13.482
711.057	13.471
712.466	13.452
713.938	13.429
715.499	13.399
717.120	13.364
718.750	13.328
720.365	13.292
721.927	13.260
723.385	13.234
724.732	13.216
725.948	13.206
727.032	13.206
728.026	13.213
728.893	13.228
729.664	13.251
730.372	13.278
731.009	13.310
731.578	13.347
732.101	13.388
732.579	13.433
733.021	13.480
733.430	13.530
733.804	13.583
734.154	13.638
734.494	13.694
734.819	13.752
735.138	13.811
735.465	13.871
735.815	13.929
736.216	13.985
736.700	14.035
737.322	14.077
738.137	14.106
739.258	14.113
740.784	14.093
742.800	14.037
745.378	13.940
748.450	13.805
751.752	13.651
755.034	13.495
757.976	13.360
760.386	13.261
762.266	13.200
763.654	13.173
764.667	13.173
765.442	13.191
766.051	13.222
766.563	13.261
767.033	13.304
767.515	13.347
768.048	13.388
768.662	13.425
769.394	13.455
770.295	13.474
771.428	13.479
772.882	13.465
774.678	13.428
776.871	13.366
779.361	13.284
782.093	13.185
785.017	13.073
787.815	12.966
790.408	12.871
792.646	12.798
794.483	12.748
795.991	12.720
797.179	12.711
798.160	12.716
798.956	12.732
799.619	12.758
800.189	12.789
800.681	12.826
801.148	12.864
801.587	12.905
801.999	12.948
802.412	12.991
802.828	13.035
803.260	13.078
803.691	13.121
804.143	13.163
804.648	13.202
805.184	13.240
805.742	13.277
806.385	13.308
807.091	13.337
807.872	13.360
808.756	13.378
809.735	13.389
810.857	13.392
812.115	13.387
813.472	13.375
814.963	13.354
816.568	13.326
818.272	13.291
820.013	13.254
821.725	13.218
823.432	13.182
825.068	13.149
826.613	13.122
828.091	13.100
829.455	13.084
830.760	13.072
832.002	13.065
833.207	13.060
834.441	13.054
835.684	13.049
836.979	13.041
838.404	13.026
839.921	13.006
841.572	12.979
843.350	12.945
845.280	12.903
847.356	12.853
849.497	12.798
851.715	12.740
853.946	12.680
856.103	12.624
858.186	12.572
860.133	12.527
861.957	12.489
863.616	12.459
865.104	12.438
866.428	12.426
867.590	12.422
868.632	12.425
869.506	12.437
870.316	12.451
871.005	12.473
871.615	12.499
872.137	12.529
872.594	12.563
873.000	12.601
873.341	12.642
873.673	12.684
873.969	12.728
874.240	12.773
874.482	12.821
874.711	12.870
874.937	12.919
875.149	12.970
875.371	13.020
875.593	13.071
875.812	13.122
876.051	13.173
876.302	13.223
876.570	13.273
876.864	13.322
877.208	13.368
877.588	13.413
878.007	13.455
878.502	13.494
879.077	13.528
879.734	13.558
880.493	13.582
881.409	13.597
882.437	13.605
883.615	13.605
884.958	13.594
886.446	13.575
888.021	13.550
889.656	13.521
891.425	13.483
893.168	13.446
894.825	13.414
896.406	13.386
897.882	13.364
899.299	13.345
900.582	13.334
901.813	13.327
903.019	13.322
904.220	13.319
905.474	13.313
906.826	13.302
908.346	13.284
909.993	13.259
911.903	13.220
914.046	13.168
916.341	13.109
918.813	13.039
921.359	12.966
923.872	12.893
926.298	12.825
928.582	12.763
930.618	12.714
932.463	12.675
934.079	12.648
935.538	12.629
936.773	12.621
937.906	12.620
938.927	12.624
939.872	12.632
940.763	12.644
941.634	12.657
942.509	12.670
943.437	12.681
944.411	12.690
945.479	12.696
946.629	12.697
947.901	12.693
949.279	12.683
950.827	12.666
952.447	12.644
954.189	12.617
955.952	12.588
957.727	12.558
959.484	12.528
961.207	12.500
962.822	12.477
964.383	12.456
965.792	12.442
967.151	12.430
968.373	12.425
969.536	12.423
970.588	12.426
971.609	12.430
972.539	12.439
973.448	12.449
974.282	12.462
975.092	12.477
975.827	12.495
976.534	12.514
977.185	12.536
977.826	12.559
978.428	12.583
979.018	12.608
979.594	12.635
980.147	12.662
980.694	12.690
981.265	12.717
981.840	12.744
982.467	12.769
983.107	12.793
983.827	12.814
984.582	12.833
985.433	12.848
986.295	12.862
987.256	12.872
988.265	12.879
989.350	12.882
990.479	12.883
991.646	12.882
992.806	12.881
993.961	12.880
995.076	12.880
996.200	12.880
997.250	12.883
998.287	12.887
999.260	12.894
1000.219	12.902
1001.147	12.911
1002.079	12.921
1002.977	12.932
1003.923	12.942
1004.869	12.951
1005.884	12.958
1006.918	12.963
1008.047	12.964
1009.174	12.965
1010.384	12.962
1011.567	12.960
1012.839	12.954
1014.104	12.948
1015.398	12.940
1016.700	12.932
1017.943	12.927
1019.212	12.920
1020.433	12.916
1021.660	12.911
1022.848	12.908
1024.059	12.905
1025.257	12.902
1026.509	12.897
1027.794	12.891
1029.142	12.883
1030.587	12.870
1032.116	12.854
1033.832	12.830
1035.711	12.800
1037.772	12.761
1040.030	12.714
1042.385	12.662
1044.878	12.604
1047.314	12.547
1049.760	12.490
1052.023	12.440
1054.120	12.397
1055.984	12.363
1057.599	12.340
1059.017	12.325
1060.177	12.322
1061.191	12.325
1062.013	12.336
1062.744	12.351
1063.357	12.372
1063.898	12.396
1064.385	12.422
1064.807	12.451
1065.217	12.482
1065.573	12.514
1065.941	12.547
1066.258	12.582
1066.600	12.615
1066.902	12.651
1067.224	12.686
1067.520	12.723
1067.831	12.759
1068.127	12.796
1068.425	12.833
1068.726	12.870
1069.021	12.907
1069.329	12.944
1069.627	12.982
1069.937	13.019
1070.242	13.057
1070.549	13.094
1070.852	13.133
1071.152	13.171
1071.455	13.209
1071.764	13.248
1072.071	13.286
1072.391	13.325
1072.705	13.363
1073.038	13.401
1073.359	13.440
1073.683	13.478
1074.003	13.518
1074.340	13.556
1074.681	13.594
1075.040	13.632
1075.405	13.670
1075.793	13.707
1076.189	13.743
1076.622	13.778
1077.075	13.812
1077.577	13.844
1078.112	13.875
1078.711	13.902
1079.369	13.927
1080.110	13.947
1080.941	13.964
1081.891	13.974
1083.008	13.977
1084.308	13.970
1085.826	13.954
1087.618	13.924
1089.722	13.879
1092.180	13.817
1095.040	13.737
1098.162	13.643
1101.591	13.535
1105.097	13.423
1108.551	13.314
1111.815	13.213
1114.807	13.124
1117.443	13.053
1119.745	12.997
1121.755	12.955
1123.536	12.924
1125.173	12.901
1126.739	12.883
1128.339	12.864
1130.055	12.842
1131.956	12.814
1134.127	12.776
1136.644	12.724
1139.456	12.662
1142.597	12.586
1145.937	12.502
1149.297	12.416
1152.699	12.328
1155.781	12.251
1158.528	12.187
1160.862	12.138
1162.740	12.106
1164.281	12.087
1165.485	12.081
1166.411	12.086
1167.143	12.098
1167.683	12.118
1168.128	12.142
1168.470	12.170
1168.743	12.202
1168.970	12.235
1169.140	12.270
1169.310	12.306
1169.445	12.344
1169.568	12.382
1169.676	12.421
1169.775	12.460
1169.869	12.500
1169.953	12.541
1170.043	12.581
1170.127	12.623
1170.209	12.664
1170.291	12.706
1170.374	12.748
1170.454	12.790
1170.538	12.832
1170.621	12.875
1170.708	12.917
1170.800	12.960
1170.892	13.003
1170.992	13.046
1171.093	13.089
1171.206	13.132
1171.315	13.176
1171.445	13.218
1171.573	13.261
1171.717	13.304
1171.866	13.347
1172.029	13.389
1172.204	13.431
1172.388	13.472
1172.593	13.514
1172.804	13.555
1173.045	13.594
1173.284	13.635
1173.571	13.673
1173.837	13.712
1174.174	13.748
1174.478	13.786
1174.857	13.821
1175.194	13.857
1175.595	13.891
1175.956	13.927
1176.383	13.959
1176.779	13.994
1177.228	14.026
1177.653	14.059
1178.116	14.090
1178.573	14.121
1179.033	14.153
1179.490	14.185
1179.940	14.217
1180.402	14.249
1180.883	14.280
1181.378	14.311
1181.922	14.339
1182.495	14.367
1183.166	14.390
1183.982	14.408
1185.004	14.416
1186.329	14.410
1188.067	14.386
1190.388	14.336
1193.425	14.253
1197.276	14.133
1201.831	13.981
1206.907	13.803
1211.921	13.627
1216.596	13.465
1220.629	13.331
1223.847	13.234
1226.390	13.166
1228.300	13.128
1229.803	13.107
1230.990	13.101
1231.974	13.105
1232.828	13.114
1233.583	13.128
1234.277	13.145
1234.933	13.163
1235.556	13.183
1236.161	13.204
1236.749	13.226
1237.318	13.248
1237.877	13.271
1238.427	13.294
1238.959	13.319
1239.482	13.343
1239.978	13.369
1240.483	13.394
1240.946	13.421
1241.425	13.448
1241.859	13.477
1242.316	13.505
1242.736	13.534
1243.169	13.563
1243.578	13.593
1244.002	13.623
1244.419	13.653
1244.852	13.683
1245.282	13.713
1245.751	13.741
1246.220	13.770
1246.745	13.796
1247.290	13.822
1247.909	13.844
1248.563	13.865
1249.320	13.882
1250.121	13.897
1251.074	13.906
1252.062	13.913
1253.240	13.912
1254.453	13.909
1255.856	13.898
1257.294	13.885
1258.828	13.867
1260.415	13.846
1261.958	13.828
1263.560	13.806
1264.983	13.791
1266.426	13.775
1267.637	13.770
1268.833	13.764
1269.829	13.768
1270.764	13.774
1271.562	13.786
1272.279	13.802
1272.907	13.821
1273.461	13.845
1273.969	13.870
1274.423	13.898
1274.856	13.928
1275.268	13.958
1275.694	13.988
1276.131	14.019
1276.624	14.047
1277.183	14.073
1277.867	14.094
1278.730	14.108
1279.838	14.112
1281.328	14.101
1283.292	14.072
1285.902	14.016
1289.247	13.929
1293.307	13.813
1297.966	13.672
1302.916	13.518
1307.744	13.367
1312.136	13.232
1315.824	13.125
1318.729	13.049
1320.976	13.000
1322.664	12.973
1323.946	12.963
1324.965	12.965
1325.790	12.974
1326.483	12.988
1327.123	13.006
1327.681	13.026
1328.251	13.047
1328.777	13.069
1329.316	13.091
1329.876	13.112
1330.443	13.133
1331.017	13.154
1331.612	13.174
1332.211	13.194
1332.813	13.214
1333.469	13.232
1334.098	13.251
1334.800	13.267
1335.455	13.285
1336.171	13.301
1336.910	13.316
1337.670	13.330
1338.486	13.342
1339.340	13.353
1340.253	13.362
1341.263	13.368
1342.335	13.371
1343.566	13.369
1344.894	13.363
1346.417	13.350
1348.109	13.331
1349.975	13.306
1352.062	13.272
1354.315	13.232
1356.660	13.189
1359.153	13.140
1361.626	13.091
1364.048	13.043
1366.467	12.996
1368.583	12.959
1370.615	12.925
1372.388	12.900
1373.924	12.883
1375.329	12.871
1376.529	12.867
1377.548	12.869
1378.499	12.874
1379.286	12.885
1380.004	12.898
1380.670	12.914
1381.213	12.933
1381.771	12.953
1382.281	12.974
1382.733	12.998
1383.214	13.020
1383.618	13.045
1384.029	13.071
1384.433	13.096
1384.787	13.124
1385.199	13.149
1385.575	13.176
1385.938	13.204
1386.332	13.230
1386.677	13.259
1387.070	13.286
1387.473	13.312
1387.866	13.339
1388.335	13.364
1388.794	13.389
1389.329	13.412
1389.937	13.432
1390.603	13.450
1391.449	13.463
1392.461	13.469
1393.717	13.468
1395.305	13.455
1397.297	13.429
1399.863	13.383
1402.892	13.321
1406.628	13.235
1410.932	13.129
1415.532	13.013
1420.340	12.888
1424.973	12.769
1429.107	12.665
1432.693	12.580
1435.712	12.514
1438.038	12.470
1439.900	12.443
1441.380	12.428
1442.502	12.426
1443.393	12.431
1444.151	12.441
1444.752	12.457
1445.263	12.476
1445.737	12.496
1446.146	12.518
1446.516	12.542
1446.906	12.565
1447.259	12.590
1447.602	12.615
1447.984	12.639
1448.332	12.664
1448.686	12.689
1449.075	12.713
1449.436	12.738
1449.818	12.762
1450.244	12.786
1450.646	12.810
1451.082	12.832
1451.547	12.854
1451.968	12.878
1452.443	12.900
1452.930	12.921
1453.391	12.943
1453.917	12.964
1454.422	12.984
1454.914	13.006
1455.466	13.025
1455.983	13.046
1456.503	13.066
1457.048	13.086
1457.567	13.107
1458.100	13.127
1458.633	13.147
1459.149	13.168
1459.681	13.188
1460.217	13.209
1460.754	13.229
1461.289	13.249
1461.845	13.269
1462.377	13.290
1462.927	13.310
1463.512	13.329
1464.097	13.348
1464.715	13.366
1465.353	13.383
1466.023	13.399
1466.700	13.415
1467.420	13.430
1468.180	13.443
1468.955	13.456
1469.826	13.465
1470.673	13.475
1471.536	13.484
1472.478	13.491
1473.347	13.500
1474.301	13.506
1475.224	13.513
1476.119	13.521
1477.120	13.525
1477.988	13.534
1478.895	13.541
1479.776	13.550
1480.629	13.559
1481.524	13.567
1482.413	13.575
1483.316	13.584
1484.279	13.590
1485.285	13.595
1486.357	13.597
1487.594	13.595
1488.894	13.590
1490.378	13.579
1492.061	13.561
1493.827	13.540
1495.820	13.511
1497.962	13.477
1500.160	13.441
1502.542	13.398
1504.809	13.359
1507.113	13.319
1509.391	13.279
1511.539	13.244
1513.654	13.210
1515.599	13.182
1517.523	13.155
1519.325	13.132
1521.107	13.111
1522.888	13.089
1524.599	13.071
1526.354	13.051
1528.098	13.031
1529.863	13.011
1531.670	12.990
1533.440	12.970
1535.277	12.948
1537.069	12.927
1538.786	12.909
1540.563	12.888
1542.263	12.870
1543.892	12.855
1545.540	12.838
1547.101	12.825
1548.592	12.814
1550.100	12.802
1551.535	12.792
1552.893	12.785
1554.219	12.779
1555.548	12.773
1556.841	12.768
1558.040	12.765
1559.273	12.762
1560.496	12.759
1561.576	12.761
1562.712	12.760
1563.808	12.761
1564.800	12.765
1565.837	12.768
1566.807	12.772
1567.708	12.779
1568.630	12.785
1569.465	12.793
1570.266	12.803
1571.059	12.813
1571.778	12.825
1572.502	12.837
1573.208	12.850
1573.859	12.864
1574.535	12.878
1575.182	12.892
1575.788	12.908
1576.429	12.923
1577.048	12.939
1577.648	12.955
1578.292	12.970
1578.910	12.986
1579.522	13.002
1580.170	13.017
1580.778	13.033
1581.391	13.049
1582.029	13.064
1582.643	13.080
1583.263	13.096
1583.880	13.111
1584.490	13.127
1585.105	13.143
1585.683	13.160
1586.260	13.178
1586.817	13.195
1587.350	13.214
1587.897	13.232
1588.404	13.252
1588.921	13.271
1589.443	13.290
1589.910	13.311
1590.392	13.331
1590.868	13.352
1591.342	13.373
1591.819	13.394
1592.297	13.415
1592.786	13.436
1593.283	13.456
1593.819	13.475
1594.343	13.495
1594.893	13.514
1595.491	13.532
1596.065	13.550
1596.722	13.566
1597.395	13.581
1598.077	13.596
1598.860	13.607
1599.587	13.620
1600.378	13.632
1601.216	13.641
1602.039	13.651
1602.944	13.659
1603.801	13.667
1604.681	13.675
1605.603	13.682
1606.481	13.690
1607.399	13.697
1608.271	13.705
1609.155	13.712
1610.043	13.720
1610.870	13.729
1611.751	13.737
1612.581	13.747
1613.402	13.757
1614.287	13.765
1615.113	13.774
1615.984	13.783
1616.907	13.790
1617.790	13.798
1618.758	13.803
1619.765	13.807
1620.766	13.811
1621.865	13.812
1622.982	13.813
1624.129	13.812
1625.327	13.810
1626.585	13.805
1627.859	13.800
1629.141	13.795
1630.509	13.787
1631.851	13.780
1633.248	13.771
1634.751	13.758
1636.214	13.747
1637.808	13.732
1639.469	13.715
1641.189	13.697
1643.094	13.672
1645.069	13.646
1647.201	13.614
1649.508	13.578
1651.874	13.539
1654.357	13.497
1656.954	13.451
1659.547	13.405
1662.165	13.359
1664.798	13.312
1667.285	13.270
1669.639	13.231
1671.938	13.195
1674.067	13.163
1675.991	13.138
1677.817	13.116
1679.519	13.098
1681.033	13.085
1682.423	13.076
1683.778	13.068
1684.949	13.066
1685.974	13.068
1687.040	13.069
1687.945	13.075
1688.715	13.084
1689.525	13.093
1690.231	13.105
1690.821	13.120
1691.440	13.134
1691.979	13.151
1692.438	13.170
1692.912	13.189
1693.335	13.210
1693.708	13.232
1694.090	13.254
1694.456	13.276
1694.794	13.300
1695.140	13.323
1695.492	13.346
1695.857	13.369
1696.232	13.392
1696.651	13.414
1697.148	13.434
1697.693	13.453
1698.353	13.468
1699.227	13.478
1700.222	13.484
1701.487	13.483
1703.212	13.469
1705.279	13.445
1707.862	13.407
1711.114	13.349
1715.004	13.274
1719.463	13.182
1724.195	13.082
1729.318	12.970
1734.451	12.858
1738.991	12.762
1743.107	12.677
1746.754	12.606
1749.753	12.553
1752.236	12.514
1754.265	12.487
1756.039	12.468
1757.560	12.456
1758.761	12.453
1759.867	12.453
1760.931	12.454
1761.826	12.460
1762.661	12.467
1763.525	12.474
1764.319	12.483
1765.043	12.493
1765.819	12.502
1766.579	12.512
1767.273	12.523
1767.981	12.534
1768.724	12.544
1769.422	12.556
1770.097	12.567
1770.825	12.578
1771.537	12.589
1772.198	12.601
1772.878	12.613
1773.618	12.623
1774.312	12.635
1774.954	12.648
1775.626	12.660
1776.303	12.671
1776.915	12.685
1777.499	12.699
1778.167	12.711
1778.771	12.725
1779.311	12.741
1779.885	12.755
1780.461	12.770
1780.972	12.786
1781.483	12.802
1782.027	12.818
1782.551	12.834
1783.036	12.851
1783.534	12.868
1784.073	12.884
1784.608	12.901
1785.127	12.917
1785.688	12.933
1786.320	12.947
1786.945	12.961
1787.568	12.975
1788.309	12.986
1789.140	12.995
1789.905	13.005
1790.783	13.013
1791.834	13.016
1792.855	13.019
1793.912	13.022
1795.152	13.020
1796.417	13.017
1797.713	13.013
1799.122	13.006
1800.532	12.999
1801.979	12.990
1803.491	12.980
1804.932	12.972
1806.378	12.964
1807.915	12.953
1809.322	12.945
1810.686	12.939
1812.108	12.931
1813.444	12.925
1814.694	12.922
1815.990	12.917
1817.268	12.913
1818.486	12.911
1819.734	12.908
1821.014	12.904
1822.267	12.901
1823.550	12.898
1824.912	12.892
1826.324	12.886
1827.808	12.877
1829.317	12.868
1830.995	12.855
1832.732	12.840
1834.496	12.825
1836.384	12.806
1838.390	12.785
1840.366	12.764
1842.430	12.741
1844.511	12.717
1846.545	12.694
1848.621	12.671
1850.625	12.649
1852.562	12.629
1854.456	12.609
1856.315	12.591
1858.036	12.576
1859.654	12.564
1861.287	12.551
1862.844	12.541
1864.218	12.534
1865.606	12.528
1866.958	12.522
1868.216	12.519
1869.381	12.518
1870.563	12.517
1871.723	12.516
1872.747	12.518
1873.766	12.521
1874.762	12.524
1875.704	12.529
1876.609	12.534
1877.497	12.540
1878.333	12.547
1879.156	12.554
1879.976	12.562
1880.740	12.571
1881.458	12.581
1882.234	12.590
1882.983	12.599
1883.684	12.610
1884.394	12.620
1885.161	12.629
1885.895	12.639
1886.597	12.650
1887.350	12.659
1888.149	12.668
1888.929	12.677
1889.731	12.685
1890.613	12.692
1891.487	12.698
1892.386	12.705
1893.359	12.709
1894.348	12.713
1895.354	12.717
1896.452	12.718
1897.582	12.718
1898.661	12.720
1899.807	12.720
1901.047	12.718
1902.200	12.717
1903.313	12.718
1904.554	12.715
1905.718	12.714
1906.800	12.716
1907.861	12.717
1908.967	12.717
1909.919	12.721
1910.834	12.726
1911.733	12.732
1912.558	12.739
1913.291	12.748
1913.998	12.758
1914.633	12.770
1915.206	12.783
1915.744	12.797
1916.222	12.813
1916.657	12.830
1917.044	12.848
1917.422	12.866
1917.740	12.886
1918.043	12.907
1918.314	12.928
1918.571	12.950
1918.799	12.972
1919.001	12.996
1919.207	13.019
1919.394	13.043
1919.568	13.067
1919.732	13.092
1919.914	13.116
1920.072	13.141
1920.224	13.166
1920.403	13.191
1920.581	13.216
1920.761	13.241
1920.977	13.265
1921.237	13.288
1921.498	13.311
1921.822	13.333
1922.249	13.352
1922.753	13.370
1923.361	13.385
1924.167	13.395
1925.189	13.400
1926.440	13.399
1928.022	13.390
1929.993	13.372
1932.372	13.343
1935.340	13.298
1938.575	13.247
1942.150	13.187
1946.251	13.113
1950.388	13.038
1954.176	12.970
1957.916	12.903
1961.410	12.842
1964.292	12.797
1966.671	12.763
1968.735	12.737
1970.398	12.722
1971.705	12.715
1972.762	12.715
1973.621	12.720
1974.301	12.730
1974.902	12.742
1975.383	12.756
1975.787	12.773
1976.151	12.791
1976.516	12.809
1976.828	12.829
1977.089	12.850
1977.384	12.870
1977.693	12.889
1977.936	12.911
1978.141	12.933
1978.434	12.954
1978.714	12.975
1978.921	12.997
1979.148	13.019
1979.465	13.039
1979.709	13.061
1979.896	13.085
1980.153	13.106
1980.442	13.127
1980.646	13.150
1980.849	13.173
1981.136	13.195
1981.373	13.217
1981.554	13.241
1981.784	13.264
1982.061	13.285
1982.251	13.309
1982.447	13.333
1982.694	13.356
1982.899	13.379
1983.072	13.404
1983.278	13.428
1983.504	13.451
1983.677	13.476
1983.854	13.501
1984.056	13.525
1984.227	13.550
1984.394	13.576
1984.568	13.601
1984.736	13.626
1984.891	13.652
1985.039	13.678
1985.187	13.705
1985.339	13.731
1985.485	13.757
1985.615	13.784
1985.750	13.811
1985.885	13.838
1985.999	13.866
1986.121	13.894
1986.247	13.921
1986.348	13.949
1986.460	13.978
1986.575	14.006
1986.674	14.034
1986.771	14.063
1986.874	14.092
1986.973	14.121
1987.059	14.151
1987.150	14.180
1987.244	14.210
1987.323	14.240
1987.404	14.270
1987.496	14.300
1987.569	14.330
1987.641	14.361
1987.730	14.391
1987.801	14.422
1987.865	14.453
1987.950	14.484
1988.020	14.515
1988.079	14.547
1988.159	14.578
1988.228	14.610
1988.285	14.642
1988.361	14.674
1988.428	14.706
1988.483	14.739
1988.559	14.771
1988.624	14.803
1988.679	14.836
1988.759	14.868
1988.820	14.901
1988.879	14.935
1988.962	14.967
1989.020	15.001
1989.084	15.034
1989.162	15.067
1989.216	15.101
1989.283	15.135
1989.359	15.169
1989.417	15.203
1989.490	15.237
1989.561	15.271
1989.623	15.305
1989.706	15.339
1989.769	15.374
1989.827	15.409
1989.913	15.443
1989.983	15.478
1990.057	15.513
1990.135	15.548
1990.208	15.583
1990.296	15.618
1990.363	15.654
1990.427	15.690
1990.510	15.725
1990.592	15.761
1990.677	15.796
1990.755	15.832
1990.833	15.868
1990.917	15.905
1990.994	15.941
1991.077	15.977
1991.156	16.014
1991.246	16.050
1991.332	16.087
1991.410	16.124
1991.499	16.161
1991.575	16.198
1991.668	16.235
1991.752	16.273
1991.833	16.310
1991.932	16.348
1992.001	16.386
1992.094	16.424
1992.172	16.462
1992.254	16.500
1992.345	16.539
1992.415	16.578
1992.520	16.616
1992.587	16.655
1992.672	16.694
1992.750	16.734
1992.824	16.773
1992.919	16.812
1992.984	16.853
1993.084	16.892
1993.144	16.933
1993.221	16.973
1993.294	17.014
1993.361	17.055
1993.448	17.096
1993.506	17.138
1993.595	17.178
1993.650	17.221
1993.729	17.262
1993.787	17.304
1993.855	17.347
1993.918	17.389
1993.973	17.432
1994.052	17.475
1994.100	17.519
1994.176	17.561
1994.222	17.606
1994.291	17.649
1994.338	17.694
1994.400	17.738
1994.447	17.783
1994.499	17.827
1994.550	17.873
1994.594	17.918
1994.648	17.964
1994.685	18.010
1994.745	18.055
1994.775	18.102
1994.838	18.148
1994.867	18.196
1994.926	18.242
1994.955	18.290
1995.010	18.336
1995.038	18.385
1995.090	18.432
1995.118	18.481
1995.167	18.529
1995.193	18.578
1995.241	18.626
1995.266	18.676
1995.312	18.725
1995.335	18.775
1995.381	18.825
1995.401	18.875
1995.447	18.925
1995.463	18.977
1995.508	19.027
1995.522	19.079
1995.566	19.130
1995.582	19.182
1995.623	19.233
1995.642	19.286
1995.677	19.338
1995.700	19.391
1995.729	19.444
1995.756	19.497
1995.779	19.550
1995.810	19.604
1995.818	19.658
1995.857	19.712
1995.862	19.767
1995.902	19.821
1995.916	19.877
1995.946	19.932
1995.968	19.987
1995.983	20.043
1996.012	20.099
1996.010	20.157
1996.052	20.212
1996.062	20.269
1996.089	20.326
1996.109	20.384
1996.116	20.442
1996.147	20.499
1996.150	20.558
1996.182	20.616
1996.197	20.675
1996.206	20.735
1996.234	20.793
1996.235	20.854
1996.264	20.913
1996.278	20.973
1996.283	21.035
1996.312	21.095
1996.317	21.156
1996.337	21.217
1996.355	21.279
1996.350	21.342
1996.381	21.403
1996.392	21.466
1996.396	21.529
1996.421	21.592
1996.427	21.655
1996.438	21.719
1996.458	21.783
1996.460	21.848
1996.476	21.912
1996.493	21.977
1996.493	22.043
1996.510	22.108
1996.526	22.173
1996.524	22.240
1996.541	22.307
1996.556	22.373
1996.556	22.441
1996.569	22.508
1996.584	22.575
1996.586	22.644
1996.595	22.712
1996.611	22.781
1996.617	22.850
1996.617	22.920
1996.636	22.989
1996.645	23.059
1996.641	23.130
1996.656	23.200
1996.668	23.271
1996.671	23.342
1996.673	23.414
1996.688	23.486
1996.697	23.558
1996.695	23.631
1996.704	23.704
1996.716	23.777
1996.723	23.851
1996.720	23.925
