<j>	var(j)
1.247	0.398
3.028	1.032
4.288	1.212
5.525	1.386
6.746	1.543
7.948	1.640
9.105	1.607
10.166	1.416
11.092	1.203
11.932	1.295
12.987	1.962
14.457	1.718
15.367	0.944
15.957	0.805
16.625	1.180
17.830	1.906
19.212	1.560
20.199	1.440
21.149	1.450
22.157	2.179
23.678	2.972
25.152	2.450
26.215	1.769
26.964	1.398
27.676	2.367
29.134	5.638
31.652	6.133
33.278	3.050
34.033	1.978
34.584	1.766
35.151	2.084
35.920	3.074
37.115	4.299
38.583	4.341
39.866	4.196
41.092	4.783
42.425	4.599
43.573	3.214
44.337	1.948
44.829	1.336
45.218	1.217
45.642	1.476
46.247	2.288
47.287	4.252
49.106	7.315
51.437	7.949
53.303	6.424
54.667	6.164
55.965	7.036
57.390	7.772
58.843	7.664
60.176	7.681
61.476	8.957
62.960	11.123
64.684	12.300
66.402	10.976
67.799	8.194
68.798	5.760
69.508	4.252
70.056	3.470
70.533	3.159
71.000	3.215
71.513	3.679
72.143	4.701
72.993	6.448
74.176	8.800
75.717	11.076
77.486	12.803
79.348	14.273
81.245	14.603
83.001	12.243
84.349	8.361
85.233	5.300
85.807	3.671
86.229	3.033
86.606	3.003
87.011	3.502
87.524	4.645
88.248	6.522
89.284	8.695
90.623	9.801
92.018	8.894
93.202	7.318
94.169	6.770
95.101	7.544
96.166	8.921
97.408	9.804
98.708	9.397
99.894	8.105
100.898	7.136
101.798	7.272
102.748	8.678
103.910	10.924
105.329	12.519
106.852	11.927
108.202	9.571
109.240	7.433
110.060	6.676
110.828	7.505
111.745	10.022
112.982	13.926
114.656	17.484
116.566	17.612
118.308	14.245
119.622	10.844
120.613	9.662
121.532	10.797
122.592	13.488
123.913	16.199
125.434	16.752
126.916	14.198
128.106	10.172
128.935	6.845
129.504	4.943
129.935	4.179
130.324	4.134
130.731	4.498
131.200	5.123
131.752	5.850
132.404	6.520
133.135	6.912
133.916	6.938
134.701	6.605
135.453	6.120
136.157	5.636
136.824	5.286
137.461	5.142
138.109	5.361
138.811	6.346
139.684	8.932
140.968	15.092
143.107	27.976
146.612	45.594
151.106	50.413
154.872	35.321
157.107	18.981
158.240	9.863
158.830	5.827
159.201	4.162
159.479	3.484
159.726	3.226
159.966	3.192
160.217	3.289
160.486	3.538
160.790	3.972
161.147	4.687
161.591	5.874
162.166	7.806
162.957	10.890
164.075	15.226
165.599	19.620
167.436	21.580
169.294	19.516
170.853	15.553
172.054	13.133
173.093	14.027
174.252	19.252
175.879	29.344
178.240	41.498
181.245	47.648
184.275	42.295
186.658	31.738
188.337	23.684
189.580	19.523
190.611	18.057
191.576	17.643
192.526	17.343
193.458	16.613
194.348	15.268
195.179	13.375
195.897	11.371
196.514	9.539
197.047	8.152
197.508	7.350
197.937	7.148
198.376	7.546
198.851	8.546
199.403	10.152
200.091	12.488
200.929	15.590
201.992	19.590
203.322	24.431
204.941	29.440
206.811	33.179
208.818	33.893
210.759	30.934
212.428	25.939
213.789	21.111
214.889	18.028
215.836	17.311
216.763	19.022
217.801	22.869
219.057	28.426
220.603	34.357
222.409	38.159
224.331	37.700
226.136	33.017
227.653	26.247
228.830	19.874
229.713	15.272
230.403	12.630
230.990	11.580
231.536	11.787
232.115	13.274
232.781	16.103
233.607	20.420
234.663	26.098
236.010	32.567
237.648	37.933
239.490	39.910
241.349	37.358
243.005	31.474
244.363	24.689
245.408	18.939
246.212	14.996
246.864	12.745
247.429	11.775
247.957	11.776
248.504	12.594
249.107	14.212
249.798	16.556
250.605	19.470
251.569	22.817
252.702	26.088
253.972	28.335
255.328	28.919
256.682	27.628
257.953	24.971
259.084	21.699
260.052	18.655
260.891	16.376
261.641	15.083
262.341	14.879
263.040	15.892
263.808	18.671
264.734	23.998
265.925	32.711
267.554	45.294
269.739	59.820
272.479	70.594
275.475	70.988
278.233	60.512
280.441	45.647
282.043	32.820
283.180	24.237
284.019	19.479
284.709	17.379
285.343	17.294
285.984	18.811
286.692	21.724
287.517	26.102
288.527	31.869
289.760	38.415
291.225	44.400
292.879	48.336
294.629	48.984
296.362	46.313
297.961	41.708
299.374	36.808
300.598	33.281
301.697	31.417
302.759	31.453
303.823	33.081
304.933	35.949
306.146	40.067
307.490	45.588
309.012	53.062
310.758	62.745
312.784	74.713
315.120	87.172
317.755	97.172
320.560	100.328
323.324	94.862
325.819	82.628
327.902	67.945
329.580	54.295
330.903	43.470
331.957	35.845
332.830	31.129
333.594	28.551
334.301	27.410
334.984	27.093
335.668	27.219
336.366	27.776
337.081	28.596
337.812	29.468
338.573	30.329
339.378	30.980
340.195	31.515
341.027	31.998
341.872	32.405
342.721	32.682
343.601	32.869
344.493	33.072
345.380	33.319
346.276	33.659
347.180	34.033
348.098	34.236
349.041	34.330
349.977	34.259
350.906	33.829
351.817	33.101
352.705	31.985
353.590	30.599
354.447	29.023
355.241	27.450
355.996	26.076
356.707	25.032
357.415	24.397
358.114	24.468
358.813	25.315
359.539	26.816
360.317	29.038
361.157	31.945
362.101	35.283
363.162	38.682
364.296	41.680
365.512	43.888
366.773	44.919
368.056	44.694
369.346	43.405
370.580	41.353
371.740	38.833
372.822	36.171
373.814	33.607
374.742	31.130
375.628	28.820
376.449	26.699
377.196	24.699
377.889	22.883
378.535	21.239
379.147	19.819
379.733	18.844
380.286	18.171
380.829	17.839
381.360	17.938
381.904	18.398
382.478	19.387
383.091	20.858
383.751	22.790
384.482	25.208
385.294	27.961
386.186	31.024
387.186	34.061
388.306	37.111
389.499	39.381
390.755	40.707
392.028	40.698
393.293	39.650
394.517	37.889
395.690	36.132
396.797	35.086
397.865	35.685
398.970	38.707
400.166	45.234
401.578	56.046
403.317	70.917
405.499	88.349
408.099	103.205
411.015	109.783
413.945	104.713
416.608	89.898
418.799	71.074
420.488	53.167
421.729	39.176
422.641	29.247
423.327	22.484
423.856	17.966
424.285	14.920
424.646	12.751
424.967	11.125
425.255	9.917
425.516	8.993
425.748	8.276
425.954	7.655
426.157	7.111
426.364	6.656
426.549	6.292
426.723	5.991
426.894	5.717
427.065	5.523
427.231	5.426
427.391	5.413
427.566	5.552
427.740	5.919
427.933	6.583
428.153	7.820
428.421	9.921
428.775	13.705
429.271	20.426
430.032	32.603
431.269	54.213
433.293	89.960
436.527	140.597
441.229	192.403
446.946	216.432
452.630	198.434
457.321	156.437
460.760	116.332
463.234	86.450
465.048	65.511
466.406	50.681
467.448	40.052
468.273	32.354
468.943	26.924
469.503	23.348
469.997	21.192
470.454	20.191
470.901	20.196
471.359	21.093
471.847	22.879
472.365	25.554
472.943	29.262
473.618	34.101
474.419	40.169
475.379	47.468
476.514	55.601
477.834	64.011
479.318	71.296
480.934	76.326
482.652	78.430
484.398	77.222
486.095	73.002
487.666	67.056
489.094	60.648
490.375	55.014
491.521	51.195
492.596	49.560
493.647	50.313
494.717	53.572
495.865	59.240
497.144	66.937
498.573	75.829
500.176	84.942
501.927	92.845
503.825	97.905
505.795	98.810
507.746	95.167
509.596	87.846
511.287	78.322
512.773	68.333
514.043	59.382
515.137	52.140
516.105	46.777
516.979	43.393
517.797	41.803
518.589	41.826
519.392	43.340
520.226	46.143
521.116	49.957
522.080	54.491
523.130	59.358
524.291	64.224
525.533	68.410
526.845	71.561
528.213	73.292
529.598	73.571
530.975	72.470
532.325	70.585
533.626	68.152
534.879	65.855
536.087	64.051
537.257	63.042
538.418	62.850
539.575	63.517
540.735	64.805
541.917	66.420
543.123	67.779
544.365	68.638
545.614	68.557
546.842	67.427
548.047	65.229
549.220	62.180
550.325	58.472
551.352	54.514
552.318	50.596
553.215	46.941
554.053	43.548
554.830	40.639
555.556	38.291
556.254	36.431
556.917	35.020
557.545	33.986
558.168	33.357
558.782	32.962
559.396	32.832
560.008	32.945
560.626	33.369
561.258	34.077
561.909	35.115
562.582	36.521
563.286	38.284
564.028	40.438
564.812	42.885
565.644	45.549
566.548	48.374
567.500	51.023
568.505	53.336
569.551	55.118
570.624	56.162
571.715	56.405
572.814	55.914
573.902	54.685
574.959	52.984
575.984	51.097
576.969	49.222
577.922	47.529
578.844	46.071
579.747	44.932
580.618	44.130
581.470	43.497
582.313	42.816
583.145	42.012
583.973	41.048
584.785	39.846
585.576	38.451
586.335	36.872
587.062	35.311
587.756	33.979
588.421	33.021
589.082	32.509
589.739	32.656
590.409	33.680
591.105	35.690
591.846	38.784
592.661	43.111
593.575	48.704
594.604	55.213
595.754	62.275
597.049	69.356
598.485	75.779
600.043	81.080
601.699	84.782
603.402	87.229
605.146	89.297
606.909	91.622
608.700	94.842
610.524	99.483
612.419	105.159
614.394	110.394
616.426	113.974
618.516	114.927
620.582	112.599
622.563	107.707
624.424	101.550
626.167	94.928
627.769	89.346
629.280	85.719
630.713	83.830
632.110	83.644
633.503	84.564
634.902	85.634
636.317	86.592
637.763	86.846
639.180	85.766
640.569	83.048
641.906	79.130
643.173	74.217
644.346	68.654
645.439	62.788
646.437	56.972
647.338	51.600
648.155	46.759
648.904	42.544
649.589	38.961
650.216	36.060
650.789	33.841
651.348	32.165
651.876	31.076
652.385	30.639
652.890	30.886
653.417	31.750
653.961	33.434
654.538	36.240
655.156	40.029
655.850	44.747
656.637	50.705
657.527	57.551
658.536	65.051
659.691	72.737
660.966	79.462
662.315	84.114
663.779	86.387
665.244	85.431
666.680	81.295
668.050	74.442
669.290	65.841
670.369	56.639
671.289	47.778
672.080	39.609
672.730	32.804
673.267	27.437
673.720	23.304
674.108	20.292
674.450	18.259
674.769	17.131
675.070	16.739
675.362	16.941
675.663	17.681
675.987	18.881
676.332	20.498
676.710	22.539
677.131	24.963
677.611	27.794
678.146	30.893
678.740	34.241
679.393	37.738
680.112	41.322
680.902	44.891
681.771	48.469
682.702	51.875
683.694	55.173
684.758	58.536
685.894	62.174
687.089	66.182
688.352	71.005
689.708	77.361
691.194	86.146
692.836	98.234
694.692	115.142
696.850	137.654
699.390	165.588
702.391	196.957
705.860	226.295
709.690	244.964
713.672	246.167
717.476	228.625
720.852	197.322
723.686	160.771
725.948	126.314
727.704	97.340
729.030	74.934
730.042	58.472
730.863	46.404
731.503	37.852
732.021	31.680
732.466	26.966
732.852	23.409
733.183	20.614
733.481	18.316
733.747	16.432
733.985	14.817
734.209	13.407
734.408	12.217
734.584	11.195
734.762	10.234
734.924	9.454
735.064	8.783
735.199	8.170
735.333	7.640
735.460	7.223
735.572	6.868
735.683	6.579
735.795	6.350
735.903	6.191
736.006	6.113
736.111	6.109
736.217	6.139
736.328	6.279
736.440	6.539
736.556	6.930
736.685	7.489
736.825	8.229
736.977	9.210
737.154	10.531
737.358	12.340
737.601	14.772
737.898	17.992
738.265	22.304
738.724	28.084
739.308	35.817
740.041	46.006
740.989	59.504
742.222	77.272
743.829	100.546
745.877	129.860
748.498	166.640
751.765	208.783
755.726	252.033
760.267	287.006
765.144	303.710
770.070	295.879
774.568	264.536
778.441	219.839
781.529	173.032
783.890	131.726
785.673	98.215
786.985	73.682
787.978	56.271
788.738	44.217
789.325	36.277
789.828	30.873
790.252	27.431
790.632	25.464
791.000	24.508
791.348	24.326
791.697	24.771
792.067	25.677
792.441	27.041
792.837	28.865
793.274	31.029
793.747	33.636
794.259	36.660
794.816	39.877
795.422	43.376
796.098	47.142
796.832	51.003
797.612	54.802
798.466	58.361
799.370	61.332
800.333	63.868
801.313	65.547
802.312	66.166
803.338	65.840
804.359	64.546
805.354	62.405
806.299	59.646
807.205	56.516
808.067	53.023
808.884	49.442
809.651	46.184
810.349	43.259
811.008	40.561
811.649	38.388
812.248	36.729
812.814	35.459
813.373	34.644
813.927	34.426
814.482	34.762
815.034	35.340
815.605	36.558
816.210	38.569
816.839	41.348
817.521	44.875
818.269	49.566
819.101	55.845
820.038	63.954
821.108	73.256
822.343	84.768
823.763	98.121
825.409	112.485
827.257	125.545
829.269	136.111
831.468	143.166
833.732	144.645
835.934	140.606
838.066	132.839
840.032	123.442
841.855	114.400
843.526	107.941
845.093	105.702
846.626	107.434
848.194	113.670
849.862	123.509
851.664	134.941
853.591	145.821
855.669	154.073
857.827	157.419
859.954	154.803
862.046	146.176
864.019	133.346
865.769	118.409
867.310	103.915
868.652	91.167
869.830	81.279
870.870	74.600
871.848	71.274
872.771	70.599
873.725	73.046
874.658	76.863
875.689	82.456
876.764	88.536
877.951	95.136
879.203	100.626
880.555	105.017
881.914	107.496
883.312	107.826
884.726	106.333
886.046	103.447
887.389	99.204
888.647	94.660
889.854	90.079
890.992	86.658
892.098	84.285
893.166	83.198
894.225	83.938
895.277	84.868
896.366	87.152
897.488	89.971
898.615	92.585
899.815	95.168
900.995	96.548
902.221	97.123
903.450	96.285
904.645	94.010
905.833	90.540
906.964	86.191
908.024	81.672
909.039	77.022
909.994	72.847
910.883	69.803
911.766	67.405
912.608	66.964
913.451	68.326
914.322	72.288
915.236	78.841
916.240	88.541
917.364	101.547
918.663	116.886
920.155	135.000
921.863	153.831
923.807	171.878
925.946	186.280
928.222	194.155
930.545	193.630
932.852	184.840
934.974	168.960
936.945	147.973
938.598	125.805
940.017	103.881
941.178	84.118
942.117	67.499
942.862	54.283
943.470	43.810
943.960	36.168
944.364	30.834
944.718	27.125
945.031	25.131
945.326	24.247
945.618	24.716
945.910	25.900
946.221	28.442
946.562	31.943
946.958	36.992
947.421	43.669
947.967	52.123
948.643	63.265
949.416	76.078
950.380	91.770
951.545	109.875
952.924	129.754
954.597	150.676
956.416	169.840
958.523	185.595
960.757	195.303
963.083	197.340
965.397	191.440
967.597	178.860
969.612	161.750
971.453	141.780
973.006	122.577
974.370	104.317
975.507	88.583
976.482	75.636
977.302	65.263
978.035	57.091
978.655	50.908
979.242	46.247
979.750	42.701
980.254	40.249
980.688	38.448
981.138	37.397
981.552	36.810
981.987	36.831
982.414	37.217
982.860	38.297
983.321	39.788
983.798	42.273
984.293	45.265
984.843	49.619
985.435	55.331
986.125	63.060
986.891	73.142
987.808	86.490
988.875	103.009
990.149	123.663
991.656	147.162
993.470	174.260
995.567	202.175
998.010	228.146
1000.708	249.137
1003.564	260.055
1006.531	259.970
1009.366	248.657
1012.069	228.157
1014.486	203.606
1016.621	176.972
1018.467	152.921
1020.039	131.389
1021.397	114.855
1022.575	101.266
1023.611	91.990
1024.559	85.160
1025.438	80.664
1026.278	77.738
1027.083	76.130
1027.887	75.207
1028.664	75.186
1029.463	75.327
1030.247	75.982
1031.050	76.738
1031.857	77.716
1032.685	78.856
1033.524	80.130
1034.376	81.453
1035.258	82.997
1036.134	84.395
1037.040	86.087
1037.936	87.525
1038.891	88.967
1039.809	89.818
1040.808	90.432
1041.755	90.282
1042.745	89.474
1043.682	87.990
1044.625	85.775
1045.523	82.946
1046.406	79.340
1047.247	75.336
1048.053	70.868
1048.805	66.235
1049.523	61.509
1050.183	56.826
1050.796	52.482
1051.349	48.460
1051.872	44.884
1052.354	41.556
1052.811	38.757
1053.236	36.239
1053.639	34.309
1054.020	32.601
1054.382	31.548
1054.728	30.618
1055.076	30.170
1055.411	29.924
1055.761	29.965
1056.099	30.321
1056.461	30.792
1056.821	31.615
1057.203	32.457
1057.578	33.614
1057.971	34.864
1058.379	36.416
1058.818	38.210
1059.272	40.332
1059.777	42.881
1060.289	45.901
1060.872	49.517
1061.459	53.848
1062.131	58.818
1062.861	65.151
1063.671	72.579
1064.598	81.848
1065.601	92.886
1066.779	105.979
1068.099	121.443
1069.609	138.493
1071.328	157.687
1073.253	177.801
1075.423	199.128
1077.827	220.201
1080.447	240.918
1083.282	258.726
1086.234	274.446
1089.315	285.431
1092.476	291.916
1095.636	292.804
1098.723	286.871
1101.746	275.249
1104.539	258.093
1107.166	235.641
1109.492	211.591
1111.590	185.854
1113.395	161.505
1114.943	139.170
1116.283	118.878
1117.420	102.118
1118.414	87.429
1119.237	76.140
1119.986	66.283
1120.611	59.143
1121.206	53.259
1121.702	48.947
1122.201	45.598
1122.642	43.148
1123.078	41.327
1123.486	39.917
1123.890	38.993
1124.278	38.211
1124.666	37.733
1125.056	37.303
1125.439	37.062
1125.818	36.793
1126.213	36.677
1126.583	36.537
1126.982	36.546
1127.352	36.680
1127.757	37.072
1128.133	37.798
1128.553	39.018
1128.954	40.966
1129.410	43.848
1129.876	48.092
1130.413	53.943
1131.007	62.144
1131.695	72.767
1132.524	87.257
1133.496	105.225
1134.702	127.795
1136.121	154.079
1137.832	182.999
1139.871	213.410
1142.177	240.040
1144.794	260.855
1147.540	270.366
1150.366	267.498
1153.077	252.647
1155.603	228.227
1157.859	198.900
1159.764	169.347
1161.388	141.534
1162.736	117.920
1163.851	98.710
1164.808	84.389
1165.607	74.180
1166.329	67.518
1166.990	64.306
1167.616	63.520
1168.246	65.312
1168.884	68.850
1169.588	74.413
1170.308	81.951
1171.160	91.086
1172.049	101.812
1173.125	114.652
1174.242	127.657
1175.557	141.682
1176.962	154.985
1178.498	166.669
1180.198	176.500
1181.909	182.178
1183.712	183.508
1185.495	180.403
1187.191	172.714
1188.885	161.474
1190.363	148.206
1191.802	132.482
1193.012	117.674
1194.116	102.384
1195.067	89.037
1195.888	76.972
1196.618	66.463
1197.234	57.909
1197.776	50.590
1198.256	44.922
1198.672	40.263
1199.064	36.726
1199.402	34.078
1199.743	31.944
1200.046	30.478
1200.347	29.372
1200.633	28.701
1200.921	28.277
1201.203	28.064
1201.484	28.096
1201.775	28.192
1202.052	28.463
1202.354	28.747
1202.633	29.135
1202.948	29.512
1203.238	29.985
1203.567	30.410
1203.861	30.918
1204.208	31.452
1204.527	32.121
1204.879	32.933
1205.225	34.088
1205.597	35.744
1205.988	38.377
1206.404	42.487
1206.884	49.120
1207.422	59.995
1208.119	77.566
1208.984	105.492
1210.221	149.892
1211.931	217.481
1214.391	312.193
1217.966	441.619
1222.774	583.194
1228.927	707.937
1236.047	765.326
1243.227	728.053
1249.688	611.564
1254.882	462.914
1258.603	326.248
1261.215	217.919
1262.923	142.354
1264.026	92.642
1264.763	60.877
1265.237	41.875
1265.573	30.190
1265.815	23.320
1265.998	19.461
1266.165	17.052
1266.307	15.993
1266.447	15.612
1266.577	15.631
1266.709	16.204
1266.849	16.733
1266.992	17.643
1267.160	18.915
1267.325	20.282
1267.505	21.994
1267.704	23.820
1267.910	26.023
1268.154	28.585
1268.416	31.582
1268.706	34.975
1269.040	38.946
1269.397	43.645
1269.799	48.620
1270.260	54.781
1270.767	61.704
1271.368	69.687
1272.013	78.886
1272.781	89.397
1273.621	101.035
1274.594	114.367
1275.706	128.879
1276.866	144.015
1278.326	160.805
1279.790	177.161
1281.470	192.553
1283.278	207.513
1285.157	219.363
1287.205	227.584
1289.292	232.915
1291.360	233.006
1293.482	229.342
1295.487	222.978
1297.443	212.629
1299.308	201.511
1301.029	189.733
1302.683	177.043
1304.206	165.971
1305.617	155.386
1306.953	146.754
1308.178	139.139
1309.366	133.674
1310.533	128.716
1311.594	125.494
1312.716	123.636
1313.742	123.050
1314.802	123.776
1315.863	125.243
1316.897	128.862
1318.035	132.956
1319.160	138.993
1320.381	147.093
1321.619	155.267
1322.949	166.114
1324.381	177.654
1325.875	189.278
1327.495	201.047
1329.196	211.265
1330.980	219.636
1332.789	224.577
1334.694	225.902
1336.526	222.571
1338.325	214.620
1340.130	202.775
1341.677	187.893
1343.223	170.301
1344.584	152.049
1345.730	134.024
1346.857	115.503
1347.735	99.546
1348.515	84.507
1349.204	71.094
1349.752	59.903
1350.232	50.104
1350.635	42.027
1350.956	35.422
1351.246	29.891
1351.494	25.254
1351.685	21.699
1351.874	18.588
1352.021	16.271
1352.156	14.328
1352.280	12.781
1352.371	11.636
1352.480	10.567
1352.570	9.848
1352.654	9.260
1352.740	8.836
1352.804	8.556
1352.884	8.263
1352.958	8.129
1353.030	8.066
1353.107	8.065
1353.169	8.143
1353.250	8.187
1353.322	8.374
1353.396	8.522
1353.481	8.777
1353.559	9.061
1353.651	9.366
1353.732	9.781
1353.823	10.110
1353.927	10.663
1354.023	11.130
1354.137	11.712
1354.243	12.346
1354.368	12.998
1354.494	13.843
1354.633	14.621
1354.786	15.648
1354.937	16.592
1355.118	17.815
1355.283	18.979
1355.481	20.297
1355.684	21.836
1355.910	23.356
1356.146	25.203
1356.415	27.050
1356.698	29.261
1357.010	31.504
1357.337	34.007
1357.705	36.780
1358.089	39.717
1358.521	43.030
1358.974	46.645
1359.480	50.504
1360.037	54.994
1360.622	59.636
1361.293	65.184
1361.981	70.897
1362.784	77.769
1363.620	85.208
1364.577	93.855
1365.599	103.759
1366.745	114.850
1368.018	127.948
1369.421	142.887
1370.993	159.658
1372.732	179.135
1374.670	199.683
1376.806	221.875
1379.169	244.038
1381.741	264.606
1384.463	281.724
1387.390	293.123
1390.274	296.480
1393.271	292.263
1396.041	279.820
1398.738	260.866
1401.211	237.633
1403.391	212.022
1405.372	185.636
1407.041	160.732
1408.501	137.692
1409.758	117.103
1410.801	99.972
1411.720	84.729
1412.469	72.779
1413.136	62.581
1413.705	54.420
1414.200	48.300
1414.652	42.900
1415.046	39.400
1415.410	36.246
1415.745	34.550
1416.075	33.195
1416.389	32.765
1416.711	32.969
1417.019	33.715
1417.359	35.383
1417.691	37.654
1418.077	41.258
1418.473	45.571
1418.952	52.083
1419.455	60.193
1420.077	71.384
1420.803	86.322
1421.690	106.196
1422.792	132.207
1424.147	166.079
1425.890	208.481
1427.967	257.858
1430.650	314.147
1433.676	367.960
1437.331	414.696
1441.199	442.564
1445.259	445.663
1449.271	424.141
1453.032	380.443
1456.219	327.866
1459.014	269.821
1461.205	219.716
1463.020	175.236
1464.422	141.032
1465.580	115.424
1466.516	95.709
1467.305	82.534
1467.996	73.738
1468.595	68.292
1469.188	65.871
1469.721	64.828
1470.268	65.690
1470.850	67.758
1471.413	70.719
1472.050	74.800
1472.681	79.209
1473.372	84.583
1474.106	89.732
1474.872	95.782
1475.758	101.913
1476.583	107.172
1477.559	113.420
1478.540	118.306
1479.558	123.688
1480.679	128.669
1481.728	133.591
1482.945	140.236
1484.131	148.483
1485.407	161.640
1486.848	181.823
1488.428	214.058
1490.329	264.702
1492.614	338.694
1495.636	449.759
1499.481	590.765
1504.408	754.398
1510.696	922.848
1517.906	1036.875
1525.722	1062.302
1533.276	985.478
1540.068	830.163
1545.557	644.536
1549.534	478.321
1552.612	335.288
1554.681	231.533
1556.075	160.275
1557.086	110.807
1557.763	78.936
1558.231	58.129
1558.597	44.783
1558.896	35.934
1559.116	30.386
1559.297	26.986
1559.486	24.596
1559.647	23.115
1559.787	22.298
1559.945	21.802
1560.095	21.528
1560.225	21.517
1560.374	21.639
1560.528	21.854
1560.669	22.236
1560.817	22.744
1560.982	23.234
1561.141	24.016
1561.295	24.818
1561.473	25.530
1561.662	26.725
1561.836	27.953
1562.034	28.947
1562.252	30.483
1562.457	32.128
1562.683	33.463
1562.939	35.371
1563.187	37.469
1563.445	39.057
1563.748	41.310
1564.050	43.765
1564.348	45.543
1564.700	47.959
1565.065	50.606
1565.407	52.424
1565.811	54.772
1566.235	57.287
1566.627	58.932
1567.078	60.954
1567.555	62.913
1567.997	64.060
1568.497	65.414
1569.006	66.387
1569.489	66.714
1570.027	67.065
1570.529	66.919
1571.017	66.377
1571.533	65.696
1572.032	64.674
1572.526	63.342
1573.012	61.948
1573.501	60.329
1573.987	58.568
1574.419	57.138
1574.867	55.689
1575.299	54.507
1575.713	53.593
1576.150	53.072
1576.558	53.325
1576.983	53.824
1577.420	55.473
1577.857	58.204
1578.328	61.012
1578.819	65.806
1579.357	71.662
1579.940	78.573
1580.584	87.647
1581.310	97.815
1582.118	109.854
1583.039	123.104
1584.031	136.561
1585.167	151.065
1586.392	164.444
1587.742	177.257
1589.216	187.867
1590.703	195.014
1592.331	198.667
1593.894	197.898
1595.443	192.966
1596.996	183.592
1598.407	172.048
1599.784	157.023
1600.987	141.663
1602.082	126.151
1603.069	110.002
1603.894	96.317
1604.669	82.972
1605.293	71.733
1605.855	62.473
1606.349	54.980
1606.763	49.831
1607.164	46.652
1607.531	46.185
1607.906	48.363
1608.302	54.430
1608.752	65.816
1609.312	83.812
1610.005	110.512
1610.950	151.107
1612.270	210.009
1614.014	287.607
1616.455	390.970
1619.842	520.558
1624.066	655.647
1629.215	776.220
1635.242	855.901
1641.657	866.227
1647.735	806.443
1653.252	693.637
1657.966	555.175
1661.552	428.411
1664.271	319.982
1666.297	233.983
1667.785	173.947
1668.881	132.354
1669.687	102.990
1670.352	83.639
1670.925	71.687
1671.359	63.311
1671.749	57.554
1672.166	54.321
1672.521	52.175
1672.834	50.256
1673.194	49.204
1673.538	48.693
1673.821	47.860
1674.151	47.305
1674.508	47.251
1674.797	47.001
1675.110	46.913
1675.464	47.411
1675.771	48.143
1676.099	49.508
1676.467	52.138
1676.815	56.233
1677.207	62.857
1677.671	73.339
1678.179	89.184
1678.823	114.479
1679.674	153.094
1680.759	209.236
1682.293	293.815
1684.482	416.571
1687.464	580.847
1691.608	790.101
1697.150	1026.353
1704.005	1246.845
1712.289	1400.567
1721.013	1421.920
1729.205	1311.437
1736.701	1102.986
1742.886	856.643
1747.390	633.977
1750.664	451.096
1752.977	314.689
1754.639	217.607
1755.763	151.653
1756.511	108.700
1757.052	79.892
1757.503	59.873
1757.819	47.177
1758.047	38.623
1758.238	32.469
1758.433	28.032
1758.590	24.939
1758.708	22.610
1758.821	20.727
1758.954	19.146
1759.064	17.960
1759.148	17.013
1759.237	16.127
1759.342	15.305
1759.430	14.719
1759.498	14.228
1759.577	13.684
1759.668	13.233
1759.738	12.974
1759.798	12.728
1759.878	12.354
1759.963	12.141
1760.028	12.059
1760.087	11.878
1760.165	11.649
1760.239	11.629
1760.298	11.639
1760.360	11.494
1760.438	11.443
1760.512	11.578
1760.573	11.658
1760.641	11.529
1760.720	11.630
1760.790	11.817
1760.852	11.813
1760.929	11.849
1761.013	12.121
1761.079	12.332
1761.145	12.285
1761.234	12.513
1761.320	12.846
1761.389	12.942
1761.471	13.118
1761.565	13.548
1761.646	13.840
1761.721	14.004
1761.829	14.538
1761.934	15.191
1762.006	15.570
1762.108	16.306
1762.242	17.488
1762.343	18.666
1762.454	20.291
1762.614	22.884
1762.767	26.225
1762.917	30.689
1763.153	37.441
1763.425	46.870
1763.721	60.184
1764.162	79.679
1764.746	106.825
1765.457	144.352
1766.506	199.053
1767.973	273.221
1769.819	367.641
1772.415	490.695
1775.911	636.990
1780.193	791.465
1785.493	934.379
1791.543	1029.557
1797.910	1059.815
1804.500	1012.031
1810.420	895.826
1815.341	750.143
1819.592	592.838
1822.920	450.916
1825.282	338.923
1827.061	249.946
1828.420	185.147
1829.450	139.573
1830.173	107.125
1830.706	85.867
1831.197	71.105
1831.623	60.940
1831.925	54.917
1832.201	51.022
1832.510	48.167
1832.800	46.923
1833.044	46.795
1833.289	46.959
1833.577	47.060
1833.855	48.054
1834.123	49.748
1834.390	51.299
1834.698	52.721
1835.006	55.081
1835.330	58.218
1835.654	60.918
1836.012	63.492
1836.404	67.321
1836.818	72.016
1837.212	75.829
1837.646	79.963
1838.142	85.529
1838.661	91.829
1839.184	97.101
1839.771	103.209
1840.433	110.845
1841.074	118.168
1841.749	124.536
1842.517	132.276
1843.338	140.903
1844.171	148.413
1845.060	155.564
1846.017	163.815
1847.008	171.754
1848.018	177.484
1849.085	183.367
1850.186	190.172
1851.347	194.649
1852.514	197.677
1853.678	200.755
1854.900	203.561
1856.131	203.497
1857.336	202.761
1858.510	202.433
1859.742	200.592
1860.970	197.061
1862.098	193.798
1863.215	190.221
1864.383	184.300
1865.491	178.673
1866.510	173.118
1867.504	166.920
1868.553	159.909
1869.519	153.092
1870.378	146.739
1871.206	139.339
1872.095	131.921
1872.872	125.163
1873.539	118.730
1874.271	111.609
1874.995	104.808
1875.586	98.948
1876.119	93.350
1876.727	87.170
1877.280	81.755
1877.699	77.770
1878.163	73.383
1878.657	69.059
1879.058	66.285
1879.421	63.977
1879.833	61.026
1880.233	59.279
1880.569	59.039
1880.922	58.582
1881.307	58.411
1881.671	60.316
1882.029	63.064
1882.418	65.416
1882.836	69.193
1883.291	75.433
1883.760	82.261
1884.264	89.445
1884.841	99.131
1885.500	111.587
1886.196	123.730
1886.981	137.367
1887.899	154.168
1888.889	171.838
1889.957	188.764
1891.202	207.506
1892.531	225.762
1893.943	241.497
1895.499	255.863
1897.154	267.862
1898.784	274.248
1900.514	276.673
1902.280	275.155
1903.924	269.127
1905.572	257.705
1907.221	243.253
1908.703	227.397
1910.030	209.837
1911.329	190.180
1912.501	172.499
1913.519	156.430
1914.463	139.196
1915.312	124.341
1916.064	112.721
1916.752	101.009
1917.348	90.704
1917.901	83.591
1918.446	77.013
1918.879	70.792
1919.281	66.792
1919.750	63.487
1920.147	60.142
1920.471	58.038
1920.869	56.821
1921.267	55.426
1921.546	54.562
1921.871	54.520
1922.290	54.308
1922.609	54.185
1922.915	54.837
1923.318	55.652
1923.681	56.188
1923.992	57.408
1924.379	59.028
1924.806	60.330
1925.158	62.201
1925.563	64.767
1926.039	67.104
1926.444	69.944
1926.878	73.562
1927.402	77.289
1927.910	81.495
1928.440	86.636
1929.033	92.166
1929.633	97.902
1930.311	105.156
1931.029	112.612
1931.727	119.850
1932.571	128.770
1933.483	138.395
1934.321	146.518
1935.323	155.912
1936.481	165.881
1937.520	174.446
1938.624	182.348
1939.970	189.485
1941.214	195.963
1942.391	200.893
1943.838	203.172
1945.238	204.667
1946.497	206.067
1947.884	203.712
1949.271	199.474
1950.527	196.929
1951.817	192.697
1953.101	185.931
1954.287	180.998
1955.502	176.672
1956.653	171.180
1957.729	166.366
1958.833	162.843
1959.903	160.380
1960.928	157.775
1961.959	155.647
1962.988	155.107
1964.003	155.049
1965.021	154.605
1966.019	154.325
1967.012	154.747
1968.050	154.725
1969.044	154.230
1970.009	153.447
1971.049	151.994
1972.088	150.230
1973.010	147.676
1973.955	143.795
1974.963	139.808
1975.828	135.500
1976.636	129.698
1977.551	123.604
1978.389	117.783
1979.104	111.631
1979.813	104.752
1980.547	98.149
1981.172	92.147
1981.705	85.883
1982.314	79.497
1982.868	74.138
1983.302	69.148
1983.759	63.839
1984.217	59.111
1984.589	55.367
1984.927	51.447
1985.295	47.618
1985.625	44.844
1985.888	42.187
1986.177	39.271
1986.469	37.099
1986.703	35.433
1986.935	33.371
1987.181	31.599
1987.393	30.489
1987.586	29.164
1987.796	27.705
1987.993	26.975
1988.172	26.178
1988.350	24.961
1988.531	24.407
1988.706	23.995
1988.866	23.000
1989.034	22.523
1989.209	22.254
1989.350	21.502
1989.501	21.070
1989.678	20.854
1989.811	20.267
1989.945	19.870
1990.121	19.660
1990.249	19.190
1990.371	18.817
1990.542	18.599
1990.665	18.223
1990.780	17.857
1990.944	17.638
1991.063	17.327
1991.174	16.950
1991.332	16.728
1991.447	16.445
1991.558	16.054
1991.707	15.835
1991.817	15.556
1991.932	15.141
1992.071	14.932
1992.174	14.624
1992.287	14.214
1992.409	14.015
1992.505	13.717
1992.610	13.351
1992.728	13.130
1992.820	12.810
1992.921	12.481
1993.034	12.245
1993.120	11.906
1993.218	11.619
1993.326	11.384
1993.391	11.080
1993.493	10.782
1993.594	10.516
1993.662	10.229
1993.759	9.936
1993.848	9.655
1993.919	9.400
1994.009	9.141
1994.071	8.911
1994.141	8.616
1994.236	8.363
1994.287	8.156
1994.362	7.857
1994.442	7.631
1994.501	7.391
1994.573	7.157
1994.616	7.006
1994.670	6.711
1994.756	6.495
1994.806	6.293
1994.864	6.067
1994.913	5.929
1994.952	5.683
1995.027	5.491
1995.070	5.311
1995.117	5.109
1995.164	4.985
1995.193	4.778
1995.259	4.614
1995.294	4.460
1995.335	4.287
1995.377	4.180
1995.397	3.997
1995.459	3.859
1995.484	3.724
1995.527	3.582
1995.561	3.479
1995.580	3.328
1995.630	3.220
1995.644	3.094
1995.690	2.979
1995.711	2.886
1995.741	2.771
1995.771	2.699
1995.782	2.575
1995.829	2.481
1995.835	2.388
1995.876	2.297
1995.889	2.226
1995.917	2.136
1995.938	2.080
1995.952	1.990
1995.983	1.947
1995.982	1.856
1996.024	1.791
1996.025	1.724
1996.061	1.653
1996.067	1.604
1996.093	1.538
1996.105	1.498
1996.122	1.434
1996.139	1.403
1996.148	1.342
1996.171	1.316
1996.173	1.258
1996.201	1.236
1996.195	1.180
1996.227	1.155
1996.218	1.108
1996.251	1.079
1996.244	1.038
1996.275	1.011
1996.269	0.974
1996.296	0.949
1996.292	0.916
1996.317	0.893
1996.314	0.862
1996.338	0.841
1996.334	0.813
1996.357	0.794
1996.352	0.768
1996.376	0.751
1996.370	0.726
1996.395	0.711
1996.386	0.687
1996.413	0.675
1996.401	0.653
1996.430	0.643
1996.417	0.623
1996.443	0.611
1996.435	0.594
1996.455	0.581
1996.453	0.567
1996.467	0.554
1996.470	0.542
1996.478	0.528
1996.488	0.519
1996.488	0.505
1996.506	0.498
1996.496	0.487
1996.520	0.478
1996.508	0.470
1996.528	0.458
1996.526	0.451
1996.536	0.440
1996.545	0.434
1996.543	0.425
1996.563	0.418
1996.547	0.414
1996.569	0.402
1996.566	0.398
1996.575	0.388
1996.585	0.383
1996.579	0.378
1996.599	0.370
1996.589	0.368
1996.603	0.358
1996.609	0.354
1996.606	0.349
1996.624	0.341
1996.615	0.341
1996.628	0.331
1996.635	0.327
1996.629	0.325
1996.646	0.316
1996.642	0.315
1996.649	0.308
1996.663	0.303
1996.650	0.305
1996.666	0.294
1996.672	0.291
1996.666	0.290
1996.681	0.282
1996.681	0.281
1996.682	0.277
1996.695	0.270
1996.691	0.271
1996.697	0.265
1996.708	0.259
1996.702	0.260
1996.709	0.254
1996.721	0.248
1996.715	0.250
1996.721	0.244
1996.732	0.238
1996.728	0.239
1996.732	0.235
1996.743	0.228
1996.742	0.228
1996.742	0.226
1996.753	0.219
1996.756	0.217
1996.752	0.218
1996.762	0.211
1996.770	0.206
1996.763	0.209
1996.770	0.204
1996.778	0.198
1996.780	0.197
1996.778	0.197
1996.786	0.191
1996.793	0.187
1996.790	0.188
1996.793	0.185
1996.800	0.179
1996.806	0.176
1996.802	0.178
