<j>	<F>
1.246	20.230
3.002	11.614
4.179	10.899
5.196	11.156
6.054	12.657
7.215	14.244
8.585	11.436
9.532	12.759
11.137	12.035
12.467	10.583
13.346	11.228
14.237	12.121
15.522	12.358
17.083	11.206
18.031	11.225
18.729	12.104
19.440	13.182
20.367	13.904
21.486	13.900
22.550	13.992
23.598	14.074
24.543	14.400
25.496	14.789
26.692	14.889
28.339	13.899
29.759	13.131
30.782	13.117
31.548	13.591
32.242	14.305
32.951	15.017
33.668	15.788
34.659	16.272
36.382	15.425
38.246	13.966
39.354	13.671
40.058	14.153
40.693	14.825
41.311	15.561
41.954	16.348
42.828	16.894
44.396	16.488
47.021	14.592
49.278	12.927
50.306	12.732
50.847	13.227
51.368	13.878
52.136	14.383
53.392	14.399
54.975	13.902
56.180	13.619
56.831	13.932
57.242	14.605
57.644	15.395
58.184	16.123
59.043	16.540
60.413	16.340
62.128	15.617
63.566	15.095
64.501	15.129
65.151	15.527
65.716	16.077
66.315	16.641
67.037	17.098
67.946	17.346
69.090	17.324
70.581	16.948
72.480	16.152
74.343	15.315
75.630	14.992
76.493	15.141
77.473	15.351
79.355	15.035
82.678	13.725
85.950	12.324
87.839	11.757
88.864	11.722
89.525	11.900
90.007	12.186
90.395	12.540
90.742	12.941
91.088	13.369
91.469	13.806
91.919	14.227
92.476	14.602
93.164	14.901
93.977	15.113
94.877	15.255
95.812	15.364
96.766	15.461
97.775	15.532
98.919	15.526
100.275	15.387
101.845	15.110
103.539	14.755
105.236	14.403
106.832	14.111
108.221	13.924
109.327	13.877
110.148	13.980
110.755	14.210
111.248	14.524
111.742	14.869
112.371	15.171
113.303	15.331
114.711	15.234
116.582	14.858
118.546	14.389
120.167	14.072
121.324	13.985
122.117	14.086
122.670	14.318
123.085	14.638
123.439	15.012
123.804	15.407
124.257	15.780
124.911	16.069
125.927	16.174
127.442	16.000
129.326	15.585
131.114	15.176
132.486	14.978
133.537	14.971
134.555	15.027
135.900	14.984
138.002	14.662
141.060	13.964
144.396	13.129
146.953	12.555
148.521	12.336
149.469	12.347
150.136	12.469
150.717	12.634
151.315	12.805
151.990	12.960
152.768	13.084
153.647	13.174
154.591	13.237
155.543	13.290
156.447	13.354
157.284	13.440
158.082	13.546
158.909	13.651
159.864	13.726
161.045	13.734
162.496	13.652
164.133	13.496
165.741	13.329
167.100	13.224
168.120	13.221
168.843	13.314
169.359	13.481
169.750	13.699
170.076	13.948
170.380	14.216
170.692	14.492
171.039	14.767
171.447	15.030
171.947	15.268
172.587	15.462
173.465	15.580
174.788	15.554
176.933	15.266
180.220	14.614
184.168	13.743
187.537	13.035
189.773	12.668
191.169	12.552
192.106	12.572
192.798	12.662
193.351	12.793
193.817	12.950
194.232	13.126
194.621	13.315
195.003	13.510
195.390	13.710
195.788	13.911
196.201	14.113
196.628	14.314
197.074	14.515
197.552	14.712
198.096	14.896
198.783	15.046
199.758	15.122
201.234	15.056
203.389	14.790
206.070	14.352
208.703	13.904
210.798	13.601
212.340	13.459
213.572	13.418
214.717	13.412
215.892	13.404
217.124	13.382
218.371	13.351
219.557	13.328
220.618	13.331
221.525	13.368
222.295	13.441
222.978	13.539
223.648	13.648
224.406	13.746
225.384	13.803
226.751	13.781
228.651	13.641
231.055	13.382
233.631	13.067
235.903	12.801
237.598	12.649
238.750	12.614
239.533	12.662
240.109	12.760
240.586	12.885
241.033	13.021
241.490	13.160
241.989	13.294
242.555	13.417
243.215	13.524
243.992	13.607
244.904	13.662
245.955	13.686
247.132	13.681
248.398	13.654
249.704	13.615
251.005	13.575
252.275	13.541
253.513	13.514
254.734	13.493
255.964	13.472
257.225	13.447
258.530	13.414
259.878	13.372
261.247	13.324
262.596	13.278
263.871	13.242
265.018	13.228
266.001	13.243
266.810	13.292
267.460	13.372
267.979	13.481
268.400	13.613
268.757	13.761
269.077	13.922
269.388	14.089
269.711	14.258
270.070	14.424
270.491	14.581
271.005	14.722
271.660	14.835
272.519	14.907
273.673	14.918
275.219	14.844
277.210	14.673
279.545	14.421
281.943	14.146
284.081	13.918
285.806	13.774
287.167	13.710
288.324	13.695
289.435	13.697
290.618	13.692
291.926	13.665
293.353	13.614
294.840	13.550
296.313	13.484
297.720	13.430
299.043	13.390
300.296	13.365
301.495	13.349
302.647	13.341
303.734	13.343
304.731	13.358
305.613	13.391
306.368	13.445
307.000	13.521
307.527	13.618
307.974	13.730
308.367	13.856
308.731	13.989
309.086	14.128
309.451	14.268
309.841	14.405
310.268	14.538
310.739	14.665
311.258	14.783
311.822	14.893
312.422	14.996
313.042	15.094
313.662	15.191
314.264	15.293
314.829	15.401
315.349	15.521
315.820	15.652
316.249	15.796
316.644	15.949
317.021	16.110
317.397	16.275
317.795	16.439
318.244	16.595
318.789	16.732
319.504	16.834
320.514	16.873
322.023	16.803
324.316	16.564
327.634	16.112
331.905	15.477
336.605	14.786
341.086	14.170
344.934	13.692
347.993	13.360
350.286	13.157
351.942	13.056
353.131	13.029
354.003	13.052
354.672	13.108
355.216	13.185
355.690	13.274
356.130	13.371
356.564	13.471
357.012	13.571
357.490	13.668
358.014	13.760
358.597	13.844
359.250	13.919
359.986	13.982
360.813	14.031
361.744	14.064
362.787	14.080
363.952	14.078
365.246	14.056
366.666	14.014
368.197	13.955
369.800	13.883
371.418	13.808
372.984	13.738
374.441	13.682
375.753	13.647
376.912	13.634
377.933	13.642
378.842	13.666
379.672	13.704
380.454	13.750
381.218	13.800
381.988	13.850
382.790	13.897
383.643	13.937
384.563	13.968
385.559	13.989
386.629	13.998
387.762	13.997
388.934	13.989
390.115	13.978
391.273	13.970
392.383	13.967
393.425	13.974
394.396	13.990
395.295	14.017
396.131	14.053
396.914	14.097
397.657	14.148
398.372	14.204
399.073	14.263
399.775	14.322
400.492	14.380
401.240	14.434
402.032	14.483
402.880	14.524
403.794	14.555
404.777	14.576
405.829	14.586
406.944	14.586
408.113	14.578
409.330	14.562
410.590	14.541
411.897	14.513
413.261	14.477
414.698	14.433
416.223	14.376
417.844	14.308
419.560	14.227
421.354	14.136
423.206	14.038
425.105	13.936
427.063	13.830
429.128	13.716
431.373	13.586
433.865	13.432
436.618	13.252
439.544	13.054
442.464	12.855
445.163	12.680
447.492	12.544
449.406	12.452
450.949	12.401
452.210	12.381
453.288	12.382
454.274	12.396
455.252	12.414
456.294	12.427
457.469	12.431
458.835	12.417
460.429	12.383
462.252	12.327
464.252	12.253
466.326	12.169
468.340	12.087
470.170	12.020
471.737	11.974
473.019	11.954
474.036	11.957
474.834	11.982
475.468	12.022
475.988	12.074
476.437	12.135
476.849	12.200
477.254	12.267
477.675	12.334
478.134	12.398
478.654	12.459
479.254	12.513
479.955	12.558
480.779	12.593
481.741	12.615
482.856	12.623
484.129	12.616
485.559	12.594
487.134	12.559
488.838	12.511
490.652	12.454
492.557	12.389
494.536	12.318
496.567	12.243
498.625	12.166
500.673	12.090
502.672	12.018
504.581	11.953
506.367	11.899
508.013	11.856
509.514	11.825
510.877	11.805
512.115	11.795
513.246	11.794
514.284	11.801
515.241	11.815
516.127	11.834
516.947	11.858
517.707	11.888
518.409	11.922
519.057	11.960
519.655	12.003
520.206	12.049
520.714	12.100
521.185	12.154
521.622	12.211
522.029	12.271
522.412	12.334
522.773	12.399
523.117	12.466
523.447	12.536
523.766	12.607
524.075	12.679
524.378	12.753
524.676	12.827
524.970	12.903
525.263	12.980
525.556	13.058
525.849	13.136
526.143	13.215
526.441	13.294
526.742	13.374
527.048	13.455
527.360	13.535
527.681	13.615
528.011	13.695
528.357	13.775
528.724	13.853
529.123	13.930
529.577	14.001
530.123	14.066
530.827	14.116
531.809	14.143
533.263	14.127
535.472	14.042
538.748	13.859
543.202	13.565
548.437	13.195
553.563	12.828
557.763	12.540
560.774	12.359
562.792	12.267
564.139	12.237
565.081	12.244
565.790	12.272
566.363	12.313
566.854	12.362
567.293	12.415
567.696	12.472
568.073	12.532
568.429	12.594
568.771	12.658
569.101	12.723
569.424	12.790
569.742	12.857
570.060	12.925
570.381	12.994
570.709	13.063
571.051	13.131
571.411	13.199
571.800	13.265
572.229	13.328
572.715	13.387
573.285	13.440
573.973	13.484
574.831	13.514
575.929	13.525
577.354	13.509
579.198	13.458
581.525	13.367
584.322	13.235
587.453	13.073
590.667	12.901
593.680	12.743
596.283	12.616
598.399	12.529
600.060	12.478
601.354	12.458
602.380	12.461
603.223	12.479
603.948	12.507
604.599	12.542
605.210	12.581
605.804	12.622
606.396	12.664
607.004	12.705
607.644	12.744
608.331	12.780
609.090	12.812
609.945	12.836
610.928	12.852
612.075	12.857
613.420	12.846
614.990	12.820
616.792	12.775
618.804	12.715
620.965	12.642
623.184	12.564
625.355	12.487
627.382	12.420
629.200	12.367
630.780	12.331
632.128	12.311
633.269	12.306
634.237	12.315
635.068	12.333
635.793	12.360
636.439	12.392
637.025	12.430
637.568	12.471
638.079	12.514
638.568	12.560
639.041	12.607
639.504	12.655
639.962	12.704
640.421	12.754
640.884	12.803
641.357	12.852
641.846	12.900
642.357	12.948
642.898	12.993
643.479	13.036
644.110	13.075
644.805	13.110
645.579	13.140
646.448	13.162
647.430	13.177
648.538	13.182
649.782	13.177
651.159	13.161
652.654	13.136
654.237	13.104
655.863	13.067
657.481	13.030
659.039	12.996
660.498	12.969
661.835	12.951
663.045	12.942
664.140	12.942
665.143	12.949
666.086	12.962
667.003	12.977
667.931	12.993
668.905	13.006
669.959	13.014
671.122	13.015
672.419	13.007
673.866	12.988
675.467	12.959
677.220	12.918
679.109	12.869
681.113	12.811
683.207	12.748
685.360	12.680
687.541	12.611
689.716	12.543
691.847	12.477
693.895	12.417
695.822	12.365
697.597	12.321
699.201	12.289
700.628	12.268
701.881	12.257
702.977	12.257
703.934	12.266
704.775	12.282
705.522	12.305
706.195	12.333
706.809	12.364
707.380	12.399
707.917	12.436
708.431	12.475
708.927	12.516
709.411	12.558
709.886	12.600
710.356	12.643
710.825	12.686
711.295	12.730
711.772	12.773
712.259	12.817
712.765	12.859
713.299	12.900
713.873	12.938
714.505	12.974
715.220	13.004
716.048	13.028
717.029	13.043
718.210	13.045
719.642	13.031
721.372	12.999
723.429	12.945
725.799	12.871
728.421	12.779
731.175	12.678
733.909	12.577
736.479	12.485
738.778	12.409
740.758	12.352
742.421	12.315
743.805	12.295
744.961	12.290
745.941	12.297
746.794	12.312
747.561	12.332
748.274	12.357
748.961	12.383
749.646	12.411
750.349	12.437
751.091	12.462
751.891	12.484
752.766	12.502
753.732	12.515
754.802	12.521
755.980	12.522
757.263	12.516
758.640	12.504
760.083	12.487
761.558	12.468
763.023	12.449
764.437	12.432
765.763	12.419
766.975	12.413
768.059	12.413
769.013	12.421
769.844	12.437
770.567	12.459
771.199	12.487
771.760	12.519
772.271	12.555
772.751	12.594
773.219	12.633
773.694	12.673
774.195	12.712
774.742	12.748
775.354	12.782
776.052	12.810
776.861	12.833
777.802	12.848
778.898	12.854
780.167	12.850
781.618	12.835
783.250	12.809
785.044	12.773
786.968	12.729
788.970	12.679
790.997	12.628
792.992	12.578
794.910	12.532
796.721	12.492
798.410	12.458
799.979	12.433
801.435	12.413
802.794	12.400
804.070	12.391
805.277	12.386
806.426	12.385
807.522	12.387
808.569	12.391
809.567	12.398
810.514	12.408
811.408	12.420
812.244	12.436
813.021	12.455
813.737	12.477
814.393	12.502
814.989	12.531
815.527	12.564
816.012	12.599
816.447	12.637
816.838	12.679
817.187	12.722
817.502	12.769
817.785	12.817
818.041	12.867
818.275	12.919
818.489	12.973
818.687	13.028
818.873	13.084
819.049	13.141
819.217	13.200
819.381	13.259
819.542	13.318
819.704	13.378
819.868	13.439
820.037	13.499
820.215	13.560
820.405	13.620
820.611	13.680
820.838	13.739
821.091	13.797
821.376	13.853
821.701	13.907
822.075	13.958
822.508	14.006
823.009	14.050
823.589	14.088
824.258	14.121
825.022	14.147
825.886	14.166
826.845	14.178
827.891	14.184
829.006	14.185
830.166	14.182
831.342	14.177
832.504	14.173
833.630	14.170
834.702	14.171
835.713	14.177
836.670	14.186
837.590	14.198
838.504	14.212
839.454	14.224
840.497	14.231
841.705	14.229
843.165	14.211
844.968	14.172
847.198	14.106
849.896	14.010
853.025	13.886
856.443	13.743
859.924	13.595
863.224	13.456
866.163	13.340
868.657	13.251
870.718	13.188
872.414	13.150
873.834	13.128
875.065	13.120
876.187	13.119
877.266	13.121
878.365	13.124
879.535	13.123
880.831	13.117
882.301	13.102
883.986	13.076
885.911	13.037
888.079	12.985
890.458	12.921
892.978	12.849
895.544	12.774
898.047	12.701
900.395	12.636
902.522	12.581
904.402	12.540
906.043	12.511
907.473	12.493
908.735	12.485
909.873	12.483
910.930	12.486
911.940	12.492
912.932	12.499
913.928	12.507
914.940	12.514
915.977	12.519
917.038	12.524
918.122	12.527
919.221	12.529
920.323	12.531
921.420	12.533
922.499	12.536
923.552	12.540
924.572	12.545
925.555	12.552
926.499	12.561
927.406	12.572
928.279	12.585
929.122	12.599
929.940	12.614
930.737	12.631
931.519	12.648
932.288	12.666
933.046	12.685
933.795	12.704
934.534	12.723
935.263	12.743
935.978	12.764
936.680	12.786
937.364	12.808
938.029	12.831
938.675	12.855
939.301	12.881
939.907	12.907
940.496	12.935
941.071	12.963
941.637	12.992
942.198	13.021
942.762	13.051
943.335	13.080
943.926	13.108
944.543	13.136
945.192	13.161
945.882	13.185
946.618	13.207
947.405	13.226
948.244	13.242
949.132	13.255
950.065	13.266
951.034	13.275
952.029	13.283
953.034	13.289
954.037	13.295
955.027	13.302
955.991	13.310
956.926	13.320
957.834	13.331
958.718	13.343
959.595	13.356
960.484	13.369
961.414	13.381
962.422	13.389
963.551	13.391
964.849	13.385
966.371	13.369
968.162	13.339
970.250	13.294
972.636	13.234
975.271	13.160
978.063	13.078
980.885	12.993
983.596	12.913
986.085	12.843
988.278	12.787
990.147	12.747
991.709	12.722
992.998	12.711
994.063	12.711
994.950	12.720
995.702	12.736
996.354	12.757
996.934	12.782
997.464	12.810
997.963	12.840
998.445	12.870
998.921	12.902
999.404	12.933
999.904	12.964
1000.433	12.994
1001.005	13.022
1001.636	13.047
1002.345	13.069
1003.158	13.087
1004.103	13.099
1005.216	13.103
1006.533	13.097
1008.095	13.081
1009.934	13.052
1012.067	13.009
1014.489	12.952
1017.160	12.883
1019.998	12.806
1022.903	12.726
1025.756	12.647
1028.455	12.575
1030.928	12.513
1033.137	12.462
1035.078	12.424
1036.774	12.397
1038.254	12.379
1039.562	12.370
1040.732	12.367
1041.797	12.369
1042.788	12.375
1043.727	12.383
1044.631	12.393
1045.517	12.403
1046.394	12.415
1047.272	12.426
1048.153	12.437
1049.042	12.448
1049.938	12.459
1050.838	12.469
1051.740	12.479
1052.637	12.490
1053.524	12.500
1054.396	12.512
1055.243	12.524
1056.065	12.537
1056.854	12.552
1057.608	12.568
1058.329	12.585
1059.015	12.604
1059.670	12.624
1060.298	12.646
1060.904	12.669
1061.497	12.692
1062.084	12.717
1062.674	12.741
1063.277	12.764
1063.904	12.787
1064.567	12.809
1065.277	12.828
1066.046	12.846
1066.885	12.860
1067.804	12.871
1068.813	12.878
1069.915	12.881
1071.116	12.880
1072.412	12.874
1073.796	12.865
1075.259	12.851
1076.781	12.835
1078.349	12.817
1079.940	12.797
1081.533	12.777
1083.115	12.758
1084.665	12.739
1086.176	12.723
1087.637	12.708
1089.041	12.696
1090.387	12.686
1091.669	12.679
1092.889	12.675
1094.042	12.673
1095.131	12.674
1096.155	12.678
1097.114	12.684
1098.011	12.694
1098.848	12.705
1099.626	12.720
1100.350	12.736
1101.024	12.755
1101.651	12.776
1102.236	12.799
1102.784	12.824
1103.297	12.850
1103.782	12.877
1104.241	12.906
1104.677	12.936
1105.094	12.967
1105.496	12.998
1105.886	13.031
1106.266	13.064
1106.640	13.097
1107.010	13.131
1107.379	13.165
1107.752	13.199
1108.131	13.233
1108.520	13.267
1108.925	13.300
1109.349	13.333
1109.798	13.364
1110.277	13.395
1110.794	13.423
1111.351	13.450
1111.956	13.475
1112.614	13.498
1113.327	13.518
1114.098	13.535
1114.926	13.550
1115.810	13.562
1116.741	13.572
1117.714	13.579
1118.712	13.585
1119.726	13.590
1120.739	13.595
1121.736	13.600
1122.707	13.607
1123.638	13.615
1124.522	13.625
1125.355	13.638
1126.136	13.653
1126.865	13.671
1127.546	13.691
1128.185	13.713
1128.786	13.737
1129.357	13.763
1129.905	13.790
1130.435	13.818
1130.954	13.846
1131.468	13.876
1131.982	13.905
1132.502	13.934
1133.035	13.963
1133.587	13.991
1134.167	14.018
1134.786	14.043
1135.455	14.066
1136.195	14.086
1137.025	14.101
1137.973	14.112
1139.070	14.115
1140.350	14.110
1141.845	14.094
1143.580	14.067
1145.561	14.028
1147.768	13.977
1150.148	13.918
1152.618	13.853
1155.072	13.788
1157.405	13.729
1159.532	13.678
1161.402	13.639
1162.996	13.613
1164.325	13.599
1165.420	13.597
1166.322	13.604
1167.071	13.619
1167.710	13.639
1168.274	13.664
1168.797	13.691
1169.308	13.718
1169.835	13.746
1170.403	13.772
1171.036	13.796
1171.762	13.816
1172.601	13.831
1173.578	13.839
1174.706	13.841
1175.996	13.835
1177.445	13.822
1179.035	13.802
1180.732	13.776
1182.493	13.747
1184.258	13.717
1185.976	13.689
1187.599	13.664
1189.091	13.645
1190.437	13.632
1191.633	13.627
1192.694	13.627
1193.639	13.633
1194.497	13.644
1195.301	13.657
1196.087	13.672
1196.897	13.687
1197.780	13.699
1198.795	13.706
1200.012	13.705
1201.521	13.693
1203.426	13.664
1205.834	13.616
1208.833	13.543
1212.455	13.444
1216.629	13.322
1221.154	13.185
1225.739	13.045
1230.064	12.914
1233.888	12.802
1237.087	12.716
1239.658	12.654
1241.674	12.615
1243.241	12.594
1244.463	12.587
1245.432	12.590
1246.218	12.601
1246.876	12.617
1247.444	12.637
1247.947	12.660
1248.406	12.685
1248.834	12.710
1249.240	12.737
1249.629	12.765
1250.006	12.793
1250.374	12.822
1250.736	12.851
1251.093	12.881
1251.445	12.911
1251.793	12.941
1252.139	12.971
1252.481	13.001
1252.822	13.032
1253.160	13.063
1253.497	13.094
1253.832	13.125
1254.167	13.156
1254.502	13.188
1254.837	13.220
1255.175	13.251
1255.516	13.283
1255.863	13.314
1256.216	13.346
1256.580	13.377
1256.957	13.408
1257.352	13.438
1257.768	13.467
1258.214	13.496
1258.696	13.523
1259.224	13.549
1259.809	13.572
1260.467	13.592
1261.213	13.609
1262.068	13.622
1263.052	13.630
1264.190	13.631
1265.500	13.626
1267.001	13.613
1268.700	13.591
1270.591	13.562
1272.649	13.525
1274.831	13.483
1277.075	13.437
1279.311	13.392
1281.468	13.349
1283.484	13.311
1285.317	13.280
1286.943	13.258
1288.360	13.243
1289.577	13.237
1290.616	13.238
1291.502	13.246
1292.263	13.258
1292.926	13.275
1293.513	13.296
1294.048	13.318
1294.547	13.342
1295.028	13.368
1295.505	13.393
1295.992	13.419
1296.499	13.444
1297.037	13.468
1297.619	13.490
1298.255	13.510
1298.957	13.528
1299.734	13.543
1300.601	13.555
1301.568	13.562
1302.647	13.566
1303.849	13.564
1305.183	13.557
1306.656	13.545
1308.269	13.527
1310.019	13.504
1311.896	13.475
1313.883	13.442
1315.954	13.406
1318.081	13.367
1320.228	13.328
1322.361	13.289
1324.446	13.251
1326.456	13.216
1328.368	13.185
1330.168	13.159
1331.850	13.136
1333.412	13.119
1334.856	13.106
1336.190	13.097
1337.424	13.092
1338.565	13.090
1339.625	13.092
1340.612	13.096
1341.537	13.103
1342.405	13.111
1343.226	13.122
1344.003	13.135
1344.744	13.148
1345.452	13.163
1346.129	13.180
1346.778	13.197
1347.403	13.215
1348.002	13.235
1348.580	13.255
1349.135	13.276
1349.670	13.298
1350.184	13.321
1350.678	13.344
1351.154	13.369
1351.609	13.394
1352.049	13.420
1352.471	13.446
1352.878	13.473
1353.271	13.501
1353.651	13.530
1354.021	13.559
1354.383	13.588
1354.738	13.618
1355.088	13.648
1355.437	13.679
1355.787	13.709
1356.142	13.740
1356.504	13.770
1356.876	13.800
1357.265	13.830
1357.673	13.859
1358.108	13.887
1358.576	13.913
1359.089	13.939
1359.657	13.962
1360.301	13.982
1361.041	13.999
1361.911	14.011
1362.955	14.016
1364.231	14.013
1365.814	13.998
1367.794	13.969
1370.269	13.921
1373.327	13.850
1377.017	13.757
1381.306	13.640
1386.062	13.506
1391.041	13.364
1395.966	13.224
1400.572	13.095
1404.696	12.985
1408.270	12.895
1411.321	12.824
1413.920	12.771
1416.157	12.731
1418.115	12.701
1419.863	12.679
1421.455	12.663
1422.927	12.651
1424.310	12.642
1425.618	12.636
1426.867	12.632
1428.064	12.629
1429.216	12.629
1430.328	12.629
1431.403	12.631
1432.448	12.633
1433.459	12.637
1434.446	12.642
1435.406	12.647
1436.345	12.653
1437.262	12.660
1438.161	12.668
1439.044	12.676
1439.913	12.684
1440.771	12.693
1441.617	12.702
1442.458	12.712
1443.292	12.721
1444.123	12.731
1444.952	12.741
1445.781	12.751
1446.613	12.761
1447.445	12.771
1448.283	12.781
1449.122	12.790
1449.968	12.800
1450.814	12.809
1451.664	12.818
1452.513	12.828
1453.361	12.837
1454.206	12.846
1455.044	12.856
1455.876	12.866
1456.695	12.876
1457.501	12.886
1458.291	12.897
1459.062	12.909
1459.812	12.921
1460.541	12.934
1461.244	12.948
1461.924	12.963
1462.577	12.978
1463.204	12.995
1463.805	13.012
1464.378	13.030
1464.927	13.049
1465.449	13.069
1465.947	13.090
1466.422	13.112
1466.874	13.134
1467.305	13.158
1467.715	13.182
1468.107	13.207
1468.482	13.232
1468.840	13.258
1469.182	13.285
1469.512	13.312
1469.828	13.340
1470.134	13.369
1470.429	13.397
1470.715	13.427
1470.994	13.456
1471.265	13.486
1471.531	13.517
1471.792	13.547
1472.049	13.578
1472.303	13.609
1472.556	13.641
1472.807	13.672
1473.059	13.704
1473.313	13.735
1473.571	13.767
1473.833	13.799
1474.102	13.830
1474.382	13.862
1474.674	13.893
1474.985	13.923
1475.319	13.953
1475.685	13.982
1476.094	14.009
1476.558	14.034
1477.100	14.057
1477.741	14.077
1478.520	14.091
1479.476	14.100
1480.666	14.100
1482.155	14.090
1484.014	14.066
1486.314	14.026
1489.102	13.969
1492.388	13.894
1496.116	13.803
1500.155	13.700
1504.320	13.592
1508.394	13.486
1512.204	13.390
1515.620	13.308
1518.597	13.241
1521.146	13.190
1523.316	13.152
1525.174	13.125
1526.781	13.107
1528.199	13.095
1529.468	13.089
1530.625	13.087
1531.695	13.088
1532.693	13.092
1533.635	13.097
1534.526	13.104
1535.375	13.113
1536.184	13.123
1536.957	13.134
1537.701	13.146
1538.417	13.159
1539.111	13.173
1539.788	13.187
1540.457	13.202
1541.126	13.217
1541.806	13.232
1542.515	13.246
1543.271	13.258
1544.103	13.269
1545.045	13.277
1546.145	13.280
1547.458	13.276
1549.055	13.265
1551.012	13.242
1553.406	13.207
1556.296	13.156
1559.701	13.090
1563.575	13.009
1567.792	12.917
1572.152	12.820
1576.418	12.725
1580.370	12.638
1583.849	12.566
1586.775	12.509
1589.147	12.469
1591.015	12.443
1592.454	12.431
1593.549	12.429
1594.375	12.436
1594.996	12.448
1595.466	12.466
1595.824	12.487
1596.100	12.510
1596.315	12.536
1596.487	12.563
1596.627	12.591
1596.744	12.620
1596.844	12.650
1596.931	12.680
1597.010	12.711
1597.081	12.742
1597.148	12.773
1597.211	12.804
1597.272	12.836
1597.331	12.868
1597.389	12.900
1597.446	12.932
1597.504	12.965
1597.563	12.997
1597.622	13.030
1597.683	13.063
1597.747	13.095
1597.812	13.128
1597.882	13.161
1597.955	13.194
1598.033	13.227
1598.117	13.260
1598.207	13.293
1598.306	13.326
1598.414	13.358
1598.534	13.391
1598.667	13.423
1598.817	13.455
1598.988	13.486
1599.181	13.516
1599.404	13.546
1599.661	13.575
1599.960	13.603
1600.309	13.629
1600.717	13.653
1601.197	13.676
1601.761	13.695
1602.424	13.712
1603.201	13.725
1604.109	13.733
1605.161	13.737
1606.368	13.736
1607.735	13.729
1609.263	13.717
1610.939	13.700
1612.734	13.678
1614.625	13.653
1616.556	13.627
1618.483	13.600
1620.361	13.574
1622.137	13.551
1623.788	13.533
1625.283	13.519
1626.617	13.510
1627.786	13.507
1628.801	13.508
1629.674	13.515
1630.422	13.525
1631.060	13.540
1631.608	13.557
1632.081	13.578
1632.493	13.600
1632.859	13.624
1633.188	13.649
1633.494	13.676
1633.783	13.703
1634.067	13.730
1634.354	13.758
1634.653	13.785
1634.974	13.812
1635.327	13.838
1635.724	13.863
1636.181	13.886
1636.712	13.907
1637.339	13.924
1638.083	13.938
1638.968	13.948
1640.026	13.952
1641.283	13.949
1642.767	13.939
1644.500	13.921
1646.491	13.894
1648.736	13.859
1651.209	13.816
1653.863	13.767
1656.633	13.713
1659.441	13.659
1662.223	13.605
1664.919	13.553
1667.494	13.506
1669.950	13.463
1672.306	13.424
1674.605	13.387
1676.912	13.352
1679.294	13.315
1681.815	13.274
1684.532	13.229
1687.480	13.178
1690.656	13.120
1694.024	13.056
1697.505	12.990
1700.995	12.923
1704.372	12.858
1707.529	12.800
1710.386	12.749
1712.894	12.708
1715.041	12.678
1716.844	12.657
1718.337	12.644
1719.564	12.640
1720.568	12.641
1721.393	12.648
1722.075	12.659
1722.646	12.673
1723.129	12.690
1723.545	12.709
1723.911	12.729
1724.237	12.751
1724.534	12.773
1724.809	12.796
1725.067	12.820
1725.312	12.844
1725.548	12.869
1725.777	12.894
1726.001	12.919
1726.222	12.945
1726.441	12.970
1726.659	12.996
1726.878	13.021
1727.099	13.047
1727.323	13.073
1727.550	13.098
1727.784	13.124
1728.023	13.150
1728.272	13.175
1728.532	13.200
1728.803	13.225
1729.093	13.250
1729.402	13.274
1729.734	13.297
1730.097	13.320
1730.494	13.342
1730.933	13.363
1731.423	13.382
1731.971	13.400
1732.589	13.415
1733.287	13.429
1734.077	13.440
1734.971	13.448
1735.980	13.453
1737.112	13.454
1738.376	13.451
1739.768	13.444
1741.288	13.433
1742.923	13.419
1744.654	13.402
1746.455	13.383
1748.295	13.362
1750.141	13.340
1751.960	13.320
1753.723	13.301
1755.408	13.283
1756.997	13.269
1758.485	13.258
1759.875	13.249
1761.174	13.243
1762.397	13.240
1763.565	13.238
1764.698	13.238
1765.822	13.238
1766.964	13.238
1768.149	13.237
1769.401	13.234
1770.748	13.229
1772.209	13.220
1773.797	13.209
1775.523	13.193
1777.378	13.174
1779.354	13.151
1781.424	13.126
1783.543	13.099
1785.673	13.071
1787.768	13.044
1789.770	13.019
1791.649	12.998
1793.374	12.980
1794.920	12.967
1796.287	12.959
1797.474	12.956
1798.489	12.957
1799.350	12.963
1800.072	12.973
1800.675	12.986
1801.174	13.002
1801.588	13.021
1801.929	13.042
1802.212	13.064
1802.446	13.088
1802.642	13.113
1802.805	13.139
1802.944	13.166
1803.062	13.194
1803.163	13.222
1803.253	13.251
1803.332	13.281
1803.403	13.310
1803.468	13.340
1803.529	13.370
1803.585	13.401
1803.640	13.431
1803.693	13.462
1803.744	13.493
1803.795	13.524
1803.847	13.555
1803.898	13.586
1803.951	13.618
1804.005	13.649
1804.060	13.681
1804.118	13.713
1804.179	13.744
1804.243	13.776
1804.312	13.808
1804.385	13.840
1804.466	13.871
1804.555	13.903
1804.653	13.934
1804.766	13.965
1804.895	13.996
1805.047	14.026
1805.227	14.056
1805.446	14.084
1805.716	14.111
1806.055	14.136
1806.486	14.159
1807.040	14.178
1807.758	14.193
1808.694	14.201
1809.912	14.200
1811.491	14.189
1813.510	14.165
1816.045	14.126
1819.139	14.069
1822.781	13.996
1826.882	13.908
1831.268	13.812
1835.704	13.713
1839.948	13.618
1843.801	13.535
1847.142	13.467
1849.938	13.415
1852.219	13.378
1854.058	13.355
1855.539	13.342
1856.747	13.337
1857.755	13.339
1858.625	13.345
1859.403	13.353
1860.127	13.364
1860.826	13.376
1861.521	13.388
1862.230	13.399
1862.963	13.410
1863.730	13.420
1864.536	13.430
1865.385	13.438
1866.279	13.444
1867.215	13.450
1868.188	13.454
1869.194	13.458
1870.225	13.461
1871.268	13.463
1872.317	13.465
1873.361	13.467
1874.382	13.469
1875.378	13.472
1876.339	13.477
1877.252	13.482
1878.120	13.488
1878.939	13.496
1879.707	13.506
1880.433	13.516
1881.123	13.528
1881.791	13.541
1882.460	13.553
1883.160	13.566
1883.941	13.576
1884.873	13.583
1886.064	13.584
1887.670	13.576
1889.914	13.552
1893.093	13.505
1897.553	13.428
1903.617	13.311
1911.415	13.152
1920.675	12.956
1930.677	12.741
1940.404	12.532
1948.930	12.352
1955.809	12.211
1961.024	12.110
1964.820	12.044
1967.560	12.003
1969.561	11.980
1971.062	11.970
1972.241	11.967
1973.218	11.970
1974.062	11.975
1974.821	11.983
1975.532	11.992
1976.205	12.002
1976.855	12.012
1977.491	12.023
1978.114	12.034
1978.725	12.045
1979.333	12.057
1979.930	12.069
1980.519	12.080
1981.104	12.092
1981.681	12.105
1982.248	12.117
1982.811	12.129
1983.364	12.142
1983.908	12.155
1984.445	12.168
1984.973	12.181
1985.490	12.195
1986.000	12.208
1986.500	12.222
1986.989	12.237
1987.470	12.251
1987.940	12.265
1988.402	12.280
1988.853	12.295
1989.296	12.311
1989.728	12.326
1990.151	12.342
1990.565	12.358
1990.970	12.374
1991.366	12.391
1991.753	12.408
1992.131	12.424
1992.501	12.442
1992.862	12.459
1993.216	12.477
1993.561	12.494
1993.898	12.513
1994.229	12.531
1994.551	12.549
1994.867	12.568
1995.175	12.587
1995.478	12.606
1995.773	12.625
1996.062	12.645
1996.346	12.664
1996.624	12.684
1996.897	12.704
1997.165	12.724
1997.428	12.745
1997.688	12.765
1997.943	12.786
1998.196	12.806
1998.446	12.827
1998.694	12.848
1998.941	12.869
1999.187	12.890
1999.433	12.912
1999.680	12.933
1999.929	12.954
2000.182	12.975
2000.440	12.997
2000.703	13.018
2000.975	13.039
2001.256	13.060
2001.551	13.080
2001.860	13.101
2002.188	13.120
2002.538	13.140
2002.914	13.159
2003.321	13.177
2003.764	13.194
2004.250	13.211
2004.785	13.226
2005.378	13.240
2006.035	13.252
2006.765	13.263
2007.577	13.272
2008.478	13.278
2009.475	13.282
2010.574	13.284
2011.777	13.283
2013.084	13.279
2014.490	13.273
2015.985	13.264
2017.555	13.254
2019.181	13.242
2020.840	13.229
2022.506	13.215
2024.154	13.202
2025.759	13.190
2027.296	13.179
2028.749	13.170
2030.103	13.164
2031.348	13.160
2032.483	13.159
2033.506	13.160
2034.422	13.165
2035.237	13.171
2035.958	13.181
2036.594	13.192
2037.155	13.205
2037.649	13.220
2038.084	13.237
2038.468	13.255
2038.809	13.274
2039.112	13.294
2039.382	13.315
2039.625	13.337
2039.846	13.359
2040.047	13.382
2040.231	13.406
2040.401	13.430
2040.559	13.454
2040.708	13.479
2040.849	13.504
2040.983	13.529
2041.112	13.555
2041.237	13.581
2041.359	13.606
2041.479	13.633
2041.597	13.659
2041.716	13.685
2041.836	13.711
2041.957	13.738
2042.082	13.764
2042.212	13.790
2042.349	13.817
2042.495	13.843
2042.655	13.869
2042.832	13.894
2043.035	13.919
2043.273	13.943
2043.561	13.967
2043.921	13.988
2044.383	14.007
2044.995	14.022
2045.825	14.032
2046.969	14.035
2048.566	14.026
2050.799	14.002
2053.898	13.957
2058.123	13.884
2063.684	13.778
2070.660	13.638
2078.863	13.468
2087.829	13.279
2096.906	13.088
2105.473	12.912
2113.170	12.757
2119.937	12.628
2125.921	12.520
2131.361	12.427
2136.483	12.343
2141.451	12.265
2146.339	12.190
2151.143	12.118
2155.804	12.049
2160.239	11.984
2164.349	11.925
2168.070	11.875
2171.360	11.832
2174.209	11.798
2176.635	11.772
2178.677	11.753
2180.381	11.741
2181.797	11.734
2182.974	11.733
2183.954	11.735
2184.777	11.740
2185.472	11.747
2186.067	11.757
2186.582	11.768
2187.034	11.781
2187.437	11.794
2187.800	11.808
2188.132	11.823
2188.440	11.839
2188.730	11.855
2189.004	11.871
2189.267	11.887
2189.521	11.904
2189.768	11.921
2190.011	11.938
2190.253	11.955
2190.494	11.972
2190.735	11.989
2190.979	12.006
2191.230	12.023
2191.486	12.041
2191.751	12.057
2192.030	12.074
2192.324	12.091
2192.636	12.107
2192.972	12.123
2193.338	12.138
2193.736	12.153
2194.175	12.167
2194.665	12.180
2195.214	12.193
2195.828	12.204
2196.525	12.213
2197.317	12.221
2198.213	12.227
2199.232	12.230
2200.391	12.231
2201.703	12.229
2203.175	12.224
2204.825	12.216
2206.660	12.204
2208.667	12.189
2210.849	12.170
2213.191	12.149
2215.657	12.125
2218.220	12.099
2220.847	12.071
2223.486	12.043
2226.099	12.016
2228.651	11.990
2231.104	11.965
2233.435	11.943
2235.627	11.923
2237.672	11.906
2239.568	11.891
2241.317	11.880
2242.928	11.870
2244.410	11.864
2245.774	11.859
2247.031	11.857
2248.191	11.856
2249.263	11.857
2250.258	11.860
2251.182	11.863
2252.042	11.868
2252.843	11.874
2253.588	11.881
2254.284	11.889
2254.931	11.898
2255.534	11.908
2256.097	11.918
2256.620	11.930
2257.105	11.941
2257.556	11.954
2257.975	11.967
2258.363	11.981
2258.720	11.995
2259.052	12.010
2259.360	12.025
2259.642	12.041
2259.903	12.058
2260.145	12.074
2260.368	12.091
2260.573	12.109
2260.764	12.127
2260.941	12.145
2261.103	12.163
2261.254	12.182
2261.395	12.201
2261.525	12.220
2261.647	12.239
2261.761	12.259
2261.867	12.279
2261.968	12.299
2262.062	12.319
2262.153	12.339
2262.239	12.360
2262.320	12.380
2262.400	12.401
2262.478	12.422
2262.554	12.443
2262.629	12.464
2262.705	12.485
2262.783	12.506
2262.863	12.527
2262.948	12.548
2263.038	12.569
2263.137	12.590
2263.246	12.611
2263.370	12.632
2263.511	12.652
2263.677	12.672
2263.873	12.692
2264.105	12.711
2264.386	12.729
2264.728	12.745
2265.145	12.761
2265.656	12.775
2266.284	12.786
2267.053	12.795
2267.997	12.800
2269.147	12.802
2270.537	12.799
2272.205	12.790
2274.177	12.775
