<j>	<F>
1.246	20.230
3.002	11.614
4.179	10.899
5.196	11.156
6.054	12.657
7.215	14.244
8.585	11.436
9.532	12.759
11.137	12.035
12.467	10.583
13.346	11.228
14.237	12.121
15.522	12.358
17.083	11.206
18.031	11.225
18.729	12.104
19.440	13.182
20.367	13.904
21.486	13.900
22.550	13.992
23.598	14.074
24.543	14.400
25.496	14.789
26.692	14.889
28.339	13.899
29.759	13.131
30.782	13.117
31.548	13.591
32.242	14.305
32.951	15.017
33.668	15.788
34.659	16.272
36.382	15.425
38.246	13.966
39.354	13.671
40.058	14.153
40.693	14.825
41.311	15.561
41.954	16.348
42.828	16.894
44.396	16.488
47.021	14.592
49.278	12.927
50.306	12.732
50.847	13.227
51.368	13.878
52.136	14.383
53.392	14.399
54.975	13.902
56.180	13.619
56.831	13.932
57.242	14.605
57.644	15.395
58.184	16.123
59.043	16.540
60.413	16.340
62.128	15.617
63.566	15.095
64.501	15.129
65.151	15.527
65.716	16.077
66.315	16.641
67.037	17.098
67.946	17.346
69.090	17.324
70.581	16.948
72.480	16.152
74.343	15.315
75.630	14.992
76.493	15.141
77.473	15.351
79.355	15.035
82.678	13.725
85.950	12.324
87.839	11.757
88.864	11.722
89.525	11.900
90.007	12.186
90.395	12.540
90.742	12.941
91.088	13.369
91.469	13.806
91.919	14.227
92.476	14.602
93.164	14.901
93.977	15.113
94.877	15.255
95.812	15.364
96.766	15.461
97.775	15.532
98.919	15.526
100.275	15.387
101.845	15.110
103.539	14.755
105.236	14.403
106.832	14.111
108.221	13.924
109.327	13.877
110.148	13.980
110.755	14.210
111.248	14.524
111.742	14.869
112.371	15.171
113.303	15.331
114.711	15.234
116.582	14.858
118.546	14.389
120.167	14.072
121.324	13.985
122.117	14.086
122.670	14.318
123.085	14.638
123.439	15.012
123.804	15.407
124.257	15.780
124.911	16.069
125.927	16.174
127.442	16.000
129.326	15.585
131.114	15.176
132.486	14.978
133.537	14.971
134.555	15.027
135.900	14.984
138.002	14.662
141.060	13.964
144.396	13.129
146.953	12.555
148.521	12.336
149.469	12.347
150.136	12.469
150.717	12.634
151.315	12.805
151.990	12.960
152.768	13.084
153.647	13.174
154.591	13.237
155.543	13.290
156.447	13.354
157.284	13.440
158.082	13.546
158.909	13.651
159.864	13.726
161.045	13.734
162.496	13.652
164.133	13.496
165.741	13.329
167.100	13.224
168.120	13.221
168.843	13.314
169.359	13.481
169.750	13.699
170.076	13.948
170.380	14.216
170.692	14.492
171.039	14.767
171.447	15.030
171.947	15.268
172.587	15.462
173.465	15.580
174.788	15.554
176.933	15.266
180.220	14.614
184.168	13.743
187.537	13.035
189.773	12.668
191.169	12.552
192.106	12.572
192.798	12.662
193.351	12.793
193.817	12.950
194.232	13.126
194.621	13.315
195.003	13.510
195.390	13.710
195.788	13.911
196.201	14.113
196.628	14.314
197.074	14.515
197.552	14.712
198.096	14.896
198.783	15.046
199.758	15.122
201.234	15.056
203.389	14.790
206.070	14.352
208.703	13.904
210.798	13.601
212.340	13.459
213.572	13.418
214.717	13.412
215.892	13.404
217.124	13.382
218.371	13.351
219.557	13.328
220.618	13.331
221.525	13.368
222.295	13.441
222.978	13.539
223.648	13.648
224.406	13.746
225.384	13.803
226.751	13.781
228.651	13.641
231.055	13.382
233.631	13.067
235.903	12.801
237.598	12.649
238.750	12.614
239.533	12.662
240.109	12.760
240.586	12.885
241.033	13.021
241.490	13.160
241.989	13.294
242.555	13.417
243.215	13.524
243.992	13.607
244.904	13.662
245.955	13.686
247.132	13.681
248.398	13.654
249.704	13.615
251.005	13.575
252.275	13.541
253.513	13.514
254.734	13.493
255.964	13.472
257.225	13.447
258.530	13.414
259.878	13.372
261.247	13.324
262.596	13.278
263.871	13.242
265.018	13.228
266.001	13.243
266.810	13.292
267.460	13.372
267.979	13.481
268.400	13.613
268.757	13.761
269.077	13.922
269.388	14.089
269.711	14.258
270.070	14.424
270.491	14.581
271.005	14.722
271.660	14.835
272.519	14.907
273.673	14.918
275.219	14.844
277.210	14.673
279.545	14.421
281.943	14.146
284.081	13.918
285.806	13.774
287.167	13.710
288.324	13.695
289.435	13.697
290.618	13.692
291.926	13.665
293.353	13.614
294.840	13.550
296.313	13.484
297.720	13.430
299.043	13.390
300.296	13.365
301.495	13.349
302.647	13.341
303.734	13.343
304.731	13.358
305.613	13.391
306.368	13.445
307.000	13.521
307.527	13.618
307.974	13.730
308.367	13.856
308.731	13.989
309.086	14.128
309.451	14.268
309.841	14.405
310.268	14.538
310.739	14.665
311.258	14.783
311.822	14.893
312.422	14.996
313.042	15.094
313.662	15.191
314.264	15.293
314.829	15.401
315.349	15.521
315.821	15.652
316.250	15.795
316.648	15.948
317.031	16.108
317.422	16.271
317.857	16.428
318.400	16.566
319.174	16.659
320.424	16.656
322.558	16.471
325.955	16.018
330.319	15.351
334.443	14.719
337.445	14.315
339.463	14.121
341.022	14.034
342.522	13.974
344.170	13.898
346.004	13.792
347.936	13.667
349.805	13.545
351.464	13.452
352.842	13.400
353.945	13.390
354.829	13.415
355.559	13.466
356.200	13.533
356.809	13.609
357.447	13.684
358.190	13.748
359.141	13.786
360.437	13.780
362.223	13.708
364.582	13.555
367.409	13.331
370.352	13.082
372.976	12.866
375.014	12.725
376.451	12.663
377.422	12.666
378.088	12.713
378.575	12.788
378.969	12.877
379.325	12.975
379.679	13.075
380.057	13.174
380.481	13.269
380.971	13.358
381.548	13.436
382.233	13.501
383.046	13.549
384.000	13.579
385.101	13.588
386.336	13.578
387.676	13.551
389.074	13.515
390.477	13.476
391.835	13.442
393.111	13.417
394.288	13.406
395.364	13.407
396.349	13.421
397.258	13.446
398.105	13.479
398.904	13.519
399.664	13.565
400.392	13.615
401.092	13.670
401.767	13.728
402.421	13.789
403.056	13.853
403.680	13.920
404.305	13.988
404.950	14.054
405.651	14.115
406.475	14.163
407.541	14.184
409.054	14.154
411.325	14.035
414.681	13.789
419.162	13.407
424.161	12.956
428.653	12.555
431.982	12.284
434.161	12.146
435.523	12.101
436.396	12.114
436.993	12.160
437.436	12.225
437.789	12.301
438.088	12.383
438.353	12.471
438.595	12.563
438.824	12.657
439.044	12.754
439.263	12.852
439.485	12.951
439.717	13.051
439.965	13.150
440.238	13.249
440.547	13.344
440.906	13.436
441.340	13.521
441.884	13.595
442.592	13.653
443.550	13.684
444.878	13.677
446.722	13.614
449.207	13.482
452.326	13.278
455.836	13.027
459.289	12.776
462.255	12.571
464.530	12.436
466.150	12.370
467.266	12.358
468.038	12.384
468.595	12.433
469.022	12.498
469.375	12.571
469.690	12.651
469.988	12.733
470.286	12.817
470.594	12.900
470.921	12.983
471.277	13.065
471.670	13.143
472.111	13.218
472.609	13.287
473.177	13.350
473.827	13.404
474.571	13.449
475.418	13.483
476.372	13.506
477.431	13.516
478.584	13.516
479.812	13.506
481.095	13.490
482.415	13.470
483.770	13.446
485.169	13.419
486.641	13.385
488.219	13.342
489.931	13.286
491.779	13.217
493.721	13.137
495.679	13.053
497.548	12.977
499.233	12.916
500.676	12.877
501.863	12.864
502.816	12.873
503.577	12.903
504.193	12.948
504.710	13.004
505.166	13.068
505.593	13.135
506.019	13.205
506.466	13.273
506.955	13.339
507.507	13.399
508.138	13.452
508.861	13.496
509.685	13.530
510.608	13.554
511.617	13.568
512.690	13.574
513.792	13.577
514.887	13.578
515.946	13.582
516.946	13.592
517.882	13.609
518.762	13.632
519.607	13.659
520.447	13.688
521.317	13.715
522.257	13.736
523.303	13.748
524.491	13.746
525.846	13.727
527.379	13.691
529.079	13.637
530.909	13.569
532.807	13.494
534.696	13.417
536.498	13.348
538.149	13.293
539.611	13.255
540.867	13.236
541.924	13.236
542.802	13.253
543.529	13.286
544.135	13.331
544.653	13.385
545.112	13.447
545.547	13.512
545.995	13.578
546.508	13.640
547.154	13.692
548.031	13.726
549.280	13.728
551.073	13.683
553.573	13.575
556.836	13.398
560.674	13.166
564.645	12.918
568.246	12.697
571.168	12.533
573.373	12.431
574.994	12.380
576.203	12.366
577.147	12.375
577.924	12.400
578.595	12.433
579.198	12.473
579.751	12.517
580.268	12.565
580.754	12.615
581.214	12.668
581.653	12.723
582.074	12.780
582.480	12.839
582.875	12.899
583.263	12.960
583.648	13.022
584.034	13.084
584.427	13.147
584.832	13.209
585.255	13.270
585.707	13.329
586.197	13.386
586.741	13.439
587.361	13.486
588.088	13.525
588.966	13.552
590.058	13.562
591.449	13.549
593.244	13.503
595.551	13.416
598.434	13.284
601.846	13.108
605.584	12.905
609.319	12.700
612.717	12.520
615.566	12.381
617.818	12.287
619.539	12.235
620.843	12.215
621.841	12.218
622.626	12.239
623.265	12.271
623.805	12.311
624.279	12.356
624.709	12.406
625.110	12.458
625.492	12.512
625.862	12.567
626.224	12.624
626.582	12.681
626.939	12.739
627.296	12.797
627.655	12.855
628.020	12.914
628.392	12.972
628.779	13.030
629.185	13.087
629.624	13.142
630.109	13.195
630.662	13.243
631.313	13.284
632.103	13.315
633.085	13.333
634.320	13.332
635.876	13.308
637.808	13.255
640.140	13.171
642.838	13.060
645.803	12.928
648.893	12.787
651.964	12.648
654.920	12.519
657.723	12.403
660.380	12.300
662.917	12.208
665.346	12.124
667.662	12.049
669.842	11.982
671.856	11.926
673.679	11.881
675.303	11.849
676.732	11.828
677.986	11.819
679.091	11.819
680.077	11.827
680.976	11.841
681.814	11.858
682.618	11.879
683.407	11.901
684.198	11.923
685.006	11.944
685.840	11.964
686.706	11.982
687.607	11.999
688.539	12.013
689.498	12.025
690.474	12.036
691.454	12.047
692.424	12.057
693.370	12.069
694.278	12.083
695.138	12.099
695.942	12.119
696.683	12.142
697.362	12.169
697.979	12.201
698.537	12.235
699.041	12.274
699.496	12.316
699.907	12.361
700.281	12.408
700.622	12.458
700.934	12.511
701.223	12.565
701.491	12.621
701.741	12.679
701.977	12.738
702.199	12.799
702.409	12.861
702.610	12.924
702.802	12.988
702.987	13.053
703.165	13.120
703.338	13.187
703.505	13.255
703.669	13.325
703.829	13.395
703.987	13.466
704.144	13.537
704.299	13.610
704.454	13.683
704.611	13.756
704.769	13.831
704.931	13.905
705.096	13.980
705.268	14.056
705.447	14.131
705.635	14.206
705.835	14.281
706.049	14.356
706.279	14.430
706.530	14.503
706.806	14.575
707.112	14.644
707.454	14.711
707.840	14.775
708.278	14.835
708.779	14.890
709.354	14.939
710.014	14.980
710.768	15.014
711.624	15.038
712.582	15.053
713.634	15.059
714.763	15.057
715.940	15.050
717.128	15.041
718.288	15.033
719.385	15.031
720.391	15.036
721.293	15.050
722.088	15.074
722.786	15.107
723.408	15.147
723.983	15.193
724.558	15.241
725.202	15.285
726.027	15.317
727.214	15.320
729.048	15.274
731.907	15.147
736.120	14.911
741.620	14.569
747.650	14.179
753.093	13.830
757.235	13.582
760.054	13.437
761.898	13.370
763.141	13.352
764.056	13.360
764.808	13.383
765.499	13.411
766.194	13.441
766.941	13.468
767.785	13.490
768.773	13.503
769.956	13.504
771.386	13.489
773.112	13.456
775.160	13.401
777.525	13.327
780.148	13.234
782.931	13.131
785.747	13.026
788.481	12.925
791.057	12.834
793.449	12.756
795.674	12.690
797.774	12.632
799.797	12.581
801.785	12.533
803.760	12.486
805.727	12.441
807.671	12.396
809.567	12.355
811.382	12.317
813.083	12.285
814.645	12.260
816.048	12.243
817.290	12.235
818.372	12.235
819.306	12.244
820.105	12.260
820.786	12.282
821.367	12.310
821.864	12.343
822.293	12.380
822.666	12.420
822.995	12.463
823.289	12.509
823.557	12.556
823.805	12.605
824.041	12.655
824.268	12.706
824.492	12.758
824.717	12.809
824.949	12.861
825.192	12.913
825.453	12.964
825.740	13.015
826.063	13.063
826.437	13.109
826.882	13.152
827.426	13.190
828.107	13.220
828.974	13.240
830.093	13.247
831.536	13.236
833.380	13.202
835.675	13.142
838.419	13.056
841.522	12.949
844.806	12.829
848.034	12.711
850.985	12.606
853.509	12.523
855.555	12.466
857.151	12.435
858.366	12.425
859.286	12.431
859.990	12.450
860.540	12.479
860.989	12.513
861.375	12.552
861.727	12.593
862.070	12.635
862.421	12.677
862.800	12.719
863.223	12.758
863.708	12.795
864.272	12.828
864.935	12.856
865.714	12.878
866.625	12.893
867.681	12.900
868.885	12.900
870.232	12.891
871.701	12.874
873.262	12.853
874.876	12.827
876.494	12.801
878.074	12.776
879.583	12.755
880.999	12.738
882.315	12.727
883.538	12.721
884.683	12.719
885.770	12.721
886.821	12.725
887.859	12.730
888.902	12.735
889.967	12.740
891.062	12.743
892.195	12.744
893.365	12.743
894.567	12.740
895.792	12.736
897.029	12.731
898.264	12.725
899.481	12.721
900.669	12.718
901.816	12.716
902.914	12.717
903.956	12.721
904.941	12.728
905.869	12.737
906.742	12.750
907.565	12.765
908.345	12.783
909.090	12.803
909.811	12.824
910.521	12.846
911.234	12.868
911.970	12.889
912.751	12.909
913.603	12.925
914.556	12.937
915.644	12.942
916.903	12.939
918.364	12.926
920.048	12.902
921.957	12.866
924.068	12.819
926.325	12.765
928.644	12.706
930.930	12.648
933.089	12.595
935.046	12.551
936.759	12.519
938.216	12.500
939.430	12.492
940.428	12.495
941.245	12.508
941.915	12.528
942.469	12.554
942.936	12.585
943.336	12.620
943.686	12.658
944.000	12.697
944.289	12.739
944.559	12.781
944.817	12.825
945.068	12.869
945.316	12.914
945.562	12.959
945.811	13.004
946.064	13.049
946.323	13.095
946.589	13.140
946.867	13.185
947.158	13.229
947.463	13.273
947.788	13.316
948.134	13.359
948.506	13.400
948.912	13.440
949.357	13.478
949.850	13.513
950.405	13.546
951.035	13.574
951.762	13.598
952.613	13.616
953.618	13.626
954.818	13.625
956.255	13.612
957.972	13.585
960.006	13.541
962.369	13.479
965.037	13.401
967.940	13.311
970.967	13.213
973.978	13.115
976.840	13.025
979.450	12.947
981.755	12.884
983.744	12.837
985.438	12.806
986.879	12.787
988.112	12.780
989.181	12.780
990.124	12.787
990.972	12.800
991.750	12.816
992.477	12.834
993.166	12.855
993.830	12.877
994.476	12.900
995.111	12.924
995.739	12.948
996.364	12.973
996.989	12.997
997.618	13.022
998.251	13.046
998.892	13.071
999.543	13.094
1000.207	13.117
1000.887	13.140
1001.590	13.161
1002.319	13.182
1003.083	13.200
1003.889	13.217
1004.746	13.232
1005.664	13.243
1006.651	13.252
1007.716	13.256
1008.863	13.256
1010.094	13.253
1011.402	13.245
1012.777	13.233
1014.198	13.219
1015.643	13.204
1017.079	13.188
1018.479	13.174
1019.815	13.163
1021.063	13.155
1022.207	13.152
1023.239	13.155
1024.158	13.163
1024.967	13.177
1025.674	13.196
1026.289	13.219
1026.823	13.247
1027.289	13.278
1027.697	13.313
1028.057	13.350
1028.378	13.389
1028.669	13.430
1028.939	13.473
1029.195	13.517
1029.446	13.561
1029.703	13.606
1029.977	13.650
1030.286	13.693
1030.655	13.733
1031.116	13.770
1031.721	13.800
1032.539	13.820
1033.668	13.826
1035.234	13.811
1037.385	13.768
1040.255	13.691
1043.910	13.575
1048.258	13.424
1053.020	13.252
1057.774	13.078
1062.111	12.922
1065.775	12.798
1068.704	12.708
1070.982	12.650
1072.757	12.616
1074.181	12.600
1075.382	12.595
1076.457	12.596
1077.478	12.601
1078.497	12.606
1079.548	12.611
1080.656	12.613
1081.836	12.613
1083.096	12.609
1084.434	12.602
1085.841	12.592
1087.302	12.579
1088.793	12.565
1090.292	12.550
1091.771	12.535
1093.205	12.523
1094.576	12.512
1095.871	12.505
1097.083	12.501
1098.214	12.500
1099.271	12.502
1100.268	12.508
1101.220	12.515
1102.149	12.523
1103.073	12.532
1104.017	12.541
1105.002	12.548
1106.049	12.553
1107.178	12.555
1108.404	12.553
1109.736	12.547
1111.176	12.537
1112.718	12.522
1114.345	12.504
1116.029	12.483
1117.739	12.460
1119.434	12.438
1121.078	12.417
1122.638	12.400
1124.088	12.386
1125.415	12.377
1126.610	12.373
1127.678	12.374
1128.625	12.380
1129.464	12.391
1130.210	12.405
1130.878	12.423
1131.483	12.443
1132.039	12.465
1132.557	12.490
1133.051	12.515
1133.529	12.541
1134.000	12.568
1134.474	12.595
1134.958	12.621
1135.458	12.647
1135.984	12.673
1136.541	12.697
1137.139	12.720
1137.782	12.740
1138.481	12.759
1139.242	12.776
1140.071	12.789
1140.975	12.800
1141.960	12.808
1143.028	12.812
1144.180	12.812
1145.413	12.810
1146.723	12.804
1148.100	12.795
1149.533	12.783
1151.011	12.770
1152.520	12.755
1154.049	12.740
1155.588	12.724
1157.134	12.707
1158.688	12.691
1160.252	12.674
1161.839	12.657
1163.463	12.639
1165.141	12.619
1166.888	12.596
1168.720	12.571
1170.645	12.542
1172.663	12.510
1174.763	12.474
1176.927	12.436
1179.119	12.397
1181.303	12.359
1183.439	12.321
1185.490	12.287
1187.428	12.256
1189.236	12.231
1190.909	12.210
1192.452	12.195
1193.881	12.183
1195.215	12.176
1196.483	12.171
1197.706	12.168
1198.915	12.166
1200.128	12.164
1201.370	12.161
1202.654	12.157
1203.992	12.152
1205.389	12.144
1206.842	12.134
1208.345	12.123
1209.880	12.110
1211.431	12.096
1212.974	12.082
1214.488	12.069
1215.950	12.058
1217.344	12.049
1218.656	12.042
1219.880	12.039
1221.011	12.038
1222.055	12.041
1223.014	12.047
1223.898	12.055
1224.717	12.066
1225.480	12.078
1226.199	12.093
1226.882	12.108
1227.541	12.125
1228.182	12.142
1228.813	12.160
1229.440	12.178
1230.069	12.196
1230.705	12.214
1231.351	12.232
1232.010	12.249
1232.684	12.266
1233.375	12.282
1234.085	12.298
1234.814	12.313
1235.562	12.327
1236.328	12.341
1237.112	12.354
1237.911	12.367
1238.724	12.379
1239.549	12.390
1240.381	12.401
1241.219	12.412
1242.056	12.423
1242.892	12.434
1243.720	12.445
1244.537	12.457
1245.340	12.469
1246.123	12.481
1246.885	12.495
1247.622	12.509
1248.332	12.524
1249.013	12.541
1249.664	12.558
1250.284	12.576
1250.872	12.596
1251.430	12.617
1251.957	12.639
1252.455	12.662
1252.925	12.686
1253.367	12.711
1253.784	12.738
1254.176	12.765
1254.546	12.793
1254.894	12.823
1255.224	12.853
1255.535	12.884
1255.829	12.915
1256.107	12.948
1256.372	12.981
1256.623	13.015
1256.863	13.049
1257.092	13.084
1257.312	13.120
1257.524	13.156
1257.729	13.192
1257.928	13.229
1258.124	13.266
1258.318	13.304
1258.510	13.342
1258.706	13.379
1258.905	13.417
1259.113	13.455
1259.333	13.493
1259.569	13.530
1259.829	13.566
1260.120	13.601
1260.451	13.635
1260.836	13.667
1261.289	13.697
1261.832	13.723
1262.487	13.744
1263.283	13.760
1264.254	13.769
1265.435	13.770
1266.862	13.760
1268.565	13.739
1270.557	13.706
1272.833	13.661
1275.352	13.605
1278.042	13.542
1280.805	13.475
1283.529	13.409
1286.115	13.348
1288.483	13.296
1290.587	13.253
1292.412	13.222
1293.972	13.202
1295.290	13.192
1296.403	13.190
1297.343	13.195
1298.144	13.206
1298.832	13.221
1299.431	13.240
1299.959	13.263
1300.433	13.287
1300.865	13.314
1301.263	13.342
1301.637	13.371
1301.992	13.401
1302.335	13.432
1302.669	13.463
1303.000	13.495
1303.332	13.527
1303.667	13.559
1304.008	13.590
1304.359	13.622
1304.723	13.653
1305.101	13.683
1305.497	13.713
1305.912	13.743
1306.348	13.771
1306.807	13.799
1307.292	13.826
1307.801	13.851
1308.338	13.876
1308.900	13.900
1309.491	13.922
1310.107	13.944
1310.749	13.964
1311.416	13.983
1312.106	14.002
1312.817	14.019
1313.549	14.036
1314.298	14.051
1315.063	14.067
1315.844	14.081
1316.639	14.095
1317.449	14.108
1318.272	14.120
1319.111	14.132
1319.966	14.143
1320.844	14.154
1321.745	14.163
1322.681	14.171
1323.659	14.177
1324.696	14.181
1325.809	14.182
1327.027	14.179
1328.385	14.171
1329.932	14.155
1331.730	14.129
1333.851	14.091
1336.382	14.036
1339.406	13.963
1342.989	13.869
1347.148	13.753
1351.832	13.618
1356.900	13.469
1362.146	13.314
1367.334	13.163
1372.270	13.022
1376.806	12.898
1380.890	12.791
1384.512	12.702
1387.715	12.629
1390.546	12.570
1393.064	12.522
1395.315	12.483
1397.347	12.452
1399.195	12.428
1400.892	12.409
1402.461	12.394
1403.922	12.383
1405.289	12.375
1406.576	12.370
1407.787	12.367
1408.927	12.367
1410.001	12.368
1411.006	12.372
1411.947	12.377
1412.821	12.385
1413.628	12.395
1414.374	12.406
1415.053	12.420
1415.676	12.436
1416.238	12.453
1416.750	12.473
1417.208	12.494
1417.623	12.516
1417.995	12.540
1418.331	12.565
1418.634	12.592
1418.908	12.619
1419.156	12.648
1419.384	12.677
1419.593	12.707
1419.787	12.738
1419.970	12.769
1420.144	12.801
1420.312	12.833
1420.475	12.865
1420.638	12.898
1420.802	12.931
1420.969	12.963
1421.144	12.996
1421.328	13.029
1421.525	13.061
1421.738	13.093
1421.971	13.124
1422.229	13.155
1422.516	13.185
1422.837	13.213
1423.199	13.241
1423.608	13.267
1424.071	13.291
1424.594	13.313
1425.186	13.333
1425.854	13.351
1426.603	13.365
1427.438	13.377
1428.363	13.385
1429.377	13.390
1430.477	13.392
1431.657	13.391
1432.904	13.387
1434.205	13.381
1435.545	13.374
1436.904	13.365
1438.267	13.357
1439.618	13.349
1440.946	13.341
1442.248	13.334
1443.519	13.329
1444.770	13.324
1446.008	13.320
1447.253	13.316
1448.528	13.311
1449.860	13.305
1451.284	13.296
1452.835	13.283
1454.554	13.264
1456.477	13.239
1458.638	13.207
1461.058	13.166
1463.742	13.116
1466.668	13.059
1469.786	12.995
1473.022	12.927
1476.279	12.858
1479.461	12.792
1482.477	12.730
1485.262	12.676
1487.779	12.630
1490.013	12.594
1491.975	12.566
1493.688	12.546
1495.184	12.533
1496.495	12.526
1497.654	12.524
1498.691	12.526
1499.630	12.531
1500.491	12.539
1501.292	12.548
1502.046	12.559
1502.765	12.572
1503.456	12.585
1504.126	12.599
1504.780	12.614
1505.420	12.629
1506.050	12.644
1506.671	12.660
1507.282	12.676
1507.887	12.692
1508.484	12.709
1509.072	12.726
1509.657	12.742
1510.232	12.760
1510.804	12.777
1511.372	12.795
1511.937	12.813
1512.505	12.830
1513.076	12.848
1513.658	12.865
1514.252	12.883
1514.868	12.899
1515.512	12.915
1516.191	12.930
1516.917	12.943
1517.696	12.955
1518.541	12.965
1519.460	12.973
1520.461	12.978
1521.553	12.980
1522.738	12.980
1524.017	12.976
1525.386	12.970
1526.835	12.960
1528.348	12.949
1529.905	12.936
1531.480	12.922
1533.047	12.908
1534.583	12.895
1536.057	12.884
1537.455	12.875
1538.760	12.869
1539.960	12.865
1541.059	12.865
1542.051	12.869
1542.944	12.875
1543.746	12.884
1544.465	12.896
1545.115	12.910
1545.702	12.927
1546.240	12.945
1546.735	12.964
1547.199	12.985
1547.639	13.006
1548.061	13.028
1548.474	13.051
1548.882	13.073
1549.291	13.096
1549.706	13.119
1550.130	13.142
1550.570	13.164
1551.028	13.186
1551.507	13.207
1552.011	13.227
1552.543	13.247
1553.107	13.265
1553.702	13.283
1554.335	13.300
1555.004	13.315
1555.710	13.329
1556.458	13.342
1557.243	13.353
1558.070	13.364
1558.933	13.373
1559.833	13.380
1560.770	13.387
1561.738	13.392
1562.739	13.397
1563.768	13.400
1564.824	13.403
1565.908	13.404
1567.016	13.405
1568.153	13.405
1569.316	13.404
1570.508	13.402
1571.733	13.399
1572.993	13.395
1574.293	13.389
1575.633	13.383
1577.016	13.375
1578.443	13.365
1579.911	13.355
1581.417	13.343
1582.955	13.330
1584.517	13.316
1586.094	13.301
1587.678	13.287
1589.263	13.272
1590.841	13.258
1592.417	13.243
1593.999	13.229
1595.602	13.215
1597.263	13.199
1599.023	13.180
1600.947	13.158
1603.115	13.129
1605.624	13.091
1608.579	13.041
1612.079	12.976
1616.183	12.894
1620.884	12.797
1626.071	12.685
1631.538	12.566
1637.000	12.446
1642.172	12.334
1646.826	12.236
1650.841	12.156
1654.191	12.094
1656.925	12.048
1659.131	12.017
1660.909	11.998
1662.351	11.988
1663.534	11.985
1664.524	11.988
1665.365	11.994
1666.094	12.004
1666.736	12.016
1667.311	12.030
1667.833	12.045
1668.311	12.061
1668.754	12.079
1669.168	12.097
1669.557	12.116
1669.924	12.136
1670.273	12.156
1670.607	12.176
1670.927	12.197
1671.235	12.219
1671.532	12.241
1671.821	12.263
1672.102	12.285
1672.376	12.308
1672.645	12.330
1672.909	12.353
1673.169	12.377
1673.426	12.400
1673.679	12.423
1673.931	12.447
1674.182	12.471
1674.431	12.495
1674.679	12.519
1674.927	12.543
1675.175	12.567
1675.424	12.591
1675.673	12.615
1675.923	12.640
1676.175	12.664
1676.429	12.688
1676.685	12.713
1676.943	12.737
1677.204	12.761
1677.469	12.786
1677.739	12.810
1678.012	12.834
1678.290	12.859
1678.575	12.883
1678.866	12.907
1679.165	12.931
1679.473	12.954
1679.790	12.978
1680.121	13.001
1680.465	13.024
1680.824	13.047
1681.204	13.069
1681.605	13.090
1682.034	13.111
1682.496	13.131
1682.996	13.150
1683.545	13.168
1684.152	13.184
1684.829	13.198
1685.594	13.210
1686.460	13.219
1687.453	13.224
1688.593	13.225
1689.905	13.222
1691.414	13.213
1693.141	13.197
1695.100	13.175
1697.295	13.146
1699.711	13.111
1702.316	13.070
1705.061	13.025
1707.874	12.978
1710.683	12.930
1713.411	12.884
1715.992	12.843
1718.381	12.806
1720.545	12.776
1722.479	12.752
1724.189	12.734
1725.693	12.722
1727.017	12.716
1728.187	12.714
1729.231	12.715
1730.175	12.719
1731.041	12.726
1731.848	12.734
1732.613	12.744
1733.348	12.754
1734.065	12.766
1734.771	12.777
1735.473	12.789
1736.175	12.801
1736.878	12.812
1737.587	12.824
1738.301	12.836
1739.021	12.847
1739.745	12.858
1740.471	12.869
1741.199	12.880
1741.929	12.891
1742.655	12.903
1743.377	12.914
1744.096	12.925
1744.807	12.937
1745.510	12.948
1746.207	12.960
1746.893	12.973
1747.572	12.985
1748.244	12.998
1748.908	13.011
1749.569	13.024
1750.226	13.037
1750.883	13.050
1751.542	13.063
1752.207	13.076
1752.880	13.089
1753.567	13.102
1754.271	13.114
1754.999	13.125
1755.755	13.136
1756.543	13.146
1757.373	13.155
1758.249	13.163
1759.177	13.169
1760.165	13.174
1761.216	13.176
1762.336	13.177
1763.530	13.176
1764.793	13.173
1766.127	13.168
1767.526	13.161
1768.979	13.152
1770.476	13.142
1771.999	13.131
1773.531	13.120
1775.054	13.109
1776.547	13.098
1777.991	13.089
1779.373	13.081
1780.675	13.076
1781.891	13.073
1783.016	13.072
1784.045	13.074
1784.981	13.078
1785.829	13.085
1786.590	13.094
1787.275	13.106
1787.888	13.119
1788.438	13.135
1788.933	13.152
1789.379	13.170
1789.783	13.190
1790.151	13.211
1790.489	13.233
1790.801	13.255
1791.092	13.279
1791.367	13.303
1791.628	13.327
1791.879	13.352
1792.121	13.377
1792.359	13.402
1792.595	13.428
1792.828	13.454
1793.064	13.480
1793.304	13.505
1793.547	13.531
1793.799	13.557
1794.061	13.582
1794.333	13.607
1794.621	13.632
1794.924	13.656
1795.246	13.680
1795.590	13.704
1795.959	13.726
1796.356	13.748
1796.783	13.770
1797.245	13.790
1797.744	13.809
1798.283	13.827
1798.866	13.844
1799.494	13.859
1800.168	13.873
1800.890	13.885
1801.658	13.896
1802.469	13.906
1803.321	13.914
1804.210	13.922
1805.127	13.928
1806.066	13.933
1807.015	13.938
1807.969	13.943
1808.918	13.948
1809.848	13.954
1810.755	13.960
1811.633	13.966
1812.472	13.974
1813.270	13.984
1814.027	13.994
1814.740	14.006
1815.412	14.019
1816.046	14.034
1816.645	14.049
1817.218	14.066
1817.769	14.083
1818.308	14.101
1818.848	14.119
1819.399	14.136
1819.980	14.154
1820.610	14.169
1821.315	14.183
1822.125	14.194
1823.086	14.200
1824.242	14.201
1825.656	14.194
1827.394	14.178
1829.525	14.150
1832.109	14.108
1835.179	14.053
1838.723	13.982
1842.668	13.900
1846.870	13.810
1851.140	13.717
1855.275	13.627
1859.103	13.546
1862.507	13.477
1865.439	13.422
1867.912	13.381
1869.970	13.352
1871.681	13.333
1873.112	13.322
1874.326	13.318
1875.376	13.318
1876.303	13.323
1877.139	13.330
1877.908	13.339
1878.626	13.350
1879.306	13.361
1879.954	13.374
1880.576	13.387
1881.176	13.402
1881.753	13.416
1882.308	13.432
1882.844	13.448
1883.359	13.464
1883.850	13.481
1884.321	13.499
1884.771	13.518
1885.198	13.537
1885.603	13.557
1885.989	13.577
1886.353	13.598
1886.700	13.619
1887.029	13.642
1887.341	13.664
1887.641	13.687
1887.930	13.711
1888.210	13.735
1888.485	13.759
1888.759	13.783
1889.036	13.808
1889.322	13.832
1889.625	13.856
1889.951	13.879
1890.312	13.901
1890.722	13.922
1891.195	13.942
1891.751	13.959
1892.416	13.974
1893.215	13.984
1894.181	13.991
1895.353	13.991
1896.763	13.984
1898.449	13.970
1900.438	13.947
1902.735	13.916
1905.337	13.875
1908.200	13.827
1911.259	13.773
1914.427	13.715
1917.605	13.657
1920.701	13.601
1923.637	13.549
1926.372	13.503
1928.883	13.463
1931.179	13.430
1933.284	13.402
1935.230	13.379
1937.050	13.359
1938.779	13.343
1940.440	13.328
1942.052	13.315
1943.625	13.303
1945.162	13.292
1946.660	13.281
1948.113	13.273
1949.514	13.265
1950.851	13.259
1952.121	13.254
1953.314	13.252
1954.426	13.251
1955.457	13.253
1956.408	13.257
1957.284	13.263
1958.093	13.270
1958.840	13.280
1959.534	13.290
1960.186	13.302
1960.807	13.315
1961.405	13.329
1961.992	13.342
1962.578	13.357
1963.176	13.370
1963.794	13.384
1964.446	13.397
1965.144	13.408
1965.901	13.418
1966.729	13.427
1967.643	13.433
1968.657	13.437
1969.787	13.438
1971.045	13.436
1972.444	13.430
1973.995	13.420
1975.704	13.406
1977.571	13.388
1979.594	13.366
1981.758	13.340
1984.045	13.311
1986.427	13.280
1988.870	13.247
1991.341	13.213
1993.802	13.179
1996.224	13.147
1998.575	13.116
2000.835	13.087
2002.993	13.061
2005.040	13.037
2006.975	13.017
2008.806	12.999
2010.540	12.984
2012.185	12.971
2013.755	12.960
2015.257	12.950
2016.704	12.942
2018.103	12.936
2019.461	12.930
2020.783	12.925
2022.073	12.921
2023.332	12.918
2024.564	12.915
2025.763	12.914
2026.933	12.912
2028.070	12.912
2029.172	12.913
2030.238	12.914
2031.265	12.916
2032.251	12.919
2033.197	12.923
2034.100	12.928
2034.962	12.934
2035.783	12.941
2036.562	12.949
2037.303	12.958
2038.006	12.968
2038.674	12.979
2039.308	12.990
2039.909	13.003
2040.482	13.016
2041.027	13.029
2041.548	13.044
2042.046	13.059
2042.521	13.074
2042.979	13.090
2043.418	13.107
2043.841	13.124
2044.251	13.141
2044.647	13.159
2045.031	13.177
2045.406	13.195
2045.771	13.213
2046.128	13.232
2046.479	13.251
2046.823	13.270
2047.164	13.290
2047.501	13.309
2047.836	13.329
2048.171	13.349
2048.507	13.368
2048.846	13.388
2049.189	13.408
2049.540	13.427
2049.900	13.447
2050.272	13.466
2050.659	13.485
2051.065	13.503
2051.495	13.521
2051.952	13.538
2052.444	13.555
2052.976	13.570
2053.556	13.584
2054.194	13.597
2054.898	13.609
2055.679	13.618
2056.549	13.625
2057.519	13.630
2058.601	13.632
2059.807	13.631
2061.145	13.627
2062.620	13.619
2064.234	13.607
2065.981	13.592
2067.849	13.574
2069.818	13.553
2071.861	13.530
2073.947	13.506
2076.038	13.481
2078.099	13.457
2080.099	13.434
2082.008	13.414
2083.807	13.396
2085.484	13.381
2087.034	13.370
2088.462	13.361
2089.775	13.356
2090.987	13.353
2092.113	13.352
2093.171	13.353
2094.179	13.356
2095.156	13.359
2096.119	13.363
2097.085	13.367
2098.071	13.370
2099.091	13.373
2100.160	13.375
2101.289	13.375
2102.489	13.374
2103.766	13.371
2105.127	13.366
2106.575	13.359
2108.108	13.350
2109.720	13.338
2111.404	13.326
2113.148	13.311
2114.938	13.295
2116.759	13.279
2118.590	13.262
2120.417	13.245
2122.224	13.229
2123.995	13.213
2125.719	13.199
2127.385	13.186
2128.987	13.174
2130.522	13.164
2131.985	13.155
2133.380	13.149
2134.705	13.143
2135.965	13.140
2137.163	13.138
2138.303	13.137
2139.391	13.138
2140.430	13.139
2141.429	13.142
2142.391	13.146
2143.324	13.150
2144.232	13.155
2145.124	13.160
2146.005	13.166
2146.883	13.172
2147.763	13.177
2148.654	13.183
2149.562	13.188
2150.493	13.193
2151.453	13.197
2152.449	13.200
2153.484	13.203
2154.561	13.204
2155.685	13.205
2156.853	13.204
2158.068	13.203
2159.323	13.200
2160.615	13.196
2161.941	13.192
2163.288	13.187
2164.653	13.182
2166.024	13.176
2167.395	13.171
2168.759	13.165
2170.110	13.160
2171.448	13.155
2172.771	13.150
2174.086	13.146
2175.400	13.142
2176.725	13.137
2178.077	13.133
2179.478	13.127
2180.950	13.120
2182.522	13.111
2184.220	13.099
2186.073	13.084
2188.103	13.065
2190.330	13.043
2192.761	13.015
2195.389	12.984
2198.191	12.948
2201.124	12.910
2204.125	12.870
2207.127	12.830
2210.065	12.790
2212.867	12.754
2215.471	12.721
2217.837	12.694
2219.960	12.671
2221.820	12.655
2223.424	12.643
2224.796	12.637
2225.963	12.635
2226.944	12.637
2227.766	12.642
2228.460	12.650
2229.044	12.661
2229.536	12.674
2229.957	12.688
2230.319	12.704
2230.632	12.720
2230.910	12.738
2231.158	12.757
2231.383	12.775
2231.592	12.795
2231.788	12.815
2231.975	12.835
2232.156	12.855
2232.334	12.875
2232.512	12.896
2232.691	12.916
2232.872	12.936
2233.059	12.957
2233.253	12.977
2233.454	12.997
2233.663	13.018
2233.885	13.038
2234.119	13.057
2234.365	13.077
2234.628	13.096
2234.906	13.115
2235.202	13.133
2235.519	13.152
2235.856	13.169
2236.215	13.187
2236.599	13.203
2237.008	13.220
2237.444	13.235
2237.907	13.251
2238.400	13.265
2238.924	13.279
2239.476	13.292
2240.060	13.305
2240.676	13.316
2241.323	13.328
2242.000	13.338
2242.708	13.348
2243.444	13.357
2244.208	13.365
2244.998	13.373
2245.810	13.380
