<j>	<F>
1.106	21.673
2.123	21.869
3.714	15.833
5.297	11.404
6.520	10.851
7.414	11.175
8.142	13.396
9.081	15.162
10.349	14.148
11.387	14.089
12.533	14.546
13.909	13.320
14.925	13.319
15.908	14.007
17.195	13.676
18.346	13.234
19.183	13.836
19.998	14.736
20.916	15.313
21.887	15.756
23.163	15.562
24.671	14.398
25.815	14.118
27.017	14.191
28.758	13.361
30.583	12.144
31.813	11.766
32.659	12.055
33.421	12.534
34.156	13.057
34.844	13.667
35.533	14.350
36.341	14.929
37.383	15.138
38.605	14.954
39.767	14.772
40.768	14.864
41.770	15.054
42.963	15.004
44.333	14.667
45.781	14.263
47.416	13.765
49.316	13.027
51.094	12.340
52.370	12.075
53.197	12.224
53.771	12.636
54.224	13.207
54.615	13.890
54.965	14.678
55.294	15.572
55.635	16.555
56.075	17.532
56.898	18.142
58.844	17.363
61.854	15.118
64.137	13.772
65.793	13.285
67.395	12.968
69.126	12.605
70.910	12.205
72.548	11.884
73.937	11.709
75.074	11.671
75.974	11.759
76.672	11.964
77.230	12.263
77.719	12.628
78.194	13.027
78.706	13.431
79.310	13.802
80.066	14.089
81.013	14.243
82.082	14.276
83.078	14.311
83.846	14.491
84.397	14.853
84.861	15.332
85.417	15.806
86.349	16.064
88.126	15.742
90.870	14.678
93.441	13.635
95.075	13.212
96.197	13.173
97.257	13.219
98.431	13.218
99.705	13.154
100.967	13.077
102.125	13.043
103.163	13.069
104.133	13.138
105.109	13.217
106.169	13.268
107.369	13.259
108.722	13.178
110.179	13.042
111.644	12.892
113.024	12.773
114.257	12.710
115.323	12.713
116.214	12.785
116.943	12.927
117.541	13.131
118.073	13.381
118.642	13.640
119.424	13.842
120.700	13.870
122.789	13.579
125.633	12.964
128.480	12.307
130.650	11.889
132.131	11.725
133.157	11.723
133.901	11.819
134.464	11.981
134.908	12.189
135.279	12.431
135.607	12.698
135.913	12.985
136.212	13.286
136.518	13.597
136.843	13.913
137.205	14.229
137.624	14.533
138.135	14.811
138.807	15.034
139.784	15.146
141.374	15.033
144.029	14.526
147.711	13.623
151.189	12.753
153.428	12.295
154.622	12.200
155.280	12.299
155.707	12.486
156.034	12.716
156.319	12.971
156.589	13.240
156.863	13.520
157.161	13.803
157.513	14.080
157.967	14.336
158.611	14.538
159.596	14.634
161.125	14.547
163.317	14.225
165.922	13.740
168.352	13.289
170.223	13.013
171.571	12.910
172.588	12.917
173.420	12.987
174.153	13.091
174.845	13.214
175.556	13.338
176.365	13.444
177.367	13.504
178.649	13.487
180.220	13.383
181.937	13.221
183.545	13.069
184.838	12.992
185.776	13.012
186.441	13.114
186.945	13.269
187.380	13.454
187.808	13.650
188.268	13.843
188.783	14.024
189.359	14.190
189.984	14.341
190.633	14.483
191.276	14.626
191.887	14.779
192.460	14.947
193.017	15.127
193.604	15.304
194.292	15.457
195.162	15.554
196.263	15.571
197.558	15.510
198.897	15.417
200.093	15.358
201.050	15.378
201.796	15.476
202.419	15.626
203.017	15.795
203.669	15.954
204.437	16.078
205.364	16.148
206.474	16.153
207.772	16.092
209.266	15.965
210.974	15.773
212.917	15.513
215.053	15.198
217.239	14.870
219.283	14.584
221.066	14.376
222.601	14.245
223.977	14.167
225.284	14.113
226.560	14.068
227.780	14.034
228.889	14.023
229.841	14.048
230.632	14.114
231.294	14.216
231.884	14.343
232.478	14.477
233.170	14.596
234.088	14.668
235.395	14.652
237.229	14.508
239.547	14.237
242.006	13.913
244.142	13.649
245.727	13.509
246.830	13.484
247.636	13.536
248.312	13.626
248.986	13.725
249.762	13.810
250.749	13.857
252.063	13.841
253.790	13.741
255.897	13.556
258.165	13.327
260.263	13.118
261.947	12.984
263.173	12.939
264.038	12.968
264.670	13.048
265.180	13.158
265.644	13.282
266.123	13.409
266.668	13.528
267.340	13.627
268.224	13.692
269.446	13.699
271.181	13.618
273.615	13.418
276.795	13.090
280.431	12.681
283.940	12.287
286.816	11.991
288.921	11.818
290.386	11.747
291.412	11.747
292.166	11.790
292.758	11.861
293.259	11.949
293.711	12.045
294.144	12.148
294.576	12.252
295.019	12.356
295.483	12.460
295.975	12.560
296.497	12.657
297.052	12.749
297.636	12.838
298.244	12.923
298.867	13.006
299.495	13.087
300.117	13.170
300.725	13.255
301.311	13.345
301.875	13.438
302.420	13.537
302.958	13.638
303.507	13.740
304.094	13.838
304.755	13.926
305.533	13.995
306.473	14.037
307.609	14.045
308.943	14.015
310.428	13.954
311.968	13.877
313.454	13.806
314.808	13.756
316.005	13.733
317.068	13.735
318.041	13.756
318.966	13.786
319.870	13.821
320.760	13.859
321.626	13.899
322.453	13.945
323.223	14.001
323.924	14.068
324.553	14.148
325.116	14.241
325.622	14.346
326.088	14.460
326.526	14.582
326.952	14.708
327.380	14.836
327.821	14.964
328.291	15.088
328.803	15.207
329.377	15.315
330.039	15.408
330.829	15.478
331.807	15.514
333.073	15.497
334.805	15.401
337.317	15.178
341.083	14.764
346.459	14.119
352.931	13.331
358.983	12.620
363.466	12.142
366.370	11.886
368.202	11.778
369.407	11.753
370.250	11.775
370.876	11.825
371.362	11.893
371.750	11.974
372.068	12.064
372.336	12.162
372.565	12.266
372.766	12.376
372.946	12.489
373.112	12.607
373.268	12.728
373.420	12.852
373.571	12.977
373.728	13.105
373.896	13.234
374.082	13.362
374.296	13.489
374.551	13.613
374.863	13.732
375.252	13.842
375.743	13.939
376.366	14.019
377.148	14.076
378.109	14.107
379.249	14.111
380.544	14.089
381.941	14.050
383.376	14.002
384.802	13.955
386.207	13.913
387.637	13.871
389.200	13.817
391.063	13.732
393.433	13.590
396.469	13.371
400.125	13.077
404.020	12.750
407.588	12.457
410.417	12.245
412.436	12.125
413.799	12.082
414.716	12.092
415.357	12.135
415.837	12.199
416.226	12.275
416.567	12.358
416.884	12.445
417.194	12.534
417.510	12.624
417.842	12.714
418.202	12.802
418.604	12.887
419.066	12.967
419.608	13.039
420.259	13.100
421.048	13.146
422.009	13.173
423.164	13.179
424.519	13.160
426.045	13.120
427.675	13.065
429.310	13.005
430.844	12.954
432.195	12.921
433.320	12.913
434.218	12.930
434.913	12.971
435.445	13.032
435.850	13.109
436.166	13.199
436.422	13.297
436.644	13.402
436.857	13.510
437.087	13.619
437.371	13.725
437.759	13.821
438.324	13.899
439.176	13.947
440.454	13.947
442.299	13.881
444.762	13.739
447.689	13.536
450.694	13.315
453.339	13.126
455.372	13.004
456.785	12.953
457.713	12.959
458.316	13.005
458.720	13.077
459.007	13.164
459.230	13.261
459.417	13.364
459.586	13.471
459.746	13.580
459.903	13.692
460.061	13.805
460.222	13.919
460.389	14.034
460.562	14.151
460.743	14.267
460.934	14.385
461.135	14.502
461.348	14.619
461.574	14.737
461.814	14.854
462.069	14.970
462.342	15.086
462.637	15.200
462.962	15.311
463.336	15.418
463.796	15.515
464.432	15.592
465.436	15.627
467.204	15.570
470.412	15.340
475.717	14.854
482.676	14.160
489.279	13.496
493.914	13.062
496.657	12.854
498.284	12.781
499.401	12.772
500.341	12.788
501.265	12.809
502.253	12.826
503.346	12.834
504.554	12.831
505.869	12.818
507.256	12.796
508.668	12.771
510.045	12.747
511.335	12.729
512.498	12.722
513.514	12.728
514.381	12.748
515.111	12.780
515.723	12.824
516.240	12.878
516.684	12.940
517.074	13.008
517.426	13.080
517.755	13.156
518.072	13.234
518.387	13.313
518.708	13.392
519.044	13.471
519.402	13.549
519.791	13.625
520.224	13.697
520.714	13.765
521.282	13.825
521.954	13.876
522.765	13.913
523.756	13.933
524.975	13.931
526.462	13.901
528.235	13.842
530.267	13.755
532.475	13.649
534.731	13.535
536.897	13.429
538.870	13.340
540.604	13.275
542.101	13.233
543.398	13.212
544.538	13.206
545.565	13.212
546.511	13.227
547.400	13.247
548.250	13.271
549.075	13.298
549.888	13.327
550.702	13.356
551.536	13.384
552.410	13.409
553.348	13.428
554.378	13.440
555.529	13.442
556.829	13.431
558.299	13.404
559.950	13.361
561.773	13.303
563.739	13.232
565.799	13.152
567.896	13.068
569.976	12.986
571.998	12.909
573.940	12.840
575.794	12.778
577.561	12.725
579.244	12.679
580.843	12.640
582.354	12.609
583.768	12.585
585.080	12.568
586.286	12.560
587.385	12.561
588.384	12.569
589.291	12.584
590.120	12.606
590.884	12.634
591.596	12.665
592.269	12.701
592.914	12.739
593.543	12.778
594.166	12.819
594.794	12.859
595.436	12.899
596.106	12.938
596.817	12.973
597.583	13.004
598.423	13.030
599.354	13.050
600.394	13.060
601.557	13.061
602.850	13.052
604.269	13.032
605.793	13.003
607.387	12.968
609.003	12.930
610.585	12.893
612.084	12.861
613.459	12.839
614.688	12.827
615.763	12.828
616.689	12.840
617.479	12.863
618.151	12.895
618.722	12.936
619.211	12.984
619.633	13.038
620.001	13.097
620.327	13.160
620.621	13.226
620.891	13.295
621.144	13.366
621.388	13.439
621.627	13.513
621.867	13.588
622.115	13.662
622.376	13.737
622.657	13.811
622.966	13.883
623.313	13.952
623.709	14.018
624.172	14.079
624.723	14.133
625.392	14.178
626.218	14.209
627.251	14.223
628.547	14.214
630.162	14.177
632.123	14.110
634.409	14.013
636.921	13.895
639.491	13.769
641.930	13.651
644.082	13.557
645.869	13.492
647.292	13.458
648.400	13.451
649.262	13.466
649.947	13.497
650.516	13.539
651.016	13.588
651.485	13.641
651.956	13.694
652.455	13.747
653.010	13.795
653.647	13.838
654.400	13.872
655.305	13.895
656.414	13.901
657.789	13.888
659.514	13.848
661.697	13.774
664.462	13.658
667.920	13.493
672.110	13.278
676.915	13.023
682.027	12.749
687.021	12.486
691.515	12.259
695.304	12.082
698.367	11.953
700.799	11.866
702.734	11.812
704.300	11.782
705.597	11.770
706.698	11.769
707.657	11.778
708.509	11.793
709.278	11.814
709.981	11.838
710.630	11.866
711.233	11.896
711.796	11.930
712.322	11.965
712.816	12.002
713.281	12.042
713.719	12.083
714.132	12.126
714.523	12.171
714.894	12.217
715.246	12.264
715.582	12.313
715.904	12.363
716.213	12.414
716.511	12.466
716.800	12.519
717.082	12.573
717.358	12.628
717.630	12.683
717.899	12.739
718.167	12.796
718.436	12.853
718.707	12.910
718.982	12.968
719.262	13.025
719.550	13.083
719.847	13.140
720.155	13.197
720.475	13.253
720.809	13.309
721.161	13.364
721.530	13.419
721.919	13.472
722.330	13.524
722.764	13.574
723.221	13.624
723.703	13.671
724.209	13.717
724.739	13.761
725.292	13.804
725.865	13.846
726.455	13.886
727.056	13.925
727.666	13.964
728.278	14.002
728.886	14.041
729.484	14.080
730.065	14.121
730.626	14.163
731.161	14.208
731.668	14.254
732.145	14.304
732.590	14.356
733.003	14.411
733.388	14.469
733.745	14.529
734.078	14.592
734.391	14.658
734.686	14.725
734.969	14.794
735.244	14.864
735.516	14.935
735.791	15.007
736.073	15.078
736.369	15.150
736.684	15.220
737.024	15.288
737.397	15.354
737.808	15.417
738.264	15.477
738.771	15.532
739.335	15.582
739.961	15.627
740.655	15.665
741.421	15.697
742.269	15.721
743.213	15.737
744.280	15.742
745.517	15.733
747.002	15.703
748.860	15.642
751.253	15.537
754.348	15.375
758.215	15.150
762.680	14.876
767.293	14.588
771.497	14.332
774.915	14.138
777.470	14.012
779.294	13.946
780.586	13.923
781.530	13.929
782.263	13.952
782.881	13.986
783.448	14.024
784.010	14.064
784.602	14.102
785.249	14.138
785.974	14.168
786.797	14.191
787.731	14.206
788.785	14.213
789.962	14.211
791.248	14.200
792.622	14.182
794.048	14.160
795.485	14.135
796.887	14.113
798.216	14.095
799.440	14.084
800.544	14.081
801.523	14.088
802.381	14.103
803.128	14.126
803.782	14.157
804.359	14.193
804.876	14.234
805.351	14.279
805.803	14.327
806.253	14.375
806.729	14.422
807.267	14.466
807.919	14.503
808.764	14.528
809.913	14.533
811.519	14.508
813.763	14.440
816.800	14.319
820.652	14.143
825.095	13.923
829.660	13.693
833.817	13.487
837.219	13.329
839.797	13.225
841.667	13.168
843.014	13.146
844.005	13.148
844.767	13.165
845.387	13.193
845.917	13.227
846.391	13.265
846.830	13.305
847.245	13.348
847.641	13.391
848.025	13.436
848.397	13.482
848.758	13.528
849.110	13.576
849.452	13.624
849.786	13.673
850.110	13.723
850.426	13.774
850.735	13.826
851.035	13.878
851.329	13.931
851.616	13.986
851.898	14.040
852.175	14.096
852.449	14.152
852.722	14.208
852.995	14.265
853.271	14.322
853.553	14.379
853.845	14.436
854.155	14.492
854.492	14.547
854.870	14.600
855.312	14.648
855.853	14.691
856.544	14.725
857.469	14.744
858.746	14.740
860.540	14.704
863.041	14.621
866.407	14.482
870.649	14.286
875.506	14.048
880.476	13.801
885.014	13.581
888.788	13.408
891.750	13.288
894.037	13.211
895.845	13.165
897.351	13.140
898.686	13.126
899.938	13.119
901.161	13.113
902.384	13.108
903.617	13.103
904.862	13.097
906.107	13.090
907.338	13.084
908.537	13.080
909.691	13.077
910.784	13.078
911.808	13.082
912.761	13.090
913.644	13.102
914.463	13.118
915.228	13.137
915.954	13.158
916.655	13.181
917.350	13.204
918.060	13.228
918.807	13.249
919.617	13.268
920.516	13.282
921.530	13.291
922.683	13.292
923.997	13.285
925.481	13.269
927.131	13.244
928.929	13.210
930.834	13.170
932.792	13.126
934.741	13.082
936.622	13.041
938.384	13.006
939.998	12.978
941.449	12.958
942.740	12.947
943.883	12.944
944.898	12.948
945.806	12.958
946.630	12.972
947.388	12.990
948.097	13.011
948.771	13.034
949.424	13.058
950.062	13.083
950.694	13.109
951.326	13.135
951.961	13.161
952.602	13.186
953.252	13.211
953.908	13.236
954.570	13.261
955.237	13.285
955.903	13.309
956.565	13.334
957.220	13.359
957.860	13.384
958.482	13.411
959.082	13.439
959.655	13.468
960.199	13.499
960.712	13.531
961.192	13.566
961.639	13.602
962.054	13.640
962.438	13.680
962.792	13.723
963.118	13.767
963.419	13.812
963.698	13.859
963.956	13.908
964.196	13.958
964.421	14.010
964.632	14.062
964.834	14.116
965.026	14.170
965.212	14.225
965.393	14.281
965.572	14.337
965.749	14.394
965.927	14.451
966.108	14.509
966.293	14.566
966.485	14.624
966.687	14.681
966.901	14.738
967.132	14.794
967.385	14.850
967.666	14.904
967.984	14.956
968.351	15.005
968.783	15.051
969.297	15.091
969.921	15.125
970.683	15.151
971.617	15.165
972.760	15.166
974.137	15.151
975.761	15.120
977.616	15.073
979.649	15.014
981.775	14.947
983.887	14.879
985.882	14.818
987.683	14.769
989.250	14.735
990.580	14.716
991.697	14.711
992.640	14.718
993.451	14.733
994.176	14.755
994.852	14.781
995.515	14.809
996.200	14.835
996.937	14.859
997.759	14.878
998.700	14.891
999.793	14.894
1001.073	14.886
1002.567	14.865
1004.298	14.830
1006.267	14.780
1008.461	14.716
1010.844	14.640
1013.369	14.557
1015.986	14.468
1018.659	14.376
1021.368	14.285
1024.106	14.192
1026.876	14.100
1029.664	14.008
1032.441	13.917
1035.150	13.830
1037.720	13.750
1040.085	13.681
1042.191	13.626
1044.014	13.585
1045.552	13.559
1046.827	13.547
1047.874	13.547
1048.730	13.557
1049.434	13.576
1050.021	13.601
1050.518	13.631
1050.952	13.665
1051.340	13.701
1051.701	13.740
1052.048	13.779
1052.394	13.820
1052.750	13.859
1053.131	13.898
1053.552	13.936
1054.035	13.970
1054.610	14.001
1055.324	14.025
1056.247	14.040
1057.493	14.039
1059.231	14.016
1061.703	13.960
1065.208	13.856
1070.019	13.692
1076.195	13.465
1083.367	13.192
1090.725	12.910
1097.362	12.659
1102.712	12.465
1106.678	12.333
1109.482	12.254
1111.433	12.212
1112.804	12.197
1113.798	12.198
1114.549	12.211
1115.143	12.230
1115.634	12.254
1116.056	12.282
1116.430	12.311
1116.770	12.342
1117.085	12.374
1117.382	12.408
1117.663	12.442
1117.932	12.476
1118.190	12.511
1118.439	12.547
1118.681	12.584
1118.915	12.620
1119.142	12.658
1119.363	12.695
1119.578	12.734
1119.787	12.772
1119.991	12.811
1120.188	12.851
1120.381	12.890
1120.568	12.931
1120.750	12.972
1120.927	13.013
1121.099	13.054
1121.266	13.096
1121.428	13.139
1121.585	13.182
1121.738	13.225
1121.886	13.269
1122.030	13.313
1122.169	13.358
1122.305	13.403
1122.436	13.449
1122.563	13.495
1122.687	13.542
1122.807	13.589
1122.923	13.636
1123.036	13.684
1123.145	13.732
1123.252	13.781
1123.354	13.830
1123.455	13.880
1123.552	13.930
1123.647	13.981
1123.740	14.032
1123.830	14.083
1123.917	14.135
1124.003	14.187
1124.086	14.240
1124.168	14.293
1124.248	14.347
1124.327	14.401
1124.405	14.456
1124.481	14.510
1124.557	14.566
1124.633	14.621
1124.709	14.677
1124.786	14.734
1124.865	14.790
1124.947	14.847
1125.032	14.904
1125.125	14.961
1125.226	15.018
1125.341	15.075
1125.475	15.131
1125.636	15.186
1125.834	15.239
1126.087	15.290
1126.417	15.336
1126.854	15.378
1127.443	15.411
1128.239	15.432
1129.313	15.438
1130.746	15.424
1132.611	15.386
1134.956	15.319
1137.759	15.226
1140.913	15.111
1144.221	14.986
1147.451	14.864
1150.401	14.756
1152.953	14.671
1155.080	14.610
1156.823	14.570
1158.254	14.548
1159.447	14.540
1160.468	14.542
1161.365	14.550
1162.174	14.564
1162.917	14.582
1163.610	14.603
1164.258	14.626
1164.869	14.651
1165.444	14.678
1165.987	14.707
1166.499	14.738
1166.983	14.770
1167.441	14.804
1167.878	14.839
1168.297	14.875
1168.704	14.913
1169.104	14.951
1169.506	14.989
1169.918	15.026
1170.350	15.063
1170.815	15.099
1171.327	15.132
1171.906	15.162
1172.575	15.187
1173.365	15.207
1174.312	15.218
1175.467	15.218
1176.889	15.204
1178.660	15.172
1180.878	15.118
1183.671	15.035
1187.164	14.917
1191.473	14.761
1196.611	14.566
1202.435	14.339
1208.588	14.099
1214.589	13.868
1219.989	13.666
1224.516	13.505
1228.112	13.387
1230.871	13.308
1232.958	13.260
1234.538	13.236
1235.757	13.227
1236.724	13.231
1237.523	13.242
1238.212	13.259
1238.835	13.279
1239.422	13.300
1239.996	13.323
1240.576	13.345
1241.178	13.367
1241.814	13.388
1242.498	13.407
1243.243	13.424
1244.060	13.438
1244.961	13.448
1245.959	13.455
1247.062	13.457
1248.276	13.455
1249.603	13.448
1251.040	13.436
1252.575	13.420
1254.189	13.401
1255.858	13.379
1257.550	13.356
1259.233	13.333
1260.876	13.311
1262.452	13.292
1263.941	13.276
1265.329	13.264
1266.611	13.257
1267.792	13.253
1268.876	13.253
1269.877	13.257
1270.808	13.264
1271.683	13.273
1272.516	13.284
1273.324	13.297
1274.118	13.310
1274.912	13.323
1275.716	13.336
1276.544	13.348
1277.402	13.360
1278.301	13.369
1279.249	13.377
1280.253	13.383
1281.319	13.386
1282.453	13.386
1283.656	13.384
1284.933	13.379
1286.281	13.371
1287.698	13.360
1289.177	13.347
1290.708	13.331
1292.278	13.314
1293.872	13.296
1295.471	13.277
1297.057	13.259
1298.610	13.242
1300.117	13.226
1301.560	13.213
1302.933	13.203
1304.229	13.195
1305.445	13.191
1306.584	13.189
1307.651	13.191
1308.652	13.195
1309.594	13.201
1310.487	13.209
1311.339	13.219
1312.158	13.231
1312.950	13.243
1313.725	13.256
1314.486	13.270
1315.241	13.284
1315.992	13.299
1316.747	13.313
1317.506	13.327
1318.275	13.341
1319.058	13.355
1319.859	13.367
1320.685	13.379
1321.542	13.390
1322.436	13.400
1323.378	13.407
1324.377	13.413
1325.446	13.416
1326.597	13.416
1327.844	13.413
1329.196	13.405
1330.666	13.393
1332.257	13.377
1333.968	13.356
1335.791	13.331
1337.704	13.302
1339.681	13.270
1341.682	13.237
1343.667	13.205
1345.592	13.174
1347.419	13.147
1349.116	13.124
1350.663	13.107
1352.049	13.095
1353.271	13.090
1354.337	13.090
1355.258	13.096
1356.047	13.106
1356.721	13.122
1357.295	13.141
1357.783	13.163
1358.199	13.188
1358.556	13.216
1358.863	13.246
1359.130	13.277
1359.365	13.310
1359.573	13.344
1359.763	13.379
1359.938	13.415
1360.105	13.451
1360.268	13.488
1360.434	13.525
1360.608	13.561
1360.796	13.598
1361.008	13.634
1361.252	13.668
1361.541	13.702
1361.889	13.733
1362.315	13.762
1362.838	13.787
1363.485	13.808
1364.283	13.823
1365.261	13.831
1366.445	13.831
1367.859	13.822
1369.508	13.804
1371.384	13.776
1373.453	13.741
1375.654	13.699
1377.907	13.655
1380.126	13.611
1382.227	13.572
1384.142	13.538
1385.833	13.514
1387.283	13.498
1388.498	13.492
1389.498	13.494
1390.314	13.503
1390.976	13.518
1391.514	13.539
1391.957	13.563
1392.327	13.591
1392.645	13.621
1392.928	13.653
1393.191	13.685
1393.450	13.719
1393.715	13.752
1394.005	13.785
1394.335	13.816
1394.728	13.845
1395.209	13.872
1395.816	13.894
1396.592	13.910
1397.593	13.918
1398.884	13.915
1400.536	13.899
1402.615	13.866
1405.165	13.816
1408.181	13.749
1411.593	13.665
1415.254	13.572
1418.967	13.475
1422.520	13.383
1425.742	13.303
1428.531	13.239
1430.862	13.191
1432.761	13.159
1434.294	13.141
1435.534	13.134
1436.554	13.135
1437.413	13.143
1438.164	13.155
1438.845	13.170
1439.487	13.186
1440.112	13.204
1440.739	13.221
1441.382	13.238
1442.052	13.255
1442.758	13.270
1443.509	13.283
1444.310	13.296
1445.167	13.306
1446.084	13.314
1447.065	13.320
1448.109	13.323
1449.217	13.324
1450.388	13.324
1451.613	13.321
1452.888	13.316
1454.201	13.310
1455.543	13.302
1456.896	13.294
1458.251	13.286
1459.588	13.279
1460.896	13.272
1462.161	13.267
1463.371	13.263
1464.519	13.261
1465.595	13.262
1466.599	13.265
1467.527	13.271
1468.380	13.280
1469.161	13.291
1469.872	13.304
1470.518	13.320
1471.103	13.338
1471.633	13.358
1472.112	13.380
1472.546	13.403
1472.939	13.428
1473.296	13.455
1473.621	13.483
1473.918	13.512
1474.191	13.542
1474.443	13.572
1474.677	13.604
1474.895	13.636
1475.100	13.669
1475.295	13.703
1475.482	13.737
1475.662	13.771
1475.840	13.806
1476.015	13.841
1476.192	13.876
1476.371	13.911
1476.556	13.946
1476.750	13.981
1476.954	14.016
1477.174	14.050
1477.411	14.084
1477.671	14.117
1477.956	14.149
1478.273	14.180
1478.628	14.210
1479.023	14.239
1479.467	14.265
1479.964	14.290
1480.522	14.313
1481.145	14.333
1481.838	14.350
1482.606	14.364
1483.449	14.376
1484.369	14.384
1485.364	14.389
1486.428	14.392
1487.557	14.391
1488.740	14.389
1489.970	14.384
1491.236	14.378
1492.530	14.371
1493.843	14.363
1495.171	14.354
1496.510	14.345
1497.859	14.335
1499.216	14.325
1500.585	14.315
1501.960	14.304
1503.345	14.294
1504.730	14.283
1506.113	14.272
1507.481	14.261
1508.823	14.252
1510.128	14.243
1511.381	14.237
1512.571	14.233
1513.688	14.231
1514.725	14.233
1515.678	14.238
1516.545	14.246
1517.329	14.257
1518.034	14.272
1518.664	14.289
1519.228	14.309
1519.731	14.332
1520.181	14.357
1520.587	14.383
1520.954	14.412
1521.290	14.441
1521.602	14.472
1521.896	14.504
1522.180	14.537
1522.459	14.569
1522.742	14.602
1523.036	14.635
1523.352	14.667
1523.699	14.698
1524.094	14.727
1524.551	14.754
1525.091	14.778
1525.739	14.798
1526.522	14.813
1527.472	14.821
1528.622	14.822
1530.003	14.813
1531.639	14.794
1533.538	14.764
1535.688	14.724
1538.048	14.676
1540.550	14.621
1543.107	14.563
1545.623	14.507
1548.013	14.455
1550.214	14.410
1552.189	14.373
1553.930	14.346
1555.448	14.328
1556.767	14.318
1557.918	14.314
1558.931	14.316
1559.833	14.322
1560.649	14.332
1561.394	14.345
1562.083	14.360
1562.728	14.377
1563.332	14.396
1563.903	14.415
1564.443	14.437
1564.953	14.459
1565.436	14.482
1565.889	14.507
1566.316	14.533
1566.717	14.559
1567.091	14.587
1567.442	14.616
1567.768	14.646
1568.072	14.677
1568.354	14.709
1568.618	14.742
1568.864	14.776
1569.094	14.810
1569.310	14.845
1569.514	14.881
1569.708	14.918
1569.894	14.954
1570.074	14.992
1570.251	15.029
1570.427	15.067
1570.604	15.105
1570.786	15.143
1570.974	15.181
1571.174	15.219
1571.388	15.256
1571.623	15.293
1571.883	15.328
1572.177	15.363
1572.515	15.396
1572.907	15.426
1573.371	15.454
1573.929	15.479
1574.611	15.498
1575.457	15.511
1576.522	15.515
1577.875	15.507
1579.607	15.484
1581.817	15.442
1584.600	15.377
1588.017	15.286
1592.047	15.170
1596.554	15.035
1601.279	14.890
1605.899	14.749
1610.118	14.623
1613.740	14.520
1616.696	14.443
1619.019	14.391
1620.802	14.361
1622.153	14.347
1623.175	14.347
1623.952	14.357
1624.551	14.373
1625.022	14.395
1625.400	14.421
1625.712	14.449
1625.976	14.480
1626.205	14.512
1626.410	14.545
1626.596	14.579
1626.770	14.614
1626.934	14.649
1627.092	14.684
1627.246	14.720
1627.397	14.757
1627.547	14.793
1627.697	14.830
1627.847	14.866
1628.001	14.903
1628.156	14.940
1628.315	14.977
1628.480	15.014
1628.651	15.050
1628.832	15.087
1629.021	15.123
1629.226	15.159
1629.447	15.194
1629.692	15.229
1629.967	15.263
1630.284	15.295
1630.658	15.325
1631.112	15.352
1631.679	15.376
1632.405	15.393
1633.358	15.402
1634.632	15.398
1636.353	15.378
1638.675	15.335
1641.761	15.264
1645.739	15.159
1650.617	15.019
1656.216	14.852
1662.146	14.671
1667.915	14.496
1673.086	14.342
1677.417	14.220
1680.861	14.130
1683.521	14.070
1685.552	14.033
1687.113	14.013
1688.334	14.007
1689.316	14.009
1690.129	14.017
1690.824	14.030
1691.434	14.046
1691.984	14.064
1692.489	14.084
1692.959	14.105
1693.402	14.127
1693.823	14.150
1694.227	14.174
1694.615	14.198
1694.990	14.223
1695.353	14.249
1695.705	14.275
1696.047	14.301
1696.380	14.327
1696.706	14.354
1697.025	14.382
1697.338	14.409
1697.648	14.437
1697.956	14.465
1698.265	14.493
1698.576	14.522
1698.894	14.550
1699.222	14.577
1699.565	14.605
1699.930	14.632
1700.323	14.657
1700.753	14.682
1701.229	14.705
1701.763	14.727
1702.369	14.745
1703.061	14.761
1703.854	14.774
1704.767	14.782
1705.814	14.785
1707.008	14.783
1708.358	14.776
1709.866	14.762
1711.522	14.744
1713.310	14.720
1715.196	14.692
1717.142	14.662
1719.106	14.631
1721.043	14.600
1722.913	14.572
1724.692	14.547
1726.363	14.526
1727.923	14.508
1729.386	14.495
1730.768	14.484
1732.100	14.476
1733.413	14.469
1734.745	14.461
1736.135	14.452
1737.617	14.440
1739.225	14.424
1740.988	14.403
1742.920	14.377
1745.017	14.345
1747.269	14.308
1749.633	14.266
1752.057	14.223
1754.480	14.179
1756.830	14.137
1759.055	14.099
1761.107	14.067
1762.960	14.040
1764.606	14.021
1766.053	14.008
1767.313	14.002
1768.413	14.000
1769.377	14.004
1770.227	14.011
1770.991	14.021
1771.684	14.034
1772.325	14.048
1772.928	14.064
1773.505	14.081
1774.061	14.099
1774.608	14.117
1775.145	14.135
1775.679	14.154
1776.212	14.172
1776.743	14.191
1777.274	14.210
1777.804	14.228
1778.332	14.247
1778.859	14.266
1779.381	14.285
1779.898	14.305
1780.408	14.324
1780.911	14.344
1781.403	14.364
1781.887	14.385
1782.358	14.406
1782.820	14.427
1783.270	14.449
1783.711	14.471
1784.142	14.494
1784.568	14.516
1784.991	14.539
1785.419	14.562
1785.859	14.585
1786.323	14.607
1786.831	14.628
1787.406	14.647
1788.086	14.663
1788.922	14.674
1789.981	14.678
1791.357	14.672
1793.163	14.653
1795.530	14.616
1798.580	14.558
1802.393	14.475
1806.946	14.368
1812.072	14.243
1817.460	14.107
1822.721	13.975
1827.498	13.858
1831.565	13.762
1834.849	13.690
1837.398	13.642
1839.329	13.613
1840.778	13.599
1841.867	13.597
1842.697	13.603
1843.345	13.615
1843.870	13.631
1844.308	13.650
1844.688	13.671
1845.030	13.693
1845.342	13.717
1845.637	13.741
1845.919	13.765
1846.190	13.790
1846.455	13.815
1846.715	13.840
1846.970	13.866
1847.221	13.892
1847.469	13.918
1847.714	13.944
1847.957	13.970
1848.195	13.997
1848.434	14.023
1848.669	14.050
1848.901	14.077
1849.133	14.104
1849.363	14.131
1849.591	14.158
1849.820	14.186
1850.047	14.213
1850.274	14.241
1850.502	14.269
1850.731	14.296
1850.962	14.324
1851.196	14.352
1851.433	14.380
1851.675	14.407
1851.922	14.435
1852.177	14.463
1852.441	14.490
1852.715	14.517
1853.002	14.544
1853.306	14.570
1853.628	14.596
1853.974	14.621
1854.347	14.645
1854.754	14.669
1855.202	14.691
1855.699	14.711
1856.253	14.730
1856.878	14.747
1857.584	14.761
1858.387	14.772
1859.300	14.779
1860.338	14.782
1861.516	14.781
1862.841	14.775
1864.317	14.764
1865.946	14.747
1867.709	14.726
1869.579	14.702
1871.528	14.674
1873.509	14.645
1875.471	14.616
1877.377	14.589
1879.181	14.565
1880.851	14.545
1882.375	14.530
1883.741	14.520
1884.957	14.515
1886.035	14.514
1886.993	14.518
1887.857	14.524
1888.655	14.534
1889.419	14.544
1890.184	14.555
1890.992	14.565
1891.890	14.573
1892.934	14.576
1894.191	14.574
1895.735	14.563
1897.649	14.541
1900.011	14.506
1902.881	14.455
1906.278	14.388
1910.157	14.307
1914.396	14.214
1918.804	14.115
1923.155	14.018
1927.237	13.928
1930.896	13.850
1934.051	13.788
1936.693	13.740
1938.867	13.706
1940.639	13.685
1942.082	13.673
1943.266	13.669
1944.252	13.671
1945.086	13.678
1945.806	13.688
1946.439	13.700
1947.007	13.715
1947.525	13.731
1948.006	13.749
1948.457	13.767
1948.885	13.786
1949.295	13.805
1949.692	13.826
1950.077	13.846
1950.456	13.867
1950.828	13.888
1951.196	13.909
1951.561	13.930
1951.926	13.951
1952.289	13.973
1952.653	13.994
1953.021	14.016
1953.389	14.037
1953.761	14.059
1954.139	14.080
1954.521	14.101
1954.908	14.122
1955.303	14.143
1955.706	14.164
1956.116	14.185
1956.536	14.205
1956.967	14.225
1957.408	14.245
1957.863	14.265
1958.330	14.284
1958.813	14.303
1959.312	14.321
1959.826	14.339
1960.359	14.356
1960.909	14.373
1961.479	14.390
1962.068	14.405
1962.677	14.421
1963.304	14.435
1963.948	14.449
1964.611	14.463
1965.288	14.476
1965.980	14.489
1966.683	14.501
1967.394	14.513
1968.109	14.525
1968.829	14.536
1969.547	14.548
1970.259	14.560
1970.965	14.572
1971.661	14.585
1972.342	14.597
1973.009	14.611
1973.660	14.624
1974.291	14.639
1974.904	14.654
1975.499	14.669
1976.073	14.685
1976.628	14.702
1977.168	14.720
1977.689	14.738
1978.195	14.756
1978.688	14.775
1979.169	14.794
1979.638	14.814
1980.097	14.834
1980.549	14.855
1980.992	14.876
1981.430	14.897
1981.863	14.918
1982.290	14.939
1982.713	14.961
1983.132	14.983
1983.547	15.005
1983.957	15.027
1984.363	15.049
1984.763	15.072
1985.158	15.095
1985.546	15.118
1985.927	15.141
1986.300	15.165
1986.665	15.189
1987.020	15.213
1987.365	15.238
1987.700	15.263
1988.024	15.288
1988.337	15.314
1988.637	15.341
1988.927	15.368
1989.204	15.395
1989.470	15.423
1989.724	15.452
1989.966	15.481
1990.198	15.510
1990.418	15.540
1990.628	15.570
1990.829	15.601
1991.020	15.632
1991.201	15.663
1991.375	15.695
1991.541	15.728
1991.699	15.761
1991.850	15.794
1991.995	15.827
1992.134	15.861
1992.268	15.895
1992.396	15.930
1992.520	15.964
1992.639	15.999
1992.754	16.035
1992.866	16.070
1992.974	16.106
1993.079	16.142
1993.182	16.178
1993.281	16.215
1993.378	16.252
1993.473	16.289
1993.565	16.326
1993.655	16.364
1993.744	16.401
1993.830	16.439
1993.915	16.477
1993.997	16.516
1994.078	16.554
1994.158	16.593
1994.237	16.632
1994.313	16.671
1994.388	16.711
1994.462	16.750
1994.533	16.790
1994.604	16.830
1994.674	16.871
1994.741	16.911
1994.807	16.952
1994.872	16.993
1994.935	17.034
1994.997	17.075
1995.057	17.117
1995.116	17.159
1995.174	17.201
1995.229	17.243
1995.284	17.286
1995.337	17.328
1995.389	17.371
1995.439	17.415
1995.488	17.458
1995.536	17.502
1995.582	17.546
1995.627	17.590
1995.670	17.634
1995.712	17.679
1995.753	17.724
1995.793	17.769
1995.831	17.815
1995.868	17.860
1995.904	17.906
1995.939	17.952
1995.973	17.999
1996.005	18.045
1996.037	18.092
1996.067	18.139
1996.096	18.187
1996.125	18.235
1996.152	18.282
1996.178	18.331
1996.204	18.379
1996.228	18.428
1996.252	18.476
1996.275	18.526
1996.297	18.575
1996.318	18.625
1996.339	18.675
1996.358	18.725
1996.377	18.775
1996.396	18.826
1996.413	18.877
1996.430	18.928
1996.447	18.979
1996.463	19.031
1996.478	19.083
1996.493	19.135
1996.507	19.187
1996.521	19.240
1996.534	19.293
1996.547	19.346
1996.560	19.400
1996.571	19.454
1996.583	19.507
1996.594	19.562
1996.605	19.616
1996.615	19.671
1996.626	19.726
1996.635	19.781
1996.645	19.837
1996.654	19.893
1996.663	19.949
1996.671	20.005
1996.680	20.062
1996.687	20.119
1996.695	20.176
1996.703	20.233
1996.710	20.291
1996.717	20.349
1996.724	20.407
1996.731	20.465
1996.737	20.524
1996.743	20.583
1996.750	20.643
1996.755	20.702
1996.761	20.762
1996.767	20.822
1996.772	20.883
1996.778	20.943
1996.783	21.004
1996.788	21.066
1996.793	21.127
1996.797	21.189
1996.802	21.251
1996.807	21.314
1996.811	21.376
1996.815	21.439
1996.819	21.503
1996.823	21.566
1996.827	21.630
1996.831	21.694
1996.835	21.759
1996.839	21.823
1996.842	21.888
1996.846	21.954
1996.849	22.019
1996.853	22.085
1996.856	22.152
1996.859	22.218
1996.862	22.285
1996.865	22.352
1996.868	22.420
1996.871	22.488
1996.874	22.556
1996.877	22.624
1996.879	22.693
1996.882	22.762
1996.885	22.831
1996.887	22.901
1996.890	22.971
1996.892	23.041
1996.894	23.112
1996.897	23.183
1996.899	23.254
1996.901	23.326
1996.903	23.398
1996.906	23.470
1996.908	23.543
1996.910	23.615
1996.912	23.689
1996.914	23.762
1996.915	23.836
1996.917	23.911
