<j>	<F>
1.282	18.846
2.470	16.992
3.858	14.763
5.281	10.609
6.268	12.014
7.268	12.238
8.145	13.657
9.265	14.475
10.697	12.788
11.769	12.518
12.667	13.476
13.933	13.656
15.552	12.196
16.850	11.571
17.937	11.624
18.842	11.962
19.566	12.818
20.384	13.788
21.593	13.914
23.190	13.098
24.836	12.077
26.090	11.666
26.973	11.920
27.729	12.516
28.604	13.073
29.782	13.182
31.269	12.803
32.973	12.121
34.501	11.513
35.532	11.470
36.279	11.849
36.967	12.376
37.738	12.892
38.803	13.160
40.332	12.868
42.023	12.241
43.401	11.892
44.469	11.894
45.397	12.076
46.323	12.300
47.339	12.456
48.442	12.515
49.605	12.523
50.893	12.454
52.311	12.244
53.605	12.048
54.550	12.101
55.216	12.417
55.772	12.881
56.330	13.390
56.946	13.878
57.625	14.314
58.328	14.720
59.008	15.153
59.685	15.627
60.474	16.028
61.498	16.168
62.705	16.041
63.961	15.870
65.531	15.532
67.818	14.594
70.246	13.454
72.020	12.860
73.356	12.687
74.629	12.617
75.979	12.512
77.353	12.374
78.638	12.272
79.788	12.246
80.830	12.284
81.788	12.367
82.666	12.494
83.474	12.662
84.245	12.860
85.014	13.066
85.792	13.268
86.567	13.470
87.321	13.686
88.074	13.915
88.908	14.117
89.946	14.214
91.239	14.140
92.622	13.960
93.795	13.862
94.628	13.963
95.207	14.243
95.662	14.632
96.075	15.076
96.484	15.548
96.906	16.033
97.340	16.529
97.789	17.035
98.269	17.544
98.859	18.003
99.856	18.205
102.042	17.562
105.627	15.810
108.382	14.523
109.735	14.244
110.640	14.326
111.519	14.451
112.442	14.551
113.377	14.637
114.288	14.732
115.179	14.843
116.103	14.948
117.159	15.001
118.500	14.929
120.313	14.646
122.653	14.121
125.179	13.497
127.334	13.017
128.901	12.785
130.027	12.745
130.916	12.814
131.710	12.929
132.486	13.060
133.276	13.187
134.087	13.308
134.911	13.422
135.744	13.533
136.585	13.642
137.443	13.745
138.328	13.839
139.235	13.921
140.140	14.001
141.007	14.090
141.803	14.205
142.514	14.355
143.148	14.541
143.729	14.757
144.292	14.990
144.885	15.222
145.561	15.426
146.376	15.574
147.360	15.641
148.481	15.635
149.625	15.600
150.672	15.598
151.598	15.659
152.534	15.744
153.823	15.730
156.086	15.381
159.750	14.507
163.712	13.467
166.358	12.856
167.726	12.699
168.495	12.766
169.064	12.914
169.590	13.086
170.131	13.261
170.705	13.429
171.322	13.587
171.984	13.734
172.701	13.866
173.497	13.977
174.421	14.054
175.544	14.075
176.932	14.015
178.581	13.870
180.352	13.674
182.011	13.495
183.375	13.394
184.408	13.389
185.176	13.467
185.778	13.602
186.301	13.769
186.820	13.947
187.411	14.115
188.156	14.245
189.140	14.309
190.405	14.286
191.887	14.186
193.394	14.059
194.708	13.974
195.726	13.973
196.485	14.053
197.095	14.190
197.672	14.348
198.327	14.495
199.160	14.597
200.252	14.626
201.613	14.569
203.131	14.450
204.593	14.330
205.807	14.271
206.710	14.301
207.351	14.413
207.819	14.585
208.199	14.794
208.560	15.019
208.974	15.240
209.534	15.428
210.383	15.541
211.713	15.514
213.669	15.296
216.095	14.916
218.455	14.527
220.270	14.280
221.476	14.209
222.254	14.268
222.788	14.404
223.190	14.585
223.520	14.793
223.806	15.019
224.064	15.261
224.304	15.515
224.531	15.781
224.752	16.057
224.974	16.341
225.209	16.629
225.481	16.916
225.845	17.183
226.426	17.392
227.502	17.451
229.569	17.196
233.020	16.494
237.249	15.542
241.065	14.751
244.218	14.212
246.980	13.814
249.370	13.510
251.250	13.316
252.600	13.237
253.535	13.251
254.203	13.328
254.720	13.443
255.167	13.579
255.598	13.723
256.058	13.866
256.589	13.998
257.234	14.110
258.040	14.190
259.039	14.229
260.233	14.222
261.568	14.178
262.937	14.119
264.222	14.071
265.340	14.056
266.272	14.081
267.048	14.143
267.718	14.232
268.328	14.337
268.914	14.450
269.500	14.566
270.099	14.680
270.722	14.791
271.378	14.896
272.087	14.991
272.891	15.068
273.868	15.112
275.156	15.094
276.965	14.971
279.502	14.701
282.742	14.284
286.201	13.814
289.190	13.426
291.364	13.194
292.811	13.104
293.773	13.110
294.455	13.172
294.983	13.267
295.427	13.381
295.826	13.506
296.197	13.638
296.550	13.776
296.888	13.918
297.212	14.066
297.522	14.219
297.817	14.378
298.096	14.542
298.359	14.713
298.608	14.891
298.845	15.074
299.074	15.263
299.303	15.457
299.542	15.654
299.808	15.849
300.129	16.037
300.554	16.206
301.165	16.338
302.101	16.401
303.554	16.346
305.706	16.131
308.521	15.757
311.598	15.317
314.416	14.932
316.754	14.659
318.711	14.479
320.475	14.350
322.174	14.240
323.848	14.138
325.480	14.043
327.027	13.962
328.454	13.901
329.746	13.864
330.912	13.848
331.974	13.852
332.958	13.869
333.891	13.897
334.791	13.931
335.677	13.968
336.561	14.006
337.458	14.042
338.385	14.075
339.362	14.100
340.412	14.115
341.555	14.114
342.806	14.097
344.164	14.061
345.612	14.010
347.114	13.948
348.632	13.883
350.129	13.821
351.589	13.766
353.011	13.717
354.410	13.673
355.804	13.632
357.210	13.590
358.637	13.546
360.078	13.499
361.516	13.453
362.921	13.410
364.261	13.376
365.511	13.353
366.655	13.345
367.693	13.352
368.638	13.372
369.514	13.404
370.353	13.443
371.194	13.483
372.077	13.519
373.041	13.546
374.117	13.558
375.318	13.553
376.632	13.530
378.012	13.495
379.389	13.458
380.684	13.429
381.837	13.417
382.815	13.428
383.616	13.463
384.259	13.521
384.773	13.599
385.186	13.693
385.526	13.799
385.813	13.915
386.063	14.039
386.290	14.168
386.503	14.302
386.710	14.439
386.920	14.579
387.143	14.719
387.391	14.858
387.684	14.993
388.059	15.118
388.578	15.225
389.359	15.295
390.605	15.298
392.618	15.188
395.689	14.920
399.737	14.498
404.023	14.028
407.589	13.652
410.029	13.435
411.522	13.356
412.414	13.365
412.972	13.425
413.354	13.513
413.647	13.616
413.900	13.727
414.140	13.842
414.388	13.959
414.663	14.074
414.984	14.185
415.377	14.289
415.874	14.380
416.515	14.454
417.350	14.502
418.427	14.518
419.787	14.494
421.440	14.428
423.351	14.325
425.440	14.196
427.610	14.056
429.777	13.916
431.893	13.786
433.930	13.668
435.862	13.563
437.649	13.477
439.249	13.412
440.627	13.373
441.772	13.361
442.696	13.375
443.426	13.414
443.999	13.472
444.450	13.547
444.810	13.634
445.106	13.731
445.357	13.835
445.580	13.945
445.788	14.059
445.993	14.175
446.205	14.292
446.436	14.409
446.698	14.523
447.010	14.633
447.394	14.735
447.881	14.826
448.513	14.898
449.344	14.945
450.431	14.958
451.822	14.930
453.528	14.857
455.486	14.746
457.551	14.616
459.537	14.492
461.288	14.396
462.723	14.340
463.845	14.326
464.699	14.348
465.350	14.399
465.853	14.471
466.256	14.558
466.591	14.656
466.885	14.761
467.155	14.872
467.415	14.986
467.676	15.101
467.949	15.217
468.243	15.331
468.565	15.443
468.925	15.551
469.332	15.653
469.795	15.749
470.322	15.835
470.921	15.912
471.599	15.977
472.360	16.029
473.210	16.068
474.152	16.092
475.193	16.102
476.348	16.095
477.637	16.068
479.090	16.018
480.733	15.940
482.576	15.834
484.585	15.703
486.678	15.559
488.739	15.419
490.660	15.297
492.385	15.203
493.916	15.137
495.301	15.093
496.601	15.064
497.871	15.040
499.146	15.017
500.437	14.992
501.735	14.965
503.017	14.940
504.260	14.919
505.449	14.905
506.583	14.898
507.669	14.897
508.720	14.901
509.748	14.909
510.763	14.918
511.770	14.929
512.773	14.940
513.778	14.951
514.794	14.961
515.846	14.968
516.968	14.968
518.210	14.955
519.632	14.923
521.292	14.863
523.224	14.773
525.414	14.652
527.781	14.510
530.187	14.362
532.482	14.225
534.555	14.112
536.357	14.029
537.898	13.976
539.220	13.947
540.374	13.938
541.410	13.942
542.370	13.956
543.285	13.975
544.182	13.997
545.078	14.019
545.987	14.040
546.914	14.060
547.864	14.077
548.835	14.092
549.823	14.105
550.823	14.116
551.829	14.127
552.833	14.138
553.830	14.149
554.818	14.161
555.799	14.174
556.775	14.187
557.755	14.201
558.752	14.213
559.780	14.222
560.855	14.227
561.992	14.226
563.197	14.218
564.469	14.203
565.792	14.182
567.139	14.158
568.472	14.134
569.752	14.114
570.947	14.102
572.036	14.101
573.011	14.110
573.877	14.131
574.649	14.162
575.343	14.201
575.979	14.247
576.577	14.297
577.152	14.351
577.721	14.405
578.297	14.460
578.891	14.514
579.513	14.565
580.171	14.613
580.868	14.656
581.607	14.696
582.385	14.731
583.195	14.762
584.029	14.791
584.872	14.818
585.714	14.845
586.540	14.873
587.341	14.904
588.110	14.938
588.846	14.976
589.547	15.017
590.219	15.063
590.865	15.111
591.491	15.162
592.105	15.215
592.710	15.269
593.312	15.323
593.915	15.378
594.523	15.433
595.141	15.487
595.772	15.540
596.422	15.591
597.101	15.639
597.820	15.683
598.596	15.721
599.450	15.751
600.411	15.769
601.513	15.772
602.793	15.755
604.287	15.714
606.024	15.646
608.012	15.550
610.230	15.430
612.620	15.290
615.091	15.142
617.530	14.998
619.827	14.868
621.897	14.761
623.693	14.683
625.208	14.633
626.464	14.611
627.502	14.611
628.372	14.629
629.123	14.660
629.805	14.699
630.467	14.742
631.163	14.784
631.951	14.818
632.904	14.839
634.101	14.837
635.622	14.806
637.518	14.739
639.776	14.636
642.285	14.508
644.848	14.370
647.246	14.246
649.318	14.149
651.005	14.087
652.335	14.059
653.382	14.057
654.229	14.075
654.948	14.106
655.593	14.145
656.203	14.189
656.805	14.233
657.414	14.278
658.039	14.321
658.684	14.362
659.348	14.402
660.028	14.441
660.718	14.479
661.410	14.516
662.097	14.553
662.772	14.592
663.431	14.632
664.071	14.674
664.693	14.718
665.300	14.763
665.902	14.810
666.512	14.856
667.146	14.901
667.830	14.942
668.593	14.976
669.470	15.001
670.504	15.012
671.735	15.004
673.204	14.976
674.935	14.923
676.931	14.845
679.166	14.746
681.586	14.631
684.115	14.505
686.671	14.378
689.171	14.257
691.541	14.147
693.717	14.053
695.653	13.979
697.325	13.927
698.732	13.897
699.895	13.887
700.846	13.895
701.625	13.917
702.269	13.951
702.815	13.994
703.292	14.043
703.724	14.097
704.131	14.154
704.528	14.212
704.925	14.270
705.332	14.329
705.754	14.387
706.196	14.443
706.660	14.498
707.150	14.551
707.666	14.602
708.213	14.650
708.797	14.696
709.434	14.738
710.149	14.774
710.991	14.801
712.041	14.812
713.429	14.798
715.343	14.744
717.998	14.632
721.549	14.450
725.915	14.203
730.659	13.923
735.121	13.661
738.777	13.457
741.459	13.326
743.290	13.260
744.501	13.242
745.305	13.257
745.858	13.291
746.260	13.337
746.573	13.391
746.836	13.450
747.069	13.512
747.287	13.575
747.498	13.639
747.708	13.704
747.923	13.770
748.147	13.835
748.384	13.900
748.640	13.965
748.922	14.028
749.241	14.089
749.607	14.147
750.035	14.201
750.545	14.249
751.160	14.290
751.905	14.322
752.807	14.342
753.889	14.348
755.163	14.340
756.621	14.316
758.233	14.280
759.937	14.235
761.656	14.188
763.306	14.145
764.818	14.110
766.149	14.089
767.285	14.082
768.232	14.090
769.013	14.110
769.658	14.142
770.196	14.182
770.652	14.229
771.048	14.282
771.401	14.338
771.725	14.398
772.029	14.459
772.320	14.522
772.606	14.586
772.889	14.651
773.173	14.716
773.461	14.781
773.755	14.847
774.056	14.912
774.367	14.977
774.688	15.041
775.021	15.105
775.366	15.169
775.724	15.231
776.097	15.293
776.485	15.354
776.889	15.414
777.312	15.473
777.754	15.530
778.219	15.586
778.712	15.639
779.238	15.690
779.806	15.738
780.429	15.781
781.123	15.818
781.912	15.848
782.824	15.866
783.897	15.872
785.175	15.859
786.700	15.825
788.514	15.766
790.639	15.681
793.067	15.570
795.762	15.437
798.657	15.288
801.674	15.131
804.740	14.972
807.791	14.817
810.773	14.670
813.634	14.534
816.327	14.413
818.813	14.308
821.070	14.221
823.093	14.151
824.901	14.098
826.522	14.059
827.991	14.032
829.344	14.013
830.613	14.001
831.828	13.992
833.011	13.987
834.178	13.983
835.342	13.980
836.510	13.976
837.688	13.972
838.876	13.967
840.079	13.961
841.301	13.954
842.552	13.945
843.851	13.934
845.234	13.919
846.752	13.896
848.486	13.861
850.545	13.809
853.065	13.731
856.175	13.620
859.952	13.471
864.338	13.289
869.089	13.085
873.820	12.882
878.140	12.701
881.797	12.557
884.721	12.453
886.984	12.386
888.719	12.349
890.062	12.333
891.126	12.333
891.999	12.343
892.741	12.361
893.395	12.384
893.992	12.410
894.552	12.438
895.091	12.468
895.621	12.499
896.150	12.529
896.687	12.560
897.237	12.590
897.806	12.620
898.397	12.648
899.014	12.675
899.659	12.701
900.333	12.726
901.037	12.749
901.769	12.770
902.527	12.790
903.309	12.809
904.109	12.827
904.921	12.844
905.742	12.860
906.563	12.877
907.378	12.893
908.180	12.910
908.964	12.928
909.725	12.948
910.456	12.968
911.158	12.990
911.825	13.014
912.457	13.040
913.055	13.068
913.619	13.098
914.150	13.130
914.652	13.163
915.130	13.198
915.587	13.234
916.030	13.272
916.468	13.310
916.910	13.348
917.371	13.385
917.868	13.421
918.421	13.455
919.059	13.484
919.817	13.508
920.734	13.523
921.856	13.527
923.226	13.518
924.879	13.494
926.822	13.453
929.030	13.397
931.429	13.330
933.900	13.257
936.311	13.185
938.538	13.123
940.494	13.074
942.138	13.041
943.478	13.025
944.542	13.024
945.379	13.035
946.038	13.057
946.560	13.086
946.986	13.121
947.344	13.161
947.657	13.203
947.945	13.247
948.221	13.292
948.497	13.338
948.783	13.383
949.087	13.428
949.417	13.472
949.780	13.514
950.183	13.555
950.633	13.593
951.136	13.629
951.698	13.661
952.323	13.690
953.014	13.715
953.772	13.737
954.594	13.755
955.475	13.769
956.408	13.780
957.381	13.789
958.382	13.796
959.398	13.801
960.414	13.807
961.421	13.813
962.407	13.820
963.368	13.828
964.300	13.837
965.202	13.849
966.076	13.862
966.926	13.877
967.754	13.892
968.565	13.909
969.363	13.927
970.148	13.946
970.922	13.965
971.687	13.985
972.441	14.005
973.183	14.026
973.911	14.048
974.625	14.071
975.322	14.094
976.001	14.119
976.664	14.145
977.311	14.172
977.943	14.200
978.565	14.228
979.183	14.257
979.802	14.286
980.433	14.315
981.087	14.343
981.778	14.368
982.524	14.391
983.344	14.410
984.261	14.423
985.301	14.429
986.486	14.427
987.836	14.416
989.364	14.394
991.068	14.361
992.929	14.318
994.912	14.269
996.966	14.214
999.035	14.158
1001.066	14.104
1003.020	14.054
1004.874	14.011
1006.621	13.973
1008.270	13.942
1009.836	13.915
1011.334	13.893
1012.780	13.874
1014.187	13.857
1015.558	13.842
1016.897	13.830
1018.201	13.819
1019.464	13.810
1020.683	13.803
1021.853	13.800
1022.973	13.798
1024.040	13.800
1025.060	13.804
1026.035	13.811
1026.973	13.820
1027.884	13.830
1028.779	13.841
1029.668	13.853
1030.564	13.865
1031.480	13.876
1032.427	13.886
1033.414	13.893
1034.447	13.898
1035.530	13.901
1036.657	13.901
1037.820	13.899
1039.006	13.895
1040.194	13.891
1041.364	13.887
1042.490	13.885
1043.556	13.886
1044.543	13.892
1045.441	13.901
1046.245	13.916
1046.953	13.936
1047.571	13.961
1048.106	13.990
1048.566	14.024
1048.962	14.061
1049.302	14.102
1049.599	14.146
1049.859	14.192
1050.093	14.239
1050.309	14.289
1050.515	14.339
1050.720	14.390
1050.935	14.440
1051.174	14.490
1051.454	14.538
1051.802	14.583
1052.256	14.623
1052.874	14.655
1053.742	14.674
1054.981	14.674
1056.758	14.646
1059.261	14.579
1062.657	14.466
1066.984	14.302
1072.030	14.099
1077.322	13.880
1082.281	13.677
1086.470	13.512
1089.730	13.395
1092.131	13.323
1093.849	13.286
1095.074	13.275
1095.959	13.281
1096.615	13.300
1097.117	13.327
1097.514	13.359
1097.839	13.396
1098.111	13.435
1098.344	13.476
1098.548	13.520
1098.729	13.564
1098.892	13.610
1099.039	13.657
1099.175	13.705
1099.299	13.753
1099.415	13.803
1099.523	13.853
1099.625	13.904
1099.721	13.955
1099.813	14.007
1099.900	14.060
1099.983	14.113
1100.064	14.166
1100.141	14.220
1100.216	14.275
1100.289	14.330
1100.360	14.386
1100.429	14.442
1100.497	14.498
1100.565	14.555
1100.632	14.612
1100.699	14.670
1100.768	14.728
1100.839	14.786
1100.914	14.845
1100.996	14.903
1101.088	14.962
1101.195	15.020
1101.327	15.077
1101.496	15.132
1101.723	15.185
1102.038	15.234
1102.486	15.275
1103.138	15.306
1104.091	15.321
1105.479	15.312
1107.463	15.269
1110.195	15.185
1113.750	15.055
1118.028	14.882
1122.708	14.685
1127.332	14.490
1131.485	14.319
1134.949	14.186
1137.714	14.092
1139.897	14.031
1141.651	13.993
1143.107	13.972
1144.365	13.962
1145.484	13.960
1146.500	13.963
1147.431	13.971
1148.288	13.982
1149.073	13.997
1149.790	14.015
1150.443	14.036
1151.037	14.061
1151.578	14.088
1152.074	14.118
1152.533	14.150
1152.965	14.183
1153.380	14.217
1153.791	14.252
1154.209	14.288
1154.649	14.322
1155.126	14.355
1155.661	14.385
1156.276	14.412
1156.999	14.433
1157.864	14.448
1158.909	14.454
1160.176	14.450
1161.708	14.432
1163.538	14.400
1165.680	14.352
1168.117	14.289
1170.792	14.214
1173.607	14.132
1176.441	14.047
1179.171	13.967
1181.697	13.897
1183.961	13.839
1185.942	13.795
1187.656	13.763
1189.136	13.743
1190.425	13.733
1191.564	13.730
1192.593	13.732
1193.541	13.739
1194.436	13.748
1195.295	13.759
1196.132	13.772
1196.957	13.785
1197.775	13.798
1198.590	13.812
1199.403	13.825
1200.213	13.839
1201.018	13.853
1201.816	13.868
1202.603	13.882
1203.375	13.898
1204.131	13.914
1204.866	13.931
1205.580	13.949
1206.269	13.968
1206.933	13.989
1207.571	14.010
1208.184	14.033
1208.772	14.057
1209.338	14.082
1209.882	14.109
1210.409	14.136
1210.918	14.164
1211.415	14.193
1211.902	14.222
1212.384	14.252
1212.863	14.282
1213.346	14.313
1213.836	14.343
1214.342	14.372
1214.866	14.401
1215.421	14.428
1216.011	14.454
1216.650	14.478
1217.348	14.499
1218.119	14.516
1218.977	14.530
1219.941	14.538
1221.027	14.541
1222.258	14.537
1223.650	14.525
1225.224	14.505
1226.994	14.475
1228.969	14.435
1231.148	14.386
1233.519	14.328
1236.051	14.263
1238.705	14.192
1241.419	14.118
1244.135	14.044
1246.783	13.973
1249.309	13.907
1251.666	13.850
1253.831	13.801
1255.790	13.761
1257.550	13.730
1259.122	13.708
1260.530	13.694
1261.794	13.685
1262.941	13.682
1263.991	13.684
1264.969	13.689
1265.888	13.697
1266.770	13.706
1267.624	13.717
1268.467	13.729
1269.307	13.740
1270.158	13.752
1271.026	13.763
1271.924	13.773
1272.858	13.781
1273.838	13.787
1274.870	13.792
1275.959	13.794
1277.108	13.793
1278.315	13.790
1279.575	13.784
1280.879	13.777
1282.213	13.768
1283.559	13.758
1284.897	13.748
1286.207	13.739
1287.467	13.733
1288.662	13.728
1289.779	13.727
1290.810	13.729
1291.753	13.735
1292.606	13.745
1293.378	13.758
1294.073	13.775
1294.703	13.794
1295.277	13.817
1295.806	13.841
1296.304	13.867
1296.780	13.894
1297.248	13.921
1297.721	13.949
1298.210	13.976
1298.731	14.002
1299.298	14.026
1299.930	14.048
1300.643	14.067
1301.459	14.081
1302.398	14.090
1303.483	14.094
1304.730	14.090
1306.154	14.079
1307.760	14.060
1309.541	14.033
1311.475	14.000
1313.526	13.961
1315.642	13.919
1317.766	13.876
1319.840	13.834
1321.816	13.797
1323.655	13.765
1325.334	13.740
1326.850	13.721
1328.205	13.709
1329.415	13.704
1330.499	13.703
1331.481	13.708
1332.381	13.715
1333.225	13.726
1334.033	13.738
1334.831	13.751
1335.639	13.764
1336.481	13.775
1337.382	13.785
1338.364	13.792
1339.451	13.794
1340.666	13.792
1342.025	13.784
1343.538	13.770
1345.205	13.750
1347.009	13.724
1348.921	13.693
1350.896	13.660
1352.880	13.625
1354.814	13.592
1356.646	13.562
1358.334	13.538
1359.850	13.521
1361.183	13.510
1362.333	13.506
1363.313	13.510
1364.140	13.519
1364.834	13.534
1365.417	13.553
1365.908	13.576
1366.327	13.603
1366.686	13.631
1367.000	13.662
1367.281	13.695
1367.536	13.729
1367.773	13.763
1367.999	13.799
1368.218	13.834
1368.436	13.871
1368.655	13.907
1368.879	13.943
1369.112	13.979
1369.356	14.015
1369.614	14.050
1369.888	14.085
1370.182	14.119
1370.497	14.153
1370.836	14.185
1371.201	14.217
1371.595	14.248
1372.019	14.277
1372.477	14.305
1372.969	14.332
1373.497	14.357
1374.062	14.381
1374.666	14.403
1375.309	14.424
1375.994	14.442
1376.724	14.459
1377.501	14.474
1378.334	14.486
1379.231	14.496
1380.207	14.503
1381.281	14.506
1382.480	14.503
1383.838	14.495
1385.393	14.478
1387.188	14.451
1389.260	14.413
1391.633	14.363
1394.301	14.301
1397.221	14.228
1400.306	14.148
1403.434	14.065
1406.470	13.986
1409.292	13.915
1411.812	13.855
1413.988	13.809
1415.820	13.777
1417.336	13.758
1418.582	13.750
1419.611	13.751
1420.471	13.759
1421.209	13.772
1421.865	13.789
1422.473	13.808
1423.064	13.828
1423.663	13.848
1424.299	13.867
1424.993	13.884
1425.771	13.898
1426.657	13.909
1427.669	13.914
1428.832	13.914
1430.156	13.908
1431.653	13.896
1433.316	13.876
1435.131	13.851
1437.065	13.821
1439.079	13.787
1441.122	13.752
1443.141	13.718
1445.091	13.686
1446.934	13.657
1448.649	13.633
1450.224	13.615
1451.664	13.601
1452.979	13.593
1454.187	13.588
1455.306	13.587
1456.357	13.589
1457.357	13.593
1458.320	13.598
1459.261	13.604
1460.188	13.611
1461.106	13.618
1462.021	13.626
1462.932	13.633
1463.841	13.641
1464.744	13.648
1465.638	13.656
1466.522	13.665
1467.389	13.674
1468.240	13.683
1469.070	13.693
1469.879	13.704
1470.670	13.716
1471.440	13.729
1472.196	13.742
1472.942	13.755
1473.686	13.769
1474.434	13.783
1475.198	13.796
1475.991	13.808
1476.825	13.819
1477.717	13.828
1478.683	13.835
1479.739	13.838
1480.904	13.838
1482.190	13.833
1483.611	13.823
1485.166	13.808
1486.856	13.789
1488.662	13.765
1490.561	13.737
1492.519	13.707
1494.489	13.676
1496.437	13.646
1498.318	13.618
1500.103	13.593
1501.770	13.572
1503.309	13.556
1504.723	13.544
1506.018	13.536
1507.213	13.533
1508.327	13.532
1509.380	13.534
1510.397	13.537
1511.399	13.541
1512.407	13.545
1513.440	13.549
1514.518	13.551
1515.657	13.551
1516.869	13.548
1518.167	13.543
1519.555	13.535
1521.040	13.524
1522.612	13.509
1524.268	13.492
1525.990	13.472
1527.755	13.450
1529.544	13.428
1531.322	13.405
1533.068	13.384
1534.751	13.364
1536.351	13.347
1537.852	13.333
1539.241	13.323
1540.515	13.317
1541.670	13.315
1542.712	13.316
1543.645	13.321
1544.478	13.330
1545.221	13.341
1545.882	13.356
1546.470	13.372
1546.995	13.392
1547.464	13.413
1547.886	13.436
1548.265	13.460
1548.609	13.486
1548.922	13.513
1549.209	13.541
1549.474	13.570
1549.720	13.599
1549.951	13.630
1550.169	13.661
1550.377	13.692
1550.577	13.724
1550.771	13.756
1550.961	13.789
1551.149	13.821
1551.336	13.854
1551.525	13.887
1551.717	13.920
1551.914	13.953
1552.119	13.986
1552.333	14.018
1552.558	14.051
1552.798	14.083
1553.054	14.114
1553.330	14.145
1553.630	14.176
1553.956	14.205
1554.313	14.233
1554.704	14.261
1555.136	14.286
1555.613	14.311
1556.139	14.333
1556.721	14.354
1557.365	14.372
1558.075	14.388
1558.860	14.401
1559.725	14.411
1560.678	14.418
1561.730	14.421
1562.887	14.420
1564.170	14.415
1565.593	14.404
1567.182	14.388
1568.967	14.365
1570.981	14.334
1573.262	14.293
1575.840	14.242
1578.729	14.180
1581.923	14.108
1585.368	14.027
1588.971	13.940
1592.614	13.851
1596.146	13.767
1599.449	13.689
1602.419	13.623
1605.007	13.570
1607.205	13.530
1609.033	13.504
1610.536	13.488
1611.762	13.482
1612.762	13.483
1613.584	13.491
1614.265	13.504
1614.839	13.521
1615.330	13.540
1615.761	13.562
1616.148	13.586
1616.503	13.611
1616.837	13.636
1617.158	13.662
1617.473	13.689
1617.789	13.716
1618.109	13.742
1618.440	13.769
1618.784	13.795
1619.147	13.821
1619.533	13.846
1619.945	13.870
1620.387	13.893
1620.863	13.915
1621.378	13.936
1621.935	13.956
1622.537	13.974
1623.188	13.991
1623.891	14.005
1624.646	14.018
1625.455	14.029
1626.317	14.038
1627.229	14.046
1628.189	14.052
1629.189	14.056
1630.224	14.059
1631.282	14.061
1632.355	14.062
1633.431	14.063
1634.500	14.064
1635.550	14.066
1636.570	14.069
1637.556	14.073
1638.497	14.078
1639.389	14.085
1640.230	14.094
1641.020	14.104
1641.759	14.116
1642.452	14.130
1643.101	14.146
1643.715	14.163
1644.302	14.181
1644.872	14.199
1645.438	14.219
1646.018	14.237
1646.631	14.255
1647.305	14.272
1648.074	14.285
1648.982	14.294
1650.083	14.296
1651.441	14.291
1653.130	14.274
1655.224	14.244
1657.783	14.199
1660.834	14.137
1664.342	14.059
1668.201	13.969
1672.233	13.873
1676.216	13.777
1679.939	13.689
1683.250	13.615
1686.059	13.556
1688.355	13.514
1690.190	13.487
1691.620	13.474
1692.726	13.471
1693.579	13.477
1694.235	13.490
1694.746	13.507
1695.147	13.528
1695.465	13.553
1695.723	13.579
1695.933	13.607
1696.109	13.636
1696.258	13.666
1696.387	13.698
1696.500	13.729
1696.600	13.762
1696.689	13.795
1696.771	13.828
1696.846	13.862
1696.915	13.896
1696.980	13.930
1697.042	13.964
1697.100	13.999
1697.155	14.034
1697.209	14.069
1697.261	14.105
1697.311	14.141
1697.360	14.177
1697.409	14.213
1697.456	14.249
1697.504	14.285
1697.551	14.322
1697.597	14.359
1697.644	14.396
1697.692	14.433
1697.739	14.470
1697.788	14.507
1697.838	14.545
1697.890	14.583
1697.944	14.620
1698.000	14.658
1698.061	14.696
1698.125	14.734
1698.196	14.772
1698.274	14.809
1698.361	14.847
1698.459	14.884
1698.573	14.921
1698.705	14.958
1698.862	14.993
1699.048	15.028
1699.274	15.062
1699.548	15.094
1699.883	15.124
1700.294	15.151
1700.800	15.175
1701.422	15.194
1702.180	15.209
1703.104	15.217
1704.215	15.219
1705.529	15.212
1707.062	15.197
1708.806	15.174
1710.740	15.144
1712.827	15.107
1715.005	15.066
1717.211	15.024
1719.378	14.983
1721.450	14.945
1723.389	14.912
1725.182	14.885
1726.835	14.863
1728.375	14.845
1729.845	14.831
1731.298	14.818
1732.801	14.804
1734.428	14.787
1736.265	14.763
1738.408	14.729
1740.958	14.683
1744.009	14.620
1747.629	14.538
1751.826	14.438
1756.530	14.321
1761.571	14.193
1766.698	14.062
1771.645	13.937
1776.189	13.825
1780.191	13.731
1783.602	13.656
1786.452	13.599
1788.816	13.558
1790.784	13.529
1792.442	13.511
1793.869	13.500
1795.126	13.494
1796.266	13.493
1797.325	13.494
1798.333	13.497
1799.311	13.501
1800.275	13.505
1801.233	13.510
1802.194	13.515
1803.159	13.519
1804.127	13.524
1805.100	13.528
1806.066	13.532
1807.026	13.537
1807.971	13.542
1808.891	13.547
1809.785	13.553
1810.641	13.561
1811.459	13.569
1812.231	13.579
1812.956	13.590
1813.631	13.602
1814.258	13.616
1814.836	13.631
1815.367	13.648
1815.855	13.666
1816.303	13.686
1816.714	13.706
1817.094	13.728
1817.447	13.751
1817.779	13.774
1818.096	13.798
1818.404	13.822
1818.711	13.846
1819.025	13.871
1819.357	13.895
1819.720	13.918
1820.128	13.940
1820.602	13.960
1821.167	13.978
1821.851	13.993
1822.692	14.003
1823.733	14.007
1825.024	14.004
1826.615	13.993
1828.553	13.971
1830.871	13.938
1833.573	13.894
1836.625	13.839
1839.946	13.775
1843.412	13.707
1846.872	13.638
1850.174	13.573
1853.194	13.516
1855.852	13.469
1858.113	13.433
1859.985	13.408
1861.504	13.394
1862.718	13.389
1863.681	13.391
1864.442	13.400
1865.046	13.413
1865.529	13.429
1865.922	13.449
1866.246	13.471
1866.520	13.494
1866.757	13.518
1866.969	13.544
1867.163	13.570
1867.346	13.596
1867.523	13.623
1867.698	13.650
1867.876	13.677
1868.059	13.704
1868.250	13.731
1868.454	13.757
1868.674	13.784
1868.912	13.809
1869.174	13.835
1869.466	13.859
1869.791	13.883
1870.158	13.905
1870.575	13.927
1871.048	13.946
1871.592	13.964
1872.217	13.979
1872.937	13.992
1873.769	14.002
1874.731	14.008
1875.840	14.009
1877.120	14.006
1878.585	13.997
1880.257	13.982
1882.146	13.961
1884.257	13.934
1886.585	13.900
1889.115	13.860
1891.813	13.816
1894.636	13.768
1897.529	13.717
1900.435	13.666
1903.291	13.617
1906.046	13.570
1908.660	13.527
1911.098	13.489
1913.346	13.457
1915.399	13.430
1917.257	13.408
1918.932	13.392
1920.438	13.380
1921.790	13.372
1923.002	13.369
1924.093	13.368
1925.074	13.371
1925.960	13.377
1926.763	13.385
1927.491	13.394
1928.154	13.406
1928.760	13.420
1929.316	13.434
1929.826	13.450
1930.296	13.468
1930.729	13.486
1931.131	13.505
1931.503	13.525
1931.849	13.546
1932.171	13.567
1932.472	13.590
1932.753	13.613
1933.016	13.636
1933.265	13.660
1933.499	13.684
1933.720	13.709
1933.931	13.734
1934.132	13.760
1934.325	13.786
1934.511	13.812
1934.693	13.838
1934.870	13.865
1935.046	13.892
1935.222	13.919
1935.399	13.946
1935.580	13.973
1935.770	13.999
1935.971	14.026
1936.186	14.052
1936.423	14.078
1936.688	14.103
1936.988	14.128
1937.337	14.151
1937.749	14.172
1938.238	14.191
1938.829	14.208
1939.547	14.221
1940.423	14.229
1941.493	14.232
1942.795	14.229
1944.363	14.218
1946.231	14.198
1948.414	14.169
1950.904	14.131
1953.667	14.085
1956.634	14.033
1959.707	13.977
1962.769	13.921
1965.710	13.868
1968.428	13.820
1970.862	13.781
1972.974	13.750
1974.764	13.729
1976.251	13.716
1977.467	13.711
1978.452	13.712
1979.245	13.720
1979.882	13.731
1980.396	13.747
1980.812	13.765
1981.151	13.786
1981.432	13.809
1981.667	13.833
1981.866	13.858
1982.039	13.884
1982.190	13.910
1982.326	13.938
1982.449	13.966
1982.562	13.994
1982.669	14.022
1982.769	14.051
1982.866	14.080
1982.958	14.109
1983.049	14.139
1983.139	14.168
1983.226	14.198
1983.312	14.228
1983.400	14.258
1983.487	14.288
1983.572	14.318
1983.659	14.348
1983.747	14.378
1983.835	14.409
1983.923	14.439
1984.013	14.470
1984.103	14.501
1984.195	14.531
1984.287	14.562
1984.380	14.593
1984.475	14.624
1984.570	14.655
1984.667	14.687
1984.765	14.718
1984.863	14.749
1984.963	14.781
1985.064	14.812
1985.166	14.844
1985.270	14.875
1985.374	14.907
1985.479	14.939
1985.585	14.971
1985.693	15.003
1985.800	15.035
1985.910	15.067
1986.019	15.099
1986.130	15.132
1986.241	15.164
1986.353	15.197
1986.466	15.229
1986.580	15.262
1986.694	15.295
1986.809	15.327
1986.924	15.360
1987.040	15.394
1987.157	15.427
1987.273	15.460
1987.391	15.493
1987.509	15.527
1987.627	15.561
1987.746	15.594
1987.865	15.628
1987.985	15.662
1988.105	15.696
1988.225	15.730
1988.346	15.764
1988.467	15.799
1988.589	15.833
1988.710	15.868
1988.832	15.902
1988.955	15.937
1989.078	15.972
1989.201	16.007
1989.324	16.042
1989.447	16.078
1989.571	16.113
1989.694	16.148
1989.818	16.184
1989.941	16.220
1990.065	16.256
1990.188	16.292
1990.312	16.328
1990.435	16.364
1990.558	16.401
1990.680	16.437
1990.802	16.474
1990.923	16.511
1991.044	16.548
1991.164	16.585
1991.282	16.623
1991.400	16.660
1991.516	16.698
1991.631	16.736
1991.745	16.774
1991.858	16.813
1991.968	16.851
1992.076	16.890
1992.184	16.929
1992.288	16.968
1992.391	17.008
1992.492	17.048
1992.591	17.087
1992.686	17.128
1992.781	17.168
1992.872	17.209
1992.961	17.250
1993.047	17.291
1993.131	17.333
1993.212	17.374
1993.291	17.416
1993.367	17.459
1993.440	17.501
1993.511	17.544
1993.579	17.588
1993.644	17.631
1993.708	17.675
1993.768	17.719
1993.826	17.763
1993.882	17.808
1993.936	17.853
1993.986	17.898
1994.035	17.944
1994.082	17.989
1994.126	18.035
1994.169	18.082
1994.209	18.129
1994.247	18.175
1994.284	18.223
1994.319	18.270
1994.352	18.318
1994.383	18.366
1994.413	18.414
1994.441	18.463
1994.468	18.512
1994.494	18.561
1994.518	18.611
1994.540	18.661
1994.562	18.711
1994.582	18.761
1994.602	18.811
1994.620	18.862
1994.638	18.913
1994.654	18.965
1994.669	19.017
1994.684	19.068
1994.698	19.121
1994.711	19.173
1994.724	19.226
1994.735	19.279
1994.746	19.332
1994.757	19.386
1994.767	19.440
1994.776	19.494
1994.785	19.548
1994.793	19.603
1994.802	19.657
1994.809	19.713
1994.816	19.768
1994.823	19.824
1994.829	19.880
1994.836	19.936
1994.841	19.992
1994.847	20.049
1994.852	20.106
1994.857	20.163
1994.862	20.221
1994.866	20.279
1994.870	20.337
1994.875	20.395
1994.878	20.454
1994.882	20.513
1994.886	20.572
1994.889	20.632
1994.892	20.691
1994.895	20.751
1994.898	20.812
1994.901	20.872
1994.904	20.933
1994.906	20.994
1994.909	21.056
1994.911	21.118
1994.913	21.180
1994.916	21.242
1994.918	21.304
1994.920	21.367
1994.922	21.430
1994.924	21.494
1994.925	21.558
1994.927	21.622
1994.929	21.686
1994.931	21.751
1994.932	21.816
1994.934	21.881
1994.935	21.946
1994.937	22.012
1994.938	22.078
1994.939	22.145
1994.941	22.211
1994.942	22.278
1994.943	22.346
1994.944	22.413
1994.946	22.481
1994.947	22.550
1994.948	22.618
1994.949	22.687
1994.950	22.756
1994.951	22.826
1994.952	22.896
1994.953	22.966
1994.954	23.036
1994.955	23.107
1994.956	23.178
1994.957	23.250
1994.958	23.321
1994.959	23.393
1994.960	23.466
1994.960	23.539
1994.961	23.612
1994.962	23.685
1994.963	23.759
1994.964	23.833
1994.964	23.907
1994.965	23.982
1994.966	24.057
