<j>	var(j)
1.272	0.260
2.358	0.262
3.183	0.220
4.639	0.429
5.544	0.352
6.420	0.578
8.204	0.894
9.199	0.523
9.903	0.503
10.773	0.825
12.325	1.728
14.029	1.507
15.037	1.101
15.855	1.166
16.833	1.451
18.012	1.845
19.335	2.026
20.549	2.145
21.789	2.530
23.071	1.995
23.934	1.145
24.485	0.989
25.111	1.367
26.107	1.979
27.383	2.146
28.587	2.311
29.841	2.759
31.187	2.985
32.471	2.899
33.623	2.782
34.702	2.910
35.827	3.175
36.992	3.036
38.035	2.621
38.935	2.282
39.735	1.919
40.438	1.799
41.189	2.500
42.361	4.282
44.116	5.068
45.664	3.698
46.702	3.244
47.685	3.793
48.843	4.283
50.060	4.005
51.123	3.411
52.030	3.220
52.930	3.617
53.979	4.533
55.271	5.602
56.741	5.917
58.123	5.072
59.222	3.998
60.090	3.332
60.840	2.872
61.508	2.390
62.087	2.038
62.629	2.296
63.349	4.154
64.788	8.830
67.303	11.181
69.447	6.187
70.438	2.885
70.934	1.994
71.333	2.137
71.831	3.321
72.702	6.231
74.316	10.085
76.449	9.637
78.045	5.563
78.899	3.301
79.452	2.743
79.964	2.848
80.540	3.281
81.243	4.050
82.145	5.389
83.361	7.695
85.028	10.580
87.043	11.771
88.947	10.522
90.490	9.408
91.837	9.617
93.197	10.360
94.606	10.357
95.937	8.953
97.032	6.777
97.846	4.900
98.449	3.812
98.947	3.496
99.441	3.883
100.034	5.084
100.856	7.370
102.065	10.681
103.729	13.660
105.639	14.643
107.484	14.913
109.259	16.675
111.152	18.829
113.120	18.140
114.840	14.054
116.084	9.436
116.905	6.328
117.470	4.813
117.925	4.401
118.369	4.782
118.883	5.883
119.548	7.705
120.441	10.008
121.595	11.934
122.918	12.206
124.199	10.430
125.244	7.705
126.004	5.302
126.534	3.664
126.917	2.698
127.216	2.267
127.490	2.429
127.820	3.678
128.383	7.510
129.611	16.841
132.180	30.334
135.790	30.569
138.509	16.574
139.789	7.330
140.363	4.019
140.705	2.959
140.978	2.584
141.233	2.451
141.488	2.436
141.756	2.496
142.046	2.605
142.363	2.735
142.711	2.858
143.089	2.947
143.493	3.004
143.920	3.106
144.385	3.511
144.953	4.965
145.844	9.581
147.656	21.705
151.245	38.884
155.812	38.522
159.135	24.865
161.030	15.091
162.153	9.632
162.877	6.602
163.390	5.027
163.800	4.321
164.172	4.132
164.547	4.290
164.955	4.752
165.427	5.559
166.001	6.777
166.720	8.413
167.622	10.248
168.709	11.743
169.921	12.348
171.153	12.303
172.362	13.117
173.679	17.207
175.443	26.555
178.033	38.277
181.270	41.097
184.181	30.869
186.112	18.730
187.235	11.316
187.924	7.649
188.407	5.782
188.787	4.696
189.108	4.003
189.392	3.563
189.655	3.327
189.912	3.277
190.178	3.414
190.467	3.771
190.802	4.420
191.213	5.497
191.744	7.216
192.463	9.829
193.456	13.439
194.794	17.628
196.477	21.432
198.404	24.484
200.485	28.141
202.769	33.683
205.337	38.853
208.034	38.534
210.444	31.467
212.259	22.273
213.493	15.124
214.331	10.819
214.944	8.557
215.447	7.471
215.901	7.001
216.340	6.832
216.781	6.792
217.230	6.780
217.688	6.746
218.154	6.673
218.624	6.572
219.097	6.479
219.574	6.443
220.059	6.526
220.565	6.805
221.106	7.391
221.712	8.467
222.425	10.364
223.321	13.638
224.517	19.038
226.170	26.921
228.400	35.627
231.098	40.566
233.844	38.277
236.189	31.185
237.985	24.114
239.343	19.451
240.444	17.341
241.443	17.300
242.459	18.894
243.579	21.743
244.867	25.308
246.343	28.768
247.975	31.176
249.685	31.901
251.373	30.947
252.960	28.790
254.401	26.012
255.681	23.126
256.807	20.638
257.812	19.077
258.749	18.953
259.695	20.680
260.744	24.461
261.992	30.096
263.514	36.693
265.322	42.683
267.344	46.569
269.454	48.092
271.545	48.344
273.573	48.438
275.546	48.332
277.457	47.000
279.260	43.565
280.884	38.219
282.278	32.139
283.434	26.692
284.392	22.795
285.217	20.790
285.980	20.648
286.751	22.173
287.592	25.081
288.552	28.972
289.662	33.234
290.928	37.037
292.321	39.485
293.781	39.947
295.229	38.362
296.596	35.239
297.834	31.342
298.926	27.331
299.875	23.585
300.696	20.235
301.404	17.274
302.013	14.660
302.535	12.361
302.981	10.359
303.360	8.647
303.682	7.215
303.956	6.043
304.190	5.109
304.393	4.384
304.571	3.843
304.732	3.469
304.881	3.256
305.026	3.222
305.174	3.421
305.338	3.972
305.536	5.107
305.803	7.259
306.197	11.187
306.823	18.061
307.846	29.163
309.477	44.336
311.840	58.936
314.731	63.839
317.563	54.745
319.790	38.617
321.279	24.483
322.209	15.465
322.804	10.632
323.227	8.358
323.573	7.554
323.900	7.713
324.246	8.739
324.652	10.831
325.172	14.437
325.881	20.179
326.883	28.562
328.294	39.175
330.175	49.520
332.435	55.027
334.790	52.273
336.887	42.716
338.520	31.249
339.684	21.716
340.489	15.266
341.063	11.449
341.506	9.461
341.884	8.664
342.242	8.664
342.611	9.253
343.016	10.325
343.478	11.812
344.015	13.625
344.642	15.608
345.365	17.503
346.175	18.963
347.049	19.638
347.948	19.308
348.823	18.005
349.633	16.014
350.351	13.768
350.970	11.698
351.502	10.180
351.976	9.604
352.442	10.643
352.988	14.851
353.800	25.917
355.270	51.447
358.143	100.571
363.225	161.307
369.970	177.851
375.978	131.674
379.820	78.855
381.993	48.554
383.332	35.015
384.318	29.210
385.154	26.373
385.918	24.497
386.633	22.812
387.302	21.057
387.923	19.187
388.493	17.259
389.010	15.358
389.474	13.568
389.889	11.954
390.259	10.558
390.590	9.399
390.890	8.481
391.166	7.799
391.424	7.346
391.673	7.113
391.919	7.099
392.170	7.310
392.435	7.761
392.722	8.485
393.043	9.535
393.411	10.995
393.843	12.997
394.363	15.735
395.002	19.480
395.802	24.562
396.816	31.254
398.103	39.498
399.707	48.422
401.622	56.015
403.754	59.607
405.922	57.491
407.923	50.367
409.613	40.868
410.953	31.703
411.982	24.423
412.777	19.407
413.418	16.406
413.972	15.006
414.492	14.832
415.017	15.637
415.583	17.283
416.218	19.746
416.953	23.100
417.819	27.516
418.856	33.226
420.107	40.391
421.615	48.824
423.408	57.559
425.465	64.614
427.691	67.516
429.922	64.737
431.975	56.929
433.720	46.521
435.112	36.167
436.181	27.511
436.994	21.072
437.622	16.671
438.126	13.882
438.555	12.291
438.944	11.586
439.319	11.586
439.703	12.228
440.117	13.556
440.585	15.717
441.138	18.934
441.815	23.463
442.661	29.467
443.726	36.777
445.046	44.595
446.619	51.328
448.382	54.980
450.210	54.205
451.954	49.286
453.496	42.017
454.785	34.557
455.838	28.396
456.706	24.094
457.452	21.560
458.130	20.398
458.782	20.155
459.434	20.420
460.101	20.860
460.787	21.230
461.488	21.385
462.197	21.270
462.904	20.917
463.601	20.413
464.285	19.866
464.954	19.365
465.612	18.960
466.260	18.648
466.902	18.382
467.540	18.088
468.171	17.693
468.792	17.158
469.397	16.502
469.982	15.825
470.548	15.320
471.104	15.295
471.669	16.224
472.283	18.833
473.018	24.244
473.988	34.078
475.368	50.221
477.381	73.560
480.222	101.285
483.885	125.523
488.063	139.099
492.330	144.313
496.478	149.523
500.554	157.078
504.610	159.974
508.495	149.863
511.919	126.275
514.661	96.747
516.688	69.560
518.118	48.795
519.115	34.650
519.828	25.632
520.361	20.053
520.786	16.604
521.143	14.409
521.458	12.927
521.745	11.840
522.011	10.970
522.262	10.216
522.498	9.530
522.721	8.888
522.931	8.282
523.130	7.714
523.318	7.192
523.495	6.729
523.663	6.343
523.824	6.063
523.981	5.933
524.137	6.025
524.300	6.453
524.478	7.409
524.688	9.203
524.957	12.337
525.327	17.589
525.864	26.080
526.671	39.185
527.884	57.943
529.654	81.572
532.070	105.302
535.039	120.164
538.226	118.344
541.172	100.701
543.551	76.259
545.292	54.125
546.511	38.465
547.381	29.358
548.059	25.327
548.661	24.857
549.266	26.846
549.933	30.548
550.699	35.393
551.590	40.815
552.616	46.125
553.770	50.522
555.021	53.204
556.324	53.611
557.620	51.633
558.853	47.668
559.979	42.475
560.976	36.902
561.840	31.653
562.582	27.174
563.223	23.657
563.786	21.113
564.294	19.444
564.769	18.514
565.228	18.173
565.684	18.285
566.148	18.725
566.630	19.382
567.132	20.157
567.660	20.968
568.212	21.748
568.788	22.463
569.387	23.120
570.006	23.782
570.647	24.580
571.314	25.721
572.019	27.487
572.778	30.220
573.621	34.278
574.584	39.938
575.711	47.213
577.039	55.603
578.587	63.881
580.335	70.153
582.208	72.472
584.090	69.814
585.854	62.751
587.402	53.173
588.691	43.311
589.733	34.902
590.574	28.933
591.281	25.884
591.928	26.105
592.602	30.154
593.402	38.969
594.456	53.781
595.917	75.437
597.940	102.777
600.616	130.425
603.856	148.629
607.338	148.598
610.616	130.169
613.342	102.154
615.405	74.645
616.882	53.110
617.928	38.409
618.690	29.239
619.278	23.934
619.769	21.177
620.212	20.099
620.641	20.176
621.078	21.107
621.541	22.710
622.045	24.850
622.602	27.392
623.220	30.161
623.903	32.925
624.650	35.401
625.454	37.279
626.299	38.270
627.164	38.178
628.023	36.947
628.852	34.687
629.628	31.647
630.334	28.155
630.963	24.548
631.512	21.112
631.987	18.055
632.396	15.502
632.750	13.512
633.064	12.106
633.349	11.292
633.621	11.101
633.893	11.628
634.186	13.096
634.524	15.977
634.947	21.207
635.523	30.585
636.370	47.371
637.698	76.856
639.843	125.477
643.245	194.809
648.206	268.103
654.411	306.052
660.739	281.978
666.008	217.371
669.796	152.491
672.361	106.849
674.142	79.978
675.482	65.417
676.589	57.617
677.571	53.116
678.482	50.016
679.342	47.350
680.158	44.676
680.930	41.841
681.653	38.848
682.327	35.775
682.949	32.729
683.520	29.816
684.043	27.124
684.522	24.713
684.961	22.621
685.366	20.860
685.743	19.426
686.098	18.301
686.435	17.461
686.761	16.876
687.078	16.514
687.393	16.343
687.707	16.332
688.024	16.448
688.347	16.660
688.677	16.938
689.015	17.249
689.363	17.563
689.720	17.849
690.086	18.081
690.459	18.232
690.838	18.280
691.221	18.210
691.605	18.015
691.987	17.696
692.365	17.264
692.736	16.741
693.098	16.160
693.451	15.567
693.793	15.021
694.127	14.597
694.455	14.395
694.782	14.545
695.118	15.225
695.475	16.677
695.874	19.240
696.343	23.371
696.923	29.666
697.667	38.838
698.649	51.592
699.951	68.387
701.662	89.036
703.850	112.429
706.538	136.901
709.703	161.459
713.300	186.864
717.303	214.407
721.705	242.034
726.432	261.482
731.253	261.866
735.801	238.785
739.729	199.167
742.868	155.753
745.255	118.516
747.046	91.407
748.423	74.009
749.545	64.179
750.528	59.657
751.449	58.658
752.362	59.934
753.301	62.698
754.285	66.479
755.330	71.042
756.447	76.317
757.645	82.353
758.936	89.257
760.331	97.130
761.842	105.971
763.481	115.573
765.254	125.419
767.159	134.639
769.179	142.079
771.281	146.516
773.417	146.989
775.525	143.098
777.546	135.171
779.428	124.166
781.137	111.373
782.655	98.072
783.983	85.294
785.133	73.703
786.125	63.623
786.982	55.111
787.727	48.061
788.378	42.288
788.954	37.592
789.470	33.771
789.936	30.665
790.362	28.131
790.756	26.065
791.124	24.382
791.471	23.025
791.801	21.949
792.119	21.118
792.427	20.508
792.729	20.101
793.027	19.884
793.325	19.845
793.625	19.973
793.929	20.258
794.241	20.695
794.562	21.274
794.894	21.989
795.241	22.833
795.604	23.801
795.985	24.888
796.386	26.094
796.810	27.423
797.258	28.885
797.733	30.504
798.238	32.317
798.776	34.380
799.351	36.778
799.970	39.634
800.641	43.104
801.374	47.399
802.184	52.762
803.089	59.470
804.112	67.786
805.278	77.874
806.616	89.659
808.149	102.686
809.890	115.944
811.831	127.847
813.939	136.448
816.147	139.947
818.365	137.358
820.500	128.914
822.467	116.018
824.209	100.683
825.703	84.906
826.952	70.173
827.980	57.342
828.820	46.724
829.505	38.258
830.069	31.688
830.540	26.697
830.939	22.972
831.287	20.235
831.596	18.259
831.879	16.864
832.142	15.908
832.394	15.283
832.638	14.910
832.879	14.726
833.119	14.686
833.360	14.756
833.606	14.916
833.856	15.154
834.112	15.471
834.376	15.885
834.650	16.438
834.935	17.203
835.237	18.305
835.563	19.953
835.921	22.485
836.331	26.437
836.820	32.660
837.433	42.452
838.241	57.705
839.347	80.895
840.899	114.621
843.078	159.961
846.051	213.374
849.873	263.501
854.360	292.864
859.062	288.307
863.427	252.121
867.058	200.044
869.838	148.707
871.858	107.133
873.299	77.004
874.334	56.408
875.095	42.630
875.675	33.388
876.134	27.076
876.511	22.654
876.829	19.495
877.106	17.208
877.353	15.572
877.579	14.452
877.792	13.761
877.996	13.460
878.199	13.528
878.406	13.961
878.621	14.772
878.852	15.984
879.105	17.633
879.386	19.768
879.705	22.439
880.070	25.711
880.492	29.638
880.981	34.271
881.550	39.635
882.210	45.706
882.974	52.413
883.850	59.594
884.845	66.986
885.960	74.242
887.190	80.947
888.523	86.662
889.940	91.000
891.415	93.694
892.921	94.641
894.428	93.902
895.912	91.677
897.350	88.241
898.724	83.886
900.023	78.878
901.239	73.452
902.367	67.786
903.405	62.027
904.354	56.301
905.214	50.720
905.989	45.369
906.683	40.325
907.301	35.644
907.849	31.363
908.333	27.497
908.759	24.048
909.134	21.004
909.464	18.341
909.753	16.030
910.008	14.042
910.233	12.340
910.432	10.894
910.610	9.672
910.769	8.649
910.913	7.797
911.044	7.099
911.164	6.534
911.276	6.089
911.382	5.754
911.483	5.522
911.581	5.389
911.679	5.358
911.776	5.437
911.877	5.639
911.983	5.990
912.097	6.529
912.224	7.311
912.367	8.423
912.535	9.987
912.737	12.185
912.988	15.263
913.305	19.581
913.718	25.613
914.263	33.951
914.990	45.265
915.960	60.100
917.244	78.538
918.903	99.611
920.969	120.776
923.411	138.092
926.114	147.597
928.906	147.715
931.613	140.847
934.133	132.839
936.484	131.095
938.811	143.064
941.376	175.299
944.527	231.232
948.605	305.288
953.757	375.450
959.700	407.491
965.685	379.931
970.878	306.000
974.831	219.674
977.565	146.857
979.357	95.775
980.520	63.741
981.299	45.113
981.859	34.940
982.302	29.803
982.687	27.557
983.050	26.939
983.409	27.208
983.774	27.929
984.153	28.853
984.546	29.825
984.954	30.742
985.377	31.547
985.813	32.196
986.260	32.669
986.715	32.962
987.176	33.086
987.640	33.074
988.106	32.977
988.574	32.863
989.041	32.824
989.511	32.976
989.986	33.460
990.471	34.444
990.974	36.141
991.506	38.789
992.082	42.680
992.721	48.141
993.447	55.494
994.289	65.051
995.279	76.975
996.451	91.142
997.834	106.977
999.446	123.257
1001.284	138.128
1003.312	149.304
1005.469	154.723
1007.661	153.182
1009.790	144.873
1011.769	131.316
1013.535	114.763
1015.060	97.460
1016.344	81.156
1017.409	66.836
1018.285	54.906
1019.006	45.311
1019.603	37.784
1020.104	31.981
1020.531	27.557
1020.902	24.215
1021.232	21.716
1021.530	19.885
1021.805	18.594
1022.066	17.761
1022.317	17.336
1022.565	17.307
1022.815	17.676
1023.074	18.490
1023.347	19.792
1023.643	21.681
1023.970	24.258
1024.340	27.652
1024.765	32.024
1025.262	37.524
1025.847	44.308
1026.541	52.491
1027.365	62.102
1028.341	73.048
1029.486	85.059
1030.813	97.688
1032.326	110.342
1034.021	122.399
1035.879	133.382
1037.882	143.065
1040.002	151.562
1042.220	159.095
1044.519	165.817
1046.883	171.440
1049.293	175.160
1051.719	175.858
1054.114	172.402
1056.424	164.297
1058.589	151.861
1060.559	136.292
1062.308	119.199
1063.820	102.253
1065.110	86.728
1066.201	73.419
1067.124	62.648
1067.915	54.381
1068.605	48.390
1069.224	44.346
1069.796	41.899
1070.341	40.717
1070.875	40.511
1071.411	41.012
1071.957	42.012
1072.518	43.300
1073.100	44.720
1073.703	46.109
1074.326	47.341
1074.968	48.309
1075.623	48.928
1076.287	49.157
1076.956	48.974
1077.623	48.406
1078.283	47.504
1078.931	46.353
1079.566	45.060
1080.183	43.744
1080.785	42.539
1081.373	41.570
1081.950	40.980
1082.522	40.897
1083.096	41.454
1083.682	42.793
1084.291	45.053
1084.937	48.405
1085.635	52.999
1086.405	59.023
1087.266	66.619
1088.240	75.896
1089.351	86.868
1090.621	99.332
1092.068	112.871
1093.700	126.675
1095.516	139.630
1097.494	150.341
1099.594	157.432
1101.759	159.857
1103.922	157.184
1106.016	149.762
1107.982	138.583
1109.779	124.994
1111.381	110.393
1112.787	95.902
1114.000	82.356
1115.039	70.206
1115.924	59.641
1116.677	50.655
1117.317	43.142
1117.865	36.927
1118.336	31.833
1118.745	27.678
1119.102	24.308
1119.418	21.581
1119.701	19.380
1119.957	17.607
1120.192	16.181
1120.409	15.037
1120.613	14.122
1120.806	13.393
1120.990	12.815
1121.168	12.363
1121.341	12.013
1121.511	11.751
1121.679	11.562
1121.844	11.438
1122.010	11.375
1122.176	11.364
1122.342	11.411
1122.512	11.511
1122.683	11.678
1122.859	11.916
1123.040	12.248
1123.227	12.704
1123.423	13.333
1123.632	14.221
1123.856	15.509
1124.103	17.436
1124.385	20.403
1124.721	25.100
1125.141	32.676
1125.698	45.052
1126.478	65.290
1127.619	97.915
1129.333	148.627
1131.908	221.830
1135.649	314.317
1140.716	406.534
1146.859	463.056
1153.356	456.227
1159.306	393.170
1164.145	308.118
1167.795	231.941
1170.490	176.787
1172.538	141.652
1174.185	120.718
1175.598	108.500
1176.875	100.946
1178.065	95.539
1179.193	90.817
1180.263	86.031
1181.275	80.870
1182.225	75.301
1183.109	69.419
1183.922	63.400
1184.665	57.423
1185.339	51.650
1185.945	46.217
1186.489	41.202
1186.976	36.667
1187.410	32.622
1187.798	29.068
1188.146	25.974
1188.458	23.315
1188.741	21.040
1188.997	19.119
1189.232	17.502
1189.448	16.160
1189.649	15.049
1189.838	14.147
1190.017	13.423
1190.188	12.855
1190.353	12.426
1190.514	12.119
1190.673	11.921
1190.829	11.821
1190.987	11.814
1191.145	11.888
1191.305	12.041
1191.469	12.268
1191.637	12.563
1191.810	12.927
1191.990	13.355
1192.177	13.844
1192.372	14.392
1192.577	14.995
1192.791	15.655
1193.016	16.365
1193.253	17.129
1193.503	17.955
1193.766	18.846
1194.044	19.842
1194.339	20.980
1194.652	22.367
1194.989	24.165
1195.356	26.682
1195.767	30.447
1196.241	36.386
1196.817	46.083
1197.559	62.207
1198.577	89.011
1200.046	132.687
1202.235	200.407
1205.491	295.955
1210.138	409.489
1216.221	507.686
1223.231	544.106
1230.167	498.106
1236.076	396.853
1240.534	286.919
1243.650	197.798
1245.764	136.090
1247.216	96.770
1248.255	72.580
1249.043	57.717
1249.677	48.348
1250.214	42.161
1250.687	37.824
1251.115	34.577
1251.509	32.001
1251.876	29.856
1252.220	28.009
1252.544	26.382
1252.851	24.935
1253.144	23.646
1253.422	22.506
1253.689	21.519
1253.945	20.692
1254.194	20.050
1254.437	19.611
1254.675	19.427
1254.914	19.536
1255.156	20.021
1255.407	20.962
1255.672	22.487
1255.959	24.736
1256.278	27.909
1256.642	32.225
1257.066	37.961
1257.569	45.409
1258.174	54.855
1258.908	66.523
1259.800	80.470
1260.877	96.444
1262.163	113.730
1263.668	131.062
1265.386	146.628
1267.282	158.346
1269.300	164.361
1271.360	163.639
1273.378	156.333
1275.276	143.790
1276.999	128.019
1278.516	111.230
1279.825	95.169
1280.942	81.031
1281.891	69.445
1282.708	60.535
1283.424	54.235
1284.071	50.327
1284.677	48.632
1285.270	48.983
1285.874	51.364
1286.513	55.798
1287.214	62.457
1288.004	71.514
1288.913	83.205
1289.973	97.608
1291.217	114.618
1292.672	133.700
1294.360	153.754
1296.281	173.057
1298.417	189.407
1300.719	200.548
1303.116	204.775
1305.521	201.542
1307.848	191.610
1310.026	176.849
1312.010	159.581
1313.784	142.012
1315.351	125.780
1316.735	111.885
1317.965	100.740
1319.074	92.374
1320.094	86.567
1321.054	83.010
1321.980	81.372
1322.889	81.321
1323.804	82.568
1324.734	84.815
1325.692	87.807
1326.684	91.245
1327.716	94.860
1328.787	98.340
1329.897	101.409
1331.038	103.781
1332.203	105.238
1333.380	105.609
1334.558	104.834
1335.723	102.929
1336.863	99.995
1337.967	96.225
1339.028	91.823
1340.037	87.049
1340.993	82.104
1341.894	77.202
1342.742	72.483
1343.539	68.061
1344.288	63.993
1344.994	60.310
1345.661	57.007
1346.293	54.063
1346.894	51.452
1347.469	49.135
1348.019	47.089
1348.548	45.289
1349.059	43.731
1349.555	42.426
1350.038	41.405
1350.511	40.734
1350.980	40.502
1351.448	40.863
1351.924	42.014
1352.417	44.244
1352.941	47.937
1353.514	53.614
1354.160	61.945
1354.914	73.771
1355.817	90.035
1356.924	111.700
1358.298	139.378
1360.007	172.982
1362.109	210.876
1364.634	249.330
1367.567	282.785
1370.808	304.591
1374.214	309.944
1377.580	297.751
1380.734	271.402
1383.542	237.255
1385.956	201.752
1387.983	169.835
1389.680	143.987
1391.118	124.924
1392.369	112.135
1393.498	104.584
1394.557	101.091
1395.587	100.513
1396.615	101.837
1397.659	104.190
1398.728	106.815
1399.821	109.102
1400.938	110.576
1402.065	110.943
1403.194	110.042
1404.309	107.946
1405.402	104.834
1406.459	101.064
1407.477	97.059
1408.455	93.319
1409.395	90.368
1410.308	88.712
1411.207	88.910
1412.114	91.465
1413.050	96.971
1414.050	105.961
1415.146	119.055
1416.384	136.759
1417.806	159.449
1419.463	187.193
1421.398	219.364
1423.648	254.601
1426.230	290.386
1429.132	323.321
1432.306	349.520
1435.671	365.595
1439.117	369.576
1442.528	361.454
1445.799	343.124
1448.848	317.616
1451.629	288.181
1454.118	257.578
1456.321	227.785
1458.254	199.962
1459.939	174.698
1461.407	152.154
1462.681	132.304
1463.787	114.982
1464.749	99.983
1465.585	87.106
1466.315	76.122
1466.954	66.833
1467.517	59.029
1468.016	52.537
1468.462	47.180
1468.864	42.807
1469.231	39.292
1469.570	36.506
1469.887	34.357
1470.187	32.750
1470.474	31.616
1470.754	30.893
1471.029	30.527
1471.302	30.477
1471.576	30.707
1471.854	31.185
1472.138	31.884
1472.430	32.784
1472.731	33.864
1473.045	35.099
1473.370	36.473
1473.711	37.959
1474.066	39.537
1474.438	41.186
1474.827	42.874
1475.232	44.571
1475.657	46.252
1476.097	47.873
1476.555	49.408
1477.029	50.820
1477.517	52.070
1478.019	53.143
1478.531	53.990
1479.054	54.611
1479.583	54.978
1480.117	55.094
1480.653	54.961
1481.189	54.577
1481.722	53.984
1482.251	53.187
1482.772	52.239
1483.286	51.175
1483.791	50.031
1484.285	48.882
1484.770	47.751
1485.245	46.730
1485.711	45.872
1486.171	45.271
1486.626	45.030
1487.083	45.277
1487.543	46.211
1488.017	48.073
1488.513	51.230
1489.045	56.173
1489.635	63.606
1490.308	74.469
1491.103	90.036
1492.070	111.869
1493.275	141.750
1494.805	181.315
1496.754	231.305
1499.217	290.278
1502.262	353.329
1505.888	411.169
1509.994	451.741
1514.364	464.509
1518.712	445.581
1522.752	400.000
1526.279	339.007
1529.202	274.699
1531.531	215.919
1533.344	167.053
1534.739	129.007
1535.816	100.699
1536.658	80.295
1537.334	65.922
1537.893	55.985
1538.372	49.230
1538.797	44.737
1539.186	41.849
1539.553	40.091
1539.908	39.140
1540.256	38.759
1540.603	38.786
1540.952	39.110
1541.305	39.630
1541.665	40.285
1542.032	41.015
1542.408	41.774
1542.792	42.523
1543.184	43.215
1543.583	43.822
1543.989	44.318
1544.402	44.672
1544.818	44.865
1545.237	44.886
1545.658	44.726
1546.078	44.384
1546.498	43.869
1546.911	43.198
1547.321	42.396
1547.723	41.503
1548.119	40.555
1548.507	39.614
1548.887	38.739
1549.260	38.026
1549.628	37.562
1549.994	37.463
1550.360	37.898
1550.734	39.032
1551.122	41.104
1551.533	44.426
1551.982	49.311
1552.484	56.255
1553.061	65.726
1553.741	78.327
1554.553	94.605
1555.539	115.025
1556.735	139.692
1558.186	168.196
1559.921	199.151
1561.955	230.138
1564.278	257.676
1566.839	277.787
1569.549	287.044
1572.299	283.681
1574.966	268.291
1577.444	243.608
1579.659	213.601
1581.578	182.205
1583.201	152.530
1584.551	126.494
1585.668	104.914
1586.596	87.814
1587.374	74.774
1588.040	65.186
1588.626	58.403
1589.154	53.826
1589.644	50.958
1590.113	49.407
1590.570	48.859
1591.024	49.089
1591.484	49.926
1591.954	51.266
1592.438	53.052
1592.943	55.268
1593.469	57.956
1594.024	61.234
1594.612	65.273
1595.241	70.355
1595.923	76.931
1596.672	85.580
1597.509	97.142
1598.464	112.693
1599.575	133.537
1600.896	161.181
1602.490	196.942
1604.434	241.623
1606.802	294.385
1609.652	351.932
1613.004	407.866
1616.805	452.899
1620.917	477.455
1625.131	475.370
1629.213	446.732
1632.944	398.009
1636.196	338.865
1638.915	278.729
1641.122	224.103
1642.882	178.185
1644.275	141.675
1645.381	113.681
1646.272	92.769
1647.001	77.379
1647.613	66.129
1648.139	57.908
1648.603	51.863
1649.021	47.350
1649.406	43.918
1649.764	41.232
1650.102	39.063
1650.424	37.253
1650.733	35.685
1651.029	34.287
1651.316	33.008
1651.592	31.810
1651.860	30.671
1652.119	29.580
1652.371	28.524
1652.614	27.498
1652.849	26.501
1653.077	25.531
1653.297	24.588
1653.510	23.671
1653.716	22.782
1653.914	21.923
1654.107	21.093
1654.293	20.297
1654.472	19.536
1654.646	18.810
1654.814	18.127
1654.977	17.491
1655.134	16.909
1655.288	16.395
1655.437	15.968
1655.583	15.652
1655.727	15.495
1655.871	15.556
1656.017	15.931
1656.167	16.768
1656.328	18.290
1656.505	20.834
1656.709	24.922
1656.957	31.338
1657.273	41.244
1657.694	56.384
1658.276	79.273
1659.097	113.242
1660.275	162.609
1661.961	231.735
1664.342	323.062
1667.612	433.774
1671.893	550.470
1677.139	647.926
1683.067	696.701
1689.144	678.951
1694.814	601.421
1699.636	490.698
1703.452	375.975
1706.314	276.800
1708.393	200.170
1709.889	145.191
1710.975	107.558
1711.783	82.543
1712.409	66.171
1712.915	55.534
1713.345	48.600
1713.724	44.044
1714.071	41.006
1714.397	38.939
1714.708	37.509
1715.009	36.512
1715.304	35.817
1715.594	35.358
1715.883	35.089
1716.170	34.997
1716.458	35.071
1716.748	35.316
1717.041	35.745
1717.339	36.372
1717.644	37.219
1717.957	38.320
1718.281	39.702
1718.619	41.418
1718.972	43.520
1719.345	46.072
1719.743	49.173
1720.168	52.932
1720.629	57.508
1721.131	63.116
1721.685	70.070
1722.303	78.802
1723.001	89.978
1723.801	104.563
1724.736	124.012
1725.848	150.436
1727.201	186.883
1728.885	237.524
1731.022	307.560
1733.777	402.446
1737.345	525.694
1741.923	674.609
1747.644	835.007
1754.479	978.743
1762.155	1070.858
1770.167	1086.742
1777.927	1027.339
1784.961	918.323
1791.038	793.335
1796.154	677.967
1800.450	584.557
1804.111	514.822
1807.307	464.779
1810.177	428.851
1812.810	401.735
1815.262	379.241
1817.565	358.463
1819.727	337.664
1821.754	315.981
1823.640	293.240
1825.381	269.701
1826.977	245.845
1828.426	222.267
1829.732	199.517
1830.902	178.020
1831.945	158.115
1832.870	140.006
1833.691	123.743
1834.416	109.350
1835.058	96.747
1835.626	85.801
1836.132	76.376
1836.584	68.323
1836.989	61.481
1837.355	55.712
1837.687	50.872
1837.993	46.836
1838.275	43.510
1838.538	40.789
1838.786	38.589
1839.022	36.850
1839.248	35.508
1839.467	34.512
1839.680	33.825
1839.891	33.413
1840.100	33.250
1840.309	33.318
1840.519	33.597
1840.732	34.077
1840.949	34.756
1841.171	35.625
1841.399	36.685
1841.636	37.943
1841.882	39.402
1842.138	41.070
1842.406	42.962
1842.687	45.088
1842.984	47.465
1843.298	50.110
1843.630	53.044
1843.983	56.285
1844.358	59.851
1844.759	63.765
1845.187	68.044
1845.645	72.701
1846.136	77.755
1846.662	83.201
1847.226	89.035
1847.832	95.250
1848.480	101.813
1849.174	108.679
1849.917	115.797
1850.707	123.090
1851.549	130.461
1852.442	137.801
1853.383	145.007
1854.374	151.955
1855.413	158.512
1856.493	164.599
1857.614	170.110
1858.773	174.983
1859.961	179.250
1861.177	182.909
1862.417	186.043
1863.674	188.822
1864.949	191.383
1866.240	193.965
1867.545	196.837
1868.869	200.237
1870.214	204.433
1871.585	209.711
1872.990	216.258
1874.439	224.225
1875.937	233.723
1877.497	244.645
1879.126	256.808
1880.831	269.845
1882.617	283.150
1884.483	295.988
1886.425	307.454
1888.430	316.528
1890.482	322.270
1892.557	323.905
1894.629	320.844
1896.667	312.938
1898.640	300.465
1900.522	283.935
1902.292	264.207
1903.927	242.376
1905.422	219.381
1906.770	196.199
1907.972	173.665
1909.033	152.332
1909.962	132.645
1910.772	114.812
1911.472	98.922
1912.076	84.976
1912.596	72.847
1913.042	62.402
1913.426	53.491
1913.755	45.938
1914.039	39.551
1914.285	34.180
1914.497	29.700
1914.683	25.962
1914.846	22.849
1914.990	20.280
1915.119	18.162
1915.235	16.419
1915.340	15.001
1915.437	13.852
1915.527	12.930
1915.612	12.204
1915.692	11.641
1915.769	11.219
1915.843	10.921
1915.916	10.731
1915.988	10.637
1916.060	10.633
1916.132	10.712
1916.205	10.872
1916.280	11.113
1916.357	11.439
1916.436	11.857
1916.519	12.377
1916.606	13.013
1916.698	13.780
1916.795	14.707
1916.900	15.827
1917.014	17.183
1917.138	18.819
1917.274	20.803
1917.426	23.223
1917.597	26.187
1917.789	29.792
1918.010	34.225
1918.267	39.679
1918.563	46.334
1918.912	54.498
1919.325	64.474
1919.813	76.519
1920.396	91.039
1921.089	108.304
1921.916	128.489
1922.897	151.669
1924.052	177.559
1925.402	205.525
1926.956	234.399
1928.720	262.567
1930.678	287.813
1932.808	307.875
1935.062	320.575
1937.383	324.373
1939.705	318.752
1941.962	304.296
1944.094	282.610
1946.054	255.948
1947.815	226.707
1949.364	197.086
1950.704	168.781
1951.848	142.937
1952.815	120.162
1953.626	100.666
1954.307	84.332
1954.879	70.908
1955.360	60.019
1955.769	51.302
1956.121	44.394
1956.427	38.990
1956.697	34.814
1956.940	31.635
1957.162	29.254
1957.368	27.537
1957.564	26.372
1957.754	25.668
1957.938	25.339
1958.122	25.361
1958.307	25.701
1958.496	26.311
1958.690	27.201
1958.892	28.377
1959.103	29.812
1959.327	31.537
1959.564	33.568
1959.818	35.900
1960.092	38.574
1960.385	41.597
1960.704	44.990
1961.050	48.771
1961.426	52.950
1961.835	57.521
1962.282	62.479
1962.767	67.794
1963.296	73.440
1963.869	79.338
1964.489	85.402
1965.156	91.493
1965.872	97.518
1966.636	103.280
1967.444	108.608
1968.292	113.307
1969.178	117.205
1970.091	120.135
1971.026	121.983
1971.976	122.645
1972.927	122.101
1973.871	120.361
1974.804	117.533
1975.711	113.745
1976.587	109.114
1977.427	103.885
1978.228	98.214
1978.983	92.295
1979.692	86.295
1980.358	80.362
1980.975	74.605
1981.551	69.113
1982.085	63.949
1982.580	59.146
1983.039	54.716
1983.464	50.670
1983.860	46.982
1984.227	43.645
1984.570	40.620
1984.890	37.890
1985.190	35.417
1985.471	33.181
1985.735	31.147
1985.984	29.297
1986.219	27.603
1986.441	26.049
1986.652	24.615
1986.852	23.287
1987.042	22.052
1987.222	20.899
1987.394	19.819
1987.558	18.805
1987.713	17.851
1987.862	16.950
1988.003	16.100
1988.138	15.295
1988.267	14.536
1988.390	13.816
1988.507	13.138
1988.619	12.496
1988.726	11.890
1988.828	11.320
1988.926	10.781
1989.019	10.276
1989.109	9.802
1989.194	9.356
1989.276	8.940
1989.355	8.553
1989.431	8.191
1989.504	7.855
1989.574	7.543
1989.642	7.254
1989.708	6.986
1989.771	6.741
1989.833	6.516
1989.892	6.309
1989.950	6.120
1990.007	5.949
1990.062	5.794
1990.117	5.652
1990.170	5.524
1990.222	5.411
1990.273	5.309
1990.324	5.220
1990.374	5.142
1990.423	5.072
1990.472	5.012
1990.521	4.960
1990.570	4.918
1990.618	4.880
1990.666	4.851
1990.714	4.828
1990.762	4.808
1990.811	4.795
1990.859	4.787
1990.907	4.780
1990.956	4.780
1991.005	4.781
1991.054	4.785
1991.103	4.792
1991.152	4.799
1991.203	4.809
1991.253	4.819
1991.303	4.830
1991.354	4.841
1991.406	4.852
1991.457	4.863
1991.509	4.874
1991.562	4.883
1991.615	4.891
1991.667	4.898
1991.721	4.903
1991.775	4.906
1991.828	4.907
1991.883	4.906
1991.937	4.902
1991.992	4.895
1992.046	4.886
1992.101	4.874
1992.156	4.859
1992.212	4.840
1992.267	4.818
1992.322	4.793
1992.377	4.764
1992.432	4.732
1992.487	4.697
1992.542	4.658
1992.596	4.616
1992.651	4.570
1992.705	4.520
1992.758	4.468
1992.811	4.413
1992.864	4.355
1992.916	4.294
1992.968	4.230
1993.019	4.164
1993.070	4.094
1993.120	4.023
1993.170	3.950
1993.218	3.875
1993.266	3.797
1993.314	3.719
1993.360	3.639
1993.406	3.558
1993.451	3.476
1993.495	3.393
1993.538	3.309
1993.580	3.226
1993.622	3.141
1993.662	3.057
1993.702	2.973
1993.741	2.890
1993.779	2.806
1993.816	2.724
1993.852	2.642
1993.886	2.561
1993.921	2.481
1993.954	2.402
1993.986	2.324
1994.018	2.248
1994.048	2.173
1994.078	2.099
1994.107	2.027
1994.135	1.957
1994.162	1.888
1994.188	1.820
1994.214	1.755
1994.238	1.691
1994.262	1.629
1994.285	1.569
1994.307	1.511
1994.329	1.454
1994.350	1.399
1994.370	1.346
1994.390	1.295
1994.408	1.245
1994.427	1.197
1994.444	1.151
1994.461	1.106
1994.478	1.063
1994.494	1.022
1994.509	0.982
1994.524	0.943
1994.538	0.906
1994.552	0.871
1994.565	0.836
1994.578	0.804
1994.590	0.772
1994.603	0.742
1994.614	0.713
1994.625	0.685
1994.636	0.658
1994.646	0.633
1994.657	0.608
1994.666	0.584
1994.676	0.562
1994.685	0.540
1994.694	0.520
1994.702	0.500
1994.710	0.481
1994.718	0.463
1994.726	0.445
1994.733	0.429
1994.741	0.413
1994.748	0.397
1994.754	0.383
1994.761	0.369
1994.767	0.355
1994.773	0.342
1994.779	0.330
1994.785	0.318
1994.790	0.307
1994.796	0.296
1994.801	0.286
1994.806	0.276
1994.811	0.266
1994.816	0.257
1994.820	0.248
1994.825	0.240
1994.829	0.232
