<j>	<F>
1.246	20.230
3.002	11.614
4.179	10.899
5.196	11.156
6.054	12.657
7.215	14.244
8.585	11.436
9.532	12.759
11.137	12.035
12.467	10.583
13.346	11.228
14.237	12.121
15.522	12.358
17.083	11.206
18.031	11.225
18.729	12.104
19.440	13.182
20.367	13.904
21.486	13.900
22.550	13.992
23.598	14.074
24.543	14.400
25.496	14.789
26.692	14.889
28.339	13.899
29.759	13.131
30.782	13.117
31.548	13.591
32.242	14.305
32.951	15.017
33.668	15.788
34.659	16.272
36.382	15.425
38.246	13.966
39.354	13.671
40.058	14.153
40.693	14.825
41.311	15.561
41.954	16.348
42.828	16.894
44.396	16.488
47.021	14.592
49.278	12.927
50.306	12.732
50.847	13.227
51.368	13.878
52.136	14.383
53.392	14.399
54.975	13.902
56.180	13.619
56.831	13.932
57.242	14.605
57.644	15.395
58.184	16.123
59.043	16.540
60.413	16.340
62.128	15.617
63.566	15.095
64.501	15.129
65.151	15.527
65.716	16.077
66.315	16.641
67.037	17.098
67.946	17.346
69.090	17.324
70.581	16.948
72.480	16.152
74.343	15.315
75.630	14.992
76.493	15.141
77.473	15.351
79.355	15.035
82.678	13.725
85.950	12.324
87.839	11.757
88.864	11.722
89.525	11.900
90.007	12.186
90.395	12.540
90.742	12.941
91.088	13.369
91.469	13.806
91.919	14.227
92.476	14.602
93.164	14.901
93.977	15.113
94.877	15.255
95.812	15.364
96.766	15.461
97.775	15.532
98.919	15.526
100.275	15.387
101.845	15.110
103.539	14.755
105.236	14.403
106.832	14.111
108.221	13.924
109.327	13.877
110.148	13.980
110.755	14.210
111.248	14.524
111.742	14.869
112.371	15.171
113.303	15.331
114.711	15.234
116.582	14.858
118.546	14.389
120.167	14.072
121.324	13.985
122.117	14.086
122.670	14.318
123.085	14.638
123.439	15.012
123.804	15.407
124.257	15.780
124.911	16.069
125.927	16.174
127.442	16.000
129.326	15.585
131.114	15.176
132.486	14.978
133.537	14.971
134.555	15.027
135.900	14.984
138.002	14.662
141.060	13.964
144.396	13.129
146.953	12.555
148.521	12.336
149.469	12.347
150.136	12.469
150.717	12.634
151.315	12.805
151.990	12.960
152.768	13.084
153.647	13.174
154.591	13.237
155.543	13.290
156.447	13.354
157.284	13.440
158.082	13.546
158.909	13.651
159.864	13.726
161.045	13.734
162.496	13.652
164.133	13.496
165.741	13.329
167.100	13.224
168.120	13.221
168.843	13.314
169.359	13.481
169.750	13.699
170.076	13.948
170.380	14.216
170.692	14.492
171.039	14.767
171.447	15.030
171.947	15.268
172.587	15.462
173.465	15.580
174.788	15.554
176.933	15.266
180.220	14.614
184.168	13.743
187.537	13.035
189.773	12.668
191.169	12.552
192.106	12.572
192.798	12.662
193.351	12.793
193.817	12.950
194.232	13.126
194.621	13.315
195.003	13.510
195.390	13.710
195.788	13.911
196.201	14.113
196.628	14.314
197.074	14.515
197.552	14.712
198.096	14.896
198.783	15.046
199.758	15.122
201.234	15.056
203.389	14.790
206.070	14.352
208.703	13.904
210.798	13.601
212.340	13.459
213.572	13.418
214.717	13.412
215.892	13.404
217.124	13.382
218.371	13.351
219.557	13.328
220.618	13.331
221.525	13.368
222.295	13.441
222.978	13.539
223.648	13.648
224.406	13.746
225.384	13.803
226.751	13.781
228.651	13.641
231.055	13.382
233.631	13.067
235.903	12.801
237.598	12.649
238.750	12.614
239.533	12.662
240.109	12.760
240.586	12.885
241.033	13.021
241.490	13.160
241.989	13.294
242.555	13.417
243.215	13.524
243.992	13.607
244.904	13.662
245.955	13.686
247.132	13.681
248.398	13.654
249.704	13.615
251.005	13.575
252.275	13.541
253.513	13.514
254.734	13.493
255.964	13.472
257.225	13.447
258.530	13.414
259.878	13.372
261.247	13.324
262.596	13.278
263.871	13.242
265.018	13.228
266.001	13.243
266.810	13.292
267.460	13.372
267.979	13.481
268.400	13.613
268.757	13.761
269.077	13.922
269.388	14.089
269.711	14.258
270.070	14.424
270.491	14.581
271.005	14.722
271.660	14.835
272.519	14.907
273.673	14.918
275.219	14.844
277.210	14.673
279.545	14.421
281.943	14.146
284.081	13.918
285.806	13.774
287.167	13.710
288.324	13.695
289.435	13.697
290.618	13.692
291.926	13.665
293.353	13.614
294.840	13.550
296.313	13.484
297.720	13.430
299.043	13.390
300.296	13.365
301.495	13.349
302.647	13.341
303.734	13.343
304.731	13.358
305.613	13.391
306.368	13.445
307.000	13.521
307.527	13.618
307.974	13.730
308.367	13.856
308.731	13.989
309.086	14.128
309.451	14.268
309.841	14.405
310.268	14.538
310.739	14.665
311.258	14.783
311.822	14.893
312.422	14.996
313.042	15.094
313.662	15.191
314.264	15.293
314.829	15.401
315.349	15.521
315.820	15.652
316.249	15.796
316.645	15.949
317.022	16.110
317.400	16.275
317.801	16.438
318.261	16.592
318.837	16.723
319.632	16.810
320.849	16.809
322.837	16.647
326.029	16.234
330.484	15.563
335.375	14.811
339.640	14.204
343.012	13.795
345.800	13.517
348.295	13.304
350.596	13.127
352.673	12.983
354.483	12.878
356.026	12.812
357.358	12.779
358.566	12.766
359.744	12.761
360.983	12.753
362.357	12.731
363.919	12.687
365.686	12.617
367.629	12.526
369.673	12.420
371.707	12.313
373.622	12.217
375.338	12.144
376.823	12.097
378.083	12.076
379.148	12.078
380.056	12.099
380.843	12.135
381.539	12.182
382.168	12.238
382.750	12.300
383.300	12.367
383.832	12.437
384.361	12.508
384.900	12.580
385.467	12.649
386.083	12.714
386.770	12.772
387.555	12.820
388.466	12.853
389.528	12.869
390.752	12.866
392.128	12.843
393.615	12.804
395.143	12.758
396.624	12.714
397.980	12.681
399.156	12.669
400.134	12.679
400.921	12.712
401.545	12.765
402.037	12.835
402.431	12.919
402.754	13.013
403.031	13.115
403.280	13.223
403.517	13.334
403.759	13.447
404.020	13.560
404.319	13.670
404.678	13.774
405.125	13.869
405.698	13.950
406.444	14.009
407.416	14.040
408.668	14.034
410.235	13.985
412.111	13.895
414.235	13.770
416.492	13.626
418.755	13.480
420.917	13.347
422.918	13.235
424.735	13.146
426.370	13.080
427.831	13.036
429.133	13.010
430.293	13.001
431.330	13.007
432.262	13.026
433.109	13.055
433.885	13.092
434.606	13.136
435.282	13.186
435.923	13.241
436.537	13.299
437.131	13.360
437.712	13.423
438.285	13.488
438.856	13.554
439.429	13.620
440.009	13.685
440.599	13.750
441.201	13.814
441.815	13.877
442.444	13.938
443.088	13.998
443.746	14.056
444.420	14.112
445.110	14.166
445.820	14.219
446.555	14.268
447.323	14.314
448.138	14.354
449.022	14.387
450.010	14.407
451.156	14.410
452.534	14.385
454.241	14.322
456.372	14.210
458.971	14.043
461.962	13.829
465.122	13.594
468.147	13.372
470.795	13.191
472.978	13.064
474.741	12.986
476.196	12.945
477.464	12.926
478.649	12.920
479.835	12.916
481.086	12.908
482.444	12.890
483.931	12.860
485.539	12.818
487.229	12.766
488.939	12.711
490.593	12.660
492.122	12.618
493.479	12.592
494.647	12.583
495.631	12.591
496.457	12.615
497.155	12.652
497.757	12.699
498.294	12.753
498.792	12.812
499.277	12.874
499.770	12.936
500.291	12.996
500.865	13.052
501.515	13.102
502.267	13.144
503.150	13.173
504.190	13.187
505.409	13.185
506.814	13.164
508.387	13.126
510.084	13.074
511.836	13.016
513.560	12.957
515.182	12.907
516.651	12.871
517.945	12.850
519.071	12.846
520.054	12.856
520.927	12.876
521.731	12.905
522.503	12.938
523.284	12.971
524.114	13.001
525.037	13.024
526.097	13.036
527.339	13.033
528.800	13.010
530.495	12.966
532.406	12.903
534.467	12.824
536.576	12.739
538.611	12.658
540.469	12.590
542.085	12.543
543.438	12.517
544.548	12.513
545.451	12.527
546.190	12.556
546.806	12.596
547.333	12.645
547.797	12.700
548.221	12.759
548.617	12.822
548.999	12.887
549.373	12.953
549.746	13.019
550.122	13.087
550.504	13.154
550.891	13.221
551.287	13.288
551.689	13.355
552.097	13.422
552.511	13.488
552.930	13.555
553.353	13.622
553.780	13.689
554.214	13.756
554.659	13.822
555.124	13.887
555.620	13.950
556.166	14.009
556.790	14.062
557.531	14.104
558.442	14.131
559.587	14.136
561.037	14.112
562.846	14.054
565.026	13.959
567.507	13.833
570.136	13.691
572.708	13.551
575.045	13.431
577.045	13.342
578.695	13.285
580.040	13.258
581.149	13.253
582.091	13.265
582.926	13.288
583.704	13.317
584.465	13.348
585.242	13.380
586.064	13.408
586.957	13.431
587.941	13.446
589.029	13.452
590.223	13.449
591.512	13.437
592.870	13.418
594.256	13.395
595.623	13.372
596.925	13.355
598.125	13.345
599.201	13.345
600.146	13.356
600.967	13.378
601.679	13.410
602.302	13.451
602.857	13.498
603.367	13.550
603.851	13.605
604.325	13.662
604.808	13.719
605.312	13.775
605.853	13.828
606.443	13.877
607.094	13.921
607.821	13.959
608.635	13.989
609.548	14.010
610.570	14.022
611.707	14.023
612.960	14.013
614.317	13.993
615.757	13.965
617.244	13.932
618.733	13.897
620.174	13.866
621.521	13.842
622.740	13.828
623.811	13.828
624.731	13.840
625.507	13.866
626.156	13.903
626.700	13.951
627.160	14.007
627.559	14.070
627.919	14.137
628.258	14.207
628.598	14.279
628.960	14.349
629.370	14.416
629.859	14.477
630.463	14.529
631.233	14.567
632.225	14.585
633.500	14.577
635.110	14.539
637.073	14.467
639.344	14.366
641.800	14.245
644.266	14.121
646.567	14.010
648.583	13.923
650.273	13.864
651.659	13.834
652.805	13.825
653.783	13.833
654.668	13.851
655.530	13.872
656.441	13.891
657.473	13.903
658.705	13.899
660.218	13.875
662.078	13.823
664.312	13.741
666.881	13.632
669.658	13.505
672.460	13.373
675.106	13.253
677.478	13.153
679.550	13.078
681.372	13.023
683.039	12.982
684.655	12.948
686.317	12.913
688.095	12.872
690.025	12.822
692.098	12.762
694.264	12.694
696.439	12.625
698.527	12.560
700.444	12.506
702.136	12.465
703.582	12.440
704.791	12.431
705.791	12.435
706.617	12.452
707.302	12.477
707.879	12.511
708.374	12.550
708.806	12.594
709.191	12.642
709.542	12.692
709.869	12.745
710.179	12.799
710.480	12.855
710.779	12.910
711.085	12.967
711.407	13.022
711.758	13.077
712.155	13.129
712.619	13.177
713.180	13.220
713.876	13.254
714.759	13.276
715.891	13.283
717.337	13.269
719.158	13.230
721.387	13.164
723.995	13.072
726.882	12.959
729.877	12.838
732.782	12.721
735.434	12.619
737.740	12.539
739.680	12.483
741.290	12.448
742.627	12.431
743.753	12.428
744.720	12.436
745.567	12.451
746.322	12.472
747.004	12.498
747.626	12.528
748.196	12.562
748.719	12.598
749.200	12.637
749.642	12.679
750.049	12.724
750.424	12.770
750.773	12.819
751.098	12.870
751.407	12.922
751.705	12.975
752.000	13.029
752.301	13.083
752.620	13.137
752.972	13.189
753.377	13.239
753.863	13.284
754.470	13.322
755.251	13.350
756.279	13.364
757.646	13.356
759.458	13.322
761.813	13.254
764.761	13.149
768.246	13.009
772.076	12.847
775.948	12.680
779.548	12.528
782.656	12.404
785.187	12.315
787.175	12.258
788.708	12.229
789.891	12.221
790.814	12.229
791.550	12.248
792.151	12.275
792.655	12.309
793.089	12.346
793.472	12.388
793.818	12.431
794.138	12.477
794.438	12.524
794.725	12.573
795.003	12.622
795.276	12.672
795.547	12.722
795.818	12.773
796.092	12.824
796.371	12.875
796.655	12.926
796.946	12.977
797.246	13.028
797.554	13.079
797.873	13.129
798.202	13.179
798.543	13.228
798.895	13.277
799.260	13.326
799.637	13.374
800.028	13.422
800.434	13.468
800.857	13.514
801.297	13.559
801.757	13.603
802.240	13.646
802.751	13.687
803.293	13.726
803.874	13.764
804.499	13.798
805.176	13.829
805.915	13.856
806.722	13.878
807.604	13.896
808.569	13.908
809.616	13.914
810.744	13.915
811.944	13.910
813.202	13.901
814.500	13.889
815.815	13.876
817.126	13.862
818.413	13.850
819.662	13.840
820.869	13.832
822.034	13.828
823.167	13.826
824.286	13.826
825.414	13.825
826.576	13.823
827.802	13.817
829.123	13.806
830.564	13.788
832.146	13.760
833.878	13.723
835.750	13.678
837.738	13.624
839.796	13.566
841.869	13.506
843.897	13.448
845.828	13.396
847.621	13.352
849.253	13.318
850.718	13.295
852.018	13.281
853.165	13.276
854.175	13.281
855.063	13.292
855.846	13.310
856.536	13.334
857.147	13.364
857.690	13.397
858.175	13.434
858.611	13.475
859.005	13.518
859.364	13.564
859.694	13.612
860.001	13.662
860.291	13.714
860.568	13.766
860.837	13.820
861.103	13.874
861.372	13.928
861.649	13.983
861.943	14.037
862.264	14.089
862.625	14.140
863.046	14.187
863.557	14.230
864.198	14.264
865.034	14.288
866.157	14.294
867.699	14.275
869.829	14.221
872.734	14.121
876.555	13.966
881.272	13.758
886.608	13.513
892.066	13.261
897.115	13.033
901.415	12.848
904.877	12.713
907.591	12.620
909.709	12.562
911.382	12.529
912.727	12.514
913.831	12.512
914.754	12.520
915.539	12.535
916.218	12.556
916.812	12.582
917.340	12.611
917.815	12.643
918.249	12.678
918.649	12.714
919.024	12.752
919.380	12.792
919.720	12.832
920.050	12.874
920.373	12.916
920.694	12.958
921.014	13.001
921.338	13.043
921.669	13.086
922.011	13.128
922.369	13.170
922.747	13.211
923.152	13.251
923.591	13.289
924.074	13.326
924.613	13.359
925.222	13.389
925.919	13.415
926.723	13.435
927.660	13.448
928.755	13.453
930.032	13.448
931.512	13.432
933.208	13.404
935.112	13.365
937.202	13.316
939.431	13.258
941.730	13.197
944.026	13.134
946.250	13.075
948.343	13.023
950.272	12.979
952.022	12.944
953.598	12.919
955.015	12.902
956.296	12.893
957.463	12.889
958.538	12.891
959.541	12.896
960.488	12.904
961.392	12.915
962.267	12.927
963.121	12.941
963.964	12.955
964.804	12.970
965.652	12.984
966.517	12.998
967.411	13.011
968.347	13.021
969.341	13.030
970.413	13.034
971.584	13.034
972.877	13.028
974.319	13.016
975.931	12.995
977.732	12.966
979.727	12.927
981.906	12.879
984.238	12.824
986.666	12.764
989.125	12.701
991.535	12.641
993.824	12.586
995.940	12.538
997.848	12.500
999.538	12.472
1001.021	12.454
1002.314	12.444
1003.449	12.442
1004.457	12.446
1005.367	12.455
1006.208	12.468
1007.006	12.483
1007.781	12.499
1008.555	12.515
1009.342	12.531
1010.156	12.547
1011.009	12.560
1011.908	12.572
1012.858	12.581
1013.862	12.588
1014.919	12.593
1016.025	12.595
1017.173	12.596
1018.353	12.594
1019.557	12.592
1020.767	12.589
1021.975	12.586
1023.168	12.583
1024.333	12.582
1025.464	12.581
1026.554	12.583
1027.598	12.586
1028.596	12.592
1029.547	12.600
1030.452	12.609
1031.316	12.621
1032.141	12.634
1032.933	12.649
1033.699	12.665
1034.443	12.683
1035.176	12.701
1035.901	12.719
1036.630	12.738
1037.373	12.756
1038.140	12.773
1038.944	12.789
1039.799	12.802
1040.724	12.813
1041.737	12.820
1042.861	12.823
1044.123	12.820
1045.550	12.810
1047.168	12.791
1049.007	12.764
1051.083	12.726
1053.405	12.678
1055.963	12.621
1058.721	12.554
1061.625	12.482
1064.595	12.406
1067.548	12.331
1070.400	12.260
1073.081	12.196
1075.545	12.141
1077.770	12.095
1079.751	12.060
1081.503	12.034
1083.046	12.016
1084.406	12.006
1085.612	12.002
1086.688	12.003
1087.658	12.008
1088.542	12.018
1089.356	12.030
1090.117	12.044
1090.836	12.060
1091.524	12.077
1092.189	12.096
1092.838	12.115
1093.478	12.135
1094.114	12.155
1094.749	12.175
1095.387	12.195
1096.029	12.215
1096.679	12.234
1097.335	12.254
1098.000	12.273
1098.671	12.292
1099.348	12.310
1100.029	12.329
1100.712	12.347
1101.393	12.366
1102.071	12.384
1102.740	12.403
1103.400	12.422
1104.046	12.442
1104.676	12.463
1105.288	12.484
1105.879	12.506
1106.449	12.529
1106.996	12.553
1107.520	12.577
1108.023	12.603
1108.504	12.630
1108.964	12.658
1109.407	12.687
1109.831	12.716
1110.242	12.746
1110.640	12.777
1111.028	12.809
1111.408	12.841
1111.783	12.873
1112.156	12.906
1112.530	12.938
1112.906	12.971
1113.289	13.004
1113.681	13.036
1114.084	13.068
1114.503	13.100
1114.940	13.131
1115.397	13.161
1115.880	13.190
1116.388	13.219
1116.927	13.246
1117.497	13.271
1118.100	13.295
1118.739	13.318
1119.411	13.339
1120.117	13.359
1120.853	13.377
1121.617	13.394
1122.402	13.409
1123.203	13.424
1124.013	13.439
1124.822	13.453
1125.624	13.468
1126.411	13.483
1127.177	13.499
1127.914	13.516
1128.621	13.535
1129.292	13.555
1129.928	13.577
1130.530	13.601
1131.100	13.626
1131.642	13.653
1132.162	13.681
1132.667	13.710
1133.165	13.739
1133.670	13.769
1134.192	13.798
1134.752	13.825
1135.369	13.851
1136.071	13.872
1136.890	13.889
1137.866	13.898
1139.045	13.899
1140.473	13.888
1142.194	13.863
1144.229	13.824
1146.579	13.770
1149.190	13.703
1151.971	13.627
1154.787	13.549
1157.498	13.474
1159.982	13.409
1162.156	13.357
1163.994	13.321
1165.501	13.299
1166.715	13.291
1167.684	13.295
1168.459	13.307
1169.085	13.327
1169.603	13.352
1170.043	13.381
1170.432	13.413
1170.790	13.446
1171.135	13.481
1171.481	13.515
1171.842	13.550
1172.231	13.583
1172.659	13.615
1173.141	13.645
1173.691	13.672
1174.325	13.696
1175.058	13.715
1175.906	13.729
1176.885	13.738
1178.005	13.740
1179.270	13.735
1180.679	13.724
1182.216	13.706
1183.857	13.684
1185.563	13.658
1187.293	13.630
1189.003	13.603
1190.651	13.578
1192.208	13.557
1193.656	13.541
1194.992	13.530
1196.225	13.523
1197.376	13.521
1198.476	13.521
1199.564	13.523
1200.690	13.524
1201.916	13.521
1203.319	13.512
1204.994	13.493
1207.061	13.459
1209.649	13.405
1212.890	13.326
1216.864	13.219
1221.553	13.084
1226.785	12.928
1232.239	12.763
1237.522	12.604
1242.295	12.464
1246.350	12.351
1249.644	12.266
1252.244	12.208
1254.272	12.172
1255.857	12.152
1257.117	12.145
1258.141	12.147
1258.998	12.155
1259.738	12.167
1260.395	12.183
1260.993	12.201
1261.548	12.221
1262.074	12.242
1262.576	12.263
1263.060	12.286
1263.529	12.309
1263.985	12.333
1264.430	12.357
1264.864	12.381
1265.288	12.406
1265.701	12.432
1266.103	12.458
1266.494	12.484
1266.874	12.511
1267.243	12.538
1267.600	12.566
1267.946	12.594
1268.280	12.623
1268.601	12.653
1268.912	12.682
1269.210	12.713
1269.498	12.744
1269.775	12.775
1270.041	12.807
1270.296	12.840
1270.542	12.873
1270.777	12.907
1271.005	12.941
1271.223	12.975
1271.434	13.010
1271.638	13.046
1271.835	13.081
1272.026	13.118
1272.212	13.154
1272.392	13.191
1272.570	13.229
1272.744	13.266
1272.917	13.304
1273.088	13.342
1273.259	13.381
1273.432	13.419
1273.608	13.458
1273.789	13.496
1273.976	13.535
1274.174	13.573
1274.383	13.611
1274.608	13.649
1274.853	13.686
1275.124	13.722
1275.426	13.757
1275.767	13.791
1276.155	13.823
1276.600	13.853
1277.113	13.880
1277.706	13.903
1278.392	13.923
1279.184	13.939
1280.092	13.949
1281.125	13.955
1282.284	13.954
1283.567	13.949
1284.960	13.938
1286.442	13.923
1287.982	13.905
1289.543	13.886
1291.091	13.866
1292.586	13.849
1294.002	13.835
1295.317	13.825
1296.523	13.819
1297.619	13.819
1298.614	13.822
1299.521	13.830
1300.361	13.841
1301.155	13.854
1301.932	13.868
1302.722	13.882
1303.568	13.895
1304.525	13.903
1305.679	13.905
1307.164	13.895
1309.193	13.866
1312.101	13.807
1316.365	13.700
1322.544	13.527
1331.022	13.274
1341.540	12.952
1352.905	12.600
1363.431	12.277
1371.895	12.024
1378.006	11.852
1382.138	11.747
1384.864	11.689
1386.674	11.663
1387.918	11.656
1388.821	11.660
1389.519	11.671
1390.097	11.687
1390.608	11.705
1391.084	11.724
1391.548	11.744
1392.017	11.763
1392.503	11.783
1393.017	11.802
1393.568	11.820
1394.168	11.836
1394.820	11.852
1395.537	11.865
1396.322	11.877
1397.183	11.887
1398.122	11.894
1399.142	11.899
1400.243	11.902
1401.420	11.902
1402.666	11.900
1403.970	11.897
1405.320	11.892
1406.698	11.886
1408.086	11.879
1409.469	11.873
1410.825	11.867
1412.141	11.862
1413.405	11.858
1414.604	11.856
1415.734	11.856
1416.790	11.858
1417.773	11.862
1418.685	11.869
1419.527	11.877
1420.307	11.887
1421.027	11.899
1421.696	11.912
1422.316	11.927
1422.896	11.943
1423.437	11.961
1423.947	11.979
1424.426	11.998
1424.881	12.018
1425.314	12.039
1425.725	12.060
1426.119	12.082
1426.497	12.105
1426.861	12.128
1427.212	12.152
1427.552	12.176
1427.882	12.200
1428.204	12.225
1428.521	12.250
1428.833	12.275
1429.142	12.300
1429.453	12.326
1429.766	12.351
1430.088	12.377
1430.419	12.402
1430.768	12.427
1431.137	12.451
1431.537	12.475
1431.972	12.497
1432.454	12.519
1432.993	12.538
1433.601	12.556
1434.290	12.571
1435.075	12.584
1435.970	12.593
1436.987	12.598
1438.138	12.600
1439.429	12.597
1440.862	12.589
1442.430	12.577
1444.118	12.562
1445.903	12.542
1447.752	12.521
1449.628	12.498
1451.494	12.476
1453.313	12.454
1455.052	12.435
1456.691	12.419
1458.216	12.406
1459.623	12.397
1460.918	12.391
1462.110	12.389
1463.216	12.389
1464.252	12.392
1465.236	12.396
1466.188	12.402
1467.125	12.408
1468.065	12.414
1469.025	12.420
1470.020	12.425
1471.064	12.429
1472.172	12.431
1473.357	12.431
1474.631	12.428
1476.007	12.422
1477.495	12.413
1479.101	12.401
1480.833	12.385
1482.686	12.365
1484.658	12.342
1486.735	12.316
1488.895	12.288
1491.110	12.257
1493.346	12.226
1495.565	12.195
1497.727	12.166
1499.801	12.139
1501.752	12.115
1503.561	12.095
1505.213	12.079
1506.703	12.068
1508.034	12.062
1509.210	12.060
1510.245	12.061
1511.152	12.067
1511.945	12.076
1512.640	12.087
1513.250	12.102
1513.789	12.118
1514.268	12.136
1514.698	12.156
1515.089	12.177
1515.450	12.199
1515.786	12.221
1516.104	12.245
1516.411	12.268
1516.710	12.293
1517.007	12.317
1517.304	12.341
1517.606	12.366
1517.916	12.390
1518.237	12.414
1518.573	12.438
1518.923	12.461
1519.294	12.484
1519.686	12.507
1520.102	12.529
1520.546	12.550
1521.017	12.570
1521.520	12.589
1522.054	12.608
1522.625	12.625
1523.231	12.642
1523.876	12.657
1524.561	12.671
1525.286	12.684
1526.054	12.696
1526.865	12.706
1527.722	12.715
1528.623	12.723
1529.571	12.729
1530.567	12.734
1531.611	12.738
1532.704	12.740
1533.848	12.740
1535.044	12.739
1536.291	12.736
1537.591	12.732
1538.946	12.726
1540.354	12.718
1541.818	12.709
1543.335	12.698
1544.907	12.686
1546.532	12.672
1548.209	12.657
1549.935	12.640
1551.706	12.622
1553.517	12.603
1555.365	12.582
1557.236	12.561
1559.126	12.540
1561.020	12.518
1562.910	12.497
1564.785	12.475
1566.630	12.455
1568.443	12.436
1570.209	12.418
1571.933	12.401
1573.608	12.386
1575.240	12.372
1576.832	12.359
1578.391	12.348
1579.926	12.337
1581.445	12.326
1582.958	12.316
1584.469	12.306
1585.982	12.296
1587.501	12.286
1589.023	12.276
1590.544	12.266
1592.054	12.256
1593.545	12.247
1595.006	12.238
1596.419	12.231
1597.780	12.224
1599.074	12.220
1600.291	12.217
1601.428	12.217
1602.477	12.218
1603.442	12.222
1604.321	12.229
1605.118	12.237
1605.838	12.248
1606.485	12.261
1607.068	12.275
1607.590	12.292
1608.059	12.309
1608.482	12.329
1608.863	12.349
1609.209	12.370
1609.524	12.393
1609.812	12.416
1610.078	12.440
1610.324	12.465
1610.555	12.490
1610.772	12.515
1610.978	12.541
1611.175	12.568
1611.364	12.595
1611.548	12.622
1611.728	12.649
1611.905	12.676
1612.081	12.704
1612.256	12.732
1612.432	12.759
1612.610	12.787
1612.790	12.815
1612.975	12.843
1613.163	12.871
1613.359	12.899
1613.561	12.926
1613.771	12.954
1613.992	12.981
1614.224	13.009
1614.470	13.035
1614.732	13.062
1615.013	13.088
1615.318	13.113
1615.650	13.138
1616.017	13.162
1616.427	13.184
1616.893	13.206
1617.427	13.225
1618.052	13.242
1618.795	13.255
1619.688	13.264
1620.780	13.268
1622.125	13.264
1623.790	13.251
1625.849	13.227
1628.375	13.189
1631.423	13.137
1635.012	13.068
1639.095	12.986
1643.555	12.892
1648.204	12.792
1652.823	12.692
1657.193	12.600
1661.154	12.518
1664.622	12.451
1667.579	12.398
1670.067	12.358
1672.153	12.330
1673.916	12.311
1675.428	12.300
1676.757	12.293
1677.956	12.291
1679.066	12.291
1680.121	12.293
1681.144	12.296
1682.153	12.300
1683.162	12.304
1684.177	12.307
1685.204	12.310
1686.245	12.313
1687.300	12.316
1688.366	12.318
1689.439	12.320
1690.515	12.322
1691.587	12.324
1692.649	12.326
1693.693	12.328
1694.714	12.331
1695.704	12.335
1696.658	12.340
1697.571	12.345
1698.442	12.352
1699.265	12.360
1700.038	12.369
1700.763	12.379
1701.440	12.391
1702.069	12.404
1702.651	12.418
1703.190	12.433
1703.688	12.450
1704.147	12.467
1704.571	12.486
1704.962	12.505
1705.324	12.525
1705.659	12.546
1705.970	12.568
1706.260	12.591
1706.532	12.614
1706.786	12.637
1707.027	12.661
1707.256	12.686
1707.474	12.711
1707.685	12.736
1707.890	12.761
1708.090	12.787
1708.288	12.813
1708.485	12.839
1708.684	12.865
1708.887	12.891
1709.095	12.916
1709.313	12.942
1709.543	12.968
1709.788	12.993
1710.054	13.018
1710.344	13.042
1710.667	13.066
1711.028	13.088
1711.435	13.109
1711.901	13.129
1712.437	13.147
1713.056	13.163
1713.778	13.176
1714.617	13.186
1715.597	13.191
1716.739	13.193
1718.057	13.189
1719.574	13.180
1721.299	13.165
1723.229	13.144
1725.358	13.117
1727.654	13.085
1730.080	13.050
1732.581	13.012
1735.091	12.973
1737.550	12.935
1739.901	12.900
1742.098	12.870
1744.111	12.844
1745.925	12.824
1747.538	12.809
1748.962	12.799
1750.209	12.794
1751.302	12.794
1752.262	12.798
1753.111	12.804
1753.870	12.814
1754.558	12.825
1755.192	12.838
1755.788	12.852
1756.361	12.867
1756.925	12.883
1757.495	12.898
1758.082	12.913
1758.701	12.928
1759.367	12.941
1760.094	12.953
1760.896	12.963
1761.790	12.970
1762.790	12.975
1763.910	12.977
1765.162	12.975
1766.550	12.969
1768.077	12.960
1769.736	12.947
1771.516	12.930
1773.388	12.911
1775.321	12.890
1777.279	12.868
1779.225	12.846
1781.110	12.825
1782.906	12.807
1784.587	12.791
1786.123	12.779
1787.514	12.771
1788.753	12.767
1789.843	12.767
1790.798	12.770
1791.625	12.777
1792.341	12.787
1792.959	12.800
1793.494	12.815
1793.958	12.832
1794.363	12.851
1794.719	12.871
1795.035	12.892
1795.319	12.915
1795.578	12.938
1795.819	12.961
1796.045	12.986
1796.262	13.010
1796.474	13.035
1796.687	13.060
1796.903	13.085
1797.129	13.110
1797.370	13.135
1797.633	13.159
1797.927	13.182
1798.263	13.205
1798.656	13.226
1799.124	13.245
1799.695	13.262
1800.399	13.275
1801.281	13.284
1802.395	13.287
1803.809	13.282
1805.597	13.268
1807.843	13.241
1810.623	13.201
1813.985	13.146
1817.918	13.075
1822.359	12.991
1827.135	12.897
1832.023	12.800
1836.780	12.706
1841.178	12.621
1845.070	12.548
1848.388	12.490
1851.137	12.446
1853.372	12.416
1855.171	12.397
1856.616	12.387
1857.784	12.384
1858.743	12.387
1859.542	12.394
1860.225	12.404
1860.824	12.416
1861.364	12.430
1861.863	12.445
1862.338	12.461
1862.799	12.477
1863.259	12.494
1863.725	12.510
1864.206	12.526
1864.710	12.542
1865.245	12.557
1865.818	12.571
1866.437	12.584
1867.109	12.596
1867.843	12.607
1868.645	12.616
1869.522	12.623
1870.480	12.628
1871.522	12.631
1872.652	12.632
1873.870	12.631
1875.172	12.628
1876.551	12.623
1877.998	12.616
1879.499	12.608
1881.039	12.598
1882.596	12.588
1884.155	12.578
1885.691	12.568
1887.191	12.559
1888.633	12.552
1890.006	12.545
1891.301	12.541
1892.510	12.539
1893.630	12.538
1894.662	12.540
1895.606	12.544
1896.467	12.550
1897.251	12.558
1897.963	12.568
1898.610	12.579
1899.199	12.592
1899.736	12.606
1900.227	12.621
1900.679	12.637
1901.096	12.654
1901.484	12.672
1901.848	12.691
1902.191	12.710
1902.518	12.730
1902.833	12.750
1903.140	12.770
1903.442	12.790
1903.744	12.811
1904.049	12.832
1904.362	12.852
1904.688	12.873
1905.032	12.892
1905.400	12.912
1905.798	12.931
1906.233	12.949
1906.714	12.966
1907.249	12.981
1907.848	12.995
1908.523	13.008
1909.283	13.018
1910.139	13.026
1911.103	13.031
1912.184	13.034
1913.386	13.033
1914.716	13.029
1916.169	13.022
1917.740	13.012
1919.414	12.999
1921.171	12.984
1922.986	12.967
1924.828	12.949
1926.665	12.932
1928.466	12.915
1930.204	12.899
1931.853	12.885
1933.398	12.874
1934.829	12.866
1936.139	12.861
1937.332	12.858
1938.413	12.858
1939.390	12.861
1940.276	12.867
1941.084	12.874
1941.824	12.883
1942.511	12.894
1943.156	12.905
1943.771	12.918
1944.368	12.931
1944.958	12.944
1945.552	12.958
1946.159	12.971
1946.790	12.984
1947.456	12.996
1948.166	13.007
1948.932	13.016
1949.763	13.024
1950.670	13.031
1951.661	13.035
1952.742	13.037
1953.920	13.037
1955.196	13.034
1956.567	13.029
1958.029	13.021
1959.568	13.012
1961.169	13.001
1962.808	12.988
1964.468	12.976
1966.115	12.963
1967.729	12.950
1969.284	12.940
1970.758	12.930
1972.138	12.924
1973.411	12.919
1974.572	12.917
1975.620	12.919
1976.555	12.922
1977.385	12.929
1978.117	12.938
1978.760	12.949
1979.322	12.962
1979.812	12.977
1980.240	12.994
1980.615	13.012
1980.943	13.031
1981.232	13.052
1981.488	13.073
1981.715	13.095
1981.919	13.118
1982.104	13.141
1982.273	13.165
1982.428	13.190
1982.574	13.214
1982.710	13.239
1982.840	13.265
1982.965	13.290
1983.087	13.316
1983.206	13.342
1983.324	13.368
1983.442	13.394
1983.561	13.420
1983.681	13.446
1983.803	13.472
1983.928	13.499
1984.058	13.525
1984.192	13.551
1984.332	13.577
1984.478	13.603
1984.632	13.629
1984.794	13.655
1984.965	13.681
1985.147	13.706
1985.342	13.731
1985.551	13.756
1985.775	13.781
1986.017	13.805
1986.281	13.829
1986.569	13.852
1986.885	13.874
1987.235	13.896
1987.624	13.916
1988.058	13.936
1988.547	13.954
1989.102	13.970
1989.733	13.985
1990.455	13.996
1991.285	14.005
1992.242	14.011
1993.343	14.013
1994.608	14.010
1996.059	14.002
1997.711	13.989
1999.562	13.970
2001.621	13.945
2003.871	13.915
2006.275	13.881
2008.796	13.843
2011.380	13.803
2013.963	13.763
2016.490	13.724
2018.911	13.688
2021.188	13.656
2023.301	13.628
2025.247	13.605
2027.033	13.586
2028.677	13.571
2030.208	13.560
2031.659	13.550
2033.061	13.543
2034.451	13.536
2035.863	13.529
2037.333	13.520
2038.893	13.510
2040.573	13.497
2042.403	13.480
2044.404	13.459
2046.597	13.434
2048.985	13.403
2051.567	13.369
2054.330	13.329
2057.241	13.286
2060.262	13.240
2063.345	13.193
2066.431	13.146
2069.469	13.100
2072.409	13.056
2075.209	13.015
2077.839	12.979
2080.282	12.947
2082.529	12.919
2084.582	12.897
2086.446	12.879
2088.131	12.865
2089.653	12.854
2091.024	12.848
2092.259	12.845
2093.371	12.844
2094.375	12.846
2095.279	12.851
2096.098	12.857
2096.837	12.866
2097.508	12.875
2098.116	12.887
2098.670	12.900
2099.174	12.914
2099.635	12.929
2100.056	12.945
2100.442	12.961
2100.798	12.979
2101.125	12.997
2101.427	13.016
2101.707	13.036
2101.967	13.056
2102.209	13.077
2102.435	13.098
2102.648	13.119
2102.847	13.141
2103.035	13.163
2103.213	13.185
2103.382	13.208
2103.542	13.231
2103.696	13.254
2103.844	13.278
2103.985	13.301
2104.122	13.325
2104.254	13.349
2104.382	13.373
2104.507	13.398
2104.629	13.422
2104.748	13.447
2104.865	13.472
2104.981	13.497
2105.094	13.522
2105.207	13.547
2105.318	13.572
2105.428	13.598
2105.538	13.623
2105.648	13.649
2105.757	13.674
2105.866	13.700
2105.976	13.726
2106.085	13.752
2106.195	13.778
2106.306	13.804
2106.418	13.830
2106.531	13.856
2106.645	13.882
2106.761	13.909
2106.879	13.935
2106.999	13.961
2107.122	13.988
2107.249	14.014
2107.380	14.040
2107.520	14.066
2107.669	14.092
2107.833	14.118
2108.022	14.143
2108.249	14.168
2108.537	14.191
2108.929	14.212
2109.493	14.229
2110.346	14.239
2111.685	14.238
2113.825	14.219
2117.244	14.170
2122.596	14.075
2130.579	13.920
2141.564	13.693
2155.041	13.408
2169.385	13.100
2182.496	12.820
2192.933	12.600
2200.381	12.450
2205.318	12.358
2208.468	12.307
2210.463	12.284
2211.745	12.277
2212.607	12.280
2213.223	12.289
2213.693	12.302
2214.078	12.316
2214.415	12.332
2214.725	12.348
2215.015	12.365
2215.295	12.382
2215.571	12.399
2215.845	12.417
2216.119	12.434
2216.394	12.452
2216.673	12.469
2216.957	12.486
2217.248	12.504
2217.545	12.521
2217.852	12.538
2218.171	12.555
2218.500	12.571
2218.844	12.588
2219.205	12.604
2219.582	12.620
2219.979	12.635
2220.397	12.650
2220.839	12.665
2221.306	12.679
2221.802	12.693
2222.326	12.706
2222.879	12.718
2223.468	12.730
2224.089	12.741
2224.745	12.751
2225.434	12.761
2226.159	12.770
2226.921	12.778
2227.712	12.786
2228.534	12.792
2229.389	12.799
2230.269	12.804
2231.169	12.809
2232.089	12.814
2233.026	12.818
2233.970	12.822
2234.919	12.826
2235.874	12.830
2236.822	12.834
2237.762	12.838
2238.697	12.842
2239.616	12.847
2240.520	12.851
2241.407	12.857
2242.279	12.862
2243.133	12.868
2243.967	12.874
2244.785	12.881
2245.588	12.888
2246.374	12.895
2247.144	12.902
2247.906	12.910
2248.655	12.918
2249.390	12.927
2250.119	12.935
2250.841	12.944
2251.552	12.953
2252.255	12.962
2252.955	12.971
2253.645	12.981
2254.329	12.990
2255.005	13.000
2255.675	13.010
2256.335	13.020
2256.987	13.030
2257.631	13.041
2258.265	13.051
2258.889	13.062
2259.502	13.073
