<j>	<F>
1.513	15.274
2.514	14.940
3.102	22.565
5.278	11.390
6.471	11.152
7.650	11.061
8.799	11.077
9.868	11.266
10.775	11.849
11.450	13.245
11.885	16.236
12.172	22.437
13.346	23.389
15.036	17.364
16.184	17.938
17.611	15.090
17.957	17.752
18.257	22.333
19.431	22.909
20.871	19.194
21.305	22.278
22.496	22.571
23.885	19.611
24.383	22.160
26.074	21.099
29.444	14.761
31.818	12.018
32.857	11.812
33.524	12.318
34.031	13.093
34.408	14.169
34.684	15.608
34.892	17.489
35.078	19.867
35.380	22.507
36.653	22.887
40.229	16.737
42.639	14.251
44.292	13.272
45.098	13.378
45.541	14.117
45.955	15.045
46.519	15.912
47.471	16.313
48.949	15.897
50.682	15.060
52.243	14.372
53.240	14.281
53.795	14.807
54.278	15.567
54.935	16.207
55.888	16.469
57.078	16.379
58.597	16.032
61.147	14.878
64.634	12.942
67.319	11.678
68.957	11.275
70.199	11.204
71.337	11.213
72.423	11.247
73.446	11.308
74.385	11.405
75.224	11.548
75.953	11.746
76.573	12.006
77.090	12.332
77.519	12.727
77.873	13.192
78.172	13.727
78.431	14.331
78.673	15.000
78.924	15.720
79.232	16.456
79.678	17.126
80.386	17.579
81.437	17.659
82.639	17.491
83.630	17.480
84.343	17.785
84.961	18.249
85.666	18.666
86.605	18.871
88.290	18.533
92.740	16.368
98.937	12.993
101.654	11.831
102.643	11.787
103.266	11.969
103.772	12.215
104.201	12.505
104.570	12.834
104.893	13.202
105.184	13.604
105.458	14.039
105.735	14.498
106.034	14.972
106.381	15.444
106.805	15.892
107.331	16.289
107.986	16.611
108.806	16.827
109.883	16.878
111.337	16.675
113.100	16.232
114.768	15.803
116.032	15.621
116.936	15.679
117.616	15.889
118.142	16.208
118.560	16.616
118.947	17.081
119.498	17.502
120.787	17.565
124.157	16.517
129.356	14.396
132.689	13.146
133.990	12.925
134.561	13.079
134.909	13.352
135.179	13.675
135.420	14.028
135.654	14.400
135.894	14.788
136.152	15.185
136.439	15.586
136.764	15.985
137.129	16.376
137.532	16.758
137.968	17.133
138.441	17.498
138.986	17.836
139.692	18.094
140.690	18.180
142.030	18.033
143.491	17.764
144.705	17.614
145.549	17.694
146.159	17.946
146.739	18.253
147.572	18.457
149.161	18.270
151.928	17.409
154.956	16.315
156.887	15.765
157.877	15.729
158.472	15.919
158.915	16.198
159.280	16.529
159.602	16.896
159.936	17.280
160.389	17.630
161.172	17.843
162.603	17.739
164.789	17.221
167.071	16.583
168.656	16.252
169.536	16.275
170.030	16.504
170.347	16.837
170.574	17.232
170.751	17.672
170.908	18.144
171.080	18.634
171.332	19.110
171.843	19.481
173.130	19.490
176.262	18.587
180.989	16.837
184.333	15.679
185.796	15.407
186.485	15.511
186.964	15.728
187.417	15.969
187.900	16.205
188.423	16.429
188.975	16.644
189.528	16.858
190.056	17.083
190.541	17.331
190.976	17.606
191.373	17.908
191.761	18.226
192.187	18.539
192.717	18.814
193.436	19.005
194.406	19.070
195.615	19.004
196.986	18.852
198.526	18.633
200.401	18.285
202.637	17.774
204.773	17.275
206.296	17.019
207.193	17.035
207.725	17.223
208.109	17.492
208.469	17.786
208.873	18.074
209.361	18.332
209.951	18.548
210.625	18.725
211.333	18.880
212.013	19.045
212.631	19.239
213.198	19.465
213.768	19.699
214.428	19.901
215.278	20.016
216.389	20.002
217.729	19.863
219.134	19.675
220.429	19.533
221.560	19.473
222.588	19.471
223.603	19.483
224.702	19.468
226.075	19.356
228.163	18.986
231.430	18.170
235.175	17.137
237.793	16.485
239.041	16.340
239.574	16.477
239.859	16.724
240.107	17.001
240.426	17.268
240.911	17.490
241.665	17.626
242.773	17.638
244.200	17.525
245.724	17.357
247.051	17.239
248.038	17.235
248.732	17.339
249.248	17.516
249.692	17.728
250.135	17.948
250.627	18.158
251.217	18.339
251.967	18.468
252.995	18.507
254.582	18.373
257.352	17.897
262.124	16.872
268.300	15.491
273.364	14.427
276.258	13.930
277.685	13.800
278.388	13.850
278.756	13.984
278.970	14.160
279.111	14.358
279.217	14.570
279.305	14.793
279.382	15.025
279.453	15.264
279.520	15.511
279.583	15.766
279.646	16.028
279.709	16.298
279.775	16.575
279.846	16.858
279.929	17.147
280.030	17.438
280.163	17.729
280.354	18.011
280.643	18.272
281.098	18.487
281.821	18.622
282.915	18.635
284.397	18.511
286.080	18.302
287.630	18.118
288.813	18.046
289.624	18.098
290.186	18.241
290.628	18.433
291.062	18.638
291.582	18.823
292.284	18.955
293.252	19.001
294.498	18.948
295.896	18.831
297.216	18.724
298.270	18.698
299.022	18.773
299.538	18.934
299.911	19.151
300.209	19.402
300.477	19.670
300.743	19.947
301.029	20.223
301.355	20.492
301.757	20.739
302.305	20.939
303.133	21.043
304.452	20.970
306.436	20.648
308.882	20.138
311.174	19.665
312.923	19.387
314.257	19.271
315.457	19.216
316.676	19.160
317.893	19.098
318.994	19.066
319.884	19.098
320.561	19.201
321.120	19.352
321.784	19.494
323.128	19.478
326.561	18.938
333.356	17.521
340.296	16.011
343.881	15.325
345.268	15.197
345.894	15.264
346.282	15.392
346.577	15.544
346.820	15.711
347.025	15.889
347.199	16.077
347.349	16.275
347.479	16.481
347.597	16.694
347.709	16.914
347.827	17.139
347.966	17.364
348.156	17.583
348.450	17.785
348.944	17.945
349.795	18.025
351.202	17.971
353.272	17.749
355.759	17.407
358.082	17.084
359.794	16.897
360.871	16.864
361.518	16.939
361.928	17.078
362.224	17.250
362.466	17.440
362.683	17.640
362.885	17.848
363.077	18.062
363.262	18.283
363.440	18.509
363.612	18.741
363.782	18.979
363.952	19.222
364.128	19.468
364.323	19.715
364.559	19.955
364.882	20.178
365.380	20.356
366.219	20.442
367.645	20.361
369.862	20.049
372.693	19.547
375.542	19.035
378.013	18.640
380.232	18.340
382.450	18.059
384.673	17.780
386.674	17.546
388.266	17.403
389.461	17.356
390.414	17.371
391.310	17.408
392.302	17.430
393.482	17.414
394.859	17.354
396.340	17.265
397.765	17.180
398.989	17.133
399.943	17.141
400.642	17.204
401.140	17.314
401.497	17.457
401.761	17.625
401.967	17.809
402.135	18.006
402.278	18.213
402.405	18.428
402.521	18.650
402.631	18.878
402.738	19.111
402.851	19.347
402.980	19.585
403.148	19.819
403.399	20.037
403.833	20.216
404.657	20.303
406.255	20.201
409.068	19.793
412.933	19.106
416.631	18.436
419.140	18.046
420.535	17.929
421.284	17.972
421.721	18.094
422.009	18.257
422.220	18.441
422.392	18.639
422.542	18.845
422.689	19.057
422.852	19.271
423.061	19.478
423.374	19.666
423.893	19.811
424.793	19.871
426.312	19.784
428.601	19.509
431.423	19.094
434.125	18.691
436.186	18.431
437.565	18.330
438.479	18.342
439.130	18.418
439.647	18.529
440.107	18.656
440.573	18.786
441.115	18.904
441.828	18.989
442.833	19.015
444.251	18.951
446.119	18.787
448.287	18.550
450.444	18.307
452.319	18.120
453.832	18.011
455.057	17.965
456.115	17.959
457.101	17.970
458.078	17.985
459.087	17.996
460.163	17.994
461.338	17.975
462.638	17.932
464.065	17.864
465.584	17.777
467.114	17.685
468.554	17.606
469.814	17.559
470.851	17.552
471.666	17.587
472.292	17.659
472.772	17.761
473.150	17.885
473.460	18.025
473.729	18.175
473.977	18.333
474.215	18.495
474.452	18.659
474.693	18.825
474.940	18.992
475.193	19.160
475.450	19.329
475.711	19.500
475.974	19.672
476.239	19.846
476.508	20.021
476.784	20.198
477.075	20.373
477.389	20.545
477.740	20.711
478.141	20.868
478.608	21.009
479.155	21.132
479.795	21.233
480.534	21.309
481.378	21.358
482.336	21.379
483.432	21.367
484.720	21.309
486.293	21.185
488.258	20.971
490.653	20.659
493.309	20.284
495.848	19.931
497.913	19.681
499.387	19.563
500.360	19.557
500.989	19.631
501.410	19.756
501.722	19.909
501.994	20.075
502.287	20.241
502.667	20.392
503.219	20.510
504.054	20.569
505.293	20.539
506.992	20.406
509.062	20.186
511.259	19.933
513.360	19.700
515.310	19.506
517.190	19.335
519.068	19.168
520.909	19.008
522.604	18.874
524.070	18.784
525.312	18.739
526.414	18.725
527.500	18.719
528.694	18.697
530.094	18.641
531.753	18.540
533.668	18.394
535.770	18.214
537.938	18.022
540.033	17.842
541.928	17.694
543.538	17.592
544.830	17.542
545.825	17.541
546.569	17.582
547.119	17.657
547.527	17.757
547.838	17.875
548.084	18.006
548.288	18.147
548.468	18.294
548.640	18.445
548.817	18.597
549.019	18.748
549.272	18.893
549.622	19.024
550.146	19.128
550.970	19.183
552.286	19.155
554.304	19.007
557.105	18.721
560.420	18.342
563.666	17.968
566.367	17.683
568.436	17.507
570.052	17.411
571.450	17.356
572.830	17.311
574.348	17.251
576.116	17.158
578.185	17.024
580.503	16.855
582.904	16.671
585.160	16.503
587.086	16.378
588.601	16.306
589.728	16.287
590.541	16.311
591.123	16.367
591.546	16.447
591.864	16.543
592.113	16.649
592.322	16.763
592.510	16.882
592.697	17.003
592.908	17.123
593.192	17.236
593.646	17.331
594.481	17.383
596.110	17.340
599.193	17.120
604.245	16.654
610.586	16.014
616.235	15.440
619.892	15.100
621.793	14.973
622.674	14.974
623.069	15.036
623.252	15.127
623.345	15.231
623.400	15.341
623.440	15.455
623.473	15.571
623.503	15.689
623.532	15.809
623.560	15.930
623.589	16.053
623.619	16.177
623.653	16.303
623.694	16.429
623.750	16.556
623.834	16.681
623.972	16.802
624.215	16.913
624.661	17.003
625.495	17.051
627.033	17.019
629.711	16.855
633.844	16.520
639.114	16.047
644.457	15.561
648.968	15.177
652.663	14.904
656.177	14.679
660.160	14.434
664.860	14.137
669.923	13.808
674.596	13.506
678.264	13.283
680.785	13.153
682.371	13.100
683.325	13.100
683.895	13.133
684.247	13.185
684.478	13.248
684.643	13.318
684.773	13.392
684.885	13.468
684.988	13.546
685.087	13.624
685.186	13.704
685.289	13.784
685.398	13.865
685.516	13.946
685.650	14.027
685.806	14.106
685.992	14.184
686.222	14.260
686.512	14.332
686.887	14.397
687.377	14.454
688.018	14.499
688.854	14.528
689.927	14.538
691.263	14.524
692.859	14.488
694.664	14.431
696.576	14.363
698.462	14.295
700.192	14.237
701.675	14.199
702.875	14.183
703.801	14.191
704.492	14.220
704.995	14.265
705.357	14.324
705.617	14.392
705.805	14.468
705.944	14.550
706.047	14.635
706.128	14.724
706.192	14.815
706.245	14.908
706.291	15.003
706.331	15.100
706.367	15.198
706.401	15.297
706.433	15.398
706.464	15.500
706.493	15.603
706.522	15.707
706.552	15.813
706.581	15.920
706.611	16.028
706.642	16.137
706.675	16.248
706.711	16.359
706.750	16.471
706.795	16.584
706.846	16.698
706.907	16.812
706.981	16.925
707.073	17.039
707.192	17.150
707.349	17.259
707.564	17.362
707.866	17.457
708.305	17.537
708.958	17.595
709.956	17.615
711.492	17.575
713.825	17.448
717.194	17.207
721.612	16.851
726.644	16.430
731.521	16.026
735.607	15.707
738.702	15.492
740.926	15.368
742.501	15.309
743.625	15.296
744.444	15.314
745.062	15.352
745.552	15.404
745.965	15.464
746.342	15.528
746.713	15.595
747.109	15.660
747.558	15.721
748.096	15.775
748.760	15.819
749.596	15.847
750.653	15.856
751.974	15.840
753.582	15.798
755.460	15.729
757.536	15.640
759.689	15.542
761.778	15.448
763.678	15.370
765.319	15.314
766.679	15.283
767.780	15.276
768.661	15.289
769.368	15.318
769.939	15.360
770.406	15.412
770.793	15.472
771.118	15.538
771.396	15.610
771.635	15.685
771.844	15.765
772.027	15.847
772.191	15.932
772.338	16.019
772.471	16.109
772.593	16.201
772.706	16.294
772.811	16.389
772.909	16.486
773.003	16.584
773.093	16.683
773.180	16.784
773.264	16.886
773.347	16.990
773.430	17.094
773.512	17.200
773.595	17.306
773.679	17.414
773.766	17.522
773.858	17.631
773.958	17.740
774.072	17.849
774.212	17.957
774.401	18.060
774.683	18.155
775.149	18.232
775.974	18.273
777.471	18.243
780.111	18.092
784.316	17.773
789.874	17.303
795.583	16.806
800.100	16.428
803.018	16.217
804.706	16.136
805.665	16.134
806.245	16.173
806.641	16.233
806.951	16.303
807.226	16.378
807.495	16.454
807.776	16.530
808.087	16.604
808.443	16.675
808.864	16.740
809.367	16.798
809.974	16.847
810.699	16.884
811.555	16.908
812.539	16.919
813.635	16.918
814.807	16.908
816.008	16.895
817.183	16.882
818.288	16.876
819.292	16.879
820.184	16.893
820.971	16.918
821.671	16.952
822.312	16.993
822.921	17.038
823.525	17.084
824.147	17.129
824.805	17.171
825.510	17.208
826.267	17.240
827.070	17.267
827.905	17.291
828.757	17.312
829.604	17.333
830.423	17.357
831.202	17.384
831.931	17.417
832.615	17.454
833.266	17.496
833.917	17.539
834.626	17.577
835.494	17.603
836.696	17.599
838.517	17.540
841.352	17.388
845.551	17.111
851.008	16.716
856.853	16.280
861.909	15.911
865.559	15.667
867.910	15.540
869.369	15.495
870.299	15.498
870.938	15.529
871.418	15.574
871.809	15.628
872.147	15.687
872.448	15.749
872.722	15.814
872.972	15.882
873.202	15.952
873.413	16.024
873.606	16.098
873.782	16.174
873.944	16.252
874.092	16.331
874.229	16.413
874.357	16.496
874.476	16.580
874.590	16.666
874.700	16.753
874.808	16.841
874.918	16.929
875.030	17.018
875.149	17.107
875.278	17.197
875.420	17.285
875.579	17.373
875.760	17.460
875.968	17.544
876.209	17.626
876.490	17.705
876.816	17.780
877.195	17.850
877.632	17.915
878.131	17.973
878.692	18.026
879.314	18.072
879.988	18.112
880.703	18.148
881.444	18.181
882.193	18.212
882.934	18.244
883.652	18.278
884.341	18.316
884.998	18.356
885.629	18.400
886.245	18.446
886.867	18.492
887.520	18.536
888.234	18.574
889.049	18.601
890.006	18.615
891.150	18.609
892.523	18.579
894.156	18.522
896.059	18.437
898.215	18.325
900.575	18.193
903.064	18.048
905.589	17.899
908.058	17.757
910.397	17.629
912.558	17.519
914.536	17.428
916.355	17.354
918.069	17.292
919.747	17.235
921.484	17.176
923.408	17.104
925.729	17.004
928.786	16.852
933.059	16.611
938.952	16.254
946.277	15.793
953.877	15.312
960.276	14.917
964.773	14.658
967.559	14.524
969.176	14.474
970.096	14.476
970.627	14.505
970.947	14.551
971.153	14.606
971.294	14.665
971.400	14.728
971.484	14.793
971.557	14.859
971.621	14.927
971.681	14.995
971.739	15.064
971.795	15.133
971.851	15.204
971.906	15.274
971.963	15.345
972.021	15.417
972.081	15.489
972.143	15.562
972.209	15.635
972.277	15.708
972.349	15.782
972.425	15.856
972.506	15.930
972.593	16.004
972.685	16.079
972.783	16.153
972.889	16.228
973.002	16.302
973.124	16.377
973.256	16.451
973.397	16.525
973.551	16.599
973.716	16.672
973.895	16.745
974.089	16.817
974.303	16.888
974.543	16.958
974.824	17.024
975.186	17.086
975.721	17.137
976.665	17.160
978.567	17.119
982.598	16.934
990.522	16.485
1002.970	15.724
1016.510	14.877
1026.340	14.272
1031.584	13.975
1033.956	13.873
1034.971	13.863
1035.416	13.892
1035.630	13.938
1035.748	13.991
1035.825	14.047
1035.882	14.104
1035.930	14.163
1035.971	14.222
1036.008	14.282
1036.042	14.343
1036.073	14.404
1036.103	14.466
1036.131	14.529
1036.158	14.592
1036.184	14.655
1036.209	14.720
1036.233	14.784
1036.256	14.849
1036.279	14.915
1036.301	14.981
1036.322	15.048
1036.343	15.115
1036.363	15.183
1036.383	15.252
1036.403	15.321
1036.422	15.390
1036.440	15.461
1036.458	15.531
1036.476	15.603
1036.493	15.675
1036.510	15.747
1036.527	15.820
1036.543	15.894
1036.559	15.968
1036.575	16.043
1036.591	16.119
1036.606	16.195
1036.621	16.271
1036.636	16.349
1036.650	16.427
1036.665	16.506
1036.679	16.585
1036.694	16.665
1036.708	16.746
1036.722	16.827
1036.736	16.909
1036.751	16.991
1036.766	17.075
1036.782	17.158
1036.800	17.243
1036.820	17.328
1036.845	17.413
1036.876	17.499
1036.920	17.584
1036.982	17.668
1037.078	17.751
1037.228	17.830
1037.471	17.903
1037.870	17.964
1038.529	18.005
1039.613	18.013
1041.358	17.969
1044.058	17.849
1047.967	17.633
1053.126	17.320
1059.244	16.939
1065.818	16.533
1072.415	16.140
1078.741	15.780
1084.516	15.466
1089.434	15.212
1093.302	15.026
1096.125	14.908
1098.071	14.845
1099.366	14.825
1100.217	14.832
1100.782	14.859
1101.168	14.897
1101.444	14.943
1101.654	14.994
1101.823	15.048
1101.969	15.103
1102.099	15.160
1102.219	15.218
1102.334	15.277
1102.445	15.336
1102.554	15.396
1102.661	15.457
1102.768	15.518
1102.876	15.579
1102.984	15.640
1103.094	15.702
1103.205	15.765
1103.320	15.827
1103.438	15.890
1103.560	15.953
1103.686	16.016
1103.818	16.079
1103.956	16.142
1104.101	16.205
1104.252	16.267
1104.412	16.330
1104.580	16.393
1104.756	16.455
1104.941	16.517
1105.136	16.579
1105.341	16.641
1105.555	16.702
1105.778	16.763
1106.011	16.823
1106.252	16.884
1106.501	16.944
1106.756	17.004
1107.018	17.063
1107.285	17.123
1107.557	17.182
1107.832	17.242
1108.112	17.301
1108.400	17.361
1108.702	17.420
1109.034	17.477
1109.428	17.530
1109.948	17.576
1110.724	17.604
1112.006	17.600
1114.240	17.531
1118.086	17.354
1124.163	17.025
1132.273	16.555
1140.835	16.048
1147.877	15.639
1152.610	15.384
1155.430	15.257
1157.056	15.212
1158.033	15.211
1158.682	15.232
1159.170	15.265
1159.579	15.303
1159.950	15.344
1160.304	15.386
1160.651	15.430
1160.997	15.473
1161.346	15.517
1161.701	15.560
1162.065	15.603
1162.440	15.646
1162.828	15.688
1163.230	15.730
1163.648	15.770
1164.083	15.810
1164.534	15.849
1165.002	15.887
1165.485	15.924
1165.981	15.960
1166.490	15.996
1167.006	16.031
1167.527	16.066
1168.050	16.101
1168.569	16.136
1169.082	16.172
1169.583	16.208
1170.072	16.246
1170.544	16.284
1171.000	16.324
1171.439	16.365
1171.862	16.407
1172.273	16.450
1172.675	16.494
1173.075	16.538
1173.483	16.582
1173.909	16.626
1174.369	16.667
1174.882	16.706
1175.472	16.739
1176.167	16.767
1177.001	16.785
1178.011	16.792
1179.228	16.786
1180.676	16.764
1182.355	16.726
1184.239	16.675
1186.263	16.613
1188.337	16.546
1190.358	16.483
1192.238	16.427
1193.914	16.384
1195.360	16.356
1196.579	16.343
1197.595	16.344
1198.439	16.355
1199.146	16.377
1199.745	16.405
1200.265	16.439
1200.723	16.478
1201.139	16.519
1201.524	16.563
1201.888	16.609
1202.240	16.655
1202.586	16.703
1202.933	16.750
1203.285	16.798
1203.648	16.845
1204.025	16.892
1204.419	16.937
1204.833	16.982
1205.270	17.025
1205.729	17.066
1206.212	17.106
1206.716	17.145
1207.239	17.183
1207.777	17.219
1208.327	17.255
1208.884	17.290
1209.443	17.325
1210.002	17.360
1210.558	17.395
1211.112	17.431
1211.671	17.467
1212.242	17.502
1212.843	17.535
1213.500	17.565
1214.246	17.589
1215.126	17.604
1216.197	17.607
1217.518	17.593
1219.140	17.557
1221.088	17.499
1223.328	17.420
1225.768	17.326
1228.246	17.228
1230.590	17.137
1232.658	17.063
1234.370	17.014
1235.718	16.989
1236.739	16.987
1237.490	17.003
1238.036	17.035
1238.431	17.077
1238.717	17.127
1238.929	17.184
1239.091	17.244
1239.219	17.307
1239.327	17.372
1239.425	17.438
1239.524	17.505
1239.634	17.572
1239.771	17.638
1239.959	17.700
1240.237	17.758
1240.671	17.806
1241.370	17.837
1242.501	17.841
1244.306	17.801
1247.062	17.697
1250.958	17.518
1255.868	17.269
1261.205	16.987
1266.132	16.728
1270.035	16.534
1272.766	16.416
1274.518	16.361
1275.581	16.353
1276.207	16.375
1276.574	16.414
1276.790	16.464
1276.922	16.520
1277.006	16.579
1277.064	16.641
1277.107	16.704
1277.142	16.769
1277.172	16.834
1277.200	16.899
1277.226	16.965
1277.251	17.032
1277.276	17.099
1277.301	17.167
1277.326	17.235
1277.351	17.303
1277.375	17.372
1277.400	17.441
1277.426	17.511
1277.451	17.582
1277.477	17.652
1277.503	17.723
1277.530	17.795
1277.558	17.867
1277.587	17.939
1277.619	18.012
1277.658	18.085
1277.709	18.157
1277.787	18.229
1277.924	18.297
1278.192	18.358
1278.745	18.401
1279.915	18.407
1282.353	18.334
1287.125	18.113
1295.238	17.680
1306.126	17.065
1316.798	16.454
1324.466	16.027
1328.836	15.806
1331.022	15.724
1332.065	15.715
1332.577	15.740
1332.854	15.780
1333.032	15.828
1333.169	15.878
1333.291	15.930
1333.410	15.982
1333.531	16.035
1333.658	16.087
1333.793	16.140
1333.940	16.192
1334.101	16.243
1334.279	16.294
1334.477	16.344
1334.700	16.393
1334.954	16.441
1335.242	16.487
1335.570	16.530
1335.945	16.572
1336.372	16.610
1336.858	16.645
1337.406	16.677
1338.020	16.705
1338.701	16.729
1339.444	16.749
1340.245	16.765
1341.093	16.779
1341.974	16.790
1342.873	16.800
1343.771	16.810
1344.653	16.821
1345.502	16.833
1346.308	16.848
1347.064	16.865
1347.767	16.886
1348.420	16.910
1349.028	16.937
1349.603	16.966
1350.157	16.997
1350.709	17.028
1351.282	17.058
1351.906	17.086
1352.621	17.109
1353.478	17.124
1354.552	17.128
1355.944	17.113
1357.792	17.073
1360.278	16.999
1363.613	16.878
1367.985	16.701
1373.442	16.466
1379.751	16.187
1386.355	15.894
1392.555	15.624
1397.808	15.403
1401.900	15.243
1404.898	15.139
1407.012	15.081
1408.471	15.057
1409.468	15.056
1410.147	15.071
1410.613	15.098
1410.936	15.132
1411.163	15.171
1411.327	15.214
1411.449	15.259
1411.543	15.305
1411.620	15.353
1411.684	15.402
1411.742	15.452
1411.797	15.502
1411.851	15.552
1411.905	15.603
1411.964	15.654
1412.026	15.705
1412.096	15.755
1412.175	15.806
1412.267	15.856
1412.373	15.906
1412.500	15.955
1412.651	16.003
1412.832	16.050
1413.052	16.096
1413.318	16.139
1413.641	16.179
1414.032	16.217
1414.504	16.250
1415.071	16.278
1415.743	16.301
1416.532	16.318
1417.441	16.328
1418.470	16.332
1419.606	16.330
1420.830	16.323
1422.111	16.312
1423.409	16.300
1424.688	16.289
1425.909	16.280
1427.040	16.275
1428.064	16.276
1428.969	16.283
1429.761	16.297
1430.446	16.316
1431.046	16.340
1431.585	16.367
1432.096	16.397
1432.626	16.427
1433.237	16.453
1434.025	16.472
1435.132	16.476
1436.768	16.455
1439.217	16.395
1442.802	16.281
1447.752	16.100
1453.976	15.857
1460.878	15.579
1467.534	15.311
1473.161	15.091
1477.431	14.934
1480.459	14.837
1482.543	14.785
1483.981	14.764
1485.007	14.763
1485.770	14.774
1486.368	14.793
1486.855	14.818
1487.269	14.846
1487.627	14.877
1487.943	14.910
1488.224	14.944
1488.475	14.980
1488.701	15.017
1488.905	15.056
1489.090	15.095
1489.256	15.136
1489.409	15.177
1489.549	15.219
1489.678	15.262
1489.799	15.305
1489.913	15.349
1490.024	15.393
1490.134	15.438
1490.246	15.482
1490.366	15.527
1490.497	15.572
1490.649	15.615
1490.831	15.658
1491.057	15.699
1491.346	15.738
1491.724	15.773
1492.224	15.802
1492.892	15.824
1493.783	15.837
1494.961	15.836
1496.495	15.820
1498.442	15.784
1500.823	15.728
1503.607	15.653
1506.686	15.564
1509.881	15.468
1512.991	15.374
1515.827	15.292
1518.272	15.227
1520.277	15.181
1521.862	15.155
1523.083	15.145
1524.009	15.148
1524.708	15.163
1525.238	15.185
1525.645	15.213
1525.963	15.246
1526.217	15.282
1526.427	15.320
1526.604	15.360
1526.757	15.401
1526.892	15.443
1527.014	15.486
1527.126	15.530
1527.230	15.574
1527.327	15.619
1527.420	15.664
1527.508	15.710
1527.592	15.756
1527.674	15.803
1527.753	15.850
1527.831	15.897
1527.907	15.944
1527.982	15.992
1528.058	16.040
1528.133	16.088
1528.208	16.137
1528.284	16.186
1528.362	16.234
1528.441	16.283
1528.524	16.333
1528.609	16.382
1528.697	16.431
1528.791	16.481
1528.889	16.530
1528.994	16.579
1529.105	16.629
1529.225	16.678
1529.355	16.726
1529.497	16.775
1529.652	16.823
1529.824	16.870
1530.015	16.917
1530.229	16.962
1530.470	17.007
1530.743	17.050
1531.053	17.091
1531.409	17.130
1531.816	17.166
1532.284	17.199
1532.821	17.229
1533.436	17.254
1534.137	17.275
1534.928	17.291
1535.816	17.302
1536.796	17.308
1537.865	17.308
1539.011	17.304
1540.222	17.297
1541.481	17.286
1542.788	17.273
1544.164	17.257
1545.677	17.235
1547.500	17.200
1549.983	17.136
1553.771	17.014
1559.867	16.792
1569.304	16.422
1582.053	15.908
1595.969	15.343
1607.979	14.865
1616.560	14.538
1622.098	14.346
1625.625	14.241
1627.980	14.187
1629.670	14.160
1630.963	14.150
1631.995	14.150
1632.841	14.158
1633.543	14.171
1634.129	14.188
1634.618	14.209
1635.028	14.233
1635.372	14.259
1635.660	14.288
1635.903	14.318
1636.110	14.350
1636.285	14.383
1636.434	14.418
1636.563	14.453
1636.675	14.489
1636.772	14.526
1636.857	14.564
1636.933	14.602
1637.000	14.641
1637.061	14.680
1637.116	14.719
1637.166	14.759
1637.212	14.799
1637.255	14.840
1637.295	14.880
1637.332	14.921
1637.368	14.963
1637.402	15.004
1637.434	15.046
1637.465	15.088
1637.496	15.131
1637.525	15.173
1637.555	15.216
1637.584	15.259
1637.613	15.303
1637.642	15.346
1637.672	15.390
1637.703	15.434
1637.735	15.478
1637.768	15.522
1637.804	15.566
1637.843	15.610
1637.885	15.655
1637.932	15.699
1637.984	15.744
1638.044	15.788
1638.112	15.833
1638.192	15.876
1638.286	15.920
1638.396	15.963
1638.528	16.006
1638.688	16.047
1638.880	16.087
1639.115	16.126
1639.401	16.162
1639.750	16.196
1640.176	16.227
1640.696	16.253
1641.324	16.275
1642.082	16.291
1642.984	16.301
1644.042	16.304
1645.265	16.299
1646.644	16.287
1648.167	16.267
1649.799	16.243
1651.495	16.215
1653.203	16.186
1654.870	16.158
1656.448	16.134
1657.895	16.116
1659.191	16.104
1660.329	16.099
1661.308	16.102
1662.141	16.111
1662.844	16.126
1663.433	16.146
1663.928	16.171
1664.344	16.200
1664.696	16.232
1664.997	16.266
1665.255	16.303
1665.481	16.341
1665.680	16.381
1665.859	16.421
1666.023	16.463
1666.175	16.506
1666.321	16.549
1666.465	16.592
1666.611	16.636
1666.766	16.679
1666.938	16.722
1667.138	16.764
1667.382	16.804
1667.696	16.841
1668.113	16.874
1668.688	16.900
1669.499	16.916
1670.653	16.917
1672.291	16.896
1674.581	16.846
1677.679	16.759
1681.651	16.633
1686.397	16.471
1691.583	16.287
1696.727	16.104
1701.378	15.943
1705.253	15.815
1708.311	15.723
1710.648	15.664
1712.432	15.630
1713.824	15.614
1714.953	15.610
1715.912	15.613
1716.765	15.621
1717.551	15.633
1718.293	15.646
1719.006	15.661
1719.693	15.677
1720.358	15.693
1721.002	15.711
1721.620	15.730
1722.211	15.750
1722.775	15.771
1723.309	15.793
1723.812	15.816
1724.285	15.841
1724.728	15.867
1725.142	15.895
1725.530	15.923
1725.893	15.953
1726.234	15.984
1726.557	16.016
1726.865	16.048
1727.162	16.081
1727.452	16.115
1727.741	16.149
1728.033	16.182
1728.336	16.216
1728.657	16.249
1729.002	16.281
1729.383	16.312
1729.808	16.341
1730.288	16.368
1730.836	16.392
1731.465	16.412
1732.184	16.429
1733.004	16.441
1733.934	16.449
1734.971	16.451
1736.113	16.449
1737.348	16.443
1738.652	16.433
1739.997	16.421
1741.351	16.409
1742.676	16.397
1743.943	16.387
1745.122	16.382
1746.196	16.380
1747.152	16.384
1747.989	16.393
1748.710	16.407
1749.324	16.425
1749.842	16.449
1750.274	16.476
1750.635	16.506
1750.937	16.540
1751.190	16.576
1751.402	16.614
1751.583	16.653
1751.738	16.694
1751.873	16.736
1751.993	16.779
1752.102	16.823
1752.202	16.867
1752.297	16.912
1752.387	16.957
1752.476	17.003
1752.565	17.049
1752.654	17.094
1752.745	17.141
1752.840	17.187
1752.938	17.233
1753.041	17.279
1753.151	17.325
1753.267	17.371
1753.391	17.417
1753.523	17.462
1753.665	17.507
1753.817	17.552
1753.980	17.597
1754.156	17.641
1754.345	17.685
1754.546	17.728
1754.763	17.770
1754.993	17.812
1755.239	17.854
1755.502	17.895
1755.779	17.935
1756.071	17.974
1756.378	18.013
1756.701	18.051
1757.035	18.089
1757.381	18.126
1757.739	18.162
1758.105	18.198
1758.478	18.234
1758.856	18.270
1759.238	18.305
1759.620	18.341
1760.002	18.377
1760.382	18.413
1760.759	18.449
1761.130	18.485
1761.495	18.522
1761.854	18.560
1762.206	18.598
1762.551	18.636
1762.889	18.675
1763.219	18.714
1763.544	18.754
1763.862	18.795
1764.175	18.835
1764.485	18.876
1764.793	18.918
1765.100	18.959
1765.412	19.001
1765.732	19.042
1766.068	19.083
1766.432	19.122
1766.841	19.159
1767.324	19.192
1767.919	19.220
1768.689	19.238
1769.720	19.242
1771.134	19.226
1773.087	19.181
1775.774	19.096
1779.447	18.961
1784.495	18.759
1791.716	18.460
1802.673	18.005
1819.206	17.330
1840.499	16.473
1860.947	15.666
1875.270	15.117
1883.251	14.830
1887.194	14.707
1889.078	14.667
1890.007	14.666
1890.507	14.683
1890.819	14.708
1891.048	14.736
1891.241	14.765
1891.417	14.796
1891.588	14.827
1891.755	14.858
1891.921	14.889
1892.087	14.920
1892.252	14.951
1892.419	14.983
1892.584	15.014
1892.750	15.046
1892.916	15.078
1893.082	15.110
1893.248	15.142
1893.414	15.174
1893.579	15.206
1893.745	15.239
1893.911	15.271
1894.076	15.304
1894.242	15.336
1894.408	15.369
1894.574	15.402
1894.741	15.435
1894.908	15.468
1895.077	15.501
1895.248	15.535
1895.422	15.568
1895.599	15.601
1895.780	15.634
1895.968	15.668
1896.165	15.701
1896.372	15.733
1896.593	15.766
1896.833	15.797
1897.097	15.828
1897.392	15.858
1897.725	15.887
1898.109	15.914
1898.556	15.939
1899.081	15.961
1899.703	15.980
1900.442	15.994
1901.323	16.003
1902.363	16.006
1903.585	16.003
1905.004	15.991
1906.617	15.973
1908.411	15.947
1910.361	15.916
1912.411	15.879
1914.495	15.842
1916.547	15.805
1918.503	15.771
1920.302	15.742
1921.912	15.721
1923.313	15.707
1924.504	15.701
1925.499	15.702
1926.318	15.710
1926.983	15.723
1927.520	15.742
1927.949	15.765
1928.293	15.792
1928.567	15.821
1928.786	15.852
1928.963	15.885
1929.105	15.920
1929.221	15.956
1929.316	15.993
1929.394	16.031
1929.460	16.069
1929.517	16.108
1929.565	16.148
1929.608	16.187
1929.645	16.228
1929.679	16.268
1929.710	16.309
1929.739	16.350
1929.767	16.391
1929.793	16.433
1929.819	16.475
1929.843	16.517
1929.868	16.559
1929.893	16.601
1929.918	16.644
1929.943	16.686
1929.969	16.729
1929.995	16.772
1930.023	16.816
1930.051	16.859
1930.081	16.902
1930.112	16.946
1930.144	16.990
1930.179	17.033
1930.215	17.077
1930.254	17.121
1930.295	17.165
1930.338	17.209
1930.385	17.254
1930.435	17.298
1930.488	17.342
1930.546	17.387
1930.608	17.431
1930.675	17.475
1930.747	17.519
1930.826	17.564
1930.911	17.608
1931.003	17.651
1931.103	17.695
1931.212	17.739
1931.331	17.782
1931.461	17.825
1931.602	17.867
1931.756	17.909
1931.924	17.951
1932.107	17.992
1932.306	18.032
1932.523	18.072
1932.758	18.111
1933.013	18.149
1933.290	18.187
1933.588	18.223
1933.910	18.258
1934.256	18.293
1934.627	18.326
1935.022	18.358
1935.444	18.389
1935.892	18.419
1936.366	18.447
1936.868	18.474
1937.399	18.500
1937.960	18.524
1938.556	18.547
1939.192	18.568
1939.873	18.586
1940.611	18.602
1941.419	18.615
1942.314	18.623
1943.318	18.627
1944.458	18.623
1945.763	18.612
1947.268	18.592
1949.004	18.560
1950.993	18.516
1953.246	18.460
1955.753	18.391
1958.470	18.313
1961.331	18.227
1964.248	18.139
1967.126	18.052
1969.879	17.971
1972.441	17.900
1974.780	17.838
1976.877	17.788
1978.744	17.749
1980.397	17.720
1981.859	17.700
1983.158	17.688
1984.311	17.682
1985.343	17.682
1986.266	17.686
1987.099	17.695
1987.846	17.708
1988.522	17.724
1989.129	17.743
1989.676	17.765
1990.167	17.790
1990.607	17.817
1991.000	17.846
1991.351	17.878
1991.662	17.911
1991.938	17.946
1992.183	17.982
1992.398	18.020
1992.588	18.059
1992.755	18.100
1992.901	18.142
1993.030	18.184
1993.142	18.228
1993.241	18.272
1993.327	18.318
1993.403	18.363
1993.469	18.410
1993.527	18.457
1993.578	18.505
1993.622	18.553
1993.662	18.602
1993.697	18.651
1993.728	18.700
1993.755	18.750
1993.779	18.801
1993.801	18.851
1993.821	18.902
1993.839	18.954
1993.855	19.005
1993.869	19.057
1993.883	19.109
1993.895	19.162
1993.906	19.215
1993.917	19.268
1993.926	19.321
1993.935	19.375
1993.944	19.428
1993.952	19.483
1993.960	19.537
1993.967	19.592
1993.974	19.646
1993.980	19.702
1993.987	19.757
1993.993	19.813
1993.999	19.869
1994.005	19.925
1994.011	19.981
1994.016	20.038
1994.022	20.095
1994.027	20.152
1994.032	20.210
1994.037	20.268
1994.042	20.326
1994.047	20.384
1994.052	20.443
1994.057	20.501
1994.062	20.561
1994.067	20.620
1994.072	20.680
1994.077	20.739
1994.081	20.800
1994.086	20.860
1994.091	20.921
1994.095	20.982
1994.100	21.043
1994.105	21.105
1994.109	21.166
1994.114	21.229
1994.119	21.291
1994.123	21.354
1994.128	21.417
1994.133	21.480
1994.137	21.543
1994.142	21.607
1994.147	21.671
1994.151	21.736
1994.156	21.800
1994.161	21.865
1994.165	21.931
1994.170	21.996
1994.175	22.062
1994.180	22.128
1994.184	22.195
1994.189	22.261
1994.194	22.328
1994.199	22.396
1994.204	22.463
1994.208	22.531
1994.213	22.600
1994.218	22.668
1994.223	22.737
1994.228	22.806
1994.233	22.876
1994.238	22.945
1994.243	23.016
1994.248	23.086
1994.253	23.157
1994.258	23.228
1994.263	23.299
1994.268	23.371
1994.273	23.443
1994.279	23.515
1994.284	23.588
1994.289	23.661
1994.294	23.734
1994.300	23.808
1994.305	23.882
1994.310	23.956
1994.315	24.031
1994.321	24.106
1994.326	24.181
1994.332	24.257
1994.337	24.333
1994.343	24.409
1994.348	24.486
1994.354	24.563
1994.359	24.640
1994.365	24.718
1994.370	24.796
1994.376	24.874
1994.381	24.953
1994.387	25.032
1994.393	25.112
1994.398	25.191
1994.404	25.272
1994.410	25.352
1994.416	25.433
1994.422	25.514
1994.427	25.596
1994.433	25.678
1994.439	25.760
1994.445	25.843
1994.451	25.926
1994.457	26.009
1994.463	26.093
1994.468	26.177
1994.474	26.262
1994.480	26.346
1994.486	26.432
1994.492	26.517
1994.498	26.603
1994.504	26.690
1994.510	26.777
1994.516	26.864
1994.522	26.951
1994.528	27.039
1994.534	27.127
1994.540	27.216
1994.546	27.305
1994.553	27.395
1994.559	27.484
1994.565	27.575
1994.571	27.665
1994.577	27.756
1994.583	27.848
1994.589	27.940
1994.595	28.032
1994.601	28.124
1994.606	28.217
1994.613	28.311
1994.618	28.405
1994.624	28.499
1994.630	28.593
1994.636	28.689
1994.642	28.784
1994.648	28.880
1994.654	28.976
1994.659	29.073
1994.665	29.170
1994.671	29.267
1994.677	29.365
1994.682	29.464
1994.688	29.562
1994.693	29.662
1994.699	29.761
1994.704	29.861
1994.710	29.962
1994.715	30.063
1994.721	30.164
1994.726	30.266
1994.731	30.368
1994.737	30.471
1994.742	30.574
1994.747	30.677
1994.752	30.781
1994.757	30.885
1994.762	30.990
1994.767	31.095
1994.772	31.201
1994.777	31.307
1994.782	31.414
1994.786	31.521
1994.791	31.628
1994.796	31.736
1994.800	31.844
1994.805	31.953
1994.809	32.062
1994.814	32.172
1994.818	32.282
1994.822	32.393
1994.826	32.504
1994.831	32.615
1994.835	32.727
1994.839	32.839
1994.843	32.952
1994.846	33.066
1994.850	33.179
1994.854	33.294
1994.858	33.408
1994.861	33.523
1994.865	33.639
1994.868	33.755
1994.872	33.871
1994.875	33.988
1994.879	34.106
1994.882	34.224
1994.885	34.342
1994.888	34.461
1994.891	34.580
1994.894	34.700
1994.897	34.820
1994.900	34.941
1994.903	35.062
1994.906	35.184
1994.908	35.306
1994.911	35.428
1994.913	35.552
1994.916	35.675
1994.918	35.799
1994.921	35.923
1994.923	36.048
1994.925	36.174
1994.928	36.300
1994.930	36.426
1994.932	36.553
1994.934	36.680
1994.936	36.808
1994.938	36.936
1994.940	37.065
1994.942	37.194
1994.944	37.324
1994.946	37.454
1994.947	37.584
1994.949	37.715
1994.951	37.847
1994.952	37.979
1994.954	38.112
1994.955	38.245
1994.957	38.378
1994.958	38.512
1994.960	38.646
1994.961	38.781
1994.962	38.917
1994.964	39.052
1994.965	39.189
1994.966	39.325
1994.967	39.463
1994.968	39.600
1994.969	39.739
1994.970	39.877
1994.972	40.016
1994.973	40.156
1994.974	40.296
1994.974	40.437
1994.975	40.578
1994.976	40.719
1994.977	40.861
1994.978	41.004
1994.979	41.147
1994.980	41.290
1994.980	41.434
1994.981	41.578
1994.982	41.723
1994.982	41.868
1994.983	42.014
1994.984	42.160
1994.984	42.307
1994.985	42.454
1994.985	42.602
1994.986	42.750
1994.987	42.898
1994.987	43.047
1994.988	43.197
1994.988	43.347
1994.989	43.497
1994.989	43.648
1994.989	43.799
1994.990	43.951
1994.990	44.103
1994.991	44.256
1994.991	44.409
1994.991	44.563
1994.992	44.717
1994.992	44.872
1994.992	45.027
1994.993	45.182
1994.993	45.338
1994.993	45.494
1994.994	45.651
1994.994	45.808
1994.994	45.966
1994.994	46.124
1994.995	46.283
1994.995	46.442
1994.995	46.601
1994.995	46.761
1994.995	46.922
1994.996	47.083
1994.996	47.244
1994.996	47.406
1994.996	47.568
1994.996	47.731
1994.996	47.894
1994.997	48.057
1994.997	48.221
1994.997	48.386
1994.997	48.550
1994.997	48.716
1994.997	48.881
1994.997	49.048
1994.998	49.214
1994.998	49.381
1994.998	49.549
1994.998	49.716
1994.998	49.885
1994.998	50.054
1994.998	50.223
1994.998	50.392
1994.998	50.562
1994.998	50.733
1994.998	50.904
1994.998	51.075
1994.999	51.246
1994.999	51.419
1994.999	51.591
1994.999	51.764
1994.999	51.937
1994.999	52.111
1994.999	52.285
1994.999	52.460
1994.999	52.635
1994.999	52.810
1994.999	52.986
1994.999	53.162
1994.999	53.339
1994.999	53.516
1994.999	53.694
1994.999	53.871
1994.999	54.050
1994.999	54.228
1994.999	54.407
1994.999	54.587
1994.999	54.767
1994.999	54.947
1995.000	55.127
1995.000	55.308
1995.000	55.490
1995.000	55.672
1995.000	55.854
1995.000	56.036
1995.000	56.219
1995.000	56.403
1995.000	56.586
1995.000	56.770
1995.000	56.955
1995.000	57.140
1995.000	57.325
1995.000	57.511
1995.000	57.696
1995.000	57.883
1995.000	58.070
1995.000	58.257
1995.000	58.444
1995.000	58.632
1995.000	58.820
1995.000	59.009
1995.000	59.198
1995.000	59.387
1995.000	59.576
1995.000	59.766
1995.000	59.957
1995.000	60.147
1995.000	60.339
1995.000	60.530
1995.000	60.722
1995.000	60.914
1995.000	61.106
1995.000	61.299
1995.000	61.492
1995.000	61.686
1995.000	61.880
1995.000	62.074
1995.000	62.268
1995.000	62.463
1995.000	62.658
1995.000	62.854
1995.000	63.050
1995.000	63.246
1995.000	63.442
1995.000	63.639
1995.000	63.836
1995.000	64.034
1995.000	64.232
1995.000	64.430
1995.000	64.628
1995.000	64.827
1995.000	65.026
1995.000	65.226
1995.000	65.426
1995.000	65.626
1995.000	65.826
1995.000	66.027
1995.000	66.228
1995.000	66.429
1995.000	66.631
1995.000	66.833
1995.000	67.035
1995.000	67.238
1995.000	67.440
1995.000	67.644
1995.000	67.847
1995.000	68.051
1995.000	68.255
1995.000	68.459
1995.000	68.664
1995.000	68.869
1995.000	69.074
1995.000	69.280
1995.000	69.485
1995.000	69.692
1995.000	69.898
1995.000	70.105
1995.000	70.312
1995.000	70.519
1995.000	70.726
1995.000	70.934
1995.000	71.142
1995.000	71.351
1995.000	71.559
1995.000	71.768
1995.000	71.978
1995.000	72.187
1995.000	72.397
1995.000	72.607
1995.000	72.817
1995.000	73.028
1995.000	73.238
1995.000	73.449
1995.000	73.661
1995.000	73.872
1995.000	74.084
1995.000	74.296
1995.000	74.509
1995.000	74.721
1995.000	74.934
1995.000	75.147
1995.000	75.361
1995.000	75.575
1995.000	75.788
1995.000	76.003
1995.000	76.217
1995.000	76.432
1995.000	76.647
1995.000	76.862
1995.000	77.077
1995.000	77.293
1995.000	77.509
1995.000	77.725
1995.000	77.941
1995.000	78.158
1995.000	78.374
1995.000	78.591
1995.000	78.809
1995.000	79.026
1995.000	79.244
1995.000	79.462
1995.000	79.680
1995.000	79.899
1995.000	80.117
1995.000	80.336
1995.000	80.555
1995.000	80.775
1995.000	80.994
1995.000	81.214
1995.000	81.434
1995.000	81.654
1995.000	81.875
1995.000	82.095
1995.000	82.316
1995.000	82.537
1995.000	82.759
1995.000	82.980
1995.000	83.202
1995.000	83.424
1995.000	83.646
1995.000	83.868
1995.000	84.091
1995.000	84.314
1995.000	84.537
1995.000	84.760
1995.000	84.983
1995.000	85.207
1995.000	85.430
1995.000	85.654
1995.000	85.879
1995.000	86.103
1995.000	86.327
1995.000	86.552
1995.000	86.777
1995.000	87.002
1995.000	87.228
1995.000	87.453
1995.000	87.679
1995.000	87.905
1995.000	88.131
1995.000	88.357
1995.000	88.584
1995.000	88.810
1995.000	89.037
1995.000	89.264
1995.000	89.491
1995.000	89.719
1995.000	89.946
1995.000	90.174
1995.000	90.402
1995.000	90.630
1995.000	90.858
1995.000	91.087
1995.000	91.316
1995.000	91.544
1995.000	91.773
1995.000	92.002
1995.000	92.232
1995.000	92.461
1995.000	92.691
1995.000	92.921
1995.000	93.151
1995.000	93.381
1995.000	93.611
1995.000	93.842
1995.000	94.072
1995.000	94.303
1995.000	94.534
1995.000	94.765
1995.000	94.997
1995.000	95.228
1995.000	95.460
1995.000	95.692
1995.000	95.924
1995.000	96.156
1995.000	96.388
1995.000	96.620
1995.000	96.853
1995.000	97.086
1995.000	97.318
1995.000	97.551
1995.000	97.785
1995.000	98.018
1995.000	98.251
1995.000	98.485
1995.000	98.719
1995.000	98.953
1995.000	99.187
1995.000	99.421
1995.000	99.655
1995.000	99.890
1995.000	100.125
1995.000	100.359
1995.000	100.594
1995.000	100.829
1995.000	101.065
1995.000	101.300
1995.000	101.535
1995.000	101.771
1995.000	102.007
1995.000	102.243
1995.000	102.479
1995.000	102.715
1995.000	102.951
1995.000	103.188
1995.000	103.424
1995.000	103.661
1995.000	103.898
1995.000	104.135
1995.000	104.372
1995.000	104.609
1995.000	104.847
1995.000	105.084
1995.000	105.322
1995.000	105.559
1995.000	105.797
1995.000	106.035
1995.000	106.273
1995.000	106.512
1995.000	106.750
1995.000	106.989
1995.000	107.227
1995.000	107.466
1995.000	107.705
1995.000	107.944
1995.000	108.183
1995.000	108.422
1995.000	108.661
1995.000	108.901
1995.000	109.140
1995.000	109.380
1995.000	109.620
1995.000	109.860
1995.000	110.100
1995.000	110.340
1995.000	110.580
1995.000	110.821
1995.000	111.061
1995.000	111.302
1995.000	111.543
1995.000	111.783
1995.000	112.024
1995.000	112.265
1995.000	112.507
1995.000	112.748
1995.000	112.989
1995.000	113.231
1995.000	113.472
1995.000	113.714
1995.000	113.956
1995.000	114.198
1995.000	114.440
1995.000	114.682
1995.000	114.924
1995.000	115.167
1995.000	115.409
1995.000	115.652
1995.000	115.894
1995.000	116.137
1995.000	116.380
1995.000	116.623
1995.000	116.866
1995.000	117.109
1995.000	117.352
1995.000	117.596
1995.000	117.839
1995.000	118.083
1995.000	118.326
1995.000	118.570
1995.000	118.814
1995.000	119.058
1995.000	119.302
1995.000	119.546
1995.000	119.790
1995.000	120.034
1995.000	120.279
1995.000	120.523
1995.000	120.768
1995.000	121.013
1995.000	121.257
1995.000	121.502
1995.000	121.747
1995.000	121.992
1995.000	122.237
1995.000	122.483
1995.000	122.728
1995.000	122.973
1995.000	123.219
1995.000	123.464
1995.000	123.710
1995.000	123.956
1995.000	124.202
1995.000	124.448
1995.000	124.694
1995.000	124.940
1995.000	125.186
1995.000	125.432
1995.000	125.678
1995.000	125.925
1995.000	126.171
1995.000	126.418
1995.000	126.665
1995.000	126.911
1995.000	127.158
1995.000	127.405
1995.000	127.652
1995.000	127.899
1995.000	128.146
1995.000	128.394
1995.000	128.641
1995.000	128.888
1995.000	129.136
1995.000	129.383
1995.000	129.631
1995.000	129.879
1995.000	130.127
1995.000	130.374
1995.000	130.622
1995.000	130.870
1995.000	131.119
1995.000	131.367
1995.000	131.615
1995.000	131.863
1995.000	132.112
1995.000	132.360
1995.000	132.609
1995.000	132.857
1995.000	133.106
1995.000	133.355
1995.000	133.604
1995.000	133.852
1995.000	134.101
1995.000	134.350
1995.000	134.600
1995.000	134.849
