<j>	<F>
1.374	16.465
2.059	22.921
4.003	12.087
5.012	12.231
5.750	14.223
6.268	21.440
8.284	12.591
8.876	15.074
9.535	20.163
11.443	13.547
11.942	16.046
12.526	20.404
14.052	17.047
15.437	17.093
17.196	13.111
17.737	14.549
18.270	16.866
19.483	17.235
20.672	15.679
20.977	18.318
21.222	22.568
21.813	25.927
22.973	25.462
25.570	18.849
27.068	16.086
27.930	16.933
29.263	16.312
30.221	16.271
31.143	16.879
32.338	16.473
33.045	17.008
33.556	18.502
34.307	19.471
35.110	20.127
36.270	20.379
38.466	17.465
39.705	16.664
40.683	16.858
41.512	17.113
41.905	18.325
42.103	20.352
42.329	22.738
42.772	24.837
43.856	25.062
46.309	21.333
48.831	17.992
50.989	16.125
52.395	15.353
53.128	15.677
53.751	16.314
54.500	16.807
55.241	17.219
55.733	17.989
55.995	19.285
56.190	20.936
56.495	22.627
57.246	23.529
58.798	22.460
60.486	21.126
63.241	18.834
66.097	15.954
66.981	15.860
67.558	16.466
68.611	16.699
70.443	16.055
72.255	15.180
73.200	15.100
73.612	15.643
73.889	16.431
74.261	17.240
75.033	17.742
76.642	17.371
78.768	16.275
80.325	15.666
81.315	15.654
82.010	15.923
82.463	16.429
82.729	17.167
82.893	18.093
83.026	19.157
83.206	20.288
83.695	21.211
85.568	20.638
89.186	17.705
90.941	16.603
91.538	16.941
92.123	17.411
92.936	17.691
93.926	17.763
94.839	17.846
95.486	18.169
95.913	18.752
96.300	19.457
96.974	19.984
98.683	19.594
101.821	17.760
104.342	16.354
105.857	15.989
107.561	15.678
109.717	15.053
111.557	14.520
112.660	14.415
113.344	14.601
113.945	14.874
114.605	15.130
115.335	15.343
116.083	15.537
116.786	15.751
117.420	16.012
118.001	16.316
118.557	16.646
119.094	16.997
119.596	17.378
120.045	17.808
120.439	18.298
120.793	18.844
121.126	19.434
121.457	20.057
121.830	20.684
122.434	21.177
124.064	20.920
127.932	18.850
131.438	16.844
132.775	16.475
133.367	16.711
133.828	17.069
134.271	17.455
134.723	17.851
135.225	18.235
135.866	18.549
136.792	18.691
138.162	18.539
139.982	18.075
141.931	17.499
143.555	17.098
144.673	16.998
145.393	17.149
145.880	17.457
146.237	17.862
146.515	18.337
146.739	18.872
146.954	19.450
147.344	19.983
148.863	19.976
154.356	17.833
160.800	14.892
162.772	14.219
163.172	14.411
163.329	14.754
163.444	15.134
163.545	15.539
163.637	15.967
163.723	16.418
163.809	16.891
163.897	17.386
163.992	17.902
164.104	18.434
164.243	18.977
164.426	19.519
164.679	20.042
165.037	20.516
165.550	20.902
166.310	21.135
167.603	21.054
170.301	20.191
174.946	18.240
178.835	16.647
180.634	16.176
181.570	16.195
182.403	16.302
183.394	16.359
184.603	16.324
185.938	16.220
187.192	16.128
188.181	16.128
188.858	16.253
189.282	16.492
189.540	16.815
189.705	17.197
189.822	17.618
189.924	18.067
190.040	18.532
190.224	18.988
190.607	19.377
191.543	19.532
193.754	19.095
197.486	17.902
200.972	16.758
203.049	16.260
204.387	16.133
205.648	16.078
207.111	15.965
208.792	15.772
210.497	15.555
211.978	15.398
213.131	15.348
214.017	15.393
214.767	15.493
215.514	15.605
216.357	15.695
217.348	15.737
218.462	15.733
219.596	15.711
220.616	15.715
221.437	15.779
222.055	15.911
222.516	16.101
222.876	16.334
223.178	16.596
223.449	16.877
223.701	17.174
223.936	17.485
224.154	17.811
224.353	18.155
224.531	18.518
224.691	18.901
224.838	19.303
224.980	19.722
225.135	20.151
225.328	20.578
225.605	20.979
226.036	21.314
226.710	21.529
227.669	21.586
228.808	21.524
229.893	21.471
230.812	21.514
231.833	21.557
234.003	21.163
239.512	19.459
247.376	16.912
252.643	15.440
255.349	14.896
256.820	14.743
257.712	14.766
258.400	14.861
259.142	14.960
260.156	15.007
261.632	14.952
263.639	14.769
265.963	14.494
268.141	14.231
269.792	14.074
270.857	14.047
271.483	14.125
271.843	14.270
272.060	14.456
272.201	14.667
272.303	14.894
272.385	15.132
272.455	15.381
272.517	15.639
272.573	15.906
272.626	16.181
272.676	16.466
272.723	16.760
272.769	17.063
272.816	17.376
272.865	17.697
272.923	18.026
273.007	18.358
273.163	18.680
273.532	18.952
274.517	19.051
277.040	18.689
281.784	17.617
286.691	16.417
289.375	15.852
290.391	15.797
290.768	15.948
290.954	16.167
291.090	16.409
291.219	16.661
291.361	16.916
291.528	17.172
291.739	17.422
292.018	17.659
292.403	17.872
292.947	18.043
293.712	18.150
294.751	18.173
296.054	18.110
297.514	17.989
298.953	17.863
300.227	17.783
301.294	17.765
302.194	17.801
302.994	17.871
303.758	17.956
304.544	18.039
305.409	18.102
306.417	18.126
307.616	18.095
309.009	18.004
310.514	17.875
311.977	17.749
313.249	17.671
314.262	17.665
315.032	17.730
315.615	17.852
316.076	18.015
316.471	18.203
316.852	18.402
317.271	18.596
317.797	18.765
318.536	18.878
319.678	18.884
321.576	18.690
324.729	18.173
329.226	17.313
333.867	16.410
337.172	15.826
338.980	15.604
339.865	15.607
340.304	15.723
340.544	15.892
340.700	16.086
340.821	16.294
340.933	16.510
341.048	16.730
341.175	16.953
341.320	17.176
341.491	17.398
341.695	17.616
341.937	17.829
342.225	18.034
342.562	18.230
342.947	18.414
343.375	18.589
343.833	18.756
344.306	18.920
344.775	19.085
345.226	19.258
345.651	19.440
346.052	19.632
346.444	19.831
346.862	20.028
347.395	20.200
348.308	20.279
350.409	20.063
355.459	19.112
363.679	17.371
370.463	15.981
373.941	15.401
375.742	15.225
376.920	15.190
377.822	15.212
378.565	15.266
379.210	15.340
379.799	15.427
380.371	15.519
380.956	15.611
381.584	15.698
382.281	15.773
383.074	15.832
383.986	15.869
385.030	15.883
386.200	15.871
387.464	15.840
388.768	15.799
390.048	15.760
391.246	15.733
392.332	15.726
393.303	15.740
394.178	15.773
394.986	15.819
395.761	15.874
396.532	15.930
397.326	15.983
398.157	16.030
399.033	16.069
399.950	16.100
400.896	16.125
401.854	16.146
402.807	16.168
403.745	16.192
404.668	16.219
405.583	16.248
406.503	16.277
407.444	16.303
408.417	16.323
409.430	16.336
410.484	16.341
411.573	16.339
412.688	16.332
413.816	16.322
414.935	16.312
416.021	16.307
417.044	16.312
417.983	16.331
418.821	16.369
419.558	16.425
420.203	16.499
420.776	16.588
421.301	16.687
421.803	16.793
422.303	16.901
422.820	17.008
423.366	17.110
423.944	17.207
424.553	17.297
425.183	17.384
425.819	17.468
426.446	17.555
427.050	17.646
427.620	17.744
428.152	17.850
428.647	17.966
429.111	18.090
429.553	18.220
429.990	18.353
430.443	18.486
430.939	18.611
431.514	18.722
432.210	18.808
433.067	18.858
434.109	18.867
435.325	18.835
436.660	18.772
438.034	18.698
439.371	18.629
440.633	18.577
441.815	18.543
442.922	18.526
443.947	18.526
444.872	18.546
445.672	18.593
446.342	18.668
446.899	18.770
447.401	18.889
447.966	19.003
448.844	19.064
450.523	18.977
453.692	18.600
458.462	17.896
463.330	17.143
466.619	16.676
468.276	16.522
469.013	16.552
469.345	16.664
469.514	16.812
469.616	16.977
469.689	17.150
469.747	17.329
469.797	17.513
469.842	17.701
469.885	17.893
469.928	18.089
469.974	18.288
470.024	18.489
470.083	18.693
470.155	18.897
470.251	19.100
470.386	19.300
470.586	19.489
470.905	19.658
471.435	19.786
472.338	19.837
473.845	19.763
476.144	19.516
479.094	19.121
482.076	18.704
484.440	18.407
486.001	18.275
486.943	18.274
487.510	18.354
487.875	18.481
488.135	18.633
488.344	18.799
488.534	18.972
488.722	19.148
488.923	19.325
489.149	19.500
489.418	19.669
489.755	19.826
490.212	19.961
490.892	20.053
491.991	20.062
493.822	19.925
496.679	19.577
500.402	19.044
504.118	18.501
506.967	18.123
508.815	17.944
509.979	17.903
510.774	17.939
511.393	18.011
511.940	18.099
512.476	18.193
513.053	18.281
513.737	18.354
514.624	18.394
515.854	18.378
517.608	18.275
520.030	18.059
523.087	17.735
526.457	17.357
529.682	17.003
532.462	16.724
534.749	16.527
536.621	16.398
538.165	16.320
539.437	16.283
540.475	16.279
541.313	16.305
541.989	16.356
542.543	16.425
543.013	16.508
543.436	16.599
543.845	16.695
544.273	16.789
544.753	16.879
545.317	16.957
546.001	17.019
546.832	17.059
547.827	17.076
548.982	17.067
550.264	17.038
551.622	16.996
553.003	16.949
554.374	16.903
555.746	16.859
557.175	16.810
558.761	16.744
560.638	16.643
562.932	16.490
565.698	16.277
568.816	16.018
571.975	15.751
574.796	15.523
577.035	15.365
578.652	15.284
579.753	15.268
580.478	15.299
580.955	15.363
581.272	15.449
581.492	15.548
581.653	15.657
581.778	15.773
581.882	15.892
581.974	16.015
582.061	16.140
582.146	16.267
582.234	16.396
582.327	16.526
582.427	16.657
582.540	16.787
582.669	16.918
582.821	17.047
583.005	17.173
583.233	17.295
583.524	17.410
583.899	17.514
584.394	17.602
585.052	17.669
585.931	17.704
587.101	17.699
588.649	17.640
590.673	17.516
593.264	17.316
596.453	17.038
600.107	16.701
603.868	16.351
607.268	16.046
609.979	15.828
611.938	15.703
613.275	15.657
614.181	15.666
614.823	15.710
615.326	15.774
615.782	15.846
616.261	15.918
616.826	15.982
617.543	16.030
618.481	16.055
619.704	16.047
621.251	16.002
623.097	15.921
625.134	15.814
627.178	15.702
629.036	15.607
630.579	15.545
631.767	15.523
632.632	15.538
633.240	15.583
633.659	15.651
633.948	15.736
634.150	15.832
634.293	15.937
634.399	16.048
634.480	16.163
634.544	16.282
634.597	16.404
634.643	16.529
634.685	16.656
634.724	16.784
634.762	16.915
634.802	17.047
634.845	17.180
634.896	17.315
634.962	17.449
635.057	17.582
635.207	17.710
635.469	17.826
635.960	17.916
636.924	17.951
638.825	17.873
642.351	17.597
647.921	17.069
654.641	16.391
660.522	15.805
664.481	15.448
666.836	15.283
668.275	15.230
669.279	15.231
670.108	15.254
670.905	15.283
671.763	15.309
672.763	15.323
673.985	15.317
675.507	15.284
677.379	15.217
679.597	15.116
682.067	14.990
684.609	14.854
687.014	14.728
689.116	14.628
690.838	14.563
692.191	14.531
693.233	14.529
694.039	14.549
694.677	14.586
695.202	14.634
695.651	14.690
696.052	14.751
696.423	14.815
696.774	14.882
697.113	14.951
697.446	15.021
697.778	15.092
698.112	15.163
698.455	15.234
698.814	15.305
699.202	15.373
699.641	15.438
700.160	15.496
700.810	15.543
701.659	15.573
702.805	15.577
704.361	15.543
706.427	15.463
709.029	15.332
712.042	15.160
715.181	14.972
718.097	14.801
720.538	14.671
722.421	14.590
723.807	14.554
724.816	14.554
725.572	14.577
726.176	14.616
726.700	14.664
727.196	14.715
727.700	14.766
728.238	14.815
728.827	14.860
729.479	14.901
730.197	14.935
730.978	14.964
731.810	14.988
732.674	15.009
733.548	15.028
734.404	15.048
735.214	15.071
735.958	15.100
736.623	15.135
737.201	15.178
737.694	15.230
738.106	15.289
738.447	15.355
738.728	15.427
738.960	15.505
739.153	15.588
739.317	15.674
739.461	15.763
739.592	15.855
739.718	15.948
739.846	16.041
739.983	16.135
740.137	16.229
740.316	16.321
740.530	16.411
740.790	16.496
741.109	16.577
741.502	16.651
741.984	16.716
742.569	16.770
743.267	16.813
744.079	16.843
744.996	16.862
745.996	16.871
747.047	16.873
748.111	16.873
749.155	16.874
750.164	16.879
751.143	16.888
752.124	16.897
753.167	16.902
754.352	16.894
755.774	16.864
757.508	16.802
759.575	16.705
761.896	16.580
764.286	16.445
766.516	16.322
768.402	16.231
769.870	16.182
770.941	16.173
771.691	16.197
772.205	16.246
772.558	16.313
772.806	16.392
772.988	16.479
773.130	16.572
773.247	16.668
773.352	16.767
773.451	16.867
773.549	16.969
773.651	17.071
773.764	17.173
773.894	17.275
774.052	17.375
774.254	17.471
774.525	17.562
774.903	17.642
775.442	17.706
776.213	17.746
777.302	17.751
778.786	17.713
780.691	17.628
782.934	17.503
785.314	17.358
787.567	17.223
789.489	17.121
790.990	17.064
792.099	17.050
792.903	17.070
793.495	17.115
793.953	17.176
794.336	17.246
794.681	17.321
795.015	17.399
795.352	17.477
795.701	17.555
796.066	17.631
796.449	17.706
796.852	17.779
797.272	17.850
797.708	17.920
798.160	17.989
798.628	18.056
799.113	18.121
799.619	18.185
800.151	18.246
800.715	18.303
801.317	18.357
801.965	18.405
802.663	18.448
803.414	18.484
804.217	18.514
805.075	18.538
805.996	18.555
807.014	18.561
808.202	18.550
809.710	18.507
811.788	18.405
814.763	18.210
818.857	17.899
823.848	17.492
828.942	17.072
833.258	16.730
836.435	16.505
838.635	16.382
840.198	16.326
841.421	16.307
842.517	16.304
843.628	16.302
844.863	16.292
846.307	16.264
848.016	16.214
850.001	16.141
852.212	16.046
854.528	15.941
856.791	15.838
858.848	15.751
860.600	15.688
862.016	15.653
863.118	15.644
863.957	15.659
864.589	15.691
865.068	15.737
865.435	15.794
865.721	15.858
865.951	15.927
866.140	16.001
866.300	16.079
866.440	16.158
866.567	16.240
866.687	16.323
866.804	16.407
866.923	16.492
867.050	16.576
867.188	16.661
867.347	16.745
867.533	16.827
867.760	16.906
868.042	16.981
868.400	17.050
868.859	17.110
869.453	17.158
870.217	17.191
871.189	17.205
872.397	17.197
873.841	17.165
875.489	17.113
877.260	17.048
879.042	16.979
880.719	16.919
882.202	16.875
883.447	16.853
884.451	16.853
885.242	16.873
885.859	16.911
886.343	16.961
886.731	17.022
887.050	17.090
887.323	17.163
887.565	17.239
887.786	17.319
887.997	17.400
888.200	17.483
888.400	17.566
888.600	17.651
888.802	17.736
889.008	17.821
889.219	17.906
889.437	17.991
889.665	18.076
889.906	18.160
890.164	18.244
890.444	18.325
890.753	18.404
891.099	18.480
891.491	18.552
891.940	18.618
892.455	18.677
893.047	18.728
893.724	18.771
894.494	18.803
895.363	18.824
896.341	18.834
897.452	18.830
898.745	18.808
900.318	18.758
902.325	18.666
904.954	18.514
908.321	18.288
912.300	18.001
916.433	17.696
920.122	17.431
922.980	17.245
924.964	17.144
926.247	17.111
927.050	17.125
927.550	17.171
927.870	17.234
928.085	17.310
928.239	17.392
928.360	17.478
928.461	17.567
928.554	17.658
928.643	17.750
928.733	17.843
928.827	17.936
928.933	18.029
929.058	18.121
929.222	18.211
929.458	18.295
929.840	18.367
930.506	18.415
931.718	18.415
933.902	18.328
937.583	18.106
942.968	17.725
949.304	17.250
955.063	16.819
959.172	16.530
961.625	16.389
962.944	16.352
963.622	16.374
963.974	16.426
964.168	16.494
964.288	16.570
964.375	16.649
964.447	16.731
964.514	16.814
964.581	16.897
964.648	16.982
964.719	17.066
964.793	17.151
964.872	17.237
964.956	17.322
965.047	17.408
965.145	17.494
965.252	17.580
965.370	17.665
965.499	17.750
965.643	17.835
965.804	17.918
965.986	18.000
966.191	18.081
966.426	18.160
966.693	18.236
966.999	18.309
967.349	18.378
967.752	18.442
968.212	18.501
968.743	18.554
969.356	18.599
970.084	18.634
970.984	18.653
972.176	18.646
973.882	18.596
976.469	18.468
980.379	18.226
985.790	17.851
992.102	17.393
997.996	16.967
1002.420	16.664
1005.226	16.499
1006.824	16.440
1007.687	16.445
1008.144	16.486
1008.390	16.547
1008.528	16.617
1008.611	16.694
1008.666	16.773
1008.707	16.855
1008.740	16.937
1008.769	17.021
1008.796	17.106
1008.822	17.192
1008.847	17.278
1008.871	17.365
1008.895	17.453
1008.919	17.542
1008.943	17.631
1008.967	17.721
1008.992	17.812
1009.016	17.904
1009.041	17.996
1009.067	18.089
1009.093	18.183
1009.120	18.278
1009.148	18.373
1009.177	18.469
1009.206	18.566
1009.237	18.663
1009.270	18.761
1009.303	18.860
1009.339	18.960
1009.376	19.060
1009.414	19.161
1009.455	19.262
1009.499	19.364
1009.544	19.467
1009.592	19.570
1009.644	19.674
1009.698	19.779
1009.756	19.883
1009.819	19.989
1009.886	20.094
1009.958	20.200
1010.037	20.306
1010.123	20.413
1010.218	20.519
1010.324	20.624
1010.443	20.729
1010.580	20.833
1010.738	20.935
1010.925	21.035
1011.150	21.131
1011.426	21.222
1011.777	21.305
1012.250	21.375
1012.958	21.421
1014.230	21.409
1017.012	21.250
1023.584	20.722
1036.447	19.584
1051.895	18.192
1062.128	17.297
1066.641	16.949
1068.400	16.866
1069.153	16.879
1069.561	16.925
1069.846	16.983
1070.083	17.046
1070.299	17.111
1070.501	17.178
1070.696	17.246
1070.884	17.314
1071.067	17.384
1071.246	17.454
1071.422	17.525
1071.595	17.597
1071.768	17.670
1071.941	17.742
1072.117	17.815
1072.299	17.889
1072.490	17.961
1072.694	18.034
1072.917	18.105
1073.168	18.174
1073.458	18.241
1073.802	18.304
1074.224	18.361
1074.753	18.409
1075.428	18.445
1076.299	18.465
1077.415	18.464
1078.824	18.438
1080.542	18.385
1082.538	18.306
1084.716	18.211
1086.933	18.110
1089.034	18.018
1090.904	17.945
1092.498	17.894
1093.832	17.866
1094.970	17.856
1095.996	17.857
1097.000	17.862
1098.072	17.862
1099.290	17.852
1100.713	17.826
1102.369	17.782
1104.236	17.719
1106.243	17.645
1108.272	17.567
1110.194	17.496
1111.910	17.440
1113.367	17.405
1114.561	17.389
1115.525	17.393
1116.311	17.411
1116.974	17.439
1117.569	17.474
1118.144	17.511
1118.748	17.548
1119.428	17.579
1120.234	17.601
1121.218	17.610
1122.438	17.602
1123.944	17.573
1125.766	17.520
1127.894	17.443
1130.262	17.347
1132.748	17.241
1135.196	17.136
1137.461	17.044
1139.442	16.972
1141.102	16.924
1142.449	16.898
1143.526	16.893
1144.383	16.904
1145.068	16.928
1145.623	16.963
1146.080	17.004
1146.465	17.052
1146.795	17.104
1147.083	17.159
1147.340	17.218
1147.573	17.278
1147.788	17.340
1147.990	17.404
1148.184	17.468
1148.372	17.534
1148.560	17.600
1148.752	17.666
1148.953	17.732
1149.168	17.797
1149.406	17.861
1149.674	17.923
1149.983	17.983
1150.346	18.038
1150.776	18.089
1151.290	18.134
1151.902	18.171
1152.629	18.199
1153.476	18.217
1154.446	18.226
1155.527	18.225
1156.694	18.217
1157.910	18.204
1159.133	18.189
1160.327	18.177
1161.469	18.168
1162.567	18.164
1163.670	18.160
1164.889	18.150
1166.430	18.120
1168.621	18.046
1171.912	17.897
1176.711	17.642
1182.990	17.284
1189.902	16.878
1196.157	16.514
1200.900	16.253
1204.090	16.099
1206.134	16.024
1207.471	16.000
1208.417	16.003
1209.163	16.021
1209.814	16.046
1210.426	16.074
1211.027	16.103
1211.630	16.132
1212.239	16.160
1212.850	16.189
1213.462	16.217
1214.068	16.246
1214.660	16.275
1215.235	16.306
1215.785	16.338
1216.308	16.372
1216.801	16.408
1217.266	16.446
1217.703	16.485
1218.117	16.527
1218.516	16.570
1218.906	16.613
1219.298	16.657
1219.704	16.700
1220.140	16.742
1220.623	16.781
1221.171	16.816
1221.807	16.846
1222.552	16.869
1223.428	16.884
1224.452	16.889
1225.630	16.884
1226.960	16.869
1228.421	16.845
1229.973	16.814
1231.572	16.780
1233.156	16.745
1234.683	16.714
1236.115	16.689
1237.436	16.671
1238.648	16.660
1239.770	16.655
1240.831	16.655
1241.867	16.657
1242.923	16.658
1244.042	16.656
1245.270	16.648
1246.645	16.631
1248.200	16.604
1249.947	16.564
1251.873	16.514
1253.931	16.454
1256.050	16.390
1258.140	16.327
1260.111	16.271
1261.898	16.225
1263.458	16.192
1264.785	16.173
1265.891	16.168
1266.807	16.175
1267.568	16.191
1268.209	16.215
1268.764	16.244
1269.264	16.278
1269.734	16.313
1270.200	16.350
1270.686	16.385
1271.216	16.419
1271.818	16.449
1272.524	16.473
1273.373	16.489
1274.410	16.494
1275.680	16.486
1277.233	16.462
1279.102	16.419
1281.290	16.357
1283.762	16.278
1286.423	16.187
1289.143	16.092
1291.771	16.001
1294.178	15.922
1296.279	15.860
1298.045	15.817
1299.490	15.792
1300.649	15.784
1301.576	15.789
1302.319	15.805
1302.923	15.829
1303.423	15.860
1303.851	15.895
1304.231	15.933
1304.582	15.973
1304.921	16.014
1305.265	16.056
1305.630	16.096
1306.032	16.135
1306.491	16.171
1307.032	16.203
1307.683	16.229
1308.481	16.248
1309.468	16.256
1310.686	16.252
1312.182	16.232
1313.982	16.195
1316.093	16.141
1318.475	16.071
1321.045	15.990
1323.678	15.904
1326.240	15.822
1328.606	15.749
1330.694	15.691
1332.470	15.650
1333.941	15.625
1335.133	15.616
1336.096	15.619
1336.867	15.632
1337.490	15.655
1337.994	15.683
1338.408	15.717
1338.749	15.755
1339.034	15.797
1339.275	15.841
1339.478	15.888
1339.651	15.936
1339.800	15.986
1339.928	16.038
1340.039	16.091
1340.136	16.145
1340.220	16.200
1340.294	16.255
1340.360	16.312
1340.418	16.370
1340.471	16.428
1340.519	16.487
1340.563	16.546
1340.605	16.606
1340.646	16.666
1340.687	16.727
1340.730	16.788
1340.775	16.849
1340.825	16.911
1340.882	16.972
1340.949	17.033
1341.029	17.094
1341.126	17.154
1341.247	17.213
1341.399	17.271
1341.592	17.326
1341.836	17.379
1342.148	17.428
1342.547	17.471
1343.055	17.509
1343.704	17.537
1344.531	17.555
1345.588	17.559
1346.948	17.545
1348.727	17.506
1351.103	17.433
1354.345	17.312
1358.786	17.124
1364.682	16.857
1371.914	16.518
1379.725	16.148
1386.982	15.808
1392.808	15.546
1396.979	15.373
1399.746	15.275
1401.517	15.232
1402.641	15.223
1403.366	15.236
1403.850	15.262
1404.187	15.296
1404.433	15.335
1404.621	15.378
1404.771	15.423
1404.894	15.469
1404.997	15.517
1405.085	15.566
1405.162	15.616
1405.230	15.666
1405.289	15.717
1405.343	15.769
1405.391	15.821
1405.435	15.874
1405.475	15.927
1405.513	15.981
1405.549	16.035
1405.584	16.090
1405.619	16.145
1405.655	16.200
1405.694	16.255
1405.737	16.311
1405.785	16.366
1405.843	16.422
1405.913	16.477
1406.002	16.531
1406.118	16.585
1406.271	16.636
1406.476	16.686
1406.755	16.732
1407.136	16.772
1407.659	16.805
1408.372	16.829
1409.338	16.839
1410.623	16.831
1412.290	16.803
1414.369	16.751
1416.846	16.677
1419.629	16.586
1422.547	16.485
1425.408	16.386
1428.021	16.299
1430.270	16.232
1432.114	16.186
1433.577	16.160
1434.724	16.153
1435.638	16.158
1436.400	16.173
1437.098	16.192
1437.820	16.212
1438.676	16.226
1439.806	16.228
1441.400	16.209
1443.702	16.157
1446.976	16.060
1451.411	15.908
1456.954	15.702
1463.172	15.463
1469.327	15.225
1474.723	15.021
1478.978	14.869
1482.091	14.769
1484.273	14.713
1485.780	14.689
1486.837	14.686
1487.602	14.697
1488.182	14.717
1488.643	14.742
1489.027	14.771
1489.361	14.803
1489.661	14.836
1489.937	14.871
1490.198	14.906
1490.448	14.942
1490.694	14.979
1490.937	15.015
1491.181	15.052
1491.431	15.089
1491.687	15.126
1491.955	15.162
1492.234	15.198
1492.529	15.234
1492.841	15.269
1493.174	15.303
1493.528	15.336
1493.905	15.368
1494.307	15.400
1494.735	15.430
1495.187	15.459
1495.665	15.487
1496.167	15.515
1496.690	15.541
1497.234	15.566
1497.793	15.590
1498.362	15.614
1498.939	15.638
1499.517	15.661
1500.092	15.685
1500.657	15.709
1501.207	15.734
1501.739	15.759
1502.248	15.786
1502.731	15.814
1503.186	15.843
1503.611	15.874
1504.006	15.907
1504.370	15.941
1504.705	15.976
1505.010	16.013
1505.288	16.052
1505.540	16.092
1505.768	16.133
1505.974	16.176
1506.159	16.220
1506.326	16.265
1506.476	16.311
1506.612	16.358
1506.733	16.406
1506.844	16.455
1506.943	16.505
1507.033	16.555
1507.115	16.606
1507.190	16.658
1507.259	16.710
1507.324	16.763
1507.384	16.817
1507.442	16.871
1507.498	16.925
1507.553	16.979
1507.610	17.034
1507.670	17.089
1507.735	17.144
1507.808	17.199
1507.893	17.254
1507.994	17.308
1508.119	17.361
1508.275	17.413
1508.475	17.462
1508.732	17.509
1509.068	17.552
1509.508	17.589
1510.083	17.619
1510.832	17.640
1511.799	17.648
1513.030	17.642
1514.557	17.619
1516.402	17.577
1518.549	17.519
1520.938	17.446
1523.480	17.363
1526.050	17.279
1528.545	17.198
1530.875	17.126
1533.002	17.065
1534.918	17.017
1536.644	16.979
1538.212	16.950
1539.659	16.929
1541.010	16.912
1542.288	16.900
1543.508	16.891
1544.681	16.885
1545.812	16.881
1546.910	16.879
1547.980	16.878
1549.032	16.878
1550.077	16.879
1551.124	16.880
1552.183	16.881
1553.264	16.880
1554.370	16.878
1555.503	16.875
1556.658	16.871
1557.825	16.865
1558.991	16.860
1560.138	16.855
1561.246	16.852
1562.299	16.852
1563.283	16.855
1564.185	16.862
1564.998	16.874
1565.725	16.891
1566.363	16.911
1566.920	16.937
1567.402	16.966
1567.817	16.999
1568.174	17.035
1568.482	17.074
1568.748	17.116
1568.980	17.160
1569.185	17.205
1569.368	17.252
1569.535	17.300
1569.693	17.348
1569.845	17.398
1569.998	17.447
1570.159	17.497
1570.333	17.546
1570.532	17.594
1570.765	17.640
1571.047	17.684
1571.399	17.725
1571.845	17.761
1572.416	17.790
1573.151	17.811
1574.099	17.820
1575.307	17.815
1576.824	17.793
1578.682	17.752
1580.882	17.692
1583.379	17.615
1586.088	17.526
1588.884	17.432
1591.632	17.339
1594.236	17.255
1596.633	17.182
1598.815	17.121
1600.803	17.070
1602.643	17.029
1604.383	16.993
1606.062	16.961
1607.712	16.931
1609.350	16.902
1610.983	16.873
1612.609	16.845
1614.220	16.817
1615.804	16.791
1617.350	16.767
1618.849	16.745
1620.293	16.725
1621.676	16.709
1622.995	16.696
1624.247	16.686
1625.430	16.679
1626.545	16.676
1627.591	16.676
1628.566	16.680
1629.472	16.687
1630.308	16.697
1631.077	16.711
1631.780	16.727
1632.423	16.747
1633.010	16.770
1633.548	16.795
1634.045	16.823
1634.512	16.852
1634.960	16.882
1635.407	16.913
1635.877	16.943
1636.402	16.971
1637.028	16.994
1637.823	17.011
1638.881	17.015
1640.335	17.001
1642.354	16.962
1645.124	16.888
1648.801	16.773
1653.403	16.614
1658.718	16.422
1664.289	16.216
1669.559	16.023
1674.107	15.863
1677.733	15.743
1680.477	15.664
1682.502	15.617
1683.981	15.596
1685.074	15.591
1685.903	15.599
1686.548	15.616
1687.069	15.638
1687.504	15.664
1687.877	15.693
1688.209	15.724
1688.511	15.756
1688.792	15.789
1689.059	15.824
1689.318	15.858
1689.572	15.893
1689.826	15.929
1690.080	15.964
1690.338	16.000
1690.600	16.035
1690.867	16.070
1691.140	16.105
1691.419	16.140
1691.704	16.175
1691.994	16.210
1692.290	16.244
1692.589	16.279
1692.891	16.313
1693.194	16.348
1693.497	16.383
1693.799	16.417
1694.098	16.452
1694.392	16.488
1694.679	16.523
1694.960	16.560
1695.233	16.596
1695.496	16.633
1695.749	16.671
1695.991	16.710
1696.221	16.749
1696.439	16.789
1696.646	16.829
1696.841	16.870
1697.024	16.912
1697.195	16.955
1697.355	16.998
1697.505	17.043
1697.644	17.087
1697.774	17.133
1697.895	17.179
1698.007	17.226
1698.112	17.273
1698.209	17.321
1698.299	17.369
1698.384	17.418
1698.462	17.468
1698.536	17.518
1698.604	17.569
1698.668	17.620
1698.729	17.671
1698.786	17.723
1698.840	17.775
1698.891	17.828
1698.940	17.881
1698.986	17.935
1699.030	17.988
1699.072	18.043
1699.113	18.097
1699.154	18.152
1699.193	18.207
1699.233	18.263
1699.273	18.319
1699.316	18.374
1699.363	18.430
1699.416	18.486
1699.480	18.542
1699.560	18.597
1699.667	18.651
1699.814	18.703
1700.022	18.752
1700.323	18.797
1700.762	18.834
1701.406	18.860
1702.343	18.871
1703.683	18.859
1705.540	18.819
1708.001	18.745
1711.061	18.636
1714.589	18.501
1718.291	18.353
1721.809	18.214
1724.862	18.100
1727.297	18.018
1729.109	17.971
1730.396	17.953
1731.273	17.958
1731.859	17.979
1732.243	18.012
1732.493	18.053
1732.656	18.099
1732.763	18.149
1732.834	18.201
1732.882	18.255
1732.917	18.310
1732.942	18.365
1732.962	18.421
1732.979	18.478
1732.994	18.535
1733.008	18.593
1733.021	18.650
1733.034	18.708
1733.048	18.767
1733.061	18.825
1733.075	18.884
1733.090	18.943
1733.105	19.003
1733.121	19.063
1733.137	19.122
1733.155	19.183
1733.173	19.243
1733.193	19.304
1733.214	19.365
1733.237	19.426
1733.261	19.487
1733.288	19.549
1733.316	19.610
1733.347	19.672
1733.381	19.734
1733.417	19.796
1733.458	19.858
1733.502	19.921
1733.551	19.983
1733.606	20.045
1733.667	20.107
1733.735	20.169
1733.811	20.231
1733.896	20.292
1733.993	20.353
1734.102	20.414
1734.226	20.474
1734.367	20.533
1734.528	20.591
1734.713	20.647
1734.926	20.702
1735.173	20.755
1735.463	20.806
1735.816	20.852
1736.276	20.893
1736.963	20.920
1738.205	20.916
1740.896	20.832
1747.161	20.549
1760.384	19.879
1780.785	18.807
1800.143	17.786
1811.586	17.200
1816.606	16.969
1818.559	16.909
1819.322	16.915
1819.658	16.944
1819.845	16.983
1819.985	17.024
1820.114	17.067
1820.247	17.109
1820.390	17.151
1820.548	17.193
1820.723	17.234
1820.918	17.274
1821.136	17.313
1821.380	17.352
1821.652	17.389
1821.956	17.425
1822.293	17.459
1822.668	17.492
1823.082	17.523
1823.539	17.552
1824.039	17.579
1824.585	17.604
1825.176	17.627
1825.818	17.648
1826.515	17.665
1827.275	17.680
1828.107	17.692
1829.038	17.699
1830.098	17.701
1831.336	17.694
1832.820	17.677
1834.636	17.645
1836.874	17.593
1839.612	17.520
1842.876	17.422
1846.607	17.303
1850.617	17.171
1854.634	17.037
1858.380	16.914
1861.634	16.813
1864.294	16.738
1866.371	16.689
1867.934	16.663
1869.089	16.655
1869.940	16.661
1870.570	16.678
1871.050	16.701
1871.429	16.730
1871.744	16.761
1872.023	16.795
1872.282	16.829
1872.537	16.864
1872.798	16.899
1873.072	16.933
1873.366	16.967
1873.689	17.000
1874.042	17.031
1874.436	17.061
1874.876	17.089
1875.373	17.115
1875.933	17.138
1876.572	17.157
1877.302	17.173
1878.140	17.184
1879.105	17.190
1880.218	17.189
1881.493	17.182
1882.946	17.166
1884.582	17.143
1886.396	17.111
1888.360	17.073
1890.428	17.030
1892.541	16.985
1894.637	16.939
1896.641	16.898
1898.492	16.862
1900.155	16.835
1901.607	16.816
1902.842	16.806
1903.875	16.806
1904.723	16.813
1905.412	16.827
1905.967	16.847
1906.411	16.873
1906.768	16.902
1907.055	16.934
1907.289	16.969
1907.483	17.006
1907.647	17.045
1907.790	17.084
1907.922	17.125
1908.048	17.166
1908.176	17.207
1908.312	17.247
1908.463	17.288
1908.636	17.328
1908.840	17.366
1909.087	17.403
1909.386	17.438
1909.753	17.470
1910.204	17.498
1910.758	17.522
1911.436	17.541
1912.257	17.553
1913.239	17.558
1914.401	17.556
1915.746	17.544
1917.267	17.525
1918.954	17.498
1920.772	17.465
1922.697	17.427
1924.717	17.386
1926.850	17.339
1929.184	17.286
1931.889	17.220
1935.250	17.129
1939.639	17.001
1945.398	16.821
1952.622	16.585
1960.866	16.310
1969.170	16.031
1976.476	15.790
1982.161	15.609
1986.168	15.492
1988.809	15.427
1990.477	15.399
1991.506	15.396
1992.140	15.408
1992.535	15.430
1992.787	15.458
1992.957	15.489
1993.076	15.521
1993.166	15.556
1993.239	15.591
1993.302	15.626
1993.357	15.662
1993.409	15.699
1993.456	15.735
1993.502	15.772
1993.546	15.809
1993.588	15.846
1993.629	15.884
1993.668	15.922
1993.706	15.959
1993.743	15.997
1993.779	16.036
1993.814	16.074
1993.847	16.113
1993.880	16.152
1993.912	16.191
1993.943	16.230
1993.973	16.269
1994.002	16.309
1994.030	16.349
1994.057	16.389
1994.084	16.429
1994.110	16.469
1994.135	16.510
1994.159	16.551
1994.182	16.592
1994.205	16.633
1994.227	16.674
1994.248	16.716
1994.269	16.758
1994.288	16.800
1994.308	16.842
1994.327	16.884
1994.345	16.927
1994.362	16.970
1994.379	17.013
1994.396	17.056
1994.412	17.099
1994.427	17.143
1994.442	17.187
1994.457	17.231
1994.471	17.275
1994.484	17.319
1994.497	17.364
1994.510	17.409
1994.522	17.454
1994.534	17.499
1994.546	17.545
1994.557	17.590
1994.567	17.636
1994.578	17.682
1994.588	17.729
1994.598	17.775
1994.607	17.822
1994.616	17.869
1994.625	17.916
1994.634	17.964
1994.642	18.011
1994.650	18.059
1994.658	18.107
1994.666	18.156
1994.673	18.204
1994.680	18.253
1994.687	18.302
1994.694	18.351
1994.700	18.401
1994.707	18.450
1994.713	18.500
1994.719	18.550
1994.725	18.601
1994.730	18.651
1994.736	18.702
1994.741	18.753
1994.746	18.804
1994.751	18.856
1994.756	18.907
1994.761	18.959
1994.766	19.012
1994.770	19.064
1994.774	19.117
1994.779	19.170
1994.783	19.223
1994.787	19.276
1994.791	19.330
1994.795	19.384
1994.799	19.438
1994.802	19.492
1994.806	19.547
1994.810	19.602
1994.813	19.657
1994.816	19.712
1994.820	19.768
1994.823	19.824
1994.826	19.880
1994.829	19.936
1994.832	19.993
1994.835	20.050
1994.838	20.107
1994.841	20.164
1994.844	20.222
1994.846	20.280
1994.849	20.338
1994.852	20.397
1994.854	20.455
1994.857	20.514
1994.859	20.574
1994.862	20.633
1994.864	20.693
1994.867	20.753
1994.869	20.813
1994.871	20.874
1994.873	20.935
1994.876	20.996
1994.878	21.058
1994.880	21.119
1994.882	21.181
1994.884	21.244
1994.886	21.306
1994.888	21.369
1994.890	21.432
1994.892	21.496
1994.894	21.560
1994.896	21.624
1994.897	21.688
1994.899	21.753
1994.901	21.818
1994.903	21.883
1994.904	21.948
1994.906	22.014
1994.908	22.080
1994.909	22.147
1994.911	22.213
1994.913	22.280
1994.914	22.348
1994.916	22.415
1994.917	22.483
1994.919	22.551
1994.920	22.620
1994.922	22.689
1994.923	22.758
1994.924	22.828
1994.926	22.897
1994.927	22.968
1994.929	23.038
1994.930	23.109
1994.931	23.180
1994.932	23.251
1994.934	23.323
1994.935	23.395
1994.936	23.467
1994.937	23.540
1994.939	23.613
1994.940	23.687
1994.941	23.760
1994.942	23.834
1994.943	23.909
1994.944	23.984
1994.945	24.059
1994.946	24.134
1994.947	24.210
1994.948	24.286
1994.949	24.362
1994.950	24.439
1994.951	24.516
1994.952	24.594
1994.953	24.672
1994.954	24.750
1994.955	24.828
1994.956	24.907
1994.957	24.986
1994.958	25.066
1994.959	25.146
1994.959	25.226
1994.960	25.307
1994.961	25.388
1994.962	25.469
1994.963	25.551
1994.964	25.633
1994.964	25.716
1994.965	25.799
1994.966	25.882
1994.966	25.966
1994.967	26.050
1994.968	26.134
1994.969	26.219
1994.969	26.304
1994.970	26.389
1994.971	26.475
1994.971	26.562
1994.972	26.648
1994.972	26.735
1994.973	26.823
1994.974	26.911
1994.974	26.999
1994.975	27.087
1994.975	27.176
1994.976	27.266
1994.977	27.355
1994.977	27.446
1994.978	27.536
1994.978	27.627
1994.979	27.718
1994.979	27.810
1994.980	27.902
1994.980	27.995
1994.981	28.088
1994.981	28.181
1994.981	28.275
1994.982	28.369
1994.982	28.464
1994.983	28.559
1994.983	28.654
1994.984	28.750
1994.984	28.846
1994.984	28.943
1994.985	29.040
1994.985	29.138
1994.985	29.235
1994.986	29.334
1994.986	29.433
1994.987	29.532
1994.987	29.631
1994.987	29.731
1994.988	29.832
1994.988	29.933
1994.988	30.034
1994.988	30.136
1994.989	30.238
1994.989	30.340
1994.989	30.443
1994.990	30.547
1994.990	30.651
1994.990	30.755
1994.990	30.860
1994.991	30.965
1994.991	31.071
1994.991	31.177
1994.991	31.283
1994.992	31.390
1994.992	31.498
1994.992	31.605
1994.992	31.714
1994.993	31.822
1994.993	31.932
1994.993	32.041
1994.993	32.151
1994.993	32.262
1994.994	32.373
1994.994	32.484
1994.994	32.596
1994.994	32.708
1994.994	32.821
1994.994	32.934
1994.995	33.048
1994.995	33.162
1994.995	33.276
1994.995	33.392
1994.995	33.507
1994.995	33.623
1994.995	33.739
1994.996	33.856
1994.996	33.973
1994.996	34.091
1994.996	34.209
1994.996	34.328
1994.996	34.447
1994.996	34.567
1994.996	34.687
1994.997	34.808
1994.997	34.929
1994.997	35.050
1994.997	35.172
1994.997	35.294
1994.997	35.417
1994.997	35.541
1994.997	35.664
1994.997	35.789
1994.997	35.913
1994.997	36.038
1994.998	36.164
1994.998	36.290
1994.998	36.417
1994.998	36.544
1994.998	36.671
1994.998	36.799
1994.998	36.928
1994.998	37.057
1994.998	37.186
1994.998	37.316
1994.998	37.446
1994.998	37.577
1994.998	37.709
1994.998	37.840
1994.998	37.972
1994.999	38.105
1994.999	38.238
1994.999	38.372
1994.999	38.506
1994.999	38.641
1994.999	38.776
1994.999	38.911
1994.999	39.047
1994.999	39.184
1994.999	39.321
1994.999	39.458
1994.999	39.596
1994.999	39.734
1994.999	39.873
1994.999	40.012
1994.999	40.152
1994.999	40.292
1994.999	40.433
1994.999	40.574
1994.999	40.716
1994.999	40.858
1994.999	41.000
1994.999	41.143
1994.999	41.287
1994.999	41.431
1994.999	41.575
1994.999	41.720
1994.999	41.866
1994.999	42.011
1994.999	42.158
1995.000	42.304
1995.000	42.452
1995.000	42.599
1995.000	42.748
1995.000	42.896
1995.000	43.045
1995.000	43.195
1995.000	43.345
1995.000	43.495
1995.000	43.646
1995.000	43.798
1995.000	43.949
1995.000	44.102
1995.000	44.255
1995.000	44.408
1995.000	44.561
1995.000	44.716
1995.000	44.870
1995.000	45.025
1995.000	45.181
1995.000	45.337
1995.000	45.493
1995.000	45.650
1995.000	45.807
1995.000	45.965
1995.000	46.123
1995.000	46.282
1995.000	46.441
1995.000	46.601
1995.000	46.761
1995.000	46.921
1995.000	47.082
1995.000	47.243
1995.000	47.405
1995.000	47.567
1995.000	47.730
1995.000	47.893
1995.000	48.057
1995.000	48.221
1995.000	48.385
1995.000	48.550
1995.000	48.715
1995.000	48.881
1995.000	49.047
1995.000	49.214
1995.000	49.381
1995.000	49.548
1995.000	49.716
1995.000	49.884
1995.000	50.053
1995.000	50.222
1995.000	50.392
1995.000	50.562
1995.000	50.732
1995.000	50.903
1995.000	51.075
1995.000	51.246
1995.000	51.418
1995.000	51.591
1995.000	51.764
1995.000	51.937
1995.000	52.111
1995.000	52.285
1995.000	52.460
1995.000	52.635
1995.000	52.810
1995.000	52.986
1995.000	53.162
1995.000	53.339
1995.000	53.516
1995.000	53.693
1995.000	53.871
1995.000	54.049
1995.000	54.228
1995.000	54.407
1995.000	54.587
1995.000	54.766
1995.000	54.947
1995.000	55.127
1995.000	55.308
1995.000	55.490
1995.000	55.672
1995.000	55.854
1995.000	56.036
1995.000	56.219
1995.000	56.403
1995.000	56.586
1995.000	56.770
1995.000	56.955
1995.000	57.140
1995.000	57.325
1995.000	57.510
1995.000	57.696
1995.000	57.883
1995.000	58.070
1995.000	58.257
1995.000	58.444
1995.000	58.632
1995.000	58.820
1995.000	59.009
1995.000	59.198
1995.000	59.387
1995.000	59.576
1995.000	59.766
1995.000	59.957
1995.000	60.147
1995.000	60.338
1995.000	60.530
1995.000	60.722
1995.000	60.914
1995.000	61.106
1995.000	61.299
1995.000	61.492
1995.000	61.686
1995.000	61.880
1995.000	62.074
1995.000	62.268
1995.000	62.463
1995.000	62.658
1995.000	62.854
1995.000	63.050
1995.000	63.246
1995.000	63.442
1995.000	63.639
1995.000	63.836
1995.000	64.034
1995.000	64.232
1995.000	64.430
1995.000	64.628
1995.000	64.827
1995.000	65.026
1995.000	65.226
1995.000	65.426
1995.000	65.626
1995.000	65.826
1995.000	66.027
1995.000	66.228
1995.000	66.429
1995.000	66.631
1995.000	66.833
1995.000	67.035
1995.000	67.238
1995.000	67.440
1995.000	67.644
1995.000	67.847
1995.000	68.051
1995.000	68.255
1995.000	68.459
1995.000	68.664
1995.000	68.869
1995.000	69.074
1995.000	69.280
1995.000	69.485
1995.000	69.692
1995.000	69.898
1995.000	70.105
1995.000	70.312
1995.000	70.519
1995.000	70.726
1995.000	70.934
1995.000	71.142
1995.000	71.351
1995.000	71.559
1995.000	71.768
1995.000	71.977
1995.000	72.187
1995.000	72.397
1995.000	72.607
1995.000	72.817
1995.000	73.028
1995.000	73.238
1995.000	73.449
1995.000	73.661
1995.000	73.872
1995.000	74.084
1995.000	74.296
1995.000	74.509
1995.000	74.721
1995.000	74.934
1995.000	75.147
1995.000	75.361
1995.000	75.575
1995.000	75.788
1995.000	76.003
1995.000	76.217
1995.000	76.432
1995.000	76.647
1995.000	76.862
1995.000	77.077
1995.000	77.293
1995.000	77.509
1995.000	77.725
1995.000	77.941
1995.000	78.158
1995.000	78.374
1995.000	78.591
1995.000	78.809
1995.000	79.026
1995.000	79.244
1995.000	79.462
1995.000	79.680
1995.000	79.899
1995.000	80.117
1995.000	80.336
1995.000	80.555
1995.000	80.775
1995.000	80.994
1995.000	81.214
1995.000	81.434
1995.000	81.654
1995.000	81.875
1995.000	82.095
1995.000	82.316
1995.000	82.537
1995.000	82.759
1995.000	82.980
1995.000	83.202
1995.000	83.424
1995.000	83.646
1995.000	83.868
1995.000	84.091
1995.000	84.314
1995.000	84.537
1995.000	84.760
1995.000	84.983
1995.000	85.207
1995.000	85.430
1995.000	85.654
1995.000	85.879
1995.000	86.103
1995.000	86.327
1995.000	86.552
1995.000	86.777
1995.000	87.002
1995.000	87.228
1995.000	87.453
1995.000	87.679
1995.000	87.905
1995.000	88.131
1995.000	88.357
1995.000	88.584
1995.000	88.810
1995.000	89.037
1995.000	89.264
1995.000	89.491
1995.000	89.719
1995.000	89.946
1995.000	90.174
1995.000	90.402
1995.000	90.630
1995.000	90.858
1995.000	91.087
1995.000	91.316
1995.000	91.544
1995.000	91.773
1995.000	92.002
1995.000	92.232
1995.000	92.461
1995.000	92.691
1995.000	92.921
1995.000	93.151
1995.000	93.381
1995.000	93.611
1995.000	93.842
1995.000	94.072
1995.000	94.303
1995.000	94.534
1995.000	94.765
1995.000	94.997
1995.000	95.228
1995.000	95.460
1995.000	95.692
1995.000	95.924
1995.000	96.156
1995.000	96.388
1995.000	96.620
1995.000	96.853
1995.000	97.086
1995.000	97.318
1995.000	97.551
1995.000	97.785
1995.000	98.018
1995.000	98.251
1995.000	98.485
1995.000	98.719
1995.000	98.953
1995.000	99.187
1995.000	99.421
1995.000	99.655
1995.000	99.890
1995.000	100.125
1995.000	100.359
1995.000	100.594
1995.000	100.829
1995.000	101.065
1995.000	101.300
1995.000	101.535
1995.000	101.771
1995.000	102.007
1995.000	102.243
1995.000	102.479
1995.000	102.715
1995.000	102.951
1995.000	103.188
1995.000	103.424
1995.000	103.661
1995.000	103.898
1995.000	104.135
1995.000	104.372
1995.000	104.609
1995.000	104.847
1995.000	105.084
1995.000	105.322
1995.000	105.559
1995.000	105.797
1995.000	106.035
1995.000	106.273
1995.000	106.512
1995.000	106.750
1995.000	106.989
1995.000	107.227
1995.000	107.466
1995.000	107.705
1995.000	107.944
1995.000	108.183
1995.000	108.422
1995.000	108.661
1995.000	108.901
1995.000	109.140
1995.000	109.380
1995.000	109.620
1995.000	109.860
1995.000	110.100
1995.000	110.340
1995.000	110.580
1995.000	110.821
1995.000	111.061
1995.000	111.302
1995.000	111.543
1995.000	111.783
1995.000	112.024
1995.000	112.265
1995.000	112.507
1995.000	112.748
1995.000	112.989
1995.000	113.231
1995.000	113.472
1995.000	113.714
1995.000	113.956
1995.000	114.198
1995.000	114.440
1995.000	114.682
1995.000	114.924
1995.000	115.167
1995.000	115.409
1995.000	115.652
1995.000	115.894
1995.000	116.137
1995.000	116.380
1995.000	116.623
1995.000	116.866
1995.000	117.109
1995.000	117.352
1995.000	117.596
1995.000	117.839
1995.000	118.083
1995.000	118.326
1995.000	118.570
1995.000	118.814
1995.000	119.058
1995.000	119.302
1995.000	119.546
1995.000	119.790
1995.000	120.034
1995.000	120.279
1995.000	120.523
1995.000	120.768
1995.000	121.013
1995.000	121.257
1995.000	121.502
1995.000	121.747
1995.000	121.992
1995.000	122.237
1995.000	122.483
1995.000	122.728
1995.000	122.973
1995.000	123.219
1995.000	123.464
1995.000	123.710
1995.000	123.956
1995.000	124.202
1995.000	124.448
1995.000	124.694
1995.000	124.940
1995.000	125.186
1995.000	125.432
1995.000	125.678
1995.000	125.925
1995.000	126.171
1995.000	126.418
1995.000	126.665
1995.000	126.911
1995.000	127.158
1995.000	127.405
1995.000	127.652
1995.000	127.899
1995.000	128.146
1995.000	128.394
1995.000	128.641
1995.000	128.888
1995.000	129.136
1995.000	129.383
1995.000	129.631
1995.000	129.879
1995.000	130.127
1995.000	130.374
1995.000	130.622
1995.000	130.870
1995.000	131.119
1995.000	131.367
1995.000	131.615
1995.000	131.863
1995.000	132.112
1995.000	132.360
1995.000	132.609
1995.000	132.857
1995.000	133.106
1995.000	133.355
1995.000	133.604
1995.000	133.852
1995.000	134.101
1995.000	134.350
1995.000	134.600
1995.000	134.849
