<j>	<F>
1.246	20.230
3.002	11.614
4.179	10.899
5.196	11.156
6.054	12.657
7.215	14.244
8.585	11.436
9.532	12.759
11.137	12.035
12.467	10.583
13.346	11.228
14.237	12.121
15.522	12.358
17.083	11.206
18.031	11.225
18.729	12.104
19.440	13.182
20.367	13.904
21.486	13.900
22.550	13.992
23.598	14.074
24.543	14.400
25.496	14.789
26.692	14.889
28.339	13.899
29.759	13.131
30.782	13.117
31.548	13.591
32.242	14.305
32.951	15.017
33.668	15.788
34.659	16.272
36.382	15.425
38.246	13.966
39.354	13.671
40.058	14.153
40.693	14.825
41.311	15.561
41.954	16.348
42.828	16.894
44.396	16.488
47.021	14.592
49.278	12.927
50.306	12.732
50.847	13.227
51.368	13.878
52.136	14.383
53.392	14.399
54.975	13.902
56.180	13.619
56.831	13.932
57.242	14.605
57.644	15.395
58.184	16.123
59.043	16.540
60.413	16.340
62.128	15.617
63.566	15.095
64.501	15.129
65.151	15.527
65.716	16.077
66.315	16.641
67.037	17.098
67.946	17.346
69.090	17.324
70.581	16.948
72.480	16.152
74.343	15.315
75.630	14.992
76.493	15.141
77.473	15.351
79.355	15.035
82.678	13.725
85.950	12.324
87.839	11.757
88.864	11.722
89.525	11.900
90.007	12.186
90.395	12.540
90.742	12.941
91.088	13.369
91.469	13.806
91.919	14.227
92.476	14.602
93.164	14.901
93.977	15.113
94.877	15.255
95.812	15.364
96.766	15.461
97.775	15.532
98.919	15.526
100.275	15.387
101.845	15.110
103.539	14.755
105.236	14.403
106.832	14.111
108.221	13.924
109.327	13.877
110.148	13.980
110.755	14.210
111.248	14.524
111.742	14.869
112.371	15.171
113.303	15.331
114.711	15.234
116.582	14.858
118.546	14.389
120.167	14.072
121.324	13.985
122.117	14.086
122.670	14.318
123.085	14.638
123.439	15.012
123.804	15.407
124.257	15.780
124.911	16.069
125.927	16.174
127.442	16.000
129.326	15.585
131.114	15.176
132.486	14.978
133.537	14.971
134.555	15.027
135.900	14.984
138.002	14.662
141.060	13.964
144.396	13.129
146.953	12.555
148.521	12.336
149.469	12.347
150.136	12.469
150.717	12.634
151.315	12.805
151.990	12.960
152.768	13.084
153.647	13.174
154.591	13.237
155.543	13.290
156.447	13.354
157.284	13.440
158.082	13.546
158.909	13.651
159.864	13.726
161.045	13.734
162.496	13.652
164.133	13.496
165.741	13.329
167.100	13.224
168.120	13.221
168.843	13.314
169.359	13.481
169.750	13.699
170.076	13.948
170.380	14.216
170.692	14.492
171.039	14.767
171.447	15.030
171.947	15.268
172.587	15.462
173.465	15.580
174.788	15.554
176.933	15.266
180.220	14.614
184.168	13.743
187.537	13.035
189.773	12.668
191.169	12.552
192.106	12.572
192.798	12.662
193.351	12.793
193.817	12.950
194.232	13.126
194.621	13.315
195.003	13.510
195.390	13.710
195.788	13.911
196.201	14.113
196.628	14.314
197.074	14.515
197.552	14.712
198.096	14.896
198.783	15.046
199.758	15.122
201.234	15.056
203.389	14.790
206.070	14.352
208.703	13.904
210.798	13.601
212.340	13.459
213.572	13.418
214.717	13.412
215.892	13.404
217.124	13.382
218.371	13.351
219.557	13.328
220.618	13.331
221.525	13.368
222.295	13.441
222.978	13.539
223.648	13.648
224.406	13.746
225.384	13.803
226.751	13.781
228.651	13.641
231.055	13.382
233.631	13.067
235.903	12.801
237.598	12.649
238.750	12.614
239.533	12.662
240.109	12.760
240.586	12.885
241.033	13.021
241.490	13.160
241.989	13.294
242.555	13.417
243.215	13.524
243.992	13.607
244.904	13.662
245.955	13.686
247.132	13.681
248.398	13.654
249.704	13.615
251.005	13.575
252.275	13.541
253.513	13.514
254.734	13.493
255.964	13.472
257.225	13.447
258.530	13.414
259.878	13.372
261.247	13.324
262.596	13.278
263.871	13.242
265.018	13.228
266.001	13.243
266.810	13.292
267.460	13.372
267.979	13.481
268.400	13.613
268.757	13.761
269.077	13.922
269.388	14.089
269.711	14.258
270.070	14.424
270.491	14.581
271.005	14.722
271.660	14.835
272.519	14.907
273.673	14.918
275.219	14.844
277.210	14.673
279.545	14.421
281.943	14.146
284.081	13.918
285.806	13.774
287.167	13.710
288.324	13.695
289.435	13.697
290.618	13.692
291.926	13.665
293.353	13.614
294.840	13.550
296.313	13.484
297.720	13.430
299.043	13.390
300.296	13.365
301.495	13.349
302.647	13.341
303.734	13.343
304.731	13.358
305.613	13.391
306.368	13.445
307.000	13.521
307.527	13.618
307.974	13.730
308.367	13.856
308.731	13.989
309.086	14.128
309.451	14.268
309.841	14.405
310.268	14.538
310.739	14.665
311.258	14.783
311.822	14.893
312.422	14.996
313.042	15.094
313.662	15.191
314.264	15.293
314.829	15.401
315.348	15.521
315.820	15.652
316.248	15.796
316.644	15.949
317.020	16.110
317.397	16.275
317.800	16.438
318.273	16.591
318.922	16.712
320.028	16.749
322.380	16.562
327.606	15.856
336.378	14.508
344.758	13.214
349.456	12.562
351.597	12.359
352.713	12.336
353.479	12.374
354.125	12.433
354.726	12.499
355.300	12.570
355.853	12.644
356.380	12.722
356.877	12.804
357.340	12.891
357.766	12.984
358.156	13.083
358.512	13.188
358.838	13.299
359.142	13.415
359.432	13.535
359.723	13.658
360.032	13.781
360.385	13.900
360.817	14.010
361.376	14.104
362.126	14.173
363.137	14.203
364.473	14.184
366.145	14.112
368.076	13.995
370.093	13.858
371.995	13.733
373.646	13.642
375.018	13.594
376.172	13.580
377.203	13.589
378.213	13.606
379.297	13.616
380.537	13.609
382.002	13.572
383.734	13.502
385.727	13.396
387.925	13.263
390.228	13.115
392.534	12.968
394.771	12.831
396.908	12.709
398.935	12.602
400.841	12.511
402.601	12.436
404.182	12.381
405.557	12.347
406.719	12.337
407.681	12.349
408.472	12.381
409.129	12.429
409.691	12.489
410.192	12.557
410.663	12.631
411.132	12.706
411.623	12.781
412.162	12.851
412.778	12.915
413.509	12.968
414.405	13.003
415.534	13.015
416.979	12.994
418.827	12.930
421.126	12.818
423.833	12.660
426.769	12.475
429.650	12.290
432.205	12.136
434.277	12.028
435.853	11.971
437.007	11.957
437.843	11.977
438.455	12.022
438.917	12.083
439.278	12.155
439.574	12.236
439.827	12.323
440.053	12.414
440.261	12.508
440.460	12.604
440.655	12.703
440.849	12.803
441.048	12.903
441.254	13.005
441.471	13.107
441.703	13.208
441.957	13.309
442.240	13.407
442.568	13.503
442.968	13.592
443.492	13.670
444.237	13.728
445.385	13.746
447.243	13.694
450.237	13.528
454.694	13.212
460.356	12.769
466.137	12.305
470.858	11.939
474.121	11.715
476.207	11.609
477.555	11.576
478.492	11.585
479.205	11.616
479.792	11.659
480.302	11.710
480.757	11.767
481.172	11.827
481.551	11.891
481.903	11.959
482.229	12.029
482.536	12.101
482.826	12.176
483.103	12.253
483.371	12.332
483.636	12.411
483.900	12.492
484.171	12.574
484.455	12.655
484.760	12.735
485.099	12.814
485.484	12.889
485.936	12.959
486.477	13.021
487.136	13.074
487.943	13.112
488.929	13.133
490.110	13.135
491.485	13.117
493.017	13.081
494.633	13.035
496.241	12.986
497.742	12.945
499.066	12.919
500.176	12.914
501.073	12.930
501.784	12.964
502.344	13.015
502.791	13.078
503.160	13.150
503.483	13.229
503.783	13.311
504.086	13.395
504.414	13.478
504.793	13.557
505.255	13.630
505.840	13.691
506.598	13.737
507.589	13.760
508.877	13.753
510.514	13.711
512.514	13.631
514.822	13.518
517.312	13.384
519.811	13.247
522.164	13.123
524.272	13.023
526.109	12.950
527.696	12.901
529.072	12.873
530.274	12.862
531.335	12.864
532.275	12.878
533.110	12.901
533.851	12.933
534.509	12.974
535.096	13.021
535.621	13.074
536.096	13.133
536.531	13.196
536.934	13.262
537.314	13.332
537.679	13.404
538.035	13.478
538.387	13.553
538.740	13.628
539.100	13.704
539.470	13.779
539.856	13.854
540.264	13.927
540.702	13.997
541.185	14.065
541.730	14.127
542.368	14.180
543.144	14.221
544.120	14.243
545.378	14.238
547.012	14.197
549.096	14.111
551.632	13.978
554.502	13.811
557.465	13.630
560.245	13.465
562.645	13.334
564.613	13.246
566.218	13.194
567.599	13.168
568.934	13.151
570.434	13.128
572.351	13.078
574.981	12.977
578.585	12.807
583.209	12.560
588.487	12.261
593.682	11.964
598.093	11.720
601.415	11.553
603.741	11.458
605.332	11.416
606.446	11.410
607.271	11.426
607.929	11.455
608.491	11.490
608.998	11.530
609.473	11.573
609.930	11.618
610.376	11.663
610.815	11.709
611.249	11.756
611.680	11.803
612.110	11.851
612.539	11.899
612.969	11.948
613.400	11.996
613.832	12.045
614.266	12.094
614.701	12.143
615.140	12.192
615.581	12.242
616.025	12.291
616.472	12.341
616.924	12.390
617.382	12.439
617.848	12.489
618.325	12.537
618.818	12.585
619.333	12.632
619.877	12.677
620.464	12.719
621.107	12.758
621.829	12.792
622.655	12.819
623.619	12.836
624.765	12.841
626.138	12.830
627.785	12.800
629.743	12.748
632.018	12.673
634.570	12.578
637.301	12.470
640.073	12.357
642.736	12.250
645.165	12.159
647.292	12.088
649.103	12.038
650.625	12.008
651.911	11.995
653.016	11.994
654.000	12.003
654.910	12.017
655.793	12.034
656.684	12.051
657.615	12.067
658.612	12.079
659.690	12.086
660.857	12.087
662.111	12.083
663.437	12.074
664.807	12.061
666.188	12.047
667.540	12.033
668.825	12.023
670.015	12.018
671.091	12.020
672.044	12.030
672.877	12.047
673.601	12.071
674.229	12.101
674.780	12.137
675.272	12.177
675.721	12.221
676.144	12.267
676.557	12.314
676.974	12.361
677.407	12.408
677.871	12.453
678.376	12.496
678.933	12.536
679.552	12.573
680.240	12.605
681.003	12.632
681.842	12.654
682.753	12.671
683.730	12.684
684.758	12.692
685.824	12.698
686.907	12.702
687.991	12.705
689.061	12.710
690.106	12.715
691.121	12.723
692.106	12.732
693.068	12.743
694.016	12.756
694.965	12.769
695.930	12.781
696.927	12.791
697.973	12.799
699.080	12.802
700.258	12.801
701.510	12.795
702.832	12.785
704.208	12.770
705.616	12.752
707.023	12.734
708.394	12.718
709.695	12.705
710.899	12.698
711.986	12.698
712.948	12.707
713.783	12.723
714.502	12.748
715.117	12.780
715.646	12.818
716.105	12.861
716.515	12.908
716.896	12.958
717.268	13.009
717.655	13.060
718.086	13.110
718.595	13.155
719.224	13.193
720.026	13.221
721.066	13.233
722.413	13.226
724.130	13.195
726.252	13.137
728.754	13.053
731.536	12.949
734.424	12.835
737.218	12.726
739.751	12.631
741.929	12.559
743.735	12.511
745.206	12.484
746.407	12.476
747.403	12.481
748.251	12.495
748.996	12.517
749.671	12.544
750.298	12.574
750.895	12.607
751.474	12.640
752.047	12.675
752.623	12.710
753.210	12.744
753.820	12.777
754.462	12.809
755.148	12.838
755.888	12.864
756.693	12.887
757.573	12.904
758.532	12.917
759.575	12.925
760.697	12.927
761.890	12.925
763.140	12.919
764.426	12.910
765.726	12.899
767.019	12.889
768.286	12.880
769.514	12.873
770.697	12.869
771.835	12.868
772.932	12.870
773.999	12.873
775.045	12.878
776.082	12.884
777.118	12.890
778.162	12.896
779.217	12.901
780.285	12.905
781.364	12.909
782.451	12.912
783.540	12.915
784.627	12.917
785.707	12.920
786.774	12.924
787.827	12.929
788.863	12.934
789.880	12.941
790.878	12.948
791.854	12.957
792.807	12.968
793.734	12.980
794.632	12.993
795.499	13.009
796.331	13.026
797.126	13.046
797.884	13.068
798.606	13.092
799.293	13.118
799.951	13.147
800.586	13.177
801.203	13.209
801.811	13.241
802.419	13.274
803.036	13.306
803.670	13.338
804.330	13.368
805.021	13.396
805.748	13.422
806.513	13.446
807.314	13.467
808.148	13.486
809.005	13.504
809.878	13.520
810.752	13.536
811.615	13.552
812.455	13.570
813.262	13.589
814.029	13.611
814.750	13.636
815.426	13.664
816.059	13.695
816.653	13.728
817.214	13.765
817.751	13.803
818.273	13.842
818.789	13.882
819.310	13.923
819.846	13.962
820.409	14.001
821.012	14.036
821.669	14.069
822.395	14.097
823.205	14.120
824.117	14.136
825.147	14.144
826.309	14.144
827.613	14.133
829.059	14.113
830.639	14.083
832.331	14.046
834.100	14.002
835.906	13.956
837.711	13.909
839.478	13.865
841.186	13.825
842.827	13.789
844.404	13.758
845.930	13.731
847.424	13.706
848.902	13.683
850.379	13.660
851.859	13.638
853.346	13.615
854.830	13.592
856.301	13.570
857.744	13.549
859.145	13.531
860.491	13.516
861.772	13.504
862.984	13.497
864.124	13.495
865.194	13.496
866.195	13.502
867.133	13.512
868.012	13.525
868.838	13.542
869.615	13.562
870.348	13.584
871.042	13.609
871.701	13.637
872.330	13.666
872.934	13.697
873.518	13.730
874.086	13.763
874.643	13.798
875.195	13.833
875.746	13.868
876.301	13.904
876.867	13.939
877.449	13.973
878.053	14.006
878.685	14.037
879.353	14.066
880.063	14.093
880.823	14.117
881.640	14.137
882.521	14.153
883.473	14.165
884.505	14.172
885.624	14.173
886.840	14.168
888.162	14.156
889.606	14.137
891.187	14.110
892.919	14.073
894.814	14.027
896.873	13.971
899.080	13.905
901.396	13.833
903.760	13.758
906.094	13.684
908.320	13.616
910.370	13.558
912.204	13.512
913.806	13.480
915.185	13.461
916.367	13.454
917.387	13.457
918.281	13.468
919.084	13.484
919.831	13.505
920.551	13.527
921.271	13.550
922.018	13.572
922.817	13.592
923.693	13.608
924.673	13.618
925.782	13.621
927.044	13.616
928.478	13.602
930.094	13.577
931.883	13.542
933.822	13.499
935.869	13.449
937.961	13.395
940.032	13.343
942.016	13.294
943.863	13.252
945.538	13.220
947.031	13.197
948.343	13.184
949.489	13.180
950.493	13.184
951.376	13.195
952.164	13.211
952.880	13.232
953.545	13.255
954.179	13.281
954.802	13.307
955.431	13.334
956.088	13.360
956.791	13.383
957.560	13.404
958.415	13.420
959.376	13.431
960.458	13.435
961.675	13.433
963.028	13.423
964.509	13.406
966.098	13.383
967.761	13.355
969.455	13.325
971.133	13.296
972.749	13.268
974.268	13.246
975.665	13.230
976.929	13.220
978.059	13.218
979.066	13.222
979.962	13.232
980.764	13.247
981.489	13.266
982.152	13.289
982.766	13.314
983.345	13.342
983.895	13.372
984.428	13.402
984.948	13.434
985.462	13.465
985.977	13.498
986.498	13.530
987.033	13.561
987.590	13.592
988.183	13.621
988.829	13.648
989.555	13.670
990.397	13.688
991.411	13.697
992.669	13.695
994.267	13.676
996.316	13.635
998.924	13.567
1002.156	13.468
1005.970	13.340
1010.180	13.190
1014.480	13.035
1018.513	12.891
1022.012	12.771
1024.847	12.683
1027.032	12.626
1028.664	12.596
1029.865	12.587
1030.753	12.594
1031.423	12.612
1031.946	12.637
1032.375	12.668
1032.743	12.701
1033.076	12.737
1033.389	12.774
1033.695	12.812
1034.000	12.850
1034.310	12.888
1034.629	12.925
1034.958	12.963
1035.300	13.000
1035.657	13.037
1036.031	13.073
1036.422	13.108
1036.833	13.143
1037.267	13.176
1037.727	13.209
1038.220	13.240
1038.750	13.270
1039.328	13.297
1039.965	13.322
1040.675	13.344
1041.477	13.362
1042.387	13.374
1043.430	13.381
1044.624	13.380
1045.986	13.371
1047.526	13.354
1049.234	13.328
1051.093	13.295
1053.060	13.256
1055.079	13.214
1057.086	13.171
1059.018	13.132
1060.824	13.098
1062.472	13.071
1063.944	13.052
1065.247	13.042
1066.393	13.039
1067.407	13.042
1068.316	13.051
1069.145	13.063
1069.918	13.079
1070.656	13.097
1071.376	13.115
1072.093	13.134
1072.815	13.153
1073.551	13.171
1074.303	13.189
1075.075	13.206
1075.864	13.222
1076.666	13.237
1077.479	13.252
1078.293	13.267
1079.104	13.281
1079.901	13.296
1080.679	13.312
1081.430	13.329
1082.147	13.348
1082.827	13.368
1083.464	13.390
1084.059	13.415
1084.609	13.441
1085.115	13.470
1085.578	13.501
1086.000	13.534
1086.385	13.569
1086.733	13.606
1087.049	13.645
1087.336	13.686
1087.596	13.728
1087.833	13.771
1088.049	13.816
1088.246	13.862
1088.427	13.909
1088.594	13.957
1088.749	14.006
1088.894	14.056
1089.030	14.107
1089.158	14.159
1089.281	14.211
1089.398	14.264
1089.513	14.317
1089.625	14.371
1089.736	14.425
1089.848	14.479
1089.963	14.534
1090.083	14.589
1090.212	14.644
1090.355	14.698
1090.521	14.752
1090.719	14.804
1090.971	14.854
1091.305	14.900
1091.771	14.940
1092.446	14.969
1093.452	14.981
1094.979	14.967
1097.289	14.913
1100.696	14.802
1105.459	14.621
1111.560	14.370
1118.515	14.076
1125.468	13.780
1131.616	13.526
1136.575	13.332
1140.396	13.197
1143.332	13.107
1145.663	13.049
1147.599	13.010
1149.291	12.983
1150.825	12.964
1152.262	12.950
1153.637	12.940
1154.975	12.931
1156.293	12.923
1157.606	12.915
1158.922	12.908
1160.244	12.900
1161.574	12.892
1162.907	12.884
1164.238	12.876
1165.555	12.868
1166.848	12.861
1168.104	12.856
1169.313	12.852
1170.464	12.851
1171.552	12.851
1172.573	12.855
1173.525	12.861
1174.413	12.870
1175.240	12.882
1176.012	12.896
1176.738	12.912
1177.427	12.929
1178.087	12.948
1178.728	12.968
1179.359	12.989
1179.988	13.009
1180.625	13.030
1181.276	13.050
1181.951	13.069
1182.654	13.087
1183.393	13.104
1184.170	13.119
1184.989	13.133
1185.850	13.145
1186.751	13.155
1187.689	13.163
1188.657	13.170
1189.648	13.176
1190.651	13.182
1191.655	13.187
1192.648	13.192
1193.622	13.198
1194.565	13.205
1195.473	13.214
1196.338	13.224
1197.162	13.236
1197.942	13.250
1198.686	13.266
1199.399	13.283
1200.092	13.301
1200.776	13.319
1201.469	13.338
1202.189	13.356
1202.956	13.372
1203.798	13.385
1204.743	13.394
1205.822	13.399
1207.066	13.396
1208.506	13.386
1210.161	13.366
1212.041	13.338
1214.131	13.300
1216.398	13.255
1218.778	13.204
1221.195	13.152
1223.566	13.100
1225.815	13.053
1227.886	13.013
1229.748	12.981
1231.395	12.958
1232.837	12.943
1234.101	12.936
1235.216	12.935
1236.218	12.938
1237.136	12.946
1237.999	12.956
1238.830	12.967
1239.651	12.979
1240.479	12.991
1241.329	13.002
1242.212	13.013
1243.138	13.021
1244.115	13.028
1245.149	13.033
1246.246	13.035
1247.408	13.035
1248.637	13.032
1249.934	13.026
1251.297	13.018
1252.724	13.008
1254.212	12.995
1255.755	12.980
1257.346	12.963
1258.978	12.944
1260.643	12.924
1262.329	12.903
1264.026	12.882
1265.722	12.861
1267.406	12.840
1269.065	12.820
1270.690	12.802
1272.271	12.785
1273.803	12.769
1275.278	12.756
1276.696	12.745
1278.053	12.736
1279.349	12.730
1280.585	12.726
1281.763	12.723
1282.883	12.723
1283.947	12.725
1284.956	12.729
1285.910	12.735
1286.809	12.743
1287.656	12.753
1288.448	12.764
1289.189	12.778
1289.876	12.794
1290.515	12.811
1291.102	12.831
1291.645	12.852
1292.141	12.874
1292.597	12.899
1293.013	12.925
1293.394	12.952
1293.742	12.981
1294.062	13.011
1294.355	13.042
1294.626	13.075
1294.878	13.108
1295.114	13.142
1295.336	13.176
1295.548	13.211
1295.753	13.247
1295.954	13.283
1296.153	13.319
1296.355	13.356
1296.564	13.392
1296.783	13.428
1297.018	13.464
1297.276	13.499
1297.567	13.533
1297.901	13.566
1298.293	13.596
1298.763	13.624
1299.338	13.648
1300.051	13.667
1300.947	13.679
1302.081	13.682
1303.518	13.674
1305.329	13.651
1307.579	13.611
1310.312	13.553
1313.528	13.476
1317.153	13.382
1321.046	13.278
1325.007	13.170
1328.825	13.067
1332.325	12.976
1335.403	12.900
1338.022	12.841
1340.209	12.799
1342.019	12.771
1343.518	12.755
1344.772	12.748
1345.838	12.748
1346.761	12.754
1347.576	12.764
1348.311	12.777
1348.984	12.793
1349.611	12.810
1350.203	12.828
1350.769	12.848
1351.314	12.869
1351.846	12.890
1352.366	12.911
1352.880	12.933
1353.389	12.955
1353.896	12.977
1354.402	13.000
1354.909	13.022
1355.419	13.045
1355.931	13.067
1356.447	13.089
1356.966	13.111
1357.489	13.133
1358.015	13.155
1358.545	13.177
1359.077	13.199
1359.612	13.221
1360.147	13.243
1360.683	13.265
1361.220	13.287
1361.757	13.309
1362.292	13.331
1362.829	13.353
1363.366	13.375
1363.904	13.397
1364.446	13.419
1364.991	13.441
1365.544	13.463
1366.107	13.484
1366.685	13.505
1367.280	13.525
1367.901	13.545
1368.551	13.564
1369.238	13.581
1369.969	13.596
1370.753	13.610
1371.599	13.621
1372.513	13.630
1373.507	13.636
1374.584	13.639
1375.753	13.638
1377.014	13.634
1378.366	13.626
1379.804	13.615
1381.316	13.600
1382.889	13.584
1384.501	13.565
1386.131	13.546
1387.755	13.526
1389.352	13.508
1390.902	13.491
1392.394	13.476
1393.816	13.464
1395.167	13.455
1396.448	13.448
1397.669	13.443
1398.838	13.441
1399.967	13.440
1401.073	13.441
1402.168	13.442
1403.268	13.443
1404.383	13.443
1405.526	13.443
1406.702	13.441
1407.916	13.438
1409.167	13.434
1410.451	13.428
1411.758	13.422
1413.076	13.415
1414.391	13.407
1415.683	13.401
1416.939	13.395
1418.141	13.392
1419.277	13.390
1420.337	13.392
1421.316	13.396
1422.210	13.403
1423.021	13.413
1423.751	13.426
1424.405	13.443
1424.991	13.461
1425.513	13.482
1425.980	13.506
1426.400	13.531
1426.777	13.558
1427.120	13.586
1427.433	13.616
1427.724	13.646
1427.996	13.678
1428.255	13.710
1428.506	13.743
1428.754	13.776
1429.005	13.809
1429.266	13.842
1429.545	13.874
1429.851	13.906
1430.199	13.937
1430.604	13.965
1431.091	13.991
1431.691	14.012
1432.444	14.029
1433.406	14.038
1434.643	14.037
1436.239	14.023
1438.279	13.993
1440.847	13.943
1443.991	13.873
1447.689	13.781
1451.839	13.673
1456.228	13.555
1460.606	13.437
1464.707	13.328
1468.356	13.234
1471.457	13.161
1474.014	13.106
1476.082	13.070
1477.745	13.048
1479.093	13.037
1480.201	13.036
1481.135	13.040
1481.944	13.050
1482.668	13.062
1483.337	13.077
1483.974	13.093
1484.599	13.110
1485.226	13.127
1485.868	13.143
1486.536	13.159
1487.238	13.174
1487.987	13.187
1488.784	13.199
1489.637	13.208
1490.547	13.216
1491.514	13.222
1492.537	13.226
1493.607	13.229
1494.721	13.230
1495.862	13.230
1497.022	13.229
1498.183	13.227
1499.333	13.226
1500.460	13.226
1501.548	13.227
1502.594	13.229
1503.587	13.233
1504.527	13.238
1505.412	13.246
1506.246	13.255
1507.034	13.266
1507.780	13.278
1508.495	13.291
1509.185	13.306
1509.858	13.321
1510.525	13.336
1511.192	13.352
1511.868	13.367
1512.558	13.382
1513.270	13.396
1514.005	13.410
1514.769	13.422
1515.560	13.434
1516.381	13.444
1517.226	13.454
1518.093	13.463
1518.975	13.471
1519.867	13.479
1520.759	13.487
1521.644	13.495
1522.513	13.503
1523.359	13.513
1524.176	13.523
1524.957	13.534
1525.698	13.546
1526.397	13.560
1527.054	13.576
1527.668	13.593
1528.240	13.611
1528.774	13.631
1529.273	13.653
1529.741	13.675
1530.182	13.698
1530.601	13.723
1531.004	13.748
1531.396	13.773
1531.783	13.799
1532.172	13.825
1532.570	13.851
1532.988	13.877
1533.435	13.901
1533.925	13.924
1534.474	13.945
1535.104	13.964
1535.844	13.979
1536.726	13.989
1537.795	13.994
1539.103	13.990
1540.712	13.975
1542.687	13.949
1545.090	13.908
1547.963	13.851
1551.311	13.777
1555.088	13.689
1559.177	13.590
1563.415	13.486
1567.612	13.383
1571.599	13.287
1575.259	13.202
1578.531	13.130
1581.416	13.071
1583.952	13.024
1586.198	12.987
1588.215	12.958
1590.062	12.935
1591.788	12.916
1593.431	12.900
1595.019	12.886
1596.573	12.873
1598.105	12.861
1599.622	12.850
1601.126	12.839
1602.618	12.828
1604.092	12.818
1605.546	12.808
1606.974	12.799
1608.371	12.791
1609.734	12.784
1611.057	12.778
1612.341	12.774
1613.583	12.770
1614.783	12.768
1615.947	12.767
1617.076	12.767
1618.178	12.767
1619.260	12.769
1620.333	12.771
1621.408	12.773
1622.499	12.774
1623.624	12.775
1624.799	12.774
1626.046	12.772
1627.387	12.767
1628.843	12.760
1630.437	12.748
1632.187	12.732
1634.104	12.712
1636.198	12.687
1638.459	12.657
1640.869	12.623
1643.399	12.586
1645.995	12.546
1648.616	12.506
1651.199	12.466
1653.695	12.429
1656.062	12.395
1658.264	12.365
1660.291	12.340
1662.130	12.320
1663.791	12.305
1665.283	12.295
1666.623	12.288
1667.829	12.285
1668.919	12.286
1669.910	12.289
1670.817	12.295
1671.653	12.302
1672.430	12.311
1673.158	12.322
1673.845	12.333
1674.496	12.346
1675.117	12.359
1675.713	12.373
1676.287	12.388
1676.844	12.403
1677.385	12.419
1677.913	12.435
1678.431	12.452
1678.941	12.469
1679.444	12.486
1679.943	12.503
1680.441	12.520
1680.938	12.537
1681.437	12.555
1681.939	12.572
1682.446	12.589
1682.961	12.606
1683.484	12.623
1684.017	12.639
1684.562	12.656
1685.119	12.672
1685.690	12.687
1686.275	12.703
1686.875	12.718
1687.491	12.732
1688.122	12.746
1688.770	12.760
1689.432	12.773
1690.108	12.786
1690.800	12.799
1691.502	12.811
1692.217	12.823
1692.943	12.834
1693.677	12.846
1694.421	12.857
1695.172	12.867
1695.930	12.878
1696.697	12.888
1697.471	12.899
1698.256	12.909
1699.055	12.918
1699.868	12.927
1700.705	12.936
1701.568	12.944
1702.466	12.951
1703.411	12.957
1704.409	12.961
1705.474	12.964
1706.621	12.964
1707.859	12.962
1709.207	12.957
1710.670	12.949
1712.260	12.938
1713.980	12.923
1715.825	12.904
1717.788	12.882
1719.850	12.857
1721.978	12.831
1724.144	12.803
1726.307	12.775
1728.424	12.748
1730.467	12.722
1732.395	12.700
1734.191	12.681
1735.842	12.666
1737.336	12.655
1738.678	12.648
1739.875	12.645
1740.934	12.646
1741.871	12.650
1742.696	12.658
1743.425	12.668
1744.070	12.680
1744.642	12.694
1745.152	12.710
1745.609	12.728
1746.020	12.747
1746.392	12.767
1746.731	12.788
1747.042	12.810
1747.329	12.833
1747.596	12.856
1747.845	12.880
1748.080	12.904
1748.303	12.929
1748.516	12.954
1748.722	12.980
1748.922	13.006
1749.119	13.032
1749.315	13.058
1749.511	13.084
1749.711	13.110
1749.917	13.136
1750.132	13.162
1750.360	13.188
1750.603	13.213
1750.867	13.238
1751.157	13.263
1751.476	13.286
1751.835	13.309
1752.238	13.330
1752.694	13.351
1753.215	13.369
1753.808	13.385
1754.484	13.399
1755.257	13.410
1756.134	13.419
1757.126	13.424
1758.243	13.425
1759.482	13.423
1760.850	13.417
1762.330	13.408
1763.916	13.395
1765.582	13.380
1767.303	13.363
1769.046	13.345
1770.779	13.327
1772.468	13.311
1774.087	13.296
1775.610	13.283
1777.022	13.274
1778.315	13.268
1779.485	13.265
1780.534	13.266
1781.471	13.270
1782.303	13.278
1783.042	13.288
1783.698	13.300
1784.284	13.315
1784.808	13.332
1785.282	13.350
1785.714	13.369
1786.111	13.390
1786.482	13.411
1786.829	13.434
1787.162	13.456
1787.484	13.480
1787.798	13.503
1788.110	13.527
1788.424	13.551
1788.742	13.574
1789.069	13.598
1789.409	13.621
1789.765	13.644
1790.142	13.667
1790.542	13.688
1790.971	13.709
1791.433	13.729
1791.932	13.748
1792.474	13.766
1793.063	13.783
1793.703	13.798
1794.399	13.811
1795.154	13.823
1795.975	13.832
1796.861	13.840
1797.816	13.846
1798.840	13.849
1799.934	13.850
1801.094	13.849
1802.319	13.847
1803.603	13.842
1804.939	13.836
1806.322	13.828
1807.745	13.819
1809.199	13.809
1810.679	13.798
1812.178	13.787
1813.690	13.775
1815.214	13.763
1816.744	13.750
1818.284	13.738
1819.830	13.725
1821.388	13.712
1822.956	13.699
1824.541	13.685
1826.145	13.671
1827.769	13.656
1829.417	13.641
1831.092	13.625
1832.790	13.608
1834.513	13.591
1836.257	13.573
1838.017	13.555
1839.787	13.536
1841.562	13.518
1843.328	13.499
1845.080	13.481
1846.809	13.464
1848.501	13.447
1850.151	13.432
1851.752	13.418
1853.295	13.406
1854.775	13.395
1856.191	13.386
1857.537	13.379
1858.815	13.374
1860.023	13.371
1861.162	13.370
1862.235	13.371
1863.243	13.374
1864.190	13.378
1865.080	13.384
1865.917	13.391
1866.704	13.400
1867.448	13.410
1868.155	13.421
1868.828	13.433
1869.479	13.446
1870.114	13.460
1870.742	13.473
1871.376	13.487
1872.031	13.500
1872.721	13.513
1873.468	13.524
1874.295	13.533
1875.227	13.539
1876.297	13.542
1877.539	13.541
1878.987	13.534
1880.674	13.520
1882.628	13.500
1884.860	13.472
1887.367	13.436
1890.115	13.394
1893.045	13.346
1896.081	13.295
1899.129	13.244
1902.083	13.194
1904.873	13.149
1907.435	13.109
1909.732	13.077
1911.763	13.051
1913.544	13.033
1915.096	13.020
1916.462	13.012
1917.677	13.009
1918.775	13.009
1919.793	13.011
1920.757	13.015
1921.690	13.020
1922.611	13.025
1923.533	13.031
1924.467	13.036
1925.418	13.040
1926.387	13.045
1927.378	13.048
1928.384	13.052
1929.401	13.055
1930.424	13.057
1931.443	13.060
1932.451	13.063
1933.440	13.066
1934.403	13.070
1935.331	13.075
1936.219	13.081
1937.063	13.088
1937.860	13.096
1938.609	13.105
1939.308	13.115
1939.960	13.127
1940.564	13.140
1941.124	13.154
1941.641	13.169
1942.121	13.186
1942.566	13.203
1942.979	13.221
1943.364	13.240
1943.724	13.260
1944.063	13.280
1944.384	13.301
1944.688	13.322
1944.980	13.344
1945.261	13.366
1945.533	13.388
1945.800	13.411
1946.062	13.434
1946.322	13.457
1946.582	13.480
1946.843	13.503
1947.108	13.526
1947.379	13.549
1947.659	13.572
1947.950	13.595
1948.257	13.617
1948.583	13.639
1948.933	13.660
1949.315	13.681
1949.736	13.700
1950.207	13.719
1950.740	13.736
1951.351	13.750
1952.061	13.763
1952.892	13.772
1953.874	13.777
1955.037	13.778
1956.417	13.772
1958.051	13.761
1959.970	13.741
1962.192	13.713
1964.727	13.677
1967.556	13.633
1970.627	13.583
1973.864	13.527
1977.171	13.469
1980.432	13.412
1983.548	13.359
1986.437	13.311
1989.039	13.271
1991.332	13.239
1993.320	13.214
1995.020	13.197
1996.462	13.187
1997.687	13.183
1998.729	13.184
1999.622	13.188
2000.396	13.196
2001.077	13.207
2001.685	13.219
2002.237	13.233
2002.748	13.248
2003.228	13.264
2003.687	13.281
2004.132	13.298
2004.568	13.316
2005.001	13.333
2005.434	13.351
2005.870	13.368
2006.313	13.386
2006.764	13.403
2007.225	13.420
2007.699	13.437
2008.185	13.454
2008.685	13.470
2009.200	13.486
2009.729	13.501
2010.273	13.516
2010.832	13.531
2011.404	13.546
2011.990	13.560
2012.587	13.574
2013.197	13.587
2013.817	13.600
2014.447	13.613
2015.086	13.626
2015.734	13.639
2016.391	13.651
2017.057	13.663
2017.735	13.675
2018.429	13.686
2019.142	13.697
2019.882	13.707
2020.659	13.717
2021.485	13.725
2022.376	13.732
2023.355	13.736
2024.447	13.738
2025.681	13.736
2027.094	13.730
2028.723	13.719
2030.607	13.701
2032.775	13.676
2035.249	13.643
2038.025	13.602
2041.075	13.554
2044.334	13.500
2047.717	13.443
2051.104	13.386
2054.383	13.331
2057.449	13.281
2060.224	13.237
2062.665	13.203
2064.756	13.176
2066.511	13.158
2067.958	13.148
2069.135	13.145
2070.085	13.147
2070.845	13.155
2071.453	13.166
2071.939	13.181
2072.328	13.198
2072.641	13.217
2072.895	13.237
2073.103	13.259
2073.275	13.282
2073.420	13.306
2073.543	13.331
2073.651	13.356
2073.746	13.381
2073.832	13.407
2073.911	13.433
2073.985	13.459
2074.056	13.485
2074.124	13.512
2074.192	13.538
2074.260	13.565
2074.328	13.592
2074.399	13.619
2074.473	13.646
2074.552	13.673
2074.635	13.699
2074.726	13.726
2074.825	13.753
2074.936	13.779
2075.060	13.806
2075.202	13.831
2075.365	13.857
2075.553	13.882
2075.775	13.906
2076.038	13.929
2076.351	13.951
2076.726	13.971
2077.179	13.990
2077.726	14.006
2078.389	14.019
2079.189	14.029
2080.155	14.035
2081.310	14.035
2082.683	14.030
2084.293	14.019
2086.153	14.001
2088.263	13.976
2090.602	13.945
2093.132	13.909
2095.798	13.869
2098.528	13.826
2101.243	13.784
2103.864	13.744
2106.335	13.708
2108.615	13.676
2110.684	13.650
2112.540	13.630
2114.201	13.614
2115.698	13.604
2117.064	13.597
2118.338	13.592
2119.564	13.589
2120.782	13.587
2122.031	13.584
2123.353	13.580
2124.786	13.573
2126.371	13.563
2128.140	13.548
2130.129	13.529
2132.365	13.504
2134.870	13.472
2137.642	13.434
2140.673	13.390
2143.937	13.341
2147.379	13.287
2150.923	13.231
2154.502	13.174
2158.029	13.118
2161.416	13.065
2164.609	13.017
2167.561	12.974
2170.231	12.938
2172.622	12.908
2174.733	12.884
2176.571	12.867
2178.171	12.855
2179.545	12.848
2180.722	12.845
2181.729	12.847
2182.585	12.852
2183.315	12.860
2183.934	12.870
2184.459	12.883
2184.906	12.897
2185.285	12.913
2185.609	12.930
2185.883	12.949
2186.118	12.968
2186.319	12.989
2186.491	13.010
2186.639	13.032
2186.768	13.054
2186.879	13.077
2186.977	13.100
2187.062	13.123
2187.138	13.147
2187.206	13.171
2187.267	13.195
2187.323	13.220
2187.375	13.244
2187.424	13.269
2187.471	13.294
2187.517	13.319
2187.562	13.344
2187.609	13.370
2187.657	13.395
2187.708	13.420
2187.763	13.446
2187.824	13.471
2187.894	13.496
2187.974	13.521
2188.069	13.546
2188.182	13.570
2188.320	13.594
2188.490	13.618
2188.702	13.640
2188.969	13.661
2189.310	13.681
2189.745	13.699
2190.308	13.714
2191.036	13.725
2191.979	13.731
2193.200	13.731
2194.770	13.723
2196.772	13.705
2199.291	13.676
2202.390	13.632
2206.103	13.575
2210.405	13.504
2215.194	13.421
2220.276	13.331
2225.413	13.239
2230.375	13.151
2234.930	13.071
2238.939	13.004
2242.357	12.950
2245.193	12.910
2247.495	12.881
2249.344	12.863
2250.829	12.853
2252.017	12.850
2252.973	12.852
2253.754	12.858
2254.398	12.867
2254.935	12.879
2255.393	12.893
2255.787	12.908
2256.132	12.925
2256.439	12.942
2256.715	12.960
2256.966	12.979
2257.199	12.998
2257.416	13.018
2257.621	13.037
2257.817	13.058
2258.005	13.078
2258.190	13.099
