<j>	var(j)
1.272	0.259
2.357	0.260
3.172	0.205
4.628	0.555
5.827	0.662
7.007	0.846
8.161	0.853
9.376	1.505
10.889	1.233
11.773	0.900
12.588	1.018
13.591	1.189
14.699	1.308
15.832	1.477
17.016	1.647
18.191	1.543
19.179	1.215
19.982	1.075
20.782	1.023
21.582	0.901
22.341	0.870
23.194	1.177
24.468	2.497
26.648	4.281
28.640	3.764
30.032	3.627
31.295	4.342
32.747	5.386
34.323	4.949
35.558	3.448
36.389	2.723
37.102	2.824
37.912	3.291
38.891	3.552
39.918	3.173
40.808	2.701
41.604	2.858
42.520	3.590
43.678	4.221
44.938	4.125
46.080	3.610
47.054	3.256
47.957	3.740
49.073	5.966
50.826	8.961
52.929	7.669
54.333	4.155
55.066	2.789
55.619	2.783
56.235	3.316
57.019	4.084
58.003	4.763
59.124	5.083
60.276	5.106
61.400	4.979
62.472	4.800
63.497	4.792
64.527	5.181
65.648	5.966
66.914	6.687
68.253	6.501
69.460	5.180
70.375	3.516
70.996	2.262
71.418	1.585
71.747	1.381
72.079	1.604
72.528	2.455
73.301	4.366
74.668	6.775
76.435	6.684
77.859	4.881
78.886	4.510
79.905	5.272
81.098	6.339
82.481	7.689
84.070	8.870
85.716	8.170
87.058	5.816
87.964	3.885
88.590	2.958
89.105	2.646
89.603	2.706
90.155	3.212
90.866	4.528
91.923	7.237
93.573	11.237
95.802	13.893
98.063	13.020
99.899	11.244
101.406	11.382
102.926	14.262
104.781	19.236
107.073	23.201
109.490	22.428
111.545	17.922
113.063	13.401
114.169	10.421
115.034	8.804
115.782	8.147
116.495	8.226
117.236	8.924
118.061	10.093
119.008	11.431
120.080	12.444
121.232	12.646
122.378	11.920
123.439	10.647
124.380	9.389
125.216	8.516
125.988	8.129
126.743	8.154
127.517	8.412
128.330	8.651
129.173	8.590
130.012	8.050
130.798	7.084
131.494	5.973
132.090	5.061
132.613	4.632
133.118	4.930
133.693	6.302
134.472	9.352
135.661	14.831
137.492	22.576
140.018	29.916
142.920	33.760
145.771	34.520
148.382	33.305
150.686	29.827
152.608	24.474
154.110	18.739
155.231	13.918
156.062	10.470
156.696	8.263
157.211	6.982
157.660	6.344
158.084	6.167
158.513	6.350
158.971	6.856
159.483	7.679
160.073	8.838
160.770	10.369
161.601	12.335
162.597	14.817
163.791	17.809
165.204	20.953
166.815	23.300
168.527	23.682
170.180	21.844
171.641	18.975
172.880	16.710
173.970	15.972
175.023	16.755
176.137	18.414
177.356	19.933
178.654	20.297
179.943	19.079
181.127	16.747
182.151	14.280
183.025	12.473
183.798	11.636
184.536	11.674
185.293	12.259
186.100	12.941
186.956	13.241
187.832	12.807
188.676	11.580
189.436	9.824
190.082	7.953
190.611	6.309
191.039	5.057
191.394	4.208
191.700	3.694
191.982	3.434
192.255	3.367
192.535	3.485
192.839	3.855
193.192	4.707
193.649	6.590
194.326	10.641
195.460	18.519
197.387	30.008
200.187	37.445
203.125	31.629
205.251	19.091
206.439	10.100
207.070	5.956
207.467	4.688
207.808	5.073
208.210	7.002
208.801	11.312
209.791	19.568
211.490	32.359
214.099	44.299
217.212	44.211
219.886	31.882
221.631	19.183
222.651	11.974
223.307	9.233
223.844	9.031
224.397	10.329
225.052	12.748
225.877	16.111
226.924	20.063
228.212	23.833
229.703	26.416
231.299	27.306
232.892	27.134
234.435	27.278
235.965	28.791
237.560	31.647
239.279	34.694
241.104	36.282
242.938	35.408
244.659	32.471
246.190	28.788
247.522	25.502
248.693	23.054
249.752	21.349
250.734	20.125
251.663	19.180
252.551	18.436
253.410	17.917
254.250	17.693
255.086	17.830
255.936	18.355
256.818	19.229
257.747	20.319
258.731	21.395
259.766	22.146
260.831	22.266
261.894	21.570
262.915	20.095
263.861	18.109
264.711	16.025
265.467	14.308
266.150	13.454
266.807	14.140
267.520	17.578
268.439	26.100
269.836	43.575
272.141	73.336
275.779	108.819
280.546	125.103
285.244	105.542
288.727	70.187
290.878	42.696
292.156	27.301
292.980	19.725
293.587	16.065
294.093	14.200
294.550	13.151
294.980	12.494
295.397	12.043
295.806	11.720
296.210	11.484
296.614	11.316
297.018	11.202
297.426	11.128
297.837	11.083
298.254	11.052
298.677	11.017
299.105	10.961
299.538	10.861
299.974	10.698
300.410	10.458
300.842	10.132
301.267	9.719
301.681	9.233
302.080	8.694
302.462	8.134
302.826	7.589
303.172	7.098
303.501	6.702
303.820	6.441
304.133	6.356
304.451	6.494
304.784	6.913
305.150	7.685
305.567	8.906
306.064	10.697
306.672	13.196
307.434	16.522
308.393	20.700
309.590	25.522
311.042	30.407
312.725	34.415
314.561	36.590
316.435	36.531
318.237	34.695
319.897	32.097
321.402	29.723
322.781	28.143
324.081	27.497
325.348	27.679
326.619	28.560
327.925	30.107
329.293	32.364
330.752	35.242
332.319	38.260
333.988	40.468
335.706	40.808
337.389	38.797
338.944	34.956
340.316	30.508
341.500	26.661
342.534	24.146
343.479	23.221
344.400	23.906
345.360	26.221
346.424	30.318
347.659	36.493
349.141	44.990
350.943	55.522
353.110	66.556
355.605	75.023
358.277	77.513
360.891	72.728
363.223	62.648
365.157	50.896
366.690	40.332
367.892	32.160
368.851	26.378
369.643	22.482
370.325	19.913
370.937	18.228
371.505	17.130
372.046	16.456
372.573	16.155
373.097	16.271
373.633	16.940
374.200	18.395
374.826	20.970
375.551	25.090
376.429	31.188
377.527	39.467
378.912	49.465
380.623	59.509
382.624	66.669
384.785	67.971
386.899	62.448
388.768	52.039
390.280	40.130
391.426	29.449
392.261	21.187
392.864	15.364
393.307	11.491
393.644	9.007
393.915	7.453
394.144	6.505
394.349	5.956
394.542	5.678
394.730	5.599
394.920	5.691
395.117	5.955
395.328	6.425
395.562	7.175
395.829	8.333
396.146	10.109
396.541	12.828
397.053	16.957
397.741	23.078
398.686	31.700
399.981	42.714
401.695	54.518
403.807	63.537
406.149	65.677
408.441	59.606
410.420	48.179
411.962	35.885
413.090	25.742
413.896	18.613
414.486	14.140
414.944	11.660
415.332	10.647
415.699	10.820
416.084	12.144
416.529	14.798
417.086	19.136
417.818	25.586
418.804	34.389
420.123	45.064
421.820	55.772
423.852	63.296
426.059	64.597
428.208	59.204
430.099	49.751
431.643	39.866
432.864	31.945
433.844	26.731
434.675	23.946
435.431	22.995
436.169	23.297
436.927	24.379
437.726	25.862
438.578	27.411
439.482	28.728
440.428	29.554
441.398	29.694
442.368	29.070
443.313	27.720
444.211	25.798
445.045	23.528
445.806	21.152
446.492	18.891
447.109	16.923
447.666	15.378
448.180	14.364
448.667	13.981
449.151	14.351
449.659	15.643
450.225	18.086
450.892	21.951
451.712	27.490
452.746	34.740
454.046	43.223
455.640	51.643
457.495	57.961
459.506	60.243
461.519	57.891
463.389	52.091
465.027	44.960
466.418	38.291
467.596	32.998
468.613	29.259
469.521	26.903
470.363	25.706
471.177	25.531
471.993	26.384
472.846	28.427
473.774	31.983
474.827	37.500
476.067	45.435
477.567	55.948
479.392	68.342
481.570	80.477
484.046	88.895
486.665	90.350
489.207	84.042
491.474	72.288
493.363	58.787
494.869	46.465
496.047	36.665
496.977	29.533
497.732	24.677
498.370	21.622
498.938	20.005
499.473	19.633
500.007	20.483
500.574	22.678
501.214	26.467
501.971	32.158
502.898	39.975
504.053	49.813
505.485	60.840
507.206	71.214
509.173	78.301
511.271	79.725
513.337	74.789
515.215	64.997
516.807	53.096
518.086	41.597
519.079	31.934
519.841	24.501
520.430	19.089
520.893	15.267
521.270	12.608
521.585	10.770
521.860	9.509
522.106	8.665
522.335	8.140
522.554	7.882
522.770	7.873
522.990	8.119
523.222	8.653
523.473	9.529
523.756	10.832
524.083	12.684
524.472	15.247
524.947	18.742
525.539	23.463
526.287	29.769
527.240	38.074
528.459	48.761
530.009	61.996
531.948	77.398
534.308	93.620
537.064	108.159
540.112	117.877
543.279	120.331
546.358	115.095
549.179	103.912
551.634	89.595
553.694	74.731
555.380	61.005
556.741	49.198
557.832	39.478
558.707	31.691
559.412	25.559
559.983	20.783
560.452	17.092
560.842	14.256
561.171	12.091
561.454	10.451
561.702	9.226
561.924	8.338
562.129	7.731
562.322	7.374
562.509	7.256
562.697	7.389
562.892	7.812
563.102	8.594
563.339	9.850
563.615	11.755
563.952	14.567
564.376	18.660
564.928	24.553
565.661	32.897
566.650	44.384
567.980	59.457
569.741	77.729
571.990	97.275
574.707	114.500
577.766	125.483
580.961	128.394
584.082	124.688
586.998	117.679
589.666	110.138
592.105	103.160
594.344	96.512
596.401	89.515
598.278	81.713
599.966	73.137
601.459	64.231
602.758	55.612
603.877	47.851
604.839	41.345
605.672	36.303
606.408	32.785
607.079	30.770
607.716	30.206
608.349	31.046
609.007	33.247
609.719	36.751
610.513	41.437
611.413	47.054
612.435	53.151
613.587	59.045
614.858	63.871
616.221	66.746
617.628	67.033
619.024	64.579
620.352	59.794
621.569	53.518
622.651	46.739
623.592	40.334
624.404	34.908
625.111	30.788
625.739	28.073
626.319	26.724
626.878	26.626
627.443	27.639
628.037	29.602
628.678	32.333
629.385	35.616
630.166	39.183
631.027	42.710
631.965	45.836
632.968	48.207
634.020	49.536
635.094	49.672
636.166	48.632
637.210	46.596
638.206	43.849
639.140	40.716
640.008	37.489
640.807	34.385
641.542	31.536
642.219	28.996
642.845	26.766
643.425	24.818
643.968	23.113
644.476	21.614
644.956	20.297
645.409	19.152
645.841	18.184
646.255	17.415
646.655	16.880
647.047	16.631
647.438	16.733
647.837	17.270
648.254	18.343
648.704	20.071
649.202	22.582
649.770	25.996
650.429	30.382
651.205	35.700
652.118	41.716
653.183	47.923
654.397	53.532
655.739	57.580
657.161	59.209
658.600	57.995
659.986	54.153
661.261	48.461
662.390	41.947
663.360	35.560
664.182	29.958
664.875	25.479
665.471	22.221
665.996	20.156
666.481	19.215
666.951	19.349
667.434	20.562
667.956	22.928
668.547	26.587
669.242	31.730
670.077	38.544
671.095	47.108
672.336	57.235
673.832	68.280
675.592	79.017
677.586	87.806
679.747	93.127
681.977	94.286
684.177	91.813
686.270	87.193
688.224	82.152
690.042	78.008
691.755	75.378
693.401	74.202
695.013	73.950
696.608	73.851
698.187	73.130
699.734	71.232
701.224	67.968
702.632	63.555
703.938	58.514
705.132	53.498
706.222	49.135
707.224	45.917
708.164	44.167
709.075	44.059
709.992	45.638
710.948	48.828
711.976	53.415
713.103	59.002
714.345	64.966
715.706	70.469
717.168	74.574
718.696	76.436
720.242	75.568
721.749	72.008
723.167	66.300
724.458	59.292
725.604	51.876
726.602	44.768
727.461	38.416
728.201	33.017
728.839	28.581
729.395	25.009
729.885	22.156
730.323	19.873
730.719	18.023
731.082	16.495
731.418	15.206
731.730	14.094
732.022	13.117
732.296	12.247
732.555	11.468
732.799	10.769
733.031	10.147
733.252	9.597
733.463	9.119
733.666	8.712
733.862	8.375
734.052	8.106
734.239	7.904
734.423	7.765
734.606	7.688
734.789	7.670
734.975	7.713
735.163	7.822
735.357	8.012
735.558	8.318
735.769	8.813
735.997	9.652
736.252	11.163
736.554	14.027
736.947	19.667
737.518	30.998
738.444	53.633
740.069	96.867
742.958	170.239
747.757	265.911
754.504	333.737
761.868	314.848
767.948	227.971
771.965	140.115
774.330	83.280
775.732	54.181
776.667	41.894
777.417	38.666
778.130	40.400
778.891	45.147
779.749	51.928
780.740	60.076
781.885	68.858
783.191	77.304
784.643	84.227
786.206	88.434
787.824	89.071
789.429	85.924
790.954	79.510
792.348	70.888
793.578	61.311
794.635	51.872
795.526	43.314
796.270	36.008
796.890	30.043
797.411	25.327
797.853	21.683
798.236	18.916
798.573	16.850
798.877	15.340
799.157	14.277
799.421	13.590
799.675	13.244
799.926	13.232
800.180	13.585
800.445	14.359
800.729	15.656
801.043	17.623
801.401	20.456
801.823	24.409
802.332	29.788
802.959	36.928
803.741	46.104
804.718	57.399
805.932	70.482
807.411	84.362
809.156	97.263
811.129	106.881
813.248	111.116
815.396	108.996
817.451	101.186
819.318	89.651
820.944	76.751
822.322	64.396
823.470	53.689
824.426	45.023
825.231	38.340
825.921	33.374
826.526	29.833
827.073	27.474
827.582	26.135
828.072	25.739
828.560	26.288
829.066	27.856
829.609	30.570
830.211	34.596
830.900	40.110
831.703	47.226
832.653	55.901
833.776	65.822
835.093	76.254
836.603	86.020
838.285	93.621
840.085	97.650
841.926	97.284
843.727	92.642
845.413	84.762
846.932	75.188
848.267	65.412
849.422	56.541
850.419	49.197
851.289	43.581
852.065	39.633
852.777	37.179
853.450	36.017
854.109	35.970
854.774	36.924
855.461	38.817
856.189	41.653
856.976	45.507
857.840	50.511
858.802	56.856
859.888	64.778
861.126	74.502
862.546	86.155
864.180	99.604
866.051	114.239
868.169	128.786
870.514	141.279
873.030	149.429
875.626	151.328
878.189	146.263
880.603	135.045
882.785	119.712
884.685	102.668
886.291	85.978
887.626	70.985
888.723	58.296
889.623	48.015
890.366	39.944
890.988	33.765
891.518	29.149
891.979	25.811
892.392	23.527
892.773	22.147
893.135	21.579
893.494	21.804
893.861	22.863
894.250	24.852
894.680	27.933
895.168	32.315
895.738	38.219
896.417	45.867
897.237	55.350
898.227	66.514
899.413	78.794
900.810	91.106
902.406	101.788
904.162	108.981
906.012	111.129
907.862	107.590
909.619	98.972
911.209	86.868
912.586	73.263
913.735	59.926
914.670	48.024
915.418	38.136
916.013	30.361
916.490	24.523
916.879	20.343
917.205	17.517
917.491	15.791
917.752	14.963
918.005	14.905
918.260	15.539
918.531	16.861
918.829	18.922
919.168	21.828
919.563	25.757
920.035	30.959
920.606	37.754
921.307	46.524
922.175	57.672
923.251	71.516
924.583	88.128
926.211	107.068
928.167	127.220
930.450	146.670
933.025	163.122
935.820	174.676
938.734	180.650
941.672	181.883
944.561	180.196
947.367	177.423
950.081	174.540
952.707	171.389
955.245	167.095
957.679	160.502
959.979	150.909
962.108	138.360
964.032	123.589
965.729	107.788
967.195	92.185
968.442	77.749
969.488	65.110
970.365	54.522
971.100	45.997
971.723	39.389
972.261	34.486
972.735	31.065
973.167	28.936
973.574	27.938
973.971	27.968
974.374	28.964
974.796	30.898
975.250	33.790
975.751	37.673
976.314	42.599
976.954	48.625
977.688	55.771
978.532	64.013
979.501	73.235
980.609	83.186
981.863	93.451
983.264	103.453
984.804	112.476
986.462	119.731
988.209	124.553
990.005	126.436
991.807	125.253
993.571	121.194
995.260	114.758
996.843	106.618
998.303	97.485
999.629	88.006
1000.821	78.696
1001.883	69.922
1002.826	61.913
1003.661	54.787
1004.402	48.572
1005.061	43.251
1005.649	38.767
1006.180	35.046
1006.662	32.008
1007.105	29.576
1007.518	27.679
1007.907	26.262
1008.279	25.289
1008.640	24.737
1008.997	24.634
1009.355	25.027
1009.723	26.046
1010.110	27.910
1010.529	30.967
1010.999	35.792
1011.550	43.245
1012.224	54.624
1013.084	71.739
1014.221	96.877
1015.758	132.436
1017.845	179.605
1020.630	236.108
1024.191	293.369
1028.448	336.375
1033.103	349.762
1037.705	327.981
1041.823	279.689
1045.202	221.263
1047.802	166.620
1049.728	122.573
1051.134	90.182
1052.168	67.535
1052.945	52.106
1053.550	41.639
1054.038	34.453
1054.445	29.416
1054.797	25.765
1055.107	23.036
1055.387	20.924
1055.644	19.239
1055.881	17.869
1056.104	16.733
1056.314	15.786
1056.513	15.000
1056.704	14.355
1056.889	13.840
1057.068	13.455
1057.244	13.201
1057.418	13.090
1057.592	13.144
1057.768	13.390
1057.949	13.879
1058.139	14.677
1058.343	15.885
1058.565	17.643
1058.815	20.148
1059.103	23.681
1059.447	28.620
1059.866	35.477
1060.390	44.908
1061.058	57.703
1061.921	74.692
1063.039	96.549
1064.478	123.307
1066.302	153.849
1068.543	185.148
1071.187	212.327
1074.141	229.633
1077.245	232.753
1080.297	221.021
1083.116	197.790
1085.580	168.766
1087.644	139.409
1089.329	113.385
1090.692	92.315
1091.801	76.288
1092.721	64.661
1093.505	56.482
1094.195	50.887
1094.821	47.122
1095.405	44.620
1095.962	42.971
1096.502	41.872
1097.031	41.120
1097.553	40.566
1098.069	40.124
1098.583	39.725
1099.094	39.333
1099.601	38.933
1100.105	38.515
1100.606	38.088
1101.103	37.661
1101.597	37.256
1102.087	36.895
1102.575	36.602
1103.061	36.396
1103.546	36.306
1104.033	36.343
1104.523	36.529
1105.017	36.859
1105.519	37.343
1106.029	37.961
1106.550	38.705
1107.083	39.538
1107.631	40.434
1108.193	41.350
1108.770	42.239
1109.360	43.063
1109.964	43.787
1110.579	44.379
1111.205	44.837
1111.838	45.166
1112.478	45.410
1113.122	45.631
1113.772	45.921
1114.428	46.404
1115.093	47.219
1115.773	48.530
1116.476	50.502
1117.210	53.294
1117.989	57.039
1118.826	61.816
1119.736	67.599
1120.733	74.239
1121.828	81.406
1123.026	88.578
1124.322	95.037
1125.705	100.016
1127.148	102.761
1128.616	102.757
1130.070	99.849
1131.469	94.285
1132.778	86.664
1133.973	77.784
1135.038	68.457
1135.973	59.378
1136.782	51.044
1137.478	43.753
1138.076	37.622
1138.593	32.648
1139.044	28.755
1139.445	25.824
1139.808	23.737
1140.146	22.373
1140.467	21.629
1140.781	21.424
1141.095	21.680
1141.417	22.349
1141.751	23.381
1142.103	24.735
1142.479	26.377
1142.882	28.272
1143.316	30.389
1143.786	32.713
1144.293	35.251
1144.842	38.081
1145.437	41.407
1146.088	45.690
1146.812	51.886
1147.642	61.861
1148.647	79.144
1149.953	110.071
1151.795	165.181
1154.567	258.981
1158.837	402.666
1165.186	581.896
1173.683	730.157
1183.326	757.268
1192.329	645.993
1199.375	473.540
1204.250	319.574
1207.445	212.098
1209.543	145.182
1210.984	104.929
1212.032	80.317
1212.842	64.534
1213.499	53.766
1214.050	46.008
1214.525	40.160
1214.942	35.644
1215.315	32.101
1215.653	29.324
1215.964	27.157
1216.254	25.501
1216.528	24.269
1216.791	23.402
1217.047	22.853
1217.298	22.586
1217.549	22.572
1217.801	22.796
1218.057	23.244
1218.321	23.911
1218.593	24.794
1218.878	25.900
1219.177	27.234
1219.494	28.810
1219.831	30.637
1220.191	32.732
1220.578	35.114
1220.995	37.788
1221.447	40.776
1221.936	44.070
1222.467	47.678
1223.043	51.560
1223.668	55.701
1224.344	60.018
1225.075	64.437
1225.859	68.824
1226.698	73.052
1227.587	76.932
1228.523	80.314
1229.498	82.996
1230.505	84.857
1231.531	85.761
1232.565	85.683
1233.596	84.616
1234.612	82.656
1235.602	79.921
1236.557	76.599
1237.471	72.874
1238.341	68.939
1239.163	64.959
1239.939	61.099
1240.669	57.445
1241.358	54.087
1242.007	51.060
1242.623	48.377
1243.208	46.028
1243.767	43.988
1244.303	42.220
1244.820	40.682
1245.320	39.329
1245.806	38.114
1246.278	37.008
1246.739	35.967
1247.188	34.974
1247.627	34.007
1248.055	33.063
1248.474	32.145
1248.882	31.271
1249.282	30.470
1249.672	29.786
1250.056	29.289
1250.436	29.060
1250.816	29.225
1251.200	29.941
1251.598	31.428
1252.020	33.982
1252.481	37.993
1253.002	43.994
1253.612	52.651
1254.349	64.789
1255.261	81.320
1256.409	103.067
1257.862	130.430
1259.689	162.746
1261.941	197.645
1264.625	230.632
1267.681	255.685
1270.976	267.123
1274.315	262.284
1277.498	242.717
1280.369	213.549
1282.840	180.856
1284.902	149.476
1286.588	122.206
1287.961	99.907
1289.082	82.344
1290.007	68.744
1290.783	58.255
1291.443	50.116
1292.014	43.741
1292.515	38.702
1292.962	34.709
1293.364	31.576
1293.733	29.190
1294.077	27.505
1294.404	26.548
1294.723	26.399
1295.043	27.235
1295.378	29.369
1295.745	33.270
1296.166	39.732
1296.676	49.871
1297.325	65.395
1298.184	88.550
1299.352	122.149
1300.964	168.893
1303.175	229.830
1306.132	301.545
1309.914	373.354
1314.427	427.060
1319.367	444.302
1324.273	417.829
1328.683	357.087
1332.318	281.443
1335.100	208.817
1337.128	148.883
1338.558	104.118
1339.556	72.698
1340.253	51.549
1340.751	37.718
1341.119	28.872
1341.405	23.353
1341.639	20.041
1341.844	18.207
1342.032	17.377
1342.214	17.262
1342.398	17.683
1342.587	18.531
1342.788	19.758
1343.003	21.332
1343.238	23.258
1343.495	25.535
1343.779	28.199
1344.095	31.257
1344.447	34.746
1344.839	38.673
1345.278	43.050
1345.769	47.864
1346.316	53.074
1346.924	58.617
1347.596	64.372
1348.335	70.201
1349.141	75.894
1350.011	81.230
1350.941	85.956
1351.925	89.841
1352.948	92.681
1354.002	94.340
1355.070	94.796
1356.141	94.110
1357.201	92.495
1358.241	90.245
1359.254	87.767
1360.238	85.551
1361.199	84.172
1362.147	84.306
1363.101	86.776
1364.089	92.613
1365.151	103.138
1366.344	120.010
1367.740	145.219
1369.435	180.856
1371.540	228.449
1374.179	287.690
1377.450	354.639
1381.391	420.230
1385.919	471.035
1390.815	493.765
1395.754	481.930
1400.397	439.709
1404.498	379.057
1407.943	313.663
1410.739	253.321
1412.970	202.824
1414.744	163.102
1416.168	132.931
1417.329	110.463
1418.297	93.849
1419.122	81.591
1419.843	72.542
1420.488	65.879
1421.076	61.026
1421.625	57.563
1422.145	55.205
1422.646	53.750
1423.138	53.051
1423.625	52.999
1424.114	53.522
1424.610	54.585
1425.119	56.158
1425.643	58.224
1426.191	60.808
1426.764	63.921
1427.369	67.592
1428.012	71.866
1428.695	76.762
1429.429	82.318
1430.216	88.517
1431.065	95.334
1431.979	102.680
1432.964	110.419
1434.023	118.296
1435.155	126.021
1436.361	133.249
1437.629	139.484
1438.953	144.374
1440.318	147.489
1441.705	148.556
1443.096	147.434
1444.469	144.141
1445.805	138.891
1447.087	132.010
1448.300	123.944
1449.436	115.149
1450.489	106.091
1451.457	97.145
1452.344	88.620
1453.152	80.740
1453.890	73.634
1454.565	67.357
1455.183	61.904
1455.753	57.250
1456.283	53.326
1456.777	50.050
1457.245	47.343
1457.687	45.118
1458.112	43.304
1458.522	41.825
1458.919	40.621
1459.307	39.644
1459.687	38.832
1460.061	38.167
1460.430	37.598
1460.795	37.118
1461.157	36.694
1461.517	36.308
1461.873	35.962
1462.229	35.624
1462.582	35.309
1462.933	34.992
1463.283	34.680
1463.631	34.364
1463.977	34.042
1464.321	33.707
1464.663	33.367
1465.003	33.007
1465.341	32.634
1465.676	32.245
1466.008	31.832
1466.338	31.407
1466.664	30.959
1466.988	30.496
1467.307	30.016
1467.623	29.526
1467.935	29.027
1468.243	28.530
1468.547	28.041
1468.847	27.570
1469.143	27.136
1469.436	26.753
1469.727	26.446
1470.015	26.245
1470.303	26.188
1470.591	26.327
1470.884	26.727
1471.182	27.477
1471.492	28.701
1471.817	30.556
1472.167	33.263
1472.551	37.112
1472.984	42.485
1473.483	49.885
1474.074	59.927
1474.790	73.333
1475.668	90.863
1476.760	113.171
1478.118	140.479
1479.794	172.138
1481.830	206.180
1484.231	238.891
1486.964	265.313
1489.937	280.269
1492.995	280.329
1495.985	265.330
1498.748	238.523
1501.181	205.117
1503.243	170.387
1504.935	138.347
1506.300	111.174
1507.394	89.604
1508.278	73.406
1509.006	61.925
1509.625	54.329
1510.175	49.906
1510.687	48.008
1511.184	48.165
1511.688	49.995
1512.217	53.206
1512.783	57.559
1513.398	62.808
1514.072	68.713
1514.810	75.007
1515.616	81.341
1516.490	87.377
1517.427	92.711
1518.416	96.953
1519.451	99.805
1520.509	101.026
1521.579	100.553
1522.637	98.512
1523.671	95.183
1524.667	91.085
1525.618	86.840
1526.526	83.283
1527.400	81.421
1528.259	82.486
1529.138	88.084
1530.089	100.285
1531.186	121.723
1532.532	155.549
1534.261	204.954
1536.533	271.610
1539.509	353.213
1543.300	440.235
1547.883	514.599
1553.041	554.535
1558.367	545.630
1563.388	490.415
1567.733	406.702
1571.229	316.507
1573.890	235.852
1575.847	171.805
1577.263	124.801
1578.292	92.070
1579.055	70.071
1579.640	55.631
1580.110	46.301
1580.505	40.329
1580.853	36.521
1581.172	34.091
1581.471	32.524
1581.759	31.491
1582.040	30.785
1582.315	30.275
1582.588	29.884
1582.858	29.564
1583.127	29.286
1583.394	29.049
1583.660	28.843
1583.926	28.677
1584.191	28.574
1584.456	28.543
1584.722	28.618
1584.991	28.837
1585.263	29.242
1585.539	29.897
1585.825	30.874
1586.121	32.275
1586.433	34.215
1586.766	36.867
1587.127	40.408
1587.525	45.101
1587.973	51.258
1588.485	59.202
1589.080	69.385
1589.781	82.238
1590.614	98.127
1591.610	117.405
1592.799	140.009
1594.215	165.539
1595.879	192.822
1597.802	219.935
1599.971	244.202
1602.347	262.562
1604.864	272.294
1607.431	271.776
1609.951	261.020
1612.334	241.715
1614.510	216.679
1616.437	189.052
1618.103	161.612
1619.518	136.336
1620.707	114.363
1621.704	96.122
1622.543	81.575
1623.257	70.417
1623.878	62.225
1624.430	56.592
1624.936	53.147
1625.416	51.602
1625.886	51.756
1626.361	53.475
1626.857	56.705
1627.386	61.438
1627.963	67.715
1628.602	75.603
1629.318	85.168
1630.128	96.455
1631.044	109.404
1632.085	123.910
1633.264	139.656
1634.585	156.088
1636.058	172.505
1637.677	187.923
1639.427	201.241
1641.288	211.380
1643.223	217.417
1645.195	218.796
1647.161	215.457
1649.078	207.791
1650.911	196.634
1652.633	183.034
1654.223	168.118
1655.678	152.891
1656.995	138.182
1658.182	124.579
1659.253	112.461
1660.219	102.019
1661.096	93.329
1661.902	86.381
1662.649	81.131
1663.355	77.501
1664.032	75.422
1664.694	74.835
1665.355	75.679
1666.027	77.884
1666.722	81.398
1667.451	86.099
1668.225	91.859
1669.052	98.493
1669.940	105.709
1670.893	113.185
1671.913	120.500
1672.998	127.167
1674.139	132.705
1675.326	136.632
1676.543	138.568
1677.772	138.268
1678.994	135.660
1680.187	130.850
1681.331	124.147
1682.414	115.944
1683.423	106.717
1684.347	97.001
1685.186	87.192
1685.941	77.677
1686.611	68.774
1687.207	60.612
1687.732	53.340
1688.195	46.969
1688.605	41.495
1688.968	36.868
1689.292	33.019
1689.584	29.871
1689.850	27.348
1690.094	25.375
1690.323	23.886
1690.540	22.827
1690.749	22.156
1690.953	21.845
1691.155	21.884
1691.360	22.277
1691.570	23.045
1691.788	24.237
1692.020	25.930
1692.271	28.228
1692.544	31.268
1692.850	35.248
1693.198	40.412
1693.598	47.041
1694.068	55.513
1694.626	66.209
1695.293	79.530
1696.097	95.873
1697.066	115.427
1698.232	138.070
1699.622	163.270
1701.256	189.746
1703.138	215.448
1705.252	237.818
1707.553	253.936
1709.975	261.478
1712.429	259.246
1714.824	247.620
1717.078	228.499
1719.131	204.676
1720.950	179.146
1722.530	154.438
1723.885	132.352
1725.045	113.881
1726.044	99.421
1726.920	88.931
1727.709	82.164
1728.444	78.767
1729.154	78.399
1729.868	80.745
1730.608	85.514
1731.398	92.441
1732.254	101.233
1733.194	111.532
1734.230	122.887
1735.371	134.701
1736.617	146.241
1737.966	156.664
1739.402	165.090
1740.906	170.720
1742.453	172.931
1744.005	171.408
1745.533	166.209
1747.006	157.740
1748.392	146.707
1749.674	133.944
1750.841	120.292
1751.882	106.579
1752.804	93.379
1753.610	81.137
1754.310	70.131
1754.916	60.448
1755.439	52.104
1755.892	45.021
1756.284	39.091
1756.626	34.172
1756.926	30.131
1757.192	26.839
1757.431	24.171
1757.648	22.028
1757.846	20.316
1758.031	18.959
1758.203	17.897
1758.368	17.076
1758.526	16.453
1758.679	15.994
1758.828	15.677
1758.977	15.474
1759.124	15.366
1759.270	15.343
1759.417	15.397
1759.566	15.521
1759.715	15.700
1759.869	15.945
1760.025	16.261
1760.185	16.638
1760.350	17.107
1760.520	17.690
1760.697	18.421
1760.883	19.376
1761.079	20.652
1761.291	22.435
1761.523	25.002
1761.783	28.818
1762.088	34.650
1762.460	43.759
1762.936	58.182
1763.578	81.235
1764.485	118.036
1765.811	175.963
1767.789	264.569
1770.737	392.222
1775.015	558.361
1780.896	740.023
1788.302	884.364
1796.610	929.977
1804.782	854.138
1811.840	694.121
1817.302	513.549
1821.213	357.884
1823.885	242.758
1825.683	164.711
1826.902	114.283
1827.754	82.338
1828.372	62.144
1828.845	49.225
1829.224	40.789
1829.541	35.121
1829.816	31.201
1830.064	28.404
1830.290	26.351
1830.502	24.810
1830.703	23.629
1830.895	22.713
1831.081	21.995
1831.262	21.431
1831.439	20.993
1831.613	20.656
1831.786	20.407
1831.957	20.236
1832.128	20.136
1832.298	20.102
1832.469	20.137
1832.641	20.237
1832.815	20.407
1832.991	20.651
1833.171	20.974
1833.354	21.382
1833.541	21.888
1833.734	22.499
1833.933	23.231
1834.140	24.098
1834.355	25.123
1834.581	26.329
1834.818	27.749
1835.070	29.427
1835.339	31.417
1835.627	33.798
1835.938	36.676
1836.278	40.197
1836.652	44.573
1837.070	50.098
1837.543	57.206
1838.086	66.502
1838.721	78.853
1839.477	95.482
1840.399	118.044
1841.545	148.661
1842.988	189.803
1844.828	243.971
1847.184	312.692
1850.172	394.589
1853.870	483.388
1858.301	566.916
1863.346	628.001
1868.736	651.143
1874.132	630.102
1879.177	571.463
1883.611	491.169
1887.333	406.184
1890.360	329.054
1892.785	266.112
1894.738	218.395
1896.342	184.580
1897.703	162.049
1898.905	148.254
1900.012	140.914
1901.070	138.164
1902.113	138.592
1903.161	140.977
1904.230	144.439
1905.324	148.158
1906.447	151.506
1907.592	153.970
1908.754	155.174
1909.922	154.819
1911.084	152.843
1912.227	149.252
1913.342	144.141
1914.415	137.799
1915.438	130.514
1916.407	122.559
1917.315	114.305
1918.160	106.052
1918.946	98.002
1919.672	90.382
1920.341	83.350
1920.960	76.958
1921.534	71.278
1922.065	66.329
1922.561	62.073
1923.028	58.503
1923.469	55.571
1923.890	53.217
1924.295	51.409
1924.687	50.081
1925.072	49.197
1925.451	48.715
1925.828	48.591
1926.205	48.785
1926.587	49.288
1926.973	50.050
1927.366	51.053
1927.770	52.285
1928.184	53.715
1928.610	55.318
1929.052	57.091
1929.508	59.000
1929.981	61.019
1930.472	63.142
1930.981	65.330
1931.508	67.559
1932.055	69.802
1932.621	72.035
1933.206	74.217
1933.809	76.324
1934.431	78.333
1935.070	80.203
1935.724	81.910
1936.394	83.446
1937.077	84.780
1937.771	85.893
1938.475	86.795
1939.186	87.468
1939.904	87.912
1940.626	88.148
1941.351	88.177
1942.075	88.004
1942.800	87.670
1943.522	87.169
1944.241	86.537
1944.955	85.798
1945.664	84.964
1946.367	84.077
1947.063	83.157
1947.753	82.246
1948.436	81.385
1949.113	80.620
1949.784	80.015
1950.452	79.644
1951.119	79.592
1951.786	79.978
1952.459	80.920
1953.142	82.575
1953.841	85.121
1954.564	88.765
1955.321	93.710
1956.123	100.174
1956.984	108.411
1957.917	118.554
1958.939	130.658
1960.068	144.731
1961.318	160.471
1962.700	177.297
1964.222	194.374
1965.884	210.583
1967.669	224.439
1969.559	234.555
1971.517	239.702
1973.496	239.024
1975.451	232.383
1977.333	220.271
1979.100	203.752
1980.721	184.258
1982.176	163.270
1983.459	142.151
1984.570	121.961
1985.521	103.418
1986.326	86.932
1987.002	72.637
1987.568	60.500
1988.039	50.344
1988.433	41.958
1988.762	35.097
1989.038	29.525
1989.272	25.021
1989.471	21.395
1989.642	18.481
1989.791	16.139
1989.921	14.254
1990.038	12.735
1990.142	11.509
1990.237	10.512
1990.324	9.696
1990.406	9.026
1990.482	8.470
1990.553	8.004
1990.621	7.610
1990.687	7.272
1990.749	6.980
1990.809	6.724
1990.868	6.496
1990.925	6.292
1990.980	6.107
1991.034	5.936
1991.087	5.779
1991.138	5.631
1991.188	5.493
1991.238	5.362
1991.286	5.237
1991.334	5.118
1991.380	5.003
1991.426	4.893
1991.471	4.787
1991.516	4.684
1991.559	4.584
1991.602	4.487
1991.644	4.394
1991.685	4.304
1991.726	4.215
1991.766	4.129
1991.806	4.045
1991.844	3.964
1991.882	3.884
1991.920	3.808
1991.957	3.733
1991.994	3.659
1992.030	3.589
1992.065	3.520
1992.100	3.452
1992.134	3.387
1992.168	3.323
1992.202	3.261
1992.234	3.202
1992.267	3.142
1992.299	3.086
1992.330	3.030
1992.362	2.977
1992.392	2.924
1992.423	2.874
1992.453	2.824
1992.482	2.776
1992.512	2.729
1992.541	2.684
1992.569	2.640
1992.597	2.597
1992.625	2.555
1992.653	2.515
1992.680	2.475
1992.707	2.437
1992.734	2.400
1992.760	2.364
1992.786	2.328
1992.812	2.294
1992.838	2.261
1992.863	2.228
1992.888	2.197
1992.913	2.166
1992.938	2.136
1992.962	2.107
1992.986	2.079
1993.010	2.051
1993.034	2.024
1993.058	1.998
1993.081	1.972
1993.105	1.946
1993.128	1.922
1993.150	1.898
1993.173	1.875
1993.195	1.852
1993.218	1.829
1993.240	1.808
1993.262	1.786
1993.284	1.765
1993.306	1.744
1993.327	1.724
1993.349	1.704
1993.370	1.684
1993.391	1.665
1993.412	1.646
1993.433	1.627
1993.453	1.609
1993.474	1.590
1993.495	1.573
1993.515	1.555
1993.535	1.537
1993.555	1.520
1993.575	1.503
1993.595	1.486
1993.614	1.469
1993.634	1.452
1993.653	1.436
1993.673	1.419
1993.692	1.403
1993.711	1.387
1993.730	1.371
1993.749	1.355
1993.767	1.339
1993.786	1.323
1993.804	1.307
1993.822	1.291
1993.840	1.275
1993.858	1.260
1993.876	1.244
1993.894	1.228
1993.911	1.213
1993.929	1.198
1993.946	1.182
1993.963	1.167
1993.980	1.151
1993.997	1.136
1994.014	1.121
1994.031	1.105
1994.047	1.090
1994.063	1.075
1994.079	1.060
1994.095	1.044
1994.111	1.029
1994.127	1.014
1994.143	0.999
1994.158	0.984
1994.173	0.969
1994.188	0.954
1994.203	0.939
1994.218	0.924
1994.232	0.909
1994.247	0.894
1994.261	0.880
1994.275	0.865
1994.289	0.850
1994.303	0.836
1994.316	0.821
1994.330	0.807
1994.343	0.792
1994.356	0.778
1994.369	0.764
1994.382	0.750
1994.394	0.736
1994.407	0.722
1994.419	0.709
1994.431	0.695
1994.443	0.681
1994.454	0.668
1994.466	0.655
1994.477	0.642
1994.488	0.629
1994.499	0.616
1994.510	0.603
1994.521	0.590
1994.531	0.578
1994.542	0.566
1994.552	0.553
1994.562	0.541
1994.572	0.529
1994.581	0.518
1994.591	0.506
