<j>	<F>
1.272	18.900
2.355	17.730
3.149	21.531
4.385	18.978
5.693	16.122
6.860	15.533
8.151	14.295
9.251	13.569
10.153	14.834
11.164	15.327
12.206	15.664
13.730	14.841
15.492	12.232
16.680	11.822
17.541	12.202
18.104	13.430
18.537	15.532
19.058	17.941
19.924	19.438
21.599	17.290
22.962	15.762
24.095	15.834
25.612	14.940
27.108	13.941
28.275	13.613
29.127	13.968
29.921	14.613
30.880	15.013
32.025	14.978
33.224	14.787
34.396	14.612
35.411	14.636
36.216	15.059
37.059	15.644
38.505	15.447
40.549	14.019
41.952	13.309
42.816	13.528
43.615	13.923
44.442	14.289
45.304	14.628
46.314	14.841
47.616	14.680
48.977	14.286
49.957	14.267
50.603	14.733
51.184	15.393
51.886	15.970
52.805	16.273
53.941	16.255
55.237	16.002
56.538	15.677
57.588	15.607
58.379	15.900
59.098	16.341
59.823	16.780
60.501	17.271
61.121	17.886
61.870	18.445
63.306	18.255
66.029	16.471
68.617	14.674
70.036	14.190
71.006	14.264
71.972	14.399
73.048	14.446
74.177	14.422
75.252	14.421
76.243	14.491
77.201	14.602
78.192	14.700
79.263	14.744
80.464	14.701
81.840	14.537
83.346	14.265
84.800	13.997
86.003	13.873
86.904	13.949
87.580	14.193
88.137	14.544
88.676	14.941
89.309	15.312
90.227	15.530
91.743	15.373
93.988	14.699
96.275	13.898
97.814	13.515
98.678	13.563
99.210	13.842
99.610	14.230
99.970	14.672
100.340	15.135
100.756	15.596
101.257	16.024
101.919	16.370
102.929	16.516
104.646	16.220
107.157	15.369
109.507	14.512
110.903	14.205
111.627	14.333
112.088	14.653
112.474	15.046
112.854	15.466
113.259	15.890
113.706	16.305
114.200	16.703
114.751	17.076
115.403	17.401
116.354	17.574
118.237	17.243
121.955	15.881
126.205	14.151
128.699	13.328
129.898	13.196
130.645	13.312
131.273	13.500
131.897	13.701
132.558	13.894
133.267	14.069
134.013	14.227
134.776	14.375
135.537	14.524
136.289	14.678
137.038	14.836
137.798	14.992
138.593	15.138
139.460	15.256
140.475	15.320
141.780	15.270
143.540	15.032
145.707	14.604
147.825	14.156
149.406	13.901
150.394	13.886
151.023	14.037
151.530	14.262
152.101	14.487
152.903	14.645
154.094	14.663
155.723	14.502
157.567	14.226
159.218	13.990
160.452	13.900
161.340	13.949
162.067	14.074
162.800	14.214
163.670	14.320
164.776	14.350
166.160	14.281
167.742	14.129
169.316	13.961
170.684	13.850
171.786	13.827
172.688	13.879
173.494	13.971
174.284	14.076
175.090	14.176
175.905	14.271
176.689	14.371
177.400	14.493
178.010	14.648
178.517	14.844
178.939	15.076
179.314	15.337
179.697	15.610
180.184	15.862
180.964	16.030
182.397	15.988
184.977	15.559
188.724	14.727
192.591	13.848
195.597	13.255
197.710	12.946
199.199	12.817
200.254	12.805
201.008	12.874
201.572	12.997
202.032	13.153
202.452	13.327
202.877	13.507
203.340	13.682
203.862	13.846
204.459	13.993
205.128	14.120
205.851	14.231
206.593	14.333
207.307	14.439
207.954	14.563
208.508	14.715
208.967	14.898
209.347	15.111
209.673	15.349
209.979	15.602
210.305	15.860
210.705	16.105
211.253	16.310
212.048	16.437
213.186	16.448
214.682	16.326
216.384	16.116
218.038	15.909
219.498	15.767
220.811	15.685
222.112	15.621
223.507	15.535
225.010	15.415
226.549	15.279
228.014	15.159
229.311	15.083
230.392	15.067
231.252	15.114
231.917	15.219
232.422	15.375
232.809	15.572
233.114	15.801
233.368	16.053
233.599	16.322
233.842	16.598
234.154	16.865
234.668	17.084
235.688	17.166
237.792	16.931
241.425	16.223
245.626	15.297
248.674	14.676
250.361	14.458
251.376	14.452
252.212	14.512
253.082	14.574
254.064	14.611
255.171	14.618
256.379	14.597
257.633	14.562
258.864	14.527
260.006	14.508
261.010	14.519
261.858	14.566
262.552	14.650
263.112	14.768
263.569	14.914
263.953	15.083
264.293	15.268
264.618	15.462
264.958	15.659
265.342	15.849
265.806	16.024
266.384	16.171
267.104	16.282
267.970	16.350
268.946	16.382
269.958	16.398
270.913	16.423
271.746	16.479
272.439	16.577
273.014	16.711
273.513	16.873
273.980	17.050
274.454	17.230
274.962	17.403
275.527	17.562
276.168	17.700
276.917	17.808
277.840	17.867
279.082	17.838
280.876	17.656
283.415	17.262
286.491	16.706
289.390	16.184
291.538	15.859
292.930	15.740
293.831	15.759
294.475	15.854
295.012	15.983
295.548	16.120
296.181	16.242
297.031	16.318
298.260	16.310
300.037	16.175
302.421	15.896
305.195	15.518
307.912	15.146
310.207	14.865
311.994	14.698
313.376	14.622
314.497	14.606
315.476	14.624
316.406	14.656
317.359	14.687
318.391	14.706
319.535	14.704
320.794	14.679
322.134	14.636
323.490	14.586
324.789	14.543
325.975	14.519
327.028	14.521
327.958	14.546
328.796	14.590
329.585	14.646
330.367	14.706
331.184	14.761
332.077	14.805
333.085	14.829
334.234	14.827
335.531	14.798
336.953	14.743
338.439	14.673
339.905	14.603
341.272	14.548
342.491	14.518
343.545	14.517
344.447	14.544
345.219	14.595
345.887	14.667
346.474	14.754
346.993	14.855
347.458	14.967
347.878	15.090
348.261	15.222
348.618	15.361
348.963	15.506
349.319	15.651
349.720	15.793
350.225	15.919
350.923	16.012
351.941	16.046
353.415	15.992
355.390	15.836
357.694	15.603
359.934	15.368
361.751	15.205
363.034	15.143
363.891	15.167
364.501	15.246
365.027	15.348
365.606	15.449
366.365	15.523
367.434	15.546
368.931	15.494
370.905	15.355
373.256	15.144
375.724	14.906
378.022	14.692
379.991	14.535
381.628	14.436
383.004	14.383
384.196	14.362
385.256	14.363
386.214	14.380
387.089	14.412
387.899	14.454
388.661	14.504
389.392	14.561
390.111	14.620
390.833	14.680
391.572	14.737
392.336	14.792
393.132	14.841
393.961	14.885
394.821	14.924
395.704	14.959
396.602	14.991
397.507	15.021
398.411	15.052
399.313	15.082
400.211	15.113
401.111	15.145
402.021	15.175
402.952	15.202
403.917	15.224
404.934	15.239
406.019	15.243
407.192	15.234
408.470	15.208
409.866	15.164
411.377	15.102
412.984	15.025
414.651	14.938
416.331	14.848
417.984	14.762
419.582	14.685
421.114	14.619
422.579	14.563
423.974	14.517
425.289	14.483
426.503	14.462
427.597	14.457
428.551	14.471
429.360	14.506
430.028	14.561
430.570	14.635
431.006	14.725
431.359	14.830
431.649	14.946
431.895	15.071
432.115	15.203
432.326	15.338
432.540	15.476
432.776	15.612
433.048	15.746
433.377	15.873
433.784	15.989
434.290	16.090
434.918	16.172
435.678	16.232
436.565	16.270
437.550	16.288
438.582	16.296
439.599	16.303
440.546	16.320
441.392	16.354
442.132	16.406
442.787	16.475
443.390	16.556
443.980	16.640
444.595	16.723
445.266	16.796
446.018	16.857
446.859	16.901
447.786	16.930
448.789	16.944
449.867	16.945
451.052	16.930
452.442	16.884
454.207	16.782
456.543	16.591
459.508	16.299
462.813	15.946
465.886	15.620
468.273	15.396
469.903	15.290
470.960	15.276
471.668	15.319
472.198	15.394
472.658	15.483
473.114	15.575
473.612	15.664
474.187	15.743
474.869	15.808
475.687	15.853
476.660	15.876
477.789	15.874
479.049	15.851
480.383	15.815
481.712	15.776
482.956	15.747
484.058	15.737
484.995	15.751
485.772	15.789
486.413	15.848
486.953	15.925
487.423	16.013
487.856	16.109
488.277	16.209
488.711	16.308
489.180	16.404
489.705	16.493
490.308	16.570
491.005	16.633
491.805	16.681
492.708	16.711
493.696	16.726
494.740	16.731
495.796	16.732
496.825	16.736
497.796	16.749
498.695	16.772
499.528	16.807
500.314	16.851
501.083	16.898
501.878	16.944
502.753	16.979
503.784	16.993
505.082	16.968
506.798	16.884
509.102	16.717
512.090	16.451
515.630	16.105
519.296	15.740
522.592	15.426
525.259	15.201
527.337	15.060
529.023	14.977
530.522	14.925
531.993	14.881
533.534	14.831
535.182	14.770
536.920	14.698
538.689	14.621
540.403	14.548
541.986	14.489
543.385	14.449
544.582	14.432
545.587	14.436
546.427	14.460
547.135	14.499
547.744	14.550
548.286	14.610
548.787	14.676
549.270	14.745
549.758	14.815
550.270	14.883
550.826	14.948
551.440	15.006
552.128	15.056
552.895	15.097
553.740	15.128
554.651	15.151
555.605	15.168
556.571	15.182
557.515	15.198
558.409	15.219
559.232	15.248
559.978	15.286
560.650	15.333
561.265	15.388
561.845	15.449
562.421	15.511
563.028	15.571
563.709	15.624
564.515	15.664
565.504	15.683
566.736	15.674
568.257	15.630
570.073	15.550
572.128	15.440
574.295	15.314
576.411	15.191
578.330	15.088
579.971	15.017
581.324	14.979
582.428	14.970
583.341	14.985
584.125	15.015
584.833	15.056
585.511	15.102
586.196	15.148
586.919	15.191
587.703	15.227
588.561	15.256
589.496	15.275
590.495	15.287
591.536	15.293
592.583	15.297
593.599	15.303
594.552	15.316
595.419	15.338
596.192	15.370
596.877	15.413
597.493	15.465
598.064	15.523
598.621	15.584
599.202	15.643
599.845	15.697
600.594	15.741
601.490	15.768
602.567	15.774
603.839	15.758
605.286	15.720
606.851	15.666
608.441	15.607
609.959	15.554
611.326	15.516
612.505	15.499
613.494	15.504
614.320	15.528
615.021	15.567
615.637	15.618
616.202	15.676
616.744	15.737
617.287	15.799
617.847	15.860
618.442	15.918
619.090	15.970
619.816	16.015
620.664	16.046
621.709	16.058
623.079	16.037
624.970	15.962
627.619	15.810
631.187	15.562
635.520	15.233
640.046	14.880
644.048	14.577
647.117	14.366
649.262	14.248
650.714	14.201
651.714	14.201
652.441	14.229
653.006	14.273
653.474	14.328
653.880	14.390
654.247	14.456
654.585	14.526
654.901	14.598
655.200	14.673
655.485	14.749
655.759	14.828
656.022	14.908
656.275	14.989
656.521	15.073
656.759	15.158
656.990	15.244
657.217	15.331
657.440	15.420
657.663	15.510
657.889	15.600
658.126	15.691
658.384	15.780
658.681	15.867
659.043	15.948
659.515	16.019
660.165	16.073
661.099	16.100
662.464	16.083
664.431	16.005
667.138	15.852
670.565	15.623
674.441	15.347
678.323	15.068
681.831	14.828
684.827	14.642
687.380	14.504
689.647	14.397
691.771	14.308
693.855	14.225
695.955	14.144
698.092	14.061
700.260	13.976
702.430	13.892
704.553	13.811
706.575	13.738
708.442	13.676
710.114	13.629
711.569	13.598
712.807	13.584
713.842	13.585
714.698	13.600
715.404	13.627
715.988	13.664
716.475	13.710
716.889	13.761
717.247	13.817
717.566	13.878
717.860	13.940
718.141	14.005
718.419	14.071
718.709	14.136
719.021	14.201
719.369	14.263
719.770	14.322
720.242	14.376
720.803	14.423
721.473	14.462
722.269	14.491
723.200	14.509
724.267	14.515
725.451	14.511
726.719	14.498
728.021	14.482
729.300	14.466
730.503	14.455
731.587	14.453
732.529	14.462
733.326	14.483
733.987	14.516
734.529	14.559
734.977	14.611
735.353	14.670
735.683	14.734
735.989	14.801
736.297	14.869
736.636	14.935
737.042	14.998
737.563	15.051
738.268	15.091
739.245	15.110
740.605	15.098
742.462	15.045
744.886	14.945
747.835	14.799
751.102	14.624
754.359	14.446
757.281	14.293
759.678	14.180
761.521	14.112
762.891	14.082
763.904	14.082
764.668	14.103
765.268	14.138
765.763	14.182
766.191	14.232
766.579	14.286
766.944	14.342
767.299	14.400
767.654	14.458
768.014	14.516
768.388	14.574
768.782	14.631
769.199	14.686
769.648	14.739
770.131	14.790
770.654	14.838
771.218	14.882
771.826	14.924
772.477	14.961
773.167	14.996
773.890	15.027
774.640	15.056
775.407	15.084
776.184	15.110
776.964	15.136
777.746	15.162
778.534	15.188
779.340	15.213
780.187	15.235
781.107	15.251
782.143	15.259
783.343	15.255
784.758	15.233
786.423	15.190
788.341	15.127
790.466	15.046
792.698	14.954
794.903	14.863
796.949	14.782
798.743	14.721
800.245	14.683
801.464	14.667
802.439	14.671
803.218	14.692
803.848	14.725
804.370	14.767
804.818	14.816
805.216	14.870
805.587	14.927
805.948	14.985
806.319	15.043
806.720	15.100
807.176	15.153
807.718	15.200
808.383	15.239
809.215	15.264
810.260	15.274
811.556	15.263
813.122	15.230
814.934	15.176
816.922	15.107
818.972	15.031
820.952	14.958
822.750	14.898
824.301	14.857
825.593	14.836
826.654	14.833
827.530	14.846
828.275	14.871
828.937	14.902
829.559	14.938
830.173	14.975
830.803	15.012
831.468	15.046
832.181	15.077
832.951	15.103
833.785	15.125
834.686	15.141
835.663	15.152
836.724	15.156
837.892	15.153
839.202	15.140
840.712	15.112
842.514	15.065
844.727	14.991
847.484	14.879
850.879	14.724
854.885	14.528
859.285	14.304
863.689	14.080
867.691	13.881
871.023	13.727
873.617	13.621
875.554	13.559
876.972	13.532
878.010	13.531
878.779	13.547
879.360	13.576
879.810	13.614
880.167	13.659
880.455	13.708
880.694	13.761
880.894	13.817
881.065	13.876
881.212	13.936
881.341	13.998
881.455	14.062
881.556	14.127
881.648	14.193
881.731	14.260
881.806	14.328
881.876	14.398
881.941	14.468
882.002	14.539
882.060	14.611
882.115	14.684
882.168	14.758
882.220	14.832
882.272	14.907
882.323	14.983
882.375	15.059
882.429	15.136
882.485	15.213
882.547	15.291
882.614	15.369
882.690	15.447
882.779	15.525
882.885	15.602
883.015	15.678
883.180	15.752
883.396	15.823
883.686	15.889
884.086	15.948
884.654	15.994
885.474	16.023
886.676	16.023
888.434	15.982
890.951	15.884
894.387	15.717
898.709	15.484
903.581	15.208
908.414	14.933
912.658	14.700
916.042	14.529
918.581	14.419
920.443	14.359
921.820	14.333
922.863	14.331
923.682	14.346
924.351	14.371
924.912	14.404
925.397	14.443
925.825	14.485
926.207	14.531
926.553	14.580
926.868	14.631
927.157	14.685
927.423	14.740
927.669	14.797
927.897	14.855
928.110	14.915
928.308	14.977
928.495	15.040
928.672	15.104
928.841	15.169
929.003	15.235
929.162	15.301
929.319	15.369
929.477	15.437
929.639	15.505
929.809	15.573
929.990	15.641
930.187	15.708
930.407	15.774
930.657	15.839
930.946	15.901
931.284	15.959
931.687	16.014
932.170	16.062
932.754	16.104
933.464	16.136
934.331	16.156
935.404	16.161
936.750	16.146
938.479	16.105
940.764	16.024
943.858	15.890
948.057	15.682
953.544	15.390
960.133	15.029
967.117	14.645
973.578	14.298
978.899	14.027
982.976	13.837
986.030	13.714
988.344	13.638
990.155	13.593
991.618	13.570
992.830	13.561
993.851	13.563
994.723	13.573
995.476	13.591
996.135	13.614
996.722	13.641
997.256	13.672
997.754	13.705
998.232	13.739
998.702	13.774
999.176	13.809
999.663	13.844
1000.169	13.878
1000.701	13.910
1001.263	13.942
1001.858	13.971
1002.485	13.999
1003.143	14.025
1003.830	14.049
1004.540	14.072
1005.268	14.094
1006.007	14.115
1006.750	14.136
1007.490	14.156
1008.221	14.178
1008.936	14.200
1009.635	14.223
1010.313	14.247
1010.973	14.272
1011.617	14.299
1012.248	14.326
1012.877	14.354
1013.512	14.382
1014.167	14.408
1014.860	14.433
1015.612	14.455
1016.450	14.473
1017.404	14.484
1018.508	14.487
1019.794	14.479
1021.287	14.460
1023.000	14.429
1024.916	14.385
1026.988	14.331
1029.143	14.272
1031.278	14.212
1033.301	14.158
1035.130	14.114
1036.713	14.083
1038.038	14.067
1039.114	14.065
1039.969	14.075
1040.638	14.096
1041.157	14.126
1041.559	14.163
1041.870	14.206
1042.114	14.253
1042.306	14.303
1042.461	14.356
1042.588	14.412
1042.695	14.468
1042.786	14.527
1042.867	14.586
1042.939	14.646
1043.006	14.707
1043.069	14.769
1043.130	14.831
1043.189	14.894
1043.248	14.958
1043.307	15.021
1043.367	15.086
1043.429	15.150
1043.493	15.215
1043.561	15.281
1043.634	15.346
1043.713	15.412
1043.799	15.477
1043.894	15.543
1044.001	15.608
1044.122	15.672
1044.262	15.736
1044.424	15.799
1044.615	15.861
1044.841	15.921
1045.114	15.978
1045.443	16.031
1045.845	16.080
1046.336	16.123
1046.938	16.159
1047.674	16.186
1048.568	16.202
1049.639	16.206
1050.904	16.196
1052.358	16.172
1053.984	16.136
1055.736	16.090
1057.553	16.039
1059.365	15.988
1061.101	15.940
1062.713	15.901
1064.171	15.873
1065.471	15.855
1066.626	15.847
1067.663	15.848
1068.615	15.855
1069.519	15.866
1070.412	15.879
1071.331	15.890
1072.310	15.898
1073.381	15.901
1074.572	15.896
1075.901	15.882
1077.378	15.858
1079.001	15.824
1080.756	15.782
1082.622	15.732
1084.580	15.676
1086.612	15.616
1088.714	15.553
1090.887	15.485
1093.133	15.414
1095.443	15.339
1097.788	15.263
1100.115	15.187
1102.355	15.116
1104.433	15.054
1106.289	15.005
1107.888	14.971
1109.221	14.953
1110.302	14.949
1111.161	14.959
1111.832	14.980
1112.353	15.011
1112.754	15.050
1113.065	15.094
1113.306	15.143
1113.495	15.195
1113.646	15.251
1113.768	15.308
1113.869	15.368
1113.955	15.428
1114.029	15.490
1114.096	15.553
1114.156	15.617
1114.213	15.681
1114.268	15.746
1114.321	15.812
1114.375	15.878
1114.429	15.945
1114.486	16.011
1114.546	16.079
1114.611	16.146
1114.683	16.213
1114.764	16.280
1114.856	16.347
1114.963	16.414
1115.091	16.479
1115.244	16.544
1115.432	16.606
1115.665	16.666
1115.958	16.722
1116.329	16.774
1116.803	16.818
1117.410	16.854
1118.187	16.878
1119.176	16.888
1120.418	16.880
1121.951	16.852
1123.793	16.802
1125.933	16.731
1128.326	16.642
1130.890	16.540
1133.536	16.433
1136.177	16.327
1138.758	16.226
1141.253	16.131
1143.663	16.044
1145.996	15.962
1148.260	15.886
1150.447	15.815
1152.538	15.751
1154.506	15.694
1156.322	15.647
1157.963	15.610
1159.416	15.584
1160.682	15.570
1161.769	15.567
1162.694	15.574
1163.478	15.590
1164.140	15.613
1164.702	15.642
1165.182	15.677
1165.596	15.717
1165.956	15.760
1166.275	15.805
1166.561	15.854
1166.823	15.904
1167.063	15.956
1167.291	16.008
1167.506	16.062
1167.715	16.117
1167.919	16.173
1168.123	16.228
1168.331	16.284
1168.549	16.340
1168.792	16.395
1169.088	16.447
1169.497	16.494
1170.150	16.527
1171.330	16.533
1173.633	16.480
1178.151	16.308
1186.362	15.937
1198.771	15.338
1212.865	14.644
1224.448	14.080
1231.779	13.741
1235.797	13.579
1237.952	13.516
1239.195	13.502
1240.016	13.511
1240.637	13.530
1241.160	13.554
1241.627	13.581
1242.060	13.610
1242.469	13.640
1242.860	13.671
1243.236	13.703
1243.600	13.736
1243.954	13.769
1244.298	13.803
1244.633	13.837
1244.961	13.872
1245.282	13.907
1245.595	13.942
1245.901	13.978
1246.199	14.015
1246.489	14.052
1246.771	14.090
1247.045	14.128
1247.310	14.166
1247.565	14.206
1247.811	14.246
1248.047	14.286
1248.274	14.327
1248.490	14.369
1248.697	14.412
1248.893	14.455
1249.081	14.499
1249.259	14.544
1249.429	14.589
1249.591	14.635
1249.745	14.681
1249.893	14.728
1250.035	14.776
1250.173	14.824
1250.307	14.872
1250.438	14.921
1250.569	14.971
1250.699	15.020
1250.831	15.070
1250.967	15.120
1251.108	15.170
1251.257	15.220
1251.416	15.270
1251.588	15.319
1251.775	15.368
1251.981	15.416
1252.209	15.463
1252.464	15.509
1252.749	15.553
1253.068	15.596
1253.425	15.637
1253.824	15.676
1254.267	15.713
1254.756	15.747
1255.291	15.778
1255.872	15.807
1256.493	15.834
1257.150	15.858
1257.834	15.881
1258.535	15.903
1259.242	15.924
1259.944	15.946
1260.631	15.968
1261.296	15.991
1261.937	16.016
1262.560	16.042
1263.187	16.069
1263.866	16.093
1264.694	16.112
1265.856	16.114
1267.693	16.084
1270.777	15.994
1275.895	15.805
1283.693	15.482
1293.811	15.043
1304.387	14.576
1313.179	14.194
1319.230	13.944
1322.930	13.809
1325.092	13.750
1326.394	13.734
1327.248	13.741
1327.889	13.758
1328.435	13.781
1328.951	13.805
1329.473	13.830
1330.026	13.854
1330.625	13.876
1331.290	13.895
1332.036	13.912
1332.883	13.924
1333.850	13.932
1334.954	13.935
1336.213	13.931
1337.636	13.920
1339.227	13.902
1340.974	13.878
1342.854	13.848
1344.825	13.814
1346.835	13.778
1348.826	13.742
1350.741	13.708
1352.531	13.680
1354.159	13.657
1355.606	13.641
1356.867	13.633
1357.948	13.632
1358.863	13.638
1359.632	13.650
1360.276	13.667
1360.813	13.689
1361.264	13.714
1361.644	13.743
1361.966	13.774
1362.243	13.807
1362.484	13.841
1362.697	13.877
1362.888	13.915
1363.062	13.953
1363.224	13.992
1363.376	14.031
1363.522	14.071
1363.664	14.112
1363.804	14.152
1363.944	14.193
1364.084	14.234
1364.226	14.276
1364.372	14.317
1364.521	14.358
1364.676	14.400
1364.836	14.441
1365.003	14.482
1365.177	14.523
1365.359	14.564
1365.550	14.605
1365.751	14.646
1365.963	14.686
1366.186	14.726
1366.423	14.765
1366.675	14.804
1366.943	14.843
1367.232	14.880
1367.545	14.917
1367.887	14.953
1368.266	14.987
1368.694	15.019
1369.187	15.048
1369.767	15.074
1370.474	15.094
1371.352	15.107
1372.476	15.110
1373.940	15.098
1375.861	15.066
1378.373	15.008
1381.586	14.920
1385.537	14.799
1390.116	14.651
1395.053	14.486
1399.955	14.321
1404.435	14.174
1408.245	14.054
1411.295	13.967
1413.643	13.910
1415.409	13.878
1416.728	13.865
1417.722	13.866
1418.485	13.877
1419.086	13.895
1419.575	13.918
1419.987	13.945
1420.343	13.974
1420.662	14.005
1420.953	14.037
1421.224	14.070
1421.481	14.104
1421.728	14.139
1421.965	14.174
1422.197	14.210
1422.423	14.246
1422.644	14.282
1422.862	14.318
1423.076	14.355
1423.288	14.392
1423.495	14.430
1423.701	14.468
1423.903	14.506
1424.103	14.544
1424.299	14.582
1424.494	14.621
1424.686	14.660
1424.875	14.700
1425.062	14.740
1425.248	14.779
1425.432	14.820
1425.614	14.860
1425.797	14.901
1425.979	14.942
1426.161	14.983
1426.346	15.024
1426.533	15.065
1426.725	15.106
1426.922	15.147
1427.128	15.188
1427.344	15.229
1427.575	15.269
1427.824	15.309
1428.096	15.347
1428.398	15.385
1428.739	15.421
1429.128	15.455
1429.577	15.486
1430.103	15.515
1430.722	15.538
1431.455	15.557
1432.324	15.569
1433.351	15.574
1434.555	15.571
1435.951	15.559
1437.536	15.537
1439.302	15.506
1441.209	15.469
1443.212	15.426
1445.246	15.382
1447.245	15.338
1449.153	15.298
1450.925	15.265
1452.542	15.238
1454.003	15.219
1455.323	15.207
1456.534	15.200
1457.675	15.197
1458.794	15.196
1459.942	15.194
1461.175	15.189
1462.551	15.178
1464.125	15.159
1465.946	15.130
1468.042	15.089
1470.413	15.036
1473.018	14.972
1475.773	14.901
1478.562	14.828
1481.259	14.758
1483.754	14.697
1485.971	14.646
1487.875	14.609
1489.475	14.585
1490.800	14.572
1491.895	14.570
1492.809	14.575
1493.589	14.587
1494.277	14.603
1494.905	14.622
1495.505	14.642
1496.098	14.663
1496.706	14.683
1497.347	14.703
1498.034	14.720
1498.782	14.736
1499.602	14.748
1500.504	14.757
1501.498	14.763
1502.586	14.764
1503.774	14.762
1505.057	14.755
1506.428	14.745
1507.877	14.731
1509.385	14.715
1510.932	14.697
1512.494	14.678
1514.049	14.659
1515.573	14.641
1517.046	14.625
1518.457	14.611
1519.793	14.601
1521.051	14.593
1522.229	14.589
1523.332	14.588
1524.362	14.590
1525.327	14.595
1526.233	14.602
1527.086	14.611
1527.892	14.622
1528.655	14.635
1529.380	14.650
1530.069	14.666
1530.725	14.683
1531.348	14.702
1531.941	14.722
1532.503	14.743
1533.034	14.766
1533.537	14.790
1534.009	14.815
1534.452	14.841
1534.868	14.869
1535.254	14.898
1535.616	14.928
1535.951	14.959
1536.263	14.992
1536.552	15.025
1536.819	15.060
1537.068	15.095
1537.299	15.132
1537.513	15.169
1537.713	15.207
1537.900	15.246
1538.075	15.285
1538.240	15.326
1538.396	15.366
1538.544	15.408
1538.684	15.449
1538.819	15.492
1538.950	15.534
1539.076	15.577
1539.198	15.621
1539.318	15.664
1539.437	15.708
1539.554	15.753
1539.671	15.797
1539.788	15.842
1539.906	15.887
1540.028	15.932
1540.152	15.977
1540.283	16.022
1540.423	16.067
1540.573	16.111
1540.741	16.155
1540.934	16.198
1541.159	16.240
1541.432	16.280
1541.773	16.317
1542.207	16.350
1542.772	16.377
1543.517	16.396
1544.499	16.404
1545.795	16.397
1547.471	16.373
1549.591	16.327
1552.166	16.260
1555.150	16.172
1558.404	16.071
1561.734	15.965
1564.920	15.864
1567.787	15.777
1570.242	15.710
1572.271	15.662
1573.924	15.633
1575.282	15.617
1576.432	15.612
1577.459	15.614
1578.434	15.618
1579.418	15.623
1580.454	15.626
1581.579	15.625
1582.819	15.620
1584.178	15.609
1585.659	15.593
1587.242	15.572
1588.897	15.548
1590.588	15.522
1592.267	15.495
1593.896	15.471
1595.437	15.450
1596.864	15.434
1598.162	15.423
1599.330	15.418
1600.369	15.419
1601.294	15.424
1602.117	15.434
1602.851	15.448
1603.517	15.465
1604.123	15.485
1604.683	15.507
1605.207	15.530
1605.703	15.555
1606.179	15.581
1606.639	15.608
1607.090	15.636
1607.536	15.663
1607.980	15.691
1608.428	15.719
1608.885	15.747
1609.356	15.774
1609.847	15.800
1610.366	15.825
1610.922	15.849
1611.524	15.871
1612.186	15.890
1612.918	15.907
1613.736	15.920
1614.651	15.928
1615.677	15.932
1616.824	15.930
1618.093	15.923
1619.484	15.911
1620.984	15.893
1622.570	15.871
1624.210	15.847
1625.870	15.821
1627.503	15.796
1629.076	15.774
1630.554	15.755
1631.913	15.741
1633.142	15.733
1634.235	15.731
1635.197	15.734
1636.036	15.744
1636.765	15.757
1637.399	15.776
1637.951	15.798
1638.435	15.823
1638.863	15.851
1639.246	15.881
1639.594	15.913
1639.916	15.946
1640.218	15.980
1640.509	16.015
1640.794	16.050
1641.083	16.086
1641.382	16.121
1641.700	16.156
1642.048	16.189
1642.441	16.221
1642.895	16.250
1643.434	16.276
1644.089	16.296
1644.899	16.311
1645.916	16.316
1647.205	16.310
1648.845	16.289
1650.917	16.249
1653.503	16.187
1656.655	16.101
1660.362	15.991
1664.542	15.860
1669.029	15.717
1673.601	15.571
1678.037	15.431
1682.169	15.305
1685.903	15.195
1689.208	15.104
1692.108	15.030
1694.642	14.971
1696.857	14.926
1698.800	14.891
1700.509	14.865
1702.019	14.848
1703.359	14.837
1704.557	14.832
1705.637	14.831
1706.623	14.834
1707.535	14.840
1708.393	14.848
1709.216	14.858
1710.021	14.869
1710.825	14.880
1711.645	14.890
1712.496	14.900
1713.395	14.907
1714.355	14.913
1715.390	14.916
1716.513	14.916
1717.732	14.913
1719.054	14.905
1720.479	14.894
1722.005	14.879
1723.617	14.861
1725.302	14.840
1727.039	14.817
1728.802	14.793
1730.567	14.769
1732.313	14.745
1734.021	14.722
1735.682	14.702
1737.293	14.683
1738.859	14.666
1740.392	14.650
1741.913	14.635
1743.445	14.620
1745.019	14.604
1746.664	14.586
1748.413	14.564
1750.297	14.539
1752.341	14.508
1754.560	14.471
1756.956	14.429
1759.513	14.382
1762.195	14.330
1764.945	14.275
1767.693	14.221
1770.373	14.168
1772.908	14.120
1775.243	14.078
1777.353	14.044
1779.209	14.017
1780.814	13.999
1782.188	13.988
1783.344	13.985
1784.313	13.988
1785.121	13.996
1785.791	14.008
1786.349	14.025
1786.812	14.044
1787.199	14.066
1787.523	14.091
1787.797	14.117
1788.031	14.145
1788.232	14.173
1788.406	14.203
1788.560	14.234
1788.698	14.266
1788.823	14.298
1788.939	14.330
1789.048	14.363
1789.153	14.396
1789.256	14.429
1789.360	14.463
1789.466	14.496
1789.578	14.530
1789.697	14.563
1789.827	14.596
1789.972	14.629
1790.136	14.661
1790.323	14.693
1790.540	14.724
1790.795	14.754
1791.096	14.782
1791.454	14.809
1791.883	14.833
1792.396	14.855
1793.011	14.873
1793.746	14.887
1794.620	14.896
1795.652	14.900
1796.858	14.898
1798.245	14.890
1799.816	14.875
1801.559	14.854
1803.446	14.827
1805.440	14.797
1807.487	14.764
1809.530	14.731
1811.515	14.700
1813.390	14.672
1815.122	14.648
1816.686	14.631
1818.077	14.619
1819.298	14.613
1820.361	14.613
1821.282	14.617
1822.082	14.626
1822.780	14.639
1823.394	14.654
1823.940	14.672
1824.434	14.692
1824.887	14.714
1825.310	14.737
1825.713	14.760
1826.103	14.784
1826.490	14.809
1826.879	14.833
1827.277	14.857
1827.692	14.881
1828.130	14.904
1828.600	14.926
1829.108	14.947
1829.664	14.967
1830.275	14.984
1830.950	15.000
1831.697	15.013
1832.525	15.023
1833.436	15.030
1834.436	15.034
1835.522	15.035
1836.694	15.033
1837.938	15.029
1839.245	15.022
1840.596	15.013
1841.970	15.003
1843.349	14.993
1844.710	14.983
1846.038	14.975
1847.321	14.968
1848.552	14.962
1849.733	14.959
1850.870	14.957
1851.979	14.956
1853.081	14.956
1854.202	14.955
1855.374	14.953
1856.634	14.948
1858.017	14.940
1859.560	14.926
1861.300	14.906
1863.255	14.879
1865.430	14.845
1867.814	14.803
1870.361	14.756
1873.003	14.705
1875.664	14.653
1878.251	14.603
1880.684	14.558
1882.909	14.519
1884.887	14.489
1886.603	14.467
1888.071	14.452
1889.311	14.446
1890.348	14.446
1891.218	14.452
1891.949	14.462
1892.565	14.477
1893.094	14.494
1893.551	14.514
1893.952	14.536
1894.311	14.559
1894.635	14.584
1894.932	14.610
1895.208	14.636
1895.467	14.663
1895.712	14.691
1895.946	14.719
1896.170	14.748
1896.386	14.777
1896.595	14.806
1896.797	14.836
1896.994	14.866
1897.185	14.896
1897.371	14.926
1897.553	14.957
1897.730	14.988
1897.902	15.019
1898.071	15.051
1898.235	15.082
1898.395	15.114
1898.551	15.147
1898.704	15.179
1898.853	15.212
1898.998	15.245
1899.140	15.278
1899.278	15.312
1899.414	15.345
1899.545	15.379
1899.675	15.413
1899.801	15.448
1899.924	15.482
1900.045	15.517
1900.164	15.552
1900.280	15.588
1900.394	15.623
1900.506	15.659
1900.616	15.695
1900.725	15.731
1900.833	15.767
1900.940	15.804
1901.048	15.840
1901.155	15.877
1901.264	15.914
1901.376	15.951
1901.492	15.988
1901.614	16.024
1901.748	16.061
1901.899	16.097
1902.073	16.132
1902.286	16.167
1902.555	16.199
1902.912	16.228
1903.400	16.253
1904.089	16.271
1905.078	16.278
1906.506	16.270
1908.560	16.239
1911.458	16.177
1915.397	16.078
1920.446	15.938
1926.448	15.763
1932.939	15.568
1939.274	15.378
1944.879	15.213
1949.432	15.085
1952.900	14.996
1955.436	14.941
1957.260	14.911
1958.574	14.900
1959.544	14.901
1960.283	14.911
1960.874	14.926
1961.366	14.945
1961.794	14.966
1962.179	14.989
1962.535	15.013
1962.871	15.038
1963.192	15.063
1963.502	15.089
1963.803	15.115
1964.098	15.142
1964.386	15.168
1964.669	15.195
1964.949	15.223
1965.224	15.250
1965.496	15.278
1965.766	15.306
1966.033	15.334
1966.297	15.362
1966.560	15.390
1966.822	15.419
1967.082	15.447
1967.342	15.476
1967.600	15.505
1967.858	15.534
1968.116	15.563
1968.374	15.592
1968.631	15.621
1968.889	15.650
1969.147	15.680
1969.405	15.709
1969.664	15.739
1969.922	15.768
1970.181	15.798
1970.440	15.828
1970.699	15.858
1970.957	15.888
1971.215	15.918
1971.473	15.948
1971.730	15.978
1971.986	16.009
1972.241	16.039
1972.495	16.070
1972.748	16.101
1972.999	16.131
1973.250	16.163
1973.498	16.194
1973.746	16.225
1973.992	16.257
1974.239	16.288
1974.484	16.320
1974.729	16.352
1974.976	16.384
1975.224	16.416
1975.474	16.448
1975.726	16.480
1975.983	16.512
1976.246	16.543
1976.514	16.575
1976.790	16.607
1977.076	16.638
1977.372	16.669
1977.680	16.699
1978.002	16.729
1978.340	16.759
1978.694	16.788
1979.066	16.816
1979.458	16.844
1979.868	16.871
1980.300	16.897
1980.751	16.922
1981.223	16.947
1981.712	16.970
1982.220	16.994
1982.742	17.016
1983.275	17.038
1983.817	17.060
1984.366	17.081
1984.914	17.103
1985.459	17.124
1985.996	17.146
1986.524	17.168
1987.035	17.191
1987.527	17.215
1988.001	17.240
1988.450	17.265
1988.875	17.292
1989.274	17.320
1989.647	17.349
1989.996	17.379
1990.318	17.410
1990.617	17.443
1990.892	17.477
1991.146	17.511
1991.378	17.547
1991.593	17.584
1991.789	17.621
1991.970	17.660
1992.135	17.699
1992.288	17.739
1992.429	17.780
1992.558	17.821
1992.678	17.863
1992.789	17.905
1992.892	17.948
1992.988	17.992
1993.078	18.036
1993.161	18.080
1993.240	18.125
1993.313	18.171
1993.382	18.216
1993.447	18.262
1993.508	18.309
1993.566	18.356
1993.621	18.403
1993.674	18.450
1993.723	18.498
1993.770	18.546
1993.815	18.594
1993.857	18.643
1993.898	18.692
1993.936	18.742
1993.973	18.791
1994.009	18.841
1994.043	18.891
1994.075	18.942
1994.106	18.993
1994.135	19.044
1994.164	19.095
1994.191	19.147
1994.217	19.199
1994.242	19.251
1994.266	19.303
1994.288	19.356
1994.310	19.409
1994.332	19.463
1994.352	19.516
1994.371	19.570
1994.390	19.624
1994.408	19.679
1994.425	19.733
1994.442	19.788
1994.458	19.844
1994.473	19.899
1994.488	19.955
1994.502	20.011
1994.516	20.068
1994.529	20.124
1994.542	20.181
1994.554	20.238
1994.566	20.296
1994.577	20.354
1994.588	20.412
1994.599	20.470
1994.609	20.529
1994.619	20.588
1994.629	20.647
1994.638	20.706
1994.647	20.766
1994.656	20.826
1994.664	20.887
1994.672	20.947
1994.680	21.008
1994.688	21.069
1994.695	21.131
1994.703	21.193
1994.710	21.255
1994.716	21.317
1994.723	21.380
1994.729	21.443
1994.735	21.506
1994.741	21.569
1994.747	21.633
1994.753	21.697
1994.759	21.762
1994.764	21.826
1994.769	21.891
1994.774	21.957
1994.779	22.022
1994.784	22.088
1994.789	22.155
1994.793	22.221
1994.798	22.288
1994.802	22.355
1994.807	22.423
1994.811	22.490
1994.815	22.559
1994.819	22.627
1994.823	22.696
1994.827	22.765
1994.830	22.834
1994.834	22.904
1994.837	22.974
1994.841	23.044
1994.844	23.115
1994.848	23.186
1994.851	23.257
1994.854	23.329
1994.857	23.401
1994.860	23.473
1994.863	23.546
1994.866	23.619
1994.869	23.692
1994.872	23.766
1994.874	23.840
1994.877	23.914
1994.880	23.988
1994.882	24.063
