<j>	var(j)
1.510	0.457
2.577	0.440
3.560	0.480
4.715	0.635
5.879	0.459
6.676	0.463
7.677	0.699
9.083	0.899
10.283	1.036
11.494	1.192
12.641	1.487
14.061	1.995
15.355	1.468
16.251	1.749
17.473	2.531
18.921	2.090
19.877	1.343
20.553	1.081
21.181	0.927
21.820	1.139
22.836	2.547
24.859	3.974
26.586	2.465
27.489	1.424
28.054	1.013
28.539	0.921
29.075	1.081
29.858	1.947
31.365	3.545
33.183	2.966
34.363	2.611
35.478	3.196
36.782	3.622
38.098	3.466
39.252	2.985
40.211	2.337
40.957	1.658
41.521	1.399
42.093	1.788
42.946	2.719
44.189	3.131
45.375	2.324
46.202	1.702
46.872	1.667
47.635	2.510
48.949	5.380
51.315	8.164
53.584	6.019
54.934	4.209
55.891	3.767
56.790	3.917
57.748	4.246
58.787	4.605
59.900	5.025
61.088	5.392
62.312	5.464
63.497	5.286
64.612	5.085
65.671	4.873
66.674	4.511
67.596	3.980
68.412	3.410
69.128	2.977
69.785	2.854
70.462	3.172
71.268	3.996
72.313	5.245
73.642	6.372
75.113	6.300
76.410	4.885
77.355	3.476
78.050	3.015
78.725	3.864
79.698	6.752
81.401	11.357
83.753	11.814
85.617	6.915
86.584	3.599
87.119	2.644
87.568	2.854
88.111	3.830
88.890	5.446
90.000	7.054
91.345	7.420
92.639	6.617
93.754	6.326
94.856	7.451
96.172	9.387
97.740	10.298
99.290	8.910
100.519	6.404
101.375	4.367
101.972	3.165
102.432	2.604
102.842	2.502
103.271	2.800
103.792	3.539
104.492	4.837
105.476	6.909
106.868	10.277
108.832	15.491
111.432	19.831
114.122	17.660
116.106	11.710
117.325	7.641
118.135	5.885
118.791	5.232
119.400	4.914
119.989	4.597
120.555	4.197
121.086	3.773
121.580	3.443
122.052	3.331
122.537	3.545
123.085	4.176
123.765	5.232
124.635	6.431
125.685	7.091
126.788	6.715
127.789	5.872
128.674	5.833
129.620	7.759
130.953	12.398
132.986	18.082
135.505	19.351
137.755	16.061
139.469	14.457
141.028	17.206
142.886	23.001
145.198	26.875
147.578	23.730
149.438	16.242
150.633	10.224
151.387	7.199
151.943	6.113
152.441	5.889
152.941	5.920
153.459	5.911
153.989	5.742
154.514	5.407
155.019	4.977
155.496	4.570
155.948	4.310
156.393	4.320
156.861	4.713
157.398	5.595
158.062	6.987
158.907	8.664
159.947	10.036
161.114	10.592
162.307	10.961
163.549	13.450
165.133	21.394
167.611	35.708
171.193	45.989
174.880	39.761
177.549	26.965
179.229	18.397
180.368	14.020
181.249	11.838
182.008	10.834
182.719	10.571
183.429	10.781
184.165	11.207
184.941	11.562
185.747	11.577
186.556	11.092
187.331	10.135
188.042	8.919
188.673	7.723
189.228	6.778
189.729	6.205
190.204	6.050
190.684	6.355
191.209	7.277
191.835	9.324
192.670	13.803
193.944	23.375
196.081	40.725
199.475	60.021
203.649	61.827
207.175	43.484
209.356	24.811
210.548	14.175
211.237	9.181
211.700	6.859
212.060	5.688
212.370	5.032
212.654	4.637
212.924	4.421
213.192	4.391
213.467	4.644
213.772	5.414
214.144	7.183
214.664	10.868
215.481	17.969
216.847	29.927
219.041	44.999
222.041	54.300
225.208	49.423
227.763	36.103
229.506	24.715
230.681	18.084
231.551	14.548
232.265	12.344
232.880	10.588
233.415	8.998
233.876	7.559
234.271	6.325
234.609	5.339
234.903	4.612
235.164	4.130
235.406	3.870
235.642	3.804
235.883	3.916
236.140	4.203
236.427	4.689
236.758	5.449
237.157	6.646
237.660	8.601
238.332	11.836
239.276	16.940
240.625	23.827
242.452	30.262
244.604	31.889
246.668	26.762
248.266	18.435
249.317	11.421
249.966	7.368
250.404	6.169
250.810	7.982
251.396	14.567
252.527	30.205
254.835	58.911
258.864	88.364
263.802	85.336
267.679	53.998
269.853	28.191
270.957	15.737
271.591	10.674
272.041	8.524
272.413	7.421
272.746	6.732
273.056	6.273
273.353	6.006
273.644	5.950
273.942	6.155
274.260	6.702
274.617	7.719
275.041	9.390
275.572	11.952
276.262	15.657
277.177	20.651
278.380	26.769
279.912	33.359
281.760	39.474
283.856	44.462
286.111	48.208
288.443	50.412
290.765	49.961
292.955	45.814
294.871	38.495
296.424	30.056
297.609	22.559
298.495	17.020
299.169	13.475
299.714	11.504
300.192	10.623
300.645	10.431
301.101	10.636
301.576	11.023
302.076	11.435
302.601	11.749
303.147	11.885
303.705	11.806
304.264	11.527
304.816	11.113
305.354	10.665
305.877	10.300
306.390	10.134
306.906	10.261
307.438	10.747
308.007	11.615
308.633	12.829
309.334	14.276
310.120	15.754
310.987	17.002
311.920	17.780
312.889	17.989
313.863	17.750
314.820	17.376
315.759	17.253
316.698	17.701
317.670	18.878
318.713	20.739
319.861	23.037
321.127	25.382
322.502	27.375
323.958	28.812
325.459	29.813
326.986	30.819
328.541	32.443
330.159	35.240
331.894	39.364
333.794	44.112
335.857	47.713
337.997	48.010
340.049	44.017
341.849	36.831
343.306	28.706
344.420	21.468
345.249	15.873
345.866	11.888
346.335	9.171
346.704	7.363
347.008	6.189
347.271	5.467
347.509	5.086
347.739	4.990
347.970	5.160
348.218	5.608
348.495	6.381
348.819	7.563
349.214	9.291
349.710	11.785
350.351	15.404
351.201	20.725
352.352	28.569
353.929	39.718
356.066	53.686
358.806	66.695
361.951	71.966
365.048	65.751
367.656	52.171
369.617	38.471
371.029	28.735
372.089	23.473
372.974	21.783
373.818	22.661
374.714	25.289
375.723	28.880
376.874	32.481
378.154	34.952
379.506	35.283
380.840	33.087
382.065	28.845
383.114	23.635
383.966	18.555
384.633	14.326
385.153	11.235
385.568	9.283
385.921	8.367
386.250	8.396
386.593	9.347
386.988	11.286
387.478	14.336
388.113	18.618
388.943	24.111
390.017	30.467
391.357	36.897
392.944	42.377
394.717	46.261
396.595	48.843
398.527	51.166
400.508	54.026
402.553	57.108
404.658	59.044
406.764	58.445
408.781	55.104
410.626	50.237
412.275	45.598
413.755	42.459
415.129	41.210
416.462	41.521
417.802	42.686
419.171	43.927
420.567	44.616
421.968	44.441
423.348	43.412
424.681	41.801
425.953	39.960
427.162	38.210
428.315	36.766
429.422	35.741
430.498	35.175
431.557	35.050
432.613	35.295
433.677	35.774
434.754	36.291
435.844	36.594
436.940	36.444
438.026	35.666
439.084	34.233
440.095	32.285
441.046	30.113
441.932	28.094
442.763	26.618
443.555	26.041
444.339	26.643
445.151	28.611
446.032	31.992
447.025	36.598
448.161	41.906
449.456	46.976
450.888	50.579
452.404	51.591
453.919	49.506
455.343	44.746
456.609	38.426
457.683	31.835
458.569	25.939
459.292	21.226
459.889	17.799
460.396	15.537
460.847	14.238
461.268	13.704
461.681	13.774
462.104	14.321
462.551	15.256
463.034	16.505
463.562	17.998
464.144	19.654
464.785	21.372
465.485	23.027
466.241	24.467
467.045	25.536
467.884	26.093
468.740	26.045
469.592	25.368
470.420	24.118
471.207	22.418
471.937	20.428
472.604	18.319
473.204	16.247
473.740	14.337
474.216	12.687
474.643	11.374
475.032	10.469
475.397	10.058
475.756	10.257
476.132	11.239
476.556	13.248
477.069	16.604
477.724	21.650
478.589	28.601
479.730	37.240
481.195	46.572
482.983	54.839
485.016	60.386
487.175	63.070
489.360	64.714
491.552	67.720
493.807	72.965
496.185	78.680
498.667	81.186
501.125	77.422
503.369	67.402
505.251	54.114
506.723	41.132
507.827	30.653
508.650	23.246
509.281	18.542
509.794	15.888
510.244	14.695
510.671	14.525
511.101	15.084
511.556	16.167
512.050	17.617
512.594	19.283
513.195	20.997
513.851	22.562
514.558	23.767
515.303	24.421
516.067	24.391
516.828	23.646
517.565	22.266
518.258	20.428
518.893	18.356
519.466	16.278
519.977	14.384
520.433	12.818
520.845	11.680
521.226	11.043
521.595	10.981
521.970	11.583
522.376	12.978
522.841	15.334
523.402	18.840
524.101	23.645
524.983	29.733
526.089	36.731
527.441	43.768
529.019	49.588
530.762	53.089
532.575	54.058
534.377	53.465
536.129	52.984
537.849	54.120
539.598	57.562
541.445	62.914
543.436	68.726
545.561	72.862
547.747	73.321
549.875	69.246
551.822	61.357
553.501	51.421
554.881	41.279
555.976	32.179
556.825	24.665
557.477	18.783
557.976	14.335
558.361	11.047
558.661	8.663
558.900	6.968
559.096	5.801
559.263	5.050
559.412	4.643
559.552	4.543
559.694	4.752
559.847	5.308
560.022	6.292
560.235	7.842
560.507	10.163
560.867	13.529
561.353	18.268
562.016	24.673
562.912	32.796
564.095	42.110
565.588	51.169
567.352	57.724
569.272	59.676
571.184	56.462
572.931	49.525
574.425	41.318
575.654	33.937
576.662	28.531
577.520	25.546
578.304	25.212
579.101	27.928
580.010	34.440
581.153	45.721
582.678	62.304
584.728	82.893
587.362	102.904
590.467	115.563
593.749	117.172
596.900	111.491
599.786	106.763
602.498	108.915
605.232	118.015
608.132	128.718
611.187	133.251
614.212	126.222
616.948	108.326
619.207	85.234
620.935	63.089
622.194	45.371
623.097	32.801
623.753	24.608
624.253	19.636
624.659	16.867
625.016	15.566
625.352	15.271
625.687	15.724
626.039	16.817
626.420	18.560
626.847	21.053
627.338	24.486
627.915	29.127
628.608	35.309
629.453	43.378
630.495	53.582
631.779	65.857
633.345	79.519
635.208	93.010
637.341	103.943
639.662	109.757
642.040	108.855
644.328	101.466
646.404	89.520
648.196	75.631
649.686	62.020
650.897	50.020
651.870	40.136
652.652	32.342
653.285	26.369
653.805	21.885
654.241	18.582
654.616	16.207
654.947	14.563
655.249	13.501
655.533	12.910
655.809	12.708
656.085	12.835
656.367	13.249
656.662	13.919
656.976	14.821
657.315	15.941
657.683	17.274
658.086	18.827
658.528	20.621
659.017	22.711
659.560	25.190
660.167	28.216
660.852	32.018
661.634	36.900
662.540	43.208
663.605	51.220
664.866	60.948
666.359	71.833
668.096	82.472
670.052	90.659
672.150	94.010
674.265	91.093
676.256	82.304
678.009	69.696
679.464	55.917
680.615	43.111
681.496	32.438
682.159	24.195
682.656	18.167
683.033	13.935
683.326	11.066
683.562	9.189
683.763	8.026
683.942	7.379
684.110	7.116
684.275	7.157
684.444	7.462
684.624	8.026
684.821	8.875
685.042	10.062
685.296	11.679
685.596	13.852
685.957	16.758
686.399	20.616
686.949	25.684
687.638	32.228
688.507	40.449
689.597	50.363
690.946	61.641
692.577	73.523
694.487	84.895
696.644	94.657
698.989	102.213
701.457	107.701
703.992	111.630
706.558	114.195
709.121	114.828
711.633	112.419
714.030	106.093
716.234	95.960
718.183	83.234
719.843	69.686
721.215	56.952
722.329	46.075
723.229	37.460
723.964	31.057
724.578	26.579
725.111	23.662
725.591	21.964
726.044	21.200
726.487	21.156
726.934	21.678
727.398	22.671
727.888	24.090
728.414	25.936
728.984	28.247
729.609	31.099
730.303	34.591
731.078	38.823
731.951	43.865
732.940	49.700
734.059	56.146
735.318	62.810
736.716	69.073
738.238	74.159
739.851	77.325
741.508	78.116
743.157	76.542
744.751	73.101
746.255	68.596
747.654	63.859
748.950	59.551
750.156	56.040
751.290	53.425
752.373	51.580
753.420	50.259
754.440	49.170
755.438	48.045
756.412	46.679
757.358	44.950
758.267	42.827
759.131	40.358
759.946	37.644
760.706	34.809
761.410	31.975
762.058	29.245
762.653	26.694
763.199	24.366
763.700	22.281
764.160	20.439
764.586	18.827
764.982	17.424
765.351	16.207
765.697	15.151
766.023	14.233
766.333	13.436
766.628	12.740
766.910	12.130
767.181	11.592
767.443	11.118
767.696	10.697
767.943	10.323
768.183	9.992
768.418	9.701
768.648	9.452
768.874	9.251
769.098	9.111
769.322	9.055
769.546	9.126
769.776	9.399
770.016	10.013
770.277	11.230
770.578	13.560
770.952	18.006
771.465	26.560
772.245	43.060
773.535	74.212
775.755	129.023
779.487	210.534
785.128	294.732
792.144	326.024
798.936	278.167
804.126	194.342
807.519	124.146
809.634	81.042
811.024	58.424
812.047	47.707
812.902	43.288
813.691	42.156
814.470	42.791
815.267	44.407
816.098	46.576
816.971	49.032
817.893	51.603
818.862	54.156
819.879	56.617
820.940	58.956
822.043	61.167
823.185	63.266
824.363	65.268
825.574	67.152
826.817	68.834
828.086	70.160
829.373	70.931
830.667	70.917
831.953	69.920
833.214	67.850
834.429	64.731
835.582	60.727
836.658	56.109
837.650	51.204
838.553	46.335
839.370	41.773
840.108	37.723
840.777	34.313
841.389	31.607
841.957	29.618
842.493	28.335
843.011	27.737
843.524	27.809
844.043	28.557
844.581	30.020
845.151	32.281
845.771	35.483
846.457	39.826
847.233	45.550
848.125	52.928
849.164	62.138
850.385	73.128
851.815	85.406
853.470	97.839
855.341	108.613
857.379	115.550
859.501	116.865
861.598	111.904
863.560	101.556
865.307	87.844
866.794	73.102
868.018	59.247
869.006	47.418
869.796	38.051
870.433	31.128
870.959	26.385
871.411	23.495
871.820	22.181
872.214	22.236
872.615	23.558
873.048	26.147
873.535	30.106
874.102	35.644
874.779	43.064
875.602	52.716
876.613	64.921
877.856	79.767
879.376	96.864
881.201	114.932
883.330	131.671
885.719	144.066
888.263	149.237
890.826	145.798
893.262	134.574
895.457	118.203
897.346	99.938
898.923	82.480
900.213	67.459
901.266	55.485
902.135	46.517
902.868	40.183
903.506	36.007
904.085	33.545
904.631	32.430
905.164	32.361
905.701	33.130
906.257	34.581
906.840	36.598
907.462	39.116
908.129	42.082
908.851	45.455
909.632	49.193
910.479	53.234
911.397	57.469
912.387	61.740
913.450	65.817
914.579	69.394
915.763	72.136
916.989	73.708
918.233	73.842
919.471	72.402
920.677	69.430
921.825	65.137
922.897	59.873
923.877	54.050
924.759	48.077
925.543	42.304
926.233	36.992
926.839	32.299
927.369	28.320
927.837	25.064
928.255	22.527
928.633	20.667
928.985	19.449
929.319	18.849
929.648	18.849
929.981	19.465
930.329	20.739
930.705	22.744
931.122	25.597
931.596	29.456
932.148	34.534
932.799	41.091
933.578	49.417
934.518	59.796
935.656	72.432
937.030	87.286
938.673	103.884
940.606	121.080
942.821	136.970
945.275	149.154
947.882	155.285
950.524	154.064
953.079	145.719
955.436	131.931
957.528	115.142
959.325	97.692
960.832	81.301
962.078	66.928
963.100	54.918
963.939	45.213
964.632	37.557
965.211	31.620
965.702	27.078
966.125	23.640
966.499	21.064
966.836	19.159
967.144	17.770
967.434	16.785
967.710	16.113
967.979	15.692
968.242	15.473
968.504	15.421
968.768	15.516
969.036	15.739
969.310	16.085
969.592	16.549
969.885	17.128
970.191	17.827
970.511	18.648
970.849	19.593
971.207	20.663
971.586	21.857
971.990	23.163
972.421	24.572
972.881	26.056
973.370	27.586
973.891	29.117
974.442	30.602
975.023	31.985
975.632	33.216
976.265	34.255
976.920	35.082
977.591	35.705
978.275	36.182
978.970	36.611
979.675	37.161
980.394	38.062
981.134	39.616
981.910	42.204
982.743	46.276
983.664	52.330
984.713	60.826
985.938	72.061
987.387	85.866
989.102	101.356
991.099	116.617
993.352	128.990
995.783	135.807
998.274	135.655
1000.697	129.180
1002.953	118.915
1004.995	108.164
1006.837	99.908
1008.537	96.265
1010.184	98.449
1011.881	106.942
1013.731	121.365
1015.825	140.209
1018.215	160.320
1020.895	177.038
1023.775	185.267
1026.697	181.673
1029.474	166.449
1031.946	143.137
1034.022	116.773
1035.686	91.652
1036.979	70.261
1037.965	53.449
1038.716	40.929
1039.294	32.003
1039.750	25.837
1040.123	21.724
1040.441	19.094
1040.725	17.523
1040.990	16.712
1041.245	16.453
1041.500	16.601
1041.760	17.060
1042.029	17.762
1042.312	18.658
1042.612	19.717
1042.931	20.909
1043.272	22.212
1043.635	23.598
1044.024	25.046
1044.438	26.524
1044.880	28.001
1045.347	29.441
1045.840	30.806
1046.358	32.058
1046.899	33.164
1047.459	34.094
1048.036	34.838
1048.628	35.398
1049.230	35.819
1049.842	36.171
1050.461	36.599
1051.090	37.321
1051.735	38.673
1052.410	41.161
1053.135	45.519
1053.946	52.791
1054.899	64.354
1056.073	81.871
1057.573	106.821
1059.523	139.567
1062.032	177.522
1065.141	213.730
1068.743	237.534
1072.569	239.635
1076.251	218.532
1079.468	181.766
1082.052	140.550
1084.004	103.480
1085.422	74.324
1086.436	53.288
1087.165	38.899
1087.702	29.391
1088.112	23.232
1088.442	19.332
1088.721	16.922
1088.969	15.535
1089.200	14.884
1089.425	14.825
1089.652	15.314
1089.890	16.386
1090.149	18.165
1090.439	20.859
1090.777	24.793
1091.184	30.423
1091.689	38.373
1092.332	49.435
1093.166	64.515
1094.256	84.456
1095.678	109.621
1097.508	139.248
1099.796	170.664
1102.536	199.066
1105.639	218.471
1108.934	224.320
1112.203	215.890
1115.253	196.790
1117.962	172.805
1120.299	149.138
1122.293	128.907
1124.007	113.136
1125.510	101.518
1126.859	93.169
1128.100	87.129
1129.261	82.589
1130.363	78.956
1131.417	75.833
1132.428	72.978
1133.402	70.243
1134.340	67.557
1135.241	64.861
1136.107	62.133
1136.938	59.348
1137.730	56.491
1138.487	53.555
1139.204	50.543
1139.882	47.461
1140.519	44.336
1141.116	41.193
1141.671	38.069
1142.186	34.997
1142.660	32.019
1143.096	29.164
1143.494	26.460
1143.856	23.928
1144.186	21.582
1144.484	19.431
1144.755	17.475
1144.999	15.711
1145.220	14.136
1145.420	12.736
1145.602	11.502
1145.767	10.422
1145.918	9.481
1146.056	8.671
1146.184	7.978
1146.302	7.391
1146.412	6.902
1146.517	6.504
1146.616	6.191
1146.711	5.960
1146.804	5.813
1146.895	5.756
1146.987	5.807
1147.080	5.993
1147.178	6.372
1147.283	7.044
1147.402	8.193
1147.543	10.152
1147.723	13.535
1147.968	19.484
1148.329	30.096
1148.898	49.159
1149.841	83.177
1151.440	141.949
1154.136	236.157
1158.473	365.699
1164.781	497.546
1172.626	562.946
1180.622	516.724
1187.299	394.434
1192.059	266.941
1195.162	172.803
1197.146	114.664
1198.470	81.805
1199.430	63.932
1200.193	54.193
1200.850	48.676
1201.447	45.270
1202.006	42.892
1202.540	40.966
1203.050	39.226
1203.542	37.522
1204.013	35.813
1204.465	34.076
1204.896	32.326
1205.307	30.588
1205.697	28.883
1206.067	27.245
1206.417	25.697
1206.750	24.266
1207.065	22.965
1207.365	21.820
1207.653	20.836
1207.928	20.035
1208.196	19.421
1208.457	19.016
1208.714	18.833
1208.972	18.901
1209.232	19.248
1209.499	19.919
1209.779	20.970
1210.076	22.472
1210.397	24.514
1210.751	27.208
1211.146	30.674
1211.596	35.065
1212.113	40.497
1212.714	47.122
1213.415	54.969
1214.235	64.046
1215.190	74.128
1216.294	84.885
1217.551	95.708
1218.959	105.914
1220.504	114.784
1222.162	121.832
1223.904	127.008
1225.703	130.834
1227.541	134.362
1229.416	138.969
1231.347	146.001
1233.367	156.346
1235.521	170.051
1237.846	185.987
1240.361	201.822
1243.045	214.404
1245.844	220.694
1248.663	218.883
1251.400	209.235
1253.966	193.820
1256.303	175.814
1258.399	158.206
1260.270	143.036
1261.956	131.328
1263.501	123.055
1264.951	117.629
1266.335	114.100
1267.679	111.500
1268.988	108.920
1270.263	105.700
1271.496	101.424
1272.674	95.968
1273.784	89.434
1274.815	82.097
1275.759	74.322
1276.611	66.486
1277.373	58.920
1278.048	51.876
1278.643	45.526
1279.167	39.954
1279.629	35.182
1280.037	31.182
1280.401	27.908
1280.729	25.279
1281.028	23.231
1281.306	21.686
1281.566	20.576
1281.816	19.852
1282.059	19.454
1282.299	19.354
1282.540	19.512
1282.785	19.912
1283.037	20.533
1283.298	21.364
1283.573	22.399
1283.862	23.633
1284.169	25.064
1284.497	26.691
1284.848	28.514
1285.225	30.531
1285.630	32.733
1286.067	35.116
1286.536	37.656
1287.043	40.340
1287.586	43.126
1288.169	45.982
1288.792	48.844
1289.455	51.660
1290.156	54.354
1290.895	56.851
1291.668	59.072
1292.470	60.951
1293.299	62.418
1294.145	63.425
1295.006	63.949
1295.872	63.975
1296.739	63.528
1297.598	62.636
1298.444	61.367
1299.273	59.784
1300.081	57.978
1300.865	56.033
1301.623	54.037
1302.354	52.089
1303.062	50.271
1303.745	48.680
1304.410	47.405
1305.060	46.549
1305.700	46.215
1306.340	46.519
1306.988	47.591
1307.655	49.570
1308.354	52.593
1309.100	56.788
1309.910	62.268
1310.802	69.041
1311.793	77.028
1312.898	85.952
1314.129	95.333
1315.489	104.478
1316.966	112.469
1318.545	118.438
1320.189	121.611
1321.859	121.655
1323.510	118.711
1325.106	113.445
1326.618	106.899
1328.035	100.277
1329.361	94.780
1330.615	91.494
1331.832	91.378
1333.055	95.278
1334.342	103.985
1335.756	118.159
1337.369	138.167
1339.253	163.685
1341.469	193.165
1344.051	223.345
1346.978	249.272
1350.166	265.383
1353.468	267.490
1356.703	254.652
1359.700	229.724
1362.342	197.874
1364.576	164.434
1366.407	133.400
1367.880	106.826
1369.055	85.309
1369.994	68.495
1370.749	55.643
1371.366	45.930
1371.878	38.608
1372.311	33.070
1372.686	28.846
1373.014	25.583
1373.309	23.026
1373.575	20.988
1373.820	19.340
1374.047	17.985
1374.260	16.860
1374.461	15.915
1374.652	15.117
1374.834	14.450
1375.010	13.887
1375.179	13.429
1375.345	13.065
1375.507	12.792
1375.667	12.611
1375.826	12.523
1375.984	12.531
1376.144	12.639
1376.307	12.851
1376.474	13.177
1376.646	13.622
1376.825	14.193
1377.013	14.901
1377.212	15.750
1377.424	16.752
1377.651	17.913
1377.895	19.233
1378.159	20.722
1378.445	22.372
1378.755	24.183
1379.092	26.144
1379.457	28.243
1379.854	30.471
1380.284	32.824
1380.748	35.324
1381.250	38.038
1381.792	41.114
1382.380	44.860
1383.026	49.860
1383.750	57.129
1384.588	68.426
1385.606	86.593
1386.910	115.967
1388.672	162.374
1391.138	231.727
1394.606	325.386
1399.323	431.578
1405.271	519.296
1411.975	549.824
1418.592	507.552
1424.321	415.675
1428.791	314.072
1432.071	230.460
1434.448	173.394
1436.245	139.941
1437.714	123.981
1439.037	119.937
1440.334	123.674
1441.680	132.287
1443.124	143.627
1444.687	155.883
1446.375	167.428
1448.173	176.763
1450.055	182.595
1451.977	184.035
1453.893	180.740
1455.755	172.982
1457.519	161.561
1459.152	147.558
1460.631	132.226
1461.948	116.637
1463.107	101.602
1464.110	87.773
1464.979	75.379
1465.724	64.584
1466.363	55.321
1466.912	47.483
1467.385	40.910
1467.794	35.428
1468.150	30.876
1468.462	27.101
1468.737	23.968
1468.982	21.375
1469.202	19.222
1469.401	17.435
1469.582	15.955
1469.750	14.726
1469.905	13.712
1470.051	12.878
1470.189	12.201
1470.321	11.659
1470.448	11.235
1470.570	10.919
1470.691	10.701
1470.810	10.575
1470.928	10.540
1471.047	10.591
1471.167	10.731
1471.290	10.961
1471.416	11.286
1471.547	11.713
1471.684	12.248
1471.828	12.903
1471.981	13.692
1472.144	14.626
1472.320	15.719
1472.510	16.995
1472.717	18.479
1472.943	20.188
1473.192	22.157
1473.467	24.428
1473.771	27.025
1474.110	30.028
1474.488	33.493
1474.912	37.533
1475.389	42.297
1475.930	48.021
1476.546	55.077
1477.256	64.064
1478.087	75.939
1479.078	92.274
1480.288	115.495
1481.810	149.284
1483.782	198.648
1486.397	269.127
1489.898	363.998
1494.521	478.080
1500.362	590.417
1507.210	665.427
1514.468	671.061
1521.344	604.124
1527.204	492.900
1531.787	373.967
1535.165	271.325
1537.574	192.869
1539.272	136.819
1540.475	98.064
1541.339	71.589
1541.973	53.477
1542.450	40.977
1542.818	32.248
1543.111	26.076
1543.350	21.659
1543.550	18.476
1543.722	16.173
1543.875	14.498
1544.012	13.301
1544.140	12.462
1544.261	11.893
1544.377	11.549
1544.491	11.380
1544.604	11.368
1544.717	11.487
1544.833	11.733
1544.952	12.094
1545.076	12.573
1545.205	13.169
1545.342	13.890
1545.487	14.742
1545.641	15.733
1545.807	16.876
1545.987	18.187
1546.181	19.674
1546.392	21.361
1546.623	23.255
1546.875	25.375
1547.152	27.740
1547.456	30.348
1547.791	33.221
1548.158	36.353
1548.561	39.735
1549.003	43.364
1549.487	47.202
1550.015	51.223
1550.589	55.368
1551.210	59.581
1551.880	63.791
1552.597	67.915
1553.360	71.876
1554.168	75.602
1555.017	79.018
1555.905	82.076
1556.826	84.746
1557.775	87.014
1558.749	88.902
1559.743	90.419
1560.753	91.633
1561.776	92.578
1562.807	93.330
1563.847	93.958
1564.893	94.533
1565.944	95.167
1567.003	95.983
1568.070	97.149
1569.151	98.899
1570.253	101.522
1571.385	105.375
1572.562	110.888
1573.803	118.517
1575.131	128.689
1576.575	141.732
1578.164	157.673
1579.927	176.099
1581.884	195.971
1584.045	215.492
1586.395	232.250
1588.891	243.615
1591.466	247.384
1594.040	242.456
1596.518	229.272
1598.824	209.584
1600.904	185.939
1602.727	161.061
1604.294	137.079
1605.620	115.461
1606.732	96.980
1607.668	81.742
1608.458	69.632
1609.132	60.304
1609.722	53.309
1610.246	48.292
1610.724	44.909
1611.173	42.883
1611.605	42.016
1612.032	42.168
1612.464	43.257
1612.911	45.262
1613.382	48.225
1613.886	52.288
1614.437	57.757
1615.050	65.341
1615.748	76.573
1616.575	94.981
1617.617	128.702
1619.058	196.288
1621.301	338.492
1625.208	636.206
1632.440	1211.198
1645.432	2107.963
1665.586	2963.771
1689.620	3043.352
1710.485	2277.007
1724.286	1374.518
1732.074	765.895
1736.301	441.911
1738.739	284.768
1740.329	209.736
1741.515	172.396
1742.501	151.952
1743.375	139.050
1744.179	129.574
1744.929	121.697
1745.635	114.635
1746.302	108.070
1746.931	101.866
1747.525	95.976
1748.086	90.393
1748.615	85.120
1749.115	80.159
1749.587	75.505
1750.032	71.164
1750.452	67.124
1750.851	63.375
1751.228	59.900
1751.585	56.691
1751.924	53.735
1752.247	51.012
1752.554	48.505
1752.848	46.203
1753.128	44.096
1753.397	42.160
1753.655	40.386
1753.902	38.767
1754.141	37.290
1754.372	35.942
1754.595	34.718
1754.811	33.609
1755.021	32.608
1755.226	31.706
1755.427	30.899
1755.622	30.182
1755.814	29.549
1756.003	28.995
1756.189	28.517
1756.373	28.110
1756.554	27.773
1756.735	27.501
1756.914	27.288
1757.093	27.133
1757.272	27.035
1757.450	26.988
1757.629	26.992
1757.809	27.040
1757.990	27.129
1758.173	27.260
1758.357	27.426
1758.542	27.624
1758.730	27.854
1758.921	28.107
1759.114	28.381
1759.309	28.669
1759.507	28.967
1759.708	29.276
1759.913	29.591
1760.120	29.893
1760.329	30.189
1760.542	30.476
1760.759	30.744
1760.977	30.983
1761.198	31.196
1761.422	31.381
1761.646	31.518
1761.874	31.619
1762.103	31.673
1762.333	31.671
1762.564	31.628
1762.795	31.522
1763.027	31.359
1763.257	31.146
1763.488	30.871
1763.718	30.540
1763.944	30.156
1764.170	29.716
1764.393	29.226
1764.612	28.690
1764.830	28.108
1765.042	27.492
1765.251	26.831
1765.456	26.151
1765.656	25.436
1765.853	24.706
1766.043	23.959
1766.229	23.201
1766.409	22.438
1766.584	21.675
1766.755	20.914
1766.919	20.160
1767.078	19.419
1767.233	18.691
1767.382	17.980
1767.526	17.290
1767.665	16.621
1767.799	15.977
1767.928	15.358
1768.053	14.767
1768.174	14.204
1768.291	13.670
1768.404	13.165
1768.513	12.692
1768.619	12.251
1768.721	11.841
1768.821	11.466
1768.918	11.128
1769.012	10.829
1769.105	10.573
1769.196	10.367
1769.285	10.218
1769.374	10.138
1769.463	10.144
1769.552	10.260
1769.643	10.513
1769.737	10.948
1769.836	11.624
1769.941	12.622
1770.057	14.049
1770.187	16.062
1770.338	18.852
1770.516	22.702
1770.732	27.972
1771.001	35.127
1771.342	44.803
1771.778	57.718
1772.344	74.809
1773.078	96.979
1774.031	125.177
1775.259	159.801
1776.817	200.539
1778.756	245.585
1781.105	291.314
1783.844	332.064
1786.906	361.391
1790.172	373.772
1793.468	366.719
1796.631	341.954
1799.523	304.643
1802.052	261.653
1804.198	219.029
1805.977	181.038
1807.443	149.908
1808.655	126.147
1809.679	109.241
1810.573	98.289
1811.383	92.123
1812.150	89.748
1812.903	90.209
1813.665	92.725
1814.450	96.600
1815.272	101.285
1816.134	106.225
1817.039	110.988
1817.983	115.172
1818.961	118.444
1819.965	120.556
1820.985	121.356
1822.009	120.778
1823.025	118.869
1824.023	115.762
1824.993	111.643
1825.927	106.774
1826.819	101.413
1827.666	95.817
1828.466	90.217
1829.220	84.821
1829.929	79.777
1830.597	75.188
1831.229	71.102
1831.827	67.539
1832.398	64.520
1832.944	61.993
1833.471	59.908
1833.982	58.219
1834.480	56.863
1834.969	55.764
1835.449	54.867
1835.923	54.110
1836.393	53.434
1836.857	52.795
1837.317	52.145
1837.773	51.454
1838.223	50.689
1838.668	49.834
1839.107	48.874
1839.538	47.804
1839.961	46.625
1840.373	45.339
1840.776	43.961
1841.167	42.504
1841.546	40.982
1841.913	39.408
1842.267	37.799
1842.606	36.185
1842.932	34.573
1843.245	32.974
1843.544	31.413
1843.830	29.901
1844.103	28.441
1844.364	27.053
1844.612	25.745
1844.851	24.519
1845.078	23.393
1845.296	22.370
1845.505	21.468
1845.708	20.699
1845.903	20.089
1846.094	19.669
1846.282	19.487
1846.470	19.610
1846.661	20.143
1846.858	21.262
1847.069	23.237
1847.303	26.480
1847.573	31.719
1847.902	40.139
1848.324	53.687
1848.898	75.620
1849.717	111.283
1850.932	168.852
1852.781	260.053
1855.609	398.058
1859.859	589.919
1865.957	819.809
1874.004	1029.850
1883.457	1134.154
1893.131	1080.231
1901.719	900.480
1908.484	679.893
1913.406	486.143
1916.854	345.260
1919.288	253.980
1921.086	199.331
1922.515	169.069
1923.740	153.956
1924.868	147.892
1925.959	146.978
1927.049	148.706
1928.152	151.377
1929.275	153.897
1930.414	155.476
1931.563	155.620
1932.710	154.048
1933.843	150.666
1934.948	145.554
1936.011	138.921
1937.023	131.106
1937.977	122.446
1938.867	113.279
1939.689	104.026
1940.443	94.995
1941.133	86.362
1941.761	78.373
1942.330	71.178
1942.849	64.790
1943.323	59.269
1943.758	54.638
1944.161	50.825
1944.537	47.821
1944.893	45.591
1945.234	44.060
1945.566	43.223
1945.893	43.022
1946.221	43.454
1946.554	44.515
1946.897	46.210
1947.254	48.590
1947.633	51.727
1948.038	55.720
1948.476	60.709
1948.956	66.918
1949.488	74.593
1950.082	84.065
1950.755	95.736
1951.524	110.080
1952.409	127.573
1953.438	148.694
1954.637	173.788
1956.037	202.913
1957.666	235.632
1959.549	270.823
1961.696	306.454
1964.103	339.595
1966.739	366.747
1969.548	384.337
1972.448	389.704
1975.344	381.685
1978.136	361.154
1980.741	330.669
1983.096	293.799
1985.164	254.288
1986.940	215.297
1988.434	179.099
1989.671	147.003
1990.683	119.537
1991.505	96.637
1992.169	77.913
1992.705	62.842
1993.139	50.816
1993.492	41.281
1993.779	33.770
1994.014	27.867
1994.210	23.222
1994.374	19.553
1994.513	16.661
1994.632	14.372
1994.735	12.538
1994.826	11.069
1994.906	9.885
1994.979	8.914
1995.045	8.118
1995.104	7.457
1995.161	6.899
1995.212	6.428
1995.260	6.022
1995.306	5.670
1995.349	5.362
1995.391	5.087
1995.429	4.843
1995.467	4.621
1995.503	4.420
1995.538	4.234
1995.571	4.064
1995.603	3.906
1995.633	3.759
1995.664	3.620
1995.693	3.490
1995.721	3.367
1995.748	3.251
1995.774	3.141
1995.800	3.036
1995.825	2.936
1995.849	2.841
1995.872	2.750
1995.895	2.662
1995.917	2.579
1995.939	2.499
1995.960	2.422
1995.980	2.348
1996.000	2.277
1996.020	2.209
1996.039	2.143
1996.057	2.080
1996.075	2.019
1996.092	1.960
1996.109	1.903
1996.126	1.849
1996.143	1.796
1996.159	1.745
1996.174	1.696
1996.189	1.648
1996.204	1.602
1996.219	1.558
1996.233	1.515
1996.246	1.474
1996.260	1.434
1996.273	1.395
1996.286	1.357
1996.298	1.321
1996.311	1.286
1996.323	1.253
1996.335	1.220
1996.346	1.187
1996.358	1.157
1996.369	1.127
1996.379	1.098
1996.390	1.070
1996.400	1.043
1996.410	1.017
1996.420	0.991
1996.430	0.967
1996.440	0.943
1996.449	0.920
1996.458	0.897
1996.467	0.875
1996.476	0.854
1996.485	0.834
1996.493	0.814
1996.501	0.794
1996.510	0.776
1996.517	0.758
1996.525	0.740
1996.533	0.723
1996.541	0.706
1996.548	0.690
1996.555	0.674
1996.562	0.659
1996.569	0.644
1996.576	0.630
1996.583	0.616
1996.590	0.602
1996.596	0.589
1996.603	0.576
1996.609	0.563
1996.615	0.551
1996.621	0.539
1996.627	0.527
1996.633	0.516
1996.639	0.505
1996.645	0.494
1996.651	0.484
1996.656	0.474
1996.661	0.464
1996.667	0.454
1996.672	0.445
1996.677	0.436
1996.682	0.427
1996.687	0.418
1996.692	0.409
1996.697	0.401
1996.702	0.393
1996.707	0.385
1996.711	0.377
1996.716	0.369
1996.720	0.362
1996.725	0.355
1996.729	0.348
1996.733	0.341
1996.738	0.334
1996.742	0.327
1996.746	0.321
1996.750	0.315
1996.754	0.309
1996.758	0.303
1996.762	0.297
1996.766	0.291
1996.769	0.285
1996.773	0.280
1996.777	0.274
1996.780	0.269
1996.784	0.264
1996.787	0.259
1996.791	0.254
1996.794	0.249
1996.797	0.244
1996.801	0.239
1996.804	0.235
1996.807	0.230
1996.810	0.226
1996.813	0.221
1996.817	0.217
1996.819	0.213
1996.823	0.209
1996.825	0.205
1996.828	0.201
1996.831	0.197
1996.834	0.193
1996.837	0.190
1996.839	0.186
1996.842	0.182
1996.845	0.179
1996.848	0.175
1996.850	0.172
1996.853	0.169
1996.855	0.165
1996.858	0.162
1996.860	0.159
1996.862	0.156
1996.865	0.153
1996.867	0.150
1996.869	0.147
1996.872	0.144
1996.874	0.142
1996.876	0.139
1996.878	0.136
1996.880	0.133
1996.882	0.131
1996.885	0.128
1996.887	0.126
1996.889	0.123
1996.891	0.121
1996.893	0.119
1996.895	0.116
1996.896	0.114
1996.898	0.112
1996.900	0.110
1996.902	0.107
1996.904	0.105
1996.906	0.103
1996.907	0.101
1996.909	0.099
1996.911	0.097
1996.912	0.095
1996.914	0.093
1996.916	0.091
1996.917	0.090
1996.919	0.088
1996.920	0.086
1996.922	0.084
1996.923	0.082
1996.925	0.081
1996.926	0.079
1996.927	0.078
1996.929	0.076
