<j>	<F>
1.246	20.230
3.002	11.614
4.179	10.899
5.196	11.156
6.054	12.657
7.215	14.244
8.585	11.436
9.532	12.759
11.137	12.035
12.467	10.583
13.346	11.228
14.237	12.121
15.522	12.358
17.083	11.206
18.031	11.225
18.729	12.104
19.440	13.182
20.367	13.904
21.486	13.900
22.550	13.992
23.598	14.074
24.543	14.400
25.496	14.789
26.692	14.889
28.339	13.899
29.759	13.131
30.782	13.117
31.548	13.591
32.242	14.305
32.951	15.017
33.668	15.788
34.659	16.272
36.382	15.425
38.246	13.966
39.354	13.671
40.058	14.153
40.693	14.825
41.311	15.561
41.954	16.348
42.828	16.894
44.396	16.488
47.021	14.592
49.278	12.927
50.306	12.732
50.847	13.227
51.368	13.878
52.136	14.383
53.392	14.399
54.975	13.902
56.180	13.619
56.831	13.932
57.242	14.605
57.644	15.395
58.184	16.123
59.043	16.540
60.413	16.340
62.128	15.617
63.566	15.095
64.501	15.129
65.151	15.527
65.716	16.077
66.315	16.641
67.037	17.098
67.946	17.346
69.090	17.324
70.581	16.948
72.480	16.152
74.343	15.315
75.630	14.992
76.493	15.141
77.473	15.351
79.355	15.035
82.678	13.725
85.950	12.324
87.839	11.757
88.864	11.722
89.525	11.900
90.007	12.186
90.395	12.540
90.742	12.941
91.088	13.369
91.469	13.806
91.919	14.227
92.476	14.602
93.164	14.901
93.977	15.113
94.877	15.255
95.812	15.364
96.766	15.461
97.775	15.532
98.919	15.526
100.275	15.387
101.845	15.110
103.539	14.755
105.236	14.403
106.832	14.111
108.221	13.924
109.327	13.877
110.148	13.980
110.755	14.210
111.248	14.524
111.742	14.869
112.371	15.171
113.303	15.331
114.711	15.234
116.582	14.858
118.546	14.389
120.167	14.072
121.324	13.985
122.117	14.086
122.670	14.318
123.085	14.638
123.439	15.012
123.804	15.407
124.257	15.780
124.911	16.069
125.927	16.174
127.442	16.000
129.326	15.585
131.114	15.176
132.486	14.978
133.537	14.971
134.555	15.027
135.900	14.984
138.002	14.662
141.060	13.964
144.396	13.129
146.953	12.555
148.521	12.336
149.469	12.347
150.136	12.469
150.717	12.634
151.315	12.805
151.990	12.960
152.768	13.084
153.647	13.174
154.591	13.237
155.543	13.290
156.447	13.354
157.284	13.440
158.082	13.546
158.909	13.651
159.864	13.726
161.045	13.734
162.496	13.652
164.133	13.496
165.741	13.329
167.100	13.224
168.120	13.221
168.843	13.314
169.359	13.481
169.750	13.699
170.076	13.948
170.380	14.216
170.692	14.492
171.039	14.767
171.447	15.030
171.947	15.268
172.587	15.462
173.465	15.580
174.788	15.554
176.933	15.266
180.220	14.614
184.168	13.743
187.537	13.035
189.773	12.668
191.169	12.552
192.106	12.572
192.798	12.662
193.351	12.793
193.817	12.950
194.232	13.126
194.621	13.315
195.003	13.510
195.390	13.710
195.788	13.911
196.201	14.113
196.628	14.314
197.074	14.515
197.552	14.712
198.096	14.896
198.783	15.046
199.758	15.122
201.234	15.056
203.389	14.790
206.070	14.352
208.703	13.904
210.798	13.601
212.340	13.459
213.572	13.418
214.717	13.412
215.892	13.404
217.124	13.382
218.371	13.351
219.557	13.328
220.618	13.331
221.525	13.368
222.295	13.441
222.978	13.539
223.648	13.648
224.406	13.746
225.384	13.803
226.751	13.781
228.651	13.641
231.055	13.382
233.631	13.067
235.903	12.801
237.598	12.649
238.750	12.614
239.533	12.662
240.109	12.760
240.586	12.885
241.033	13.021
241.490	13.160
241.989	13.294
242.555	13.417
243.215	13.524
243.992	13.607
244.904	13.662
245.955	13.686
247.132	13.681
248.398	13.654
249.704	13.615
251.005	13.575
252.275	13.541
253.513	13.514
254.734	13.493
255.964	13.472
257.225	13.447
258.530	13.414
259.878	13.372
261.247	13.324
262.596	13.278
263.871	13.242
265.018	13.228
266.001	13.243
266.810	13.292
267.460	13.372
267.979	13.481
268.400	13.613
268.757	13.761
269.077	13.922
269.388	14.089
269.711	14.258
270.070	14.424
270.491	14.581
271.005	14.722
271.660	14.835
272.519	14.907
273.673	14.918
275.219	14.844
277.210	14.673
279.545	14.421
281.943	14.146
284.081	13.918
285.806	13.774
287.167	13.710
288.324	13.695
289.435	13.697
290.618	13.692
291.926	13.665
293.353	13.614
294.840	13.550
296.313	13.484
297.720	13.430
299.043	13.390
300.296	13.365
301.495	13.349
302.647	13.341
303.734	13.343
304.731	13.358
305.613	13.391
306.368	13.445
307.000	13.521
307.527	13.618
307.974	13.730
308.367	13.856
308.731	13.989
309.086	14.128
309.451	14.268
309.841	14.405
310.268	14.538
310.739	14.665
311.258	14.783
311.822	14.893
312.422	14.996
313.042	15.094
313.662	15.191
314.264	15.293
314.829	15.401
315.349	15.521
315.820	15.652
316.249	15.796
316.645	15.949
317.023	16.110
317.402	16.274
317.811	16.436
318.296	16.586
318.964	16.703
320.100	16.734
322.504	16.537
327.919	15.812
337.350	14.394
346.778	12.984
352.298	12.239
354.903	11.980
356.228	11.925
357.030	11.950
357.590	12.011
358.022	12.090
358.383	12.181
358.701	12.279
358.996	12.382
359.282	12.487
359.566	12.595
359.856	12.704
360.156	12.813
360.470	12.921
360.801	13.030
361.153	13.136
361.532	13.241
361.947	13.343
362.413	13.439
362.953	13.527
363.611	13.601
364.447	13.653
365.555	13.671
367.045	13.639
369.019	13.541
371.486	13.375
374.289	13.159
377.110	12.934
379.619	12.743
381.636	12.614
383.157	12.549
384.280	12.537
385.116	12.562
385.757	12.614
386.267	12.684
386.683	12.767
387.033	12.860
387.331	12.961
387.591	13.069
387.818	13.182
388.021	13.301
388.205	13.424
388.374	13.552
388.535	13.683
388.696	13.816
388.870	13.951
389.080	14.084
389.380	14.210
389.876	14.315
390.794	14.372
392.569	14.327
395.851	14.097
401.066	13.620
407.404	12.986
412.934	12.430
416.541	12.101
418.535	11.969
419.621	11.952
420.287	11.990
420.783	12.051
421.217	12.121
421.636	12.195
422.057	12.269
422.485	12.343
422.921	12.417
423.363	12.491
423.807	12.565
424.250	12.640
424.687	12.716
425.117	12.793
425.534	12.872
425.939	12.953
426.332	13.037
426.714	13.122
427.087	13.210
427.457	13.299
427.830	13.389
428.215	13.479
428.624	13.567
429.074	13.652
429.586	13.731
430.192	13.800
430.932	13.855
431.861	13.888
433.046	13.891
434.548	13.856
436.409	13.777
438.601	13.657
441.009	13.508
443.441	13.352
445.698	13.214
447.645	13.109
449.242	13.045
450.522	13.018
451.549	13.020
452.390	13.045
453.104	13.086
453.732	13.138
454.308	13.197
454.851	13.260
455.376	13.327
455.891	13.395
456.402	13.464
456.912	13.534
457.422	13.604
457.933	13.675
458.451	13.746
458.982	13.816
459.540	13.884
460.147	13.947
460.838	14.003
461.658	14.044
462.669	14.065
463.938	14.058
465.521	14.013
467.436	13.930
469.627	13.812
471.969	13.674
474.299	13.535
476.495	13.412
478.521	13.309
480.418	13.225
482.268	13.150
484.149	13.076
486.098	12.997
488.101	12.912
490.096	12.827
492.005	12.749
493.757	12.685
495.318	12.640
496.689	12.612
497.895	12.601
498.975	12.603
499.964	12.614
500.891	12.632
501.778	12.654
502.633	12.679
503.461	12.707
504.262	12.737
505.033	12.769
505.772	12.805
506.477	12.844
507.150	12.886
507.793	12.931
508.413	12.979
509.016	13.029
509.614	13.080
510.216	13.131
510.837	13.181
511.493	13.229
512.205	13.272
512.995	13.308
513.892	13.335
514.927	13.349
516.130	13.348
517.527	13.328
519.134	13.288
520.948	13.228
522.948	13.151
525.099	13.060
527.365	12.959
529.719	12.852
532.148	12.740
534.638	12.626
537.161	12.510
539.662	12.397
542.061	12.292
544.273	12.201
546.234	12.131
547.913	12.082
549.320	12.055
550.487	12.048
551.460	12.056
552.287	12.077
553.008	12.107
553.656	12.144
554.255	12.185
554.822	12.229
555.368	12.275
555.900	12.323
556.419	12.372
556.928	12.422
557.425	12.473
557.909	12.526
558.378	12.580
558.832	12.635
559.268	12.692
559.688	12.751
560.091	12.812
560.478	12.875
560.849	12.939
561.208	13.006
561.554	13.073
561.891	13.143
562.221	13.213
562.544	13.285
562.864	13.358
563.182	13.431
563.499	13.505
563.817	13.580
564.137	13.656
564.462	13.731
564.793	13.807
565.133	13.883
565.484	13.958
565.853	14.033
566.246	14.105
566.674	14.176
567.154	14.242
567.710	14.301
568.375	14.351
569.197	14.387
570.238	14.401
571.570	14.388
573.259	14.340
575.336	14.254
577.755	14.132
580.373	13.988
582.974	13.842
585.346	13.715
587.352	13.622
588.956	13.566
590.195	13.545
591.143	13.553
591.872	13.582
592.448	13.627
592.917	13.682
593.319	13.746
593.680	13.814
594.027	13.885
594.383	13.957
594.779	14.026
595.255	14.090
595.867	14.143
596.699	14.178
597.862	14.185
599.489	14.151
601.698	14.066
604.512	13.925
607.773	13.740
611.130	13.542
614.176	13.365
616.636	13.237
618.449	13.164
619.705	13.140
620.548	13.153
621.112	13.191
621.500	13.247
621.779	13.314
621.993	13.387
622.171	13.465
622.329	13.546
622.478	13.628
622.624	13.712
622.774	13.796
622.930	13.881
623.098	13.966
623.279	14.050
623.478	14.134
623.700	14.217
623.949	14.298
624.232	14.376
624.556	14.452
624.930	14.524
625.365	14.591
625.873	14.651
626.468	14.703
627.165	14.746
627.979	14.778
628.929	14.797
630.030	14.801
631.304	14.789
632.776	14.759
634.484	14.707
636.487	14.629
638.859	14.520
641.677	14.374
644.982	14.189
648.718	13.970
652.712	13.731
656.707	13.495
660.461	13.282
663.828	13.103
666.771	12.960
669.320	12.850
671.523	12.767
673.421	12.707
675.044	12.667
676.418	12.645
677.567	12.639
678.518	12.647
679.304	12.668
679.955	12.698
680.501	12.736
680.968	12.780
681.380	12.829
681.755	12.881
682.109	12.935
682.454	12.991
682.800	13.047
683.156	13.103
683.527	13.158
683.917	13.212
684.331	13.265
684.771	13.317
685.237	13.366
685.729	13.414
686.245	13.461
686.782	13.506
687.336	13.549
687.902	13.592
688.475	13.634
689.048	13.676
689.616	13.719
690.178	13.762
690.728	13.807
691.268	13.852
691.799	13.898
692.325	13.945
692.852	13.992
693.389	14.040
693.947	14.085
694.540	14.129
695.185	14.169
695.898	14.204
696.701	14.231
697.616	14.251
698.662	14.259
699.859	14.256
701.220	14.239
702.751	14.209
704.446	14.164
706.289	14.108
708.250	14.042
710.288	13.970
712.353	13.896
714.394	13.823
716.358	13.756
718.201	13.697
719.887	13.651
721.397	13.617
722.724	13.597
723.874	13.590
724.862	13.596
725.706	13.613
726.430	13.639
727.055	13.673
727.599	13.714
728.083	13.759
728.520	13.809
728.925	13.862
729.310	13.917
729.687	13.973
730.068	14.030
730.466	14.085
730.898	14.139
731.387	14.190
731.962	14.235
732.665	14.271
733.555	14.294
734.708	14.298
736.220	14.276
738.187	14.220
740.680	14.126
743.681	13.993
747.048	13.832
750.512	13.661
753.768	13.503
756.581	13.375
758.857	13.285
760.621	13.232
761.965	13.209
762.998	13.209
763.818	13.225
764.505	13.252
765.121	13.285
765.714	13.320
766.325	13.355
766.989	13.387
767.737	13.415
768.600	13.435
769.603	13.447
770.765	13.448
772.094	13.438
773.580	13.417
775.194	13.386
776.885	13.350
778.590	13.311
780.241	13.275
781.781	13.245
783.169	13.225
784.385	13.215
785.430	13.217
786.316	13.229
787.066	13.250
787.703	13.279
788.250	13.314
788.729	13.355
789.158	13.399
789.553	13.446
789.925	13.495
790.286	13.545
790.645	13.596
791.008	13.647
791.385	13.698
791.782	13.747
792.206	13.796
792.665	13.842
793.167	13.885
793.722	13.926
794.339	13.962
795.030	13.994
795.805	14.019
796.678	14.039
797.662	14.050
798.769	14.053
800.012	14.047
801.402	14.031
802.947	14.004
804.650	13.966
806.504	13.918
808.494	13.861
810.591	13.796
812.754	13.727
814.932	13.657
817.072	13.589
819.129	13.526
821.077	13.471
822.904	13.424
824.626	13.384
826.273	13.351
827.893	13.320
829.542	13.289
831.280	13.255
833.163	13.213
835.236	13.161
837.524	13.097
840.020	13.022
842.686	12.937
845.450	12.846
848.221	12.755
850.904	12.668
853.422	12.591
855.721	12.525
857.775	12.472
859.579	12.434
861.145	12.407
862.492	12.393
863.645	12.389
864.626	12.395
865.460	12.408
866.166	12.428
866.765	12.454
867.274	12.485
867.708	12.520
868.081	12.559
868.404	12.601
868.687	12.645
868.939	12.692
869.167	12.740
869.378	12.789
869.576	12.840
869.768	12.891
869.957	12.943
870.148	12.996
870.344	13.048
870.550	13.100
870.768	13.152
871.004	13.204
871.263	13.254
871.547	13.304
871.863	13.352
872.216	13.398
872.612	13.442
873.057	13.483
873.557	13.522
874.118	13.557
874.746	13.588
875.445	13.615
876.216	13.637
877.062	13.655
877.979	13.669
878.963	13.678
880.006	13.684
881.102	13.686
882.239	13.686
883.412	13.683
884.615	13.678
885.845	13.672
887.106	13.664
888.406	13.654
889.754	13.641
891.163	13.625
892.642	13.605
894.196	13.581
895.822	13.552
897.509	13.520
899.231	13.485
900.956	13.450
902.648	13.416
904.273	13.386
905.801	13.361
907.216	13.342
908.511	13.330
909.692	13.325
910.773	13.325
911.774	13.331
912.717	13.340
913.626	13.352
914.525	13.364
915.433	13.377
916.370	13.388
917.347	13.397
918.376	13.403
919.456	13.407
920.584	13.407
921.753	13.405
922.944	13.402
924.138	13.398
925.318	13.394
926.461	13.392
927.552	13.392
928.580	13.396
929.541	13.404
930.435	13.415
931.269	13.430
932.055	13.448
932.806	13.468
933.539	13.490
934.273	13.512
935.026	13.533
935.818	13.552
936.669	13.569
937.592	13.581
938.601	13.589
939.706	13.592
940.903	13.589
942.187	13.581
943.542	13.569
944.939	13.554
946.351	13.538
947.745	13.522
949.093	13.508
950.371	13.498
951.566	13.492
952.672	13.491
953.690	13.495
954.629	13.504
955.500	13.516
956.317	13.532
957.093	13.550
957.843	13.570
958.582	13.591
959.323	13.612
960.083	13.633
960.880	13.651
961.736	13.667
962.682	13.679
963.753	13.684
964.994	13.681
966.455	13.666
968.187	13.638
970.227	13.593
972.583	13.532
975.215	13.455
978.027	13.368
980.877	13.278
983.606	13.193
986.074	13.120
988.197	13.064
989.942	13.027
991.330	13.008
992.408	13.006
993.233	13.017
993.863	13.038
994.345	13.068
994.719	13.104
995.017	13.144
995.259	13.187
995.463	13.233
995.640	13.281
995.800	13.330
995.948	13.380
996.089	13.431
996.226	13.482
996.361	13.534
996.496	13.586
996.634	13.638
996.775	13.691
996.921	13.744
997.074	13.796
997.234	13.849
997.404	13.902
997.586	13.954
997.784	14.005
998.002	14.056
998.246	14.106
998.526	14.155
998.856	14.201
999.254	14.243
999.752	14.281
1000.396	14.311
1001.250	14.331
1002.412	14.334
1004.012	14.315
1006.206	14.264
1009.151	14.174
1012.931	14.038
1017.470	13.862
1022.471	13.661
1027.479	13.457
1032.062	13.276
1035.963	13.129
1039.143	13.021
1041.711	12.946
1043.826	12.894
1045.636	12.860
1047.255	12.835
1048.755	12.818
1050.178	12.804
1051.541	12.792
1052.841	12.784
1054.077	12.779
1055.234	12.776
1056.305	12.778
1057.283	12.783
1058.163	12.793
1058.950	12.807
1059.645	12.825
1060.257	12.847
1060.795	12.873
1061.267	12.901
1061.684	12.933
1062.055	12.967
1062.388	13.002
1062.691	13.040
1062.971	13.079
1063.234	13.119
1063.485	13.159
1063.729	13.201
1063.971	13.242
1064.213	13.284
1064.461	13.326
1064.716	13.368
1064.983	13.410
1065.263	13.451
1065.561	13.492
1065.880	13.531
1066.222	13.570
1066.591	13.608
1066.989	13.645
1067.419	13.680
1067.884	13.713
1068.386	13.745
1068.926	13.775
1069.505	13.803
1070.124	13.829
1070.779	13.853
1071.469	13.875
1072.189	13.896
1072.936	13.915
1073.701	13.934
1074.479	13.951
1075.261	13.968
1076.042	13.985
1076.815	14.003
1077.577	14.021
1078.326	14.039
1079.065	14.059
1079.800	14.078
1080.544	14.098
1081.319	14.116
1082.157	14.132
1083.108	14.143
1084.240	14.145
1085.645	14.135
1087.442	14.107
1089.763	14.054
1092.731	13.970
1096.396	13.852
1100.688	13.704
1105.361	13.536
1110.060	13.367
1114.423	13.212
1118.210	13.084
1121.345	12.987
1123.878	12.919
1125.929	12.873
1127.624	12.845
1129.075	12.829
1130.367	12.821
1131.560	12.817
1132.697	12.816
1133.805	12.817
1134.905	12.819
1136.010	12.820
1137.133	12.821
1138.285	12.821
1139.477	12.819
1140.721	12.816
1142.027	12.810
1143.409	12.801
1144.874	12.789
1146.430	12.773
1148.078	12.754
1149.811	12.731
1151.615	12.705
1153.468	12.677
1155.340	12.648
1157.197	12.619
1159.004	12.592
1160.726	12.568
1162.338	12.547
1163.823	12.532
1165.172	12.522
1166.385	12.518
1167.470	12.518
1168.441	12.523
1169.313	12.532
1170.106	12.545
1170.837	12.560
1171.527	12.577
1172.193	12.595
1172.854	12.614
1173.527	12.632
1174.227	12.650
1174.970	12.666
1175.772	12.680
1176.643	12.692
1177.596	12.700
1178.635	12.706
1179.766	12.707
1180.984	12.705
1182.282	12.700
1183.647	12.692
1185.056	12.682
1186.484	12.671
1187.905	12.660
1189.292	12.650
1190.618	12.641
1191.866	12.636
1193.020	12.634
1194.073	12.636
1195.022	12.642
1195.869	12.651
1196.622	12.665
1197.289	12.682
1197.879	12.702
1198.403	12.725
1198.871	12.750
1199.293	12.778
1199.676	12.807
1200.029	12.837
1200.359	12.868
1200.671	12.901
1200.969	12.934
1201.259	12.968
1201.544	13.002
1201.826	13.036
1202.108	13.071
1202.393	13.105
1202.682	13.140
1202.977	13.174
1203.278	13.209
1203.586	13.243
1203.903	13.277
1204.230	13.311
1204.565	13.344
1204.911	13.377
1205.267	13.410
1205.634	13.443
1206.013	13.475
1206.405	13.507
1206.811	13.538
1207.233	13.569
1207.674	13.599
1208.137	13.628
1208.628	13.656
1209.153	13.683
1209.720	13.708
1210.339	13.732
1211.023	13.752
1211.789	13.769
1212.655	13.782
1213.645	13.789
1214.783	13.791
1216.099	13.785
1217.625	13.770
1219.391	13.745
1221.426	13.708
1223.752	13.659
1226.380	13.598
1229.307	13.525
1232.511	13.441
1235.947	13.347
1239.545	13.248
1243.224	13.146
1246.884	13.045
1250.432	12.950
1253.784	12.862
1256.874	12.785
1259.660	12.719
1262.129	12.666
1264.284	12.625
1266.144	12.596
1267.739	12.576
1269.099	12.565
1270.258	12.562
1271.246	12.566
1272.090	12.575
1272.812	12.588
1273.435	12.605
1273.972	12.626
1274.440	12.649
1274.848	12.675
1275.208	12.702
1275.526	12.732
1275.811	12.762
1276.068	12.794
1276.303	12.827
1276.520	12.861
1276.724	12.896
1276.920	12.931
1277.112	12.966
1277.304	13.002
1277.503	13.037
1277.713	13.073
1277.942	13.108
1278.197	13.142
1278.489	13.175
1278.831	13.207
1279.240	13.236
1279.734	13.262
1280.340	13.284
1281.086	13.302
1282.011	13.312
1283.155	13.315
1284.565	13.308
1286.284	13.289
1288.352	13.257
1290.786	13.211
1293.579	13.152
1296.684	13.080
1300.024	13.000
1303.486	12.915
1306.954	12.829
1310.319	12.748
1313.501	12.673
1316.453	12.607
1319.155	12.550
1321.614	12.502
1323.840	12.463
1325.859	12.431
1327.684	12.406
1329.338	12.387
1330.830	12.374
1332.177	12.366
1333.388	12.362
1334.475	12.362
1335.448	12.367
1336.321	12.374
1337.102	12.385
1337.805	12.399
1338.440	12.415
1339.019	12.433
1339.551	12.453
1340.049	12.474
1340.519	12.496
1340.975	12.519
1341.423	12.542
1341.875	12.566
1342.340	12.589
1342.831	12.611
1343.357	12.633
1343.932	12.652
1344.572	12.670
1345.288	12.686
1346.099	12.699
1347.019	12.708
1348.065	12.713
1349.246	12.713
1350.574	12.708
1352.045	12.699
1353.657	12.684
1355.387	12.666
1357.207	12.643
1359.079	12.619
1360.957	12.594
1362.797	12.570
1364.553	12.549
1366.192	12.531
1367.688	12.517
1369.027	12.509
1370.209	12.506
1371.235	12.507
1372.119	12.514
1372.875	12.525
1373.519	12.540
1374.069	12.559
1374.539	12.580
1374.943	12.604
1375.296	12.629
1375.606	12.656
1375.885	12.685
1376.139	12.714
1376.376	12.745
1376.602	12.775
1376.822	12.807
1377.040	12.838
1377.262	12.870
1377.492	12.901
1377.734	12.932
1377.993	12.963
1378.274	12.993
1378.582	13.022
1378.924	13.051
1379.306	13.078
1379.736	13.104
1380.224	13.127
1380.777	13.149
1381.408	13.168
1382.125	13.184
1382.942	13.196
1383.865	13.205
1384.905	13.210
1386.064	13.210
1387.343	13.206
1388.735	13.198
1390.229	13.186
1391.802	13.171
1393.429	13.154
1395.079	13.135
1396.718	13.117
1398.316	13.099
1399.843	13.084
1401.281	13.072
1402.612	13.064
1403.833	13.059
1404.941	13.059
1405.943	13.062
1406.849	13.069
1407.670	13.078
1408.421	13.091
1409.116	13.105
1409.773	13.121
1410.407	13.139
1411.039	13.156
1411.689	13.173
1412.385	13.189
1413.157	13.203
1414.049	13.213
1415.111	13.218
1416.413	13.215
1418.037	13.203
1420.080	13.176
1422.651	13.133
1425.840	13.070
1429.701	12.986
1434.208	12.880
1439.224	12.758
1444.516	12.627
1449.787	12.497
1454.761	12.376
1459.245	12.270
1463.154	12.183
1466.501	12.114
1469.356	12.061
1471.818	12.020
1473.984	11.989
1475.941	11.965
1477.756	11.945
1479.481	11.929
1481.154	11.915
1482.796	11.901
1484.423	11.888
1486.041	11.876
1487.646	11.864
1489.233	11.852
1490.792	11.841
1492.313	11.831
1493.781	11.822
1495.190	11.815
1496.527	11.809
1497.786	11.806
1498.965	11.804
1500.058	11.805
1501.073	11.808
1502.009	11.814
1502.874	11.821
1503.673	11.830
1504.416	11.840
1505.109	11.852
1505.761	11.865
1506.379	11.880
1506.972	11.895
1507.546	11.910
1508.108	11.926
1508.664	11.942
1509.219	11.959
1509.777	11.975
1510.343	11.991
1510.919	12.007
1511.509	12.023
1512.115	12.038
1512.736	12.053
1513.375	12.067
1514.030	12.081
1514.701	12.095
1515.385	12.108
1516.082	12.121
1516.786	12.133
1517.497	12.145
1518.209	12.158
1518.918	12.170
1519.624	12.182
1520.315	12.195
1520.996	12.208
1521.658	12.222
1522.300	12.236
1522.919	12.250
1523.513	12.266
1524.082	12.282
1524.623	12.299
1525.139	12.317
1525.626	12.335
1526.088	12.354
1526.524	12.375
1526.936	12.395
1527.325	12.417
1527.693	12.439
1528.043	12.462
1528.374	12.486
1528.689	12.510
1528.992	12.534
1529.280	12.560
1529.559	12.585
1529.828	12.611
1530.090	12.637
1530.345	12.663
1530.596	12.690
1530.843	12.717
1531.087	12.744
1531.330	12.771
1531.573	12.799
1531.816	12.826
1532.060	12.854
1532.307	12.881
1532.556	12.909
1532.810	12.936
1533.068	12.964
1533.332	12.991
1533.603	13.019
1533.881	13.046
1534.167	13.073
1534.462	13.100
1534.769	13.126
1535.086	13.153
1535.416	13.179
1535.761	13.204
1536.122	13.230
1536.501	13.254
1536.899	13.278
1537.319	13.302
1537.765	13.325
1538.237	13.347
1538.739	13.368
1539.274	13.388
1539.845	13.407
1540.455	13.424
1541.108	13.441
1541.807	13.455
1542.556	13.469
1543.356	13.480
1544.213	13.490
1545.126	13.497
1546.102	13.503
1547.140	13.506
1548.246	13.508
1549.422	13.507
1550.674	13.503
1552.009	13.497
1553.434	13.488
1554.962	13.475
1556.605	13.459
1558.378	13.439
1560.296	13.415
1562.370	13.385
1564.607	13.350
1567.002	13.311
1569.538	13.267
1572.183	13.219
1574.890	13.169
1577.598	13.119
1580.243	13.071
1582.765	13.026
1585.112	12.987
1587.249	12.954
1589.158	12.928
1590.833	12.909
1592.286	12.897
1593.535	12.892
1594.601	12.892
1595.510	12.897
1596.286	12.906
1596.951	12.919
1597.524	12.935
1598.023	12.954
1598.461	12.974
1598.850	12.996
1599.200	13.019
1599.519	13.044
1599.811	13.069
1600.085	13.095
1600.342	13.122
1600.586	13.149
1600.821	13.177
1601.047	13.205
1601.269	13.233
1601.486	13.262
1601.702	13.290
1601.916	13.319
1602.131	13.348
1602.349	13.377
1602.571	13.406
1602.799	13.435
1603.035	13.464
1603.282	13.493
1603.543	13.521
1603.822	13.549
1604.123	13.576
1604.452	13.602
1604.815	13.628
1605.221	13.652
1605.679	13.675
1606.201	13.696
1606.801	13.714
1607.493	13.729
1608.297	13.741
1609.231	13.749
1610.316	13.752
1611.572	13.749
1613.013	13.740
1614.650	13.725
1616.484	13.703
1618.505	13.675
1620.689	13.641
1622.993	13.604
1625.375	13.563
1627.783	13.521
1630.166	13.480
1632.491	13.441
1634.737	13.405
1636.904	13.371
1639.021	13.340
1641.129	13.309
1643.300	13.278
1645.621	13.244
1648.199	13.203
1651.151	13.153
1654.594	13.089
1658.614	13.011
1663.246	12.916
1668.426	12.806
1673.980	12.686
1679.649	12.563
1685.129	12.444
1690.156	12.338
1694.554	12.248
1698.255	12.177
1701.283	12.125
1703.713	12.088
1705.643	12.065
1707.178	12.052
1708.405	12.048
1709.396	12.050
1710.211	12.056
1710.891	12.067
1711.471	12.080
1711.975	12.095
1712.420	12.112
1712.822	12.130
1713.189	12.149
1713.529	12.169
1713.848	12.190
1714.152	12.211
1714.443	12.232
1714.725	12.254
1715.000	12.275
1715.270	12.298
1715.536	12.320
1715.801	12.342
1716.065	12.365
1716.330	12.387
1716.597	12.410
1716.867	12.432
1717.140	12.455
1717.419	12.478
1717.703	12.500
1717.994	12.522
1718.293	12.545
1718.600	12.567
1718.916	12.588
1719.241	12.610
1719.578	12.632
1719.925	12.653
1720.284	12.674
1720.655	12.695
1721.039	12.715
1721.435	12.735
1721.844	12.755
1722.266	12.774
1722.700	12.794
1723.148	12.813
1723.607	12.831
1724.078	12.850
1724.559	12.868
1725.049	12.886
1725.549	12.903
1726.055	12.921
1726.566	12.938
1727.082	12.955
1727.601	12.972
1728.119	12.989
1728.636	13.007
1729.151	13.024
1729.661	13.041
1730.165	13.059
1730.660	13.077
1731.148	13.095
1731.625	13.113
1732.089	13.132
1732.544	13.151
1732.984	13.171
1733.413	13.191
1733.829	13.211
1734.232	13.232
1734.624	13.253
1735.007	13.275
1735.379	13.297
1735.746	13.319
1736.108	13.341
1736.470	13.364
1736.836	13.386
1737.213	13.409
1737.607	13.431
1738.028	13.452
1738.489	13.472
1739.005	13.491
1739.594	13.508
1740.282	13.522
1741.100	13.533
1742.080	13.539
1743.268	13.539
1744.708	13.532
1746.446	13.517
1748.525	13.492
1750.973	13.456
1753.789	13.410
1756.946	13.354
1760.371	13.289
1763.961	13.220
1767.587	13.149
1771.128	13.081
1774.479	13.017
1777.578	12.961
1780.401	12.913
1782.963	12.872
1785.306	12.838
1787.487	12.809
1789.572	12.784
1791.625	12.760
1793.707	12.736
1795.870	12.711
1798.156	12.683
1800.596	12.651
1803.201	12.615
1805.970	12.576
1808.879	12.533
1811.891	12.487
1814.956	12.441
1818.015	12.394
1821.014	12.349
1823.897	12.306
1826.635	12.267
1829.196	12.232
1831.571	12.202
1833.767	12.176
1835.790	12.154
1837.657	12.137
1839.392	12.122
1841.008	12.111
1842.526	12.102
1843.963	12.095
1845.327	12.089
1846.635	12.085
1847.886	12.083
1849.092	12.081
1850.251	12.081
1851.365	12.081
1852.436	12.083
1853.462	12.085
1854.441	12.089
1855.374	12.093
1856.260	12.099
1857.098	12.106
1857.888	12.113
1858.631	12.122
1859.327	12.132
1859.980	12.143
1860.591	12.155
1861.162	12.168
1861.696	12.182
1862.197	12.196
1862.668	12.212
1863.111	12.228
1863.532	12.244
1863.933	12.261
1864.317	12.279
1864.691	12.297
1865.056	12.315
1865.418	12.333
1865.779	12.352
1866.143	12.370
1866.517	12.388
1866.901	12.406
1867.303	12.424
1867.725	12.442
1868.172	12.458
1868.649	12.475
1869.159	12.490
1869.707	12.505
1870.296	12.518
1870.931	12.531
1871.612	12.543
1872.345	12.553
1873.128	12.562
1873.961	12.570
1874.844	12.577
1875.772	12.582
1876.742	12.587
1877.745	12.590
1878.777	12.593
1879.825	12.595
1880.882	12.598
1881.937	12.600
1882.978	12.602
1883.998	12.604
1884.985	12.608
1885.933	12.612
1886.835	12.617
1887.686	12.624
1888.483	12.632
1889.226	12.641
1889.913	12.651
1890.545	12.663
1891.126	12.676
1891.657	12.691
1892.142	12.706
1892.584	12.723
1892.988	12.741
1893.357	12.759
1893.695	12.779
1894.006	12.799
1894.293	12.820
1894.559	12.841
1894.808	12.863
1895.042	12.886
1895.263	12.909
1895.475	12.932
1895.678	12.956
1895.876	12.979
1896.069	13.003
1896.260	13.027
1896.449	13.052
1896.639	13.076
1896.830	13.100
1897.023	13.125
1897.221	13.149
1897.423	13.173
1897.632	13.197
1897.847	13.222
1898.070	13.246
1898.302	13.269
1898.543	13.293
1898.795	13.317
1899.058	13.340
1899.333	13.363
1899.621	13.386
1899.922	13.408
1900.237	13.430
1900.567	13.452
1900.911	13.473
1901.271	13.494
1901.646	13.515
1902.038	13.535
1902.445	13.555
1902.868	13.575
1903.306	13.594
1903.762	13.612
1904.233	13.631
1904.719	13.648
1905.221	13.666
1905.740	13.683
1906.275	13.700
1906.827	13.716
1907.399	13.731
1907.990	13.746
1908.603	13.761
1909.244	13.775
1909.912	13.788
1910.614	13.800
1911.356	13.811
1912.144	13.821
1912.984	13.829
1913.886	13.836
1914.855	13.841
1915.898	13.843
1917.026	13.844
1918.240	13.842
1919.544	13.837
1920.940	13.830
1922.422	13.820
1923.982	13.808
1925.611	13.794
1927.297	13.778
1929.014	13.762
1930.755	13.744
1932.502	13.726
1934.236	13.709
1935.956	13.692
1937.658	13.676
1939.339	13.660
1941.015	13.644
1942.696	13.629
1944.399	13.613
1946.145	13.597
1947.953	13.579
1949.840	13.558
1951.820	13.536
1953.901	13.511
1956.082	13.484
1958.352	13.454
1960.692	13.422
1963.077	13.389
1965.474	13.356
1967.849	13.323
1970.167	13.292
1972.400	13.262
1974.531	13.236
1976.544	13.212
1978.429	13.192
1980.193	13.175
1981.841	13.161
1983.380	13.149
1984.826	13.141
1986.191	13.134
1987.485	13.129
1988.723	13.126
1989.914	13.124
1991.068	13.123
1992.192	13.123
1993.293	13.124
1994.377	13.125
1995.449	13.126
1996.513	13.128
1997.572	13.129
1998.629	13.131
1999.688	13.133
2000.751	13.135
2001.821	13.136
2002.901	13.137
2003.994	13.138
2005.103	13.139
2006.229	13.139
2007.378	13.139
2008.551	13.138
2009.753	13.136
2010.987	13.134
2012.255	13.131
2013.562	13.127
2014.910	13.122
2016.302	13.116
2017.739	13.109
2019.224	13.100
2020.756	13.091
2022.333	13.081
2023.953	13.069
2025.611	13.057
2027.301	13.043
2029.014	13.030
2030.741	13.015
2032.470	13.001
2034.191	12.987
2035.890	12.973
2037.556	12.960
2039.177	12.948
2040.744	12.937
2042.249	12.928
2043.686	12.920
2045.051	12.914
2046.343	12.910
2047.559	12.907
2048.704	12.907
2049.779	12.907
2050.789	12.910
2051.737	12.914
2052.629	12.919
2053.469	12.925
2054.264	12.933
2055.017	12.941
2055.735	12.951
2056.421	12.961
2057.081	12.972
2057.717	12.983
2058.333	12.995
2058.934	13.008
2059.522	13.020
2060.099	13.033
2060.669	13.046
2061.235	13.060
2061.799	13.073
2062.363	13.087
2062.930	13.100
2063.502	13.114
2064.083	13.127
2064.675	13.140
2065.280	13.152
2065.902	13.165
2066.544	13.177
2067.209	13.188
2067.899	13.199
2068.619	13.209
2069.370	13.218
2070.157	13.227
2070.981	13.235
2071.843	13.241
2072.744	13.247
2073.687	13.252
2074.667	13.256
2075.687	13.259
2076.740	13.261
2077.824	13.262
2078.934	13.262
2080.064	13.262
2081.209	13.262
2082.360	13.262
2083.512	13.261
2084.660	13.260
2085.797	13.260
2086.922	13.260
2088.029	13.260
2089.121	13.261
2090.197	13.262
2091.263	13.263
2092.323	13.265
2093.385	13.266
2094.460	13.268
2095.557	13.269
2096.695	13.269
2097.884	13.268
2099.142	13.265
2100.486	13.261
2101.934	13.254
2103.497	13.244
2105.193	13.232
2107.025	13.216
2108.996	13.197
2111.101	13.175
2113.325	13.151
2115.643	13.123
2118.024	13.095
2120.429	13.065
2122.821	13.036
2125.157	13.008
2127.400	12.981
2129.527	12.958
2131.512	12.937
2133.343	12.920
2135.021	12.907
2136.544	12.897
2137.922	12.890
2139.169	12.887
2140.297	12.886
2141.320	12.888
2142.253	12.891
2143.110	12.897
2143.903	12.904
2144.642	12.913
2145.339	12.922
2146.002	12.932
2146.637	12.943
2147.252	12.955
2147.852	12.967
2148.442	12.979
2149.028	12.991
2149.611	13.003
2150.198	13.016
2150.789	13.028
2151.391	13.040
2152.005	13.052
2152.635	13.063
2153.283	13.074
2153.956	13.085
2154.654	13.095
2155.380	13.105
2156.140	13.113
2156.936	13.121
2157.769	13.128
2158.643	13.135
2159.560	13.140
2160.519	13.144
2161.522	13.147
2162.566	13.149
2163.647	13.151
2164.764	13.151
2165.910	13.151
2167.076	13.150
2168.259	13.149
2169.445	13.148
2170.626	13.147
2171.794	13.145
2172.937	13.145
2174.049	13.145
2175.120	13.146
2176.144	13.148
2177.117	13.151
2178.034	13.155
2178.895	13.161
2179.696	13.168
2180.440	13.176
2181.128	13.186
2181.762	13.197
2182.344	13.209
2182.879	13.222
2183.369	13.236
2183.818	13.252
2184.231	13.268
2184.610	13.285
2184.960	13.303
2185.282	13.321
2185.582	13.340
2185.860	13.360
2186.120	13.380
2186.365	13.400
2186.595	13.421
2186.816	13.443
2187.027	13.464
2187.231	13.486
2187.429	13.508
2187.624	13.530
2187.817	13.553
2188.011	13.575
2188.207	13.597
2188.408	13.620
2188.617	13.642
2188.836	13.664
2189.071	13.686
2189.325	13.707
2189.605	13.728
2189.918	13.748
2190.272	13.768
2190.681	13.786
2191.159	13.802
2191.725	13.817
2192.405	13.829
2193.227	13.837
2194.230	13.842
2195.459	13.841
2196.966	13.834
2198.805	13.819
2201.035	13.794
2203.703	13.760
2206.835	13.714
2210.418	13.658
2214.400	13.592
2218.676	13.518
2223.089	13.442
2227.473	13.365
2231.668	13.293
2235.534	13.228
2238.989	13.173
2242.007	13.127
2244.594	13.092
2246.783	13.066
2248.630	13.048
2250.192	13.037
2251.520	13.031
2252.659	13.029
2253.651	13.031
2254.528	13.036
2255.312	13.043
2256.025	13.051
2256.683	13.061
2257.292	13.072
2257.866	13.084
2258.409	13.096
