<j>	var(j)
1.272	0.259
2.354	0.252
3.137	0.131
4.199	0.187
5.299	0.352
6.788	0.543
7.723	0.351
8.427	0.517
10.059	1.202
11.521	0.927
12.387	0.723
13.219	0.995
14.523	1.789
16.103	1.846
17.325	1.322
18.092	0.737
18.612	0.726
19.361	1.317
20.804	2.290
22.395	2.063
23.562	1.742
24.510	1.771
25.574	2.687
27.125	3.827
28.786	3.312
29.941	2.564
30.868	2.912
31.988	3.500
33.230	3.115
34.229	2.331
34.997	2.099
35.764	2.518
36.772	3.791
38.267	5.402
40.014	4.928
41.293	3.040
42.051	2.140
42.652	2.390
43.435	3.857
44.771	6.406
46.679	7.230
48.354	5.406
49.481	3.989
50.324	3.202
51.027	2.629
51.636	2.234
52.194	2.061
52.760	2.141
53.405	2.456
54.193	2.924
55.152	3.737
56.411	6.482
58.562	13.257
61.811	15.871
64.361	10.479
65.794	7.853
66.876	7.833
67.974	8.660
69.179	9.464
70.461	9.622
71.716	9.033
72.858	8.292
73.896	8.076
74.914	8.568
76.003	9.488
77.200	10.290
78.467	10.500
79.717	10.210
80.901	10.130
82.064	10.928
83.313	12.572
84.722	14.143
86.242	14.356
87.702	12.849
88.952	10.585
89.961	8.590
90.786	7.135
91.486	6.053
92.098	5.158
92.638	4.380
93.115	3.719
93.539	3.205
93.926	2.862
94.293	2.716
94.666	2.833
95.086	3.420
95.638	5.072
96.521	9.138
98.140	16.818
100.780	22.912
103.588	17.968
105.376	9.408
106.257	4.979
106.747	3.417
107.112	2.932
107.451	2.872
107.807	3.120
108.221	3.775
108.758	5.094
109.521	7.433
110.656	10.787
112.236	13.666
114.044	13.470
115.632	10.399
116.780	7.423
117.605	6.224
118.342	7.230
119.268	11.243
120.753	19.254
123.136	28.217
126.085	28.464
128.540	19.600
130.052	11.710
130.941	7.859
131.562	6.414
132.095	6.007
132.616	6.023
133.159	6.179
133.732	6.305
134.332	6.275
134.941	6.023
135.536	5.565
136.097	4.984
136.611	4.402
137.080	3.934
137.516	3.692
137.948	3.829
138.426	4.653
139.050	6.802
140.015	11.297
141.614	18.349
143.969	23.771
146.533	21.454
148.513	14.784
149.790	10.141
150.683	8.461
151.467	8.587
152.293	9.546
153.224	10.591
154.251	11.067
155.303	10.625
156.293	9.430
157.163	7.958
157.898	6.597
158.518	5.496
159.047	4.659
159.510	4.077
159.932	3.777
160.343	3.844
160.788	4.446
161.336	5.920
162.106	8.913
163.297	14.333
165.158	21.964
167.716	27.237
170.400	24.315
172.460	16.304
173.737	9.786
174.502	6.560
175.048	5.986
175.598	7.780
176.371	12.686
177.671	21.910
179.826	33.848
182.775	39.841
185.718	33.832
187.915	23.799
189.383	17.303
190.457	14.399
191.369	13.107
192.209	12.137
192.992	10.989
193.705	9.640
194.335	8.298
194.886	7.222
195.379	6.638
195.848	6.749
196.347	7.791
196.951	10.066
197.756	13.814
198.872	18.711
200.348	23.093
202.075	24.217
203.762	20.885
205.129	15.195
206.089	10.096
206.727	6.871
207.177	5.442
207.557	5.463
207.968	6.886
208.520	10.100
209.359	15.761
210.671	23.898
212.580	31.912
214.918	34.381
217.182	29.218
218.950	21.281
220.192	15.620
221.116	13.390
221.939	13.829
222.820	16.015
223.854	19.092
225.080	21.985
226.460	23.460
227.884	22.812
229.225	20.559
230.408	18.173
231.451	17.108
232.450	18.196
233.535	21.539
234.828	26.351
236.385	30.705
238.130	32.049
239.862	29.109
241.361	23.219
242.519	16.963
243.354	12.052
243.953	8.853
244.405	7.048
244.778	6.251
245.123	6.261
245.484	7.161
245.917	9.420
246.513	14.094
247.434	23.027
248.947	38.273
251.372	58.654
254.764	74.089
258.515	71.655
261.702	54.593
263.929	36.861
265.380	24.985
266.363	18.243
267.092	14.546
267.685	12.495
268.207	11.377
268.692	10.858
269.166	10.807
269.648	11.239
270.161	12.318
270.737	14.408
271.426	18.135
272.310	24.383
273.510	33.970
275.167	46.569
277.366	58.922
279.989	64.707
282.661	59.461
284.947	45.968
286.622	31.210
287.729	19.776
288.427	12.439
288.872	8.204
289.173	5.917
289.398	4.766
289.586	4.292
289.762	4.272
289.945	4.637
290.150	5.423
290.398	6.756
290.718	8.849
291.149	11.986
291.745	16.453
292.572	22.332
293.693	29.101
295.128	35.249
296.812	38.528
298.575	37.385
300.214	32.404
301.587	25.863
302.663	19.912
303.491	15.522
304.143	12.693
304.689	11.031
305.174	10.119
305.629	9.644
306.073	9.409
306.514	9.306
306.958	9.313
307.411	9.504
307.883	10.111
308.398	11.641
309.012	15.118
309.838	22.432
311.094	36.443
313.120	59.215
316.234	85.673
320.273	98.827
324.337	87.084
327.526	62.985
329.685	43.356
331.146	32.292
332.244	26.985
333.176	24.352
334.025	22.591
334.817	20.896
335.552	19.027
336.225	17.020
336.830	15.021
337.369	13.192
337.848	11.664
338.278	10.527
338.673	9.829
339.051	9.597
339.429	9.848
339.826	10.591
340.263	11.826
340.761	13.526
341.340	15.599
342.014	17.855
342.789	19.976
343.656	21.546
344.586	22.159
345.533	21.580
346.447	19.870
347.282	17.372
348.008	14.558
348.617	11.852
349.116	9.520
349.522	7.675
349.855	6.317
350.136	5.402
350.383	4.879
350.614	4.723
350.846	4.949
351.098	5.629
351.397	6.897
351.775	8.952
352.278	12.015
352.965	16.201
353.893	21.253
355.094	26.227
356.534	29.567
358.093	30.045
359.616	27.988
360.996	25.284
362.237	24.081
363.438	25.687
364.745	30.251
366.288	36.624
368.112	42.326
370.131	44.546
372.151	42.299
373.984	37.403
375.562	32.745
376.934	30.170
378.207	29.980
379.481	31.467
380.816	33.447
382.218	34.659
383.643	34.165
385.017	31.719
386.266	27.808
387.345	23.301
388.241	18.989
388.971	15.345
389.566	12.536
390.059	10.556
390.482	9.364
390.869	9.002
391.253	9.717
391.687	12.169
392.255	17.811
393.121	29.492
394.578	51.630
397.079	87.049
400.998	125.857
405.985	139.681
410.751	114.785
414.225	75.394
416.362	45.451
417.628	28.640
418.437	20.417
419.031	16.700
419.532	15.209
419.998	14.857
420.464	15.152
420.946	15.908
421.460	17.097
422.021	18.826
422.646	21.334
423.363	25.034
424.214	30.541
425.261	38.658
426.590	50.169
428.301	65.248
430.480	82.411
433.133	97.662
436.123	105.612
439.176	103.094
441.997	92.009
444.407	77.610
446.381	64.567
448.000	55.015
449.372	49.069
450.598	45.922
451.748	44.607
452.867	44.249
453.977	44.159
455.083	43.824
456.177	42.906
457.244	41.256
458.266	38.884
459.227	35.939
460.114	32.646
460.920	29.250
461.643	25.975
462.288	22.991
462.864	20.416
463.379	18.324
463.846	16.755
464.279	15.744
464.693	15.337
465.102	15.601
465.526	16.644
465.987	18.624
466.511	21.740
467.132	26.202
467.888	32.154
468.821	39.518
469.967	47.763
471.340	55.735
472.918	61.715
474.627	63.943
476.355	61.515
477.976	54.954
479.392	45.955
480.558	36.490
481.476	28.015
482.180	21.217
482.716	16.182
483.129	12.678
483.459	10.374
483.734	8.964
483.977	8.205
484.205	7.920
484.430	7.991
484.662	8.344
484.908	8.935
485.178	9.745
485.476	10.768
485.811	12.018
486.189	13.519
486.621	15.314
487.115	17.464
487.685	20.059
488.346	23.212
489.115	27.043
490.016	31.643
491.070	36.988
492.298	42.837
493.708	48.617
495.283	53.447
496.981	56.365
498.731	56.764
500.452	54.752
502.078	51.164
503.575	47.199
504.944	43.964
506.216	42.202
507.440	42.229
508.669	43.985
509.952	47.064
511.321	50.722
512.784	53.941
514.319	55.629
515.876	54.970
517.386	51.765
518.782	46.516
520.020	40.180
521.079	33.769
521.966	28.028
522.703	23.348
523.321	19.824
523.852	17.381
524.325	15.878
524.765	15.180
525.193	15.202
525.630	15.934
526.096	17.458
526.615	19.981
527.220	23.863
527.952	29.631
528.870	37.940
530.051	49.361
531.580	63.857
533.526	79.933
535.890	94.001
538.558	101.225
541.295	98.386
543.831	86.473
545.972	69.925
547.655	53.427
548.920	39.694
549.856	29.419
550.552	22.188
551.082	17.263
551.501	13.969
551.846	11.798
552.142	10.409
552.409	9.583
552.659	9.191
552.904	9.159
553.153	9.452
553.414	10.063
553.698	11.006
554.013	12.310
554.371	14.016
554.784	16.174
555.266	18.846
555.834	22.092
556.504	25.976
557.296	30.556
558.229	35.868
559.323	41.907
560.596	48.583
562.060	55.665
563.715	62.711
565.548	69.063
567.525	73.941
569.593	76.661
571.684	76.907
573.731	74.884
575.680	71.246
577.502	66.827
579.187	62.380
580.743	58.423
582.190	55.205
583.552	52.753
584.848	50.937
586.096	49.521
587.306	48.232
588.480	46.793
589.614	44.984
590.700	42.685
591.727	39.886
592.683	36.683
593.560	33.244
594.355	29.766
595.067	26.429
595.702	23.374
596.267	20.694
596.770	18.435
597.223	16.609
597.635	15.206
598.017	14.208
598.379	13.598
598.731	13.362
599.082	13.498
599.442	14.014
599.821	14.925
600.231	16.252
600.683	18.012
601.190	20.206
601.764	22.799
602.416	25.708
603.153	28.778
603.979	31.779
604.890	34.428
605.873	36.434
606.906	37.580
607.965	37.786
609.022	37.149
610.056	35.922
611.052	34.453
612.006	33.117
612.926	32.281
613.828	32.328
614.739	33.738
615.701	37.239
616.776	43.991
618.063	55.699
619.704	74.372
621.880	101.042
624.762	132.858
628.375	160.180
632.448	169.525
636.449	154.743
639.860	123.709
642.453	90.193
644.289	63.077
645.558	44.417
646.456	32.748
647.126	25.901
647.667	22.137
648.138	20.315
648.579	19.760
649.015	20.095
649.465	21.121
649.944	22.731
650.465	24.860
651.040	27.438
651.679	30.366
652.389	33.489
653.174	36.585
654.031	39.370
654.952	41.530
655.920	42.773
656.912	42.900
657.901	41.855
658.861	39.745
659.768	36.814
660.606	33.378
661.364	29.757
662.041	26.216
662.639	22.940
663.164	20.032
663.626	17.528
664.034	15.420
664.396	13.672
664.720	12.242
665.014	11.088
665.284	10.178
665.534	9.494
665.771	9.040
666.000	8.844
666.229	8.977
666.466	9.566
666.724	10.829
667.023	13.120
667.395	17.002
667.889	23.316
668.577	33.213
669.566	47.975
670.989	68.327
672.981	92.934
675.599	116.721
678.727	131.442
682.045	130.899
685.163	116.599
687.814	96.372
689.942	77.792
691.641	64.320
693.046	55.922
694.276	51.100
695.406	48.226
696.475	46.057
697.495	43.837
698.464	41.239
699.373	38.248
700.215	35.056
700.987	31.955
701.693	29.271
702.343	27.336
702.957	26.510
703.561	27.235
704.193	30.126
704.908	36.073
705.779	46.315
706.911	62.336
708.438	85.315
710.507	114.748
713.218	146.356
716.536	171.197
720.216	179.241
723.853	166.804
727.064	139.881
729.650	108.933
731.611	81.756
733.064	61.219
734.151	46.937
734.990	37.355
735.664	30.931
736.228	26.505
736.716	23.313
737.150	20.887
737.543	18.954
737.903	17.360
738.235	16.024
738.545	14.902
738.836	13.969
739.111	13.213
739.375	12.631
739.629	12.226
739.878	11.999
740.126	11.962
740.376	12.125
740.633	12.510
740.901	13.142
741.186	14.051
741.495	15.279
741.835	16.871
742.214	18.874
742.643	21.327
743.131	24.253
743.691	27.644
744.331	31.428
745.062	35.459
745.887	39.490
746.803	43.179
747.801	46.130
748.860	47.965
749.954	48.413
751.048	47.393
752.111	45.044
753.114	41.691
754.037	37.744
754.870	33.611
755.612	29.629
756.267	26.012
756.844	22.873
757.355	20.236
757.810	18.076
758.221	16.337
758.596	14.956
758.943	13.874
759.268	13.044
759.577	12.437
759.876	12.046
760.169	11.891
760.462	12.033
760.763	12.587
761.084	13.762
761.442	15.920
761.866	19.681
762.403	26.117
763.131	37.036
764.180	55.327
765.757	85.002
768.153	129.694
771.686	187.461
776.487	242.933
782.187	269.293
787.918	251.622
792.827	203.747
796.561	150.793
799.224	107.447
801.088	76.402
802.406	55.325
803.364	41.285
804.084	32.048
804.650	26.133
805.119	22.577
805.531	20.766
805.918	20.319
806.302	21.006
806.707	22.709
807.151	25.395
807.653	29.077
808.233	33.790
808.911	39.575
809.709	46.438
810.646	54.306
811.741	63.001
813.005	72.245
814.445	81.684
816.058	90.961
817.835	99.835
819.759	108.254
821.819	116.298
823.999	124.025
826.289	131.249
828.671	137.353
831.119	141.287
833.585	141.913
836.011	138.478
838.331	130.974
840.482	120.225
842.424	107.604
844.139	94.554
845.633	82.237
846.925	71.371
848.043	62.255
849.020	54.889
849.884	49.114
850.660	44.698
851.370	41.423
852.032	39.102
852.661	37.595
853.271	36.822
853.872	36.743
854.476	37.368
855.095	38.737
855.742	40.922
856.429	44.014
857.174	48.097
857.991	53.231
858.898	59.418
859.913	66.524
861.048	74.281
862.311	82.221
863.702	89.666
865.207	95.845
866.799	100.002
868.441	101.610
870.091	100.501
871.704	96.937
873.243	91.530
874.684	85.040
876.014	78.215
877.232	71.640
878.345	65.664
879.365	60.442
880.305	55.957
881.176	52.100
881.989	48.710
882.751	45.628
883.467	42.716
884.139	39.871
884.767	37.038
885.353	34.190
885.896	31.337
886.394	28.512
886.849	25.753
887.262	23.105
887.635	20.609
887.968	18.300
888.267	16.200
888.532	14.323
888.769	12.675
888.980	11.256
889.169	10.057
889.340	9.072
889.496	8.293
889.640	7.708
889.775	7.312
889.906	7.102
890.034	7.080
890.164	7.252
890.299	7.631
890.443	8.235
890.600	9.090
890.777	10.225
890.978	11.683
891.210	13.497
891.481	15.709
891.799	18.353
892.173	21.431
892.613	24.925
893.126	28.765
893.720	32.811
894.398	36.856
895.160	40.630
895.996	43.821
896.894	46.155
897.836	47.446
898.798	47.681
899.761	47.058
900.708	45.981
901.633	45.067
902.543	45.082
903.461	46.955
904.428	51.789
905.511	60.865
906.798	75.506
908.402	96.634
910.444	123.771
913.011	153.563
916.097	179.047
919.548	191.614
923.071	185.975
926.333	164.149
929.101	133.887
931.293	103.410
932.957	77.674
934.197	58.178
935.126	44.377
935.840	35.017
936.411	28.926
936.888	25.212
937.312	23.345
937.712	23.140
938.116	24.744
938.559	28.731
939.083	36.240
939.760	49.214
940.693	70.668
942.043	104.636
944.035	155.134
946.938	222.615
950.958	297.752
956.054	357.779
961.776	376.673
967.382	347.517
972.242	289.556
976.111	229.539
979.102	183.184
981.465	153.269
983.440	136.151
985.198	126.830
986.834	121.201
988.393	116.461
989.884	111.007
991.296	104.156
992.613	95.872
993.818	86.513
994.900	76.629
995.856	66.760
996.687	57.372
997.401	48.787
998.009	41.179
998.523	34.609
998.957	29.054
999.323	24.446
999.633	20.679
999.898	17.649
1000.125	15.257
1000.323	13.417
1000.499	12.063
1000.659	11.149
1000.809	10.652
1000.955	10.578
1001.101	10.960
1001.255	11.870
1001.424	13.424
1001.619	15.793
1001.850	19.221
1002.136	24.031
1002.497	30.642
1002.961	39.551
1003.563	51.320
1004.348	66.401
1005.363	85.023
1006.658	106.770
1008.272	130.258
1010.214	152.837
1012.452	170.843
1014.901	180.594
1017.426	179.801
1019.880	168.720
1022.132	150.064
1024.097	127.794
1025.748	105.584
1027.100	85.918
1028.196	69.937
1029.089	57.774
1029.831	49.003
1030.465	42.992
1031.027	39.081
1031.542	36.719
1032.031	35.452
1032.507	34.936
1032.980	34.918
1033.456	35.208
1033.938	35.671
1034.430	36.207
1034.930	36.737
1035.440	37.211
1035.959	37.587
1036.484	37.831
1037.016	37.928
1037.549	37.863
1038.084	37.637
1038.617	37.245
1039.147	36.701
1039.670	36.020
1040.185	35.214
1040.691	34.317
1041.185	33.345
1041.668	32.338
1042.138	31.320
1042.595	30.327
1043.039	29.399
1043.473	28.561
1043.895	27.862
1044.311	27.326
1044.720	27.007
1045.129	26.933
1045.538	27.151
1045.954	27.706
1046.382	28.639
1046.828	29.993
1047.298	31.814
1047.800	34.143
1048.343	37.007
1048.934	40.430
1049.584	44.407
1050.299	48.916
1051.089	53.896
1051.961	59.263
1052.920	64.876
1053.967	70.584
1055.105	76.200
1056.327	81.531
1057.630	86.400
1059.003	90.643
1060.435	94.120
1061.912	96.714
1063.419	98.327
1064.941	98.888
1066.460	98.341
1067.960	96.685
1069.424	93.968
1070.839	90.317
1072.189	85.934
1073.469	81.058
1074.670	75.995
1075.794	71.003
1076.842	66.364
1077.823	62.254
1078.743	58.864
1079.616	56.263
1080.453	54.538
1081.268	53.694
1082.074	53.720
1082.885	54.593
1083.712	56.253
1084.568	58.618
1085.463	61.576
1086.404	64.986
1087.398	68.655
1088.448	72.373
1089.553	75.862
1090.707	78.872
1091.903	81.130
1093.127	82.426
1094.365	82.634
1095.600	81.715
1096.814	79.762
1097.995	76.955
1099.129	73.579
1100.211	69.949
1101.238	66.424
1102.213	63.345
1103.144	61.109
1104.046	60.074
1104.938	60.742
1105.846	63.670
1106.807	69.633
1107.868	79.598
1109.089	94.698
1110.548	116.045
1112.334	144.187
1114.537	178.249
1117.219	214.774
1120.372	247.282
1123.893	267.555
1127.568	269.221
1131.133	251.345
1134.349	219.252
1137.078	181.132
1139.287	144.425
1141.025	113.390
1142.383	89.392
1143.454	71.995
1144.321	59.941
1145.048	51.900
1145.685	46.686
1146.263	43.393
1146.805	41.339
1147.324	40.049
1147.831	39.188
1148.329	38.538
1148.822	37.954
1149.308	37.357
1149.790	36.709
1150.264	36.002
1150.731	35.264
1151.190	34.525
1151.641	33.844
1152.086	33.280
1152.525	32.899
1152.962	32.774
1153.400	32.974
1153.844	33.575
1154.298	34.645
1154.771	36.257
1155.269	38.463
1155.801	41.327
1156.375	44.868
1157.002	49.124
1157.691	54.056
1158.452	59.641
1159.293	65.768
1160.220	72.341
1161.240	79.208
1162.354	86.232
1163.564	93.298
1164.869	100.337
1166.266	107.343
1167.753	114.340
1169.330	121.359
1170.993	128.331
1172.740	135.037
1174.564	141.038
1176.453	145.699
1178.384	148.277
1180.329	148.100
1182.247	144.785
1184.103	138.336
1185.855	129.244
1187.477	118.276
1188.948	106.427
1190.264	94.542
1191.428	83.399
1192.454	73.402
1193.356	64.844
1194.155	57.728
1194.868	52.002
1195.515	47.503
1196.108	44.076
1196.662	41.556
1197.187	39.820
1197.695	38.795
1198.192	38.477
1198.690	38.946
1199.197	40.411
1199.729	43.248
1200.303	48.077
1200.949	55.858
1201.708	68.012
1202.643	86.523
1203.839	113.928
1205.419	152.904
1207.531	205.200
1210.325	269.196
1213.908	337.247
1218.244	394.249
1223.102	422.499
1228.068	411.713
1232.691	366.584
1236.647	303.395
1239.828	239.450
1242.289	185.607
1244.182	145.344
1245.660	117.644
1246.864	99.692
1247.890	88.558
1248.809	81.851
1249.663	77.780
1250.480	75.122
1251.269	73.042
1252.040	71.032
1252.789	68.782
1253.516	66.154
1254.215	63.103
1254.883	59.677
1255.515	55.953
1256.108	52.042
1256.660	48.068
1257.171	44.131
1257.642	40.334
1258.073	36.756
1258.468	33.452
1258.829	30.467
1259.159	27.823
1259.462	25.535
1259.742	23.608
1260.002	22.038
1260.247	20.823
1260.480	19.962
1260.705	19.447
1260.927	19.290
1261.148	19.490
1261.374	20.065
1261.609	21.033
1261.857	22.420
1262.124	24.250
1262.414	26.558
1262.735	29.377
1263.092	32.719
1263.492	36.612
1263.942	41.032
1264.448	45.947
1265.016	51.265
1265.652	56.856
1266.357	62.518
1267.132	68.007
1267.975	73.020
1268.878	77.244
1269.831	80.382
1270.819	82.199
1271.826	82.559
1272.833	81.458
1273.823	79.024
1274.781	75.504
1275.693	71.236
1276.553	66.558
1277.356	61.852
1278.103	57.407
1278.797	53.480
1279.446	50.244
1280.059	47.808
1280.645	46.233
1281.216	45.513
1281.781	45.624
1282.353	46.498
1282.938	48.045
1283.546	50.143
1284.183	52.655
1284.854	55.414
1285.562	58.228
1286.307	60.905
1287.086	63.260
1287.896	65.124
1288.728	66.374
1289.575	66.964
1290.429	66.922
1291.280	66.394
1292.127	65.598
1292.962	64.895
1293.791	64.690
1294.620	65.536
1295.464	68.001
1296.346	72.796
1297.298	80.627
1298.359	92.201
1299.579	108.049
1301.011	128.274
1302.704	152.171
1304.698	177.841
1306.997	202.035
1309.563	220.524
1312.304	229.239
1315.086	225.829
1317.762	210.729
1320.204	186.956
1322.331	158.836
1324.111	130.462
1325.559	104.688
1326.714	82.954
1327.627	65.574
1328.351	52.179
1328.928	42.124
1329.398	34.707
1329.788	29.291
1330.120	25.368
1330.411	22.529
1330.672	20.482
1330.911	19.011
1331.135	17.963
1331.349	17.241
1331.555	16.774
1331.758	16.524
1331.959	16.480
1332.162	16.638
1332.368	17.032
1332.581	17.700
1332.803	18.726
1333.042	20.215
1333.302	22.331
1333.592	25.307
1333.924	29.472
1334.314	35.294
1334.787	43.428
1335.374	54.769
1336.120	70.517
1337.085	92.159
1338.348	121.342
1340.007	159.484
1342.169	206.896
1344.932	261.415
1348.346	317.256
1352.366	364.787
1356.828	393.688
1361.459	397.527
1365.960	377.593
1370.095	341.751
1373.734	299.945
1376.866	259.932
1379.542	225.769
1381.848	198.540
1383.866	177.551
1385.665	161.539
1387.298	149.180
1388.805	139.327
1390.210	131.094
1391.529	123.858
1392.775	117.134
1393.950	110.652
1395.059	104.208
1396.102	97.766
1397.080	91.313
1397.992	84.925
1398.841	78.687
1399.627	72.711
1400.354	67.106
1401.027	61.963
1401.649	57.364
1402.228	53.360
1402.767	49.997
1403.276	47.297
1403.759	45.277
1404.224	43.947
1404.678	43.314
1405.128	43.380
1405.583	44.165
1406.048	45.673
1406.532	47.926
1407.043	50.933
1407.589	54.700
1408.178	59.220
1408.818	64.451
1409.517	70.322
1410.281	76.700
1411.115	83.409
1412.021	90.171
1413.001	96.688
1414.049	102.581
1415.157	107.464
1416.316	110.998
1417.505	112.895
1418.712	113.028
1419.912	111.405
1421.092	108.216
1422.232	103.805
1423.323	98.640
1424.358	93.270
1425.335	88.319
1426.262	84.438
1427.151	82.389
1428.023	83.066
1428.911	87.600
1429.855	97.563
1430.919	115.050
1432.185	142.925
1433.768	184.687
1435.815	244.100
1438.502	323.524
1442.013	421.207
1446.474	527.330
1451.871	622.227
1457.980	681.448
1464.363	687.611
1470.515	642.023
1476.025	562.889
1480.699	473.549
1484.538	391.279
1487.660	324.048
1490.223	272.918
1492.370	235.570
1494.221	208.860
1495.861	189.907
1497.352	176.497
1498.738	167.014
1500.050	160.296
1501.311	155.461
1502.530	151.868
1503.725	149.015
1504.894	146.442
1506.041	143.831
1507.170	140.910
1508.271	137.483
1509.347	133.434
1510.388	128.726
1511.392	123.374
1512.354	117.460
1513.267	111.102
1514.133	104.445
1514.946	97.642
1515.707	90.851
1516.415	84.208
1517.071	77.845
1517.680	71.845
1518.242	66.298
1518.763	61.240
1519.245	56.706
1519.694	52.720
1520.112	49.260
1520.504	46.331
1520.875	43.913
1521.228	41.975
1521.567	40.505
1521.896	39.470
1522.218	38.843
1522.537	38.610
1522.856	38.734
1523.177	39.209
1523.504	40.001
1523.840	41.102
1524.186	42.477
1524.545	44.115
1524.920	45.990
1525.312	48.071
1525.725	50.337
1526.157	52.740
1526.612	55.251
1527.090	57.822
1527.592	60.399
1528.117	62.936
1528.666	65.373
1529.237	67.651
1529.829	69.715
1530.440	71.514
1531.067	73.007
1531.708	74.160
1532.361	74.953
1533.021	75.376
1533.686	75.451
1534.351	75.206
1535.016	74.676
1535.677	73.939
1536.332	73.051
1536.981	72.092
1537.622	71.172
1538.256	70.347
1538.885	69.734
1539.510	69.394
1540.133	69.418
1540.759	69.873
1541.391	70.818
1542.033	72.298
1542.691	74.344
1543.371	76.958
1544.075	80.129
1544.811	83.805
1545.581	87.912
1546.392	92.337
1547.244	96.920
1548.137	101.468
1549.074	105.769
1550.049	109.574
1551.057	112.645
1552.094	114.760
1553.146	115.738
1554.206	115.457
1555.260	113.873
1556.296	111.025
1557.306	107.025
1558.276	102.057
1559.200	96.342
1560.071	90.120
1560.884	83.650
1561.640	77.142
1562.337	70.806
1562.977	64.797
1563.565	59.238
1564.102	54.228
1564.596	49.830
1565.052	46.094
1565.476	43.063
1565.874	40.781
1566.253	39.304
1566.621	38.713
1566.986	39.110
1567.358	40.649
1567.750	43.536
1568.172	48.035
1568.641	54.500
1569.179	63.360
1569.808	75.056
1570.557	90.180
1571.459	109.192
1572.553	132.391
1573.878	159.830
1575.469	190.775
1577.357	223.827
1579.549	256.437
1582.027	285.297
1584.743	306.822
1587.614	318.037
1590.535	317.567
1593.402	306.071
1596.118	286.026
1598.621	260.850
1600.876	233.980
1602.882	208.119
1604.655	184.912
1606.225	165.107
1607.625	148.726
1608.885	135.401
1610.034	124.576
1611.092	115.671
1612.075	108.169
1612.995	101.645
1613.861	95.780
1614.678	90.367
1615.450	85.255
1616.179	80.360
1616.866	75.673
1617.515	71.163
1618.126	66.842
1618.701	62.731
1619.243	58.838
1619.751	55.189
1620.229	51.780
1620.680	48.614
1621.104	45.703
1621.504	43.024
1621.882	40.570
1622.239	38.338
1622.579	36.301
1622.901	34.450
1623.209	32.770
1623.503	31.243
1623.784	29.862
1624.054	28.607
1624.314	27.471
1624.564	26.448
1624.807	25.526
1625.042	24.698
1625.270	23.967
1625.493	23.323
1625.711	22.771
1625.925	22.311
1626.136	21.939
1626.344	21.668
1626.550	21.503
1626.757	21.453
1626.964	21.520
1627.172	21.735
1627.384	22.112
1627.601	22.663
1627.825	23.442
1628.058	24.477
1628.303	25.829
1628.563	27.583
1628.842	29.825
1629.147	32.722
1629.483	36.461
1629.861	41.334
1630.291	47.739
1630.792	56.261
1631.388	67.710
1632.108	83.253
1632.999	104.481
1634.122	133.541
1635.559	173.089
1637.419	225.935
1639.833	294.320
1642.940	377.898
1646.852	471.212
1651.600	561.846
1657.072	631.217
1662.974	661.349
1668.912	644.620
1674.467	587.584
1679.360	507.206
1683.471	421.440
1686.815	342.749
1689.502	276.804
1691.654	224.481
1693.393	184.143
1694.819	153.440
1696.008	130.085
1697.018	112.277
1697.894	98.581
1698.664	87.991
1699.356	79.763
1699.985	73.390
1700.566	68.471
1701.111	64.761
1701.629	62.054
1702.127	60.183
1702.613	59.073
1703.092	58.605
1703.570	58.727
1704.050	59.374
1704.538	60.488
1705.037	62.027
1705.550	63.925
1706.081	66.135
1706.632	68.596
1707.204	71.234
1707.800	73.983
1708.421	76.771
1709.066	79.508
1709.734	82.114
1710.426	84.524
1711.138	86.636
1711.869	88.418
1712.615	89.790
1713.373	90.736
1714.139	91.218
1714.909	91.252
1715.680	90.832
1716.448	90.007
1717.208	88.801
1717.959	87.286
1718.697	85.493
1719.421	83.494
1720.129	81.335
1720.818	79.063
1721.490	76.714
1722.143	74.321
1722.776	71.925
1723.389	69.535
1723.984	67.155
1724.559	64.807
1725.115	62.506
1725.653	60.241
1726.172	58.032
1726.673	55.888
1727.158	53.812
1727.625	51.829
1728.077	49.949
1728.513	48.191
1728.936	46.577
1729.346	45.134
1729.744	43.888
1730.132	42.873
1730.514	42.113
1730.891	41.641
1731.265	41.505
1731.639	41.740
1732.018	42.385
1732.405	43.493
1732.804	45.119
1733.220	47.309
1733.658	50.132
1734.125	53.648
1734.627	57.920
1735.171	63.018
1735.766	68.994
1736.419	75.879
1737.138	83.676
1737.933	92.388
1738.812	101.936
1739.781	112.158
1740.846	122.847
1742.011	133.706
1743.276	144.329
1744.634	154.278
1746.083	163.073
1747.603	170.265
1749.182	175.468
1750.800	178.466
1752.435	179.192
1754.067	177.794
1755.677	174.594
1757.249	170.107
1758.774	164.917
1760.249	159.710
1761.673	155.170
1763.054	152.075
1764.409	151.188
1765.759	153.381
1767.130	159.663
1768.563	171.135
1770.105	189.071
1771.811	214.770
1773.752	249.251
1775.997	292.790
1778.618	344.199
1781.667	399.964
1785.155	453.711
1789.032	496.974
1793.186	520.994
1797.428	519.915
1801.552	493.237
1805.373	445.907
1808.753	386.611
1811.632	324.105
1814.015	265.191
1815.945	213.962
1817.494	171.836
1818.737	138.646
1819.739	113.415
1820.562	94.780
1821.254	81.460
1821.852	72.400
1822.389	66.715
1822.887	63.789
1823.368	63.203
1823.849	64.646
1824.344	68.017
1824.868	73.233
1825.437	80.342
1826.063	89.401
1826.763	100.491
1827.551	113.690
1828.445	128.989
1829.459	146.311
1830.609	165.377
1831.906	185.736
1833.359	206.687
1834.968	227.283
1836.727	246.441
1838.621	262.978
1840.628	275.798
1842.715	284.134
1844.846	287.639
1846.986	286.375
1849.098	281.050
1851.156	272.628
1853.138	262.127
1855.033	250.799
1856.838	239.558
1858.554	228.958
1860.190	219.532
1861.756	211.345
1863.259	204.243
1864.710	198.061
1866.115	192.445
1867.476	187.000
1868.798	181.462
1870.078	175.524
1871.313	168.977
1872.501	161.768
1873.635	153.884
1874.712	145.341
1875.728	136.322
1876.680	126.969
1877.565	117.459
1878.384	107.977
1879.137	98.688
1879.825	89.724
1880.451	81.213
1881.019	73.229
1881.530	65.829
1881.992	59.026
1882.407	52.827
1882.779	47.221
1883.112	42.202
1883.411	37.721
1883.679	33.727
1883.920	30.201
1884.135	27.114
1884.331	24.396
1884.507	22.033
1884.667	20.000
1884.812	18.253
1884.946	16.780
1885.070	15.574
1885.185	14.607
1885.294	13.896
1885.398	13.441
1885.500	13.259
1885.601	13.388
1885.704	13.866
1885.812	14.770
1885.928	16.180
1886.056	18.230
1886.201	21.071
1886.371	24.920
1886.573	30.037
1886.819	36.759
1887.122	45.500
1887.498	56.729
1887.969	71.023
1888.560	88.938
1889.302	111.030
1890.228	137.677
1891.374	168.853
1892.775	203.975
1894.457	241.552
1896.432	279.030
1898.689	312.909
1901.188	339.125
1903.858	353.928
1906.600	354.915
1909.308	341.764
1911.874	316.382
1914.214	282.401
1916.279	244.026
1918.047	205.058
1919.519	168.508
1920.722	136.177
1921.692	108.716
1922.466	86.226
1923.079	68.338
1923.566	54.378
1923.956	43.706
1924.270	35.724
1924.529	29.855
1924.747	25.676
1924.936	22.837
1925.107	21.053
1925.265	20.147
1925.418	19.968
1925.572	20.429
1925.731	21.484
1925.899	23.104
1926.081	25.306
1926.283	28.108
1926.507	31.571
1926.761	35.740
1927.050	40.692
1927.380	46.484
1927.759	53.191
1928.194	60.880
1928.693	69.535
1929.262	79.134
1929.912	89.607
1930.649	100.785
1931.476	112.362
1932.396	123.971
1933.413	135.207
1934.516	145.451
1935.696	154.157
1936.948	160.853
1938.242	165.073
1939.566	166.605
1940.897	165.474
1942.209	161.921
1943.491	156.400
1944.723	149.608
1945.899	142.238
1947.015	135.109
1948.075	128.940
1949.088	124.435
1950.068	122.134
1951.034	122.548
1952.007	125.998
1953.014	132.738
1954.078	142.808
1955.227	156.070
1956.484	172.107
1957.868	190.140
1959.395	209.084
1961.066	227.417
1962.873	243.398
1964.792	255.200
1966.785	261.267
1968.803	260.635
1970.801	253.065
1972.720	239.135
1974.516	220.173
1976.152	197.902
1977.619	173.945
1978.898	150.024
1979.994	127.361
1980.924	106.645
1981.702	88.403
1982.344	72.767
1982.875	59.575
1983.309	48.684
1983.665	39.804
1983.957	32.619
1984.197	26.887
1984.396	22.320
1984.562	18.718
1984.702	15.884
1984.822	13.665
1984.926	11.936
1985.017	10.592
1985.098	9.554
1985.173	8.758
1985.241	8.150
1985.305	7.694
1985.366	7.353
1985.425	7.109
1985.482	6.940
1985.538	6.832
1985.593	6.773
1985.649	6.754
1985.704	6.771
1985.760	6.815
1985.817	6.885
1985.874	6.976
1985.933	7.087
1985.993	7.215
1986.053	7.359
1986.116	7.520
1986.180	7.692
1986.247	7.879
1986.315	8.080
1986.385	8.291
1986.457	8.515
1986.532	8.751
1986.608	8.995
1986.688	9.250
1986.770	9.514
1986.855	9.786
1986.942	10.066
1987.033	10.352
1987.126	10.644
1987.223	10.940
1987.322	11.239
1987.425	11.538
1987.531	11.837
1987.640	12.134
1987.752	12.427
1987.868	12.714
1987.986	12.994
1988.108	13.264
1988.233	13.519
1988.360	13.760
1988.490	13.986
1988.623	14.192
1988.760	14.377
1988.897	14.538
1989.036	14.674
1989.178	14.784
1989.322	14.866
1989.466	14.915
1989.612	14.934
1989.758	14.921
1989.904	14.878
1990.051	14.800
1990.198	14.691
1990.343	14.550
1990.488	14.377
1990.633	14.175
1990.775	13.946
1990.915	13.688
1991.054	13.406
1991.190	13.103
1991.323	12.778
1991.454	12.436
1991.581	12.079
1991.706	11.709
1991.826	11.328
1991.944	10.941
1992.058	10.548
1992.168	10.151
1992.275	9.755
1992.378	9.359
1992.476	8.968
1992.572	8.581
1992.663	8.200
1992.751	7.828
1992.835	7.465
1992.915	7.112
1992.993	6.770
1993.067	6.440
1993.137	6.121
1993.204	5.816
1993.268	5.522
1993.329	5.242
1993.388	4.975
1993.443	4.720
1993.496	4.478
1993.547	4.247
1993.595	4.029
1993.641	3.823
1993.685	3.628
1993.726	3.444
1993.766	3.270
1993.804	3.106
1993.840	2.952
1993.875	2.808
1993.908	2.671
1993.939	2.542
1993.970	2.422
1993.999	2.308
1994.026	2.201
1994.053	2.101
1994.078	2.007
1994.103	1.919
1994.126	1.835
1994.149	1.756
1994.171	1.683
1994.192	1.613
1994.212	1.548
1994.231	1.486
1994.250	1.428
1994.268	1.373
1994.286	1.321
1994.303	1.272
1994.319	1.225
1994.335	1.181
1994.350	1.139
1994.365	1.100
1994.380	1.062
1994.394	1.026
1994.407	0.992
1994.421	0.960
1994.433	0.929
1994.446	0.899
1994.458	0.871
1994.470	0.844
1994.482	0.818
1994.493	0.793
1994.504	0.769
1994.515	0.747
1994.525	0.725
1994.535	0.703
1994.545	0.683
1994.555	0.664
1994.564	0.645
1994.573	0.627
1994.583	0.609
1994.591	0.592
1994.600	0.576
1994.608	0.560
1994.617	0.545
1994.625	0.530
1994.633	0.515
1994.640	0.502
1994.648	0.488
1994.655	0.475
1994.662	0.462
1994.669	0.450
1994.676	0.438
1994.683	0.427
1994.690	0.416
1994.696	0.405
1994.702	0.394
1994.708	0.384
1994.714	0.374
1994.720	0.364
1994.726	0.355
1994.732	0.346
1994.738	0.337
1994.743	0.328
1994.748	0.320
1994.753	0.312
1994.759	0.304
1994.764	0.296
1994.769	0.289
1994.773	0.281
1994.778	0.274
1994.783	0.267
1994.787	0.261
1994.792	0.254
1994.796	0.248
1994.800	0.241
1994.804	0.235
1994.808	0.230
1994.812	0.224
1994.816	0.218
1994.820	0.213
1994.824	0.208
1994.828	0.202
1994.831	0.197
1994.835	0.193
1994.838	0.188
1994.842	0.183
1994.845	0.179
