<j>	<F>
1.246	20.230
3.002	11.614
4.179	10.899
5.196	11.156
6.054	12.657
7.215	14.244
8.585	11.436
9.532	12.759
11.137	12.035
12.467	10.583
13.346	11.228
14.237	12.121
15.522	12.358
17.083	11.206
18.031	11.225
18.729	12.104
19.440	13.182
20.367	13.904
21.486	13.900
22.550	13.992
23.598	14.074
24.543	14.400
25.496	14.789
26.692	14.889
28.339	13.899
29.759	13.131
30.782	13.117
31.548	13.591
32.242	14.305
32.951	15.017
33.668	15.788
34.659	16.272
36.382	15.425
38.246	13.966
39.354	13.671
40.058	14.153
40.693	14.825
41.311	15.561
41.954	16.348
42.828	16.894
44.396	16.488
47.021	14.592
49.278	12.927
50.306	12.732
50.847	13.227
51.368	13.878
52.136	14.383
53.392	14.399
54.975	13.902
56.180	13.619
56.831	13.932
57.242	14.605
57.644	15.395
58.184	16.123
59.043	16.540
60.413	16.340
62.128	15.617
63.566	15.095
64.501	15.129
65.151	15.527
65.716	16.077
66.315	16.641
67.037	17.098
67.946	17.346
69.090	17.324
70.581	16.948
72.480	16.152
74.343	15.315
75.630	14.992
76.493	15.141
77.473	15.351
79.355	15.035
82.678	13.725
85.950	12.324
87.839	11.757
88.864	11.722
89.525	11.900
90.007	12.186
90.395	12.540
90.742	12.941
91.088	13.369
91.469	13.806
91.919	14.227
92.476	14.602
93.164	14.901
93.977	15.113
94.877	15.255
95.812	15.364
96.766	15.461
97.775	15.532
98.919	15.526
100.275	15.387
101.845	15.110
103.539	14.755
105.236	14.403
106.832	14.111
108.221	13.924
109.327	13.877
110.148	13.980
110.755	14.210
111.248	14.524
111.742	14.869
112.371	15.171
113.303	15.331
114.711	15.234
116.582	14.858
118.546	14.389
120.167	14.072
121.324	13.985
122.117	14.086
122.670	14.318
123.085	14.638
123.439	15.012
123.804	15.407
124.257	15.780
124.911	16.069
125.927	16.174
127.442	16.000
129.326	15.585
131.114	15.176
132.486	14.978
133.537	14.971
134.555	15.027
135.900	14.984
138.002	14.662
141.060	13.964
144.396	13.129
146.953	12.555
148.521	12.336
149.469	12.347
150.136	12.469
150.717	12.634
151.315	12.805
151.990	12.960
152.768	13.084
153.647	13.174
154.591	13.237
155.543	13.290
156.447	13.354
157.284	13.440
158.082	13.546
158.909	13.651
159.864	13.726
161.045	13.734
162.496	13.652
164.133	13.496
165.741	13.329
167.100	13.224
168.120	13.221
168.843	13.314
169.359	13.481
169.750	13.699
170.076	13.948
170.380	14.216
170.692	14.492
171.039	14.767
171.447	15.030
171.947	15.268
172.587	15.462
173.465	15.580
174.788	15.554
176.933	15.266
180.220	14.614
184.168	13.743
187.537	13.035
189.773	12.668
191.169	12.552
192.106	12.572
192.798	12.662
193.351	12.793
193.817	12.950
194.232	13.126
194.621	13.315
195.003	13.510
195.390	13.710
195.788	13.911
196.201	14.113
196.628	14.314
197.074	14.515
197.552	14.712
198.096	14.896
198.783	15.046
199.758	15.122
201.234	15.056
203.389	14.790
206.070	14.352
208.703	13.904
210.798	13.601
212.340	13.459
213.572	13.418
214.717	13.412
215.892	13.404
217.124	13.382
218.371	13.351
219.557	13.328
220.618	13.331
221.525	13.368
222.295	13.441
222.978	13.539
223.648	13.648
224.406	13.746
225.384	13.803
226.751	13.781
228.651	13.641
231.055	13.382
233.631	13.067
235.903	12.801
237.598	12.649
238.750	12.614
239.533	12.662
240.109	12.760
240.586	12.885
241.033	13.021
241.490	13.160
241.989	13.294
242.555	13.417
243.215	13.524
243.992	13.607
244.904	13.662
245.955	13.686
247.132	13.681
248.398	13.654
249.704	13.615
251.005	13.575
252.275	13.541
253.513	13.514
254.734	13.493
255.964	13.472
257.225	13.447
258.530	13.414
259.878	13.372
261.247	13.324
262.596	13.278
263.871	13.242
265.018	13.228
266.001	13.243
266.810	13.292
267.460	13.372
267.979	13.481
268.400	13.613
268.757	13.761
269.077	13.922
269.388	14.089
269.711	14.258
270.070	14.424
270.491	14.581
271.005	14.722
271.660	14.835
272.519	14.907
273.673	14.918
275.219	14.844
277.210	14.673
279.545	14.421
281.943	14.146
284.081	13.918
285.806	13.774
287.167	13.710
288.324	13.695
289.435	13.697
290.618	13.692
291.926	13.665
293.353	13.614
294.840	13.550
296.313	13.484
297.720	13.430
299.043	13.390
300.296	13.365
301.495	13.349
302.647	13.341
303.734	13.343
304.731	13.358
305.613	13.391
306.368	13.445
307.000	13.521
307.527	13.618
307.974	13.730
308.367	13.856
308.731	13.989
309.086	14.128
309.451	14.268
309.841	14.405
310.268	14.538
310.739	14.665
311.258	14.783
311.822	14.893
312.422	14.996
313.042	15.094
313.662	15.191
314.264	15.293
314.829	15.401
315.348	15.521
315.820	15.652
316.248	15.796
316.643	15.949
317.018	16.111
317.391	16.276
317.780	16.442
318.211	16.601
318.716	16.747
319.344	16.866
320.173	16.942
321.330	16.945
323.027	16.831
325.572	16.538
329.266	16.016
334.033	15.297
339.081	14.546
343.389	13.949
346.527	13.574
348.672	13.380
350.169	13.301
351.297	13.287
352.233	13.308
353.088	13.344
353.930	13.386
354.816	13.424
355.791	13.451
356.902	13.460
358.185	13.446
359.658	13.405
361.303	13.338
363.064	13.253
364.851	13.162
366.572	13.077
368.171	13.009
369.642	12.959
371.026	12.924
372.391	12.896
373.818	12.863
375.377	12.817
377.116	12.752
379.047	12.664
381.143	12.556
383.341	12.436
385.559	12.314
387.716	12.198
389.745	12.097
391.602	12.015
393.259	11.955
394.711	11.916
395.965	11.898
397.041	11.900
397.968	11.918
398.776	11.950
399.496	11.992
400.159	12.041
400.790	12.094
401.415	12.150
402.056	12.205
402.737	12.257
403.480	12.304
404.310	12.342
405.252	12.369
406.334	12.382
407.573	12.379
408.982	12.358
410.552	12.320
412.250	12.266
414.020	12.204
415.790	12.140
417.488	12.081
419.060	12.034
420.473	12.002
421.723	11.987
422.821	11.987
423.787	12.001
424.644	12.026
425.413	12.061
426.113	12.103
426.757	12.151
427.355	12.205
427.917	12.262
428.448	12.324
428.955	12.388
429.442	12.455
429.917	12.524
430.383	12.595
430.847	12.667
431.317	12.739
431.799	12.810
432.303	12.881
432.838	12.948
433.413	13.012
434.037	13.071
434.719	13.124
435.461	13.171
436.264	13.210
437.121	13.243
438.017	13.270
438.931	13.295
439.839	13.319
440.717	13.346
441.543	13.378
442.304	13.417
442.997	13.465
443.628	13.520
444.213	13.582
444.779	13.648
445.373	13.713
446.068	13.771
446.988	13.808
448.342	13.802
450.457	13.721
453.735	13.522
458.412	13.181
464.118	12.732
469.810	12.281
474.497	11.927
477.894	11.700
480.254	11.576
481.946	11.519
483.246	11.499
484.325	11.501
485.285	11.515
486.189	11.534
487.082	11.556
488.001	11.577
488.974	11.595
490.024	11.607
491.163	11.612
492.397	11.610
493.714	11.601
495.089	11.586
496.491	11.569
497.878	11.551
499.212	11.536
500.462	11.527
501.609	11.525
502.646	11.532
503.577	11.547
504.412	11.569
505.167	11.598
505.856	11.633
506.495	11.672
507.096	11.714
507.671	11.759
508.229	11.806
508.776	11.854
509.320	11.903
509.863	11.952
510.411	12.001
510.967	12.050
511.533	12.098
512.111	12.146
512.703	12.193
513.311	12.238
513.934	12.283
514.571	12.327
515.220	12.369
515.878	12.411
516.541	12.452
517.203	12.494
517.859	12.536
518.503	12.579
519.128	12.623
519.731	12.670
520.305	12.719
520.850	12.771
521.364	12.826
521.846	12.884
522.298	12.945
522.722	13.010
523.122	13.077
523.500	13.147
523.861	13.220
524.208	13.294
524.545	13.371
524.876	13.448
525.204	13.527
525.532	13.607
525.864	13.687
526.203	13.767
526.552	13.847
526.917	13.926
527.305	14.004
527.728	14.079
528.205	14.150
528.769	14.213
529.477	14.263
530.415	14.292
531.720	14.286
533.568	14.227
536.130	14.098
539.453	13.892
543.305	13.630
547.180	13.359
550.545	13.132
553.126	12.978
554.950	12.897
556.195	12.873
557.053	12.887
557.673	12.926
558.154	12.979
558.556	13.040
558.915	13.107
559.254	13.176
559.589	13.247
559.933	13.319
560.297	13.389
560.695	13.457
561.146	13.521
561.672	13.580
562.305	13.630
563.084	13.667
564.053	13.688
565.259	13.688
566.736	13.663
568.490	13.612
570.478	13.537
572.600	13.448
574.721	13.357
576.705	13.275
578.456	13.212
579.937	13.174
581.158	13.158
582.163	13.163
583.006	13.183
583.738	13.214
584.402	13.253
585.037	13.295
585.669	13.338
586.321	13.380
587.013	13.419
587.759	13.454
588.569	13.484
589.449	13.507
590.400	13.524
591.414	13.535
592.478	13.541
593.573	13.544
594.676	13.545
595.764	13.547
596.816	13.552
597.818	13.561
598.762	13.574
599.650	13.593
600.487	13.616
601.288	13.644
602.066	13.673
602.844	13.704
603.645	13.733
604.500	13.759
605.446	13.777
606.531	13.785
607.813	13.777
609.361	13.747
611.237	13.691
613.481	13.604
616.082	13.487
618.954	13.347
621.945	13.197
624.881	13.051
627.633	12.920
630.154	12.810
632.485	12.718
634.738	12.637
637.066	12.557
639.635	12.466
642.594	12.353
646.018	12.214
649.852	12.049
653.882	11.872
657.787	11.700
661.257	11.553
664.109	11.442
666.311	11.370
667.939	11.333
669.116	11.324
669.963	11.335
670.580	11.362
671.042	11.398
671.400	11.441
671.689	11.489
671.934	11.540
672.149	11.594
672.345	11.649
672.528	11.706
672.703	11.764
672.874	11.822
673.042	11.881
673.211	11.941
673.381	12.001
673.554	12.062
673.731	12.122
673.915	12.183
674.107	12.244
674.307	12.305
674.519	12.366
674.744	12.427
674.983	12.487
675.241	12.546
675.518	12.605
675.818	12.662
676.144	12.718
676.498	12.773
676.884	12.826
677.305	12.877
677.764	12.925
678.264	12.971
678.807	13.014
679.395	13.055
680.030	13.091
680.712	13.125
681.441	13.155
682.219	13.182
683.043	13.205
683.915	13.225
684.835	13.242
685.805	13.254
686.825	13.264
687.898	13.269
689.026	13.270
690.209	13.267
691.447	13.260
692.734	13.250
694.065	13.236
695.428	13.219
696.813	13.201
698.212	13.182
699.618	13.162
701.030	13.143
702.457	13.122
703.911	13.100
705.413	13.076
706.984	13.047
708.649	13.013
710.424	12.972
712.320	12.924
714.334	12.868
716.451	12.805
718.644	12.738
720.883	12.669
723.139	12.598
725.393	12.529
727.630	12.461
729.847	12.396
732.038	12.333
734.198	12.272
736.307	12.215
738.341	12.163
740.269	12.116
742.062	12.076
743.695	12.046
745.157	12.025
746.446	12.014
747.571	12.012
748.549	12.019
749.401	12.033
750.148	12.054
750.813	12.079
751.414	12.109
751.968	12.142
752.488	12.177
752.986	12.213
753.472	12.251
753.950	12.289
754.427	12.328
754.906	12.366
755.391	12.405
755.884	12.443
756.387	12.481
756.901	12.519
757.429	12.556
757.973	12.592
758.535	12.627
759.119	12.661
759.727	12.694
760.365	12.725
761.036	12.755
761.748	12.782
762.505	12.806
763.313	12.827
764.177	12.846
765.099	12.860
766.081	12.871
767.121	12.878
768.212	12.882
769.344	12.883
770.503	12.882
771.671	12.879
772.830	12.877
773.962	12.877
775.051	12.878
776.084	12.883
777.054	12.892
777.959	12.904
778.801	12.921
779.588	12.941
780.330	12.964
781.041	12.990
781.736	13.017
782.436	13.044
783.160	13.070
783.933	13.094
784.778	13.114
785.723	13.128
786.794	13.134
788.015	13.132
789.408	13.120
790.984	13.096
792.748	13.061
794.688	13.015
796.785	12.960
799.014	12.897
801.347	12.828
803.759	12.755
806.232	12.679
808.745	12.602
811.278	12.525
813.801	12.449
816.275	12.376
818.655	12.308
820.898	12.247
822.968	12.196
824.845	12.155
826.525	12.124
828.017	12.103
829.341	12.091
830.522	12.088
831.587	12.090
832.561	12.097
833.467	12.109
834.323	12.123
835.143	12.139
835.937	12.157
836.713	12.175
837.474	12.195
838.221	12.215
838.954	12.236
839.671	12.258
840.367	12.281
841.041	12.305
841.686	12.330
842.302	12.357
842.884	12.386
843.430	12.416
843.940	12.449
844.414	12.484
844.853	12.520
845.258	12.559
845.633	12.599
845.982	12.642
846.309	12.685
846.621	12.730
846.926	12.776
847.234	12.822
847.561	12.868
847.928	12.912
848.365	12.954
848.918	12.990
849.653	13.017
850.666	13.031
852.083	13.024
854.064	12.989
856.771	12.917
860.302	12.802
864.600	12.646
869.388	12.463
874.206	12.276
878.582	12.108
882.217	11.977
885.042	11.886
887.154	11.831
888.718	11.805
889.900	11.798
890.828	11.805
891.598	11.820
892.272	11.841
892.891	11.864
893.480	11.890
894.053	11.916
894.619	11.943
895.181	11.970
895.740	11.997
896.297	12.025
896.850	12.053
897.396	12.081
897.936	12.109
898.466	12.138
898.986	12.168
899.494	12.198
899.991	12.229
900.476	12.260
900.949	12.293
901.412	12.325
901.867	12.359
902.316	12.393
902.760	12.427
903.202	12.461
903.646	12.496
904.094	12.531
904.550	12.565
905.016	12.599
905.498	12.633
905.998	12.665
906.521	12.697
907.071	12.728
907.654	12.757
908.276	12.784
908.943	12.809
909.664	12.832
910.448	12.852
911.306	12.868
912.252	12.879
913.300	12.886
914.463	12.887
915.754	12.881
917.182	12.868
918.747	12.849
920.438	12.822
922.231	12.791
924.090	12.755
925.965	12.718
927.804	12.682
929.554	12.649
931.172	12.623
932.630	12.604
933.915	12.594
935.028	12.592
935.978	12.599
936.786	12.613
937.472	12.633
938.060	12.658
938.573	12.688
939.033	12.720
939.458	12.755
939.869	12.791
940.284	12.828
940.721	12.863
941.197	12.898
941.732	12.929
942.345	12.957
943.055	12.981
943.882	12.999
944.841	13.010
945.944	13.015
947.193	13.011
948.581	13.000
950.087	12.983
951.676	12.961
953.305	12.936
954.925	12.911
956.490	12.889
957.961	12.870
959.313	12.857
960.536	12.850
961.628	12.850
962.601	12.856
963.472	12.867
964.258	12.883
964.979	12.902
965.655	12.924
966.302	12.948
966.933	12.973
967.561	12.998
968.195	13.023
968.842	13.048
969.506	13.072
970.190	13.095
970.894	13.117
971.618	13.138
972.357	13.158
973.107	13.177
973.864	13.196
974.620	13.215
975.371	13.234
976.108	13.254
976.827	13.275
977.525	13.296
978.196	13.319
978.840	13.344
979.458	13.370
980.048	13.397
980.613	13.426
981.159	13.456
981.687	13.488
982.204	13.520
982.716	13.552
983.230	13.585
983.753	13.617
984.296	13.649
984.869	13.679
985.484	13.707
986.158	13.733
986.909	13.754
987.759	13.771
988.738	13.781
989.879	13.783
991.223	13.775
992.817	13.754
994.712	13.717
996.952	13.663
999.573	13.590
1002.575	13.498
1005.924	13.389
1009.536	13.267
1013.281	13.139
1017.019	13.012
1020.611	12.893
1023.952	12.787
1026.986	12.695
1029.687	12.620
1032.068	12.561
1034.155	12.515
1035.981	12.482
1037.583	12.458
1038.995	12.444
1040.247	12.437
1041.366	12.436
1042.373	12.441
1043.290	12.449
1044.132	12.461
1044.911	12.475
1045.641	12.492
1046.329	12.511
1046.984	12.532
1047.614	12.553
1048.222	12.576
1048.817	12.600
1049.401	12.624
1049.979	12.648
1050.558	12.673
1051.141	12.697
1051.732	12.721
1052.338	12.745
1052.962	12.768
1053.611	12.790
1054.287	12.811
1054.997	12.831
1055.744	12.849
1056.528	12.865
1057.354	12.880
1058.219	12.893
1059.121	12.904
1060.057	12.913
1061.019	12.921
1062.000	12.928
1062.990	12.935
1063.980	12.941
1064.959	12.948
1065.918	12.955
1066.849	12.964
1067.746	12.974
1068.604	12.986
1069.423	12.999
1070.201	13.015
1070.939	13.032
1071.642	13.051
1072.313	13.071
1072.956	13.093
1073.576	13.116
1074.179	13.140
1074.769	13.165
1075.351	13.190
1075.930	13.215
1076.510	13.241
1077.095	13.266
1077.690	13.291
1078.299	13.316
1078.926	13.340
1079.576	13.363
1080.253	13.384
1080.962	13.405
1081.711	13.423
1082.502	13.440
1083.344	13.454
1084.241	13.466
1085.199	13.475
1086.223	13.480
1087.312	13.483
1088.469	13.482
1089.685	13.479
1090.952	13.472
1092.259	13.464
1093.587	13.454
1094.917	13.444
1096.226	13.435
1097.494	13.427
1098.702	13.422
1099.835	13.420
1100.885	13.422
1101.844	13.428
1102.712	13.439
1103.492	13.453
1104.190	13.472
1104.814	13.494
1105.371	13.520
1105.871	13.549
1106.324	13.580
1106.738	13.613
1107.121	13.648
1107.482	13.684
1107.828	13.722
1108.168	13.760
1108.510	13.798
1108.865	13.836
1109.243	13.873
1109.662	13.908
1110.145	13.941
1110.731	13.970
1111.482	13.991
1112.505	14.001
1113.980	13.993
1116.210	13.952
1119.650	13.862
1124.883	13.697
1132.367	13.438
1141.930	13.093
1152.371	12.710
1161.944	12.361
1169.428	12.097
1174.639	11.925
1178.041	11.828
1180.235	11.780
1181.693	11.763
1182.729	11.763
1183.533	11.773
1184.214	11.788
1184.839	11.805
1185.444	11.824
1186.054	11.843
1186.682	11.861
1187.338	11.879
1188.028	11.895
1188.756	11.910
1189.526	11.924
1190.340	11.937
1191.197	11.948
1192.099	11.957
1193.042	11.965
1194.025	11.971
1195.046	11.977
1196.098	11.981
1197.178	11.984
1198.278	11.986
1199.394	11.987
1200.517	11.989
1201.643	11.990
1202.764	11.991
1203.877	11.992
1204.974	11.994
1206.054	11.996
1207.110	11.999
1208.141	12.003
1209.144	12.008
1210.117	12.014
1211.059	12.021
1211.968	12.029
1212.844	12.038
1213.686	12.048
1214.492	12.060
1215.264	12.072
1216.001	12.086
1216.702	12.101
1217.367	12.118
1217.999	12.135
1218.596	12.154
1219.159	12.174
1219.690	12.195
1220.190	12.218
1220.660	12.241
1221.103	12.266
1221.519	12.291
1221.912	12.318
1222.285	12.345
1222.638	12.373
1222.977	12.402
1223.304	12.431
1223.623	12.461
1223.938	12.491
1224.256	12.522
1224.581	12.552
1224.920	12.582
1225.282	12.611
1225.676	12.640
1226.113	12.667
1226.607	12.692
1227.173	12.714
1227.828	12.734
1228.592	12.750
1229.485	12.761
1230.527	12.767
1231.740	12.767
1233.132	12.760
1234.717	12.745
1236.480	12.724
1238.411	12.697
1240.469	12.664
1242.613	12.628
1244.788	12.590
1246.937	12.553
1249.015	12.518
1250.981	12.487
1252.814	12.460
1254.505	12.439
1256.058	12.423
1257.485	12.412
1258.801	12.404
1260.026	12.400
1261.178	12.399
1262.274	12.400
1263.330	12.403
1264.357	12.407
1265.366	12.411
1266.364	12.417
1267.360	12.422
1268.357	12.427
1269.362	12.432
1270.378	12.437
1271.411	12.441
1272.461	12.444
1273.536	12.447
1274.634	12.449
1275.760	12.450
1276.913	12.450
1278.094	12.449
1279.300	12.448
1280.529	12.445
1281.775	12.442
1283.033	12.438
1284.294	12.434
1285.554	12.430
1286.801	12.426
1288.031	12.423
1289.233	12.421
1290.407	12.419
1291.544	12.419
1292.645	12.420
1293.704	12.422
1294.726	12.426
1295.706	12.431
1296.650	12.438
1297.556	12.445
1298.428	12.454
1299.266	12.464
1300.073	12.475
1300.849	12.488
1301.595	12.501
1302.313	12.515
1303.002	12.531
1303.663	12.547
1304.298	12.564
1304.905	12.582
1305.486	12.601
1306.042	12.622
1306.574	12.643
1307.082	12.664
1307.570	12.687
1308.037	12.711
1308.486	12.735
1308.919	12.760
1309.338	12.785
1309.745	12.811
1310.142	12.838
1310.531	12.865
1310.913	12.892
1311.292	12.919
1311.667	12.947
1312.041	12.975
1312.414	13.003
1312.789	13.031
1313.165	13.059
1313.542	13.087
1313.922	13.115
1314.304	13.143
1314.687	13.171
1315.072	13.200
1315.456	13.228
1315.841	13.256
1316.223	13.285
1316.604	13.313
1316.979	13.342
1317.352	13.372
1317.716	13.401
1318.075	13.431
1318.425	13.461
1318.766	13.492
1319.099	13.523
1319.421	13.555
1319.734	13.587
1320.038	13.620
1320.334	13.653
1320.622	13.686
1320.904	13.720
1321.185	13.755
1321.468	13.789
1321.761	13.823
1322.078	13.857
1322.441	13.889
1322.885	13.919
1323.471	13.943
1324.303	13.960
1325.548	13.961
1327.473	13.939
1330.465	13.879
1335.002	13.763
1341.500	13.576
1349.946	13.319
1359.595	13.016
1369.078	12.716
1377.144	12.466
1383.241	12.285
1387.524	12.170
1390.455	12.103
1392.507	12.068
1394.036	12.052
1395.277	12.047
1396.371	12.048
1397.404	12.051
1398.422	12.055
1399.450	12.059
1400.499	12.063
1401.572	12.065
1402.670	12.067
1403.786	12.069
1404.916	12.070
1406.052	12.070
1407.184	12.071
1408.306	12.071
1409.410	12.073
1410.487	12.075
1411.533	12.078
1412.542	12.081
1413.511	12.086
1414.436	12.093
1415.318	12.100
1416.155	12.109
1416.948	12.119
1417.698	12.131
1418.407	12.143
1419.077	12.157
1419.711	12.172
1420.310	12.188
1420.877	12.206
1421.415	12.224
1421.926	12.243
1422.411	12.262
1422.875	12.283
1423.316	12.304
1423.740	12.326
1424.145	12.349
1424.535	12.372
1424.911	12.395
1425.274	12.419
1425.626	12.444
1425.967	12.469
1426.301	12.494
1426.626	12.520
1426.947	12.546
1427.261	12.572
1427.573	12.598
1427.882	12.625
1428.191	12.651
1428.502	12.678
1428.815	12.705
1429.134	12.732
1429.461	12.758
1429.799	12.784
1430.153	12.810
1430.528	12.836
1430.932	12.860
1431.376	12.884
1431.876	12.906
1432.452	12.925
1433.136	12.942
1433.971	12.954
1435.020	12.960
1436.365	12.957
1438.120	12.942
1440.418	12.911
1443.412	12.859
1447.235	12.782
1451.948	12.679
1457.473	12.550
1463.552	12.404
1469.775	12.253
1475.686	12.111
1480.918	11.988
1485.281	11.890
1488.758	11.819
1491.447	11.770
1493.499	11.741
1495.063	11.726
1496.270	11.721
1497.221	11.724
1497.994	11.733
1498.641	11.746
1499.201	11.761
1499.699	11.778
1500.153	11.796
1500.577	11.815
1500.977	11.835
1501.361	11.856
1501.732	11.877
1502.094	11.898
1502.447	11.920
1502.794	11.942
1503.135	11.964
1503.471	11.987
1503.803	12.009
1504.131	12.032
1504.457	12.055
1504.779	12.078
1505.098	12.101
1505.416	12.124
1505.730	12.148
1506.044	12.171
1506.356	12.195
1506.667	12.219
1506.976	12.243
1507.285	12.267
1507.595	12.291
1507.903	12.315
1508.213	12.339
1508.524	12.363
1508.836	12.387
1509.151	12.412
1509.468	12.436
1509.791	12.460
1510.115	12.485
1510.448	12.509
1510.786	12.533
1511.133	12.557
1511.489	12.580
1511.858	12.604
1512.239	12.627
1512.638	12.649
1513.055	12.672
1513.495	12.693
1513.961	12.714
1514.457	12.734
1514.990	12.753
1515.563	12.771
1516.187	12.787
1516.865	12.802
1517.610	12.815
1518.428	12.826
1519.335	12.834
1520.340	12.839
1521.454	12.841
1522.695	12.840
1524.071	12.834
1525.593	12.824
1527.267	12.809
1529.095	12.789
1531.068	12.765
1533.172	12.737
1535.381	12.706
1537.660	12.672
1539.966	12.637
1542.257	12.603
1544.487	12.570
1546.616	12.540
1548.611	12.514
1550.451	12.492
1552.124	12.475
1553.628	12.462
1554.967	12.455
1556.151	12.452
1557.195	12.454
1558.114	12.459
1558.924	12.467
1559.640	12.479
1560.278	12.492
1560.849	12.508
1561.366	12.526
1561.838	12.545
1562.273	12.565
1562.681	12.586
1563.064	12.608
1563.431	12.630
1563.784	12.653
1564.127	12.676
1564.465	12.700
1564.796	12.724
1565.128	12.748
1565.458	12.772
1565.790	12.796
1566.123	12.820
1566.461	12.844
1566.801	12.868
1567.147	12.892
1567.499	12.916
1567.855	12.940
1568.218	12.964
1568.586	12.987
1568.961	13.011
1569.341	13.034
1569.727	13.057
1570.120	13.080
1570.516	13.103
1570.920	13.126
1571.327	13.149
1571.738	13.172
1572.155	13.194
1572.572	13.217
1572.995	13.239
1573.418	13.262
1573.844	13.284
1574.270	13.307
1574.696	13.330
1575.123	13.352
1575.550	13.375
1575.976	13.398
1576.403	13.420
1576.829	13.443
1577.257	13.466
1577.687	13.489
1578.122	13.512
1578.564	13.534
1579.017	13.557
1579.487	13.579
1579.981	13.600
1580.508	13.620
1581.084	13.639
1581.724	13.656
1582.456	13.671
1583.309	13.681
1584.330	13.687
1585.575	13.685
1587.118	13.675
1589.048	13.652
1591.467	13.615
1594.479	13.559
1598.164	13.483
1602.547	13.385
1607.565	13.268
1613.042	13.138
1618.717	13.001
1624.291	12.867
1629.506	12.745
1634.200	12.639
1638.310	12.550
1641.860	12.479
1644.919	12.423
1647.574	12.379
1649.906	12.344
1651.986	12.318
1653.866	12.297
1655.585	12.280
1657.170	12.268
1658.639	12.258
1660.002	12.252
1661.269	12.248
1662.447	12.246
1663.541	12.247
1664.553	12.250
1665.492	12.254
1666.363	12.261
1667.168	12.269
1667.916	12.279
1668.613	12.290
1669.261	12.303
1669.870	12.316
1670.441	12.331
1670.981	12.347
1671.495	12.363
1671.985	12.380
1672.455	12.397
1672.907	12.416
1673.345	12.434
1673.771	12.453
1674.185	12.472
1674.590	12.492
1674.986	12.512
1675.375	12.532
1675.757	12.552
1676.133	12.573
1676.504	12.594
1676.871	12.615
1677.234	12.636
1677.593	12.657
1677.950	12.679
1678.307	12.700
1678.665	12.722
1679.024	12.743
1679.388	12.765
1679.759	12.786
1680.138	12.808
1680.531	12.829
1680.940	12.849
1681.369	12.869
1681.825	12.889
1682.310	12.908
1682.834	12.926
1683.400	12.942
1684.016	12.957
1684.690	12.971
1685.426	12.983
1686.233	12.993
1687.118	13.001
1688.077	13.007
1689.120	13.010
1690.243	13.011
1691.437	13.010
1692.702	13.007
1694.017	13.002
1695.373	12.996
1696.751	12.989
1698.129	12.982
1699.491	12.975
1700.813	12.970
1702.083	12.965
1703.284	12.962
1704.409	12.962
1705.452	12.963
1706.410	12.967
1707.284	12.974
1708.079	12.983
1708.801	12.993
1709.456	13.006
1710.053	13.021
1710.601	13.037
1711.108	13.055
1711.584	13.073
1712.036	13.092
1712.475	13.112
1712.907	13.132
1713.342	13.152
1713.790	13.172
1714.257	13.192
1714.753	13.210
1715.291	13.228
1715.876	13.244
1716.521	13.259
1717.239	13.272
1718.036	13.283
1718.926	13.291
1719.915	13.296
1721.012	13.298
1722.221	13.296
1723.538	13.292
1724.962	13.284
1726.479	13.273
1728.074	13.260
1729.724	13.245
1731.402	13.230
1733.081	13.213
1734.732	13.198
1736.330	13.184
1737.852	13.171
1739.283	13.162
1740.612	13.155
1741.834	13.151
1742.949	13.150
1743.961	13.153
1744.877	13.158
1745.705	13.166
1746.454	13.176
1747.136	13.188
1747.758	13.202
1748.330	13.217
1748.859	13.234
1749.352	13.252
1749.816	13.270
1750.255	13.290
1750.674	13.310
1751.078	13.331
1751.468	13.352
1751.847	13.374
1752.220	13.396
1752.586	13.418
1752.946	13.441
1753.304	13.463
1753.658	13.486
1754.011	13.509
1754.363	13.532
1754.713	13.555
1755.064	13.578
1755.414	13.602
1755.764	13.625
1756.113	13.648
1756.462	13.672
1756.811	13.695
1757.159	13.719
1757.506	13.742
1757.854	13.766
1758.197	13.790
1758.542	13.814
1758.884	13.838
1759.222	13.862
1759.561	13.887
1759.896	13.911
1760.229	13.936
1760.559	13.960
1760.887	13.985
1761.212	14.010
1761.535	14.036
1761.855	14.061
1762.175	14.086
1762.492	14.112
1762.809	14.138
1763.127	14.164
1763.446	14.189
1763.767	14.215
1764.095	14.241
1764.430	14.267
1764.778	14.292
1765.145	14.317
1765.539	14.341
1765.974	14.364
1766.469	14.385
1767.060	14.403
1767.794	14.418
1768.753	14.425
1770.062	14.423
1771.914	14.405
1774.589	14.363
1778.460	14.286
1783.935	14.163
1791.304	13.985
1800.458	13.755
1810.681	13.493
1820.796	13.233
1829.674	13.009
1836.709	12.837
1841.889	12.718
1845.534	12.643
1848.053	12.601
1849.802	12.580
1851.039	12.574
1851.937	12.577
1852.613	12.587
1853.138	12.601
1853.558	12.618
1853.902	12.637
1854.190	12.657
1854.436	12.679
1854.649	12.702
1854.834	12.726
1854.997	12.750
1855.142	12.775
1855.272	12.800
1855.389	12.826
1855.495	12.852
1855.591	12.878
1855.680	12.905
1855.762	12.932
1855.839	12.960
1855.911	12.987
1855.978	13.015
1856.042	13.043
1856.104	13.071
1856.162	13.099
1856.220	13.128
1856.275	13.157
1856.330	13.185
1856.384	13.214
1856.438	13.243
1856.491	13.273
1856.545	13.302
1856.600	13.331
1856.655	13.361
1856.712	13.390
1856.771	13.420
1856.832	13.449
1856.896	13.479
1856.963	13.509
1857.034	13.538
1857.112	13.568
1857.196	13.598
1857.288	13.627
1857.391	13.657
1857.508	13.686
1857.643	13.714
1857.800	13.743
1857.987	13.770
1858.212	13.797
1858.487	13.822
1858.828	13.846
1859.256	13.867
1859.795	13.885
1860.482	13.899
1861.360	13.909
1862.477	13.911
1863.898	13.905
1865.684	13.889
1867.897	13.861
1870.584	13.820
1873.752	13.764
1877.376	13.696
1881.352	13.618
1885.538	13.533
1889.753	13.447
1893.827	13.364
1897.624	13.289
1901.064	13.224
1904.130	13.170
1906.845	13.126
1909.264	13.090
1911.449	13.061
1913.464	13.037
1915.361	13.017
1917.181	12.999
1918.952	12.982
1920.689	12.967
1922.397	12.952
1924.075	12.938
1925.713	12.925
1927.300	12.914
1928.825	12.903
1930.277	12.895
1931.646	12.888
1932.928	12.884
1934.119	12.881
1935.218	12.881
1936.231	12.884
1937.160	12.888
1938.013	12.894
1938.798	12.902
1939.522	12.912
1940.194	12.923
1940.822	12.935
1941.413	12.948
1941.975	12.962
1942.515	12.976
1943.038	12.991
1943.550	13.007
1944.056	13.022
1944.562	13.038
1945.069	13.054
1945.584	13.069
1946.109	13.085
1946.645	13.100
1947.197	13.115
1947.766	13.129
1948.354	13.143
1948.963	13.156
1949.592	13.169
1950.242	13.182
1950.914	13.193
1951.605	13.205
1952.315	13.216
1953.044	13.226
1953.786	13.236
1954.539	13.246
1955.301	13.255
1956.067	13.264
1956.833	13.274
1957.596	13.283
1958.351	13.293
1959.094	13.302
1959.822	13.312
1960.530	13.323
1961.218	13.334
1961.883	13.346
1962.522	13.358
1963.137	13.371
1963.726	13.385
1964.291	13.400
1964.832	13.415
1965.353	13.430
1965.856	13.446
1966.345	13.463
1966.824	13.480
1967.297	13.497
1967.771	13.514
1968.251	13.532
1968.746	13.548
1969.264	13.565
1969.812	13.580
1970.401	13.595
1971.043	13.609
1971.748	13.620
1972.530	13.630
1973.402	13.638
1974.378	13.643
1975.468	13.644
1976.685	13.643
1978.034	13.638
1979.522	13.629
1981.146	13.617
1982.901	13.601
1984.774	13.582
1986.745	13.560
1988.791	13.536
1990.889	13.510
1993.015	13.484
1995.150	13.458
1997.273	13.431
1999.381	13.406
2001.475	13.381
2003.560	13.356
2005.650	13.332
2007.763	13.307
2009.918	13.281
2012.128	13.254
2014.407	13.226
2016.759	13.196
2019.175	13.165
2021.641	13.133
2024.127	13.100
2026.602	13.067
2029.023	13.035
2031.352	13.005
2033.552	12.979
2035.596	12.956
2037.462	12.937
2039.141	12.922
2040.632	12.912
2041.941	12.907
2043.080	12.905
2044.061	12.907
2044.905	12.913
2045.625	12.922
2046.241	12.933
2046.765	12.947
2047.213	12.962
2047.596	12.979
2047.925	12.998
2048.209	13.018
2048.455	13.038
2048.669	13.060
2048.856	13.082
2049.023	13.105
2049.171	13.129
2049.303	13.153
2049.424	13.177
2049.533	13.202
2049.634	13.227
2049.726	13.252
2049.813	13.278
2049.895	13.304
2049.971	13.330
2050.044	13.356
2050.114	13.382
2050.181	13.409
2050.246	13.435
2050.309	13.462
2050.370	13.489
2050.429	13.516
2050.489	13.543
2050.547	13.571
2050.604	13.598
2050.662	13.626
2050.720	13.653
2050.779	13.681
2050.839	13.709
2050.901	13.737
2050.965	13.764
2051.033	13.792
2051.106	13.820
2051.187	13.848
2051.276	13.876
2051.379	13.903
2051.499	13.930
2051.644	13.957
2051.823	13.982
2052.051	14.007
2052.344	14.030
2052.732	14.051
2053.249	14.069
2053.948	14.082
2054.898	14.089
2056.192	14.088
2057.945	14.075
2060.297	14.047
2063.394	14.000
2067.360	13.930
2072.254	13.838
2077.996	13.723
2084.349	13.593
2090.948	13.455
2097.374	13.322
2103.270	13.202
2108.418	13.101
2112.765	13.020
2116.376	12.958
2119.368	12.911
2121.880	12.877
2124.033	12.852
2125.926	12.833
2127.636	12.819
2129.212	12.808
2130.687	12.800
2132.088	12.794
2133.427	12.789
2134.709	12.785
2135.941	12.783
2137.129	12.781
2138.267	12.781
2139.363	12.781
2140.417	12.783
2141.428	12.785
2142.401	12.788
2143.337	12.793
2144.238	12.797
2145.109	12.803
2145.952	12.809
2146.771	12.816
2147.570	12.823
2148.354	12.831
2149.129	12.839
2149.898	12.847
2150.669	12.855
2151.447	12.863
2152.241	12.870
2153.058	12.878
2153.904	12.884
2154.790	12.890
2155.724	12.895
2156.715	12.899
2157.771	12.901
2158.902	12.902
2160.111	12.901
2161.404	12.898
2162.789	12.893
2164.255	12.886
2165.802	12.878
2167.424	12.868
2169.105	12.856
2170.827	12.844
2172.568	12.831
2174.320	12.817
2176.044	12.804
2177.722	12.792
2179.345	12.781
2180.885	12.772
2182.330	12.764
2183.680	12.759
2184.926	12.756
2186.063	12.755
2187.100	12.756
2188.041	12.760
2188.888	12.765
2189.653	12.773
2190.343	12.782
2190.965	12.792
2191.529	12.804
2192.042	12.817
2192.511	12.831
2192.943	12.846
2193.346	12.861
2193.722	12.878
2194.080	12.894
2194.422	12.911
2194.754	12.929
2195.081	12.947
2195.403	12.964
2195.729	12.982
2196.060	13.000
2196.401	13.017
2196.754	13.035
2197.125	13.052
2197.519	13.068
2197.936	13.085
2198.384	13.100
2198.866	13.115
2199.388	13.129
2199.951	13.142
2200.563	13.154
2201.228	13.165
2201.945	13.175
2202.721	13.183
2203.558	13.190
2204.451	13.196
2205.406	13.200
2206.416	13.203
2207.473	13.205
2208.581	13.206
2209.720	13.206
2210.885	13.205
2212.070	13.204
2213.251	13.203
2214.428	13.201
2215.583	13.201
2216.706	13.200
2217.790	13.201
2218.825	13.203
2219.810	13.205
2220.737	13.209
2221.610	13.215
2222.426	13.221
2223.189	13.229
2223.902	13.238
2224.572	13.248
2225.202	13.259
2225.801	13.271
2226.376	13.283
2226.934	13.296
2227.483	13.309
2228.032	13.322
2228.588	13.335
2229.161	13.348
2229.757	13.360
2230.389	13.372
2231.064	13.383
2231.791	13.392
2232.581	13.401
2233.440	13.407
2234.378	13.412
2235.404	13.415
2236.520	13.416
2237.734	13.415
2239.046	13.411
2240.453	13.405
2241.955	13.397
2243.542	13.387
2245.202	13.375
2246.920	13.362
