<j>	<F>
1.274	18.889
2.372	17.590
3.239	20.091
4.181	21.236
5.267	20.502
6.491	18.570
7.858	16.853
9.587	12.903
10.861	12.038
12.005	12.048
13.124	12.106
14.180	12.278
15.129	12.702
15.990	13.465
16.983	14.180
18.456	13.586
19.995	12.402
21.219	12.117
22.361	12.123
23.480	12.162
24.555	12.253
25.567	12.436
26.533	12.717
27.533	12.998
28.649	13.081
29.736	13.037
30.515	13.393
31.015	14.368
31.425	15.746
31.858	17.321
32.465	18.796
34.045	18.490
37.370	14.247
39.056	12.677
39.689	13.096
40.098	13.966
40.431	15.091
40.774	16.390
41.253	17.657
42.116	18.328
43.517	17.752
44.773	17.139
45.601	17.480
46.486	17.907
47.635	17.804
48.788	17.568
49.841	17.577
50.996	17.469
52.259	17.174
53.685	16.754
55.556	15.872
57.725	14.650
59.534	13.801
60.801	13.553
61.809	13.607
62.731	13.756
63.621	13.945
64.529	14.131
65.482	14.273
66.420	14.397
67.232	14.607
67.870	14.981
68.373	15.520
68.825	16.168
69.323	16.833
69.980	17.375
70.917	17.614
72.206	17.442
73.877	16.875
75.862	15.999
77.660	15.248
78.963	14.983
80.109	14.956
81.425	14.835
82.877	14.574
84.213	14.362
85.336	14.311
86.374	14.359
87.517	14.373
88.894	14.247
90.467	13.977
92.005	13.693
93.295	13.539
94.304	13.553
95.105	13.699
95.793	13.928
96.461	14.193
97.219	14.430
98.192	14.560
99.449	14.514
100.869	14.332
102.173	14.176
103.200	14.172
104.022	14.307
104.793	14.499
105.639	14.666
106.640	14.753
107.841	14.732
109.283	14.586
111.003	14.301
112.913	13.912
114.733	13.543
116.190	13.331
117.259	13.305
118.067	13.413
118.737	13.596
119.337	13.820
119.901	14.071
120.467	14.335
121.126	14.581
122.082	14.724
123.721	14.598
126.383	14.027
129.545	13.185
132.047	12.572
133.650	12.334
134.808	12.303
135.844	12.333
136.857	12.373
137.835	12.420
138.747	12.485
139.583	12.575
140.361	12.687
141.120	12.812
141.908	12.935
142.792	13.035
143.858	13.085
145.204	13.052
146.880	12.911
148.781	12.684
150.632	12.449
152.163	12.296
153.289	12.261
154.091	12.329
154.698	12.468
155.219	12.644
155.739	12.832
156.340	13.009
157.117	13.145
158.189	13.202
159.652	13.143
161.477	12.964
163.414	12.726
165.121	12.533
166.423	12.449
167.376	12.472
168.135	12.563
168.845	12.680
169.606	12.792
170.472	12.878
171.453	12.931
172.507	12.956
173.552	12.974
174.496	13.012
175.279	13.091
175.889	13.220
176.347	13.399
176.693	13.619
176.962	13.872
177.188	14.150
177.396	14.446
177.608	14.753
177.849	15.063
178.147	15.365
178.547	15.643
179.111	15.869
179.919	16.009
181.042	16.027
182.484	15.912
184.128	15.706
185.811	15.481
187.469	15.275
189.170	15.074
191.019	14.840
193.045	14.559
195.158	14.254
197.217	13.970
199.138	13.735
200.932	13.547
202.663	13.388
204.366	13.242
206.010	13.110
207.523	13.006
208.848	12.945
209.976	12.931
210.944	12.957
211.803	13.013
212.607	13.085
213.400	13.163
214.223	13.238
215.112	13.300
216.103	13.341
217.219	13.354
218.462	13.336
219.798	13.292
221.161	13.236
222.468	13.188
223.650	13.164
224.672	13.175
225.537	13.221
226.270	13.300
226.913	13.402
227.507	13.521
228.099	13.645
228.736	13.763
229.470	13.863
230.354	13.932
231.437	13.957
232.754	13.926
234.310	13.840
236.064	13.706
237.934	13.543
239.816	13.376
241.605	13.226
243.217	13.112
244.605	13.044
245.762	13.023
246.711	13.045
247.499	13.103
248.175	13.187
248.790	13.288
249.390	13.396
250.018	13.502
250.715	13.597
251.517	13.672
252.449	13.721
253.512	13.741
254.673	13.736
255.868	13.719
257.028	13.705
258.104	13.707
259.086	13.728
260.005	13.767
260.910	13.811
261.848	13.851
262.848	13.880
263.905	13.894
264.983	13.901
266.024	13.911
266.976	13.936
267.806	13.986
268.511	14.063
269.112	14.164
269.640	14.285
270.134	14.417
270.633	14.553
271.182	14.683
271.833	14.794
272.649	14.872
273.697	14.901
275.026	14.867
276.628	14.769
278.401	14.625
280.173	14.473
281.783	14.352
283.161	14.280
284.331	14.255
285.369	14.263
286.351	14.286
287.332	14.312
288.330	14.335
289.337	14.354
290.317	14.376
291.231	14.409
292.051	14.460
292.765	14.533
293.383	14.627
293.923	14.740
294.412	14.867
294.876	15.003
295.351	15.141
295.883	15.271
296.560	15.378
297.553	15.429
299.186	15.363
301.938	15.087
306.077	14.544
310.910	13.856
315.025	13.286
317.746	12.966
319.361	12.849
320.343	12.847
321.002	12.905
321.492	12.995
321.884	13.103
322.216	13.223
322.505	13.352
322.764	13.489
323.004	13.632
323.231	13.780
323.452	13.932
323.676	14.086
323.907	14.243
324.154	14.399
324.425	14.555
324.730	14.707
325.082	14.854
325.495	14.992
325.989	15.116
326.584	15.222
327.300	15.306
328.153	15.362
329.141	15.389
330.237	15.392
331.387	15.380
332.520	15.367
333.569	15.368
334.491	15.393
335.272	15.446
335.924	15.528
336.471	15.633
336.940	15.757
337.354	15.895
337.732	16.044
338.089	16.201
338.435	16.363
338.781	16.528
339.138	16.693
339.518	16.856
339.942	17.013
340.433	17.157
341.025	17.279
341.762	17.369
342.693	17.414
343.871	17.401
345.348	17.318
347.208	17.151
349.633	16.876
352.987	16.435
357.612	15.779
363.117	14.979
368.154	14.270
371.730	13.820
373.941	13.609
375.311	13.545
376.247	13.557
376.968	13.606
377.577	13.673
378.119	13.753
378.614	13.840
379.073	13.934
379.502	14.033
379.909	14.138
380.306	14.245
380.704	14.355
381.116	14.464
381.558	14.570
382.049	14.670
382.608	14.762
383.252	14.840
383.996	14.903
384.842	14.949
385.780	14.979
386.783	14.996
387.807	15.007
388.805	15.020
389.735	15.042
390.574	15.079
391.317	15.133
391.977	15.201
392.580	15.282
393.161	15.368
393.763	15.454
394.438	15.530
395.249	15.586
396.267	15.610
397.558	15.588
399.146	15.514
400.979	15.396
402.909	15.255
404.749	15.125
406.356	15.029
407.690	14.978
408.801	14.967
409.786	14.981
410.753	15.002
411.802	15.015
413.015	15.005
414.437	14.964
416.058	14.891
417.801	14.796
419.541	14.697
421.151	14.614
422.550	14.560
423.721	14.540
424.696	14.550
425.525	14.584
426.263	14.633
426.954	14.690
427.637	14.751
428.335	14.810
429.070	14.865
429.851	14.913
430.682	14.954
431.558	14.988
432.465	15.017
433.386	15.042
434.302	15.068
435.195	15.096
436.054	15.129
436.874	15.168
437.659	15.212
438.420	15.261
439.176	15.312
439.952	15.361
440.786	15.403
441.739	15.431
442.915	15.430
444.474	15.379
446.635	15.249
449.589	15.014
453.286	14.678
457.261	14.298
460.828	13.966
463.548	13.739
465.409	13.624
466.628	13.592
467.438	13.615
468.006	13.671
468.433	13.746
468.778	13.834
469.071	13.929
469.330	14.029
469.566	14.134
469.784	14.243
469.988	14.355
470.180	14.470
470.362	14.588
470.536	14.709
470.702	14.832
470.862	14.958
471.016	15.087
471.165	15.218
471.309	15.352
471.450	15.488
471.589	15.627
471.724	15.768
471.859	15.912
471.992	16.058
472.125	16.206
472.261	16.356
472.401	16.508
472.550	16.660
472.716	16.813
472.913	16.964
473.171	17.107
473.545	17.236
474.141	17.331
475.149	17.365
476.864	17.287
479.601	17.044
483.374	16.630
487.573	16.140
491.319	15.717
494.213	15.430
496.407	15.259
498.191	15.156
499.754	15.087
501.156	15.041
502.395	15.015
503.455	15.012
504.335	15.032
505.052	15.075
505.640	15.135
506.135	15.210
506.575	15.294
506.994	15.383
507.424	15.471
507.899	15.556
508.450	15.633
509.109	15.696
509.905	15.741
510.860	15.765
511.981	15.765
513.249	15.744
514.624	15.707
516.055	15.660
517.500	15.611
518.956	15.562
520.467	15.509
522.131	15.441
524.068	15.344
526.369	15.204
529.014	15.022
531.820	14.818
534.493	14.625
536.775	14.475
538.558	14.382
539.887	14.344
540.882	14.346
541.680	14.375
542.398	14.416
543.135	14.459
543.973	14.493
544.984	14.510
546.224	14.503
547.731	14.468
549.501	14.403
551.481	14.315
553.570	14.213
555.648	14.110
557.614	14.018
559.414	13.943
561.043	13.887
562.541	13.846
563.971	13.814
565.409	13.785
566.933	13.749
568.619	13.701
570.520	13.635
572.655	13.548
574.984	13.443
577.407	13.329
579.787	13.216
581.988	13.117
583.916	13.041
585.535	12.992
586.863	12.967
587.941	12.965
588.821	12.981
589.553	13.010
590.176	13.049
590.722	13.095
591.212	13.147
591.663	13.203
592.088	13.262
592.496	13.323
592.892	13.386
593.282	13.449
593.670	13.514
594.059	13.579
594.452	13.644
594.851	13.709
595.256	13.774
595.668	13.838
596.089	13.903
596.518	13.967
596.955	14.030
597.400	14.094
597.852	14.157
598.314	14.220
598.786	14.282
599.272	14.343
599.779	14.402
600.317	14.460
600.898	14.514
601.543	14.562
602.274	14.602
603.122	14.632
604.120	14.647
605.302	14.645
606.693	14.622
608.304	14.578
610.119	14.512
612.094	14.431
614.160	14.339
616.245	14.245
618.286	14.156
620.243	14.075
622.100	14.004
623.854	13.943
625.512	13.892
627.078	13.849
628.554	13.815
629.940	13.789
631.234	13.771
632.434	13.761
633.541	13.759
634.556	13.765
635.481	13.778
636.321	13.799
637.080	13.828
637.763	13.863
638.375	13.904
638.922	13.951
639.409	14.005
639.843	14.063
640.230	14.126
640.575	14.193
640.884	14.264
641.162	14.339
641.413	14.417
641.643	14.498
641.855	14.582
642.054	14.668
642.242	14.755
642.425	14.845
642.606	14.935
642.791	15.026
642.986	15.117
643.203	15.208
643.455	15.296
643.765	15.379
644.168	15.455
644.716	15.517
645.490	15.559
646.599	15.568
648.176	15.532
650.343	15.437
653.129	15.279
656.381	15.071
659.758	14.847
662.871	14.646
665.464	14.493
667.485	14.395
669.019	14.345
670.192	14.331
671.115	14.341
671.870	14.368
672.509	14.406
673.065	14.452
673.560	14.505
674.007	14.563
674.421	14.624
674.810	14.688
675.188	14.754
675.565	14.821
675.956	14.888
676.378	14.952
676.850	15.013
677.397	15.068
678.045	15.114
678.824	15.148
679.764	15.167
680.886	15.169
682.196	15.153
683.677	15.120
685.281	15.074
686.934	15.021
688.553	14.969
690.061	14.927
691.407	14.898
692.571	14.887
693.556	14.892
694.385	14.912
695.085	14.945
695.688	14.988
696.222	15.039
696.718	15.094
697.205	15.150
697.720	15.206
698.309	15.257
699.040	15.296
700.005	15.316
701.333	15.305
703.180	15.250
705.693	15.136
708.933	14.959
712.786	14.728
716.954	14.471
721.102	14.219
725.039	13.991
728.778	13.788
732.442	13.601
736.120	13.420
739.777	13.244
743.261	13.081
746.377	12.941
748.986	12.835
751.045	12.765
752.601	12.728
753.744	12.720
754.576	12.732
755.185	12.761
755.637	12.800
755.984	12.848
756.260	12.900
756.488	12.957
756.684	13.016
756.858	13.077
757.017	13.140
757.166	13.204
757.308	13.270
757.445	13.336
757.578	13.403
757.708	13.471
757.837	13.539
757.965	13.608
758.093	13.678
758.220	13.749
758.350	13.820
758.481	13.891
758.615	13.963
758.752	14.035
758.895	14.108
759.045	14.181
759.205	14.253
759.377	14.326
759.566	14.397
759.778	14.468
760.023	14.537
760.313	14.603
760.667	14.665
761.112	14.721
761.690	14.768
762.459	14.800
763.500	14.813
764.915	14.797
766.822	14.745
769.317	14.648
772.413	14.504
775.980	14.324
779.736	14.127
783.333	13.941
786.491	13.785
789.088	13.670
791.140	13.596
792.740	13.555
794.002	13.539
795.024	13.541
795.884	13.555
796.641	13.577
797.338	13.604
798.009	13.634
798.679	13.664
799.369	13.693
800.095	13.721
800.868	13.745
801.698	13.766
802.585	13.782
803.526	13.795
804.511	13.805
805.528	13.812
806.555	13.818
807.572	13.824
808.557	13.832
809.494	13.842
810.368	13.857
811.170	13.877
811.898	13.901
812.551	13.931
813.136	13.966
813.658	14.005
814.125	14.048
814.546	14.095
814.929	14.146
815.280	14.198
815.609	14.253
815.919	14.310
816.218	14.368
816.510	14.427
816.802	14.487
817.098	14.546
817.406	14.606
817.733	14.664
818.090	14.721
818.491	14.775
818.956	14.826
819.511	14.870
820.194	14.905
821.056	14.928
822.162	14.934
823.587	14.916
825.405	14.870
827.659	14.792
830.328	14.683
833.297	14.550
836.360	14.409
839.285	14.275
841.887	14.164
844.073	14.081
845.846	14.028
847.268	14.001
848.425	13.993
849.404	13.999
850.284	14.013
851.140	14.030
852.042	14.045
853.066	14.054
854.296	14.052
855.825	14.032
857.742	13.988
860.110	13.916
862.927	13.816
866.087	13.694
869.385	13.560
872.563	13.432
875.393	13.323
877.744	13.242
879.589	13.191
880.983	13.168
882.011	13.167
882.763	13.184
883.316	13.213
883.730	13.251
884.048	13.296
884.300	13.345
884.508	13.397
884.687	13.452
884.847	13.509
884.995	13.566
885.136	13.625
885.276	13.684
885.418	13.743
885.565	13.803
885.721	13.863
885.891	13.922
886.078	13.981
886.289	14.039
886.532	14.095
886.814	14.149
887.148	14.201
887.548	14.248
888.029	14.291
888.613	14.328
889.319	14.358
890.171	14.378
891.187	14.387
892.379	14.385
893.749	14.371
895.278	14.345
896.926	14.312
898.638	14.273
900.347	14.233
901.987	14.196
903.506	14.167
904.870	14.147
906.065	14.138
907.095	14.140
907.976	14.151
908.728	14.171
909.373	14.199
909.932	14.232
910.422	14.270
910.857	14.312
911.251	14.358
911.611	14.405
911.945	14.455
912.260	14.507
912.558	14.560
912.844	14.614
913.123	14.669
913.395	14.725
913.666	14.781
913.937	14.838
914.211	14.895
914.492	14.952
914.783	15.009
915.088	15.065
915.411	15.120
915.758	15.174
916.134	15.226
916.545	15.276
917.000	15.324
917.508	15.367
918.082	15.407
918.738	15.440
919.496	15.467
920.388	15.485
921.454	15.490
922.752	15.480
924.354	15.449
926.347	15.392
928.810	15.302
931.783	15.179
935.214	15.023
938.929	14.848
942.658	14.671
946.115	14.511
949.096	14.382
951.525	14.289
953.433	14.231
954.907	14.201
956.049	14.193
956.951	14.202
957.685	14.222
958.306	14.249
958.854	14.282
959.357	14.318
959.838	14.356
960.313	14.395
960.796	14.434
961.302	14.472
961.843	14.508
962.434	14.541
963.091	14.570
963.829	14.595
964.670	14.613
965.631	14.625
966.728	14.628
967.972	14.621
969.366	14.605
970.900	14.581
972.548	14.548
974.269	14.510
976.014	14.471
977.728	14.432
979.363	14.398
980.881	14.370
982.260	14.350
983.493	14.340
984.583	14.338
985.543	14.344
986.386	14.358
987.130	14.378
987.790	14.403
988.377	14.433
988.904	14.466
989.380	14.504
989.810	14.544
990.201	14.587
990.559	14.632
990.885	14.679
991.184	14.729
991.460	14.780
991.713	14.833
991.948	14.888
992.167	14.944
992.373	15.001
992.569	15.059
992.759	15.118
992.946	15.178
993.137	15.238
993.338	15.298
993.560	15.357
993.816	15.415
994.129	15.469
994.532	15.519
995.072	15.560
995.825	15.588
996.892	15.597
998.411	15.577
1000.541	15.518
1003.408	15.412
1007.021	15.256
1011.181	15.064
1015.480	14.859
1019.449	14.673
1022.757	14.527
1025.302	14.429
1027.162	14.374
1028.490	14.353
1029.442	14.356
1030.141	14.376
1030.675	14.406
1031.105	14.443
1031.467	14.486
1031.787	14.531
1032.082	14.578
1032.362	14.626
1032.636	14.675
1032.911	14.725
1033.193	14.774
1033.487	14.823
1033.800	14.871
1034.141	14.918
1034.519	14.963
1034.947	15.006
1035.442	15.045
1036.024	15.078
1036.721	15.106
1037.566	15.124
1038.601	15.132
1039.871	15.125
1041.422	15.102
1043.287	15.059
1045.470	14.997
1047.935	14.918
1050.586	14.826
1053.293	14.730
1055.900	14.639
1058.279	14.560
1060.346	14.498
1062.073	14.457
1063.472	14.435
1064.585	14.429
1065.462	14.438
1066.151	14.459
1066.697	14.488
1067.134	14.524
1067.489	14.565
1067.782	14.610
1068.031	14.658
1068.245	14.709
1068.435	14.761
1068.607	14.815
1068.766	14.871
1068.918	14.927
1069.067	14.983
1069.218	15.040
1069.377	15.097
1069.551	15.154
1069.751	15.209
1069.991	15.263
1070.295	15.313
1070.695	15.359
1071.241	15.396
1072.005	15.421
1073.090	15.428
1074.627	15.409
1076.761	15.356
1079.610	15.260
1083.187	15.120
1087.315	14.947
1091.627	14.760
1095.688	14.585
1099.154	14.443
1101.901	14.342
1103.968	14.281
1105.499	14.250
1106.650	14.243
1107.560	14.250
1108.339	14.266
1109.069	14.285
1109.819	14.305
1110.645	14.321
1111.596	14.332
1112.717	14.334
1114.047	14.326
1115.608	14.306
1117.402	14.274
1119.400	14.230
1121.539	14.178
1123.727	14.123
1125.862	14.069
1127.845	14.022
1129.608	13.986
1131.114	13.962
1132.356	13.951
1133.354	13.953
1134.141	13.966
1134.753	13.988
1135.228	14.017
1135.597	14.053
1135.887	14.093
1136.118	14.136
1136.308	14.182
1136.469	14.230
1136.610	14.279
1136.740	14.329
1136.863	14.380
1136.984	14.432
1137.106	14.484
1137.233	14.535
1137.366	14.587
1137.509	14.639
1137.662	14.690
1137.830	14.741
1138.013	14.792
1138.215	14.842
1138.438	14.891
1138.685	14.939
1138.959	14.985
1139.264	15.030
1139.604	15.074
1139.983	15.115
1140.406	15.155
1140.878	15.191
1141.405	15.225
1141.993	15.255
1142.649	15.281
1143.380	15.304
1144.193	15.321
1145.098	15.333
1146.103	15.340
1147.219	15.340
1148.455	15.334
1149.821	15.320
1151.326	15.298
1152.974	15.267
1154.764	15.229
1156.684	15.184
1158.711	15.132
1160.810	15.076
1162.935	15.018
1165.034	14.962
1167.058	14.909
1168.965	14.863
1170.731	14.824
1172.345	14.794
1173.812	14.771
1175.155	14.757
1176.406	14.747
1177.605	14.741
1178.804	14.736
1180.059	14.729
1181.433	14.717
1182.991	14.697
1184.794	14.664
1186.887	14.617
1189.284	14.556
1191.949	14.480
1194.789	14.395
1197.670	14.306
1200.438	14.223
1202.960	14.150
1205.149	14.093
1206.973	14.054
1208.447	14.032
1209.614	14.025
1210.528	14.030
1211.242	14.046
1211.805	14.070
1212.255	14.099
1212.623	14.133
1212.931	14.170
1213.197	14.210
1213.432	14.251
1213.648	14.294
1213.849	14.337
1214.042	14.382
1214.229	14.427
1214.416	14.472
1214.604	14.517
1214.795	14.563
1214.992	14.608
1215.196	14.653
1215.410	14.699
1215.636	14.743
1215.876	14.788
1216.131	14.831
1216.405	14.874
1216.698	14.917
1217.015	14.958
1217.356	14.998
1217.725	15.037
1218.123	15.074
1218.552	15.110
1219.014	15.145
1219.510	15.177
1220.040	15.208
1220.606	15.237
1221.203	15.264
1221.833	15.290
1222.490	15.314
1223.173	15.336
1223.875	15.358
1224.593	15.378
1225.320	15.398
1226.052	15.418
1226.784	15.437
1227.511	15.457
1228.232	15.477
1228.944	15.498
1229.650	15.519
1230.352	15.541
1231.060	15.562
1231.787	15.582
1232.559	15.601
1233.417	15.615
1234.435	15.622
1235.734	15.616
1237.513	15.587
1240.078	15.520
1243.835	15.395
1249.185	15.194
1256.213	14.912
1264.358	14.574
1272.436	14.238
1279.294	13.959
1284.414	13.763
1287.924	13.643
1290.235	13.580
1291.755	13.555
1292.784	13.553
1293.515	13.566
1294.065	13.587
1294.504	13.614
1294.871	13.644
1295.190	13.676
1295.475	13.711
1295.735	13.746
1295.976	13.783
1296.201	13.820
1296.414	13.858
1296.617	13.897
1296.811	13.936
1296.997	13.976
1297.177	14.016
1297.353	14.057
1297.524	14.098
1297.691	14.139
1297.856	14.181
1298.018	14.223
1298.180	14.266
1298.340	14.308
1298.501	14.351
1298.662	14.394
1298.824	14.437
1298.989	14.481
1299.155	14.524
1299.326	14.568
1299.501	14.611
1299.681	14.655
1299.867	14.698
1300.061	14.742
1300.263	14.785
1300.474	14.828
1300.698	14.870
1300.932	14.912
1301.181	14.954
1301.445	14.995
1301.727	15.036
1302.027	15.076
1302.348	15.115
1302.692	15.153
1303.062	15.189
1303.461	15.225
1303.894	15.259
1304.366	15.291
1304.886	15.321
1305.467	15.348
1306.131	15.372
1306.908	15.390
1307.846	15.400
1309.020	15.400
1310.539	15.384
1312.558	15.344
1315.276	15.273
1318.913	15.160
1323.631	14.999
1329.420	14.788
1335.984	14.544
1342.772	14.291
1349.188	14.056
1354.814	13.858
1359.514	13.702
1363.357	13.585
1366.497	13.499
1369.089	13.437
1371.258	13.392
1373.092	13.362
1374.651	13.343
1375.981	13.332
1377.115	13.329
1378.083	13.333
1378.911	13.342
1379.619	13.356
1380.228	13.374
1380.755	13.396
1381.217	13.420
1381.624	13.446
1381.990	13.474
1382.322	13.503
1382.630	13.534
1382.919	13.565
1383.196	13.597
1383.464	13.630
1383.729	13.663
1383.994	13.696
1384.261	13.729
1384.535	13.762
1384.818	13.795
1385.112	13.828
1385.419	13.860
1385.743	13.892
1386.084	13.923
1386.446	13.953
1386.828	13.983
1387.235	14.012
1387.665	14.040
1388.122	14.067
1388.605	14.093
1389.115	14.118
1389.651	14.142
1390.213	14.165
1390.800	14.187
1391.410	14.208
1392.043	14.228
1392.693	14.247
1393.362	14.265
1394.042	14.283
1394.734	14.301
1395.433	14.318
1396.137	14.335
1396.843	14.352
1397.549	14.369
1398.254	14.385
1398.953	14.402
1399.649	14.420
1400.338	14.437
1401.020	14.455
1401.694	14.473
1402.360	14.492
1403.017	14.511
1403.663	14.530
1404.300	14.550
1404.923	14.571
1405.535	14.592
1406.131	14.613
1406.713	14.636
1407.278	14.659
1407.825	14.683
1408.353	14.707
1408.863	14.733
1409.352	14.760
1409.820	14.787
1410.269	14.816
1410.697	14.845
1411.106	14.876
1411.496	14.907
1411.868	14.940
1412.223	14.973
1412.564	15.007
1412.891	15.042
1413.206	15.078
1413.511	15.114
1413.810	15.150
1414.102	15.188
1414.392	15.225
1414.681	15.263
1414.974	15.300
1415.273	15.338
1415.582	15.375
1415.906	15.412
1416.250	15.448
1416.620	15.483
1417.025	15.516
1417.473	15.548
1417.977	15.577
1418.551	15.603
1419.215	15.625
1419.992	15.642
1420.912	15.652
1422.013	15.654
1423.340	15.645
1424.943	15.624
1426.879	15.587
1429.196	15.533
1431.927	15.460
1435.069	15.368
1438.573	15.259
1442.335	15.139
1446.209	15.014
1450.037	14.892
1453.684	14.778
1457.055	14.677
1460.116	14.590
1462.865	14.518
1465.340	14.458
1467.584	14.409
1469.644	14.368
1471.560	14.334
1473.367	14.305
1475.088	14.279
1476.737	14.257
1478.324	14.237
1479.849	14.220
1481.311	14.205
1482.707	14.193
1484.033	14.183
1485.285	14.177
1486.462	14.173
1487.566	14.172
1488.600	14.174
1489.569	14.179
1490.480	14.186
1491.341	14.195
1492.162	14.205
1492.951	14.217
1493.717	14.230
1494.468	14.244
1495.211	14.258
1495.952	14.272
1496.693	14.287
1497.441	14.301
1498.193	14.314
1498.951	14.328
1499.714	14.342
1500.477	14.355
1501.239	14.368
1501.993	14.382
1502.736	14.396
1503.463	14.411
1504.168	14.426
1504.849	14.443
1505.502	14.460
1506.126	14.479
1506.719	14.499
1507.282	14.520
1507.816	14.542
1508.324	14.566
1508.810	14.590
1509.278	14.616
1509.737	14.642
1510.192	14.668
1510.656	14.694
1511.140	14.720
1511.659	14.744
1512.233	14.766
1512.882	14.786
1513.637	14.802
1514.530	14.812
1515.600	14.816
1516.890	14.811
1518.443	14.795
1520.299	14.768
1522.483	14.728
1524.993	14.674
1527.795	14.609
1530.816	14.534
1533.947	14.455
1537.066	14.376
1540.054	14.302
1542.818	14.236
1545.304	14.180
1547.491	14.137
1549.389	14.104
1551.024	14.082
1552.429	14.068
1553.644	14.062
1554.699	14.063
1555.623	14.068
1556.442	14.077
1557.172	14.090
1557.831	14.106
1558.430	14.124
1558.979	14.144
1559.487	14.166
1559.959	14.189
1560.401	14.213
1560.817	14.239
1561.211	14.265
1561.586	14.292
1561.944	14.320
1562.288	14.348
1562.622	14.378
1562.944	14.407
1563.260	14.437
1563.571	14.467
1563.880	14.498
1564.193	14.528
1564.514	14.559
1564.853	14.589
1565.221	14.618
1565.633	14.645
1566.112	14.671
1566.690	14.693
1567.406	14.710
1568.317	14.720
1569.492	14.721
1571.015	14.708
1572.975	14.680
1575.446	14.633
1578.471	14.565
1582.006	14.478
1585.928	14.375
1590.004	14.265
1593.973	14.158
1597.588	14.063
1600.692	13.987
1603.223	13.930
1605.208	13.894
1606.720	13.876
1607.852	13.871
1608.693	13.878
1609.321	13.892
1609.795	13.913
1610.161	13.938
1610.453	13.965
1610.695	13.995
1610.905	14.026
1611.095	14.059
1611.275	14.091
1611.451	14.124
1611.630	14.158
1611.816	14.191
1612.014	14.223
1612.229	14.256
1612.464	14.288
1612.726	14.319
1613.021	14.349
1613.356	14.377
1613.739	14.405
1614.181	14.430
1614.695	14.453
1615.297	14.472
1616.007	14.488
1616.848	14.500
1617.851	14.505
1619.053	14.504
1620.500	14.494
1622.239	14.474
1624.321	14.443
1626.799	14.397
1629.696	14.337
1633.008	14.262
1636.690	14.174
1640.622	14.078
1644.650	13.978
1648.593	13.880
1652.281	13.791
1655.580	13.714
1658.435	13.653
1660.820	13.607
1662.768	13.576
1664.334	13.558
1665.572	13.551
1666.550	13.553
1667.316	13.562
1667.918	13.577
1668.392	13.596
1668.768	13.619
1669.067	13.645
1669.309	13.672
1669.506	13.701
1669.668	13.732
1669.804	13.764
1669.918	13.796
1670.018	13.829
1670.104	13.863
1670.181	13.897
1670.250	13.932
1670.313	13.967
1670.372	14.002
1670.427	14.038
1670.480	14.074
1670.531	14.110
1670.580	14.146
1670.629	14.183
1670.678	14.219
1670.727	14.256
1670.778	14.293
1670.830	14.330
1670.884	14.367
1670.941	14.405
1671.002	14.442
1671.069	14.479
1671.142	14.516
1671.224	14.553
1671.316	14.590
1671.421	14.627
1671.543	14.663
1671.687	14.699
1671.858	14.734
1672.064	14.767
1672.313	14.800
1672.620	14.830
1672.997	14.858
1673.465	14.883
1674.046	14.904
1674.769	14.920
1675.664	14.930
1676.766	14.932
1678.104	14.925
1679.712	14.909
1681.600	14.882
1683.757	14.845
1686.157	14.799
1688.729	14.745
1691.385	14.689
1694.028	14.632
1696.554	14.578
1698.891	14.532
1700.988	14.493
1702.828	14.464
1704.416	14.445
1705.778	14.433
1706.946	14.429
1707.959	14.430
1708.852	14.437
1709.659	14.446
1710.410	14.458
1711.130	14.471
1711.841	14.485
1712.564	14.498
1713.316	14.511
1714.111	14.522
1714.965	14.532
1715.887	14.539
1716.888	14.543
1717.971	14.545
1719.140	14.543
1720.390	14.539
1721.714	14.532
1723.098	14.522
1724.521	14.511
1725.965	14.499
1727.405	14.487
1728.816	14.476
1730.181	14.466
1731.482	14.459
1732.707	14.453
1733.853	14.451
1734.917	14.451
1735.906	14.455
1736.827	14.460
1737.689	14.468
1738.505	14.477
1739.288	14.488
1740.048	14.500
1740.798	14.512
1741.548	14.524
1742.305	14.536
1743.078	14.548
1743.870	14.558
1744.685	14.569
1745.522	14.578
1746.380	14.587
1747.254	14.595
1748.140	14.602
1749.030	14.610
1749.916	14.617
1750.792	14.625
1751.647	14.633
1752.476	14.642
1753.273	14.652
1754.032	14.664
1754.754	14.676
1755.435	14.691
1756.078	14.706
1756.685	14.723
1757.262	14.741
1757.816	14.760
1758.354	14.780
1758.885	14.800
1759.425	14.820
1759.985	14.840
1760.586	14.858
1761.249	14.874
1761.999	14.888
1762.867	14.898
1763.889	14.902
1765.103	14.900
1766.550	14.890
1768.268	14.871
1770.283	14.841
1772.602	14.801
1775.210	14.750
1778.045	14.692
1781.021	14.628
1784.034	14.562
1786.960	14.498
1789.703	14.441
1792.188	14.392
1794.375	14.353
1796.256	14.324
1797.852	14.305
1799.190	14.295
1800.309	14.292
1801.247	14.296
1802.037	14.305
1802.709	14.318
1803.288	14.334
1803.791	14.353
1804.236	14.374
1804.633	14.397
1804.994	14.421
1805.323	14.447
1805.629	14.473
1805.914	14.500
1806.183	14.528
1806.439	14.556
1806.684	14.585
1806.920	14.614
1807.148	14.643
1807.370	14.673
1807.588	14.703
1807.801	14.734
1808.012	14.764
1808.220	14.795
1808.426	14.826
1808.631	14.857
1808.835	14.888
1809.038	14.920
1809.241	14.951
1809.443	14.983
1809.646	15.014
1809.848	15.046
1810.050	15.078
1810.253	15.110
1810.456	15.142
1810.659	15.175
1810.863	15.207
1811.067	15.239
1811.272	15.272
1811.478	15.305
1811.686	15.337
1811.897	15.370
1812.112	15.403
1812.334	15.435
1812.566	15.467
1812.815	15.499
1813.086	15.530
1813.395	15.561
1813.761	15.589
1814.212	15.614
1814.793	15.635
1815.569	15.650
1816.633	15.654
1818.116	15.644
1820.185	15.614
1823.031	15.556
1826.817	15.465
1831.612	15.338
1837.275	15.179
1843.417	15.003
1849.486	14.828
1854.958	14.673
1859.510	14.549
1863.062	14.459
1865.720	14.402
1867.670	14.368
1869.096	14.354
1870.154	14.352
1870.966	14.359
1871.609	14.373
1872.139	14.390
1872.594	14.410
1872.994	14.432
1873.356	14.455
1873.689	14.480
1873.999	14.505
1874.288	14.531
1874.563	14.557
1874.821	14.585
1875.067	14.612
1875.300	14.641
1875.523	14.669
1875.736	14.698
1875.940	14.728
1876.136	14.758
1876.326	14.788
1876.510	14.818
1876.690	14.849
1876.867	14.880
1877.042	14.911
1877.217	14.943
1877.393	14.974
1877.571	15.005
1877.754	15.037
1877.943	15.068
1878.139	15.099
1878.345	15.130
1878.563	15.161
1878.795	15.191
1879.043	15.221
1879.310	15.250
1879.597	15.279
1879.908	15.307
1880.245	15.334
1880.610	15.360
1881.005	15.385
1881.432	15.409
1881.893	15.432
1882.388	15.454
1882.917	15.475
1883.480	15.494
1884.075	15.512
1884.699	15.529
1885.349	15.545
1886.021	15.561
1886.708	15.575
1887.407	15.590
1888.109	15.604
1888.809	15.618
1889.499	15.632
1890.177	15.647
1890.839	15.662
1891.480	15.678
1892.099	15.695
1892.699	15.713
1893.286	15.731
1893.862	15.750
1894.443	15.769
1895.047	15.787
1895.698	15.804
1896.437	15.818
1897.314	15.827
1898.405	15.830
1899.810	15.821
1901.659	15.798
1904.100	15.754
1907.278	15.685
1911.290	15.586
1916.105	15.460
1921.516	15.311
1927.148	15.155
1932.547	15.005
1937.346	14.875
1941.335	14.773
1944.483	14.700
1946.893	14.651
1948.716	14.624
1950.100	14.611
1951.179	14.609
1952.055	14.615
1952.806	14.625
1953.489	14.637
1954.149	14.651
1954.820	14.665
1955.532	14.678
1956.312	14.688
1957.184	14.697
1958.172	14.701
1959.300	14.702
1960.584	14.697
1962.041	14.688
1963.673	14.673
1965.478	14.652
1967.433	14.626
1969.507	14.597
1971.651	14.565
1973.808	14.532
1975.919	14.501
1977.929	14.472
1979.793	14.447
1981.481	14.428
1982.975	14.414
1984.272	14.406
1985.379	14.404
1986.314	14.408
1987.097	14.416
1987.744	14.428
1988.278	14.445
1988.719	14.464
1989.083	14.485
1989.382	14.509
1989.630	14.535
1989.838	14.562
1990.012	14.590
1990.159	14.619
1990.287	14.649
1990.396	14.679
1990.492	14.710
1990.577	14.742
1990.652	14.774
1990.722	14.806
1990.784	14.839
1990.843	14.872
1990.896	14.905
1990.947	14.938
1990.995	14.972
1991.040	15.006
1991.083	15.040
1991.125	15.074
1991.164	15.109
1991.203	15.143
1991.240	15.178
1991.276	15.213
1991.311	15.248
1991.345	15.284
1991.379	15.319
1991.411	15.355
1991.443	15.391
1991.474	15.427
1991.505	15.463
1991.535	15.499
1991.565	15.536
1991.594	15.572
1991.623	15.609
1991.651	15.646
1991.679	15.683
1991.707	15.721
1991.734	15.758
1991.761	15.796
1991.787	15.833
1991.814	15.871
1991.840	15.910
1991.866	15.948
1991.891	15.986
1991.917	16.025
1991.942	16.064
1991.967	16.103
1991.991	16.142
1992.016	16.181
1992.040	16.221
1992.065	16.260
1992.089	16.300
1992.112	16.340
1992.136	16.380
1992.160	16.421
1992.183	16.461
1992.206	16.502
1992.230	16.542
1992.253	16.584
1992.276	16.625
1992.299	16.666
1992.321	16.708
1992.344	16.749
1992.367	16.791
1992.389	16.833
1992.411	16.876
1992.434	16.918
1992.456	16.961
1992.478	17.003
1992.500	17.046
1992.522	17.090
1992.544	17.133
1992.566	17.176
1992.587	17.220
1992.609	17.264
1992.630	17.308
1992.652	17.352
1992.673	17.397
1992.694	17.442
1992.715	17.487
1992.736	17.532
1992.758	17.577
1992.779	17.622
1992.799	17.668
1992.820	17.714
1992.841	17.760
1992.862	17.806
1992.882	17.853
1992.903	17.899
1992.923	17.946
1992.944	17.993
1992.964	18.040
1992.984	18.088
1993.005	18.136
1993.025	18.183
1993.045	18.232
1993.065	18.280
1993.085	18.328
1993.105	18.377
1993.124	18.426
1993.144	18.475
1993.164	18.525
1993.183	18.574
1993.203	18.624
1993.222	18.674
1993.242	18.724
1993.261	18.775
1993.280	18.825
1993.300	18.876
1993.319	18.927
1993.338	18.979
1993.357	19.030
1993.376	19.082
1993.395	19.134
1993.414	19.187
1993.432	19.239
1993.451	19.292
1993.470	19.345
1993.488	19.398
1993.507	19.452
1993.525	19.505
1993.543	19.559
1993.562	19.613
1993.580	19.668
1993.598	19.722
1993.616	19.777
1993.634	19.832
1993.652	19.888
1993.670	19.944
1993.687	19.999
1993.705	20.056
1993.723	20.112
1993.740	20.169
1993.758	20.226
1993.775	20.283
1993.792	20.340
1993.809	20.398
1993.826	20.456
1993.844	20.514
1993.860	20.572
1993.877	20.631
1993.894	20.690
1993.911	20.749
1993.927	20.809
1993.943	20.869
1993.960	20.929
1993.976	20.989
1993.992	21.050
1994.008	21.111
1994.024	21.172
1994.040	21.233
1994.055	21.295
1994.071	21.357
1994.086	21.419
1994.102	21.482
1994.117	21.545
1994.132	21.608
1994.147	21.671
1994.161	21.735
1994.176	21.799
1994.191	21.863
1994.205	21.928
1994.219	21.993
1994.233	22.058
1994.247	22.124
1994.261	22.190
1994.275	22.256
1994.289	22.322
1994.302	22.389
1994.315	22.456
1994.328	22.523
1994.341	22.591
1994.354	22.659
1994.367	22.727
1994.379	22.796
1994.392	22.865
1994.404	22.934
1994.416	23.004
1994.428	23.073
1994.439	23.144
1994.451	23.214
1994.463	23.285
1994.474	23.356
1994.485	23.428
1994.496	23.500
1994.507	23.572
1994.517	23.644
1994.528	23.717
1994.538	23.790
1994.548	23.864
1994.558	23.938
1994.568	24.012
1994.578	24.087
