<j>	<F>
1.272	18.900
2.354	17.734
3.141	21.603
4.336	20.175
6.492	12.288
7.913	9.922
8.983	10.372
9.995	10.931
11.199	11.166
12.413	10.912
13.431	11.094
14.319	11.813
15.279	12.357
16.160	12.901
16.883	13.940
17.551	15.479
18.575	16.493
20.731	14.095
22.616	11.859
23.802	11.591
24.678	11.861
25.339	12.586
25.975	13.558
26.819	14.316
28.075	14.316
29.747	13.463
31.356	12.569
32.587	12.299
33.602	12.400
34.504	12.659
35.321	13.048
36.119	13.515
37.014	13.908
38.101	14.031
39.311	13.910
40.536	13.783
41.920	13.569
43.638	13.026
45.504	12.287
47.070	11.781
48.209	11.693
49.148	11.846
50.083	12.039
51.059	12.191
52.029	12.324
52.927	12.498
53.723	12.755
54.426	13.106
55.086	13.529
55.785	13.958
56.626	14.288
57.678	14.405
58.877	14.327
60.034	14.238
61.039	14.285
61.906	14.473
62.671	14.771
63.399	15.146
64.295	15.456
65.886	15.264
68.674	14.053
71.481	12.649
73.034	12.147
73.796	12.267
74.278	12.628
74.682	13.084
75.085	13.577
75.530	14.076
76.061	14.544
76.729	14.930
77.592	15.173
78.675	15.226
79.884	15.134
81.006	15.062
81.891	15.166
82.576	15.460
83.227	15.841
84.129	16.099
85.706	15.880
88.032	15.016
90.097	14.202
91.297	14.002
92.034	14.185
92.677	14.477
93.370	14.761
94.199	14.977
95.312	15.045
96.982	14.809
99.369	14.155
101.953	13.340
103.922	12.816
105.170	12.673
105.981	12.766
106.562	12.984
107.010	13.281
107.376	13.635
107.696	14.035
108.007	14.465
108.367	14.902
108.901	15.286
109.923	15.459
111.994	15.107
115.205	14.106
118.133	13.143
119.861	12.757
120.877	12.747
121.661	12.867
122.381	13.023
123.072	13.194
123.737	13.378
124.373	13.576
124.982	13.790
125.569	14.018
126.142	14.259
126.715	14.509
127.326	14.753
128.050	14.961
129.017	15.072
130.386	15.003
132.193	14.716
134.159	14.319
135.855	14.015
137.122	13.899
138.080	13.932
138.903	14.040
139.734	14.163
140.714	14.246
142.018	14.220
143.812	14.017
146.035	13.637
148.262	13.222
150.031	12.948
151.250	12.867
152.092	12.927
152.741	13.065
153.301	13.242
153.817	13.439
154.297	13.652
154.737	13.884
155.131	14.138
155.478	14.417
155.781	14.724
156.050	15.056
156.301	15.411
156.555	15.781
156.855	16.152
157.291	16.486
158.084	16.694
159.709	16.570
162.681	15.868
166.324	14.819
168.979	14.118
170.395	13.919
171.215	13.980
171.867	14.125
172.535	14.279
173.293	14.408
174.164	14.499
175.135	14.552
176.159	14.580
177.185	14.603
178.183	14.635
179.162	14.675
180.157	14.714
181.200	14.737
182.281	14.744
183.343	14.749
184.303	14.781
185.100	14.863
185.720	15.008
186.191	15.212
186.558	15.464
186.865	15.748
187.147	16.054
187.431	16.371
187.739	16.690
188.093	17.001
188.533	17.288
189.167	17.513
190.307	17.564
192.670	17.176
196.881	16.100
201.494	14.829
204.466	14.121
206.053	13.912
207.087	13.908
207.947	13.966
208.738	14.047
209.469	14.144
210.130	14.260
210.718	14.398
211.244	14.557
211.737	14.731
212.242	14.910
212.818	15.076
213.547	15.205
214.545	15.264
215.967	15.208
217.965	14.992
220.547	14.614
223.398	14.154
225.992	13.751
227.991	13.496
229.398	13.391
230.384	13.396
231.118	13.469
231.715	13.580
232.244	13.712
232.745	13.854
233.245	14.001
233.764	14.146
234.319	14.286
234.925	14.416
235.593	14.531
236.330	14.630
237.135	14.711
238.008	14.775
238.962	14.820
240.047	14.837
241.387	14.801
243.189	14.667
245.654	14.387
248.696	13.969
251.758	13.527
254.192	13.207
255.804	13.062
256.787	13.057
257.406	13.137
257.847	13.262
258.217	13.409
258.570	13.564
258.941	13.720
259.346	13.872
259.797	14.017
260.297	14.154
260.842	14.281
261.420	14.401
262.016	14.518
262.612	14.634
263.196	14.753
263.771	14.877
264.364	15.001
265.036	15.113
265.901	15.189
267.138	15.187
268.963	15.058
271.487	14.771
274.482	14.368
277.405	13.970
279.833	13.677
281.742	13.502
283.344	13.403
284.865	13.332
286.468	13.257
288.240	13.157
290.189	13.028
292.239	12.880
294.259	12.733
296.122	12.609
297.760	12.521
299.173	12.469
300.405	12.447
301.514	12.447
302.551	12.460
303.551	12.480
304.533	12.503
305.503	12.528
306.460	12.554
307.398	12.583
308.307	12.615
309.180	12.652
310.008	12.696
310.785	12.746
311.506	12.806
312.169	12.874
312.771	12.952
313.312	13.039
313.794	13.137
314.219	13.246
314.593	13.364
314.921	13.492
315.209	13.629
315.465	13.775
315.698	13.927
315.915	14.086
316.129	14.249
316.353	14.414
316.608	14.578
316.925	14.735
317.358	14.875
317.995	14.983
318.975	15.032
320.482	14.986
322.662	14.814
325.449	14.521
328.426	14.180
331.057	13.891
333.066	13.710
334.520	13.632
335.629	13.621
336.594	13.642
337.568	13.668
338.665	13.680
339.966	13.664
341.513	13.610
343.290	13.520
345.207	13.404
347.123	13.283
348.895	13.180
350.429	13.110
351.698	13.077
352.723	13.081
353.549	13.114
354.220	13.171
354.774	13.247
355.242	13.337
355.648	13.438
356.012	13.548
356.348	13.663
356.670	13.783
356.990	13.906
357.318	14.029
357.664	14.152
358.038	14.272
358.447	14.388
358.898	14.499
359.396	14.603
359.943	14.700
360.536	14.790
361.172	14.872
361.842	14.948
362.539	15.019
363.253	15.087
363.980	15.153
364.720	15.217
365.476	15.278
366.255	15.336
367.061	15.389
367.899	15.436
368.772	15.477
369.675	15.512
370.602	15.542
371.547	15.569
372.501	15.593
373.458	15.616
374.410	15.640
375.352	15.665
376.280	15.693
377.200	15.723
378.132	15.752
379.126	15.774
380.281	15.772
381.767	15.720
383.809	15.580
386.579	15.320
389.942	14.958
393.335	14.578
396.109	14.287
398.008	14.133
399.165	14.097
399.835	14.143
400.226	14.237
400.467	14.359
400.629	14.496
400.749	14.644
400.848	14.798
400.935	14.957
401.016	15.120
401.093	15.287
401.169	15.458
401.245	15.632
401.323	15.808
401.405	15.988
401.498	16.169
401.612	16.351
401.771	16.529
402.030	16.695
402.526	16.826
403.576	16.871
405.846	16.721
410.252	16.218
416.707	15.364
422.925	14.524
426.960	14.025
429.089	13.834
430.237	13.804
430.978	13.841
431.566	13.904
432.110	13.977
432.666	14.051
433.280	14.119
433.995	14.177
434.862	14.216
435.935	14.230
437.257	14.213
438.841	14.161
440.645	14.078
442.565	13.977
444.463	13.875
446.214	13.788
447.749	13.728
449.062	13.696
450.187	13.688
451.174	13.699
452.070	13.723
452.907	13.754
453.706	13.790
454.477	13.831
455.227	13.874
455.959	13.919
456.681	13.967
457.408	14.015
458.158	14.060
458.962	14.101
459.856	14.132
460.878	14.149
462.066	14.146
463.444	14.120
465.008	14.071
466.718	14.003
468.494	13.924
470.242	13.847
471.874	13.781
473.335	13.734
474.608	13.709
475.706	13.705
476.657	13.718
477.495	13.746
478.252	13.784
478.955	13.829
479.625	13.879
480.281	13.932
480.936	13.985
481.603	14.038
482.290	14.088
483.003	14.136
483.746	14.180
484.518	14.221
485.316	14.259
486.132	14.294
486.952	14.328
487.765	14.363
488.555	14.400
489.309	14.441
490.019	14.487
490.683	14.539
491.302	14.597
491.890	14.660
492.467	14.725
493.065	14.790
493.732	14.848
494.533	14.893
495.555	14.912
496.899	14.895
498.647	14.828
500.811	14.710
503.269	14.551
505.766	14.381
508.017	14.236
509.837	14.138
511.189	14.094
512.141	14.099
512.800	14.140
513.261	14.207
513.600	14.291
513.866	14.385
514.094	14.486
514.308	14.590
514.524	14.696
514.759	14.802
515.027	14.905
515.346	15.004
515.740	15.095
516.242	15.174
516.898	15.237
517.766	15.274
518.921	15.278
520.440	15.237
522.370	15.147
524.684	15.007
527.240	14.835
529.805	14.658
532.137	14.506
534.083	14.396
535.604	14.335
536.751	14.319
537.604	14.338
538.246	14.383
538.744	14.445
539.151	14.521
539.509	14.603
539.850	14.689
540.207	14.776
540.611	14.859
541.102	14.934
541.726	14.995
542.544	15.035
543.623	15.047
545.029	15.023
546.797	14.956
548.903	14.849
551.237	14.714
553.627	14.569
555.900	14.436
557.941	14.327
559.724	14.248
561.284	14.195
562.682	14.161
563.982	14.139
565.229	14.123
566.453	14.111
567.668	14.100
568.876	14.090
570.072	14.081
571.250	14.073
572.405	14.068
573.540	14.064
574.663	14.063
575.790	14.062
576.938	14.059
578.128	14.052
579.375	14.041
580.688	14.023
582.063	13.999
583.486	13.970
584.929	13.939
586.359	13.908
587.743	13.880
589.050	13.859
590.263	13.847
591.372	13.844
592.379	13.850
593.293	13.866
594.128	13.890
594.901	13.920
595.632	13.954
596.342	13.992
597.055	14.030
597.798	14.066
598.597	14.097
599.483	14.122
600.482	14.136
601.612	14.138
602.879	14.127
604.265	14.104
605.731	14.072
607.215	14.036
608.649	14.004
609.970	13.980
611.136	13.970
612.129	13.975
612.955	13.996
613.632	14.032
614.187	14.080
614.647	14.138
615.037	14.203
615.379	14.274
615.691	14.349
615.988	14.427
616.285	14.506
616.593	14.584
616.925	14.661
617.296	14.736
617.720	14.806
618.216	14.869
618.807	14.925
619.515	14.968
620.368	14.998
621.388	15.011
622.589	15.005
623.970	14.981
625.507	14.939
627.149	14.886
628.831	14.827
630.478	14.770
632.032	14.721
633.454	14.685
634.734	14.663
635.882	14.654
636.924	14.657
637.891	14.668
638.820	14.684
639.746	14.701
640.699	14.716
641.702	14.727
642.769	14.732
643.901	14.730
645.081	14.723
646.281	14.713
647.460	14.704
648.578	14.699
649.600	14.703
650.504	14.718
651.282	14.745
651.940	14.783
652.491	14.833
652.956	14.892
653.358	14.958
653.719	15.029
654.069	15.103
654.440	15.177
654.876	15.245
655.444	15.304
656.240	15.342
657.407	15.348
659.130	15.302
661.591	15.188
664.848	14.997
668.685	14.748
672.597	14.486
676.038	14.263
678.711	14.108
680.630	14.022
681.981	13.990
682.973	13.993
683.773	14.015
684.499	14.046
685.229	14.078
686.012	14.107
686.877	14.130
687.839	14.144
688.893	14.151
690.023	14.151
691.198	14.146
692.379	14.139
693.529	14.134
694.615	14.134
695.616	14.140
696.524	14.154
697.348	14.176
698.103	14.203
698.812	14.235
699.503	14.270
700.204	14.304
700.945	14.336
701.752	14.363
702.648	14.383
703.648	14.395
704.758	14.397
705.970	14.390
707.262	14.376
708.597	14.357
709.929	14.338
711.211	14.321
712.403	14.311
713.477	14.310
714.419	14.320
715.227	14.341
715.911	14.372
716.485	14.413
716.964	14.463
717.366	14.520
717.705	14.583
717.994	14.651
718.244	14.723
718.464	14.799
718.662	14.877
718.846	14.958
719.020	15.040
719.191	15.123
719.365	15.207
719.547	15.291
719.746	15.375
719.969	15.457
720.227	15.537
720.534	15.614
720.905	15.685
721.362	15.749
721.925	15.803
722.619	15.845
723.466	15.872
724.479	15.883
725.654	15.878
726.967	15.858
728.368	15.828
729.792	15.793
731.169	15.762
732.444	15.740
733.591	15.730
734.612	15.733
735.535	15.746
736.414	15.765
737.321	15.783
738.343	15.793
739.584	15.785
741.151	15.749
743.130	15.675
745.539	15.562
748.281	15.416
751.143	15.257
753.860	15.107
756.224	14.987
758.143	14.906
759.638	14.863
760.785	14.851
761.674	14.862
762.382	14.891
762.969	14.931
763.475	14.978
763.929	15.031
764.354	15.087
764.770	15.145
765.204	15.203
765.691	15.257
766.289	15.303
767.086	15.335
768.220	15.342
769.881	15.308
772.290	15.216
775.598	15.051
779.718	14.820
784.206	14.554
788.411	14.305
791.825	14.115
794.300	13.997
795.970	13.941
797.067	13.932
797.798	13.952
798.313	13.990
798.708	14.039
799.041	14.093
799.347	14.150
799.645	14.208
799.947	14.267
800.262	14.325
800.595	14.383
800.947	14.439
801.323	14.494
801.724	14.547
802.150	14.599
802.603	14.649
803.080	14.698
803.582	14.744
804.105	14.789
804.648	14.833
805.206	14.875
805.775	14.917
806.353	14.958
806.935	14.999
807.518	15.039
808.103	15.080
808.689	15.121
809.278	15.162
809.873	15.202
810.482	15.242
811.110	15.280
811.766	15.317
812.458	15.350
813.192	15.381
813.973	15.407
814.802	15.430
815.675	15.448
816.582	15.464
817.507	15.477
818.432	15.490
819.336	15.505
820.201	15.522
821.014	15.543
821.765	15.570
822.453	15.601
823.084	15.638
823.672	15.680
824.237	15.724
824.805	15.768
825.416	15.810
826.125	15.845
827.007	15.868
828.171	15.869
829.760	15.837
831.946	15.759
834.873	15.622
838.571	15.424
842.842	15.180
847.263	14.924
851.366	14.690
854.846	14.505
857.637	14.373
859.833	14.287
861.585	14.235
863.026	14.207
864.255	14.195
865.339	14.194
866.319	14.201
867.222	14.213
868.064	14.229
868.854	14.249
869.600	14.272
870.307	14.298
870.977	14.327
871.614	14.358
872.221	14.391
872.799	14.426
873.351	14.463
873.881	14.502
874.392	14.543
874.888	14.584
875.375	14.627
875.859	14.670
876.348	14.713
876.849	14.756
877.375	14.798
877.936	14.837
878.548	14.873
879.226	14.905
879.990	14.931
880.857	14.949
881.846	14.960
882.971	14.960
884.236	14.951
885.638	14.931
887.153	14.903
888.748	14.869
890.375	14.831
891.982	14.794
893.523	14.761
894.968	14.734
896.300	14.715
897.524	14.704
898.659	14.700
899.735	14.701
900.790	14.704
901.861	14.706
902.985	14.706
904.194	14.700
905.506	14.688
906.929	14.668
908.446	14.641
910.023	14.609
911.617	14.576
913.170	14.544
914.638	14.518
915.987	14.499
917.207	14.488
918.307	14.486
919.315	14.491
920.274	14.500
921.240	14.509
922.277	14.516
923.457	14.514
924.853	14.500
926.529	14.469
928.523	14.418
930.829	14.347
933.373	14.260
936.028	14.165
938.629	14.071
941.027	13.989
943.125	13.924
944.890	13.879
946.342	13.854
947.534	13.845
948.531	13.848
949.393	13.861
950.171	13.879
950.909	13.900
951.637	13.923
952.377	13.945
953.144	13.966
953.948	13.985
954.792	14.001
955.677	14.015
956.597	14.027
957.549	14.037
958.523	14.045
959.513	14.052
960.512	14.059
961.516	14.065
962.521	14.071
963.529	14.077
964.542	14.083
965.563	14.088
966.595	14.093
967.643	14.097
968.707	14.100
969.787	14.102
970.880	14.103
971.980	14.103
973.081	14.104
974.174	14.104
975.252	14.106
976.310	14.108
977.345	14.112
978.358	14.117
979.350	14.124
980.325	14.131
981.291	14.139
982.253	14.148
983.215	14.156
984.180	14.165
985.149	14.173
986.118	14.181
987.081	14.189
988.031	14.198
988.956	14.208
989.846	14.220
990.690	14.234
991.481	14.251
992.212	14.272
992.880	14.297
993.483	14.325
994.023	14.358
994.503	14.394
994.929	14.433
995.303	14.476
995.634	14.522
995.926	14.571
996.185	14.622
996.414	14.675
996.620	14.730
996.806	14.787
996.976	14.845
997.132	14.904
997.278	14.965
997.416	15.027
997.547	15.089
997.675	15.152
997.802	15.216
997.929	15.280
998.059	15.345
998.195	15.409
998.340	15.474
998.499	15.538
998.680	15.601
998.892	15.663
999.148	15.722
999.471	15.778
999.891	15.827
1000.456	15.867
1001.236	15.894
1002.330	15.900
1003.865	15.878
1005.990	15.816
1008.821	15.708
1012.366	15.551
1016.438	15.357
1020.659	15.151
1024.585	14.962
1027.897	14.812
1030.481	14.709
1032.399	14.649
1033.785	14.623
1034.784	14.623
1035.511	14.641
1036.052	14.671
1036.467	14.710
1036.793	14.755
1037.058	14.805
1037.277	14.857
1037.464	14.912
1037.626	14.969
1037.770	15.028
1037.901	15.088
1038.021	15.149
1038.133	15.211
1038.240	15.274
1038.345	15.337
1038.448	15.401
1038.552	15.466
1038.660	15.531
1038.772	15.596
1038.892	15.661
1039.023	15.725
1039.168	15.790
1039.332	15.853
1039.520	15.915
1039.740	15.976
1040.002	16.034
1040.317	16.089
1040.701	16.140
1041.177	16.185
1041.773	16.222
1042.527	16.248
1043.495	16.261
1044.746	16.254
1046.373	16.223
1048.487	16.159
1051.199	16.056
1054.579	15.910
1058.594	15.722
1063.062	15.506
1067.658	15.283
1072.035	15.074
1075.928	14.897
1079.239	14.757
1081.997	14.653
1084.303	14.578
1086.274	14.524
1088.008	14.486
1089.581	14.457
1091.041	14.436
1092.423	14.420
1093.742	14.407
1095.010	14.397
1096.231	14.390
1097.407	14.385
1098.543	14.383
1099.638	14.382
1100.699	14.384
1101.728	14.388
1102.733	14.392
1103.721	14.398
1104.703	14.405
1105.692	14.411
1106.707	14.417
1107.771	14.420
1108.916	14.419
1110.182	14.413
1111.618	14.398
1113.279	14.373
1115.215	14.334
1117.467	14.279
1120.035	14.208
1122.875	14.123
1125.875	14.029
1128.885	13.933
1131.738	13.844
1134.295	13.769
1136.475	13.712
1138.254	13.674
1139.656	13.655
1140.734	13.652
1141.549	13.663
1142.157	13.684
1142.611	13.713
1142.951	13.748
1143.207	13.788
1143.403	13.831
1143.556	13.877
1143.679	13.924
1143.782	13.973
1143.870	14.024
1143.950	14.074
1144.025	14.126
1144.100	14.178
1144.177	14.230
1144.260	14.282
1144.354	14.335
1144.462	14.386
1144.590	14.438
1144.747	14.488
1144.942	14.536
1145.190	14.583
1145.506	14.626
1145.914	14.665
1146.443	14.698
1147.128	14.723
1148.009	14.738
1149.129	14.741
1150.528	14.730
1152.231	14.702
1154.234	14.658
1156.496	14.600
1158.932	14.532
1161.425	14.460
1163.853	14.390
1166.110	14.328
1168.133	14.277
1169.905	14.240
1171.445	14.215
1172.800	14.200
1174.028	14.193
1175.187	14.190
1176.333	14.188
1177.511	14.185
1178.759	14.180
1180.103	14.170
1181.551	14.155
1183.098	14.135
1184.725	14.111
1186.395	14.084
1188.066	14.057
1189.691	14.031
1191.229	14.009
1192.647	13.993
1193.925	13.982
1195.058	13.979
1196.051	13.983
1196.915	13.992
1197.670	14.007
1198.335	14.027
1198.934	14.050
1199.487	14.076
1200.015	14.104
1200.539	14.131
1201.079	14.159
1201.656	14.185
1202.292	14.209
1203.009	14.229
1203.832	14.245
1204.779	14.254
1205.877	14.257
1207.139	14.252
1208.579	14.239
1210.191	14.217
1211.967	14.188
1213.876	14.151
1215.881	14.110
1217.937	14.066
1219.997	14.022
1222.022	13.979
1223.983	13.939
1225.862	13.903
1227.655	13.871
1229.359	13.843
1230.980	13.819
1232.522	13.799
1233.989	13.782
1235.379	13.769
1236.694	13.759
1237.927	13.752
1239.077	13.750
1240.141	13.751
1241.121	13.755
1242.015	13.764
1242.830	13.776
1243.569	13.791
1244.242	13.810
1244.854	13.831
1245.414	13.855
1245.931	13.880
1246.413	13.908
1246.868	13.937
1247.304	13.967
1247.731	13.998
1248.158	14.029
1248.597	14.059
1249.062	14.089
1249.568	14.118
1250.139	14.143
1250.801	14.165
1251.589	14.182
1252.545	14.192
1253.719	14.193
1255.164	14.181
1256.929	14.156
1259.047	14.116
1261.519	14.059
1264.299	13.988
1267.292	13.908
1270.352	13.823
1273.333	13.741
1276.097	13.667
1278.556	13.607
1280.680	13.560
1282.475	13.528
1283.986	13.509
1285.262	13.499
1286.359	13.498
1287.321	13.503
1288.188	13.512
1288.989	13.524
1289.743	13.539
1290.464	13.555
1291.159	13.572
1291.832	13.590
1292.485	13.608
1293.117	13.628
1293.725	13.649
1294.308	13.671
1294.864	13.693
1295.389	13.718
1295.884	13.743
1296.348	13.770
1296.781	13.798
1297.182	13.828
1297.555	13.859
1297.899	13.891
1298.217	13.925
1298.510	13.960
1298.782	13.996
1299.034	14.033
1299.269	14.071
1299.488	14.110
1299.694	14.149
1299.888	14.189
1300.072	14.230
1300.248	14.272
1300.418	14.314
1300.582	14.357
1300.742	14.400
1300.900	14.443
1301.055	14.487
1301.210	14.531
1301.364	14.575
1301.520	14.619
1301.678	14.664
1301.838	14.708
1302.001	14.753
1302.170	14.798
1302.343	14.843
1302.523	14.887
1302.710	14.932
1302.906	14.976
1303.112	15.020
1303.328	15.064
1303.557	15.107
1303.799	15.150
1304.057	15.192
1304.332	15.234
1304.626	15.275
1304.940	15.315
1305.277	15.354
1305.638	15.392
1306.023	15.429
1306.436	15.464
1306.876	15.499
1307.345	15.531
1307.842	15.563
1308.367	15.593
1308.920	15.621
1309.499	15.649
1310.104	15.675
1310.731	15.699
1311.383	15.723
1312.058	15.745
1312.760	15.766
1313.495	15.785
1314.271	15.802
1315.104	15.817
1316.015	15.827
1317.034	15.832
1318.196	15.830
1319.548	15.819
1321.132	15.795
1322.990	15.758
1325.139	15.705
1327.566	15.638
1330.208	15.558
1332.956	15.473
1335.676	15.388
1338.230	15.311
1340.514	15.247
1342.473	15.199
1344.097	15.168
1345.412	15.152
1346.464	15.151
1347.305	15.160
1347.985	15.178
1348.549	15.203
1349.036	15.231
1349.479	15.263
1349.911	15.295
1350.364	15.328
1350.875	15.357
1351.492	15.383
1352.271	15.401
1353.292	15.408
1354.646	15.401
1356.441	15.372
1358.779	15.319
1361.712	15.237
1365.215	15.127
1369.114	14.998
1373.137	14.861
1376.955	14.732
1380.312	14.623
1383.062	14.542
1385.200	14.488
1386.795	14.460
1387.956	14.453
1388.791	14.460
1389.391	14.479
1389.826	14.506
1390.147	14.539
1390.389	14.576
1390.578	14.615
1390.729	14.657
1390.855	14.700
1390.963	14.744
1391.058	14.789
1391.147	14.834
1391.230	14.880
1391.313	14.926
1391.397	14.973
1391.486	15.020
1391.584	15.066
1391.698	15.112
1391.834	15.158
1392.003	15.202
1392.221	15.244
1392.509	15.284
1392.895	15.319
1393.422	15.348
1394.146	15.369
1395.137	15.378
1396.491	15.371
1398.299	15.343
1400.660	15.290
1403.620	15.210
1407.156	15.103
1411.133	14.975
1415.325	14.837
1419.476	14.700
1423.371	14.575
1426.902	14.467
1430.059	14.377
1432.902	14.301
1435.513	14.238
1437.969	14.182
1440.317	14.131
1442.575	14.084
1444.735	14.041
1446.774	14.003
1448.662	13.971
1450.375	13.946
1451.897	13.927
1453.225	13.917
1454.366	13.913
1455.335	13.917
1456.150	13.926
1456.834	13.941
1457.405	13.960
1457.886	13.984
1458.290	14.010
1458.634	14.039
1458.929	14.070
1459.186	14.103
1459.411	14.137
1459.613	14.173
1459.795	14.209
1459.963	14.246
1460.120	14.284
1460.270	14.322
1460.416	14.361
1460.560	14.400
1460.707	14.439
1460.858	14.478
1461.020	14.517
1461.195	14.556
1461.392	14.594
1461.617	14.631
1461.882	14.667
1462.200	14.701
1462.589	14.732
1463.073	14.759
1463.683	14.782
1464.457	14.798
1465.443	14.806
1466.698	14.803
1468.281	14.787
1470.251	14.755
1472.645	14.706
1475.465	14.639
1478.659	14.557
1482.113	14.463
1485.665	14.365
1489.137	14.269
1492.372	14.183
1495.267	14.109
1497.780	14.051
1499.920	14.008
1501.730	13.978
1503.270	13.959
1504.602	13.949
1505.782	13.945
1506.863	13.945
1507.887	13.948
1508.892	13.952
1509.908	13.955
1510.962	13.958
1512.077	13.959
1513.266	13.957
1514.540	13.952
1515.901	13.944
1517.344	13.933
1518.853	13.919
1520.406	13.903
1521.975	13.886
1523.530	13.870
1525.034	13.855
1526.465	13.842
1527.796	13.833
1529.014	13.828
1530.112	13.827
1531.088	13.831
1531.951	13.838
1532.707	13.850
1533.370	13.865
1533.951	13.883
1534.464	13.904
1534.921	13.927
1535.332	13.952
1535.707	13.979
1536.054	14.006
1536.380	14.035
1536.690	14.064
1536.990	14.094
1537.282	14.125
1537.569	14.155
1537.854	14.186
1538.138	14.217
1538.421	14.248
1538.705	14.279
1538.990	14.310
1539.274	14.342
1539.559	14.373
1539.844	14.405
1540.127	14.437
1540.410	14.469
1540.688	14.501
1540.964	14.533
1541.235	14.566
1541.502	14.599
1541.762	14.632
1542.017	14.665
1542.264	14.699
1542.504	14.734
1542.737	14.769
1542.961	14.804
1543.178	14.840
1543.387	14.876
1543.588	14.913
1543.783	14.950
1543.970	14.988
1544.152	15.026
1544.328	15.064
1544.500	15.103
1544.670	15.142
1544.838	15.181
1545.007	15.221
1545.178	15.260
1545.355	15.300
1545.540	15.339
1545.739	15.378
1545.954	15.417
1546.194	15.454
1546.466	15.491
1546.779	15.526
1547.146	15.559
1547.582	15.589
1548.106	15.615
1548.742	15.637
1549.518	15.653
1550.469	15.661
1551.631	15.660
1553.045	15.649
1554.747	15.625
1556.765	15.587
1559.108	15.535
1561.754	15.470
1564.649	15.393
1567.702	15.310
1570.804	15.224
1573.841	15.141
1576.710	15.065
1579.338	14.998
1581.688	14.944
1583.749	14.901
1585.535	14.870
1587.069	14.850
1588.383	14.839
1589.508	14.835
1590.477	14.839
1591.318	14.847
1592.055	14.860
1592.710	14.877
1593.307	14.896
1593.863	14.917
1594.397	14.940
1594.928	14.962
1595.475	14.985
1596.058	15.006
1596.700	15.025
1597.424	15.041
1598.255	15.053
1599.224	15.060
1600.354	15.060
1601.673	15.053
1603.195	15.039
1604.927	15.015
1606.857	14.984
1608.953	14.945
1611.166	14.902
1613.431	14.856
1615.680	14.810
1617.851	14.768
1619.902	14.729
1621.813	14.696
1623.594	14.669
1625.282	14.646
1626.937	14.625
1628.641	14.603
1630.496	14.577
1632.619	14.543
1635.131	14.496
1638.140	14.432
1641.710	14.350
1645.822	14.248
1650.354	14.132
1655.070	14.009
1659.691	13.888
1663.950	13.779
1667.661	13.688
1670.762	13.618
1673.268	13.568
1675.255	13.535
1676.827	13.517
1678.072	13.510
1679.073	13.512
1679.898	13.519
1680.589	13.532
1681.185	13.547
1681.710	13.565
1682.180	13.585
1682.609	13.606
1683.004	13.629
1683.371	13.653
1683.716	13.677
1684.040	13.702
1684.347	13.728
1684.638	13.754
1684.914	13.781
1685.178	13.809
1685.430	13.837
1685.670	13.865
1685.901	13.894
1686.122	13.923
1686.334	13.953
1686.538	13.983
1686.734	14.013
1686.923	14.044
1687.106	14.075
1687.283	14.107
1687.454	14.138
1687.620	14.170
1687.781	14.203
1687.938	14.235
1688.090	14.268
1688.238	14.301
1688.382	14.335
1688.523	14.369
1688.660	14.403
1688.794	14.437
1688.925	14.471
1689.054	14.506
1689.179	14.541
1689.302	14.576
1689.423	14.611
1689.541	14.647
1689.656	14.683
1689.770	14.719
1689.881	14.755
1689.990	14.792
1690.098	14.829
1690.203	14.866
1690.307	14.903
1690.409	14.940
1690.509	14.978
1690.608	15.016
1690.706	15.054
1690.803	15.092
1690.898	15.131
1690.995	15.170
1691.092	15.208
1691.190	15.247
1691.290	15.286
1691.396	15.325
1691.510	15.364
1691.635	15.403
1691.778	15.441
1691.950	15.479
1692.163	15.515
1692.440	15.548
1692.814	15.579
1693.333	15.604
1694.071	15.621
1695.133	15.627
1696.666	15.615
1698.865	15.578
1701.944	15.509
1706.105	15.399
1711.413	15.246
1717.701	15.056
1724.527	14.846
1731.292	14.638
1737.478	14.453
1742.805	14.299
1747.253	14.179
1750.956	14.087
1754.092	14.017
1756.817	13.962
1759.240	13.917
1761.426	13.881
1763.412	13.852
1765.217	13.828
1766.846	13.811
1768.308	13.798
1769.612	13.791
1770.764	13.788
1771.780	13.790
1772.674	13.795
1773.459	13.804
1774.152	13.817
1774.765	13.831
1775.309	13.848
1775.800	13.867
1776.243	13.887
1776.648	13.909
1777.025	13.932
1777.376	13.956
1777.708	13.980
1778.027	14.005
1778.335	14.030
1778.636	14.056
1778.932	14.082
1779.226	14.108
1779.521	14.134
1779.817	14.160
1780.115	14.187
1780.419	14.213
1780.727	14.239
1781.042	14.265
1781.363	14.291
1781.692	14.316
1782.028	14.342
1782.371	14.367
1782.721	14.392
1783.079	14.417
1783.444	14.442
1783.814	14.467
1784.191	14.491
1784.572	14.516
1784.957	14.540
1785.346	14.564
1785.736	14.589
1786.128	14.613
1786.521	14.637
1786.912	14.661
1787.303	14.686
1787.691	14.710
1788.076	14.735
1788.458	14.760
1788.835	14.785
1789.207	14.811
1789.575	14.836
1789.937	14.862
1790.293	14.888
1790.644	14.914
1790.990	14.941
1791.330	14.968
1791.666	14.995
1791.997	15.022
1792.323	15.050
1792.646	15.078
1792.965	15.106
1793.282	15.134
1793.596	15.163
1793.909	15.191
1794.219	15.220
1794.530	15.249
1794.839	15.278
1795.150	15.307
1795.461	15.336
1795.773	15.365
1796.086	15.394
1796.401	15.423
1796.719	15.453
1797.039	15.482
1797.363	15.511
1797.691	15.540
1798.022	15.569
1798.359	15.598
1798.703	15.627
1799.054	15.655
1799.415	15.683
1799.792	15.711
1800.189	15.738
1800.618	15.764
1801.097	15.789
1801.654	15.811
1802.338	15.828
1803.230	15.838
1804.465	15.837
1806.249	15.817
1808.899	15.767
1812.826	15.672
1818.458	15.519
1826.000	15.299
1835.098	15.024
1844.717	14.730
1853.553	14.462
1860.704	14.251
1865.953	14.105
1869.587	14.014
1872.050	13.964
1873.744	13.941
1874.959	13.934
1875.891	13.938
1876.657	13.947
1877.331	13.959
1877.956	13.973
1878.559	13.988
1879.154	14.004
1879.751	14.019
1880.357	14.034
1880.972	14.049
1881.602	14.064
1882.246	14.078
1882.905	14.092
1883.581	14.105
1884.276	14.118
1884.992	14.130
1885.731	14.142
1886.498	14.152
1887.302	14.162
1888.149	14.170
1889.049	14.177
1890.015	14.182
1891.062	14.185
1892.205	14.185
1893.462	14.181
1894.847	14.174
1896.374	14.163
1898.050	14.147
1899.876	14.127
1901.840	14.102
1903.921	14.074
1906.083	14.043
1908.280	14.011
1910.464	13.979
1912.581	13.949
1914.587	13.922
1916.443	13.898
1918.127	13.880
1919.624	13.867
1920.937	13.860
1922.071	13.858
1923.043	13.860
1923.870	13.867
1924.570	13.878
1925.164	13.892
1925.668	13.908
1926.097	13.928
1926.467	13.949
1926.788	13.971
1927.070	13.995
1927.321	14.020
1927.549	14.045
1927.758	14.072
1927.954	14.099
1928.140	14.126
1928.319	14.154
1928.494	14.181
1928.666	14.209
1928.839	14.238
1929.014	14.266
1929.192	14.294
1929.374	14.322
1929.566	14.350
1929.765	14.378
1929.976	14.406
1930.204	14.433
1930.449	14.460
1930.718	14.486
1931.019	14.511
1931.361	14.535
1931.756	14.558
1932.224	14.579
1932.788	14.597
1933.482	14.611
1934.353	14.621
1935.459	14.623
1936.876	14.616
1938.695	14.598
1941.015	14.565
1943.925	14.515
1947.478	14.445
1951.659	14.357
1956.348	14.253
1961.315	14.141
1966.270	14.028
1970.915	13.923
1975.027	13.834
1978.489	13.763
1981.286	13.711
1983.478	13.676
1985.161	13.657
1986.437	13.649
1987.401	13.651
1988.131	13.660
1988.690	13.673
1989.123	13.691
1989.465	13.711
1989.742	13.733
1989.970	13.757
1990.164	13.782
1990.332	13.808
1990.480	13.834
1990.615	13.861
1990.738	13.889
1990.853	13.917
1990.961	13.945
1991.065	13.973
1991.164	14.001
1991.259	14.030
1991.351	14.059
1991.440	14.088
1991.528	14.118
1991.613	14.147
1991.695	14.177
1991.776	14.206
1991.857	14.236
1991.934	14.266
1992.010	14.297
1992.084	14.327
1992.158	14.358
1992.229	14.388
1992.299	14.419
1992.367	14.450
1992.435	14.481
1992.501	14.513
1992.564	14.544
1992.627	14.576
1992.688	14.608
1992.748	14.640
1992.807	14.672
1992.864	14.704
1992.919	14.737
1992.974	14.769
1993.026	14.802
1993.078	14.835
1993.128	14.868
1993.177	14.902
1993.225	14.935
1993.271	14.969
1993.316	15.003
1993.360	15.037
1993.402	15.071
1993.444	15.105
1993.484	15.140
1993.524	15.175
1993.562	15.209
1993.599	15.244
1993.635	15.280
1993.669	15.315
1993.703	15.351
1993.736	15.386
1993.768	15.422
1993.799	15.458
1993.829	15.495
1993.858	15.531
1993.886	15.568
1993.914	15.605
1993.941	15.642
1993.967	15.679
1993.992	15.716
1994.016	15.754
1994.040	15.791
1994.063	15.829
1994.085	15.867
1994.107	15.905
1994.128	15.944
1994.148	15.982
1994.168	16.021
1994.188	16.060
1994.206	16.099
1994.225	16.139
1994.242	16.178
1994.260	16.218
1994.276	16.258
1994.293	16.298
1994.309	16.338
1994.324	16.378
1994.339	16.419
1994.354	16.460
1994.368	16.501
1994.382	16.542
1994.395	16.583
1994.409	16.625
1994.422	16.666
1994.434	16.708
1994.446	16.750
1994.458	16.793
1994.470	16.835
1994.481	16.878
1994.492	16.921
1994.503	16.964
1994.513	17.007
1994.523	17.050
1994.534	17.094
1994.543	17.138
1994.553	17.182
1994.562	17.226
1994.571	17.271
1994.580	17.315
1994.589	17.360
1994.597	17.405
1994.606	17.450
1994.614	17.496
1994.622	17.541
1994.629	17.587
1994.637	17.633
1994.645	17.679
1994.652	17.726
1994.659	17.773
1994.666	17.819
1994.673	17.867
1994.679	17.914
1994.686	17.961
1994.693	18.009
1994.699	18.057
1994.705	18.105
1994.711	18.154
1994.717	18.202
1994.723	18.251
1994.728	18.300
1994.734	18.349
1994.739	18.399
1994.745	18.448
1994.750	18.498
1994.755	18.548
1994.760	18.599
1994.765	18.649
1994.769	18.700
1994.774	18.751
1994.779	18.803
1994.783	18.854
1994.788	18.906
1994.792	18.958
1994.796	19.010
1994.800	19.062
1994.804	19.115
1994.808	19.168
1994.812	19.221
1994.816	19.275
1994.820	19.328
1994.824	19.382
1994.827	19.436
1994.831	19.491
1994.834	19.545
1994.838	19.600
1994.841	19.655
1994.844	19.711
1994.847	19.766
1994.850	19.822
1994.854	19.878
1994.857	19.935
1994.859	19.991
1994.862	20.048
1994.865	20.105
1994.868	20.163
1994.871	20.221
1994.873	20.278
1994.876	20.337
1994.879	20.395
1994.881	20.454
1994.884	20.513
1994.886	20.572
1994.888	20.632
1994.891	20.691
1994.893	20.752
1994.895	20.812
1994.897	20.873
1994.899	20.933
1994.901	20.995
1994.903	21.056
1994.906	21.118
1994.907	21.180
1994.909	21.242
1994.911	21.305
1994.913	21.368
1994.915	21.431
1994.917	21.494
1994.918	21.558
1994.920	21.622
1994.922	21.686
1994.923	21.751
1994.925	21.816
1994.927	21.881
1994.928	21.947
1994.930	22.013
1994.931	22.079
1994.933	22.145
1994.934	22.212
1994.935	22.279
1994.937	22.346
1994.938	22.414
1994.939	22.482
1994.941	22.550
1994.942	22.619
1994.943	22.687
1994.944	22.757
1994.946	22.826
1994.947	22.896
1994.948	22.966
1994.949	23.037
1994.950	23.107
1994.951	23.178
1994.952	23.250
1994.953	23.322
1994.954	23.394
1994.955	23.466
1994.956	23.539
1994.957	23.612
1994.958	23.685
1994.959	23.759
1994.960	23.833
1994.961	23.908
1994.962	23.982
1994.962	24.057
