<j>	<F>
1.384	16.907
2.385	18.055
3.680	15.318
4.874	13.527
5.892	14.671
7.129	13.698
8.243	13.263
9.425	13.696
10.980	12.157
12.331	11.113
13.251	11.355
13.902	12.676
14.607	14.334
15.623	15.088
16.917	14.522
18.323	13.793
19.892	12.780
21.243	12.031
22.176	12.254
23.085	12.828
24.295	12.931
25.717	12.413
26.810	12.200
27.504	12.766
28.051	13.738
28.546	14.959
29.052	16.370
29.719	17.642
30.876	17.811
32.624	16.297
34.255	15.059
35.645	14.428
36.663	14.333
37.274	14.973
37.704	16.132
38.207	17.411
39.155	18.053
41.201	16.683
43.702	14.309
45.193	13.455
45.937	13.698
46.377	14.447
46.749	15.437
47.245	16.426
48.183	16.917
49.918	16.189
51.877	14.941
53.477	14.324
55.218	13.821
57.336	13.008
59.282	12.259
60.637	11.976
61.598	12.041
62.412	12.250
63.213	12.497
64.085	12.712
65.054	12.853
66.075	12.936
67.071	13.020
68.022	13.140
68.964	13.275
69.908	13.400
70.793	13.545
71.541	13.780
72.157	14.139
72.767	14.563
73.644	14.869
75.237	14.702
77.768	13.817
80.335	12.794
82.048	12.308
83.092	12.271
83.825	12.448
84.439	12.717
85.033	13.021
85.667	13.319
86.379	13.582
87.184	13.792
88.083	13.943
89.069	14.038
90.141	14.080
91.301	14.065
92.531	14.000
93.757	13.920
94.863	13.889
95.758	13.970
96.438	14.186
96.964	14.515
97.430	14.914
97.948	15.320
98.687	15.626
99.900	15.655
101.748	15.254
103.832	14.622
105.469	14.215
106.563	14.151
107.387	14.278
108.142	14.466
108.911	14.655
109.717	14.825
110.560	14.975
111.437	15.105
112.361	15.213
113.400	15.273
114.726	15.205
116.569	14.888
118.887	14.309
121.113	13.732
122.770	13.415
123.934	13.347
124.856	13.409
125.685	13.522
126.475	13.655
127.247	13.799
128.036	13.945
128.913	14.066
129.998	14.117
131.426	14.033
133.206	13.793
135.073	13.484
136.638	13.262
137.745	13.213
138.496	13.315
139.054	13.508
139.535	13.746
140.008	14.000
140.522	14.251
141.132	14.474
141.919	14.638
142.994	14.694
144.452	14.594
146.249	14.341
148.117	14.031
149.716	13.805
150.900	13.731
151.734	13.797
152.350	13.959
152.860	14.174
153.351	14.410
153.889	14.640
154.535	14.838
155.345	14.977
156.345	15.037
157.504	15.024
158.728	14.971
159.915	14.925
161.031	14.909
162.120	14.912
163.247	14.906
164.441	14.874
165.656	14.826
166.817	14.792
167.888	14.791
168.908	14.818
169.968	14.841
171.155	14.825
172.489	14.751
173.879	14.645
175.167	14.560
176.236	14.544
177.065	14.613
177.707	14.755
178.231	14.948
178.703	15.171
179.178	15.403
179.717	15.622
180.394	15.800
181.308	15.897
182.554	15.870
184.143	15.705
185.918	15.453
187.613	15.216
189.075	15.063
190.339	14.991
191.541	14.955
192.812	14.909
194.231	14.819
195.793	14.682
197.401	14.522
198.912	14.384
200.227	14.302
201.339	14.284
202.325	14.311
203.310	14.353
204.440	14.365
205.857	14.307
207.636	14.151
209.678	13.914
211.708	13.664
213.446	13.480
214.790	13.395
215.811	13.397
216.635	13.457
217.375	13.546
218.122	13.640
218.956	13.720
219.964	13.765
221.241	13.751
222.860	13.659
224.806	13.487
226.921	13.268
228.956	13.056
230.721	12.901
232.173	12.815
233.378	12.786
234.438	12.794
235.433	12.820
236.421	12.850
237.432	12.877
238.481	12.897
239.568	12.909
240.681	12.914
241.801	12.916
242.899	12.921
243.947	12.933
244.918	12.958
245.793	13.001
246.561	13.065
247.222	13.151
247.784	13.258
248.260	13.385
248.668	13.530
249.027	13.689
249.356	13.859
249.677	14.036
250.016	14.215
250.409	14.387
250.911	14.542
251.606	14.659
252.621	14.709
254.113	14.655
256.194	14.467
258.785	14.158
261.554	13.803
264.133	13.488
266.373	13.252
268.341	13.084
270.155	12.954
271.875	12.846
273.490	12.756
274.962	12.690
276.264	12.652
277.396	12.644
278.389	12.661
279.288	12.696
280.139	12.742
280.978	12.791
281.828	12.840
282.693	12.886
283.561	12.930
284.407	12.976
285.199	13.029
285.912	13.095
286.530	13.177
287.050	13.277
287.478	13.395
287.829	13.530
288.120	13.679
288.370	13.840
288.598	14.010
288.823	14.185
289.069	14.361
289.369	14.532
289.769	14.689
290.344	14.815
291.200	14.890
292.479	14.883
294.321	14.763
296.774	14.521
299.711	14.184
302.852	13.813
305.915	13.465
308.704	13.172
311.099	12.950
313.043	12.802
314.561	12.725
315.749	12.703
316.736	12.718
317.653	12.750
318.621	12.780
319.745	12.793
321.111	12.774
322.767	12.716
324.695	12.617
326.793	12.490
328.899	12.357
330.847	12.242
332.533	12.159
333.928	12.115
335.059	12.106
335.976	12.126
336.727	12.169
337.351	12.230
337.876	12.305
338.322	12.392
338.703	12.489
339.030	12.595
339.313	12.709
339.560	12.830
339.775	12.957
339.966	13.091
340.137	13.230
340.291	13.374
340.432	13.523
340.563	13.676
340.687	13.834
340.807	13.996
340.926	14.161
341.048	14.330
341.177	14.500
341.323	14.672
341.499	14.843
341.730	15.008
342.059	15.161
342.570	15.287
343.407	15.360
344.798	15.340
347.002	15.177
350.082	14.854
353.606	14.437
356.792	14.064
359.148	13.826
360.715	13.725
361.772	13.715
362.575	13.754
363.290	13.813
364.023	13.873
364.853	13.923
365.860	13.950
367.145	13.941
368.830	13.878
371.046	13.745
373.850	13.532
377.122	13.256
380.518	12.960
383.612	12.698
386.117	12.509
387.978	12.401
389.295	12.361
390.212	12.373
390.857	12.420
391.323	12.491
391.672	12.578
391.947	12.676
392.174	12.782
392.372	12.894
392.553	13.011
392.727	13.130
392.901	13.251
393.084	13.374
393.284	13.496
393.513	13.617
393.788	13.735
394.132	13.845
394.579	13.945
395.178	14.026
395.992	14.080
397.097	14.096
398.556	14.063
400.386	13.978
402.499	13.849
404.702	13.701
406.757	13.567
408.487	13.473
409.834	13.428
410.831	13.430
411.557	13.469
412.092	13.537
412.499	13.624
412.825	13.724
413.098	13.833
413.341	13.949
413.566	14.069
413.785	14.192
414.006	14.317
414.238	14.442
414.492	14.567
414.778	14.689
415.115	14.806
415.524	14.915
416.042	15.009
416.718	15.083
417.626	15.125
418.868	15.119
420.562	15.049
422.797	14.901
425.551	14.678
428.615	14.407
431.650	14.138
434.368	13.913
436.671	13.747
438.645	13.632
440.454	13.546
442.267	13.468
444.194	13.380
446.273	13.277
448.444	13.162
450.584	13.047
452.549	12.949
454.238	12.879
455.615	12.842
456.704	12.837
457.557	12.858
458.235	12.900
458.792	12.956
459.272	13.023
459.709	13.095
460.130	13.171
460.560	13.248
461.022	13.323
461.543	13.392
462.155	13.454
462.896	13.502
463.811	13.533
464.948	13.541
466.352	13.520
468.044	13.467
470.002	13.384
472.152	13.279
474.370	13.164
476.518	13.053
478.484	12.961
480.208	12.893
481.677	12.851
482.913	12.833
483.953	12.836
484.831	12.856
485.581	12.889
486.228	12.934
486.791	12.988
487.286	13.049
487.723	13.117
488.113	13.190
488.463	13.269
488.779	13.352
489.068	13.439
489.333	13.529
489.579	13.623
489.811	13.719
490.031	13.818
490.243	13.920
490.452	14.023
490.660	14.127
490.871	14.233
491.089	14.339
491.317	14.445
491.561	14.551
491.824	14.656
492.110	14.759
492.425	14.860
492.772	14.958
493.157	15.052
493.585	15.142
494.061	15.226
494.591	15.303
495.185	15.373
495.854	15.433
496.621	15.482
497.516	15.514
498.590	15.523
499.918	15.502
501.606	15.436
503.781	15.311
506.548	15.116
509.897	14.852
513.605	14.544
517.259	14.242
520.448	13.992
522.960	13.820
524.808	13.723
526.128	13.686
527.077	13.693
527.785	13.728
528.345	13.782
528.819	13.846
529.248	13.916
529.657	13.990
530.064	14.065
530.480	14.140
530.915	14.214
531.379	14.285
531.886	14.353
532.454	14.416
533.110	14.469
533.895	14.510
534.860	14.533
536.071	14.531
537.591	14.495
539.458	14.422
541.638	14.314
544.005	14.182
546.356	14.048
548.482	13.934
550.246	13.855
551.616	13.817
552.633	13.816
553.375	13.845
553.926	13.896
554.355	13.961
554.718	14.036
555.062	14.114
555.426	14.193
555.851	14.267
556.381	14.332
557.068	14.382
557.970	14.412
559.147	14.414
560.642	14.383
562.458	14.319
564.529	14.225
566.722	14.116
568.867	14.009
570.819	13.918
572.502	13.854
573.911	13.818
575.093	13.805
576.114	13.810
577.044	13.825
577.940	13.846
578.849	13.866
579.805	13.883
580.830	13.894
581.935	13.897
583.112	13.893
584.343	13.883
585.595	13.870
586.828	13.857
588.002	13.849
589.083	13.849
590.049	13.858
590.893	13.880
591.617	13.913
592.234	13.956
592.760	14.009
593.214	14.069
593.616	14.136
593.984	14.207
594.338	14.281
594.697	14.355
595.080	14.428
595.510	14.497
596.014	14.561
596.620	14.615
597.360	14.657
598.268	14.682
599.370	14.688
600.678	14.673
602.180	14.637
603.834	14.585
605.569	14.522
607.302	14.458
608.961	14.400
610.498	14.354
611.897	14.321
613.165	14.302
614.325	14.294
615.401	14.294
616.417	14.301
617.386	14.313
618.318	14.328
619.216	14.346
620.078	14.368
620.901	14.394
621.682	14.423
622.420	14.457
623.115	14.495
623.770	14.537
624.389	14.583
624.979	14.632
625.549	14.683
626.108	14.736
626.667	14.790
627.236	14.843
627.825	14.895
628.445	14.944
629.102	14.990
629.804	15.031
630.556	15.068
631.360	15.099
632.224	15.125
633.157	15.143
634.182	15.153
635.333	15.151
636.667	15.133
638.259	15.091
640.183	15.017
642.483	14.908
645.123	14.765
647.954	14.603
650.740	14.441
653.250	14.303
655.343	14.203
656.993	14.143
658.259	14.120
659.233	14.124
660.005	14.149
660.648	14.187
661.215	14.232
661.742	14.283
662.253	14.335
662.764	14.388
663.284	14.441
663.818	14.493
664.370	14.543
664.942	14.592
665.537	14.639
666.158	14.684
666.814	14.726
667.519	14.765
668.297	14.797
669.187	14.820
670.243	14.829
671.537	14.819
673.148	14.781
675.141	14.709
677.525	14.603
680.215	14.468
683.024	14.319
685.715	14.179
688.089	14.063
690.055	13.982
691.622	13.935
692.872	13.917
693.904	13.919
694.817	13.933
695.694	13.952
696.602	13.970
697.591	13.982
698.701	13.986
699.954	13.978
701.355	13.959
702.891	13.928
704.531	13.889
706.232	13.844
707.946	13.797
709.631	13.752
711.256	13.712
712.804	13.677
714.272	13.649
715.661	13.626
716.977	13.610
718.225	13.599
719.407	13.592
720.521	13.591
721.567	13.594
722.542	13.603
723.448	13.617
724.284	13.636
725.057	13.660
725.770	13.688
726.431	13.721
727.046	13.757
727.623	13.796
728.166	13.839
728.682	13.883
729.176	13.930
729.651	13.978
730.110	14.028
730.555	14.079
730.987	14.132
731.406	14.185
731.814	14.241
732.210	14.297
732.594	14.354
732.965	14.413
733.324	14.474
733.670	14.536
734.004	14.599
734.324	14.664
734.632	14.730
734.929	14.798
735.216	14.867
735.494	14.937
735.765	15.009
736.032	15.081
736.297	15.155
736.566	15.229
736.841	15.303
737.131	15.376
737.441	15.448
737.781	15.518
738.163	15.585
738.603	15.648
739.118	15.704
739.733	15.752
740.476	15.788
741.382	15.809
742.488	15.813
743.833	15.794
745.447	15.750
747.344	15.681
749.511	15.586
751.898	15.472
754.422	15.344
756.975	15.214
759.450	15.091
761.758	14.983
763.841	14.894
765.675	14.826
767.262	14.780
768.624	14.753
769.792	14.743
770.800	14.746
771.683	14.761
772.470	14.784
773.188	14.813
773.860	14.847
774.503	14.883
775.134	14.921
775.765	14.959
776.406	14.997
777.066	15.034
777.749	15.068
778.460	15.101
779.198	15.131
779.963	15.159
780.750	15.185
781.551	15.210
782.358	15.233
783.161	15.257
783.950	15.282
784.714	15.309
785.446	15.339
786.143	15.371
786.799	15.407
787.416	15.447
787.997	15.490
788.547	15.535
789.072	15.584
789.580	15.634
790.083	15.686
790.587	15.737
791.105	15.788
791.647	15.837
792.222	15.884
792.838	15.927
793.503	15.966
794.221	16.001
794.993	16.030
795.817	16.054
796.690	16.074
797.610	16.090
798.581	16.101
799.617	16.106
800.755	16.104
802.067	16.088
803.664	16.049
805.708	15.974
808.384	15.849
811.831	15.662
816.013	15.416
820.633	15.134
825.211	14.856
829.323	14.616
832.781	14.430
835.620	14.295
837.979	14.199
839.996	14.130
841.773	14.081
843.374	14.044
844.837	14.018
846.190	14.000
847.461	13.987
848.685	13.979
849.907	13.973
851.184	13.963
852.589	13.948
854.202	13.921
856.110	13.876
858.384	13.810
861.050	13.721
864.056	13.610
867.262	13.485
870.452	13.360
873.404	13.247
875.955	13.156
878.036	13.093
879.658	13.057
880.883	13.045
881.794	13.051
882.470	13.073
882.975	13.105
883.359	13.144
883.658	13.189
883.899	13.239
884.099	13.291
884.270	13.345
884.422	13.401
884.560	13.459
884.688	13.517
884.809	13.577
884.925	13.637
885.039	13.698
885.151	13.759
885.263	13.821
885.376	13.883
885.491	13.946
885.610	14.009
885.734	14.072
885.866	14.135
886.006	14.198
886.159	14.261
886.327	14.324
886.513	14.385
886.723	14.446
886.961	14.505
887.235	14.562
887.551	14.617
887.916	14.669
888.341	14.718
888.833	14.762
889.400	14.801
890.048	14.834
890.782	14.861
891.599	14.883
892.492	14.899
893.449	14.910
894.452	14.917
895.477	14.922
896.502	14.926
897.506	14.932
898.474	14.940
899.399	14.951
900.284	14.965
901.139	14.982
901.985	14.999
902.855	15.016
903.786	15.029
904.831	15.036
906.052	15.031
907.517	15.010
909.298	14.969
911.452	14.903
913.997	14.810
916.889	14.694
920.001	14.563
923.153	14.428
926.148	14.302
928.836	14.196
931.141	14.114
933.054	14.057
934.617	14.023
935.889	14.009
936.932	14.009
937.800	14.020
938.537	14.040
939.177	14.067
939.746	14.099
940.262	14.134
940.741	14.172
941.193	14.211
941.626	14.253
942.046	14.295
942.457	14.338
942.863	14.382
943.266	14.426
943.665	14.471
944.061	14.515
944.455	14.561
944.845	14.607
945.228	14.653
945.606	14.700
945.974	14.748
946.333	14.796
946.681	14.846
947.016	14.896
947.341	14.948
947.653	15.001
947.957	15.054
948.254	15.109
948.551	15.164
948.857	15.219
949.182	15.273
949.549	15.325
949.983	15.373
950.528	15.414
951.241	15.445
952.202	15.460
953.508	15.453
955.266	15.415
957.557	15.341
960.385	15.230
963.630	15.089
967.035	14.935
970.289	14.788
973.138	14.666
975.461	14.579
977.266	14.526
978.641	14.502
979.694	14.499
980.525	14.512
981.209	14.536
981.800	14.566
982.335	14.600
982.834	14.637
983.311	14.676
983.773	14.715
984.223	14.756
984.663	14.798
985.091	14.840
985.508	14.883
985.913	14.928
986.306	14.973
986.688	15.019
987.060	15.066
987.424	15.114
987.784	15.163
988.145	15.212
988.512	15.260
988.895	15.308
989.303	15.355
989.747	15.400
990.242	15.442
990.802	15.479
991.447	15.512
992.190	15.537
993.049	15.555
994.031	15.565
995.137	15.566
996.359	15.558
997.676	15.543
999.059	15.524
1000.477	15.501
1001.908	15.478
1003.351	15.453
1004.837	15.428
1006.442	15.396
1008.292	15.351
1010.566	15.282
1013.466	15.178
1017.160	15.027
1021.646	14.828
1026.666	14.597
1031.718	14.363
1036.273	14.156
1040.010	13.997
1042.875	13.889
1044.999	13.824
1046.572	13.792
1047.764	13.783
1048.706	13.788
1049.482	13.803
1050.153	13.825
1050.751	13.851
1051.298	13.880
1051.811	13.911
1052.297	13.944
1052.766	13.978
1053.222	14.013
1053.672	14.048
1054.122	14.083
1054.580	14.119
1055.052	14.154
1055.550	14.188
1056.084	14.220
1056.667	14.250
1057.316	14.276
1058.050	14.298
1058.894	14.315
1059.874	14.325
1061.024	14.325
1062.385	14.315
1064.005	14.292
1065.940	14.252
1068.255	14.194
1071.012	14.114
1074.259	14.009
1077.996	13.882
1082.154	13.734
1086.561	13.575
1090.979	13.415
1095.135	13.267
1098.823	13.142
1101.925	13.044
1104.427	12.975
1106.387	12.931
1107.895	12.909
1109.052	12.903
1109.943	12.910
1110.641	12.926
1111.201	12.949
1111.664	12.977
1112.061	13.008
1112.412	13.041
1112.732	13.077
1113.033	13.113
1113.320	13.150
1113.600	13.188
1113.875	13.226
1114.148	13.265
1114.421	13.304
1114.695	13.343
1114.969	13.382
1115.244	13.421
1115.520	13.460
1115.797	13.500
1116.074	13.539
1116.351	13.579
1116.628	13.619
1116.903	13.659
1117.178	13.700
1117.450	13.741
1117.720	13.782
1117.987	13.823
1118.251	13.865
1118.512	13.907
1118.769	13.950
1119.022	13.993
1119.272	14.036
1119.517	14.080
1119.760	14.124
1119.998	14.168
1120.234	14.213
1120.467	14.259
1120.698	14.304
1120.930	14.350
1121.162	14.396
1121.397	14.442
1121.637	14.489
1121.887	14.535
1122.151	14.580
1122.437	14.625
1122.755	14.669
1123.121	14.710
1123.555	14.748
1124.089	14.781
1124.764	14.808
1125.643	14.824
1126.804	14.826
1128.348	14.808
1130.391	14.765
1133.044	14.691
1136.369	14.582
1140.338	14.440
1144.786	14.273
1149.441	14.096
1153.993	13.924
1158.192	13.771
1161.906	13.642
1165.111	13.540
1167.849	13.461
1170.185	13.402
1172.186	13.358
1173.902	13.329
1175.380	13.310
1176.652	13.301
1177.747	13.300
1178.693	13.305
1179.511	13.317
1180.222	13.333
1180.844	13.353
1181.392	13.377
1181.880	13.404
1182.317	13.433
1182.712	13.465
1183.072	13.498
1183.402	13.532
1183.708	13.568
1183.991	13.605
1184.256	13.644
1184.503	13.683
1184.736	13.723
1184.954	13.764
1185.161	13.805
1185.356	13.848
1185.542	13.891
1185.719	13.934
1185.889	13.979
1186.051	14.024
1186.208	14.069
1186.361	14.115
1186.510	14.161
1186.656	14.208
1186.801	14.255
1186.946	14.303
1187.092	14.350
1187.241	14.398
1187.392	14.446
1187.549	14.494
1187.712	14.542
1187.882	14.589
1188.062	14.637
1188.252	14.684
1188.455	14.731
1188.672	14.778
1188.904	14.824
1189.154	14.869
1189.425	14.913
1189.715	14.957
1190.029	14.999
1190.366	15.041
1190.730	15.081
1191.121	15.120
1191.542	15.157
1191.995	15.193
1192.482	15.227
1193.009	15.259
1193.586	15.289
1194.227	15.315
1194.959	15.337
1195.827	15.352
1196.901	15.357
1198.297	15.346
1200.181	15.311
1202.779	15.240
1206.336	15.123
1211.014	14.949
1216.723	14.724
1223.003	14.469
1229.122	14.221
1234.432	14.011
1238.605	13.856
1241.682	13.755
1243.877	13.697
1245.444	13.670
1246.591	13.664
1247.471	13.671
1248.178	13.687
1248.779	13.708
1249.310	13.732
1249.795	13.759
1250.249	13.787
1250.680	13.817
1251.093	13.848
1251.494	13.879
1251.884	13.911
1252.266	13.943
1252.641	13.976
1253.011	14.009
1253.377	14.043
1253.740	14.076
1254.103	14.110
1254.466	14.144
1254.831	14.178
1255.200	14.212
1255.573	14.246
1255.953	14.280
1256.342	14.314
1256.740	14.347
1257.150	14.380
1257.573	14.412
1258.012	14.444
1258.467	14.475
1258.942	14.506
1259.437	14.535
1259.955	14.563
1260.495	14.591
1261.062	14.617
1261.655	14.642
1262.277	14.666
1262.927	14.688
1263.606	14.709
1264.314	14.729
1265.051	14.747
1265.815	14.763
1266.604	14.779
1267.417	14.793
1268.251	14.807
1269.104	14.819
1269.972	14.830
1270.854	14.841
1271.749	14.851
1272.656	14.861
1273.576	14.870
1274.511	14.878
1275.465	14.885
1276.442	14.891
1277.449	14.896
1278.491	14.899
1279.574	14.900
1280.703	14.899
1281.881	14.896
1283.108	14.890
1284.379	14.882
1285.685	14.872
1287.013	14.860
1288.348	14.848
1289.671	14.837
1290.964	14.827
1292.209	14.818
1293.391	14.813
1294.503	14.811
1295.537	14.813
1296.493	14.819
1297.375	14.828
1298.190	14.841
1298.946	14.856
1299.656	14.874
1300.332	14.894
1300.988	14.916
1301.639	14.938
1302.300	14.959
1302.991	14.979
1303.730	14.998
1304.542	15.013
1305.455	15.023
1306.504	15.028
1307.730	15.024
1309.181	15.010
1310.909	14.983
1312.965	14.941
1315.383	14.883
1318.168	14.807
1321.278	14.716
1324.605	14.614
1328.006	14.508
1331.302	14.407
1334.346	14.316
1337.029	14.242
1339.310	14.185
1341.194	14.147
1342.725	14.124
1343.961	14.115
1344.961	14.117
1345.780	14.127
1346.467	14.143
1347.057	14.164
1347.584	14.188
1348.069	14.215
1348.531	14.242
1348.987	14.270
1349.446	14.298
1349.920	14.326
1350.416	14.353
1350.939	14.379
1351.496	14.403
1352.088	14.426
1352.719	14.448
1353.389	14.468
1354.096	14.486
1354.841	14.502
1355.618	14.517
1356.427	14.530
1357.266	14.542
1358.133	14.553
1359.031	14.563
1359.967	14.570
1360.953	14.576
1362.008	14.579
1363.160	14.579
1364.445	14.572
1365.904	14.559
1367.586	14.537
1369.532	14.503
1371.770	14.458
1374.298	14.399
1377.076	14.330
1380.015	14.254
1382.992	14.175
1385.870	14.099
1388.526	14.032
1390.875	13.978
1392.880	13.937
1394.546	13.911
1395.904	13.897
1397.002	13.895
1397.891	13.901
1398.620	13.915
1399.231	13.933
1399.758	13.956
1400.228	13.981
1400.665	14.007
1401.085	14.035
1401.502	14.063
1401.926	14.091
1402.368	14.119
1402.835	14.145
1403.332	14.171
1403.866	14.195
1404.441	14.217
1405.059	14.238
1405.725	14.257
1406.439	14.274
1407.201	14.289
1408.010	14.302
1408.862	14.313
1409.755	14.322
1410.682	14.330
1411.639	14.336
1412.616	14.342
1413.612	14.346
1414.617	14.351
1415.628	14.355
1416.644	14.358
1417.662	14.362
1418.686	14.365
1419.718	14.368
1420.766	14.371
1421.836	14.373
1422.938	14.373
1424.081	14.372
1425.272	14.369
1426.521	14.364
1427.830	14.356
1429.199	14.346
1430.623	14.333
1432.093	14.319
1433.593	14.303
1435.103	14.286
1436.602	14.270
1438.066	14.254
1439.477	14.241
1440.814	14.231
1442.067	14.224
1443.227	14.220
1444.293	14.221
1445.267	14.225
1446.154	14.233
1446.963	14.244
1447.703	14.257
1448.383	14.274
1449.014	14.292
1449.605	14.313
1450.167	14.335
1450.706	14.357
1451.229	14.381
1451.745	14.405
1452.257	14.429
1452.772	14.453
1453.294	14.477
1453.826	14.501
1454.370	14.524
1454.931	14.547
1455.508	14.569
1456.102	14.591
1456.716	14.611
1457.347	14.631
1457.996	14.650
1458.661	14.669
1459.339	14.687
1460.031	14.704
1460.731	14.721
1461.441	14.738
1462.156	14.754
1462.877	14.770
1463.600	14.786
1464.325	14.802
1465.052	14.818
1465.780	14.834
1466.510	14.849
1467.244	14.865
1467.981	14.880
1468.724	14.896
1469.472	14.911
1470.229	14.925
1470.994	14.940
1471.769	14.954
1472.552	14.967
1473.344	14.981
1474.146	14.993
1474.954	15.006
1475.768	15.018
1476.588	15.030
1477.409	15.042
1478.234	15.054
1479.060	15.065
1479.891	15.077
1480.727	15.088
1481.577	15.099
1482.446	15.109
1483.349	15.118
1484.302	15.125
1485.329	15.129
1486.460	15.128
1487.734	15.122
1489.197	15.109
1490.902	15.085
1492.905	15.050
1495.257	15.000
1497.993	14.935
1501.120	14.853
1504.599	14.758
1508.342	14.652
1512.224	14.540
1516.099	14.429
1519.831	14.324
1523.311	14.229
1526.477	14.147
1529.303	14.079
1531.791	14.024
1533.966	13.981
1535.856	13.950
1537.495	13.928
1538.916	13.914
1540.150	13.908
1541.224	13.907
1542.163	13.912
1542.992	13.921
1543.730	13.933
1544.396	13.949
1545.007	13.966
1545.578	13.986
1546.124	14.006
1546.659	14.027
1547.197	14.048
1547.753	14.068
1548.341	14.088
1548.979	14.106
1549.687	14.122
1550.482	14.135
1551.389	14.143
1552.431	14.148
1553.630	14.146
1555.008	14.138
1556.577	14.124
1558.343	14.102
1560.296	14.073
1562.409	14.038
1564.643	13.999
1566.934	13.957
1569.221	13.915
1571.439	13.875
1573.525	13.839
1575.446	13.808
1577.171	13.785
1578.697	13.768
1580.027	13.759
1581.177	13.756
1582.167	13.758
1583.020	13.766
1583.757	13.778
1584.400	13.793
1584.964	13.811
1585.468	13.831
1585.922	13.854
1586.339	13.878
1586.726	13.903
1587.094	13.929
1587.446	13.955
1587.791	13.982
1588.133	14.009
1588.477	14.037
1588.828	14.064
1589.191	14.091
1589.571	14.117
1589.975	14.143
1590.407	14.168
1590.875	14.191
1591.386	14.214
1591.948	14.234
1592.571	14.252
1593.264	14.268
1594.038	14.282
1594.901	14.292
1595.865	14.298
1596.933	14.301
1598.113	14.299
1599.404	14.294
1600.798	14.284
1602.285	14.271
1603.847	14.255
1605.456	14.237
1607.086	14.218
1608.705	14.200
1610.282	14.182
1611.791	14.167
1613.208	14.154
1614.522	14.146
1615.723	14.141
1616.807	14.141
1617.781	14.144
1618.649	14.151
1619.421	14.162
1620.107	14.176
1620.717	14.193
1621.260	14.213
1621.748	14.234
1622.187	14.258
1622.584	14.283
1622.946	14.309
1623.278	14.337
1623.585	14.366
1623.870	14.395
1624.136	14.426
1624.387	14.457
1624.623	14.489
1624.848	14.521
1625.062	14.554
1625.267	14.588
1625.464	14.622
1625.655	14.656
1625.841	14.691
1626.023	14.726
1626.201	14.761
1626.379	14.796
1626.557	14.832
1626.736	14.867
1626.919	14.903
1627.110	14.938
1627.309	14.974
1627.522	15.009
1627.753	15.043
1628.009	15.077
1628.299	15.110
1628.634	15.141
1629.030	15.170
1629.508	15.196
1630.097	15.217
1630.835	15.234
1631.774	15.243
1632.981	15.241
1634.535	15.227
1636.530	15.196
1639.049	15.145
1642.153	15.072
1645.836	14.977
1649.994	14.863
1654.423	14.738
1658.851	14.612
1663.000	14.496
1666.670	14.398
1669.759	14.321
1672.264	14.265
1674.247	14.229
1675.796	14.210
1677.005	14.203
1677.955	14.206
1678.715	14.216
1679.336	14.232
1679.860	14.251
1680.316	14.273
1680.729	14.297
1681.118	14.321
1681.498	14.347
1681.885	14.372
1682.293	14.397
1682.737	14.421
1683.232	14.443
1683.796	14.463
1684.449	14.480
1685.212	14.494
1686.111	14.503
1687.168	14.506
1688.406	14.503
1689.846	14.494
1691.493	14.476
1693.351	14.452
1695.392	14.421
1697.585	14.384
1699.869	14.343
1702.187	14.301
1704.465	14.260
1706.653	14.222
1708.708	14.188
1710.618	14.159
1712.384	14.136
1714.038	14.117
1715.628	14.100
1717.213	14.085
1718.869	14.068
1720.679	14.047
1722.729	14.019
1725.102	13.982
1727.866	13.933
1731.048	13.871
1734.632	13.796
1738.530	13.712
1742.592	13.622
1746.637	13.532
1750.474	13.448
1753.957	13.375
1756.998	13.314
1759.569	13.268
1761.694	13.235
1763.423	13.214
1764.820	13.204
1765.950	13.201
1766.866	13.205
1767.619	13.214
1768.244	13.227
1768.771	13.244
1769.222	13.262
1769.614	13.283
1769.958	13.305
1770.264	13.328
1770.539	13.352
1770.788	13.377
1771.016	13.403
1771.224	13.429
1771.417	13.456
1771.596	13.484
1771.761	13.512
1771.916	13.541
1772.061	13.570
1772.197	13.599
1772.324	13.629
1772.444	13.659
1772.558	13.689
1772.665	13.720
1772.766	13.751
1772.863	13.782
1772.953	13.813
1773.041	13.845
1773.124	13.877
1773.203	13.909
1773.279	13.942
1773.352	13.975
1773.422	14.008
1773.489	14.041
1773.554	14.074
1773.617	14.108
1773.678	14.142
1773.736	14.176
1773.793	14.210
1773.849	14.244
1773.903	14.279
1773.956	14.314
1774.008	14.349
1774.059	14.384
1774.109	14.419
1774.159	14.455
1774.208	14.490
1774.256	14.526
1774.304	14.562
1774.353	14.598
1774.402	14.635
1774.451	14.671
1774.501	14.708
1774.552	14.745
1774.604	14.781
1774.659	14.818
1774.716	14.855
1774.777	14.892
1774.842	14.929
1774.913	14.966
1774.991	15.003
1775.079	15.040
1775.179	15.076
1775.294	15.113
1775.429	15.148
1775.590	15.183
1775.784	15.217
1776.021	15.249
1776.314	15.280
1776.678	15.308
1777.133	15.333
1777.706	15.354
1778.425	15.370
1779.325	15.379
1780.447	15.380
1781.828	15.372
1783.502	15.353
1785.489	15.323
1787.794	15.280
1790.381	15.227
1793.191	15.166
1796.146	15.098
1799.149	15.029
1802.121	14.962
1805.018	14.897
1807.831	14.836
1810.602	14.777
1813.402	14.720
1816.327	14.659
1819.469	14.593
1822.903	14.518
1826.652	14.434
1830.670	14.342
1834.842	14.245
1838.998	14.148
1842.946	14.057
1846.528	13.977
1849.638	13.912
1852.239	13.862
1854.350	13.828
1856.026	13.807
1857.339	13.798
1858.360	13.799
1859.153	13.806
1859.774	13.819
1860.265	13.836
1860.661	13.857
1860.987	13.880
1861.261	13.904
1861.499	13.930
1861.710	13.957
1861.903	13.984
1862.083	14.012
1862.254	14.041
1862.419	14.070
1862.583	14.098
1862.744	14.127
1862.905	14.157
1863.070	14.186
1863.236	14.215
1863.404	14.244
1863.578	14.274
1863.754	14.303
1863.935	14.332
1864.122	14.361
1864.313	14.390
1864.509	14.419
1864.711	14.448
1864.918	14.477
1865.130	14.506
1865.347	14.535
1865.570	14.563
1865.798	14.592
1866.031	14.620
1866.269	14.649
1866.512	14.677
1866.759	14.705
1867.011	14.734
1867.268	14.762
1867.529	14.790
1867.795	14.818
1868.065	14.846
1868.341	14.874
1868.622	14.901
1868.910	14.929
1869.205	14.956
1869.508	14.984
1869.821	15.011
1870.146	15.037
1870.484	15.063
1870.840	15.089
1871.216	15.115
1871.617	15.139
1872.047	15.162
1872.512	15.185
1873.020	15.206
1873.577	15.225
1874.193	15.243
1874.878	15.258
1875.641	15.270
1876.495	15.279
1877.449	15.285
1878.513	15.287
1879.696	15.285
1881.004	15.279
1882.438	15.268
1883.998	15.252
1885.677	15.232
1887.463	15.209
1889.343	15.182
1891.305	15.152
1893.330	15.121
1895.409	15.087
1897.535	15.052
1899.702	15.016
1901.912	14.978
1904.171	14.939
1906.480	14.899
1908.837	14.858
1911.238	14.815
1913.669	14.771
1916.104	14.727
1918.517	14.684
1920.870	14.643
1923.130	14.605
1925.267	14.571
1927.254	14.541
1929.074	14.517
1930.721	14.498
1932.199	14.485
1933.510	14.477
1934.663	14.474
1935.680	14.475
1936.571	14.480
1937.350	14.489
1938.034	14.501
1938.635	14.516
1939.162	14.533
1939.629	14.553
1940.043	14.574
1940.410	14.596
1940.739	14.620
1941.034	14.645
1941.300	14.672
1941.540	14.699
1941.759	14.727
1941.960	14.755
1942.144	14.785
1942.315	14.814
1942.474	14.845
1942.624	14.875
1942.766	14.907
1942.900	14.938
1943.030	14.970
1943.156	15.002
1943.280	15.034
1943.401	15.066
1943.523	15.099
1943.645	15.132
1943.768	15.164
1943.894	15.197
1944.024	15.230
1944.159	15.263
1944.299	15.295
1944.447	15.328
1944.602	15.360
1944.766	15.392
1944.940	15.424
1945.125	15.456
1945.323	15.487
1945.535	15.518
1945.761	15.549
1946.003	15.579
1946.263	15.609
1946.542	15.638
1946.840	15.666
1947.161	15.694
1947.504	15.721
1947.874	15.747
1948.271	15.772
1948.700	15.796
1949.165	15.819
1949.672	15.841
1950.230	15.861
1950.851	15.878
1951.552	15.893
1952.354	15.904
1953.288	15.911
1954.392	15.912
1955.709	15.906
1957.297	15.890
1959.203	15.863
1961.470	15.823
1964.124	15.770
1967.137	15.704
1970.438	15.627
1973.895	15.544
1977.344	15.461
1980.620	15.383
1983.579	15.316
1986.140	15.262
1988.268	15.223
1989.984	15.198
1991.332	15.186
1992.372	15.185
1993.162	15.193
1993.759	15.208
1994.205	15.228
1994.541	15.252
1994.793	15.279
1994.982	15.309
1995.127	15.340
1995.239	15.373
1995.326	15.407
1995.395	15.441
1995.451	15.476
1995.497	15.512
1995.537	15.548
1995.572	15.585
1995.602	15.621
1995.630	15.658
1995.656	15.695
1995.680	15.733
1995.703	15.770
1995.725	15.808
1995.746	15.846
1995.766	15.884
1995.786	15.923
1995.806	15.961
1995.825	16.000
1995.844	16.039
1995.863	16.078
1995.881	16.117
1995.899	16.156
1995.917	16.196
1995.934	16.236
1995.952	16.275
1995.969	16.315
1995.986	16.356
1996.002	16.396
1996.018	16.437
1996.035	16.477
1996.051	16.518
1996.067	16.559
1996.083	16.601
1996.098	16.642
1996.113	16.684
1996.128	16.726
1996.143	16.768
1996.158	16.810
1996.172	16.852
1996.186	16.895
1996.201	16.938
1996.214	16.981
1996.228	17.024
1996.242	17.067
1996.255	17.111
1996.268	17.154
1996.281	17.198
1996.294	17.242
1996.306	17.287
1996.319	17.331
1996.331	17.376
1996.343	17.421
1996.355	17.466
1996.367	17.511
1996.378	17.557
1996.390	17.603
1996.401	17.648
1996.412	17.695
1996.423	17.741
1996.433	17.787
1996.444	17.834
1996.454	17.881
1996.464	17.928
1996.474	17.976
1996.484	18.023
1996.494	18.071
1996.503	18.119
1996.513	18.167
1996.522	18.216
1996.531	18.264
1996.540	18.313
1996.549	18.362
1996.557	18.412
1996.566	18.461
1996.574	18.511
1996.582	18.561
1996.590	18.611
1996.598	18.662
1996.606	18.712
1996.614	18.763
1996.621	18.814
1996.629	18.866
1996.636	18.917
1996.643	18.969
1996.650	19.021
1996.657	19.074
1996.664	19.126
1996.670	19.179
1996.677	19.232
1996.683	19.285
1996.690	19.339
1996.696	19.393
1996.702	19.447
1996.708	19.501
1996.714	19.555
1996.719	19.610
1996.725	19.665
1996.731	19.720
1996.736	19.776
1996.741	19.832
1996.746	19.888
1996.751	19.944
1996.757	20.000
1996.762	20.057
1996.766	20.114
1996.771	20.171
1996.776	20.229
1996.780	20.287
1996.785	20.345
1996.789	20.403
1996.794	20.462
1996.798	20.521
1996.802	20.580
1996.806	20.639
1996.810	20.699
1996.814	20.759
1996.818	20.819
1996.822	20.880
1996.825	20.940
1996.829	21.002
1996.832	21.063
1996.836	21.124
1996.839	21.186
1996.843	21.249
1996.846	21.311
1996.849	21.374
1996.852	21.437
1996.855	21.500
1996.859	21.564
1996.861	21.628
1996.864	21.692
1996.867	21.757
1996.870	21.821
1996.873	21.886
1996.875	21.952
1996.878	22.018
1996.881	22.084
1996.883	22.150
1996.886	22.216
1996.888	22.283
1996.891	22.351
1996.893	22.418
1996.895	22.486
1996.897	22.554
1996.900	22.622
1996.902	22.691
1996.904	22.760
1996.906	22.830
1996.908	22.899
1996.910	22.969
1996.912	23.040
1996.914	23.110
1996.916	23.181
1996.917	23.253
1996.919	23.324
1996.921	23.396
1996.923	23.469
1996.924	23.541
1996.926	23.614
1996.928	23.688
1996.929	23.761
1996.931	23.835
1996.932	23.909
