<j>	<F>
1.725	13.492
3.001	11.617
4.171	10.916
5.160	11.238
5.908	13.111
6.579	17.651
7.830	16.777
9.580	13.316
10.776	11.859
11.676	13.111
12.966	12.795
13.860	12.828
14.609	14.542
16.169	14.118
17.819	11.896
18.549	12.391
19.050	13.935
19.599	15.828
20.551	16.881
22.351	15.382
24.409	12.827
25.442	12.447
26.022	13.374
26.694	14.465
27.863	14.762
29.568	13.732
31.079	12.919
32.299	12.701
33.415	12.726
34.575	12.725
35.751	12.671
36.945	12.639
38.227	12.505
39.513	12.332
40.720	12.227
41.779	12.254
42.714	12.444
43.663	12.670
44.688	12.803
45.706	12.901
46.661	13.062
47.597	13.265
48.602	13.436
49.801	13.441
51.170	13.210
52.358	13.035
53.168	13.222
53.772	13.689
54.372	14.233
55.094	14.703
56.080	14.945
57.495	14.749
59.212	14.154
60.743	13.681
62.027	13.514
63.351	13.388
64.785	13.160
66.131	12.950
67.232	12.909
68.144	13.036
69.033	13.221
70.025	13.346
71.092	13.387
72.074	13.445
72.869	13.634
73.558	13.944
74.339	14.244
75.429	14.354
76.930	14.143
78.600	13.736
79.989	13.462
80.942	13.484
81.599	13.739
82.140	14.116
82.709	14.516
83.457	14.836
84.609	14.916
86.386	14.567
88.523	13.896
90.264	13.404
91.392	13.307
92.209	13.450
93.021	13.646
94.061	13.756
95.542	13.649
97.492	13.275
99.511	12.805
101.095	12.512
102.152	12.477
102.872	12.621
103.413	12.869
103.876	13.173
104.329	13.504
104.821	13.834
105.415	14.131
106.165	14.357
107.125	14.478
108.377	14.456
110.050	14.241
112.316	13.769
115.035	13.097
117.640	12.458
119.630	12.067
121.027	11.920
122.044	11.929
122.835	12.027
123.481	12.184
124.032	12.381
124.531	12.608
125.026	12.850
125.569	13.086
126.215	13.293
127.008	13.448
127.950	13.539
128.975	13.581
129.968	13.619
130.836	13.700
131.566	13.843
132.233	14.030
132.982	14.207
133.989	14.301
135.472	14.214
137.467	13.911
139.712	13.481
141.748	13.112
143.370	12.898
144.655	12.819
145.749	12.818
146.791	12.847
147.863	12.876
149.033	12.878
150.327	12.842
151.719	12.773
153.185	12.678
154.644	12.582
156.060	12.496
157.387	12.433
158.603	12.402
159.726	12.399
160.762	12.423
161.748	12.462
162.725	12.506
163.657	12.560
164.563	12.619
165.381	12.698
166.098	12.804
166.706	12.942
167.215	13.115
167.670	13.312
168.124	13.521
168.648	13.720
169.332	13.882
170.288	13.968
171.600	13.943
173.271	13.797
175.107	13.581
176.863	13.376
178.406	13.235
179.743	13.163
180.994	13.126
182.259	13.093
183.554	13.053
184.883	13.003
186.226	12.947
187.527	12.900
188.787	12.865
190.012	12.839
191.208	12.824
192.417	12.808
193.669	12.785
194.959	12.752
196.300	12.707
197.657	12.656
198.964	12.612
200.181	12.585
201.277	12.582
202.213	12.616
203.015	12.682
203.717	12.774
204.341	12.887
204.923	13.014
205.506	13.145
206.108	13.275
206.758	13.398
207.481	13.504
208.293	13.588
209.166	13.656
210.092	13.707
211.042	13.749
211.953	13.797
212.817	13.857
213.651	13.927
214.477	14.003
215.359	14.072
216.386	14.110
217.669	14.090
219.290	13.992
221.339	13.795
223.803	13.503
226.494	13.161
229.134	12.831
231.491	12.563
233.458	12.378
235.046	12.273
236.342	12.228
237.414	12.230
238.343	12.261
239.175	12.313
239.950	12.378
240.684	12.452
241.417	12.528
242.177	12.602
242.997	12.668
243.893	12.721
244.915	12.752
246.068	12.758
247.346	12.738
248.675	12.705
249.998	12.667
251.223	12.642
252.299	12.642
253.204	12.674
253.975	12.733
254.658	12.812
255.292	12.903
255.919	13.000
256.595	13.090
257.363	13.167
258.245	13.224
259.263	13.254
260.429	13.255
261.705	13.232
263.032	13.195
264.333	13.159
265.561	13.134
266.695	13.127
267.771	13.135
268.843	13.149
270.031	13.149
271.459	13.114
273.244	13.023
275.431	12.866
277.962	12.649
280.637	12.404
283.131	12.183
285.266	12.016
287.005	11.912
288.410	11.861
289.562	11.851
290.534	11.869
291.386	11.906
292.150	11.956
292.855	12.016
293.502	12.086
294.114	12.161
294.697	12.242
295.270	12.326
295.827	12.413
296.392	12.500
296.950	12.589
297.524	12.676
298.105	12.763
298.699	12.849
299.301	12.935
299.914	13.019
300.548	13.101
301.216	13.179
301.931	13.250
302.710	13.313
303.591	13.362
304.635	13.386
305.893	13.377
307.419	13.326
309.183	13.236
311.146	13.110
313.182	12.968
315.097	12.840
316.780	12.743
318.150	12.694
319.242	12.687
320.118	12.715
320.839	12.768
321.481	12.838
322.105	12.914
322.780	12.988
323.595	13.045
324.648	13.073
326.076	13.051
327.948	12.967
330.246	12.820
332.810	12.629
335.370	12.431
337.660	12.265
339.527	12.155
340.989	12.100
342.153	12.087
343.117	12.103
343.987	12.134
344.800	12.173
345.563	12.219
346.293	12.270
347.009	12.323
347.702	12.379
348.383	12.437
349.039	12.498
349.675	12.563
350.298	12.629
350.915	12.698
351.540	12.766
352.172	12.833
352.822	12.900
353.487	12.964
354.195	13.024
354.924	13.081
355.708	13.131
356.538	13.175
357.406	13.213
358.330	13.245
359.316	13.267
360.360	13.281
361.459	13.287
362.596	13.287
363.751	13.283
364.920	13.277
366.065	13.273
367.191	13.272
368.298	13.274
369.413	13.277
370.577	13.275
371.854	13.262
373.305	13.228
374.986	13.166
376.955	13.068
379.126	12.943
381.356	12.807
383.531	12.677
385.547	12.564
387.351	12.478
388.970	12.417
390.428	12.376
391.772	12.350
393.047	12.334
394.261	12.325
395.424	12.320
396.548	12.320
397.586	12.328
398.517	12.348
399.345	12.378
400.059	12.422
400.684	12.476
401.241	12.538
401.736	12.608
402.164	12.687
402.540	12.773
402.883	12.865
403.211	12.959
403.519	13.058
403.821	13.159
404.118	13.261
404.418	13.365
404.723	13.470
405.045	13.574
405.384	13.678
405.749	13.779
406.144	13.878
406.582	13.972
407.076	14.060
407.648	14.140
408.323	14.206
409.147	14.254
410.193	14.274
411.498	14.259
413.114	14.202
415.042	14.102
417.233	13.963
419.473	13.813
421.598	13.674
423.442	13.568
424.925	13.509
426.082	13.493
427.004	13.508
427.757	13.547
428.397	13.603
428.985	13.667
429.549	13.736
430.096	13.808
430.659	13.879
431.250	13.947
431.865	14.013
432.526	14.074
433.226	14.129
433.969	14.179
434.745	14.225
435.585	14.263
436.464	14.295
437.402	14.320
438.417	14.336
439.537	14.338
440.773	14.326
442.139	14.297
443.636	14.251
445.245	14.190
446.951	14.115
448.688	14.035
450.393	13.960
452.051	13.890
453.656	13.828
455.220	13.774
456.782	13.722
458.374	13.667
460.010	13.609
461.669	13.547
463.325	13.484
464.891	13.431
466.355	13.389
467.695	13.361
468.936	13.345
470.120	13.338
471.314	13.332
472.609	13.318
474.077	13.290
475.826	13.236
477.910	13.150
480.341	13.028
483.003	12.881
485.648	12.731
488.060	12.600
490.097	12.502
491.650	12.449
492.794	12.436
493.617	12.456
494.198	12.500
494.621	12.561
494.947	12.633
495.210	12.713
495.453	12.797
495.703	12.882
495.988	12.966
496.336	13.045
496.784	13.117
497.374	13.176
498.139	13.220
499.130	13.243
500.408	13.238
501.996	13.202
503.855	13.138
505.837	13.058
507.810	12.975
509.666	12.900
511.282	12.845
512.581	12.821
513.628	12.821
514.465	12.842
515.154	12.879
515.763	12.926
516.343	12.977
516.941	13.028
517.587	13.077
518.301	13.120
519.140	13.152
520.130	13.170
521.291	13.173
522.623	13.158
524.087	13.130
525.629	13.093
527.169	13.054
528.648	13.019
530.021	12.993
531.250	12.978
532.319	12.979
533.248	12.993
534.060	13.019
534.773	13.054
535.415	13.097
536.001	13.145
536.556	13.198
537.095	13.252
537.633	13.308
538.178	13.363
538.735	13.417
539.305	13.470
539.880	13.524
540.461	13.577
541.065	13.628
541.706	13.676
542.390	13.721
543.136	13.760
543.968	13.792
544.918	13.813
546.008	13.820
547.259	13.813
548.676	13.788
550.264	13.747
552.004	13.690
553.858	13.622
555.797	13.546
557.768	13.467
559.778	13.387
561.863	13.302
564.016	13.212
566.184	13.122
568.375	13.030
570.507	12.942
572.493	12.865
574.274	12.805
575.801	12.765
577.076	12.747
578.116	12.748
578.959	12.767
579.654	12.799
580.247	12.840
580.775	12.889
581.268	12.941
581.755	12.994
582.257	13.048
582.796	13.099
583.393	13.146
584.067	13.187
584.827	13.221
585.690	13.247
586.663	13.264
587.743	13.271
588.937	13.268
590.207	13.257
591.517	13.242
592.824	13.226
594.079	13.213
595.254	13.206
596.307	13.209
597.282	13.219
598.156	13.237
598.942	13.263
599.649	13.296
600.292	13.336
600.889	13.379
601.455	13.426
602.006	13.475
602.548	13.526
603.097	13.576
603.672	13.625
604.278	13.671
604.923	13.714
605.612	13.754
606.354	13.789
607.159	13.818
608.028	13.842
608.972	13.860
609.969	13.873
611.055	13.878
612.254	13.874
613.578	13.859
615.037	13.832
616.630	13.793
618.343	13.743
620.143	13.685
621.960	13.625
623.727	13.567
625.359	13.520
626.840	13.485
628.155	13.464
629.310	13.457
630.334	13.462
631.263	13.475
632.141	13.495
633.036	13.515
634.025	13.530
635.187	13.533
636.623	13.516
638.440	13.471
640.705	13.392
643.445	13.277
646.578	13.130
649.902	12.968
653.167	12.808
656.138	12.668
658.692	12.559
660.828	12.482
662.582	12.432
664.031	12.406
665.259	12.395
666.346	12.396
667.312	12.405
668.186	12.421
668.990	12.443
669.763	12.466
670.505	12.492
671.217	12.521
671.916	12.550
672.618	12.580
673.317	12.610
674.023	12.639
674.748	12.668
675.491	12.695
676.235	12.723
676.998	12.749
677.777	12.774
678.557	12.798
679.335	12.823
680.124	12.847
680.885	12.873
681.628	12.899
682.360	12.927
683.070	12.956
683.754	12.987
684.429	13.020
685.104	13.052
685.808	13.083
686.546	13.113
687.361	13.138
688.308	13.155
689.426	13.161
690.787	13.151
692.422	13.123
694.358	13.073
696.604	13.002
699.036	12.916
701.523	12.824
703.930	12.735
706.087	12.661
707.895	12.610
709.373	12.580
710.524	12.572
711.390	12.584
712.064	12.609
712.577	12.646
712.974	12.692
713.292	12.744
713.574	12.799
713.818	12.857
714.039	12.918
714.259	12.979
714.479	13.041
714.711	13.103
714.958	13.165
715.227	13.226
715.523	13.285
715.856	13.342
716.245	13.396
716.696	13.446
717.224	13.492
717.844	13.531
718.558	13.563
719.395	13.587
720.385	13.600
721.519	13.603
722.798	13.595
724.211	13.576
725.723	13.549
727.283	13.518
728.832	13.487
730.363	13.456
731.814	13.430
733.145	13.413
734.364	13.403
735.502	13.400
736.544	13.404
737.527	13.413
738.485	13.424
739.406	13.437
740.333	13.451
741.295	13.463
742.258	13.474
743.229	13.485
744.229	13.493
745.193	13.504
746.106	13.517
746.999	13.532
747.857	13.549
748.637	13.571
749.331	13.600
749.968	13.632
750.543	13.669
751.045	13.712
751.475	13.760
751.878	13.810
752.243	13.864
752.583	13.921
752.902	13.979
753.217	14.039
753.553	14.098
753.919	14.155
754.336	14.210
754.848	14.258
755.498	14.298
756.354	14.324
757.521	14.328
759.153	14.301
761.406	14.231
764.496	14.104
768.581	13.911
773.571	13.657
779.133	13.367
784.707	13.077
789.695	12.827
793.903	12.628
797.161	12.490
799.664	12.400
801.541	12.349
802.971	12.326
804.100	12.322
804.983	12.332
805.748	12.350
806.399	12.376
806.980	12.405
807.501	12.439
807.994	12.474
808.480	12.510
808.944	12.548
809.417	12.585
809.882	12.623
810.314	12.663
810.774	12.701
811.237	12.740
811.666	12.781
812.119	12.820
812.562	12.860
812.994	12.901
813.430	12.942
813.866	12.984
814.311	13.025
814.747	13.066
815.191	13.108
815.657	13.148
816.137	13.188
816.634	13.228
817.171	13.265
817.752	13.300
818.406	13.330
819.141	13.357
819.954	13.379
820.927	13.392
822.088	13.394
823.473	13.383
825.101	13.357
827.032	13.314
829.296	13.251
831.851	13.171
834.550	13.081
837.323	12.986
840.085	12.890
842.677	12.803
844.980	12.733
846.953	12.681
848.644	12.646
850.090	12.625
851.317	12.617
852.415	12.616
853.428	12.622
854.366	12.632
855.290	12.643
856.217	12.655
857.154	12.667
858.141	12.676
859.203	12.681
860.260	12.686
861.392	12.687
862.572	12.686
863.742	12.685
864.961	12.681
866.227	12.674
867.464	12.669
868.744	12.662
870.006	12.656
871.263	12.649
872.511	12.644
873.767	12.637
875.009	12.632
876.249	12.626
877.451	12.623
878.635	12.620
879.806	12.618
880.887	12.620
881.980	12.621
883.014	12.626
883.990	12.634
884.914	12.644
885.802	12.656
886.611	12.672
887.398	12.689
888.128	12.710
888.850	12.731
889.545	12.754
890.221	12.778
890.892	12.802
891.554	12.828
892.241	12.852
892.959	12.875
893.739	12.895
894.577	12.912
895.499	12.925
896.520	12.933
897.646	12.936
898.887	12.932
900.270	12.921
901.736	12.906
903.298	12.884
904.902	12.860
906.489	12.836
908.024	12.814
909.508	12.794
910.804	12.783
912.035	12.775
913.086	12.777
913.975	12.787
914.736	12.804
915.381	12.827
915.910	12.856
916.353	12.891
916.753	12.928
917.098	12.969
917.401	13.012
917.688	13.056
917.956	13.102
918.219	13.149
918.495	13.195
918.795	13.241
919.125	13.285
919.498	13.328
919.911	13.369
920.403	13.405
920.995	13.437
921.656	13.465
922.471	13.485
923.428	13.497
924.520	13.502
925.777	13.497
927.182	13.484
928.699	13.464
930.280	13.439
931.977	13.407
933.567	13.381
935.178	13.352
936.638	13.332
937.957	13.318
939.122	13.313
940.120	13.317
941.009	13.327
941.749	13.346
942.411	13.369
942.988	13.398
943.481	13.431
943.937	13.467
944.366	13.505
944.769	13.544
945.182	13.584
945.600	13.624
946.037	13.663
946.509	13.700
947.040	13.734
947.604	13.767
948.258	13.795
949.027	13.817
949.871	13.835
950.881	13.844
952.053	13.844
953.332	13.837
954.836	13.818
956.496	13.790
958.311	13.754
960.283	13.708
962.406	13.653
964.565	13.597
966.736	13.539
968.899	13.482
970.962	13.430
972.962	13.381
974.824	13.340
976.562	13.306
978.187	13.278
979.672	13.257
981.038	13.242
982.280	13.235
983.434	13.231
984.451	13.235
985.406	13.242
986.257	13.255
987.069	13.269
987.759	13.290
988.405	13.314
988.978	13.341
989.488	13.372
989.959	13.405
990.368	13.441
990.768	13.479
991.128	13.518
991.465	13.559
991.779	13.602
992.075	13.646
992.362	13.691
992.643	13.736
992.938	13.781
993.226	13.827
993.543	13.871
993.858	13.916
994.203	13.960
994.577	14.002
994.964	14.043
995.406	14.082
995.866	14.120
996.404	14.154
996.972	14.186
997.581	14.216
998.250	14.242
998.952	14.266
999.720	14.287
1000.516	14.306
1001.369	14.321
1002.262	14.334
1003.159	14.347
1004.143	14.355
1005.152	14.361
1006.182	14.367
1007.291	14.368
1008.475	14.365
1009.767	14.356
1011.170	14.341
1012.743	14.316
1014.484	14.283
1016.396	14.240
1018.549	14.184
1020.876	14.119
1023.374	14.045
1026.084	13.960
1028.883	13.871
1031.721	13.779
1034.579	13.688
1037.350	13.600
1039.969	13.522
1042.412	13.452
1044.627	13.394
1046.638	13.346
1048.403	13.311
1049.949	13.288
1051.319	13.273
1052.499	13.268
1053.548	13.269
1054.485	13.276
1055.320	13.289
1056.082	13.305
1056.779	13.324
1057.391	13.348
1057.969	13.374
1058.503	13.402
1059.004	13.432
1059.478	13.463
1059.913	13.496
1060.323	13.531
1060.706	13.567
1061.074	13.604
1061.424	13.642
1061.748	13.682
1062.057	13.723
1062.354	13.764
1062.636	13.807
1062.905	13.850
1063.165	13.895
1063.417	13.940
1063.681	13.984
1063.945	14.029
1064.213	14.074
1064.488	14.119
1064.772	14.164
1065.075	14.208
1065.408	14.250
1065.786	14.291
1066.218	14.329
1066.720	14.364
1067.315	14.394
1068.038	14.418
1068.953	14.432
1070.071	14.436
1071.523	14.423
1073.353	14.390
1075.687	14.332
1078.528	14.247
1081.928	14.132
1085.712	13.998
1089.663	13.854
1093.602	13.710
1097.125	13.586
1100.209	13.483
1102.735	13.408
1104.770	13.358
1106.327	13.332
1107.600	13.320
1108.568	13.324
1109.389	13.335
1110.037	13.355
1110.621	13.379
1111.096	13.408
1111.556	13.438
1111.934	13.472
1112.317	13.507
1112.637	13.544
1112.979	13.581
1113.275	13.620
1113.594	13.658
1113.877	13.698
1114.181	13.737
1114.458	13.778
1114.745	13.819
1115.006	13.861
1115.284	13.902
1115.545	13.944
1115.825	13.986
1116.088	14.029
1116.364	14.071
1116.638	14.114
1116.918	14.157
1117.212	14.199
1117.525	14.241
1117.852	14.281
1118.207	14.321
1118.583	14.360
1118.988	14.398
1119.445	14.433
1119.922	14.467
1120.482	14.497
1121.106	14.524
1121.807	14.547
1122.609	14.565
1123.483	14.579
1124.461	14.587
1125.574	14.588
1126.729	14.587
1128.034	14.577
1129.381	14.565
1130.831	14.547
1132.302	14.528
1133.840	14.505
1135.338	14.484
1136.863	14.461
1138.370	14.440
1139.892	14.418
1141.447	14.395
1143.074	14.370
1144.793	14.340
1146.622	14.305
1148.621	14.261
1150.710	14.214
1152.997	14.156
1155.218	14.101
1157.553	14.040
1159.681	13.988
1161.719	13.941
1163.513	13.904
1165.095	13.878
1166.412	13.865
1167.553	13.860
1168.446	13.868
1169.243	13.881
1169.869	13.902
1170.439	13.927
1170.920	13.956
1171.371	13.987
1171.797	14.020
1172.209	14.053
1172.643	14.087
1173.099	14.119
1173.624	14.148
1174.221	14.175
1174.916	14.197
1175.773	14.212
1176.741	14.221
1177.979	14.218
1179.294	14.211
1180.964	14.187
1182.714	14.159
1184.768	14.115
1186.895	14.068
1189.095	14.016
1191.317	13.963
1193.379	13.917
1195.374	13.874
1197.177	13.840
1198.859	13.812
1200.434	13.790
1201.964	13.770
1203.497	13.752
1205.148	13.730
1206.926	13.704
1208.986	13.666
1211.302	13.617
1213.898	13.557
1216.740	13.486
1219.704	13.409
1222.758	13.327
1225.646	13.252
1228.343	13.184
1230.709	13.129
1232.712	13.089
1234.369	13.063
1235.723	13.050
1236.823	13.048
1237.696	13.055
1238.407	13.070
1238.993	13.090
1239.494	13.114
1239.916	13.141
1240.313	13.170
1240.660	13.201
1240.994	13.233
1241.300	13.266
1241.608	13.299
1241.893	13.333
1242.186	13.367
1242.478	13.402
1242.755	13.437
1243.063	13.471
1243.352	13.506
1243.662	13.540
1243.960	13.575
1244.282	13.609
1244.601	13.644
1244.927	13.678
1245.268	13.712
1245.606	13.746
1245.976	13.778
1246.328	13.812
1246.731	13.843
1247.107	13.876
1247.550	13.906
1247.958	13.938
1248.445	13.966
1248.904	13.996
1249.439	14.022
1249.969	14.049
1250.586	14.073
1251.239	14.094
1251.991	14.112
1252.841	14.126
1253.830	14.133
1255.009	14.133
1256.418	14.123
1258.122	14.101
1260.198	14.063
1262.703	14.008
1265.661	13.933
1269.054	13.839
1272.770	13.731
1276.656	13.615
1280.486	13.502
1284.096	13.396
1287.213	13.311
1289.946	13.241
1292.151	13.194
1294.055	13.159
1295.619	13.139
1297.017	13.127
1298.284	13.121
1299.513	13.117
1300.786	13.112
1302.109	13.106
1303.563	13.096
1305.181	13.079
1306.902	13.059
1308.854	13.031
1310.940	12.997
1313.039	12.962
1315.291	12.921
1317.362	12.886
1319.422	12.851
1321.282	12.823
1322.950	12.801
1324.448	12.786
1325.705	12.779
1326.753	12.779
1327.635	12.786
1328.338	12.800
1328.924	12.817
1329.423	12.839
1329.810	12.864
1330.137	12.892
1330.403	12.923
1330.615	12.956
1330.820	12.989
1330.983	13.024
1331.133	13.060
1331.265	13.096
1331.371	13.134
1331.502	13.171
1331.604	13.210
1331.718	13.248
1331.828	13.287
1331.937	13.325
1332.070	13.364
1332.185	13.403
1332.343	13.440
1332.507	13.478
1332.711	13.515
1332.950	13.550
1333.250	13.583
1333.630	13.614
1334.101	13.642
1334.735	13.663
1335.494	13.680
1336.554	13.686
1337.834	13.684
1339.465	13.668
1341.557	13.635
1344.007	13.588
1346.830	13.526
1350.043	13.448
1353.251	13.370
1356.655	13.283
1359.756	13.207
1362.600	13.139
1365.078	13.086
1367.148	13.047
1368.853	13.022
1370.276	13.008
1371.439	13.005
1372.433	13.008
1373.323	13.015
1374.095	13.027
1374.834	13.040
1375.551	13.055
1376.219	13.071
1376.944	13.086
1377.636	13.101
1378.373	13.116
1379.138	13.129
1379.899	13.142
1380.692	13.154
1381.470	13.167
1382.256	13.179
1383.053	13.191
1383.862	13.203
1384.638	13.215
1385.410	13.228
1386.129	13.242
1386.843	13.257
1387.513	13.273
1388.151	13.290
1388.778	13.308
1389.336	13.328
1389.898	13.349
1390.395	13.371
1390.882	13.394
1391.335	13.419
1391.760	13.445
1392.185	13.470
1392.583	13.497
1392.982	13.524
1393.375	13.552
1393.759	13.580
1394.157	13.607
1394.561	13.635
1394.982	13.662
1395.445	13.687
1395.909	13.713
1396.447	13.736
1397.002	13.758
1397.612	13.779
1398.320	13.796
1399.021	13.813
1399.879	13.824
1400.763	13.834
1401.764	13.839
1402.864	13.841
1404.015	13.841
1405.295	13.835
1406.625	13.828
1408.012	13.818
1409.477	13.804
1410.937	13.791
1412.388	13.778
1413.875	13.764
1415.227	13.754
1416.690	13.740
1418.015	13.732
1419.361	13.723
1420.687	13.715
1422.008	13.707
1423.404	13.698
1424.909	13.685
1426.527	13.668
1428.360	13.644
1430.478	13.610
1432.818	13.569
1435.557	13.514
1438.518	13.450
1441.686	13.379
1444.962	13.303
1448.239	13.227
1451.275	13.158
1454.062	13.098
1456.513	13.048
1458.478	13.016
1460.172	12.993
1461.510	12.983
1462.555	12.983
1463.420	12.989
1464.090	13.003
1464.612	13.021
1465.061	13.043
1465.418	13.068
1465.704	13.096
1465.972	13.124
1466.181	13.155
1466.390	13.186
1466.575	13.218
1466.736	13.251
1466.917	13.283
1467.070	13.317
1467.237	13.350
1467.397	13.384
1467.544	13.418
1467.714	13.452
1467.868	13.486
1468.060	13.520
1468.239	13.553
1468.418	13.587
1468.622	13.621
1468.809	13.655
1469.041	13.687
1469.265	13.720
1469.501	13.753
1469.773	13.784
1470.023	13.816
1470.320	13.847
1470.615	13.878
1470.924	13.909
1471.287	13.937
1471.635	13.966
1472.012	13.995
1472.407	14.022
1472.797	14.050
1473.255	14.075
1473.679	14.102
1474.169	14.126
1474.669	14.150
1475.158	14.175
1475.743	14.195
1476.245	14.220
1476.874	14.239
1477.474	14.259
1478.158	14.277
1478.914	14.291
1479.731	14.304
1480.718	14.311
1481.844	14.313
1483.247	14.304
1484.976	14.284
1487.080	14.251
1489.762	14.197
1492.977	14.123
1496.783	14.027
1501.172	13.910
1505.741	13.786
1510.422	13.657
1514.765	13.540
1518.689	13.437
1521.946	13.357
1524.648	13.298
1526.804	13.258
1528.521	13.234
1529.907	13.222
1531.069	13.219
1532.017	13.223
1532.902	13.230
1533.723	13.239
1534.480	13.251
1535.287	13.262
1536.068	13.273
1536.868	13.284
1537.697	13.294
1538.586	13.303
1539.497	13.310
1540.423	13.317
1541.451	13.321
1542.416	13.326
1543.428	13.330
1544.498	13.332
1545.459	13.337
1546.511	13.339
1547.503	13.343
1548.419	13.350
1549.400	13.354
1550.249	13.362
1551.071	13.372
1551.897	13.381
1552.614	13.394
1553.323	13.407
1553.969	13.423
1554.560	13.440
1555.140	13.457
1555.670	13.477
1556.170	13.497
1556.646	13.519
1557.111	13.541
1557.543	13.564
1557.966	13.587
1558.390	13.611
1558.783	13.636
1559.193	13.660
1559.580	13.685
1559.969	13.710
1560.385	13.734
1560.777	13.760
1561.204	13.784
1561.622	13.808
1562.017	13.833
1562.446	13.858
1562.856	13.882
1563.309	13.906
1563.754	13.930
1564.199	13.954
1564.673	13.976
1565.109	14.001
1565.589	14.023
1566.043	14.047
1566.521	14.070
1567.019	14.092
1567.465	14.117
1567.970	14.139
1568.444	14.162
1568.939	14.184
1569.427	14.207
1569.910	14.230
1570.409	14.253
1570.911	14.275
1571.415	14.298
1571.931	14.320
1572.458	14.342
1572.965	14.364
1573.540	14.384
1574.080	14.406
1574.685	14.425
1575.299	14.444
1575.960	14.461
1576.699	14.476
1577.479	14.489
1578.371	14.498
1579.327	14.505
1580.441	14.506
1581.661	14.504
1583.122	14.492
1584.737	14.475
1586.581	14.450
1588.773	14.412
1591.102	14.369
1593.699	14.316
1596.521	14.255
1599.410	14.192
1602.416	14.124
1605.458	14.055
1608.392	13.990
1611.223	13.929
1613.943	13.871
1616.377	13.824
1618.705	13.781
1620.772	13.747
1622.690	13.718
1624.481	13.694
1626.052	13.678
1627.627	13.661
1628.981	13.652
1630.276	13.646
1631.541	13.640
1632.665	13.639
1633.779	13.639
1634.836	13.640
1635.852	13.643
1636.817	13.647
1637.736	13.653
1638.618	13.661
1639.468	13.669
1640.311	13.678
1641.076	13.689
1641.857	13.700
1642.612	13.711
1643.296	13.725
1644.042	13.737
1644.719	13.752
1645.388	13.766
1646.090	13.780
1646.745	13.795
1647.450	13.809
1648.143	13.823
1648.859	13.837
1649.622	13.849
1650.390	13.860
1651.226	13.870
1652.083	13.879
1653.009	13.886
1653.991	13.891
1655.029	13.894
1656.151	13.895
1657.266	13.895
1658.490	13.892
1659.744	13.888
1661.003	13.883
1662.340	13.876
1663.597	13.871
1664.901	13.864
1666.184	13.858
1667.367	13.855
1668.572	13.852
1669.663	13.852
1670.694	13.854
1671.686	13.857
1672.566	13.864
1673.410	13.872
1674.168	13.883
1674.877	13.896
1675.544	13.910
1676.133	13.927
1676.741	13.943
1677.285	13.962
1677.813	13.981
1678.352	14.000
1678.854	14.021
1679.375	14.040
1679.900	14.060
1680.457	14.079
1681.023	14.098
1681.608	14.116
1682.266	14.132
1682.946	14.147
1683.755	14.159
1684.657	14.167
1685.659	14.172
1686.960	14.169
1688.490	14.158
1690.475	14.134
1693.114	14.090
1696.541	14.024
1701.083	13.923
1706.708	13.790
1713.586	13.620
1721.201	13.428
1728.870	13.233
1736.080	13.051
1742.250	12.899
1747.096	12.786
1750.720	12.709
1753.300	12.662
1755.115	12.638
1756.432	12.629
1757.351	12.632
1757.989	12.643
1758.471	12.659
1758.852	12.678
1759.113	12.700
1759.315	12.724
1759.542	12.748
1759.709	12.774
1759.835	12.800
1759.984	12.827
1760.120	12.853
1760.218	12.881
1760.335	12.909
1760.469	12.936
1760.554	12.965
1760.638	12.993
1760.778	13.021
1760.870	13.050
1760.950	13.079
1761.069	13.107
1761.167	13.136
1761.249	13.165
1761.358	13.194
1761.458	13.223
1761.540	13.253
1761.643	13.283
1761.746	13.312
1761.829	13.342
1761.930	13.372
1762.035	13.402
1762.123	13.432
1762.225	13.462
1762.335	13.492
1762.428	13.523
1762.540	13.553
1762.655	13.583
1762.760	13.614
1762.887	13.644
1763.014	13.674
1763.140	13.704
1763.290	13.734
1763.438	13.764
1763.596	13.793
1763.777	13.823
1763.962	13.852
1764.169	13.880
1764.398	13.908
1764.654	13.936
1764.943	13.962
1765.248	13.988
1765.616	14.012
1766.035	14.035
1766.460	14.057
1766.994	14.076
1767.579	14.094
1768.179	14.111
1768.948	14.123
1769.755	14.134
1770.654	14.142
1771.777	14.143
1772.902	14.144
1774.231	14.138
1775.834	14.124
1777.420	14.111
1779.353	14.087
1781.528	14.055
1783.903	14.018
1786.715	13.968
1789.671	13.913
1792.933	13.850
1796.587	13.774
1800.187	13.700
1803.860	13.624
1807.470	13.549
1810.870	13.481
1813.925	13.422
1816.592	13.374
1819.013	13.334
1820.957	13.308
1822.484	13.293
1823.905	13.282
1824.969	13.282
1825.764	13.289
1826.490	13.299
1827.044	13.313
1827.461	13.332
1827.843	13.352
1828.153	13.375
1828.394	13.399
1828.616	13.424
1828.813	13.450
1828.975	13.477
1829.131	13.505
1829.275	13.533
1829.407	13.561
1829.544	13.589
1829.668	13.618
1829.798	13.647
1829.940	13.676
1830.065	13.705
1830.209	13.734
1830.373	13.762
1830.517	13.791
1830.690	13.819
1830.896	13.847
1831.083	13.875
1831.306	13.902
1831.570	13.928
1831.830	13.954
1832.134	13.979
1832.480	14.003
1832.846	14.026
1833.275	14.048
1833.736	14.069
1834.253	14.087
1834.855	14.104
1835.458	14.120
1836.176	14.133
1837.006	14.142
1837.752	14.154
1838.690	14.160
1839.757	14.162
1840.629	14.170
1841.718	14.171
1842.883	14.169
1843.855	14.174
1845.031	14.171
1846.174	14.170
1847.177	14.173
1848.323	14.172
1849.346	14.174
1850.289	14.179
1851.275	14.182
1852.154	14.189
1853.014	14.196
1853.831	14.205
1854.647	14.213
1855.475	14.222
1856.204	14.234
1857.025	14.243
1857.889	14.251
1858.655	14.262
1859.605	14.267
1860.639	14.271
1861.630	14.275
1862.908	14.272
1864.362	14.263
1865.938	14.251
1867.974	14.225
1870.322	14.191
1873.126	14.144
1876.666	14.076
1880.598	13.997
1885.188	13.900
1890.330	13.787
1895.715	13.667
1901.242	13.543
1906.287	13.432
1911.052	13.328
1915.313	13.239
1918.586	13.177
1921.347	13.130
1923.708	13.093
1925.444	13.074
1926.822	13.065
1928.030	13.061
1929.010	13.063
1929.796	13.071
1930.460	13.082
1931.098	13.094
1931.660	13.108
1932.145	13.124
1932.599	13.141
1933.088	13.157
1933.549	13.174
1933.959	13.193
1934.385	13.211
1934.855	13.228
1935.297	13.246
1935.669	13.265
1936.144	13.282
1936.655	13.298
1937.084	13.317
1937.497	13.335
1938.040	13.351
1938.527	13.368
1938.907	13.387
1939.449	13.403
1940.008	13.418
1940.424	13.437
1940.895	13.454
1941.477	13.469
1941.936	13.486
1942.340	13.506
1942.894	13.521
1943.398	13.537
1943.813	13.557
1944.290	13.574
1944.783	13.591
1945.197	13.610
1945.614	13.629
1946.082	13.647
1946.495	13.666
1946.889	13.686
1947.306	13.705
1947.708	13.725
1948.110	13.745
1948.485	13.766
1948.854	13.786
1949.264	13.806
1949.631	13.827
1949.992	13.848
1950.397	13.868
1950.778	13.889
1951.131	13.911
1951.538	13.931
1951.955	13.951
1952.321	13.972
1952.721	13.993
1953.189	14.011
1953.586	14.032
1954.007	14.052
1954.497	14.070
1954.942	14.090
1955.384	14.109
1955.907	14.127
1956.398	14.145
1956.870	14.164
1957.423	14.180
1957.946	14.197
1958.452	14.215
1959.039	14.231
1959.576	14.248
1960.120	14.264
1960.722	14.279
1961.276	14.296
1961.856	14.312
1962.470	14.327
1963.044	14.342
1963.655	14.357
1964.293	14.372
1964.894	14.387
1965.534	14.401
1966.211	14.414
1966.851	14.428
1967.531	14.441
1968.262	14.453
1968.958	14.465
1969.692	14.477
1970.472	14.487
1971.243	14.497
1972.030	14.507
1972.864	14.515
1973.743	14.522
1974.608	14.530
1975.453	14.537
1976.438	14.541
1977.378	14.546
1978.233	14.554
1979.242	14.557
1980.199	14.561
1981.035	14.569
1982.010	14.573
1982.943	14.578
1983.744	14.586
1984.634	14.593
1985.506	14.599
1986.233	14.610
1986.991	14.620
1987.768	14.630
1988.387	14.645
1988.984	14.660
1989.653	14.673
1990.149	14.691
1990.622	14.710
1991.187	14.726
1991.569	14.748
1991.948	14.770
1992.405	14.790
1992.684	14.816
1992.995	14.840
1993.350	14.864
1993.543	14.892
1993.794	14.919
1994.050	14.945
1994.194	14.976
1994.403	15.004
1994.587	15.033
1994.694	15.065
1994.874	15.095
1995.000	15.127
1995.070	15.160
1995.230	15.191
1995.313	15.224
1995.365	15.259
1995.499	15.291
1995.556	15.325
1995.614	15.360
1995.706	15.394
1995.737	15.429
1995.810	15.464
1995.868	15.499
1995.875	15.537
1995.959	15.571
1995.989	15.608
1996.011	15.645
1996.074	15.681
1996.084	15.719
1996.131	15.755
1996.163	15.793
1996.157	15.832
1996.219	15.868
1996.231	15.907
1996.256	15.945
1996.288	15.983
1996.280	16.023
1996.327	16.061
1996.339	16.100
1996.353	16.139
1996.382	16.178
1996.374	16.219
1996.412	16.258
1996.421	16.298
1996.433	16.339
1996.458	16.379
1996.446	16.420
1996.483	16.460
1996.486	16.501
1996.501	16.542
1996.519	16.584
1996.513	16.626
1996.542	16.667
1996.536	16.709
1996.559	16.751
1996.565	16.794
1996.573	16.836
1996.591	16.878
1996.581	16.922
1996.608	16.964
1996.602	17.008
1996.622	17.051
1996.625	17.095
1996.634	17.139
1996.645	17.183
1996.643	17.228
1996.663	17.272
1996.651	17.317
1996.675	17.361
1996.668	17.407
1996.686	17.452
1996.685	17.497
1996.696	17.543
1996.701	17.589
1996.705	17.635
1996.715	17.681
1996.714	17.728
1996.728	17.774
1996.722	17.822
1996.740	17.868
1996.729	17.916
1996.749	17.963
1996.737	18.012
1996.757	18.059
1996.748	18.108
1996.765	18.155
1996.758	18.205
1996.773	18.253
1996.768	18.302
1996.781	18.351
1996.776	18.401
1996.789	18.451
1996.784	18.501
1996.796	18.551
1996.791	18.601
1996.804	18.652
1996.798	18.703
1996.811	18.754
1996.804	18.805
1996.818	18.856
1996.810	18.909
1996.825	18.960
1996.816	19.013
1996.829	19.065
1996.824	19.118
1996.834	19.171
1996.831	19.224
1996.838	19.277
1996.839	19.331
1996.841	19.385
1996.846	19.439
1996.845	19.494
1996.853	19.548
1996.848	19.603
1996.859	19.658
1996.853	19.714
1996.861	19.769
1996.860	19.825
1996.864	19.881
1996.868	19.937
1996.866	19.994
1996.875	20.051
1996.868	20.108
1996.877	20.165
1996.875	20.223
1996.879	20.281
1996.883	20.339
1996.880	20.398
1996.888	20.456
1996.884	20.516
1996.889	20.575
1996.891	20.634
1996.890	20.694
1996.897	20.754
1996.893	20.815
1996.898	20.875
1996.901	20.936
1996.898	20.997
1996.904	21.058
1996.903	21.120
1996.905	21.182
1996.910	21.244
1996.905	21.307
1996.911	21.370
1996.913	21.433
1996.911	21.497
1996.916	21.560
1996.916	21.624
1996.916	21.689
1996.921	21.753
1996.919	21.818
1996.921	21.883
1996.925	21.949
1996.923	22.015
1996.925	22.081
1996.929	22.147
1996.927	22.214
1996.929	22.281
1996.932	22.348
1996.931	22.415
1996.932	22.483
1996.936	22.551
1996.935	22.620
1996.936	22.689
1996.939	22.758
1996.940	22.827
1996.938	22.897
1996.941	22.967
1996.944	23.038
1996.942	23.108
1996.944	23.179
1996.946	23.251
1996.947	23.322
1996.946	23.395
1996.948	23.467
1996.950	23.539
1996.950	23.613
1996.950	23.686
1996.952	23.759
1996.954	23.833
1996.953	23.908
