<j>	<F>
1.246	20.230
3.002	11.614
4.179	10.899
5.196	11.156
6.054	12.657
7.215	14.244
8.585	11.436
9.532	12.759
11.137	12.035
12.467	10.583
13.346	11.228
14.237	12.121
15.522	12.358
17.083	11.206
18.031	11.225
18.729	12.104
19.440	13.182
20.367	13.904
21.486	13.900
22.550	13.992
23.598	14.074
24.543	14.400
25.496	14.789
26.692	14.889
28.339	13.899
29.759	13.131
30.782	13.117
31.548	13.591
32.242	14.305
32.951	15.017
33.668	15.788
34.659	16.272
36.382	15.425
38.246	13.966
39.354	13.671
40.058	14.153
40.693	14.825
41.311	15.561
41.954	16.348
42.828	16.894
44.396	16.488
47.021	14.592
49.278	12.927
50.306	12.732
50.847	13.227
51.368	13.878
52.136	14.383
53.392	14.399
54.975	13.902
56.180	13.619
56.831	13.932
57.242	14.605
57.644	15.395
58.184	16.123
59.043	16.540
60.413	16.340
62.128	15.617
63.566	15.095
64.501	15.129
65.151	15.527
65.716	16.077
66.315	16.641
67.037	17.098
67.946	17.346
69.090	17.324
70.581	16.948
72.480	16.152
74.343	15.315
75.630	14.992
76.493	15.141
77.473	15.351
79.355	15.035
82.678	13.725
85.950	12.324
87.839	11.757
88.864	11.722
89.525	11.900
90.007	12.186
90.395	12.540
90.742	12.941
91.088	13.369
91.469	13.806
91.919	14.227
92.476	14.602
93.164	14.901
93.977	15.113
94.877	15.255
95.812	15.364
96.766	15.461
97.775	15.532
98.919	15.526
100.275	15.387
101.845	15.110
103.539	14.755
105.236	14.403
106.832	14.111
108.221	13.924
109.327	13.877
110.148	13.980
110.755	14.210
111.248	14.524
111.742	14.869
112.371	15.171
113.303	15.331
114.711	15.234
116.582	14.858
118.546	14.389
120.167	14.072
121.324	13.985
122.117	14.086
122.670	14.318
123.085	14.638
123.439	15.012
123.804	15.407
124.257	15.780
124.911	16.069
125.927	16.174
127.442	16.000
129.326	15.585
131.114	15.176
132.486	14.978
133.537	14.971
134.555	15.027
135.900	14.984
138.002	14.662
141.060	13.964
144.396	13.129
146.953	12.555
148.521	12.336
149.469	12.347
150.136	12.469
150.717	12.634
151.315	12.805
151.990	12.960
152.768	13.084
153.647	13.174
154.591	13.237
155.543	13.290
156.447	13.354
157.284	13.440
158.082	13.546
158.909	13.651
159.864	13.726
161.045	13.734
162.496	13.652
164.133	13.496
165.741	13.329
167.100	13.224
168.120	13.221
168.843	13.314
169.359	13.481
169.750	13.699
170.076	13.948
170.380	14.216
170.692	14.492
171.039	14.767
171.447	15.030
171.947	15.268
172.587	15.462
173.465	15.580
174.788	15.554
176.933	15.266
180.220	14.614
184.168	13.743
187.537	13.035
189.773	12.668
191.169	12.552
192.106	12.572
192.798	12.662
193.351	12.793
193.817	12.950
194.232	13.126
194.621	13.315
195.003	13.510
195.390	13.710
195.788	13.911
196.201	14.113
196.628	14.314
197.074	14.515
197.552	14.712
198.096	14.896
198.783	15.046
199.758	15.122
201.234	15.056
203.389	14.790
206.070	14.352
208.703	13.904
210.798	13.601
212.340	13.459
213.572	13.418
214.717	13.412
215.892	13.404
217.124	13.382
218.371	13.351
219.557	13.328
220.618	13.331
221.525	13.368
222.295	13.441
222.978	13.539
223.648	13.648
224.406	13.746
225.384	13.803
226.751	13.781
228.651	13.641
231.055	13.382
233.631	13.067
235.903	12.801
237.598	12.649
238.750	12.614
239.533	12.662
240.109	12.760
240.586	12.885
241.033	13.021
241.490	13.160
241.989	13.294
242.555	13.417
243.215	13.524
243.992	13.607
244.904	13.662
245.955	13.686
247.132	13.681
248.398	13.654
249.704	13.615
251.005	13.575
252.275	13.541
253.513	13.514
254.734	13.493
255.964	13.472
257.225	13.447
258.530	13.414
259.878	13.372
261.247	13.324
262.596	13.278
263.871	13.242
265.018	13.228
266.001	13.243
266.810	13.292
267.460	13.372
267.979	13.481
268.400	13.613
268.757	13.761
269.077	13.922
269.388	14.089
269.711	14.258
270.070	14.424
270.491	14.581
271.005	14.722
271.660	14.835
272.519	14.907
273.673	14.918
275.219	14.844
277.210	14.673
279.545	14.421
281.943	14.146
284.081	13.918
285.806	13.774
287.167	13.710
288.324	13.695
289.435	13.697
290.618	13.692
291.926	13.665
293.353	13.614
294.840	13.550
296.313	13.484
297.720	13.430
299.043	13.390
300.296	13.365
301.495	13.349
302.647	13.341
303.734	13.343
304.731	13.358
305.613	13.391
306.368	13.445
307.000	13.521
307.527	13.618
307.974	13.730
308.367	13.856
308.731	13.989
309.086	14.128
309.451	14.268
309.841	14.405
310.268	14.538
310.739	14.665
311.258	14.783
311.822	14.893
312.422	14.996
313.042	15.094
313.662	15.191
314.264	15.293
314.829	15.401
315.349	15.521
315.820	15.652
316.249	15.796
316.645	15.949
317.024	16.110
317.405	16.274
317.817	16.435
318.315	16.583
319.014	16.693
320.216	16.710
322.663	16.495
327.659	15.808
335.439	14.605
342.849	13.463
347.377	12.841
349.756	12.607
351.196	12.542
352.312	12.538
353.351	12.551
354.415	12.563
355.543	12.568
356.747	12.564
358.010	12.551
359.301	12.532
360.572	12.514
361.778	12.503
362.880	12.502
363.861	12.516
364.718	12.546
365.462	12.590
366.115	12.647
366.699	12.714
367.235	12.789
367.744	12.868
368.241	12.951
368.741	13.034
369.252	13.117
369.784	13.198
370.343	13.277
370.934	13.351
371.562	13.422
372.229	13.487
372.938	13.547
373.686	13.601
374.470	13.650
375.285	13.694
376.119	13.735
376.959	13.775
377.789	13.815
378.595	13.858
379.363	13.906
380.088	13.961
380.770	14.022
381.419	14.089
382.063	14.159
382.745	14.227
383.543	14.282
384.583	14.308
386.050	14.279
388.167	14.164
391.078	13.942
394.629	13.626
398.289	13.287
401.444	13.006
403.810	12.827
405.475	12.741
406.675	12.719
407.630	12.733
408.495	12.763
409.373	12.795
410.337	12.820
411.441	12.830
412.729	12.821
414.228	12.789
415.938	12.733
417.823	12.657
419.806	12.568
421.787	12.476
423.668	12.394
425.383	12.328
426.910	12.283
428.267	12.256
429.492	12.244
430.639	12.243
431.754	12.246
432.880	12.249
434.044	12.250
435.262	12.245
436.534	12.235
437.844	12.221
439.161	12.204
440.448	12.189
441.667	12.180
442.787	12.178
443.787	12.188
444.663	12.210
445.417	12.244
446.062	12.288
446.615	12.343
447.092	12.406
447.511	12.476
447.885	12.552
448.227	12.632
448.546	12.715
448.851	12.801
449.148	12.890
449.442	12.979
449.738	13.070
450.041	13.161
450.355	13.252
450.686	13.342
451.040	13.430
451.428	13.517
451.862	13.599
452.363	13.675
452.958	13.741
453.689	13.794
454.613	13.826
455.805	13.829
457.348	13.793
459.304	13.711
461.674	13.581
464.345	13.415
467.095	13.236
469.670	13.073
471.888	12.947
473.687	12.864
475.103	12.824
476.220	12.817
477.121	12.833
477.878	12.866
478.540	12.911
479.143	12.962
479.710	13.018
480.258	13.077
480.797	13.137
481.335	13.198
481.880	13.259
482.438	13.319
483.018	13.378
483.625	13.434
484.269	13.487
484.958	13.535
485.704	13.578
486.523	13.614
487.435	13.640
488.471	13.654
489.678	13.652
491.129	13.627
492.919	13.569
495.167	13.469
497.969	13.317
501.330	13.112
505.077	12.871
508.862	12.624
512.302	12.407
515.142	12.243
517.327	12.138
518.941	12.085
520.123	12.071
521.004	12.086
521.686	12.118
522.246	12.163
522.736	12.216
523.195	12.272
523.651	12.329
524.131	12.386
524.658	12.440
525.257	12.489
525.955	12.531
526.784	12.562
527.776	12.581
528.961	12.584
530.359	12.569
531.971	12.536
533.766	12.486
535.682	12.425
537.629	12.359
539.509	12.297
541.240	12.245
542.772	12.208
544.088	12.189
545.199	12.186
546.131	12.198
546.918	12.223
547.593	12.257
548.183	12.299
548.713	12.346
549.202	12.398
549.667	12.452
550.123	12.508
550.587	12.564
551.076	12.618
551.611	12.670
552.221	12.718
552.942	12.757
553.819	12.784
554.906	12.796
556.261	12.787
557.930	12.753
559.927	12.691
562.210	12.606
564.665	12.504
567.123	12.399
569.411	12.304
571.399	12.231
573.031	12.185
574.313	12.165
575.296	12.170
576.040	12.194
576.605	12.233
577.043	12.283
577.393	12.341
577.683	12.405
577.936	12.472
578.169	12.543
578.396	12.614
578.630	12.687
578.884	12.758
579.176	12.828
579.524	12.895
579.957	12.955
580.512	13.008
581.237	13.048
582.198	13.070
583.471	13.069
585.136	13.037
587.255	12.970
589.827	12.866
592.761	12.732
595.869	12.583
598.910	12.436
601.680	12.308
604.062	12.209
606.038	12.141
607.650	12.100
608.969	12.082
610.064	12.081
610.991	12.093
611.792	12.114
612.497	12.142
613.126	12.177
613.694	12.216
614.212	12.258
614.687	12.305
615.124	12.354
615.531	12.406
615.910	12.460
616.265	12.517
616.600	12.576
616.917	12.636
617.218	12.698
617.507	12.761
617.785	12.826
618.053	12.893
618.313	12.960
618.566	13.029
618.812	13.099
619.053	13.169
619.289	13.241
619.520	13.314
619.747	13.388
619.970	13.463
620.189	13.539
620.406	13.616
620.621	13.694
620.834	13.773
621.047	13.852
621.263	13.932
621.484	14.013
621.715	14.093
621.964	14.173
622.242	14.252
622.567	14.327
622.970	14.396
623.497	14.456
624.226	14.500
625.276	14.517
626.822	14.492
629.076	14.407
632.217	14.245
636.226	14.007
640.742	13.721
645.134	13.441
648.843	13.215
651.642	13.064
653.614	12.982
654.971	12.952
655.918	12.957
656.612	12.984
657.156	13.024
657.623	13.072
658.063	13.124
658.518	13.176
659.030	13.224
659.647	13.267
660.426	13.299
661.435	13.315
662.753	13.309
664.452	13.277
666.573	13.213
669.091	13.119
671.884	13.003
674.749	12.879
677.458	12.763
679.833	12.669
681.789	12.603
683.333	12.567
684.527	12.556
685.451	12.564
686.182	12.587
686.782	12.621
687.297	12.661
687.760	12.705
688.196	12.752
688.619	12.800
689.040	12.849
689.467	12.898
689.907	12.947
690.364	12.995
690.844	13.041
691.353	13.086
691.898	13.128
692.486	13.168
693.129	13.205
693.840	13.237
694.635	13.263
695.528	13.283
696.535	13.294
697.667	13.297
698.927	13.291
700.303	13.275
701.771	13.252
703.290	13.225
704.809	13.196
706.274	13.170
707.640	13.151
708.874	13.140
709.961	13.139
710.905	13.148
711.721	13.167
712.435	13.194
713.077	13.227
713.682	13.263
714.290	13.300
714.946	13.335
715.702	13.365
716.622	13.385
717.781	13.389
719.262	13.372
721.141	13.330
723.460	13.257
726.190	13.156
729.211	13.033
732.313	12.903
735.261	12.780
737.866	12.678
740.036	12.604
741.769	12.559
743.124	12.538
744.180	12.537
745.016	12.552
745.698	12.577
746.277	12.609
746.790	12.646
747.262	12.686
747.713	12.729
748.156	12.772
748.599	12.816
749.049	12.859
749.511	12.902
749.988	12.944
750.482	12.986
750.995	13.026
751.526	13.066
752.077	13.104
752.647	13.141
753.237	13.177
753.848	13.212
754.481	13.245
755.140	13.277
755.829	13.307
756.553	13.335
757.324	13.360
758.150	13.381
759.048	13.398
760.033	13.410
761.125	13.415
762.342	13.411
763.703	13.399
765.221	13.376
766.904	13.343
768.750	13.299
770.745	13.245
772.866	13.183
775.080	13.115
777.354	13.044
779.652	12.972
781.945	12.900
784.206	12.831
786.413	12.766
788.546	12.705
790.585	12.651
792.510	12.603
794.305	12.563
795.959	12.531
797.464	12.507
798.820	12.492
800.030	12.485
801.104	12.486
802.055	12.495
802.898	12.509
803.648	12.529
804.319	12.554
804.928	12.583
805.487	12.615
806.010	12.650
806.507	12.686
806.992	12.723
807.474	12.761
807.966	12.799
808.480	12.836
809.030	12.871
809.635	12.903
810.314	12.932
811.097	12.955
812.017	12.971
813.117	12.978
814.447	12.971
816.065	12.950
818.023	12.909
820.358	12.848
823.067	12.765
826.094	12.665
829.320	12.554
832.581	12.439
835.709	12.331
838.570	12.237
841.091	12.160
843.260	12.103
845.111	12.063
846.699	12.037
848.087	12.023
849.333	12.016
850.485	12.015
851.584	12.017
852.655	12.021
853.718	12.025
854.783	12.030
855.854	12.034
856.928	12.038
858.000	12.042
859.060	12.046
860.098	12.051
861.102	12.058
862.063	12.066
862.973	12.077
863.826	12.090
864.621	12.107
865.355	12.126
866.032	12.148
866.654	12.173
867.226	12.200
867.754	12.230
868.242	12.262
868.698	12.296
869.125	12.332
869.529	12.369
869.916	12.407
870.289	12.446
870.654	12.485
871.013	12.526
871.370	12.566
871.729	12.607
872.093	12.648
872.465	12.689
872.847	12.729
873.241	12.769
873.651	12.808
874.078	12.847
874.524	12.885
874.990	12.922
875.478	12.957
875.989	12.992
876.524	13.026
877.083	13.058
877.668	13.089
878.281	13.118
878.924	13.146
879.603	13.173
880.328	13.196
881.110	13.217
881.969	13.234
882.936	13.246
884.046	13.250
885.347	13.245
886.895	13.226
888.745	13.192
890.936	13.140
893.473	13.069
896.308	12.981
899.330	12.883
902.372	12.782
905.265	12.688
907.868	12.607
910.097	12.546
911.936	12.504
913.417	12.482
914.594	12.475
915.532	12.481
916.291	12.497
916.918	12.520
917.456	12.549
917.934	12.581
918.376	12.615
918.801	12.650
919.224	12.686
919.659	12.722
920.118	12.757
920.611	12.790
921.153	12.822
921.756	12.850
922.433	12.875
923.200	12.896
924.071	12.912
925.060	12.922
926.181	12.925
927.441	12.921
928.847	12.910
930.400	12.891
932.098	12.865
933.939	12.832
935.921	12.792
938.051	12.745
940.344	12.692
942.820	12.630
945.503	12.560
948.410	12.481
951.531	12.393
954.823	12.297
958.199	12.198
961.545	12.100
964.732	12.009
967.651	11.930
970.227	11.865
972.434	11.815
974.278	11.782
975.796	11.762
977.033	11.755
978.040	11.758
978.862	11.769
979.538	11.787
980.101	11.809
980.575	11.836
980.981	11.866
981.333	11.898
981.642	11.933
981.919	11.969
982.169	12.007
982.398	12.045
982.609	12.085
982.807	12.126
982.994	12.167
983.171	12.209
983.342	12.252
983.506	12.295
983.667	12.338
983.824	12.382
983.979	12.427
984.135	12.471
984.290	12.516
984.448	12.561
984.608	12.607
984.772	12.652
984.942	12.697
985.119	12.743
985.304	12.788
985.500	12.833
985.707	12.878
985.928	12.923
986.166	12.967
986.422	13.010
986.698	13.053
986.998	13.094
987.324	13.135
987.677	13.174
988.063	13.212
988.481	13.249
988.935	13.284
989.425	13.317
989.953	13.349
990.518	13.378
991.119	13.406
991.755	13.432
992.422	13.456
993.116	13.479
993.832	13.501
994.562	13.521
995.302	13.542
996.044	13.562
996.783	13.582
997.513	13.602
998.231	13.623
998.933	13.645
999.619	13.668
1000.289	13.692
1000.943	13.716
1001.585	13.742
1002.219	13.768
1002.848	13.794
1003.477	13.820
1004.113	13.847
1004.759	13.873
1005.423	13.898
1006.108	13.922
1006.820	13.944
1007.561	13.965
1008.336	13.985
1009.146	14.002
1009.991	14.017
1010.870	14.031
1011.777	14.043
1012.710	14.053
1013.659	14.062
1014.618	14.071
1015.577	14.079
1016.527	14.088
1017.459	14.097
1018.366	14.108
1019.240	14.120
1020.079	14.135
1020.878	14.151
1021.638	14.170
1022.358	14.191
1023.041	14.214
1023.689	14.240
1024.305	14.267
1024.894	14.296
1025.461	14.327
1026.010	14.358
1026.547	14.391
1027.077	14.424
1027.610	14.457
1028.154	14.490
1028.722	14.522
1029.330	14.552
1030.000	14.579
1030.764	14.601
1031.660	14.616
1032.739	14.621
1034.062	14.612
1035.693	14.587
1037.690	14.542
1040.077	14.474
1042.826	14.386
1045.835	14.282
1048.932	14.171
1051.922	14.065
1054.632	13.974
1056.958	13.902
1058.872	13.854
1060.405	13.826
1061.624	13.816
1062.601	13.819
1063.410	13.832
1064.115	13.852
1064.769	13.876
1065.422	13.900
1066.119	13.923
1066.905	13.942
1067.828	13.954
1068.939	13.958
1070.290	13.950
1071.929	13.928
1073.891	13.890
1076.181	13.835
1078.765	13.765
1081.555	13.684
1084.429	13.597
1087.243	13.513
1089.867	13.437
1092.209	13.374
1094.228	13.327
1095.926	13.296
1097.332	13.278
1098.491	13.273
1099.448	13.278
1100.247	13.291
1100.924	13.310
1101.507	13.333
1102.021	13.361
1102.481	13.391
1102.902	13.423
1103.291	13.457
1103.658	13.492
1104.009	13.529
1104.346	13.566
1104.676	13.604
1105.000	13.642
1105.322	13.680
1105.643	13.719
1105.968	13.758
1106.297	13.797
1106.636	13.835
1106.989	13.873
1107.359	13.911
1107.754	13.948
1108.182	13.983
1108.656	14.016
1109.191	14.046
1109.808	14.073
1110.538	14.095
1111.419	14.109
1112.502	14.114
1113.849	14.107
1115.533	14.084
1117.625	14.041
1120.178	13.977
1123.204	13.889
1126.639	13.782
1130.344	13.661
1134.110	13.536
1137.728	13.418
1141.020	13.315
1143.900	13.231
1146.350	13.167
1148.419	13.121
1150.171	13.090
1151.686	13.070
1153.033	13.059
1154.268	13.053
1155.434	13.051
1156.565	13.050
1157.681	13.051
1158.794	13.052
1159.910	13.052
1161.028	13.053
1162.145	13.053
1163.251	13.054
1164.337	13.056
1165.392	13.058
1166.406	13.062
1167.373	13.068
1168.285	13.077
1169.142	13.087
1169.942	13.100
1170.691	13.116
1171.393	13.133
1172.058	13.152
1172.694	13.173
1173.315	13.194
1173.930	13.216
1174.556	13.237
1175.205	13.258
1175.893	13.278
1176.636	13.295
1177.449	13.310
1178.348	13.321
1179.343	13.328
1180.446	13.331
1181.662	13.329
1182.989	13.321
1184.417	13.310
1185.930	13.294
1187.502	13.276
1189.102	13.256
1190.698	13.236
1192.254	13.217
1193.745	13.200
1195.148	13.187
1196.450	13.178
1197.645	13.174
1198.737	13.174
1199.732	13.178
1200.641	13.186
1201.476	13.197
1202.251	13.211
1202.979	13.227
1203.672	13.245
1204.339	13.264
1204.991	13.283
1205.635	13.303
1206.275	13.324
1206.918	13.344
1207.565	13.365
1208.220	13.385
1208.881	13.404
1209.550	13.424
1210.224	13.443
1210.904	13.462
1211.586	13.481
1212.271	13.500
1212.958	13.519
1213.649	13.537
1214.347	13.556
1215.060	13.574
1215.799	13.591
1216.579	13.606
1217.424	13.619
1218.364	13.629
1219.437	13.633
1220.688	13.630
1222.170	13.618
1223.929	13.595
1226.007	13.558
1228.414	13.508
1231.125	13.445
1234.058	13.371
1237.092	13.293
1240.076	13.216
1242.868	13.145
1245.358	13.087
1247.489	13.042
1249.251	13.012
1250.670	12.997
1251.794	12.993
1252.678	13.000
1253.373	13.014
1253.926	13.035
1254.374	13.061
1254.746	13.089
1255.067	13.120
1255.354	13.153
1255.622	13.187
1255.884	13.222
1256.150	13.256
1256.428	13.291
1256.730	13.324
1257.065	13.357
1257.444	13.388
1257.881	13.417
1258.389	13.444
1258.985	13.467
1259.688	13.486
1260.519	13.500
1261.497	13.508
1262.643	13.509
1263.973	13.503
1265.496	13.489
1267.212	13.468
1269.109	13.438
1271.162	13.402
1273.332	13.361
1275.576	13.317
1277.846	13.272
1280.103	13.227
1282.317	13.184
1284.476	13.143
1286.576	13.105
1288.631	13.069
1290.657	13.035
1292.682	13.002
1294.726	12.968
1296.812	12.933
1298.953	12.897
1301.159	12.859
1303.424	12.819
1305.742	12.777
1308.091	12.734
1310.444	12.691
1312.772	12.649
1315.039	12.608
1317.216	12.571
1319.274	12.538
1321.194	12.510
1322.963	12.487
1324.575	12.469
1326.031	12.457
1327.336	12.449
1328.502	12.447
1329.540	12.449
1330.464	12.455
1331.289	12.465
1332.025	12.477
1332.688	12.492
1333.288	12.510
1333.836	12.529
1334.342	12.550
1334.814	12.573
1335.260	12.596
1335.688	12.620
1336.105	12.645
1336.517	12.670
1336.931	12.695
1337.355	12.720
1337.794	12.744
1338.257	12.768
1338.753	12.791
1339.290	12.813
1339.878	12.833
1340.528	12.851
1341.254	12.866
1342.066	12.879
1342.979	12.888
1344.006	12.894
1345.161	12.895
1346.452	12.891
1347.885	12.882
1349.462	12.868
1351.179	12.850
1353.021	12.826
1354.965	12.799
1356.983	12.770
1359.040	12.738
1361.099	12.707
1363.124	12.676
1365.086	12.648
1366.955	12.622
1368.721	12.600
1370.368	12.581
1371.901	12.567
1373.320	12.557
1374.635	12.550
1375.857	12.546
1376.999	12.545
1378.075	12.547
1379.098	12.550
1380.079	12.555
1381.031	12.561
1381.965	12.567
1382.889	12.574
1383.813	12.582
1384.739	12.589
1385.677	12.595
1386.624	12.602
1387.588	12.608
1388.563	12.614
1389.552	12.619
1390.548	12.624
1391.552	12.628
1392.556	12.633
1393.559	12.637
1394.553	12.642
1395.538	12.647
1396.509	12.652
1397.464	12.658
1398.405	12.664
1399.328	12.671
1400.238	12.678
1401.133	12.686
1402.018	12.695
1402.895	12.703
1403.765	12.712
1404.631	12.721
1405.492	12.730
1406.353	12.739
1407.208	12.748
1408.061	12.758
1408.905	12.767
1409.740	12.777
1410.560	12.787
1411.364	12.798
1412.147	12.810
1412.905	12.822
1413.635	12.835
1414.336	12.849
1415.005	12.865
1415.643	12.881
1416.250	12.898
1416.831	12.917
1417.388	12.936
1417.929	12.956
1418.463	12.976
1419.003	12.996
1419.566	13.016
1420.177	13.035
1420.867	13.051
1421.680	13.064
1422.671	13.071
1423.915	13.071
1425.499	13.060
1427.524	13.036
1430.091	12.994
1433.271	12.933
1437.072	12.852
1441.409	12.753
1446.078	12.643
1450.793	12.530
1455.253	12.424
1459.212	12.333
1462.538	12.261
1465.205	12.209
1467.269	12.176
1468.824	12.160
1469.978	12.156
1470.829	12.161
1471.457	12.174
1471.922	12.193
1472.273	12.215
1472.543	12.240
1472.755	12.266
1472.928	12.295
1473.073	12.324
1473.199	12.354
1473.311	12.385
1473.415	12.416
1473.512	12.447
1473.605	12.479
1473.696	12.511
1473.787	12.543
1473.878	12.575
1473.971	12.608
1474.066	12.640
1474.164	12.673
1474.266	12.705
1474.374	12.738
1474.487	12.770
1474.608	12.802
1474.737	12.835
1474.875	12.867
1475.026	12.899
1475.189	12.930
1475.367	12.962
1475.563	12.993
1475.778	13.023
1476.016	13.053
1476.278	13.082
1476.570	13.110
1476.894	13.138
1477.254	13.164
1477.653	13.189
1478.097	13.213
1478.590	13.235
1479.134	13.255
1479.735	13.274
1480.395	13.291
1481.115	13.305
1481.898	13.318
1482.743	13.328
1483.649	13.336
1484.611	13.342
1485.627	13.347
1486.687	13.349
1487.787	13.351
1488.917	13.351
1490.071	13.350
1491.241	13.348
1492.423	13.347
1493.614	13.344
1494.810	13.342
1496.016	13.339
1497.234	13.336
1498.469	13.333
1499.731	13.328
1501.026	13.323
1502.363	13.316
1503.750	13.308
1505.190	13.298
1506.690	13.286
1508.243	13.272
1509.851	13.257
1511.499	13.240
1513.176	13.222
1514.867	13.203
1516.551	13.185
1518.216	13.167
1519.841	13.150
1521.416	13.135
1522.929	13.121
1524.376	13.110
1525.755	13.101
1527.065	13.095
1528.313	13.090
1529.503	13.088
1530.642	13.087
1531.737	13.088
1532.794	13.089
1533.822	13.092
1534.822	13.096
1535.801	13.101
1536.761	13.106
1537.702	13.112
1538.628	13.118
1539.535	13.125
1540.425	13.132
1541.294	13.141
1542.142	13.149
1542.966	13.159
1543.763	13.169
1544.534	13.180
1545.274	13.192
1545.984	13.206
1546.664	13.220
1547.310	13.235
1547.926	13.251
1548.510	13.268
1549.064	13.287
1549.588	13.306
1550.084	13.326
1550.552	13.348
1550.996	13.370
1551.415	13.393
1551.812	13.417
1552.188	13.442
1552.544	13.467
1552.883	13.493
1553.206	13.520
1553.513	13.547
1553.808	13.575
1554.089	13.603
1554.360	13.632
1554.620	13.662
1554.872	13.692
1555.115	13.722
1555.351	13.752
1555.582	13.783
1555.807	13.814
1556.028	13.846
1556.246	13.878
1556.461	13.910
1556.676	13.942
1556.891	13.974
1557.107	14.006
1557.326	14.039
1557.548	14.071
1557.776	14.103
1558.012	14.135
1558.256	14.167
1558.513	14.199
1558.782	14.230
1559.067	14.261
1559.371	14.292
1559.697	14.321
1560.048	14.350
1560.427	14.378
1560.838	14.405
1561.286	14.430
1561.774	14.454
1562.308	14.477
1562.892	14.497
1563.530	14.516
1564.230	14.532
1564.994	14.546
1565.832	14.557
1566.749	14.565
1567.751	14.570
1568.849	14.571
1570.050	14.569
1571.368	14.562
1572.815	14.550
1574.407	14.533
1576.161	14.510
1578.093	14.480
1580.217	14.444
1582.549	14.400
1585.087	14.348
1587.827	14.290
1590.745	14.225
1593.794	14.156
1596.932	14.084
1600.077	14.012
1603.165	13.942
1606.129	13.876
1608.906	13.816
1611.466	13.765
1613.777	13.722
1615.839	13.687
1617.657	13.661
1619.248	13.643
1620.635	13.632
1621.842	13.628
1622.896	13.628
1623.824	13.633
1624.648	13.642
1625.393	13.653
1626.080	13.667
1626.731	13.682
1627.366	13.698
1628.008	13.714
1628.680	13.729
1629.405	13.743
1630.213	13.754
1631.135	13.762
1632.204	13.765
1633.461	13.763
1634.945	13.753
1636.691	13.735
1638.733	13.708
1641.085	13.671
1643.740	13.624
1646.666	13.569
1649.792	13.507
1653.028	13.441
1656.266	13.374
1659.401	13.311
1662.346	13.253
1665.038	13.203
1667.450	13.161
1669.577	13.129
1671.436	13.104
1673.052	13.088
1674.459	13.077
1675.690	13.073
1676.776	13.073
1677.744	13.076
1678.617	13.083
1679.415	13.092
1680.156	13.103
1680.852	13.115
1681.517	13.128
1682.163	13.142
1682.797	13.157
1683.429	13.172
1684.068	13.186
1684.720	13.201
1685.394	13.214
1686.094	13.227
1686.827	13.239
1687.600	13.250
1688.415	13.260
1689.278	13.268
1690.190	13.275
1691.154	13.281
1692.168	13.285
1693.233	13.287
1694.343	13.288
1695.495	13.287
1696.681	13.286
1697.894	13.283
1699.126	13.280
1700.368	13.277
1701.614	13.273
1702.856	13.270
1704.090	13.267
1705.312	13.264
1706.521	13.261
1707.719	13.259
1708.912	13.257
1710.103	13.255
1711.303	13.253
1712.520	13.250
1713.763	13.247
1715.047	13.243
1716.376	13.238
1717.762	13.231
1719.211	13.222
1720.724	13.211
1722.304	13.199
1723.942	13.184
1725.633	13.169
1727.362	13.152
1729.112	13.134
1730.867	13.116
1732.606	13.098
1734.313	13.082
1735.970	13.066
1737.564	13.052
1739.087	13.041
1740.532	13.031
1741.896	13.024
1743.180	13.019
1744.389	13.016
1745.525	13.015
1746.594	13.016
1747.603	13.019
1748.556	13.023
1749.462	13.029
1750.323	13.036
1751.145	13.044
1751.932	13.053
1752.686	13.064
1753.412	13.075
1754.112	13.086
1754.785	13.099
1755.435	13.112
1756.064	13.126
1756.670	13.141
1757.257	13.156
1757.825	13.171
1758.373	13.188
1758.903	13.204
1759.416	13.222
1759.912	13.239
1760.393	13.258
1760.858	13.277
1761.310	13.296
1761.750	13.315
1762.176	13.336
1762.593	13.356
1763.001	13.377
1763.400	13.398
1763.795	13.419
1764.186	13.440
1764.575	13.462
1764.967	13.484
1765.362	13.505
1765.766	13.526
1766.182	13.548
1766.615	13.568
1767.070	13.588
1767.556	13.608
1768.078	13.626
1768.647	13.643
1769.272	13.659
1769.968	13.672
1770.745	13.684
1771.620	13.692
1772.607	13.697
1773.723	13.699
1774.980	13.696
1776.392	13.688
1777.963	13.676
1779.695	13.659
1781.576	13.638
1783.587	13.612
1785.695	13.584
1787.863	13.553
1790.044	13.522
1792.190	13.491
1794.259	13.463
1796.214	13.437
1798.025	13.416
1799.680	13.399
1801.171	13.387
1802.500	13.379
1803.677	13.376
1804.712	13.378
1805.621	13.382
1806.420	13.391
1807.122	13.402
1807.741	13.415
1808.290	13.431
1808.777	13.449
1809.214	13.468
1809.607	13.489
1809.962	13.510
1810.286	13.533
1810.583	13.557
1810.855	13.581
1811.108	13.607
1811.344	13.632
1811.563	13.659
1811.769	13.686
1811.964	13.713
1812.149	13.741
1812.325	13.769
1812.493	13.797
1812.655	13.826
1812.811	13.855
1812.962	13.884
1813.111	13.914
1813.256	13.943
1813.400	13.973
1813.546	14.003
1813.691	14.033
1813.842	14.063
1813.999	14.093
1814.167	14.123
1814.351	14.152
1814.557	14.181
1814.796	14.209
1815.082	14.236
1815.434	14.261
1815.880	14.284
1816.458	14.302
1817.221	14.315
1818.239	14.321
1819.603	14.317
1821.422	14.299
1823.817	14.264
1826.899	14.209
1830.729	14.131
1835.272	14.031
1840.365	13.914
1845.710	13.789
1850.947	13.665
1855.748	13.554
1859.891	13.462
1863.294	13.392
1865.992	13.342
1868.079	13.311
1869.681	13.294
1870.912	13.288
1871.870	13.290
1872.631	13.298
1873.252	13.311
1873.772	13.327
1874.221	13.344
1874.619	13.364
1874.978	13.384
1875.308	13.406
1875.615	13.428
1875.903	13.451
1876.177	13.475
1876.437	13.498
1876.685	13.523
1876.924	13.547
1877.152	13.572
1877.372	13.598
1877.586	13.623
1877.791	13.649
1877.990	13.675
1878.184	13.702
1878.372	13.728
1878.558	13.755
1878.740	13.782
1878.919	13.809
1879.097	13.837
1879.276	13.864
1879.455	13.892
1879.637	13.919
1879.825	13.947
1880.020	13.974
1880.226	14.001
1880.448	14.028
1880.692	14.054
1880.965	14.080
1881.279	14.104
1881.648	14.128
1882.096	14.149
1882.647	14.167
1883.344	14.181
1884.237	14.190
1885.392	14.191
1886.892	14.183
1888.832	14.163
1891.312	14.127
1894.412	14.073
1898.165	14.001
1902.520	13.911
1907.322	13.807
1912.316	13.697
1917.198	13.590
1921.699	13.493
1925.620	13.411
1928.885	13.348
1931.510	13.303
1933.567	13.274
1935.163	13.258
1936.401	13.252
1937.375	13.254
1938.167	13.261
1938.839	13.272
1939.443	13.285
1940.021	13.300
1940.611	13.314
1941.244	13.327
1941.951	13.339
1942.763	13.349
1943.713	13.355
1944.833	13.356
1946.155	13.353
1947.707	13.344
1949.513	13.329
1951.584	13.306
1953.916	13.277
1956.481	13.242
1959.235	13.202
1962.105	13.158
1965.011	13.113
1967.865	13.069
1970.585	13.029
1973.109	12.992
1975.395	12.962
1977.422	12.938
1979.193	12.920
1980.720	12.909
1982.030	12.903
1983.150	12.901
1984.111	12.904
1984.941	12.910
1985.664	12.920
1986.303	12.931
1986.874	12.944
1987.394	12.958
1987.873	12.974
1988.321	12.990
1988.746	13.007
1989.152	13.025
1989.545	13.043
1989.927	13.061
1990.301	13.080
1990.669	13.098
1991.032	13.117
1991.391	13.137
1991.748	13.156
1992.103	13.175
1992.456	13.194
1992.808	13.214
1993.161	13.233
1993.516	13.253
1993.874	13.272
1994.238	13.292
1994.610	13.311
1994.994	13.330
1995.394	13.349
1995.815	13.367
1996.265	13.385
1996.753	13.401
1997.289	13.417
1997.888	13.431
1998.565	13.444
1999.339	13.454
2000.233	13.461
2001.270	13.464
2002.479	13.464
2003.884	13.458
2005.510	13.447
2007.373	13.430
2009.482	13.407
2011.826	13.378
2014.379	13.343
2017.094	13.304
2019.906	13.262
2022.741	13.220
2025.520	13.178
2028.171	13.139
2030.642	13.105
2032.893	13.076
2034.910	13.052
2036.697	13.035
2038.269	13.022
2039.651	13.015
2040.872	13.011
2041.962	13.011
2042.952	13.014
2043.867	13.019
2044.735	13.025
2045.574	13.031
2046.405	13.039
2047.242	13.046
2048.099	13.052
2048.988	13.058
2049.914	13.064
2050.888	13.068
2051.908	13.071
2052.980	13.073
2054.102	13.073
2055.271	13.073
2056.480	13.071
2057.724	13.069
2058.991	13.066
2060.272	13.062
2061.553	13.058
2062.823	13.055
2064.072	13.052
2065.286	13.050
2066.459	13.048
2067.581	13.048
2068.646	13.049
2069.654	13.051
2070.598	13.055
2071.484	13.060
2072.309	13.067
2073.079	13.075
2073.797	13.085
2074.467	13.095
2075.096	13.107
2075.688	13.119
2076.250	13.132
2076.787	13.146
2077.305	13.161
2077.810	13.176
2078.309	13.191
2078.806	13.206
2079.309	13.221
2079.823	13.236
2080.353	13.250
2080.907	13.264
2081.490	13.278
2082.110	13.291
2082.773	13.302
2083.487	13.313
2084.258	13.322
2085.094	13.329
2086.002	13.335
2086.991	13.339
2088.067	13.341
2089.240	13.341
2090.514	13.338
2091.895	13.333
2093.389	13.325
2095.001	13.314
2096.733	13.300
2098.581	13.284
2100.547	13.265
2102.622	13.243
2104.795	13.218
2107.053	13.192
2109.381	13.164
2111.751	13.135
2114.141	13.106
2116.524	13.077
2118.869	13.048
2121.153	13.021
2123.346	12.996
2125.432	12.973
2127.392	12.953
2129.216	12.937
2130.900	12.923
2132.440	12.913
2133.844	12.906
2135.115	12.902
2136.266	12.900
2137.305	12.901
2138.245	12.905
2139.100	12.911
2139.878	12.918
2140.594	12.927
2141.257	12.937
2141.878	12.948
2142.466	12.960
2143.030	12.973
2143.578	12.986
2144.116	12.999
2144.652	13.013
2145.192	13.026
2145.742	13.039
2146.306	13.053
2146.891	13.065
2147.499	13.077
2148.135	13.089
2148.805	13.100
2149.507	13.110
2150.248	13.119
2151.025	13.127
2151.843	13.135
2152.699	13.141
2153.592	13.147
2154.520	13.152
2155.479	13.156
2156.466	13.160
2157.472	13.162
2158.495	13.165
2159.526	13.167
2160.558	13.169
2161.584	13.172
2162.597	13.174
2163.592	13.177
2164.561	13.180
2165.502	13.184
2166.408	13.189
2167.282	13.195
2168.116	13.201
2168.915	13.209
2169.676	13.217
2170.403	13.226
2171.095	13.235
2171.756	13.246
2172.390	13.257
2172.998	13.269
2173.584	13.281
2174.152	13.294
2174.707	13.307
2175.249	13.321
2175.785	13.335
2176.317	13.349
2176.849	13.363
2177.385	13.376
2177.929	13.390
2178.486	13.404
2179.061	13.417
2179.659	13.430
2180.286	13.442
2180.951	13.453
2181.661	13.463
2182.427	13.472
2183.262	13.479
2184.178	13.485
2185.190	13.489
2186.318	13.489
2187.580	13.487
2188.992	13.482
2190.574	13.472
2192.344	13.458
2194.307	13.440
2196.464	13.417
2198.810	13.390
2201.319	13.359
2203.951	13.325
2206.663	13.288
2209.399	13.251
2212.092	13.215
2214.691	13.181
2217.144	13.150
2219.419	13.123
2221.488	13.100
2223.346	13.083
2224.994	13.069
2226.442	13.061
2227.709	13.057
2228.813	13.056
2229.776	13.059
2230.617	13.064
2231.355	13.072
2232.008	13.082
2232.588	13.093
2233.111	13.106
2233.583	13.120
2234.017	13.136
2234.417	13.151
2234.792	13.168
2235.144	13.185
2235.478	13.203
2235.796	13.221
2236.103	13.239
2236.399	13.258
2236.686	13.277
2236.966	13.296
2237.240	13.315
2237.510	13.334
2237.776	13.354
2238.040	13.374
2238.304	13.393
2238.569	13.413
2238.838	13.433
2239.112	13.453
2239.396	13.472
2239.694	13.492
2240.013	13.511
