<j>	var(j)
1.246	0.387
3.002	0.921
4.179	0.875
5.196	0.705
6.054	0.711
7.215	1.332
8.585	0.975
9.532	1.532
11.137	2.247
12.467	1.536
13.346	1.420
14.237	1.855
15.522	2.821
17.083	2.218
18.031	1.476
18.729	1.284
19.440	1.445
20.367	1.813
21.486	1.844
22.550	1.870
23.598	1.727
24.543	1.681
25.496	1.971
26.692	3.106
28.339	3.566
29.759	2.826
30.782	2.091
31.548	1.697
32.242	1.605
32.951	1.500
33.668	1.754
34.659	3.159
36.382	4.929
38.246	3.751
39.354	2.254
40.058	1.820
40.693	1.646
41.311	1.533
41.954	1.802
42.828	3.072
44.396	6.558
47.021	9.179
49.278	5.271
50.306	2.556
50.847	2.083
51.368	2.686
52.136	4.268
53.392	6.135
54.975	5.628
56.180	3.194
56.831	1.790
57.242	1.473
57.644	1.710
58.184	2.470
59.043	3.985
60.413	5.858
62.128	5.995
63.566	4.223
64.501	2.795
65.151	2.202
65.716	2.118
66.315	2.367
67.037	2.875
67.946	3.613
69.090	4.820
70.581	6.850
72.480	8.304
74.343	6.766
75.630	4.489
76.493	4.392
77.473	7.979
79.355	17.198
82.678	24.597
85.950	17.998
87.839	10.212
88.864	6.416
89.525	4.486
90.007	3.402
90.395	2.836
90.742	2.622
91.088	2.673
91.469	2.953
91.919	3.441
92.476	4.087
93.164	4.760
93.977	5.266
94.877	5.497
95.812	5.583
96.766	5.832
97.775	6.550
98.919	7.879
100.275	9.604
101.845	11.156
103.539	12.081
105.236	12.203
106.832	11.306
108.221	9.409
109.327	7.104
110.148	5.143
110.755	3.951
111.248	3.634
111.742	4.248
112.371	5.998
113.303	9.142
114.711	13.166
116.582	15.679
118.546	14.469
120.167	10.951
121.324	7.573
122.117	5.169
122.670	3.688
123.085	2.935
123.439	2.768
123.804	3.159
124.257	4.260
124.911	6.416
125.927	9.863
127.442	13.573
129.326	14.666
131.114	12.250
132.486	9.408
133.537	8.627
134.555	10.840
135.900	17.228
138.002	28.217
141.060	37.490
144.396	34.457
146.953	23.237
148.521	14.266
149.469	9.732
150.136	8.081
150.717	7.982
151.315	8.719
151.990	9.871
152.768	11.069
153.647	11.917
154.591	12.093
155.543	11.562
156.447	10.673
157.284	10.002
158.082	10.102
158.909	11.369
159.864	13.943
161.045	17.444
162.496	20.577
164.133	21.423
165.741	19.087
167.100	14.794
168.120	10.531
168.843	7.366
169.359	5.379
169.750	4.279
170.076	3.778
170.380	3.684
170.692	3.897
171.039	4.380
171.447	5.161
171.947	6.384
172.587	8.468
173.465	12.482
174.788	20.594
176.933	34.913
180.220	50.538
184.168	52.486
187.537	39.391
189.773	25.677
191.169	17.207
192.106	12.507
192.798	9.741
193.351	8.003
193.817	6.912
194.232	6.273
194.621	5.951
195.003	5.836
195.390	5.836
195.788	5.881
196.201	5.938
196.628	6.026
197.074	6.252
197.552	6.857
198.096	8.303
198.783	11.380
199.758	17.173
201.234	26.217
203.389	36.000
206.070	39.969
208.703	35.040
210.798	26.918
212.340	21.471
213.572	19.643
214.717	20.068
215.892	21.205
217.124	21.825
218.371	21.192
219.557	19.253
220.618	16.586
221.525	14.006
222.295	12.192
222.978	11.607
223.648	12.662
224.406	15.911
225.384	22.063
226.751	31.382
228.651	42.075
231.055	49.016
233.631	47.046
235.903	37.360
237.598	26.156
238.750	17.743
239.533	12.749
240.109	10.239
240.586	9.250
241.033	9.185
241.490	9.748
241.989	10.823
242.555	12.375
243.215	14.383
243.992	16.775
244.904	19.371
245.955	21.859
247.132	23.845
248.398	25.021
249.704	25.338
251.005	25.064
252.275	24.637
253.513	24.455
254.734	24.736
255.964	25.502
257.225	26.615
258.530	27.808
259.878	28.681
261.247	28.765
262.596	27.669
263.871	25.293
265.018	21.929
266.001	18.141
266.810	14.515
267.460	11.452
267.979	9.119
268.400	7.513
268.757	6.547
269.077	6.118
269.388	6.152
269.711	6.611
270.070	7.514
270.491	8.955
271.005	11.126
271.660	14.369
272.519	19.172
273.673	25.988
275.219	34.587
277.210	42.989
279.545	47.438
281.943	45.299
284.081	38.278
285.806	30.784
287.167	25.958
288.324	24.535
289.435	25.845
290.618	28.699
291.926	31.761
293.353	33.838
294.840	34.305
296.313	33.363
297.720	31.786
299.043	30.306
300.296	29.180
301.495	28.167
302.647	26.806
303.734	24.762
304.731	22.019
305.613	18.871
306.368	15.740
307.000	12.989
307.527	10.824
307.974	9.302
308.367	8.377
308.731	7.965
309.086	7.972
309.451	8.309
309.841	8.899
310.268	9.657
310.739	10.489
311.258	11.280
311.822	11.905
312.422	12.241
313.042	12.205
313.662	11.777
314.264	11.017
314.829	10.046
315.349	9.013
315.821	8.060
316.250	7.304
316.647	6.840
317.030	6.799
317.425	7.473
317.880	9.709
318.510	16.005
319.620	33.294
321.978	76.171
326.945	148.990
334.652	182.371
341.644	122.935
345.489	57.044
347.148	25.092
347.883	13.022
348.281	8.584
348.557	6.887
348.788	6.290
349.006	6.293
349.230	6.809
349.481	7.981
349.785	10.175
350.183	14.096
350.751	20.962
351.611	32.621
352.956	51.114
355.027	76.541
357.989	102.772
361.669	116.389
365.459	108.069
368.681	84.685
371.055	60.595
372.703	43.561
373.883	33.870
374.811	29.206
375.623	27.426
376.396	27.133
377.168	27.511
377.956	28.085
378.766	28.555
379.591	28.719
380.423	28.449
381.249	27.682
382.053	26.431
382.823	24.766
383.547	22.815
384.216	20.725
384.827	18.640
385.381	16.684
385.882	14.948
386.336	13.485
386.751	12.324
387.136	11.468
387.501	10.913
387.854	10.647
388.205	10.663
388.563	10.957
388.938	11.533
389.340	12.413
389.780	13.632
390.270	15.249
390.827	17.360
391.469	20.102
392.220	23.659
393.111	28.230
394.176	33.942
395.453	40.662
396.967	47.730
398.709	53.794
400.618	57.060
402.577	56.172
404.439	51.106
406.081	43.273
407.441	34.645
408.514	26.771
409.340	20.405
409.973	15.660
410.464	12.324
410.856	10.105
411.186	8.755
411.478	8.126
411.758	8.204
412.049	9.160
412.387	11.465
412.824	16.094
413.457	24.886
414.456	40.875
416.101	67.755
418.754	106.135
422.647	145.378
427.458	163.061
432.257	148.687
436.223	119.073
439.214	94.679
441.533	81.510
443.513	76.292
445.350	74.254
447.117	71.976
448.804	67.792
450.368	61.444
451.766	53.599
452.973	45.246
453.986	37.269
454.819	30.239
455.496	24.386
456.045	19.723
456.494	16.117
456.865	13.396
457.177	11.384
457.447	9.925
457.686	8.898
457.905	8.206
458.109	7.783
458.307	7.584
458.504	7.590
458.705	7.802
458.915	8.253
459.141	9.009
459.393	10.191
459.684	11.989
460.034	14.698
460.470	18.752
461.036	24.735
461.791	33.324
462.815	45.062
464.194	59.791
465.996	75.792
468.217	89.263
470.732	95.406
473.298	91.455
475.649	79.004
477.608	62.788
479.125	47.331
480.255	34.976
481.089	26.105
481.716	20.138
482.207	16.285
482.610	13.886
482.961	12.490
483.282	11.821
483.593	11.734
483.907	12.173
484.240	13.139
484.605	14.671
485.020	16.822
485.503	19.642
486.073	23.138
486.750	27.246
487.550	31.767
488.484	36.341
489.548	40.474
490.724	43.620
491.978	45.369
493.268	45.619
494.551	44.649
495.794	43.028
496.986	41.420
498.131	40.384
499.247	40.252
500.362	41.108
501.503	42.806
502.691	45.023
503.935	47.305
505.236	49.160
506.575	50.138
507.928	49.949
509.261	48.520
510.543	46.004
511.748	42.705
512.859	38.994
513.870	35.212
514.781	31.623
515.601	28.397
516.340	25.621
517.010	23.324
517.626	21.493
518.198	20.086
518.738	19.049
519.255	18.315
519.758	17.821
520.253	17.497
520.743	17.277
521.232	17.104
521.720	16.930
522.207	16.723
522.693	16.471
523.175	16.181
523.652	15.887
524.125	15.644
524.596	15.533
525.069	15.661
525.552	16.170
526.058	17.249
526.606	19.171
527.226	22.354
527.961	27.474
528.878	35.660
530.080	48.737
531.727	69.287
534.042	99.712
537.264	138.830
541.487	176.490
546.415	194.499
551.346	182.141
555.579	148.604
558.822	111.801
561.175	82.563
562.887	62.778
564.187	50.364
565.237	42.754
566.135	38.040
566.941	35.032
567.688	33.057
568.398	31.772
569.085	31.040
569.762	30.856
570.439	31.302
571.132	32.533
571.858	34.762
572.641	38.248
573.508	43.262
574.495	50.015
575.637	58.521
576.971	68.408
578.519	78.718
580.278	87.847
582.204	93.837
584.218	95.040
586.210	90.895
588.072	82.249
589.725	70.952
591.130	59.033
592.288	48.034
593.227	38.779
593.986	31.479
594.606	25.984
595.122	21.986
595.563	19.159
595.953	17.216
596.308	15.933
596.642	15.150
596.963	14.759
597.280	14.697
597.600	14.937
597.930	15.485
598.276	16.374
598.647	17.665
599.052	19.445
599.504	21.826
600.016	24.938
600.607	28.917
601.298	33.871
602.112	39.846
603.071	46.751
604.194	54.298
605.492	61.972
606.960	69.081
608.575	74.932
610.301	79.085
612.094	81.581
613.915	82.957
615.741	84.034
617.569	85.562
619.410	87.893
621.281	90.813
623.190	93.571
625.129	95.137
627.069	94.581
628.965	91.430
630.767	85.872
632.435	78.634
633.945	70.701
635.290	62.977
636.483	56.095
637.544	50.370
638.499	45.859
639.370	42.462
640.181	40.005
640.949	38.305
641.688	37.203
642.410	36.576
643.124	36.335
643.837	36.422
644.555	36.798
645.284	37.426
646.029	38.265
646.794	39.258
647.581	40.325
648.392	41.366
649.226	42.266
650.078	42.908
650.945	43.197
651.817	43.079
652.687	42.562
653.546	41.730
654.390	40.747
655.215	39.843
656.024	39.307
656.826	39.456
657.636	40.618
658.475	43.096
659.372	47.127
660.359	52.788
661.467	59.898
662.723	67.895
664.139	75.739
665.702	82.029
667.371	85.302
669.077	84.537
670.738	79.605
672.276	71.345
673.635	61.208
674.789	50.712
675.738	41.018
676.505	32.776
677.119	26.185
677.613	21.156
678.016	17.460
678.353	14.830
678.642	13.022
678.901	11.834
679.140	11.117
679.367	10.767
679.591	10.723
679.817	10.963
680.052	11.508
680.303	12.429
680.577	13.864
680.888	16.066
681.255	19.466
681.707	24.799
682.293	33.297
683.091	46.962
684.226	68.790
685.891	102.558
688.341	151.021
691.837	211.230
696.470	268.730
701.945	300.397
707.578	292.751
712.666	255.902
716.862	211.715
720.206	174.901
722.910	148.848
725.184	131.015
727.167	117.827
728.936	106.689
730.525	96.267
731.950	86.155
733.218	76.446
734.339	67.408
735.326	59.293
736.194	52.243
736.962	46.277
737.644	41.330
738.256	37.281
738.812	33.987
739.321	31.305
739.794	29.106
740.237	27.291
740.655	25.775
741.054	24.501
741.435	23.428
741.803	22.535
742.159	21.815
742.507	21.273
742.849	20.925
743.189	20.804
743.530	20.954
743.876	21.437
744.235	22.341
744.612	23.784
745.018	25.930
745.465	29.004
745.970	33.306
746.556	39.223
747.252	47.234
748.095	57.873
749.131	71.624
750.413	88.697
751.993	108.668
753.907	130.050
756.159	150.052
758.701	164.955
761.422	171.332
764.168	167.639
766.780	155.098
769.138	137.086
771.182	117.567
772.911	99.684
774.368	85.212
775.610	74.736
776.702	68.091
777.702	64.765
778.659	64.124
779.613	65.524
780.591	68.324
781.613	71.891
782.688	75.580
783.818	78.751
784.990	80.832
786.189	81.378
787.390	80.146
788.567	77.139
789.694	72.596
790.750	66.939
791.721	60.673
792.599	54.282
793.385	48.187
794.084	42.696
794.706	37.997
795.262	34.168
795.765	31.222
796.229	29.132
796.665	27.853
797.087	27.345
797.505	27.598
797.931	28.640
798.378	30.568
798.860	33.562
799.394	37.926
800.003	44.098
800.717	52.688
801.576	64.453
802.631	80.204
803.943	100.540
805.583	125.377
807.606	153.199
810.036	180.517
812.836	201.989
815.879	211.976
818.972	207.259
821.903	188.964
824.501	162.032
826.679	132.686
828.436	105.969
829.826	84.747
830.938	70.020
831.861	61.731
832.684	59.481
833.488	62.950
834.351	72.044
835.347	86.820
836.554	107.226
838.043	132.688
839.873	161.452
842.073	190.192
844.622	214.051
847.425	227.742
850.334	227.639
853.167	213.470
855.761	188.534
858.005	158.143
859.857	127.410
861.333	99.862
862.483	77.118
863.369	59.419
864.053	46.196
864.588	36.581
865.014	29.727
865.364	24.898
865.659	21.530
865.918	19.189
866.151	17.575
866.366	16.477
866.570	15.748
866.767	15.284
866.960	15.021
867.151	14.915
867.343	14.935
867.537	15.064
867.734	15.287
867.935	15.595
868.143	15.984
868.358	16.448
868.580	16.982
868.812	17.581
869.054	18.238
869.306	18.947
869.571	19.697
869.848	20.475
870.138	21.267
870.442	22.059
870.759	22.831
871.089	23.562
871.431	24.239
871.786	24.841
872.152	25.355
872.527	25.775
872.911	26.103
873.302	26.352
873.699	26.553
874.101	26.761
874.509	27.058
874.924	27.567
875.350	28.468
875.794	30.014
876.267	32.567
876.785	36.630
877.374	42.899
878.072	52.306
878.930	66.004
880.019	85.275
881.428	111.164
883.253	143.679
885.581	180.709
888.446	216.986
891.783	244.466
895.408	255.333
899.051	246.313
902.436	220.856
905.376	186.863
907.805	152.244
909.753	122.034
911.301	98.077
912.542	80.104
913.558	66.961
914.410	57.376
915.144	50.275
915.791	44.870
916.372	40.626
916.901	37.216
917.388	34.445
917.843	32.206
918.270	30.463
918.677	29.217
919.071	28.500
919.458	28.377
919.847	28.939
920.248	30.311
920.672	32.659
921.133	36.184
921.648	41.141
922.240	47.813
922.931	56.483
923.752	67.399
924.734	80.667
925.908	96.061
927.302	112.982
928.930	130.201
930.784	145.906
932.835	158.028
935.021	164.684
937.258	164.818
939.457	158.617
941.539	147.418
943.447	133.233
945.151	118.100
946.650	103.602
947.958	90.734
949.101	79.902
950.109	71.128
951.008	64.253
951.822	59.029
952.574	55.242
953.281	52.783
953.961	51.634
954.630	51.914
955.308	53.890
956.017	57.989
956.787	64.798
957.652	75.048
958.661	89.597
959.869	109.161
961.340	134.058
963.138	163.684
965.311	195.776
967.869	226.131
970.762	249.037
973.869	258.962
977.013	252.954
980.002	232.127
982.677	201.228
984.950	166.359
986.800	132.724
988.261	103.565
989.396	80.071
990.272	62.170
990.954	49.112
991.496	39.955
991.941	33.828
992.322	30.019
992.664	28.006
992.987	27.425
993.307	28.037
993.639	29.727
993.993	32.427
994.384	36.171
994.822	40.984
995.323	46.940
995.900	54.126
996.567	62.536
997.340	72.137
998.233	82.782
999.258	94.133
1000.421	105.674
1001.722	116.700
1003.150	126.362
1004.686	133.821
1006.300	138.357
1007.953	139.576
1009.606	137.526
1011.220	132.652
1012.764	125.748
1014.219	117.770
1015.575	109.614
1016.833	102.075
1018.003	95.704
1019.099	90.827
1020.142	87.584
1021.149	85.978
1022.140	85.885
1023.133	87.155
1024.142	89.545
1025.181	92.849
1026.258	96.791
1027.380	101.106
1028.553	105.542
1029.773	109.828
1031.040	113.746
1032.349	117.096
1033.691	119.715
1035.058	121.529
1036.440	122.508
1037.827	122.674
1039.212	122.124
1040.583	120.956
1041.938	119.345
1043.269	117.418
1044.575	115.321
1045.855	113.189
1047.108	111.123
1048.336	109.195
1049.541	107.447
1050.724	105.888
1051.890	104.504
1053.038	103.248
1054.172	102.051
1055.292	100.836
1056.396	99.503
1057.486	97.977
1058.557	96.168
1059.608	94.024
1060.635	91.494
1061.632	88.571
1062.598	85.281
1063.527	81.672
1064.417	77.809
1065.265	73.781
1066.069	69.691
1066.830	65.639
1067.548	61.725
1068.225	58.042
1068.863	54.669
1069.465	51.678
1070.038	49.131
1070.584	47.083
1071.109	45.573
1071.622	44.648
1072.126	44.350
1072.630	44.726
1073.142	45.833
1073.669	47.734
1074.222	50.489
1074.810	54.184
1075.445	58.892
1076.137	64.665
1076.901	71.564
1077.748	79.530
1078.691	88.498
1079.740	98.221
1080.902	108.313
1082.182	118.271
1083.572	127.353
1085.060	134.851
1086.626	140.002
1088.238	142.227
1089.862	141.283
1091.462	137.239
1093.005	130.574
1094.461	122.008
1095.814	112.418
1097.055	102.675
1098.186	93.545
1099.216	85.632
1100.159	79.369
1101.037	75.057
1101.870	72.855
1102.683	72.860
1103.501	75.109
1104.349	79.565
1105.252	86.131
1106.233	94.585
1107.312	104.582
1108.504	115.539
1109.817	126.691
1111.252	137.095
1112.794	145.669
1114.423	151.454
1116.099	153.697
1117.788	152.098
1119.441	146.849
1121.025	138.589
1122.510	128.256
1123.874	116.924
1125.113	105.543
1126.228	94.870
1127.230	85.417
1128.133	77.464
1128.953	71.098
1129.709	66.281
1130.416	62.885
1131.091	60.757
1131.746	59.722
1132.394	59.624
1133.043	60.304
1133.703	61.648
1134.380	63.532
1135.080	65.883
1135.809	68.639
1136.570	71.763
1137.367	75.255
1138.204	79.143
1139.087	83.493
1140.018	88.398
1141.006	93.976
1142.056	100.363
1143.178	107.666
1144.381	115.954
1145.675	125.175
1147.068	135.135
1148.567	145.442
1150.172	155.463
1151.877	164.380
1153.668	171.251
1155.516	175.183
1157.391	175.485
1159.248	171.880
1161.050	164.525
1162.760	154.047
1164.348	141.379
1165.795	127.521
1167.094	113.490
1168.246	100.044
1169.258	87.736
1170.147	76.880
1170.926	67.587
1171.614	59.814
1172.223	53.451
1172.771	48.317
1173.269	44.232
1173.726	41.007
1174.154	38.481
1174.557	36.498
1174.942	34.941
1175.312	33.699
1175.672	32.693
1176.023	31.855
1176.366	31.137
1176.704	30.502
1177.036	29.925
1177.364	29.392
1177.687	28.898
1178.007	28.449
1178.324	28.053
1178.637	27.734
1178.950	27.513
1179.261	27.439
1179.573	27.552
1179.889	27.934
1180.211	28.663
1180.544	29.868
1180.894	31.709
1181.269	34.418
1181.679	38.287
1182.139	43.741
1182.669	51.322
1183.296	61.740
1184.056	75.886
1184.993	94.766
1186.166	119.382
1187.642	150.390
1189.491	187.506
1191.772	228.822
1194.511	270.090
1197.677	304.926
1201.158	326.238
1204.779	329.042
1208.327	312.762
1211.607	281.628
1214.493	242.526
1216.932	202.297
1218.941	165.626
1220.572	134.977
1221.897	110.760
1222.984	92.526
1223.896	79.263
1224.681	70.014
1225.379	63.918
1226.021	60.302
1226.630	58.689
1227.229	58.724
1227.831	60.184
1228.453	62.907
1229.105	66.789
1229.802	71.757
1230.552	77.741
1231.368	84.653
1232.257	92.385
1233.229	100.778
1234.288	109.614
1235.439	118.595
1236.681	127.389
1238.011	135.562
1239.421	142.717
1240.897	148.429
1242.425	152.360
1243.983	154.284
1245.551	154.133
1247.109	151.969
1248.635	148.049
1250.115	142.688
1251.533	136.375
1252.885	129.513
1254.164	122.658
1255.373	116.225
1256.516	110.793
1257.608	106.862
1258.662	105.180
1259.703	106.606
1260.762	112.431
1261.887	124.336
1263.137	144.723
1264.600	176.422
1266.387	222.828
1268.638	286.421
1271.507	367.420
1275.126	460.139
1279.555	551.223
1284.684	619.446
1290.246	644.479
1295.794	616.710
1300.907	544.331
1305.265	447.828
1308.759	348.686
1311.425	261.442
1313.401	191.857
1314.840	139.990
1315.891	102.856
1316.662	77.008
1317.243	59.244
1317.692	47.108
1318.052	38.803
1318.352	33.070
1318.609	29.068
1318.836	26.228
1319.043	24.172
1319.236	22.655
1319.417	21.520
1319.590	20.655
1319.758	19.994
1319.921	19.488
1320.081	19.109
1320.239	18.836
1320.396	18.653
1320.552	18.550
1320.708	18.519
1320.864	18.554
1321.022	18.652
1321.182	18.807
1321.344	19.014
1321.508	19.272
1321.676	19.576
1321.848	19.919
1322.023	20.299
1322.203	20.711
1322.387	21.150
1322.576	21.610
1322.771	22.086
1322.971	22.570
1323.176	23.055
1323.386	23.536
1323.603	24.007
1323.825	24.456
1324.051	24.878
1324.283	25.270
1324.520	25.617
1324.761	25.921
1325.006	26.171
1325.255	26.366
1325.506	26.503
1325.760	26.577
1326.016	26.591
1326.274	26.545
1326.531	26.445
1326.790	26.290
1327.047	26.100
1327.305	25.870
1327.561	25.627
1327.816	25.375
1328.069	25.143
1328.323	24.943
1328.574	24.809
1328.827	24.764
1329.079	24.852
1329.335	25.114
1329.594	25.600
1329.861	26.379
1330.138	27.527
1330.428	29.144
1330.738	31.350
1331.074	34.289
1331.444	38.151
1331.859	43.148
1332.332	49.540
1332.877	57.606
1333.515	67.650
1334.266	79.952
1335.156	94.719
1336.211	111.973
1337.455	131.471
1338.911	152.530
1340.588	173.957
1342.485	194.076
1344.578	210.909
1346.822	222.542
1349.157	227.670
1351.512	225.922
1353.814	218.142
1356.009	206.023
1358.060	191.798
1359.954	177.664
1361.698	165.494
1363.318	156.633
1364.851	152.004
1366.340	152.069
1367.833	157.106
1369.378	167.021
1371.022	181.528
1372.805	199.926
1374.761	220.881
1376.907	242.632
1379.241	262.604
1381.738	278.109
1384.346	286.554
1386.993	286.228
1389.596	276.739
1392.076	259.138
1394.367	235.593
1396.425	208.767
1398.231	181.209
1399.787	154.938
1401.112	131.235
1402.231	110.758
1403.175	93.649
1403.974	79.744
1404.656	68.703
1405.247	60.141
1405.766	53.683
1406.233	49.003
1406.662	45.845
1407.066	44.016
1407.457	43.400
1407.846	43.941
1408.242	45.657
1408.657	48.615
1409.103	52.948
1409.591	58.847
1410.137	66.563
1410.757	76.386
1411.473	88.630
1412.305	103.588
1413.280	121.515
1414.423	142.445
1415.760	166.165
1417.316	192.056
1419.101	218.931
1421.124	245.125
1423.362	268.450
1425.788	286.736
1428.343	298.078
1430.962	301.357
1433.575	296.699
1436.110	285.080
1438.520	268.400
1440.760	248.743
1442.820	228.001
1444.693	207.686
1446.391	188.690
1447.927	171.462
1449.320	156.077
1450.585	142.406
1451.738	130.202
1452.792	119.208
1453.757	109.197
1454.641	99.976
1455.452	91.428
1456.193	83.476
1456.871	76.068
1457.490	69.177
1458.054	62.803
1458.567	56.944
1459.034	51.587
1459.458	46.730
1459.843	42.357
1460.194	38.452
1460.514	34.995
1460.806	31.954
1461.074	29.311
1461.321	27.030
1461.550	25.092
1461.764	23.464
1461.966	22.129
1462.156	21.067
1462.339	20.256
1462.516	19.690
1462.690	19.353
1462.861	19.243
1463.033	19.357
1463.206	19.695
1463.385	20.266
1463.569	21.079
1463.762	22.148
1463.966	23.489
1464.184	25.123
1464.419	27.076
1464.673	29.374
1464.951	32.049
1465.255	35.122
1465.590	38.619
1465.960	42.570
1466.370	46.978
1466.823	51.840
1467.327	57.158
1467.881	62.846
1468.494	68.875
1469.165	75.108
1469.898	81.416
1470.693	87.622
1471.549	93.511
1472.461	98.876
1473.424	103.477
1474.429	107.125
1475.468	109.658
1476.529	110.980
1477.600	111.068
1478.669	109.967
1479.725	107.822
1480.759	104.782
1481.761	101.086
1482.727	96.965
1483.653	92.600
1484.537	88.238
1485.380	84.001
1486.183	80.044
1486.949	76.456
1487.683	73.302
1488.388	70.640
1489.069	68.486
1489.731	66.897
1490.381	65.897
1491.023	65.551
1491.664	65.967
1492.312	67.241
1492.976	69.623
1493.667	73.381
1494.399	78.948
1495.190	86.940
1496.067	98.161
1497.062	113.798
1498.220	135.268
1499.601	164.463
1501.280	203.271
1503.350	253.414
1505.911	315.346
1509.059	386.897
1512.849	461.989
1517.265	530.060
1522.182	578.341
1527.371	596.556
1532.542	581.851
1537.426	540.231
1541.833	483.288
1545.687	422.848
1549.003	367.379
1551.850	321.046
1554.318	284.497
1556.494	256.622
1558.452	235.495
1560.242	219.173
1561.906	206.002
1563.467	194.741
1564.937	184.551
1566.329	174.808
1567.642	165.331
1568.884	155.925
1570.053	146.657
1571.151	137.543
1572.179	128.696
1573.142	120.216
1574.042	112.159
1574.880	104.590
1575.664	97.540
1576.396	90.989
1577.078	84.946
1577.718	79.359
1578.317	74.208
1578.877	69.448
1579.404	65.031
1579.896	60.934
1580.362	57.099
1580.798	53.526
1581.209	50.165
1581.594	47.021
1581.957	44.058
1582.298	41.292
1582.619	38.692
1582.920	36.276
1583.205	34.028
1583.472	31.955
1583.725	30.062
1583.963	28.346
1584.189	26.816
1584.403	25.474
1584.608	24.322
1584.805	23.377
1584.995	22.641
1585.180	22.123
1585.362	21.842
1585.543	21.813
1585.725	22.062
1585.910	22.607
1586.101	23.489
1586.301	24.748
1586.513	26.438
1586.741	28.620
1586.989	31.373
1587.263	34.801
1587.569	39.019
1587.913	44.173
1588.306	50.436
1588.755	58.014
1589.275	67.151
1589.879	78.113
1590.583	91.186
1591.407	106.659
1592.371	124.753
1593.498	145.616
1594.813	169.167
1596.334	194.975
1598.078	222.257
1600.052	249.655
1602.248	275.285
1604.649	297.076
1607.203	312.727
1609.856	320.559
1612.542	319.657
1615.177	310.204
1617.705	293.484
1620.067	271.397
1622.228	246.282
1624.172	220.177
1625.898	194.808
1627.418	171.381
1628.752	150.529
1629.920	132.588
1630.951	117.533
1631.865	105.218
1632.686	95.405
1633.432	87.804
1634.121	82.148
1634.770	78.230
1635.390	75.822
1635.993	74.781
1636.593	75.036
1637.196	76.505
1637.814	79.232
1638.457	83.284
1639.136	88.819
1639.863	96.090
1640.651	105.402
1641.521	117.205
1642.488	132.013
1643.581	150.399
1644.826	172.948
1646.259	200.107
1647.912	232.086
1649.822	268.513
1652.017	308.291
1654.516	349.414
1657.316	388.905
1660.391	423.343
1663.687	449.460
1667.129	465.145
1670.632	470.158
1674.114	466.335
1677.516	457.011
1680.806	446.101
1683.980	437.164
1687.061	432.421
1690.079	432.407
1693.073	436.179
1696.065	441.426
1699.062	445.207
1702.057	444.461
1705.008	436.664
1707.875	420.618
1710.608	396.378
1713.150	365.368
1715.474	329.718
1717.552	292.029
1719.379	254.621
1720.965	219.277
1722.325	187.314
1723.484	159.302
1724.469	135.393
1725.307	115.452
1726.022	99.072
1726.637	85.819
1727.171	75.195
1727.642	66.754
1728.061	60.094
1728.441	54.859
1728.789	50.764
1729.112	47.563
1729.417	45.070
1729.706	43.128
1729.985	41.622
1730.255	40.452
1730.519	39.543
1730.779	38.839
1731.034	38.298
1731.287	37.881
1731.538	37.560
1731.788	37.316
1732.038	37.132
1732.287	36.993
1732.536	36.890
1732.785	36.812
1733.036	36.746
1733.286	36.693
1733.536	36.640
1733.788	36.582
1734.040	36.524
1734.293	36.443
1734.545	36.344
1734.798	36.229
1735.052	36.083
1735.305	35.906
1735.557	35.699
1735.811	35.460
1736.061	35.181
1736.312	34.867
1736.562	34.518
1736.808	34.131
1737.054	33.715
1737.297	33.266
1737.538	32.789
1737.777	32.301
1738.013	31.794
1738.246	31.282
1738.475	30.788
1738.703	30.307
1738.928	29.870
1739.149	29.501
1739.371	29.209
1739.590	29.050
1739.809	29.051
1740.030	29.277
1740.252	29.797
1740.481	30.695
1740.718	32.106
1740.967	34.170
1741.234	37.106
1741.526	41.169
1741.853	46.715
1742.226	54.188
1742.662	64.164
1743.181	77.366
1743.810	94.685
1744.583	117.180
1745.542	146.054
1746.737	182.602
1748.230	228.061
1750.088	283.565
1752.383	349.948
1755.187	427.902
1758.575	518.593
1762.621	624.482
1767.403	750.165
1773.027	902.175
1779.625	1084.621
1787.314	1290.810
1796.141	1494.210
1805.914	1644.613
1816.139	1687.504
1826.122	1596.320
1835.114	1391.077
1842.621	1127.018
1848.516	861.013
1852.909	630.677
1856.072	449.761
1858.311	316.233
1859.874	221.984
1860.970	157.045
1861.747	112.995
1862.307	83.402
1862.723	63.535
1863.042	50.201
1863.295	41.175
1863.505	35.031
1863.684	30.776
1863.843	27.782
1863.987	25.632
1864.121	24.045
1864.247	22.844
1864.368	21.909
1864.484	21.162
1864.596	20.549
1864.706	20.040
1864.814	19.609
1864.919	19.242
1865.023	18.932
1865.126	18.668
1865.228	18.450
1865.329	18.273
1865.430	18.137
1865.530	18.045
1865.630	17.992
1865.731	17.984
1865.831	18.018
1865.933	18.099
1866.035	18.231
1866.138	18.411
1866.243	18.646
1866.349	18.942
1866.458	19.295
1866.570	19.714
1866.684	20.205
1866.802	20.770
1866.923	21.415
1867.049	22.145
1867.179	22.971
1867.315	23.891
1867.457	24.919
1867.606	26.059
1867.762	27.321
1867.927	28.712
1868.100	30.236
1868.284	31.907
1868.478	33.729
1868.685	35.714
1868.904	37.862
1869.138	40.184
1869.386	42.687
1869.651	45.372
1869.934	48.237
1870.235	51.284
1870.557	54.514
1870.900	57.914
1871.266	61.471
1871.654	65.175
1872.068	69.004
1872.507	72.936
1872.971	76.936
1873.463	80.973
1873.981	85.010
1874.526	89.004
1875.099	92.911
1875.696	96.693
1876.319	100.303
1876.966	103.703
1877.636	106.861
1878.326	109.756
1879.036	112.367
1879.764	114.695
1880.507	116.740
1881.264	118.533
1882.034	120.107
1882.814	121.495
1883.604	122.755
1884.403	123.950
1885.209	125.145
1886.025	126.406
1886.850	127.780
1887.684	129.338
1888.529	131.143
1889.387	133.190
1890.260	135.520
1891.147	138.160
1892.053	141.053
1892.979	144.171
1893.925	147.501
1894.893	150.918
1895.884	154.343
1896.898	157.696
1897.933	160.822
1898.988	163.616
1900.061	165.968
1901.148	167.751
1902.245	168.880
1903.349	169.300
1904.455	168.950
1905.557	167.820
1906.649	165.961
1907.729	163.396
1908.792	160.207
1909.832	156.543
1910.848	152.498
1911.837	148.204
1912.798	143.850
1913.732	139.558
1914.637	135.486
1915.516	131.819
1916.373	128.678
1917.210	126.228
1918.032	124.675
1918.846	124.157
1919.659	124.866
1920.478	127.012
1921.314	130.823
1922.177	136.486
1923.079	144.263
1924.034	154.348
1925.058	166.886
1926.167	181.990
1927.377	199.545
1928.704	219.336
1930.158	240.822
1931.751	263.160
1933.486	285.229
1935.357	305.551
1937.347	322.567
1939.435	334.685
1941.585	340.569
1943.753	339.448
1945.898	331.107
1947.973	316.066
1949.936	295.508
1951.760	270.889
1953.422	243.878
1954.910	216.114
1956.223	188.867
1957.368	163.166
1958.353	139.704
1959.198	118.746
1959.915	100.440
1960.522	84.749
1961.035	71.436
1961.469	60.277
1961.835	51.029
1962.146	43.412
1962.413	37.176
1962.641	32.123
1962.840	28.056
1963.014	24.812
1963.170	22.269
1963.310	20.324
1963.438	18.894
1963.559	17.927
1963.674	17.392
1963.786	17.278
1963.899	17.604
1964.015	18.415
1964.137	19.790
1964.269	21.854
1964.416	24.785
1964.584	28.835
1964.781	34.349
1965.018	41.795
1965.308	51.802
1965.669	65.188
1966.126	83.006
1966.710	106.580
1967.462	137.460
1968.433	177.334
1969.685	227.850
1971.289	289.982
1973.321	363.575
1975.846	445.962
1978.909	531.426
1982.500	610.610
1986.548	672.111
1990.915	705.008
1995.392	702.624
1999.748	665.527
2003.786	601.053
2007.367	520.514
2010.419	435.652
2012.939	355.676
2014.980	285.742
2016.612	228.136
2017.910	182.841
2018.952	148.420
2019.800	123.183
2020.506	105.371
2021.114	93.437
2021.658	86.171
2022.162	82.637
2022.650	82.226
2023.139	84.518
2023.644	89.288
2024.183	96.542
2024.766	106.327
2025.411	118.876
2026.136	134.521
2026.957	153.619
2027.897	176.662
2028.979	204.030
2030.229	236.142
2031.673	273.227
2033.340	315.127
2035.256	361.369
2037.439	410.758
2039.906	461.479
2042.654	510.995
2045.667	556.050
2048.905	593.312
2052.322	619.832
2055.844	633.433
2059.394	633.126
2062.893	619.571
2066.281	594.731
2069.491	561.114
2072.483	521.743
2075.244	479.409
2077.763	436.399
2080.035	394.433
2082.078	354.599
2083.912	317.524
2085.543	283.561
2086.997	252.678
2088.293	224.798
2089.442	199.828
2090.463	177.433
2091.372	157.504
2092.176	139.821
2092.892	124.098
2093.529	110.260
2094.095	98.047
2094.599	87.326
2095.050	77.941
2095.452	69.737
2095.814	62.603
2096.139	56.380
2096.433	51.005
2096.700	46.341
2096.943	42.323
2097.167	38.853
2097.372	35.876
2097.563	33.317
2097.740	31.136
2097.907	29.266
2098.064	27.686
2098.214	26.340
2098.357	25.219
2098.494	24.275
2098.627	23.506
2098.756	22.880
2098.882	22.389
2099.006	22.017
2099.128	21.759
2099.250	21.608
2099.371	21.559
2099.492	21.612
2099.615	21.774
2099.738	22.043
2099.864	22.433
2099.993	22.956
2100.125	23.628
2100.261	24.466
2100.404	25.508
2100.552	26.780
2100.709	28.319
2100.876	30.189
2101.054	32.441
2101.247	35.139
2101.457	38.392
2101.687	42.275
2101.941	46.920
2102.226	52.453
2102.543	59.006
2102.904	66.789
2103.311	75.908
2103.777	86.584
2104.310	98.957
2104.919	113.150
2105.618	129.279
2106.416	147.241
2107.326	166.982
2108.356	188.118
2109.517	210.197
2110.809	232.405
2112.236	253.829
2113.785	273.255
2115.447	289.523
2117.197	301.407
2119.009	307.982
2120.847	308.609
2122.677	303.168
2124.465	291.998
2126.175	275.915
2127.783	256.000
2129.266	233.563
2130.614	209.852
2131.821	186.003
2132.887	162.962
2133.821	141.357
2134.629	121.650
2135.324	104.065
2135.920	88.631
2136.428	75.307
2136.860	63.962
2137.228	54.390
2137.541	46.414
2137.810	39.831
2138.041	34.443
2138.242	30.088
2138.419	26.609
2138.576	23.892
2138.718	21.815
2138.848	20.305
2138.970	19.294
2139.087	18.739
2139.201	18.614
2139.316	18.914
2139.433	19.670
2139.555	20.932
2139.687	22.795
2139.831	25.416
2139.993	29.025
2140.179	33.971
2140.399	40.783
2140.665	50.252
2140.994	63.531
2141.414	82.352
2141.961	109.244
2142.692	147.851
2143.684	203.220
2145.049	281.997
2146.940	392.074
2149.556	541.242
2153.134	733.296
2157.898	961.169
2163.988	1199.675
2171.352	1403.471
2179.648	1518.295
2188.244	1507.270
2196.420	1374.368
2203.603	1160.903
2209.479	921.885
2214.032	700.310
2217.436	517.378
2219.926	377.293
2221.731	275.481
2223.045	203.626
2224.021	153.616
2224.759	119.241
2225.334	95.654
2225.798	79.383
2226.188	68.154
2226.523	60.373
2226.820	54.946
2227.097	51.173
2227.353	48.561
2227.596	46.789
2227.834	45.627
2228.066	44.930
2228.295	44.600
2228.523	44.537
2228.753	44.733
2228.983	45.132
2229.217	45.706
2229.455	46.477
2229.697	47.411
2229.946	48.517
2230.200	49.813
2230.463	51.301
2230.734	52.998
2231.015	54.903
2231.307	57.068
2231.612	59.497
2231.930	62.203
2232.263	65.216
2232.615	68.595
2232.985	72.340
2233.377	76.460
2233.792	81.031
2234.234	86.072
2234.703	91.582
2235.203	97.605
2235.740	104.204
2236.311	111.355
2236.923	119.084
2237.580	127.450
2238.283	136.423
2239.036	146.007
2239.844	156.243
2240.708	167.096
2241.633	178.566
2242.621	190.630
2243.676	203.263
2244.800	216.421
2245.996	230.027
2247.265	244.037
2248.612	258.346
2250.032	272.763
2251.529	287.094
2253.101	301.125
