<j>	<Ffjc>
1065.330	12.591
1067.135	12.564
1068.950	12.537
1070.803	12.510
1072.726	12.480
1074.752	12.447
1076.914	12.410
1079.237	12.366
1081.738	12.317
1084.414	12.262
1087.244	12.201
1090.181	12.136
1093.160	12.069
1096.102	12.003
1098.930	11.942
1101.575	11.887
1103.989	11.840
1106.147	11.802
1108.043	11.773
1109.690	11.753
1111.112	11.742
1112.339	11.737
1113.402	11.738
1114.330	11.745
1115.152	11.755
1115.892	11.768
1116.569	11.784
1117.201	11.802
1117.803	11.820
1118.385	11.840
1118.958	11.860
1119.527	11.881
1120.100	11.901
1120.679	11.921
1121.267	11.941
1121.866	11.961
1122.475	11.980
1123.094	11.999
1123.720	12.018
1124.352	12.036
1124.986	12.054
1125.619	12.073
1126.246	12.092
1126.865	12.110
1127.471	12.130
1128.061	12.150
1128.632	12.170
1129.182	12.191
1129.709	12.214
1130.211	12.237
1130.689	12.261
1131.143	12.286
1131.572	12.312
1131.978	12.339
1132.363	12.367
1132.727	12.395
1133.074	12.425
1133.406	12.455
1133.724	12.486
1134.032	12.517
1134.332	12.549
1134.627	12.581
1134.920	12.614
1135.213	12.647
1135.510	12.679
1135.813	12.712
1136.127	12.744
1136.454	12.776
1136.799	12.808
1137.164	12.838
1137.555	12.868
1137.974	12.898
1138.426	12.925
1138.915	12.952
1139.446	12.977
1140.020	13.000
1140.641	13.021
1141.312	13.041
1142.033	13.058
1142.803	13.074
1143.620	13.087
1144.481	13.099
1145.378	13.109
1146.305	13.118
1147.251	13.125
1148.208	13.132
1149.163	13.139
1150.108	13.147
1151.034	13.155
1151.931	13.164
1152.796	13.174
1153.625	13.186
1154.419	13.199
1155.181	13.214
1155.916	13.230
1156.633	13.246
1157.347	13.264
1158.073	13.281
1158.832	13.297
1159.653	13.310
1160.568	13.321
1161.615	13.326
1162.840	13.325
1164.293	13.315
1166.021	13.294
1168.061	13.261
1170.430	13.215
1173.111	13.156
1176.042	13.086
1179.120	13.010
1182.215	12.933
1185.194	12.860
1187.949	12.795
1190.413	12.740
1192.565	12.699
1194.419	12.668
1196.016	12.648
1197.408	12.637
1198.651	12.631
1199.796	12.630
1200.892	12.631
1201.981	12.633
1203.098	12.635
1204.274	12.635
1205.537	12.631
1206.905	12.625
1208.394	12.614
1210.010	12.598
1211.749	12.579
1213.599	12.555
1215.535	12.527
1217.524	12.498
1219.526	12.468
1221.498	12.438
1223.400	12.411
1225.197	12.387
1226.866	12.367
1228.390	12.352
1229.764	12.343
1230.991	12.338
1232.078	12.338
1233.038	12.343
1233.885	12.352
1234.634	12.364
1235.298	12.380
1235.890	12.398
1236.421	12.418
1236.902	12.440
1237.342	12.464
1237.747	12.489
1238.125	12.516
1238.480	12.543
1238.818	12.571
1239.143	12.599
1239.460	12.628
1239.772	12.658
1240.084	12.687
1240.401	12.717
1240.728	12.746
1241.071	12.775
1241.435	12.803
1241.830	12.831
1242.264	12.857
1242.747	12.881
1243.292	12.904
1243.912	12.924
1244.622	12.941
1245.437	12.954
1246.372	12.963
1247.439	12.967
1248.648	12.966
1250.001	12.960
1251.491	12.949
1253.102	12.933
1254.806	12.913
1256.564	12.890
1258.333	12.867
1260.066	12.845
1261.720	12.825
1263.260	12.809
1264.661	12.797
1265.911	12.791
1267.007	12.791
1267.954	12.796
1268.765	12.806
1269.455	12.820
1270.040	12.838
1270.536	12.860
1270.959	12.885
1271.323	12.912
1271.640	12.941
1271.920	12.971
1272.173	13.003
1272.406	13.036
1272.627	13.069
1272.843	13.103
1273.060	13.137
1273.286	13.171
1273.529	13.205
1273.798	13.237
1274.107	13.269
1274.469	13.299
1274.904	13.326
1275.435	13.351
1276.092	13.370
1276.909	13.385
1277.927	13.392
1279.187	13.390
1280.730	13.378
1282.586	13.354
1284.764	13.318
1287.239	13.270
1289.949	13.214
1292.794	13.151
1295.650	13.087
1298.389	13.027
1300.908	12.974
1303.138	12.931
1305.052	12.900
1306.660	12.879
1307.993	12.869
1309.096	12.868
1310.016	12.873
1310.800	12.884
1311.486	12.898
1312.108	12.916
1312.694	12.935
1313.267	12.954
1313.844	12.974
1314.438	12.993
1315.061	13.012
1315.720	13.029
1316.421	13.045
1317.166	13.059
1317.956	13.072
1318.788	13.083
1319.657	13.093
1320.558	13.101
1321.482	13.109
1322.419	13.116
1323.358	13.123
1324.288	13.129
1325.200	13.137
1326.085	13.145
1326.935	13.155
1327.746	13.166
1328.515	13.178
1329.242	13.192
1329.929	13.207
1330.579	13.224
1331.200	13.242
1331.797	13.261
1332.380	13.281
1332.956	13.301
1333.538	13.321
1334.135	13.340
1334.759	13.359
1335.419	13.377
1336.129	13.393
1336.896	13.407
1337.730	13.418
1338.637	13.427
1339.620	13.433
1340.677	13.437
1341.805	13.437
1342.991	13.436
1344.222	13.432
1345.478	13.427
1346.738	13.422
1347.978	13.417
1349.178	13.414
1350.319	13.412
1351.387	13.413
1352.373	13.417
1353.271	13.424
1354.082	13.435
1354.811	13.448
1355.465	13.464
1356.054	13.483
1356.588	13.504
1357.082	13.527
1357.549	13.551
1358.005	13.576
1358.468	13.601
1358.960	13.625
1359.503	13.647
1360.128	13.667
1360.871	13.683
1361.774	13.694
1362.888	13.697
1364.267	13.690
1365.966	13.673
1368.030	13.642
1370.480	13.597
1373.296	13.539
1376.410	13.469
1379.700	13.392
1383.012	13.313
1386.186	13.239
1389.094	13.173
1391.657	13.120
1393.851	13.079
1395.699	13.051
1397.253	13.034
1398.580	13.025
1399.750	13.022
1400.833	13.023
1401.891	13.026
1402.984	13.028
1404.164	13.027
1405.480	13.023
1406.972	13.013
1408.672	12.997
1410.597	12.974
1412.747	12.943
1415.096	12.905
1417.597	12.862
1420.181	12.816
1422.765	12.770
1425.267	12.726
1427.614	12.686
1429.751	12.652
1431.649	12.626
1433.300	12.607
1434.713	12.597
1435.909	12.593
1436.915	12.595
1437.762	12.602
1438.478	12.614
1439.088	12.629
1439.614	12.647
1440.074	12.667
1440.485	12.689
1440.859	12.712
1441.205	12.737
1441.531	12.762
1441.844	12.787
1442.148	12.814
1442.448	12.840
1442.746	12.866
1443.046	12.893
1443.349	12.920
1443.656	12.946
1443.969	12.972
1444.289	12.999
1444.616	13.025
1444.951	13.051
1445.293	13.077
1445.644	13.102
1446.002	13.128
1446.368	13.153
1446.742	13.178
1447.122	13.203
1447.509	13.228
1447.903	13.252
1448.304	13.277
1448.712	13.301
1449.130	13.325
1449.559	13.349
1450.003	13.372
1450.468	13.395
1450.961	13.417
1451.496	13.438
1452.089	13.457
1452.764	13.473
1453.553	13.486
1454.500	13.495
1455.662	13.496
1457.110	13.489
1458.925	13.470
1461.193	13.436
1463.985	13.386
1467.332	13.318
1471.197	13.232
1475.450	13.134
1479.879	13.029
1484.223	12.926
1488.240	12.832
1491.754	12.754
1494.685	12.694
1497.038	12.651
1498.872	12.626
1500.274	12.614
1501.331	12.613
1502.126	12.621
1502.724	12.635
1503.177	12.654
1503.525	12.676
1503.795	12.701
1504.010	12.728
1504.184	12.757
1504.328	12.786
1504.450	12.816
1504.555	12.848
1504.648	12.879
1504.732	12.911
1504.808	12.944
1504.878	12.976
1504.944	13.010
1505.006	13.043
1505.065	13.077
1505.122	13.110
1505.177	13.144
1505.232	13.179
1505.285	13.213
1505.339	13.248
1505.392	13.282
1505.447	13.317
1505.503	13.352
1505.561	13.387
1505.623	13.422
1505.689	13.457
1505.762	13.493
1505.842	13.528
1505.933	13.562
1506.037	13.597
1506.160	13.631
1506.305	13.665
1506.480	13.698
1506.695	13.729
1506.961	13.759
1507.292	13.788
1507.710	13.813
1508.237	13.835
1508.906	13.853
1509.752	13.864
1510.818	13.869
1512.150	13.864
1513.792	13.850
1515.780	13.823
1518.126	13.784
1520.815	13.734
1523.788	13.673
1526.945	13.606
1530.157	13.536
1533.288	13.468
1536.217	13.406
1538.859	13.354
1541.172	13.312
1543.152	13.282
1544.823	13.261
1546.226	13.250
1547.406	13.246
1548.408	13.248
1549.272	13.255
1550.030	13.265
1550.709	13.279
1551.331	13.294
1551.912	13.311
1552.465	13.329
1553.000	13.347
1553.524	13.366
1554.043	13.386
1554.562	13.405
1555.086	13.424
1555.617	13.443
1556.158	13.462
1556.713	13.481
1557.283	13.499
1557.872	13.516
1558.483	13.533
1559.117	13.549
1559.781	13.564
1560.476	13.578
1561.209	13.591
1561.986	13.603
1562.815	13.613
1563.704	13.622
1564.665	13.628
1565.710	13.631
1566.855	13.631
1568.117	13.628
1569.514	13.620
1571.064	13.608
1572.781	13.590
1574.678	13.567
1576.758	13.538
1579.014	13.503
1581.425	13.464
1583.957	13.420
1586.563	13.374
1589.188	13.328
1591.776	13.282
1594.273	13.238
1596.639	13.199
1598.844	13.165
1600.876	13.136
1602.735	13.112
1604.433	13.094
1605.987	13.080
1607.423	13.070
1608.766	13.063
1610.041	13.058
1611.275	13.055
1612.491	13.052
1613.712	13.049
1614.956	13.046
1616.240	13.042
1617.578	13.037
1618.980	13.030
1620.451	13.021
1621.992	13.010
1623.599	12.996
1625.261	12.982
1626.965	12.966
1628.691	12.949
1630.418	12.932
1632.123	12.915
1633.785	12.900
1635.383	12.886
1636.904	12.874
1638.336	12.865
1639.673	12.858
1640.917	12.854
1642.071	12.853
1643.144	12.854
1644.148	12.857
1645.098	12.861
1646.011	12.867
1646.908	12.874
1647.809	12.880
1648.738	12.887
1649.722	12.891
1650.786	12.894
1651.961	12.895
1653.274	12.891
1654.753	12.883
1656.420	12.870
1658.290	12.852
1660.366	12.828
1662.633	12.799
1665.062	12.765
1667.603	12.728
1670.191	12.689
1672.758	12.651
1675.231	12.614
1677.550	12.581
1679.669	12.554
1681.562	12.532
1683.218	12.516
1684.643	12.507
1685.852	12.503
1686.867	12.505
1687.714	12.511
1688.418	12.521
1689.001	12.534
1689.487	12.550
1689.892	12.569
1690.233	12.589
1690.523	12.611
1690.772	12.634
1690.988	12.658
1691.180	12.683
1691.351	12.708
1691.508	12.734
1691.654	12.761
1691.791	12.787
1691.922	12.814
1692.050	12.842
1692.175	12.869
1692.300	12.897
1692.426	12.924
1692.552	12.952
1692.682	12.980
1692.816	13.007
1692.953	13.035
1693.097	13.063
1693.246	13.090
1693.403	13.118
1693.567	13.145
1693.740	13.172
1693.923	13.199
1694.116	13.226
1694.321	13.253
1694.538	13.279
1694.768	13.305
1695.013	13.331
1695.273	13.357
1695.549	13.382
1695.843	13.406
1696.156	13.430
1696.489	13.454
1696.844	13.477
1697.222	13.499
1697.625	13.521
1698.055	13.542
1698.515	13.562
1699.008	13.581
1699.537	13.599
1700.106	13.617
1700.722	13.632
1701.390	13.647
1702.117	13.659
1702.913	13.670
1703.788	13.678
1704.753	13.683
1705.821	13.686
1707.004	13.685
1708.313	13.681
1709.760	13.672
1711.348	13.659
1713.078	13.642
1714.943	13.621
1716.924	13.596
1718.996	13.568
1721.122	13.539
1723.262	13.509
1725.371	13.479
1727.407	13.451
1729.333	13.427
1731.122	13.406
1732.755	13.390
1734.223	13.378
1735.529	13.371
1736.677	13.369
1737.681	13.371
1738.554	13.377
1739.312	13.386
1739.971	13.399
1740.544	13.414
1741.045	13.431
1741.486	13.450
1741.878	13.471
1742.230	13.493
1742.549	13.516
1742.843	13.540
1743.117	13.564
1743.378	13.590
1743.630	13.615
1743.878	13.641
1744.127	13.667
1744.381	13.693
1744.647	13.718
1744.929	13.743
1745.233	13.768
1745.565	13.792
1745.935	13.815
1746.349	13.837
1746.817	13.857
1747.350	13.876
1747.959	13.892
1748.658	13.906
1749.457	13.916
1750.371	13.924
1751.409	13.927
1752.580	13.927
1753.888	13.922
1755.332	13.913
1756.904	13.900
1758.585	13.884
1760.354	13.865
1762.177	13.844
1764.021	13.822
1765.849	13.800
1767.625	13.779
1769.323	13.761
1770.917	13.746
1772.396	13.734
1773.752	13.725
1774.985	13.721
1776.102	13.719
1777.112	13.722
1778.027	13.727
1778.860	13.734
1779.623	13.744
1780.328	13.756
1780.989	13.769
1781.616	13.783
1782.219	13.798
1782.808	13.813
1783.392	13.829
1783.980	13.845
1784.583	13.860
1785.210	13.875
1785.871	13.889
1786.578	13.902
1787.343	13.913
1788.180	13.922
1789.102	13.929
1790.126	13.932
1791.264	13.933
1792.531	13.929
1793.938	13.922
1795.491	13.910
1797.193	13.894
1799.037	13.874
1801.012	13.849
1803.096	13.821
1805.264	13.791
1807.485	13.759
1809.732	13.726
1811.977	13.694
1814.203	13.661
1816.399	13.630
1818.565	13.600
1820.707	13.571
1822.838	13.543
1824.972	13.515
1827.125	13.486
1829.305	13.457
1831.518	13.427
