<j>	<Ffjc>
1045.824	13.420
1046.190	13.455
1046.558	13.491
1046.927	13.527
1047.302	13.562
1047.683	13.598
1048.073	13.633
1048.473	13.668
1048.885	13.703
1049.311	13.737
1049.752	13.770
1050.210	13.803
1050.683	13.835
1051.174	13.866
1051.682	13.896
1052.207	13.926
1052.750	13.955
1053.311	13.983
1053.892	14.010
1054.497	14.036
1055.132	14.061
1055.809	14.084
1056.544	14.104
1057.369	14.120
1058.328	14.131
1059.495	14.132
1060.981	14.119
1062.944	14.085
1065.599	14.020
1069.193	13.914
1073.924	13.758
1079.796	13.550
1086.472	13.308
1093.294	13.057
1099.530	12.832
1104.692	12.653
1108.652	12.527
1111.549	12.446
1113.622	12.401
1115.104	12.381
1116.181	12.379
1116.984	12.389
1117.601	12.407
1118.093	12.430
1118.499	12.457
1118.845	12.486
1119.150	12.518
1119.425	12.551
1119.680	12.585
1119.923	12.620
1120.159	12.655
1120.392	12.690
1120.628	12.726
1120.870	12.762
1121.125	12.797
1121.396	12.832
1121.692	12.866
1122.021	12.900
1122.392	12.931
1122.818	12.961
1123.315	12.988
1123.902	13.012
1124.602	13.032
1125.441	13.046
1126.448	13.054
1127.651	13.054
1129.077	13.045
1130.742	13.027
1132.646	12.999
1134.769	12.961
1137.063	12.916
1139.459	12.867
1141.870	12.816
1144.207	12.767
1146.392	12.724
1148.372	12.689
1150.116	12.662
1151.620	12.645
1152.899	12.637
1153.978	12.636
1154.887	12.643
1155.658	12.655
1156.319	12.672
1156.898	12.692
1157.416	12.715
1157.891	12.740
1158.342	12.766
1158.782	12.793
1159.228	12.820
1159.693	12.847
1160.194	12.872
1160.750	12.896
1161.384	12.917
1162.121	12.934
1162.993	12.946
1164.035	12.953
1165.286	12.951
1166.783	12.941
1168.554	12.920
1170.613	12.888
1172.948	12.845
1175.513	12.793
1178.228	12.734
1180.984	12.674
1183.667	12.615
1186.169	12.562
1188.414	12.518
1190.359	12.485
1191.998	12.463
1193.348	12.452
1194.443	12.451
1195.323	12.458
1196.029	12.471
1196.597	12.490
1197.058	12.513
1197.439	12.540
1197.760	12.569
1198.036	12.600
1198.280	12.632
1198.503	12.665
1198.710	12.699
1198.909	12.734
1199.104	12.769
1199.299	12.805
1199.498	12.840
1199.704	12.875
1199.921	12.910
1200.153	12.945
1200.403	12.979
1200.676	13.013
1200.978	13.045
1201.314	13.077
1201.692	13.107
1202.120	13.135
1202.607	13.161
1203.164	13.185
1203.803	13.205
1204.535	13.223
1205.373	13.236
1206.327	13.244
1207.405	13.248
1208.611	13.246
1209.943	13.240
1211.390	13.229
1212.932	13.213
1214.544	13.195
1216.190	13.175
1217.833	13.154
1219.436	13.135
1220.966	13.118
1222.396	13.105
1223.708	13.096
1224.894	13.092
1225.953	13.093
1226.890	13.099
1227.715	13.109
1228.439	13.124
1229.075	13.142
1229.636	13.163
1230.134	13.186
1230.579	13.212
1230.980	13.240
1231.347	13.269
1231.685	13.300
1232.000	13.332
1232.299	13.364
1232.584	13.398
1232.860	13.431
1233.130	13.466
1233.396	13.500
1233.661	13.535
1233.928	13.570
1234.199	13.605
1234.476	13.640
1234.761	13.674
1235.057	13.709
1235.366	13.743
1235.689	13.776
1236.031	13.809
1236.393	13.841
1236.777	13.873
1237.188	13.903
1237.628	13.933
1238.099	13.961
1238.605	13.987
1239.149	14.012
1239.733	14.036
1240.361	14.058
1241.033	14.077
1241.752	14.095
1242.519	14.111
1243.332	14.124
1244.192	14.136
1245.095	14.145
1246.039	14.153
1247.020	14.159
1248.032	14.164
1249.071	14.167
1250.132	14.169
1251.210	14.171
1252.301	14.172
1253.404	14.172
1254.518	14.172
1255.641	14.171
1256.777	14.170
1257.926	14.169
1259.092	14.166
1260.276	14.163
1261.479	14.159
1262.700	14.154
1263.938	14.149
1265.187	14.143
1266.439	14.137
1267.687	14.130
1268.921	14.125
1270.132	14.120
1271.313	14.116
1272.461	14.114
1273.573	14.113
1274.656	14.114
1275.718	14.116
1276.776	14.118
1277.854	14.120
1278.979	14.120
1280.186	14.117
1281.517	14.110
1283.015	14.096
1284.719	14.073
1286.663	14.041
1288.862	13.999
1291.302	13.947
1293.937	13.886
1296.687	13.821
1299.449	13.754
1302.115	13.690
1304.594	13.634
1306.824	13.587
1308.778	13.551
1310.462	13.526
1311.907	13.510
1313.156	13.503
1314.261	13.502
1315.276	13.505
1316.254	13.511
1317.249	13.516
1318.318	13.519
1319.516	13.519
1320.903	13.511
1322.538	13.495
1324.474	13.469
1326.748	13.430
1329.375	13.378
1332.326	13.315
1335.527	13.242
1338.864	13.163
1342.193	13.085
1345.375	13.010
1348.299	12.945
1350.895	12.891
1353.140	12.849
1355.048	12.819
1356.655	12.800
1358.009	12.790
1359.159	12.788
1360.151	12.791
1361.022	12.798
1361.805	12.809
1362.524	12.822
1363.198	12.837
1363.841	12.853
1364.464	12.870
1365.075	12.888
1365.680	12.905
1366.282	12.923
1366.883	12.941
1367.485	12.959
1368.087	12.977
1368.690	12.995
1369.292	13.013
1369.892	13.031
1370.489	13.050
1371.081	13.068
1371.667	13.087
1372.245	13.106
1372.816	13.125
1373.380	13.144
1373.937	13.164
1374.489	13.184
1375.040	13.204
1375.595	13.224
1376.161	13.244
1376.751	13.263
1377.380	13.282
1378.068	13.298
1378.844	13.312
1379.747	13.321
1380.825	13.325
1382.140	13.322
1383.762	13.309
1385.767	13.283
1388.223	13.242
1391.170	13.185
1394.594	13.112
1398.409	13.025
1402.450	12.931
1406.497	12.834
1410.326	12.744
1413.755	12.667
1416.680	12.605
1419.075	12.561
1420.973	12.532
1422.443	12.518
1423.565	12.515
1424.416	12.521
1425.063	12.534
1425.559	12.552
1425.946	12.574
1426.255	12.599
1426.510	12.626
1426.728	12.654
1426.921	12.684
1427.099	12.713
1427.269	12.744
1427.435	12.774
1427.602	12.805
1427.774	12.836
1427.954	12.866
1428.144	12.897
1428.348	12.927
1428.567	12.957
1428.805	12.986
1429.065	13.015
1429.350	13.043
1429.663	13.070
1430.009	13.097
1430.391	13.122
1430.813	13.146
1431.281	13.169
1431.798	13.190
1432.370	13.209
1433.000	13.227
1433.691	13.242
1434.448	13.255
1435.271	13.266
1436.160	13.275
1437.115	13.282
1438.131	13.286
1439.203	13.288
1440.321	13.289
1441.477	13.289
1442.657	13.287
1443.849	13.285
1445.040	13.282
1446.215	13.280
1447.363	13.279
1448.473	13.279
1449.536	13.281
1450.546	13.284
1451.498	13.289
1452.390	13.296
1453.221	13.305
1453.993	13.317
1454.706	13.330
1455.365	13.345
1455.973	13.362
1456.534	13.380
1457.053	13.400
1457.534	13.422
1457.981	13.445
1458.401	13.468
1458.797	13.493
1459.175	13.519
1459.543	13.545
1459.906	13.571
1460.273	13.597
1460.655	13.623
1461.064	13.649
1461.516	13.673
1462.031	13.695
1462.635	13.714
1463.361	13.730
1464.248	13.740
1465.344	13.744
1466.703	13.739
1468.384	13.723
1470.439	13.694
1472.901	13.652
1475.774	13.596
1479.010	13.526
1482.510	13.448
1486.131	13.365
1489.708	13.283
1493.090	13.206
1496.169	13.140
1498.888	13.085
1501.240	13.043
1503.254	13.012
1504.982	12.990
1506.477	12.977
1507.792	12.969
1508.972	12.967
1510.053	12.967
1511.061	12.970
1512.014	12.975
1512.925	12.982
1513.801	12.989
1514.647	12.998
1515.463	13.007
1516.248	13.018
1517.003	13.029
1517.726	13.041
1518.415	13.055
1519.069	13.069
1519.688	13.084
1520.273	13.101
1520.823	13.119
1521.340	13.138
1521.827	13.158
1522.283	13.178
1522.714	13.200
1523.119	13.223
1523.503	13.246
1523.867	13.270
1524.215	13.295
1524.548	13.320
1524.870	13.346
1525.182	13.372
1525.487	13.399
1525.787	13.426
1526.084	13.453
1526.379	13.480
1526.676	13.507
1526.975	13.535
1527.278	13.562
1527.589	13.589
1527.908	13.616
1528.239	13.643
1528.585	13.669
1528.950	13.695
1529.338	13.720
1529.756	13.744
1530.214	13.767
1530.722	13.788
1531.297	13.808
1531.963	13.824
1532.750	13.837
1533.702	13.845
1534.879	13.846
1536.358	13.837
1538.238	13.816
1540.632	13.779
1543.656	13.722
1547.396	13.642
1551.867	13.540
1556.966	13.417
1562.454	13.282
1567.995	13.144
1573.234	13.016
1577.899	12.904
1581.848	12.815
1585.068	12.748
1587.632	12.702
1589.652	12.672
1591.246	12.655
1592.519	12.649
1593.555	12.650
1594.419	12.656
1595.158	12.666
1595.807	12.679
1596.390	12.694
1596.924	12.710
1597.421	12.728
1597.892	12.747
1598.341	12.766
1598.775	12.786
1599.196	12.806
1599.607	12.826
1600.011	12.847
1600.409	12.868
1600.804	12.890
1601.196	12.911
1601.588	12.932
1601.981	12.954
1602.376	12.975
1602.775	12.997
1603.180	13.018
1603.594	13.039
1604.017	13.060
1604.453	13.081
1604.904	13.101
1605.372	13.121
1605.861	13.140
1606.375	13.159
1606.915	13.177
1607.487	13.194
1608.094	13.210
1608.739	13.225
1609.427	13.239
1610.161	13.251
1610.946	13.262
1611.784	13.271
1612.677	13.279
1613.627	13.285
1614.636	13.289
1615.702	13.291
1616.823	13.292
1617.995	13.291
1619.215	13.289
1620.476	13.285
1621.771	13.280
1623.093	13.274
1624.433	13.268
1625.786	13.261
1627.146	13.254
1628.510	13.247
1629.879	13.240
1631.255	13.233
1632.649	13.225
1634.071	13.217
1635.543	13.207
1637.088	13.196
1638.738	13.181
1640.531	13.164
1642.510	13.141
1644.719	13.112
1647.199	13.076
1649.984	13.032
1653.087	12.979
1656.492	12.918
1660.149	12.850
1663.973	12.778
1667.850	12.704
1671.657	12.631
1675.276	12.564
1678.615	12.504
1681.615	12.452
1684.254	12.411
1686.538	12.379
1688.493	12.355
1690.157	12.340
1691.570	12.331
1692.773	12.328
1693.801	12.329
1694.685	12.335
1695.450	12.343
1696.119	12.354
1696.707	12.368
1697.229	12.383
1697.695	12.399
1698.113	12.417
1698.491	12.436
1698.835	12.456
1699.149	12.477
1699.437	12.499
1699.702	12.521
1699.948	12.544
1700.176	12.567
1700.390	12.591
1700.590	12.615
1700.779	12.640
1700.958	12.665
1701.129	12.691
1701.293	12.716
1701.452	12.742
1701.608	12.768
1701.761	12.794
1701.915	12.821
1702.070	12.847
1702.229	12.874
1702.397	12.900
1702.575	12.926
1702.770	12.952
1702.988	12.977
1703.237	13.002
1703.529	13.026
1703.877	13.048
1704.303	13.069
1704.833	13.086
1705.499	13.101
1706.346	13.111
1707.428	13.115
1708.812	13.111
1710.570	13.098
1712.778	13.073
1715.503	13.034
1718.778	12.981
1722.585	12.913
1726.833	12.834
1731.360	12.746
1735.947	12.657
1740.364	12.571
1744.415	12.494
1747.972	12.430
1750.983	12.379
1753.460	12.342
1755.458	12.317
1757.051	12.303
1758.315	12.298
1759.322	12.299
1760.131	12.306
1760.790	12.316
1761.335	12.330
1761.796	12.346
1762.191	12.363
1762.538	12.382
1762.847	12.402
1763.126	12.423
1763.382	12.445
1763.620	12.467
1763.841	12.489
1764.050	12.512
1764.247	12.535
1764.435	12.559
1764.614	12.583
1764.786	12.607
1764.952	12.632
1765.112	12.656
1765.267	12.681
1765.418	12.706
1765.566	12.731
1765.710	12.757
1765.852	12.782
1765.993	12.808
1766.132	12.834
1766.271	12.860
1766.411	12.886
1766.552	12.912
1766.695	12.938
1766.841	12.964
1766.991	12.990
1767.146	13.016
1767.307	13.042
1767.475	13.068
1767.653	13.094
1767.840	13.120
1768.040	13.145
1768.253	13.170
1768.483	13.195
1768.731	13.219
1769.001	13.243
1769.294	13.266
1769.616	13.289
1769.968	13.311
1770.355	13.331
1770.782	13.351
1771.252	13.370
1771.770	13.388
1772.341	13.404
1772.969	13.418
1773.658	13.431
1774.411	13.442
1775.231	13.451
1776.118	13.459
1777.072	13.464
1778.091	13.468
1779.168	13.469
1780.297	13.470
1781.467	13.469
1782.667	13.467
1783.883	13.464
1785.102	13.461
1786.307	13.459
1787.487	13.457
1788.627	13.456
1789.718	13.456
1790.750	13.458
1791.718	13.461
1792.619	13.467
1793.450	13.475
1794.213	13.484
1794.910	13.495
1795.544	13.508
1796.119	13.523
1796.640	13.540
1797.111	13.558
1797.538	13.577
1797.924	13.598
1798.275	13.619
1798.595	13.642
1798.886	13.666
1799.154	13.690
1799.400	13.715
1799.628	13.741
1799.841	13.767
1800.040	13.794
1800.227	13.821
1800.405	13.849
1800.575	13.877
1800.739	13.905
1800.898	13.934
1801.054	13.962
1801.208	13.991
1801.362	14.020
1801.517	14.049
1801.675	14.078
1801.838	14.107
1802.007	14.136
1802.187	14.165
1802.378	14.194
1802.586	14.222
1802.813	14.250
