<j>	<Ffjc>
1040.049	13.719
1041.854	13.688
1043.813	13.649
1045.881	13.605
1047.996	13.557
1050.094	13.510
1052.119	13.466
1054.028	13.427
1055.799	13.395
1057.433	13.369
1058.945	13.349
1060.361	13.335
1061.714	13.323
1063.039	13.314
1064.366	13.305
1065.723	13.295
1067.128	13.283
1068.590	13.269
1070.109	13.252
1071.676	13.233
1073.269	13.213
1074.865	13.192
1076.432	13.172
1077.942	13.154
1079.370	13.139
1080.696	13.129
1081.910	13.124
1083.007	13.123
1083.990	13.128
1084.866	13.137
1085.645	13.151
1086.340	13.169
1086.963	13.190
1087.527	13.213
1088.043	13.240
1088.521	13.268
1088.971	13.297
1089.399	13.328
1089.813	13.359
1090.217	13.392
1090.616	13.424
1091.014	13.457
1091.413	13.490
1091.816	13.522
1092.222	13.555
1092.634	13.588
1093.051	13.620
1093.473	13.653
1093.901	13.685
1094.333	13.717
1094.769	13.749
1095.209	13.781
1095.653	13.813
1096.101	13.845
1096.553	13.876
1097.011	13.908
1097.477	13.939
1097.953	13.970
1098.442	14.001
1098.950	14.030
1099.481	14.059
1100.040	14.087
1100.634	14.113
1101.269	14.137
1101.953	14.158
1102.691	14.178
1103.488	14.194
1104.350	14.207
1105.279	14.217
1106.279	14.224
1107.349	14.226
1108.492	14.226
1109.710	14.221
1111.009	14.213
1112.401	14.200
1113.904	14.183
1115.543	14.159
1117.349	14.128
1119.356	14.088
1121.592	14.037
1124.067	13.976
1126.760	13.904
1129.617	13.825
1132.544	13.742
1135.426	13.661
1138.150	13.586
1140.624	13.522
1142.794	13.471
1144.646	13.435
1146.198	13.413
1147.488	13.402
1148.562	13.401
1149.468	13.408
1150.252	13.421
1150.953	13.438
1151.607	13.458
1152.247	13.479
1152.903	13.499
1153.604	13.518
1154.379	13.535
1155.260	13.547
1156.278	13.554
1157.462	13.553
1158.838	13.545
1160.422	13.528
1162.220	13.502
1164.214	13.467
1166.366	13.425
1168.616	13.379
1170.892	13.331
1173.117	13.284
1175.223	13.241
1177.161	13.206
1178.906	13.178
1180.453	13.158
1181.814	13.146
1183.014	13.142
1184.081	13.142
1185.046	13.148
1185.938	13.156
1186.783	13.167
1187.604	13.179
1188.421	13.192
1189.249	13.204
1190.105	13.215
1190.999	13.225
1191.941	13.233
1192.940	13.239
1194.003	13.243
1195.135	13.244
1196.339	13.242
1197.618	13.236
1198.971	13.228
1200.395	13.217
1201.885	13.204
1203.434	13.188
1205.030	13.170
1206.660	13.150
1208.308	13.130
1209.957	13.110
1211.586	13.090
1213.178	13.071
1214.715	13.055
1216.180	13.041
1217.561	13.030
1218.848	13.023
1220.036	13.019
1221.123	13.019
1222.111	13.024
1223.002	13.031
1223.802	13.043
1224.519	13.058
1225.160	13.075
1225.733	13.096
1226.246	13.119
1226.707	13.144
1227.123	13.171
1227.499	13.200
1227.843	13.230
1228.159	13.261
1228.453	13.294
1228.727	13.327
1228.986	13.361
1229.233	13.396
1229.472	13.432
1229.705	13.468
1229.934	13.504
1230.162	13.540
1230.391	13.577
1230.624	13.613
1230.862	13.650
1231.108	13.686
1231.365	13.723
1231.635	13.758
1231.921	13.794
1232.226	13.828
1232.553	13.862
1232.907	13.895
1233.292	13.927
1233.713	13.958
1234.176	13.986
1234.690	14.013
1235.264	14.037
1235.910	14.059
1236.646	14.077
1237.493	14.090
1238.481	14.097
1239.650	14.098
1241.053	14.088
1242.755	14.067
1244.831	14.031
1247.360	13.977
1250.401	13.902
1253.968	13.806
1257.998	13.691
1262.336	13.564
1266.753	13.433
1270.997	13.308
1274.859	13.199
1278.216	13.109
1281.037	13.040
1283.363	12.991
1285.271	12.958
1286.848	12.938
1288.178	12.928
1289.329	12.926
1290.355	12.928
1291.297	12.934
1292.184	12.943
1293.038	12.952
1293.874	12.963
1294.702	12.974
1295.530	12.984
1296.361	12.995
1297.198	13.006
1298.044	13.016
1298.897	13.026
1299.758	13.036
1300.625	13.046
1301.498	13.055
1302.375	13.064
1303.255	13.073
1304.136	13.082
1305.018	13.091
1305.901	13.100
1306.786	13.109
1307.677	13.118
1308.576	13.126
1309.491	13.134
1310.430	13.141
1311.406	13.148
1312.433	13.152
1313.528	13.154
1314.711	13.153
1316.005	13.149
1317.430	13.140
1319.006	13.126
1320.748	13.106
1322.660	13.080
1324.734	13.049
1326.944	13.012
1329.252	12.972
1331.603	12.930
1333.936	12.888
1336.190	12.848
1338.312	12.813
1340.264	12.783
1342.021	12.760
1343.578	12.743
1344.939	12.734
1346.119	12.730
1347.138	12.732
1348.019	12.739
1348.782	12.750
1349.448	12.765
1350.035	12.783
1350.558	12.802
1351.029	12.824
1351.460	12.847
1351.859	12.872
1352.235	12.897
1352.593	12.923
1352.939	12.950
1353.279	12.977
1353.616	13.005
1353.955	13.032
1354.302	13.059
1354.661	13.086
1355.038	13.113
1355.438	13.139
1355.867	13.164
1356.334	13.188
1356.847	13.210
1357.414	13.231
1358.047	13.249
1358.755	13.265
1359.551	13.278
1360.446	13.287
1361.451	13.293
1362.575	13.295
1363.823	13.292
1365.199	13.284
1366.697	13.273
1368.306	13.257
1370.010	13.237
1371.782	13.215
1373.595	13.192
1375.416	13.167
1377.213	13.144
1378.959	13.122
1380.631	13.102
1382.212	13.085
1383.694	13.072
1385.074	13.062
1386.355	13.056
1387.543	13.053
1388.648	13.053
1389.679	13.055
1390.647	13.060
1391.565	13.067
1392.441	13.075
1393.287	13.084
1394.112	13.094
1394.925	13.105
1395.735	13.116
1396.550	13.127
1397.379	13.137
1398.229	13.147
1399.109	13.156
1400.024	13.163
1400.983	13.170
1401.991	13.174
1403.053	13.177
1404.172	13.178
1405.349	13.177
1406.583	13.174
1407.872	13.170
1409.208	13.163
1410.584	13.155
1411.989	13.146
1413.412	13.136
1414.840	13.126
1416.261	13.116
1417.664	13.106
1419.038	13.098
1420.376	13.090
1421.672	13.084
1422.923	13.080
1424.128	13.077
1425.288	13.075
1426.403	13.075
1427.477	13.077
1428.514	13.079
1429.515	13.083
1430.484	13.088
1431.426	13.094
1432.341	13.101
1433.233	13.108
1434.103	13.117
1434.953	13.126
1435.785	13.135
1436.600	13.146
1437.400	13.156
1438.186	13.167
1438.960	13.179
1439.725	13.191
1440.484	13.203
1441.239	13.216
1441.994	13.228
1442.753	13.241
1443.522	13.253
1444.304	13.265
1445.104	13.276
1445.929	13.286
1446.783	13.296
1447.670	13.304
1448.595	13.311
1449.560	13.317
1450.568	13.322
1451.617	13.325
1452.706	13.326
1453.832	13.327
1454.988	13.326
1456.167	13.324
1457.360	13.322
1458.556	13.320
1459.745	13.317
1460.918	13.315
1462.065	13.314
1463.179	13.314
1464.253	13.315
1465.284	13.318
1466.271	13.322
1467.212	13.328
1468.110	13.335
1468.968	13.343
1469.788	13.353
1470.576	13.364
1471.336	13.376
1472.073	13.389
1472.792	13.402
1473.497	13.416
1474.194	13.430
1474.889	13.445
1475.588	13.459
1476.298	13.473
1477.031	13.487
1477.799	13.499
1478.622	13.510
1479.524	13.519
1480.541	13.524
1481.718	13.524
1483.118	13.518
1484.815	13.502
1486.898	13.474
1489.457	13.432
1492.566	13.373
1496.257	13.295
1500.484	13.200
1505.103	13.092
1509.882	12.979
1514.547	12.869
1518.847	12.769
1522.611	12.685
1525.767	12.620
1528.330	12.573
1530.368	12.542
1531.974	12.525
1533.243	12.518
1534.255	12.520
1535.080	12.527
1535.769	12.539
1536.361	12.553
1536.887	12.570
1537.367	12.589
1537.817	12.608
1538.250	12.629
1538.676	12.649
1539.101	12.670
1539.534	12.690
1539.982	12.711
1540.452	12.730
1540.952	12.749
1541.492	12.767
1542.086	12.784
1542.748	12.799
1543.497	12.811
1544.360	12.821
1545.365	12.826
1546.552	12.827
1547.965	12.821
1549.657	12.808
1551.681	12.786
1554.090	12.754
1556.924	12.709
1560.193	12.653
1563.869	12.586
1567.870	12.509
1572.067	12.427
1576.295	12.343
1580.384	12.263
1584.186	12.190
1587.600	12.127
1590.577	12.077
1593.115	12.037
1595.243	12.009
1597.012	11.991
1598.478	11.980
1599.696	11.976
1600.713	11.978
1601.572	11.984
1602.305	11.994
1602.939	12.006
1603.495	12.020
1603.990	12.036
1604.435	12.053
1604.841	12.072
1605.214	12.091
1605.559	12.112
1605.883	12.132
1606.187	12.154
1606.474	12.176
1606.746	12.198
1607.006	12.221
1607.254	12.244
1607.490	12.268
1607.718	12.292
1607.935	12.316
1608.144	12.340
1608.345	12.365
1608.539	12.390
1608.725	12.416
1608.904	12.441
1609.077	12.467
1609.243	12.494
1609.403	12.520
1609.557	12.547
1609.707	12.574
1609.850	12.601
1609.990	12.628
1610.124	12.656
1610.254	12.684
1610.380	12.712
1610.502	12.740
1610.621	12.769
1610.737	12.798
1610.849	12.827
1610.959	12.856
1611.066	12.885
1611.172	12.914
1611.275	12.944
1611.377	12.974
1611.478	13.004
1611.578	13.034
1611.677	13.064
1611.776	13.095
1611.875	13.125
1611.975	13.156
1612.076	13.186
1612.178	13.217
1612.283	13.248
1612.390	13.279
1612.499	13.310
1612.613	13.341
1612.731	13.372
1612.854	13.403
1612.983	13.433
1613.120	13.464
1613.265	13.495
1613.420	13.525
1613.586	13.555
1613.766	13.585
1613.961	13.615
1614.175	13.644
1614.412	13.673
1614.676	13.700
1614.972	13.727
1615.307	13.753
1615.692	13.777
1616.137	13.800
1616.658	13.820
1617.273	13.838
1618.006	13.852
1618.885	13.861
1619.947	13.865
1621.231	13.862
1622.780	13.851
1624.637	13.830
1626.834	13.799
1629.389	13.756
1632.286	13.702
1635.474	13.639
1638.863	13.570
1642.329	13.497
1645.740	13.426
1648.971	13.360
1651.933	13.302
1654.573	13.253
1656.880	13.215
1658.877	13.187
1660.604	13.167
1662.113	13.154
1663.461	13.146
1664.703	13.142
1665.893	13.140
1667.082	13.139
1668.323	13.136
1669.668	13.132
1671.172	13.123
1672.897	13.108
1674.904	13.086
1677.253	13.056
1679.997	13.015
1683.164	12.962
1686.749	12.899
1690.697	12.825
1694.902	12.745
1699.210	12.662
1703.448	12.580
1707.448	12.504
1711.083	12.437
1714.275	12.381
1716.999	12.338
1719.272	12.306
1721.137	12.285
1722.653	12.273
1723.878	12.269
1724.866	12.271
1725.667	12.278
1726.319	12.289
1726.855	12.303
1727.301	12.319
1727.676	12.337
1727.996	12.357
1728.272	12.378
1728.515	12.400
1728.730	12.423
1728.924	12.447
1729.101	12.471
1729.263	12.495
1729.415	12.520
1729.557	12.545
1729.693	12.571
1729.822	12.596
1729.946	12.622
1730.067	12.649
1730.186	12.675
1730.303	12.701
1730.420	12.728
1730.538	12.754
1730.658	12.781
1730.783	12.808
1730.915	12.834
1731.056	12.861
1731.210	12.887
1731.384	12.913
1731.583	12.938
1731.818	12.963
1732.103	12.987
1732.453	13.009
1732.895	13.028
1733.458	13.045
1734.188	13.058
1735.137	13.065
1736.375	13.066
1737.984	13.057
1740.057	13.036
1742.680	13.001
1745.923	12.951
1749.800	12.884
1754.251	12.802
1759.119	12.709
1764.164	12.611
1769.109	12.515
1773.696	12.427
1777.743	12.351
1781.163	12.292
1783.957	12.248
1786.182	12.218
1787.926	12.200
1789.285	12.193
1790.343	12.192
1791.175	12.198
1791.837	12.208
1792.376	12.221
1792.823	12.237
1793.204	12.254
1793.537	12.273
1793.833	12.293
1794.103	12.313
1794.354	12.334
1794.589	12.355
1794.812	12.377
1795.027	12.399
1795.235	12.422
1795.437	12.444
1795.635	12.467
1795.830	12.490
1796.022	12.513
1796.212	12.536
1796.400	12.559
1796.588	12.583
1796.775	12.606
1796.962	12.630
1797.150	12.653
1797.338	12.677
1797.527	12.701
1797.719	12.724
1797.912	12.748
1798.107	12.772
1798.306	12.796
1798.508	12.819
1798.714	12.843
1798.924	12.867
1799.140	12.891
1799.361	12.914
1799.589	12.938
1799.823	12.961
1800.066	12.984
1800.318	13.007
1800.578	13.030
1800.850	13.053
1801.132	13.075
1801.427	13.098
1801.736	13.120
1802.058	13.141
1802.396	13.163
1802.750	13.183
1803.121	13.204
1803.510	13.224
1803.918	13.244
1804.346	13.263
1804.794	13.281
1805.262	13.299
1805.752	13.317
1806.262	13.334
1806.793	13.351
1807.344	13.366
1807.914	13.382
1808.503	13.397
1809.108	13.411
1809.728	13.425
1810.362	13.439
1811.007	13.452
1811.663	13.465
1812.326	13.478
1812.996	13.491
1813.671	13.503
1814.351	13.516
1815.036	13.528
1815.727	13.540
1816.427	13.552
1817.138	13.564
1817.867	13.575
1818.621	13.585
1819.411	13.595
1820.248	13.604
1821.150	13.610
1822.137	13.615
1823.234	13.617
1824.471	13.615
