<j>	var(j)
1.246	0.387
3.002	0.921
4.179	0.875
5.196	0.705
6.054	0.711
7.215	1.332
8.585	0.975
9.532	1.532
11.137	2.247
12.467	1.536
13.346	1.420
14.237	1.855
15.522	2.821
17.083	2.218
18.031	1.476
18.729	1.284
19.440	1.445
20.367	1.813
21.486	1.844
22.550	1.870
23.598	1.727
24.543	1.681
25.496	1.971
26.692	3.106
28.339	3.566
29.759	2.826
30.782	2.091
31.548	1.697
32.242	1.605
32.951	1.500
33.668	1.754
34.659	3.159
36.382	4.929
38.246	3.751
39.354	2.254
40.058	1.820
40.693	1.646
41.311	1.533
41.954	1.802
42.828	3.072
44.396	6.558
47.021	9.179
49.278	5.271
50.306	2.556
50.847	2.083
51.368	2.686
52.136	4.268
53.392	6.135
54.975	5.628
56.180	3.194
56.831	1.790
57.242	1.473
57.644	1.710
58.184	2.470
59.043	3.985
60.413	5.858
62.128	5.995
63.566	4.223
64.501	2.795
65.151	2.202
65.716	2.118
66.315	2.367
67.037	2.875
67.946	3.613
69.090	4.820
70.581	6.850
72.480	8.304
74.343	6.766
75.630	4.489
76.493	4.392
77.473	7.979
79.355	17.198
82.678	24.597
85.950	17.998
87.839	10.212
88.864	6.416
89.525	4.486
90.007	3.402
90.395	2.836
90.742	2.622
91.088	2.673
91.469	2.953
91.919	3.441
92.476	4.087
93.164	4.760
93.977	5.266
94.877	5.497
95.812	5.583
96.766	5.832
97.775	6.550
98.919	7.879
100.275	9.604
101.845	11.156
103.539	12.081
105.236	12.203
106.832	11.306
108.221	9.409
109.327	7.104
110.148	5.143
110.755	3.951
111.248	3.634
111.742	4.248
112.371	5.998
113.303	9.142
114.711	13.166
116.582	15.679
118.546	14.469
120.167	10.951
121.324	7.573
122.117	5.169
122.670	3.688
123.085	2.935
123.439	2.768
123.804	3.159
124.257	4.260
124.911	6.416
125.927	9.863
127.442	13.573
129.326	14.666
131.114	12.250
132.486	9.408
133.537	8.627
134.555	10.840
135.900	17.228
138.002	28.217
141.060	37.490
144.396	34.457
146.953	23.237
148.521	14.266
149.469	9.732
150.136	8.081
150.717	7.982
151.315	8.719
151.990	9.871
152.768	11.069
153.647	11.917
154.591	12.093
155.543	11.562
156.447	10.673
157.284	10.002
158.082	10.102
158.909	11.369
159.864	13.943
161.045	17.444
162.496	20.577
164.133	21.423
165.741	19.087
167.100	14.794
168.120	10.531
168.843	7.366
169.359	5.379
169.750	4.279
170.076	3.778
170.380	3.684
170.692	3.897
171.039	4.380
171.447	5.161
171.947	6.384
172.587	8.468
173.465	12.482
174.788	20.594
176.933	34.913
180.220	50.538
184.168	52.486
187.537	39.391
189.773	25.677
191.169	17.207
192.106	12.507
192.798	9.741
193.351	8.003
193.817	6.912
194.232	6.273
194.621	5.951
195.003	5.836
195.390	5.836
195.788	5.881
196.201	5.938
196.628	6.026
197.074	6.252
197.552	6.857
198.096	8.303
198.783	11.380
199.758	17.173
201.234	26.217
203.389	36.000
206.070	39.969
208.703	35.040
210.798	26.918
212.340	21.471
213.572	19.643
214.717	20.068
215.892	21.205
217.124	21.825
218.371	21.192
219.557	19.253
220.618	16.586
221.525	14.006
222.295	12.192
222.978	11.607
223.648	12.662
224.406	15.911
225.384	22.063
226.751	31.382
228.651	42.075
231.055	49.016
233.631	47.046
235.903	37.360
237.598	26.156
238.750	17.743
239.533	12.749
240.109	10.239
240.586	9.250
241.033	9.185
241.490	9.748
241.989	10.823
242.555	12.375
243.215	14.383
243.992	16.775
244.904	19.371
245.955	21.859
247.132	23.845
248.398	25.021
249.704	25.338
251.005	25.064
252.275	24.637
253.513	24.455
254.734	24.736
255.964	25.502
257.225	26.615
258.530	27.808
259.878	28.681
261.247	28.765
262.596	27.669
263.871	25.293
265.018	21.929
266.001	18.141
266.810	14.515
267.460	11.452
267.979	9.119
268.400	7.513
268.757	6.547
269.077	6.118
269.388	6.152
269.711	6.611
270.070	7.514
270.491	8.955
271.005	11.126
271.660	14.369
272.519	19.172
273.673	25.988
275.219	34.587
277.210	42.989
279.545	47.438
281.943	45.299
284.081	38.278
285.806	30.784
287.167	25.958
288.324	24.535
289.435	25.845
290.618	28.699
291.926	31.761
293.353	33.838
294.840	34.305
296.313	33.363
297.720	31.786
299.043	30.306
300.296	29.180
301.495	28.167
302.647	26.806
303.734	24.762
304.731	22.019
305.613	18.871
306.368	15.740
307.000	12.989
307.527	10.824
307.974	9.302
308.367	8.377
308.731	7.965
309.086	7.972
309.451	8.309
309.841	8.899
310.268	9.657
310.739	10.489
311.258	11.280
311.822	11.905
312.422	12.241
313.042	12.205
313.663	11.778
314.264	11.019
314.829	10.051
315.349	9.027
315.822	8.096
316.253	7.399
316.657	7.098
317.058	7.508
317.503	9.454
318.102	15.265
319.135	31.178
321.301	70.109
325.836	137.415
333.048	175.860
339.990	127.586
344.083	63.588
345.966	30.065
346.859	16.923
347.383	12.025
347.772	10.224
348.115	9.847
348.456	10.509
348.830	12.357
349.283	15.870
349.880	21.833
350.715	31.248
351.918	44.871
353.626	61.999
355.914	78.763
358.675	88.237
361.574	85.169
364.199	71.459
366.293	54.315
367.838	39.737
368.957	29.764
369.800	23.894
370.488	20.955
371.102	19.996
371.700	20.483
372.322	22.234
373.009	25.324
373.800	29.989
374.745	36.528
375.899	45.126
377.319	55.577
379.046	66.984
381.082	77.632
383.370	85.471
385.801	89.154
388.244	88.957
390.599	86.575
392.826	83.959
394.936	82.295
396.963	81.599
398.936	81.051
400.861	79.534
402.714	76.171
404.458	70.688
406.051	63.458
407.462	55.288
408.681	47.069
409.714	39.518
410.581	33.062
411.308	27.852
411.925	23.864
412.459	20.969
412.933	19.013
413.369	17.848
413.785	17.354
414.194	17.440
414.613	18.043
415.051	19.122
415.523	20.648
416.038	22.590
416.608	24.914
417.242	27.553
417.949	30.411
418.733	33.341
419.595	36.155
420.531	38.628
421.531	40.534
422.577	41.677
423.650	41.934
424.724	41.283
425.778	39.798
426.790	37.628
427.746	34.966
428.633	32.007
429.445	28.927
430.181	25.869
430.843	22.943
431.433	20.226
431.957	17.771
432.421	15.609
432.834	13.759
433.202	12.229
433.534	11.025
433.837	10.155
434.122	9.641
434.398	9.526
434.676	9.898
434.972	10.916
435.306	12.853
435.709	16.179
436.227	21.655
436.933	30.428
437.937	43.998
439.388	63.645
441.453	88.811
444.232	114.502
447.619	130.881
451.228	129.405
454.554	111.364
457.258	86.633
459.285	64.486
460.769	48.697
461.888	39.016
462.793	33.822
463.587	31.525
464.338	30.958
465.082	31.305
465.840	32.005
466.619	32.653
467.416	32.962
468.222	32.754
469.025	31.961
469.808	30.615
470.560	28.840
471.270	26.800
471.932	24.680
472.545	22.642
473.112	20.807
473.637	19.252
474.127	18.005
474.591	17.062
475.036	16.392
475.469	15.952
475.895	15.690
476.319	15.555
476.745	15.503
477.174	15.501
477.607	15.533
478.046	15.605
478.492	15.757
478.948	16.067
479.418	16.677
479.913	17.815
480.449	19.848
481.057	23.348
481.784	29.183
482.707	38.594
483.937	53.099
485.625	73.890
487.930	100.297
490.941	127.736
494.566	147.748
498.483	153.232
502.277	144.795
505.664	129.561
508.572	114.205
511.062	101.219
513.225	90.068
515.116	79.552
516.763	69.070
518.178	58.790
519.372	49.266
520.369	41.026
521.199	34.375
521.899	29.365
522.501	25.872
523.038	23.690
523.536	22.606
524.017	22.443
524.501	23.086
525.006	24.487
525.547	26.678
526.143	29.774
526.815	33.975
527.587	39.552
528.491	46.804
529.564	55.959
530.845	66.995
532.370	79.396
534.155	91.912
536.186	102.601
538.401	109.307
540.701	110.603
542.966	106.595
545.096	98.982
547.035	90.283
548.778	82.870
550.365	78.378
551.860	77.648
553.339	80.930
554.878	88.047
556.545	98.445
558.395	111.096
560.456	124.377
562.723	136.104
565.152	143.917
567.659	145.969
570.139	141.635
572.489	131.733
574.629	118.150
576.515	103.067
578.140	88.294
579.520	74.977
580.686	63.621
581.675	54.282
582.520	46.768
583.250	40.787
583.891	36.043
584.460	32.269
584.974	29.247
585.444	26.807
585.877	24.820
586.283	23.187
586.665	21.838
587.028	20.720
587.376	19.797
587.711	19.039
588.037	18.427
588.356	17.944
588.670	17.580
588.980	17.324
589.289	17.169
589.599	17.108
589.910	17.135
590.226	17.247
590.546	17.439
590.874	17.706
591.210	18.046
591.556	18.454
591.913	18.931
592.283	19.476
592.667	20.095
593.067	20.799
593.485	21.613
593.924	22.583
594.386	23.791
594.877	25.375
595.405	27.564
595.985	30.731
596.638	35.460
597.399	42.643
598.323	53.542
599.490	69.757
601.010	92.853
603.018	123.302
605.632	158.558
608.885	191.292
612.636	210.602
616.553	208.197
620.225	185.085
623.343	150.876
625.801	116.485
627.659	88.462
629.058	68.540
630.142	55.736
631.030	48.250
631.806	44.408
632.527	42.920
633.230	42.870
633.937	43.622
634.661	44.724
635.406	45.852
636.172	46.774
636.955	47.337
637.749	47.461
638.547	47.142
639.340	46.447
640.124	45.503
640.893	44.491
641.647	43.625
642.390	43.140
643.128	43.292
643.872	44.348
644.639	46.588
645.450	50.315
646.330	55.849
647.312	63.510
648.432	73.572
649.728	86.162
651.241	101.136
653.003	117.882
655.032	135.231
657.322	151.494
659.835	164.801
662.507	173.682
665.253	177.613
667.994	177.178
670.666	173.744
673.231	168.804
675.678	163.430
678.008	158.034
680.228	152.441
682.340	146.153
684.340	138.676
686.215	129.740
687.952	119.404
689.536	108.026
690.958	96.159
692.218	84.393
693.320	73.239
694.275	63.067
695.097	54.089
695.804	46.376
696.412	39.897
696.938	34.561
697.397	30.245
697.801	26.819
698.163	24.163
698.491	22.171
698.795	20.756
699.083	19.853
699.361	19.413
699.636	19.406
699.914	19.813
700.200	20.629
700.502	21.860
700.824	23.514
701.175	25.604
701.560	28.141
701.986	31.128
702.461	34.558
702.993	38.404
703.586	42.616
704.248	47.125
704.982	51.837
705.792	56.651
706.678	61.473
707.640	66.248
708.676	70.984
709.785	75.778
710.966	80.828
712.223	86.411
713.563	92.835
714.997	100.362
716.540	109.078
718.207	118.784
720.008	128.882
721.942	138.354
723.993	145.883
726.124	150.152
728.284	150.201
730.409	145.758
732.440	137.349
734.328	126.115
736.041	113.456
737.569	100.675
738.916	88.755
740.100	78.280
741.143	69.498
742.069	62.418
742.903	56.911
743.667	52.789
744.378	49.857
745.054	47.938
745.707	46.879
746.350	46.551
746.991	46.852
747.641	47.688
748.305	48.969
748.990	50.612
749.701	52.518
750.441	54.585
751.214	56.688
752.017	58.696
752.851	60.471
753.710	61.876
754.591	62.792
755.485	63.116
756.383	62.790
757.277	61.801
758.157	60.181
759.014	58.008
759.840	55.399
760.630	52.487
761.379	49.423
762.087	46.348
762.752	43.395
763.377	40.673
763.966	38.276
764.523	36.271
765.053	34.717
765.565	33.663
766.065	33.153
766.560	33.236
767.061	33.972
767.578	35.446
768.121	37.772
768.704	41.103
769.344	45.639
770.058	51.621
770.870	59.315
771.808	68.973
772.899	80.741
774.175	94.527
775.663	109.818
777.378	125.524
779.317	139.901
781.445	150.801
783.699	156.203
785.989	154.895
788.215	147.014
790.291	133.984
792.153	118.005
793.772	101.330
795.152	85.701
796.313	72.193
797.291	61.226
798.121	52.805
798.841	46.714
799.482	42.659
800.072	40.372
800.636	39.656
801.195	40.394
801.770	42.584
802.381	46.314
803.051	51.760
803.805	59.145
804.670	68.697
805.678	80.547
806.860	94.592
808.245	110.300
809.850	126.537
811.673	141.509
813.686	152.995
815.829	158.833
818.016	157.660
820.147	149.426
822.133	135.498
823.908	118.123
825.438	99.701
826.719	82.181
827.769	66.780
828.622	54.037
829.313	43.985
829.878	36.377
830.349	30.847
830.752	27.011
831.109	24.528
831.436	23.116
831.749	22.552
832.057	22.657
832.369	23.307
832.694	24.398
833.038	25.853
833.405	27.595
833.799	29.560
834.224	31.679
834.682	33.878
835.175	36.066
835.702	38.146
836.261	40.021
836.850	41.590
837.463	42.756
838.095	43.442
838.739	43.602
839.386	43.221
840.028	42.323
840.659	40.969
841.270	39.261
841.857	37.326
842.417	35.306
842.950	33.367
843.455	31.697
843.938	30.504
844.407	30.042
844.873	30.649
845.355	32.788
845.877	37.119
846.477	44.575
847.206	56.428
848.139	74.271
849.372	99.768
851.025	133.902
853.219	175.536
856.037	219.518
859.456	256.027
863.290	273.335
867.207	264.520
870.839	232.439
873.912	187.809
876.324	142.315
878.118	103.376
879.408	73.532
880.323	52.203
880.973	37.583
881.445	27.780
881.797	21.256
882.070	16.900
882.289	13.955
882.473	11.921
882.631	10.484
882.773	9.442
882.901	8.667
883.021	8.078
883.133	7.628
883.241	7.283
883.344	7.023
883.445	6.838
883.545	6.717
883.643	6.660
883.742	6.664
883.842	6.729
883.944	6.857
884.049	7.054
884.158	7.324
884.272	7.674
884.393	8.115
884.523	8.654
884.663	9.308
884.814	10.089
884.980	11.014
885.163	12.103
885.367	13.378
885.593	14.864
885.847	16.583
886.133	18.572
886.456	20.857
886.821	23.476
887.234	26.476
887.704	29.910
888.237	33.849
888.843	38.395
889.534	43.685
890.323	49.906
891.226	57.298
892.265	66.142
893.463	76.684
894.849	89.047
896.450	103.034
898.286	117.854
900.358	132.056
902.639	143.534
905.068	150.047
907.547	150.065
909.970	143.423
912.234	131.472
914.269	116.544
916.048	101.038
917.576	86.851
918.882	75.087
920.012	66.146
921.011	60.021
921.923	56.471
922.788	55.178
923.639	55.847
924.507	58.206
925.417	61.997
926.390	66.952
927.443	72.749
928.586	78.966
929.822	85.090
931.150	90.536
932.552	94.694
934.008	97.055
935.487	97.329
936.958	95.491
938.389	91.815
939.754	86.816
941.037	81.103
942.231	75.311
943.337	69.972
944.365	65.463
945.328	62.050
946.244	59.867
947.131	58.947
948.009	59.286
948.895	60.843
949.810	63.529
950.767	67.252
951.783	71.852
952.869	77.101
954.034	82.712
955.280	88.251
956.604	93.218
957.995	97.081
959.433	99.298
960.892	99.490
962.343	97.479
963.752	93.337
965.091	87.417
966.336	80.226
967.473	72.360
968.494	64.394
969.402	56.801
970.202	49.933
970.907	44.015
971.530	39.168
972.088	35.457
972.598	32.912
973.075	31.550
973.538	31.441
974.005	32.677
974.497	35.427
975.036	39.938
975.651	46.520
976.373	55.526
977.239	67.294
978.292	82.013
979.573	99.499
981.119	118.947
982.949	138.706
985.052	156.251
987.378	168.689
989.836	173.582
992.308	169.959
994.676	158.744
996.845	142.302
998.756	123.585
1000.398	105.061
1001.783	88.359
1002.943	74.233
1003.918	62.771
1004.743	53.727
1005.453	46.710
1006.074	41.322
1006.627	37.230
1007.128	34.170
1007.592	31.951
1008.029	30.452
1008.450	29.602
1008.862	29.381
1009.274	29.802
1009.697	30.931
1010.139	32.869
1010.614	35.786
1011.135	39.892
1011.721	45.501
1012.394	52.989
1013.183	62.779
1014.121	75.344
1015.249	91.006
1016.610	109.792
1018.242	131.095
1020.172	153.346
1022.398	173.930
1024.876	189.422
1027.516	196.574
1030.191	193.589
1032.762	180.864
1035.114	160.928
1037.164	137.370
1038.892	113.485
1040.305	91.682
1041.439	73.173
1042.344	58.236
1043.064	46.677
1043.644	38.005
1044.120	31.699
1044.521	27.280
1044.870	24.363
1045.185	22.654
1045.482	21.948
1045.773	22.115
1046.070	23.088
1046.385	24.871
1046.727	27.519
1047.109	31.159
1047.546	35.988
1048.055	42.284
1048.656	50.445
1049.378	60.957
1050.254	74.430
1051.325	91.470
1052.642	112.597
1054.254	137.860
1056.213	166.488
1058.547	196.313
1061.250	223.634
1064.259	243.701
1067.452	252.158
1070.664	246.915
1073.724	229.144
1076.494	202.785
1078.895	172.812
1080.910	143.549
1082.566	117.769
1083.918	96.734
1085.028	80.625
1085.955	69.056
1086.755	61.397
1087.471	57.025
1088.143	55.381
1088.802	56.019
1089.474	58.533
1090.182	62.595
1090.942	67.827
1091.769	73.877
1092.671	80.270
1093.650	86.491
1094.704	91.980
1095.821	96.159
1096.984	98.547
1098.169	98.795
1099.352	96.791
1100.504	92.654
1101.602	86.726
1102.625	79.501
1103.559	71.534
1104.399	63.369
1105.141	55.451
1105.792	48.126
1106.356	41.616
1106.847	36.032
1107.274	31.424
1107.648	27.773
1107.982	25.057
1108.286	23.216
1108.570	22.240
1108.846	22.090
1109.123	22.800
1109.413	24.409
1109.727	26.996
1110.078	30.678
1110.481	35.601
1110.952	41.931
1111.510	49.827
1112.176	59.409
1112.972	70.690
1113.920	83.514
1115.038	97.459
1116.337	111.786
1117.817	125.449
1119.462	137.210
1121.243	145.917
1123.114	150.791
1125.024	151.778
1126.922	149.612
1128.776	145.706
1130.566	141.912
1132.301	140.081
1134.010	141.870
1135.739	148.498
1137.549	160.564
1139.501	177.908
1141.655	199.370
1144.044	222.461
1146.676	243.688
1149.508	258.837
1152.456	264.312
1155.401	258.240
1158.215	241.264
1160.795	216.213
1163.065	186.991
1165.005	157.257
1166.618	129.716
1167.942	105.829
1169.018	86.059
1169.894	70.220
1170.609	57.818
1171.201	48.234
1171.698	40.893
1172.121	35.287
1172.489	31.009
1172.815	27.730
1173.109	25.208
1173.378	23.256
1173.628	21.735
1173.864	20.542
1174.088	19.599
1174.303	18.854
1174.512	18.268
1174.716	17.820
1174.916	17.502
1175.114	17.321
1175.311	17.301
1175.510	17.499
1175.713	17.999
1175.922	18.945
1176.147	20.559
1176.392	23.183
1176.673	27.342
1177.007	33.829
1177.428	43.816
1177.979	58.977
1178.726	81.620
1179.766	114.545
1181.225	160.637
1183.258	221.308
1186.017	294.069
1189.599	369.246
1193.947	429.293
1198.796	454.677
1203.707	435.147
1208.205	377.379
1211.959	300.308
1214.861	223.385
1216.978	158.416
1218.460	109.229
1219.477	74.447
1220.170	51.028
1220.648	35.704
1220.984	25.935
1221.232	19.830
1221.423	16.149
1221.582	14.070
1221.723	13.099
1221.856	12.949
1221.989	13.471
1222.130	14.626
1222.284	16.453
1222.460	19.053
1222.666	22.586
1222.912	27.281
1223.211	33.420
1223.580	41.343
1224.040	51.424
1224.614	64.038
1225.331	79.493
1226.222	97.888
1227.318	118.971
1228.644	141.910
1230.216	165.175
1232.030	186.510
1234.054	203.183
1236.226	212.605
1238.467	213.054
1240.674	204.315
1242.762	187.704
1244.650	165.807
1246.302	141.420
1247.695	117.260
1248.846	95.017
1249.772	75.843
1250.513	59.955
1251.098	47.341
1251.562	37.576
1251.932	30.256
1252.232	24.941
1252.482	21.260
1252.697	18.937
1252.892	17.788
1253.077	17.736
1253.265	18.821
1253.467	21.219
1253.699	25.275
1253.979	31.565
1254.332	40.957
1254.795	54.713
1255.419	74.564
1256.273	102.721
1257.450	141.642
1259.070	193.392
1261.262	258.179
1264.146	332.197
1267.772	405.493
1272.068	462.430
1276.792	486.935
1281.577	470.986
1286.031	419.920
1289.873	349.072
1292.986	275.178
1295.393	209.921
1297.210	158.087
1298.571	119.959
1299.606	93.301
1300.414	75.456
1301.073	63.919
1301.636	56.785
1302.141	52.639
1302.614	50.499
1303.070	49.682
1303.522	49.732
1303.978	50.342
1304.441	51.287
1304.915	52.417
1305.401	53.617
1305.900	54.807
1306.412	55.917
1306.935	56.897
1307.470	57.712
1308.013	58.336
1308.563	58.762
1309.119	58.979
1309.679	59.009
1310.239	58.864
1310.801	58.591
1311.360	58.222
1311.918	57.830
1312.473	57.450
1313.027	57.177
1313.579	57.064
1314.133	57.205
1314.690	57.651
1315.254	58.508
1315.828	59.811
1316.417	61.656
1317.027	64.074
1317.664	67.116
1318.333	70.791
1319.040	75.090
1319.793	79.961
1320.596	85.323
1321.454	91.018
1322.370	96.884
1323.345	102.670
1324.377	108.117
1325.463	112.960
1326.594	116.925
1327.762	119.804
1328.955	121.458
1330.161	121.856
1331.368	121.031
1332.562	119.183
1333.736	116.490
1334.880	113.277
1335.990	109.795
1337.066	106.319
1338.106	103.060
1339.116	100.181
1340.097	97.775
1341.056	95.887
1341.996	94.495
1342.925	93.555
1343.845	92.982
1344.761	92.682
1345.674	92.575
1346.587	92.532
1347.500	92.512
1348.414	92.421
1349.327	92.237
1350.238	91.924
1351.147	91.493
1352.051	90.950
1352.951	90.344
1353.844	89.721
1354.733	89.151
1355.616	88.714
1356.497	88.490
1357.376	88.613
1358.257	89.168
1359.145	90.334
1360.047	92.226
1360.969	95.048
1361.922	98.949
1362.915	104.122
1363.962	110.712
1365.077	118.803
1366.273	128.440
1367.567	139.442
1368.968	151.549
1370.486	164.155
1372.122	176.540
1373.872	187.699
1375.719	196.651
1377.636	202.417
1379.593	204.374
1381.549	202.286
1383.467	196.465
1385.315	187.638
1387.065	176.864
1388.704	165.325
1390.229	154.085
1391.646	144.083
1392.969	135.945
1394.217	130.038
1395.412	126.504
1396.577	125.301
1397.733	126.203
1398.898	128.881
1400.090	132.919
1401.317	137.820
1402.590	143.084
1403.908	148.169
1405.270	152.657
1406.668	156.175
1408.092	158.536
1409.534	159.738
1410.978	159.949
1412.422	159.525
1413.854	158.945
1415.280	158.730
1416.700	159.427
1418.124	161.494
1419.565	165.272
1421.036	170.893
1422.558	178.367
1424.141	187.342
1425.799	197.315
1427.539	207.492
1429.357	216.882
1431.247	224.495
1433.189	229.287
1435.157	230.529
1437.118	227.736
1439.041	220.894
1440.889	210.421
1442.638	196.975
1444.264	181.525
1445.754	164.971
1447.101	148.214
1448.309	131.941
1449.381	116.675
1450.328	102.751
1451.162	90.324
1451.896	79.462
1452.543	70.125
1453.115	62.244
1453.625	55.719
1454.084	50.466
1454.501	46.398
1454.888	43.454
1455.252	41.598
1455.603	40.823
1455.950	41.159
1456.303	42.678
1456.671	45.486
1457.067	49.735
1457.504	55.614
1457.994	63.352
1458.557	73.202
1459.209	85.402
1459.973	100.173
1460.870	117.609
1461.923	137.585
1463.155	159.792
1464.579	183.335
1466.206	207.032
1468.031	229.130
1470.031	247.619
1472.172	260.596
1474.399	266.476
1476.653	264.597
1478.860	255.244
1480.969	239.641
1482.928	219.667
1484.707	197.422
1486.298	174.757
1487.696	153.297
1488.922	133.889
1489.989	117.166
1490.924	103.250
1491.750	92.070
1492.488	83.395
1493.160	76.975
1493.782	72.489
1494.373	69.685
1494.943	68.305
1495.505	68.157
1496.068	69.053
1496.641	70.835
1497.232	73.372
1497.846	76.529
1498.488	80.190
1499.163	84.223
1499.873	88.484
1500.621	92.844
1501.405	97.161
1502.228	101.299
1503.085	105.126
1503.974	108.544
1504.893	111.463
1505.836	113.837
1506.798	115.680
1507.775	117.013
1508.764	117.938
1509.758	118.546
1510.758	119.007
1511.762	119.441
1512.769	119.984
1513.782	120.764
1514.800	121.868
1515.829	123.334
1516.870	125.134
1517.926	127.235
1519.000	129.499
1520.092	131.776
1521.203	133.912
1522.332	135.661
1523.472	136.879
1524.622	137.370
1525.773	137.008
1526.920	135.750
1528.053	133.561
1529.166	130.527
1530.252	126.715
1531.305	122.318
1532.320	117.487
1533.294	112.410
1534.226	107.247
1535.116	102.156
1535.962	97.271
1536.770	92.672
1537.540	88.421
1538.276	84.578
1538.982	81.132
1539.661	78.107
1540.315	75.477
1540.949	73.234
1541.566	71.370
1542.170	69.858
1542.762	68.703
1543.346	67.896
1543.925	67.439
1544.502	67.358
1545.080	67.656
1545.663	68.373
1546.253	69.511
1546.856	71.120
1547.475	73.207
1548.114	75.789
1548.777	78.871
1549.469	82.436
1550.194	86.434
1550.956	90.818
1551.757	95.471
1552.600	100.275
1553.487	105.050
1554.415	109.603
1555.383	113.737
1556.387	117.213
1557.420	119.842
1558.474	121.449
1559.540	121.915
1560.608	121.212
1561.668	119.348
1562.709	116.455
1563.723	112.696
1564.704	108.286
1565.644	103.513
1566.543	98.622
1567.400	93.872
1568.216	89.528
1568.996	85.772
1569.744	82.818
1570.469	80.787
1571.179	79.820
1571.883	79.982
1572.592	81.350
1573.315	83.942
1574.064	87.761
1574.851	92.762
1575.684	98.846
1576.574	105.853
1577.528	113.548
1578.551	121.626
1579.646	129.688
1580.811	137.293
1582.043	143.964
1583.329	149.235
1584.656	152.727
1586.010	154.176
1587.369	153.499
1588.716	150.808
1590.035	146.367
1591.309	140.648
1592.530	134.166
1593.693	127.538
1594.796	121.431
1595.847	116.446
1596.856	113.286
1597.841	112.674
1598.825	115.463
1599.839	122.737
1600.925	135.849
1602.133	156.508
1603.531	186.783
1605.205	228.865
1607.253	284.481
1609.785	353.933
1612.900	434.376
1616.658	518.283
1621.045	592.915
1625.924	642.880
1631.052	655.579
1636.116	627.316
1640.814	565.138
1644.934	483.232
1648.380	396.635
1651.163	316.456
1653.358	248.419
1655.070	194.057
1656.402	152.311
1657.449	121.007
1658.283	97.887
1658.959	80.971
1659.523	68.637
1660.002	59.635
1660.422	53.112
1660.799	48.418
1661.143	45.061
1661.467	42.763
1661.776	41.271
1662.075	40.414
1662.370	40.107
1662.664	40.221
1662.962	40.736
1663.263	41.592
1663.574	42.756
1663.893	44.226
1664.226	45.977
1664.573	48.017
1664.937	50.363
1665.321	53.018
1665.726	56.031
1666.155	59.431
1666.613	63.292
1667.101	67.678
1667.626	72.702
1668.191	78.471
1668.801	85.139
1669.468	92.864
1670.195	101.839
1670.995	112.230
1671.878	124.233
1672.855	137.969
1673.943	153.494
1675.151	170.723
1676.492	189.392
1677.977	208.969
1679.608	228.668
1681.385	247.397
1683.294	263.881
1685.316	276.752
1687.418	284.791
1689.562	287.143
1691.704	283.463
1693.800	274.021
1695.808	259.684
1697.697	241.680
1699.442	221.432
1701.032	200.338
1702.464	179.552
1703.743	160.020
1704.882	142.322
1705.893	126.688
1706.795	113.307
1707.602	102.081
1708.330	92.819
1708.995	85.357
1709.608	79.412
1710.181	74.778
1710.723	71.259
1711.241	68.600
1711.742	66.696
1712.231	65.378
1712.712	64.507
1713.188	64.015
1713.663	63.791
1714.137	63.774
1714.613	63.929
1715.091	64.176
1715.573	64.519
1716.057	64.918
1716.548	65.358
1717.041	65.839
1717.540	66.363
1718.046	66.921
1718.555	67.548
1719.072	68.239
1719.595	69.031
1720.124	69.941
1720.664	71.004
1721.212	72.252
1721.771	73.709
1722.345	75.428
1722.932	77.427
1723.536	79.746
1724.160	82.408
1724.807	85.454
1725.479	88.880
1726.179	92.710
1726.911	96.939
1727.678	101.578
1728.483	106.604
1729.327	111.992
1730.217	117.773
1731.152	123.925
1732.135	130.505
1733.173	137.622
1734.265	145.438
1735.420	154.253
1736.645	164.483
1737.949	176.721
1739.352	191.709
1740.872	210.391
1742.537	233.762
1744.385	262.808
1746.456	298.229
1748.795	340.077
1751.442	387.234
1754.427	437.091
1757.752	485.089
1761.387	525.481
1765.252	551.871
1769.233	559.387
1773.185	546.028
1776.967	513.453
1780.458	466.403
1783.577	411.185
1786.291	353.846
1788.601	299.104
1790.539	249.946
1792.151	207.687
1793.486	172.490
1794.594	143.800
1795.518	120.763
1796.295	102.434
1796.957	87.906
1797.526	76.432
1798.023	67.368
1798.464	60.201
1798.859	54.560
1799.218	50.126
1799.551	46.676
1799.862	44.046
1800.157	42.103
1800.441	40.750
1800.716	39.935
1800.988	39.595
1801.259	39.712
1801.532	40.269
1801.810	41.264
1802.097	42.719
1802.395	44.666
1802.709	47.146
1803.041	50.234
1803.396	54.050
1803.781	58.737
1804.201	64.470
1804.662	71.536
1805.179	80.303
1805.760	91.207
1806.422	104.860
1807.187	122.042
1808.078	143.615
1809.129	170.651
1810.380	204.231
1811.873	245.206
1813.665	294.093
1815.800	350.317
1818.324	411.802
1821.261	474.496
1824.599	532.242
1828.281	577.507
1832.205	603.187
1836.223	604.538
1840.167	580.940
1843.886	536.145
1847.258	477.040
1850.213	411.380
1852.732	346.004
1854.829	285.791
1856.551	233.330
1857.952	189.488
1859.087	154.000
1860.009	125.966
1860.766	104.151
1861.393	87.471
1861.921	74.861
1862.377	65.438
1862.776	58.519
1863.136	53.538
1863.467	50.073
1863.779	47.811
1864.078	46.515
1864.370	46.017
1864.662	46.197
1864.956	46.981
1865.256	48.317
1865.566	50.190
1865.890	52.592
1866.231	55.544
1866.592	59.075
1866.978	63.215
1867.392	68.019
1867.840	73.538
1868.325	79.814
1868.853	86.904
1869.430	94.841
1870.060	103.641
1870.750	113.303
1871.506	123.772
1872.332	134.953
1873.234	146.705
1874.214	158.799
1875.273	170.935
1876.412	182.752
1877.628	193.850
1878.914	203.777
1880.262	212.078
1881.661	218.381
1883.097	222.338
1884.552	223.767
1886.011	222.652
1887.459	219.051
1888.878	213.228
1890.253	205.615
1891.575	196.581
1892.838	186.617
1894.031	176.262
1895.158	165.868
1896.219	155.807
1897.213	146.413
1898.149	137.842
1899.030	130.246
1899.863	123.716
1900.656	118.235
1901.416	113.815
1902.149	110.406
1902.861	107.927
1903.559	106.299
1904.249	105.457
1904.935	105.294
1905.621	105.728
1906.311	106.706
1907.009	108.132
1907.718	109.960
1908.440	112.171
1909.178	114.726
1909.934	117.636
1910.710	120.940
1911.510	124.704
1912.335	129.038
1913.190	134.099
1914.080	140.090
1915.010	147.279
1915.989	156.003
1917.028	166.629
1918.139	179.609
1919.337	195.415
1920.641	214.513
1922.071	237.270
1923.652	263.958
1925.406	294.511
1927.357	328.407
1929.521	364.583
1931.906	401.292
1934.511	435.996
1937.316	465.786
1940.276	487.572
1943.340	498.757
1946.433	497.753
1949.480	484.372
1952.412	459.858
1955.160	426.680
1957.686	387.891
1959.961	346.566
1961.979	305.432
1963.747	266.514
1965.283	231.046
1966.613	199.722
1967.759	172.756
1968.751	149.901
1969.613	130.803
1970.365	115.052
1971.029	102.132
1971.620	91.591
1972.152	83.026
1972.636	76.076
1973.080	70.438
1973.494	65.862
1973.882	62.123
1974.250	59.065
1974.600	56.543
1974.937	54.443
1975.263	52.680
1975.579	51.173
1975.887	49.864
1976.189	48.714
1976.484	47.679
1976.774	46.733
1977.059	45.855
1977.341	45.019
1977.617	44.221
1977.890	43.450
1978.158	42.697
1978.423	41.965
1978.684	41.246
1978.942	40.541
1979.196	39.855
1979.447	39.196
1979.694	38.567
1979.938	37.978
1980.179	37.443
1980.417	36.972
1980.654	36.588
1980.889	36.314
1981.123	36.181
1981.357	36.232
1981.593	36.521
1981.831	37.120
1982.074	38.132
1982.326	39.684
1982.589	41.963
1982.869	45.218
1983.172	49.799
1983.509	56.181
1983.891	65.038
1984.336	77.268
1984.869	94.113
1985.522	117.261
1986.338	148.834
1987.378	191.570
1988.718	248.590
1990.455	323.014
1992.701	417.037
1995.578	530.383
1999.189	657.869
2003.588	787.654
2008.739	901.255
2014.479	977.063
2020.514	998.280
2026.499	960.550
2032.091	873.850
2037.047	757.975
2041.255	633.852
2044.719	517.210
2047.512	416.851
2049.746	335.586
2051.538	272.169
2052.990	223.820
2054.185	187.533
2055.188	160.274
2056.047	139.737
2056.800	124.098
2057.470	112.011
2058.078	102.498
2058.634	94.884
2059.153	88.655
2059.637	83.493
2060.096	79.126
2060.531	75.408
2060.948	72.204
2061.348	69.428
2061.734	67.020
2062.108	64.928
2062.471	63.134
2062.825	61.602
2063.171	60.331
2063.512	59.312
2063.848	58.545
2064.180	58.039
2064.511	57.813
2064.842	57.875
2065.174	58.260
2065.510	59.005
2065.851	60.133
2066.200	61.706
2066.559	63.769
2066.932	66.378
2067.322	69.622
2067.731	73.554
2068.166	78.268
2068.630	83.851
2069.129	90.393
2069.667	97.974
2070.253	106.677
2070.893	116.577
2071.593	127.718
2072.361	140.099
2073.204	153.688
2074.130	168.407
2075.145	184.121
2076.252	200.513
2077.458	217.355
2078.762	234.250
2080.165	250.761
2081.662	266.428
2083.247	280.846
2084.911	293.635
2086.644	304.525
2088.435	313.464
2090.270	320.473
2092.136	325.694
2094.026	329.591
2095.929	332.486
2097.841	334.813
2099.760	337.063
2101.684	339.421
2103.614	342.127
2105.552	345.227
2107.501	348.544
2109.461	351.830
2111.431	354.700
2113.409	356.760
2115.392	357.593
2117.368	356.777
2119.329	353.995
2121.271	349.270
2123.176	342.379
2125.032	333.482
2126.836	322.861
2128.577	310.769
2130.242	297.531
2131.833	283.502
2133.348	269.073
2134.778	254.450
2136.128	239.912
2137.402	225.669
2138.596	211.828
2139.716	198.486
2140.767	185.714
2141.747	173.545
2142.665	161.971
2143.522	151.019
2144.319	140.675
2145.065	130.925
2145.758	121.772
2146.404	113.194
2147.005	105.197
2147.565	97.757
2148.086	90.873
2148.571	84.547
2149.024	78.744
2149.446	73.493
2149.842	68.752
2150.212	64.552
2150.562	60.857
2150.892	57.702
2151.206	55.060
2151.507	52.965
2151.798	51.428
2152.081	50.474
2152.361	50.139
2152.639	50.464
2152.921	51.533
2153.211	53.397
2153.512	56.150
2153.831	59.910
2154.172	64.820
2154.543	70.985
2154.950	78.579
2155.405	87.842
2155.913	98.841
2156.486	111.767
2157.138	126.846
2157.876	144.012
2158.716	163.288
2159.670	184.606
2160.746	207.524
2161.954	231.521
2163.300	255.882
2164.783	279.532
2166.395	301.257
2168.126	319.810
2169.952	333.891
2171.849	342.453
2173.780	344.803
2175.714	340.722
2177.612	330.527
2179.441	314.993
2181.176	295.249
2182.792	272.703
2184.280	248.660
2185.631	224.454
2186.848	201.122
2187.937	179.503
2188.907	160.167
2189.775	143.494
2190.552	129.728
2191.257	118.931
2191.906	111.175
2192.514	106.474
2193.101	104.932
2193.682	106.616
2194.276	111.738
2194.903	120.603
2195.583	133.555
2196.339	151.053
2197.197	173.644
2198.187	201.829
2199.337	236.007
2200.683	276.378
2202.257	322.686
2204.086	373.956
2206.197	428.386
2208.600	483.179
2211.287	534.454
2214.229	577.684
2217.373	608.546
2220.649	623.350
2223.957	620.241
2227.205	599.614
2230.312	563.730
2233.201	516.540
2235.816	462.787
2238.137	406.849
2240.171	352.058
2241.920	301.212
2243.407	255.882
2244.668	216.458
2245.737	182.983
2246.639	155.158
2247.402	132.284
2248.058	113.658
2248.621	98.697
2249.110	86.751
2249.544	77.274
2249.932	69.861
2250.282	64.155
2250.607	59.840
2250.911	56.739
2251.200	54.660
2251.480	53.480
2251.756	53.134
2252.031	53.568
2252.310	54.745
2252.596	56.677
2252.893	59.390
2253.207	62.911
2253.539	67.309
2253.897	72.637
2254.284	78.998
2254.706	86.454
2255.170	95.122
2255.682	105.116
2256.249	116.468
2256.877	129.259
2257.577	143.512
