<j>	var(j)
1.246	0.387
3.002	0.921
4.179	0.875
5.196	0.705
6.054	0.711
7.215	1.332
8.585	0.975
9.532	1.532
11.137	2.247
12.467	1.536
13.346	1.420
14.237	1.855
15.522	2.821
17.083	2.218
18.031	1.476
18.729	1.284
19.440	1.445
20.367	1.813
21.486	1.844
22.550	1.870
23.598	1.727
24.543	1.681
25.496	1.971
26.692	3.106
28.339	3.566
29.759	2.826
30.782	2.091
31.548	1.697
32.242	1.605
32.951	1.500
33.668	1.754
34.659	3.159
36.382	4.929
38.246	3.751
39.354	2.254
40.058	1.820
40.693	1.646
41.311	1.533
41.954	1.802
42.828	3.072
44.396	6.558
47.021	9.179
49.278	5.271
50.306	2.556
50.847	2.083
51.368	2.686
52.136	4.268
53.392	6.135
54.975	5.628
56.180	3.194
56.831	1.790
57.242	1.473
57.644	1.710
58.184	2.470
59.043	3.985
60.413	5.858
62.128	5.995
63.566	4.223
64.501	2.795
65.151	2.202
65.716	2.118
66.315	2.367
67.037	2.875
67.946	3.613
69.090	4.820
70.581	6.850
72.480	8.304
74.343	6.766
75.630	4.489
76.493	4.392
77.473	7.979
79.355	17.198
82.678	24.597
85.950	17.998
87.839	10.212
88.864	6.416
89.525	4.486
90.007	3.402
90.395	2.836
90.742	2.622
91.088	2.673
91.469	2.953
91.919	3.441
92.476	4.087
93.164	4.760
93.977	5.266
94.877	5.497
95.812	5.583
96.766	5.832
97.775	6.550
98.919	7.879
100.275	9.604
101.845	11.156
103.539	12.081
105.236	12.203
106.832	11.306
108.221	9.409
109.327	7.104
110.148	5.143
110.755	3.951
111.248	3.634
111.742	4.248
112.371	5.998
113.303	9.142
114.711	13.166
116.582	15.679
118.546	14.469
120.167	10.951
121.324	7.573
122.117	5.169
122.670	3.688
123.085	2.935
123.439	2.768
123.804	3.159
124.257	4.260
124.911	6.416
125.927	9.863
127.442	13.573
129.326	14.666
131.114	12.250
132.486	9.408
133.537	8.627
134.555	10.840
135.900	17.228
138.002	28.217
141.060	37.490
144.396	34.457
146.953	23.237
148.521	14.266
149.469	9.732
150.136	8.081
150.717	7.982
151.315	8.719
151.990	9.871
152.768	11.069
153.647	11.917
154.591	12.093
155.543	11.562
156.447	10.673
157.284	10.002
158.082	10.102
158.909	11.369
159.864	13.943
161.045	17.444
162.496	20.577
164.133	21.423
165.741	19.087
167.100	14.794
168.120	10.531
168.843	7.366
169.359	5.379
169.750	4.279
170.076	3.778
170.380	3.684
170.692	3.897
171.039	4.380
171.447	5.161
171.947	6.384
172.587	8.468
173.465	12.482
174.788	20.594
176.933	34.913
180.220	50.538
184.168	52.486
187.537	39.391
189.773	25.677
191.169	17.207
192.106	12.507
192.798	9.741
193.351	8.003
193.817	6.912
194.232	6.273
194.621	5.951
195.003	5.836
195.390	5.836
195.788	5.881
196.201	5.938
196.628	6.026
197.074	6.252
197.552	6.857
198.096	8.303
198.783	11.380
199.758	17.173
201.234	26.217
203.389	36.000
206.070	39.969
208.703	35.040
210.798	26.918
212.340	21.471
213.572	19.643
214.717	20.068
215.892	21.205
217.124	21.825
218.371	21.192
219.557	19.253
220.618	16.586
221.525	14.006
222.295	12.192
222.978	11.607
223.648	12.662
224.406	15.911
225.384	22.063
226.751	31.382
228.651	42.075
231.055	49.016
233.631	47.046
235.903	37.360
237.598	26.156
238.750	17.743
239.533	12.749
240.109	10.239
240.586	9.250
241.033	9.185
241.490	9.748
241.989	10.823
242.555	12.375
243.215	14.383
243.992	16.775
244.904	19.371
245.955	21.859
247.132	23.845
248.398	25.021
249.704	25.338
251.005	25.064
252.275	24.637
253.513	24.455
254.734	24.736
255.964	25.502
257.225	26.615
258.530	27.808
259.878	28.681
261.247	28.765
262.596	27.669
263.871	25.293
265.018	21.929
266.001	18.141
266.810	14.515
267.460	11.452
267.979	9.119
268.400	7.513
268.757	6.547
269.077	6.118
269.388	6.152
269.711	6.611
270.070	7.514
270.491	8.955
271.005	11.126
271.660	14.369
272.519	19.172
273.673	25.988
275.219	34.587
277.210	42.989
279.545	47.438
281.943	45.299
284.081	38.278
285.806	30.784
287.167	25.958
288.324	24.535
289.435	25.845
290.618	28.699
291.926	31.761
293.353	33.838
294.840	34.305
296.313	33.363
297.720	31.786
299.043	30.306
300.296	29.180
301.495	28.167
302.647	26.806
303.734	24.762
304.731	22.019
305.613	18.871
306.368	15.740
307.000	12.989
307.527	10.824
307.974	9.302
308.367	8.377
308.731	7.965
309.086	7.972
309.451	8.309
309.841	8.899
310.268	9.657
310.739	10.489
311.258	11.280
311.822	11.905
312.422	12.241
313.042	12.205
313.662	11.777
314.264	11.017
314.829	10.045
315.349	9.009
315.820	8.050
316.249	7.275
316.644	6.755
317.021	6.542
317.397	6.688
317.794	7.284
318.241	8.505
318.781	10.685
319.479	14.412
320.441	20.569
321.820	30.030
323.788	42.486
326.415	54.724
329.515	61.692
332.694	62.105
335.659	60.199
338.392	60.270
341.029	63.632
343.715	70.461
346.574	81.702
349.746	98.212
353.353	117.401
357.362	131.085
361.473	130.227
365.225	114.077
368.292	90.911
370.624	69.490
372.362	53.666
373.692	43.399
374.768	37.289
375.699	33.952
376.552	32.384
377.373	31.936
378.188	32.177
379.014	32.803
379.860	33.581
380.730	34.320
381.621	34.863
382.527	35.096
383.441	34.956
384.353	34.437
385.251	33.578
386.128	32.456
386.979	31.163
387.797	29.775
388.582	28.361
389.333	26.962
390.051	25.609
390.736	24.330
391.393	23.167
392.022	22.182
392.631	21.475
393.226	21.184
393.819	21.501
394.429	22.682
395.081	25.064
395.811	29.071
396.667	35.183
397.711	43.814
399.011	55.046
400.631	68.153
402.601	81.157
404.881	90.972
407.346	94.639
409.812	91.212
412.102	82.455
414.112	71.632
415.822	61.609
417.275	53.907
418.542	48.844
419.689	46.089
420.774	45.104
421.839	45.343
422.910	46.330
424.006	47.636
425.130	48.874
426.281	49.686
427.447	49.784
428.610	48.977
429.748	47.223
430.842	44.622
431.871	41.401
432.825	37.843
433.696	34.247
434.487	30.848
435.202	27.824
435.850	25.264
436.444	23.206
436.994	21.633
437.513	20.512
438.010	19.788
438.495	19.411
438.977	19.325
439.462	19.480
439.957	19.827
440.466	20.319
440.993	20.905
441.541	21.539
442.109	22.170
442.700	22.752
443.310	23.244
443.937	23.622
444.579	23.873
445.232	24.010
445.892	24.072
446.558	24.119
447.230	24.241
447.910	24.541
448.603	25.141
449.319	26.165
450.070	27.730
450.872	29.927
451.743	32.787
452.701	36.238
453.761	40.065
454.929	43.872
456.200	47.128
457.552	49.270
458.949	49.895
460.345	48.949
461.698	46.774
462.977	44.042
464.175	41.556
465.303	40.091
466.394	40.328
467.498	42.830
468.678	48.052
470.006	56.241
471.557	67.159
473.388	79.668
475.517	91.467
477.893	99.446
480.387	101.054
482.831	95.848
485.073	85.819
487.028	74.131
488.687	63.471
490.094	55.269
491.316	49.878
492.422	47.044
493.470	46.369
494.507	47.568
495.576	50.623
496.716	55.864
497.975	64.011
499.417	76.114
501.124	93.248
503.193	115.813
505.713	142.306
508.722	168.158
512.139	186.080
515.750	189.362
519.252	176.444
522.374	152.150
524.974	124.148
527.043	98.524
528.661	78.084
529.935	63.075
530.964	52.534
531.824	45.247
532.568	40.175
533.234	36.559
533.844	33.891
534.414	31.846
534.953	30.220
535.469	28.891
535.967	27.785
536.449	26.850
536.918	26.054
537.378	25.372
537.829	24.784
538.274	24.279
538.714	23.844
539.149	23.470
539.581	23.154
540.012	22.895
540.441	22.694
540.870	22.560
541.301	22.502
541.735	22.543
542.173	22.712
542.619	23.049
543.076	23.610
543.548	24.470
544.042	25.732
544.567	27.527
545.134	30.016
545.757	33.382
546.456	37.821
547.253	43.500
548.174	50.481
549.244	58.616
550.485	67.427
551.903	76.013
553.485	83.101
555.192	87.314
556.955	87.621
558.694	83.788
560.330	76.507
561.802	67.128
563.080	57.158
564.161	47.818
565.064	39.861
565.819	33.594
566.458	29.021
567.016	25.995
567.522	24.322
568.002	23.839
568.478	24.442
568.973	26.111
569.509	28.909
570.109	32.986
570.800	38.565
571.613	45.901
572.585	55.192
573.755	66.422
575.157	79.112
576.811	92.099
578.710	103.465
580.802	110.897
582.992	112.496
585.159	107.710
587.186	97.663
588.987	84.634
590.524	71.073
591.803	58.811
592.857	48.812
593.733	41.316
594.479	36.122
595.137	32.836
595.741	31.027
596.317	30.289
596.886	30.279
597.459	30.703
598.045	31.325
598.647	31.953
599.263	32.447
599.892	32.723
600.530	32.758
601.170	32.594
601.810	32.342
602.449	32.178
603.087	32.337
603.734	33.103
604.401	34.800
605.108	37.773
605.883	42.366
606.758	48.860
607.772	57.382
608.965	67.783
610.368	79.472
611.999	91.365
613.848	102.015
615.877	110.031
618.021	114.641
620.209	116.072
622.381	115.390
624.503	113.931
626.566	112.585
628.578	111.434
630.543	109.815
632.454	106.727
634.286	101.346
636.003	93.427
637.565	83.406
638.946	72.210
640.132	60.914
641.128	50.437
641.952	41.371
642.629	33.989
643.188	28.315
643.658	24.225
644.064	21.547
644.431	20.110
644.778	19.782
645.124	20.486
645.488	22.201
645.889	24.963
646.344	28.853
646.876	33.970
647.508	40.404
648.263	48.173
649.165	57.145
650.236	66.954
651.486	76.916
652.912	86.039
654.490	93.160
656.177	97.226
657.913	97.629
659.631	94.446
661.269	88.405
662.785	80.618
664.155	72.234
665.375	64.153
666.455	56.922
667.414	50.760
668.270	45.656
669.043	41.475
669.748	38.040
670.399	35.186
671.004	32.788
671.571	30.774
672.106	29.126
672.617	27.883
673.110	27.146
673.594	27.091
674.083	27.994
674.594	30.277
675.153	34.574
675.801	41.839
676.595	53.456
677.618	71.322
678.987	97.724
680.856	134.661
683.394	182.106
686.733	235.228
690.873	282.567
695.591	309.241
700.462	306.161
705.020	277.069
708.953	234.891
712.170	192.239
714.739	156.011
716.793	127.885
718.463	106.918
719.854	91.505
721.043	80.228
722.087	72.041
723.026	66.214
723.893	62.220
724.710	59.657
725.496	58.184
726.267	57.506
727.031	57.355
727.796	57.485
728.565	57.682
729.339	57.765
730.116	57.602
730.892	57.105
731.664	56.240
732.425	55.024
733.171	53.522
733.899	51.831
734.605	50.074
735.290	48.375
735.954	46.859
736.600	45.634
737.232	44.786
737.856	44.363
738.476	44.396
739.101	44.876
739.735	45.759
740.386	46.982
741.057	48.447
741.752	50.032
742.472	51.594
743.217	52.989
743.984	54.071
744.767	54.721
745.561	54.851
746.359	54.421
747.150	53.442
747.929	51.976
748.687	50.134
749.419	48.057
750.123	45.896
750.798	43.814
751.444	41.964
752.066	40.483
752.669	39.493
753.261	39.101
753.851	39.400
754.449	40.479
755.069	42.423
755.723	45.307
756.425	49.193
757.192	54.108
758.038	60.027
758.979	66.826
760.028	74.255
761.192	81.898
762.471	89.174
763.856	95.388
765.326	99.830
766.852	101.915
768.395	101.333
769.915	98.147
771.374	92.771
772.742	85.864
774.001	78.180
775.141	70.400
776.166	63.053
777.084	56.487
777.907	50.866
778.651	46.223
779.330	42.506
779.957	39.613
780.546	37.431
781.106	35.848
781.645	34.768
782.172	34.116
782.693	33.833
783.213	33.888
783.737	34.266
784.270	34.975
784.818	36.038
785.386	37.490
785.981	39.375
786.609	41.748
787.279	44.658
787.998	48.140
788.777	52.210
789.624	56.836
790.548	61.923
791.556	67.303
792.649	72.701
793.827	77.767
795.082	82.082
796.400	85.216
797.760	86.807
799.134	86.634
800.496	84.667
801.817	81.076
803.075	76.203
804.250	70.488
805.333	64.382
806.320	58.280
807.213	52.495
808.018	47.243
808.744	42.641
809.402	38.730
810.003	35.506
810.557	32.932
811.074	30.960
811.564	29.532
812.035	28.603
812.495	28.132
812.951	28.096
813.411	28.477
813.880	29.287
814.367	30.546
814.879	32.300
815.424	34.599
816.012	37.528
816.654	41.171
817.362	45.628
818.150	50.966
819.033	57.236
820.026	64.415
821.143	72.373
822.395	80.821
823.786	89.319
825.313	97.283
826.960	104.047
828.702	108.977
830.505	111.654
832.328	111.931
834.134	109.993
835.887	106.285
837.564	101.420
839.150	96.040
840.643	90.749
842.046	86.139
843.373	82.788
844.649	81.371
845.905	82.728
847.185	87.977
848.553	98.525
850.091	115.952
851.901	141.605
854.099	175.653
856.788	215.573
860.015	254.793
863.710	283.116
867.661	290.608
871.554	273.327
875.075	236.175
878.019	189.648
880.323	143.914
882.044	105.117
883.289	75.274
884.178	53.740
884.815	38.900
885.278	29.055
885.628	22.789
885.906	19.076
886.143	17.252
886.361	16.936
886.579	17.969
886.814	20.389
887.084	24.419
887.413	30.471
887.827	39.158
888.365	51.304
889.073	67.914
890.014	90.029
891.261	118.359
892.892	152.696
894.975	191.050
897.537	228.825
900.540	259.186
903.845	274.887
907.246	271.596
910.505	250.324
913.426	216.950
915.899	179.195
917.908	143.402
919.499	113.210
920.750	89.780
921.741	72.711
922.546	60.968
923.227	53.409
923.828	49.060
924.385	47.186
924.926	47.278
925.473	49.012
926.043	52.177
926.656	56.673
927.325	62.390
928.063	69.223
928.885	77.016
929.802	85.501
930.820	94.260
931.940	102.755
933.158	110.348
934.461	116.304
935.827	119.966
937.228	120.866
938.630	118.807
940.000	113.931
941.305	106.692
942.521	97.762
943.631	87.898
944.626	77.814
945.505	68.108
946.275	59.196
946.945	51.332
947.528	44.618
948.037	39.053
948.485	34.571
948.884	31.060
949.245	28.410
949.578	26.488
949.892	25.206
950.192	24.466
950.487	24.200
950.781	24.372
951.079	24.960
951.387	25.968
951.711	27.444
952.055	29.469
952.428	32.173
952.839	35.760
953.299	40.510
953.824	46.812
954.434	55.185
955.159	66.291
956.033	80.885
957.102	99.762
958.420	123.539
960.047	152.242
962.036	184.779
964.419	218.448
967.186	248.683
970.264	269.934
973.523	277.460
976.780	269.349
979.858	247.590
982.624	217.032
985.001	183.306
986.979	151.009
988.594	122.816
989.900	99.733
990.960	81.614
991.828	67.767
992.551	57.350
993.167	49.554
993.702	43.716
994.177	39.316
994.607	35.966
995.003	33.388
995.374	31.380
995.725	29.800
996.059	28.555
996.383	27.577
996.697	26.821
997.005	26.264
997.308	25.891
997.610	25.696
997.911	25.688
998.214	25.887
998.521	26.315
998.836	27.018
999.162	28.063
999.503	29.526
999.864	31.544
1000.253	34.283
1000.679	37.977
1001.155	42.964
1001.697	49.671
1002.328	58.665
1003.078	70.669
1003.986	86.487
1005.099	106.925
1006.474	132.552
1008.171	163.181
1010.243	197.420
1012.715	232.000
1015.564	261.802
1018.709	281.041
1021.995	285.053
1025.239	272.683
1028.264	246.747
1030.937	212.784
1033.203	176.737
1035.059	143.163
1036.550	114.567
1037.738	91.764
1038.690	74.485
1039.465	61.969
1040.114	53.344
1040.677	47.823
1041.187	44.769
1041.668	43.713
1042.142	44.320
1042.628	46.371
1043.140	49.718
1043.692	54.271
1044.299	59.953
1044.972	66.659
1045.723	74.272
1046.561	82.586
1047.493	91.304
1048.524	100.030
1049.650	108.252
1050.867	115.431
1052.157	120.971
1053.504	124.407
1054.882	125.388
1056.260	123.820
1057.617	119.849
1058.920	113.845
1060.153	106.335
1061.301	97.899
1062.354	89.109
1063.312	80.456
1064.176	72.302
1064.953	64.889
1065.652	58.350
1066.282	52.729
1066.854	48.018
1067.377	44.173
1067.861	41.131
1068.314	38.831
1068.745	37.223
1069.161	36.277
1069.569	35.989
1069.976	36.383
1070.392	37.520
1070.823	39.505
1071.281	42.478
1071.777	46.647
1072.326	52.251
1072.944	59.573
1073.652	68.919
1074.476	80.564
1075.440	94.632
1076.574	111.070
1077.901	129.360
1079.439	148.497
1081.192	166.850
1083.140	182.255
1085.245	192.532
1087.431	195.804
1089.624	191.364
1091.735	179.705
1093.688	162.546
1095.434	142.201
1096.947	120.990
1098.225	100.772
1099.285	82.760
1100.154	67.529
1100.864	55.190
1101.446	45.572
1101.929	38.370
1102.339	33.254
1102.697	29.926
1103.024	28.159
1103.334	27.818
1103.646	28.883
1103.972	31.461
1104.333	35.838
1104.748	42.545
1105.246	52.485
1105.866	67.096
1106.664	88.618
1107.725	120.452
1109.168	167.250
1111.169	234.886
1113.949	328.300
1117.770	447.759
1122.815	580.633
1129.088	697.580
1136.228	759.231
1143.548	740.909
1150.295	651.770
1155.943	527.041
1160.346	402.361
1163.623	297.961
1166.013	218.983
1167.757	162.398
1169.047	122.833
1170.024	95.268
1170.784	75.875
1171.393	61.986
1171.892	51.807
1172.312	44.172
1172.673	38.303
1172.987	33.688
1173.266	29.989
1173.515	26.968
1173.740	24.466
1173.946	22.367
1174.135	20.592
1174.311	19.077
1174.474	17.781
1174.628	16.668
1174.772	15.715
1174.910	14.903
1175.041	14.214
1175.167	13.641
1175.288	13.173
1175.407	12.807
1175.523	12.539
1175.637	12.370
1175.750	12.304
1175.864	12.344
1175.979	12.501
1176.096	12.791
1176.217	13.226
1176.343	13.842
1176.476	14.662
1176.618	15.740
1176.771	17.121
1176.940	18.892
1177.127	21.127
1177.337	23.962
1177.579	27.523
1177.857	31.994
1178.184	37.585
1178.570	44.532
1179.029	53.105
1179.580	63.568
1180.241	76.162
1181.036	91.015
1181.985	108.090
1183.112	127.032
1184.433	147.093
1185.954	167.021
1187.669	185.136
1189.553	199.479
1191.561	208.202
1193.631	209.998
1195.693	204.499
1197.677	192.395
1199.522	175.237
1201.186	155.049
1202.647	133.834
1203.900	113.269
1204.957	94.457
1205.838	78.037
1206.564	64.213
1207.164	52.893
1207.659	43.860
1208.072	36.812
1208.420	31.437
1208.720	27.489
1208.984	24.724
1209.225	23.003
1209.450	22.209
1209.671	22.308
1209.895	23.326
1210.131	25.344
1210.391	28.542
1210.687	33.180
1211.034	39.619
1211.452	48.356
1211.965	60.010
1212.606	75.323
1213.413	95.090
1214.434	120.028
1215.720	150.526
1217.327	186.224
1219.300	225.533
1221.661	265.198
1224.395	300.392
1227.434	325.508
1230.656	335.897
1233.906	329.620
1237.024	308.349
1239.882	276.674
1242.403	240.327
1244.564	204.402
1246.385	172.359
1247.913	145.892
1249.204	125.321
1250.314	110.232
1251.294	99.758
1252.184	93.027
1253.018	89.181
1253.822	87.519
1254.613	87.423
1255.407	88.421
1256.212	90.109
1257.034	92.154
1257.876	94.271
1258.738	96.245
1259.618	97.882
1260.515	99.055
1261.420	99.673
1262.333	99.705
1263.244	99.166
1264.152	98.119
1265.049	96.670
1265.934	94.940
1266.802	93.096
1267.655	91.284
1268.492	89.658
1269.316	88.360
1270.128	87.490
1270.935	87.145
1271.740	87.388
1272.549	88.236
1273.367	89.679
1274.202	91.695
1275.055	94.181
1275.935	97.073
1276.840	100.210
1277.778	103.457
1278.744	106.634
1279.742	109.581
1280.765	112.104
1281.812	114.065
1282.875	115.316
1283.949	115.787
1285.025	115.415
1286.097	114.221
1287.155	112.241
1288.194	109.575
1289.207	106.344
1290.189	102.682
1291.137	98.729
1292.049	94.637
1292.923	90.515
1293.759	86.472
1294.559	82.597
1295.324	78.951
1296.056	75.569
1296.759	72.487
1297.435	69.713
1298.086	67.246
1298.716	65.082
1299.328	63.212
1299.924	61.609
1300.507	60.272
1301.079	59.176
1301.642	58.301
1302.200	57.641
1302.752	57.174
1303.302	56.893
1303.851	56.776
1304.401	56.828
1304.954	57.023
1305.510	57.371
1306.071	57.847
1306.639	58.473
1307.215	59.223
1307.800	60.138
1308.397	61.202
1309.005	62.481
1309.628	64.013
1310.268	65.925
1310.930	68.361
1311.619	71.628
1312.343	76.137
1313.116	82.624
1313.959	92.180
1314.905	106.525
1316.005	128.243
1317.336	161.114
1319.013	210.213
1321.200	281.516
1324.108	380.159
1327.973	505.863
1332.988	646.719
1339.161	773.692
1346.213	847.653
1353.539	839.874
1360.428	753.359
1366.329	620.257
1371.015	479.168
1374.542	356.066
1377.122	260.364
1378.992	191.018
1380.361	142.673
1381.385	109.490
1382.173	86.801
1382.802	71.078
1383.319	60.049
1383.761	52.102
1384.145	46.275
1384.489	41.878
1384.802	38.513
1385.091	35.877
1385.362	33.802
1385.619	32.143
1385.865	30.829
1386.102	29.785
1386.332	28.978
1386.557	28.370
1386.779	27.948
1386.998	27.690
1387.216	27.600
1387.435	27.670
1387.656	27.910
1387.880	28.327
1388.109	28.941
1388.344	29.780
1388.587	30.875
1388.840	32.269
1389.106	34.024
1389.389	36.209
1389.691	38.923
1390.017	42.276
1390.374	46.417
1390.768	51.517
1391.207	57.781
1391.703	65.459
1392.266	74.816
1392.912	86.155
1393.658	99.756
1394.524	115.866
1395.531	134.621
1396.700	155.943
1398.052	179.515
1399.601	204.522
1401.360	229.828
1403.319	253.699
1405.465	274.270
1407.759	289.611
1410.156	298.252
1412.595	299.526
1415.015	293.742
1417.361	282.192
1419.591	266.787
1421.684	249.696
1423.626	232.967
1425.430	218.178
1427.113	206.455
1428.702	198.286
1430.226	193.829
1431.715	192.751
1433.194	194.551
1434.686	198.444
1436.205	203.571
1437.759	208.937
1439.349	213.583
1440.967	216.592
1442.600	217.251
1444.232	215.074
1445.838	209.838
1447.396	201.683
1448.887	190.974
1450.293	178.290
1451.600	164.352
1452.802	149.808
1453.895	135.374
1454.882	121.516
1455.766	108.683
1456.558	97.122
1457.267	86.955
1457.902	78.296
1458.477	71.035
1458.999	65.206
1459.481	60.644
1459.932	57.309
1460.359	55.062
1460.773	53.837
1461.179	53.533
1461.585	54.095
1461.998	55.451
1462.423	57.568
1462.867	60.389
1463.334	63.901
1463.831	68.061
1464.362	72.847
1464.932	78.242
1465.546	84.207
1466.208	90.722
1466.922	97.760
1467.695	105.311
1468.527	113.347
1469.424	121.903
1470.389	131.036
1471.425	140.848
1472.540	151.516
1473.736	163.306
1475.027	176.558
1476.418	191.711
1477.928	209.216
1479.570	229.550
1481.366	252.993
1483.337	279.600
1485.502	308.899
1487.878	339.718
1490.467	370.207
1493.259	397.645
1496.221	418.943
1499.298	431.090
1502.419	431.875
1505.501	420.544
1508.457	397.900
1511.217	366.295
1513.727	328.842
1515.958	288.855
1517.901	249.218
1519.567	212.052
1520.978	178.648
1522.163	149.595
1523.155	124.939
1523.983	104.414
1524.676	87.571
1525.259	73.881
1525.751	62.831
1526.172	53.948
1526.535	46.837
1526.852	41.139
1527.132	36.584
1527.382	32.943
1527.608	30.031
1527.815	27.705
1528.008	25.847
1528.188	24.379
1528.360	23.223
1528.524	22.321
1528.682	21.644
1528.838	21.154
1528.989	20.816
1529.140	20.629
1529.290	20.564
1529.440	20.619
1529.591	20.789
1529.745	21.052
1529.901	21.434
1530.061	21.901
1530.226	22.482
1530.395	23.157
1530.571	23.948
1530.753	24.837
1530.944	25.856
1531.142	26.983
1531.351	28.246
1531.571	29.644
1531.802	31.182
1532.047	32.884
1532.306	34.744
1532.581	36.787
1532.873	39.018
1533.185	41.462
1533.517	44.122
1533.872	47.020
1534.253	50.187
1534.659	53.621
1535.096	57.366
1535.565	61.436
1536.067	65.860
1536.609	70.681
1537.191	75.914
1537.819	81.632
1538.494	87.849
1539.223	94.643
1540.008	102.065
1540.857	110.187
1541.774	119.099
1542.766	128.863
1543.839	139.564
1545.001	151.290
1546.258	164.085
1547.620	178.016
1549.094	193.052
1550.689	209.142
1552.408	226.140
1554.259	243.849
1556.244	261.951
1558.361	280.069
1560.610	297.765
1562.981	314.541
1565.463	329.927
1568.042	343.455
1570.699	354.816
1573.417	363.644
1576.173	369.879
1578.946	373.349
1581.715	374.113
1584.461	372.277
1587.167	367.975
1589.814	361.463
1592.390	352.963
1594.884	342.814
1597.286	331.293
1599.589	318.659
1601.789	305.250
1603.882	291.241
1605.867	276.787
1607.744	262.059
1609.512	247.193
1611.174	232.253
1612.729	217.303
1614.180	202.463
1615.529	187.797
1616.775	173.417
1617.926	159.420
1618.983	145.913
1619.948	132.991
1620.829	120.717
1621.627	109.190
1622.352	98.428
1623.004	88.477
1623.592	79.341
1624.120	71.004
1624.594	63.456
1625.018	56.651
1625.399	50.551
1625.738	45.117
1626.044	40.281
1626.316	36.014
1626.561	32.245
1626.781	28.934
1626.980	26.031
1627.160	23.496
1627.322	21.296
1627.470	19.390
1627.606	17.740
1627.730	16.333
1627.846	15.145
1627.954	14.146
1628.055	13.331
1628.151	12.695
1628.243	12.214
1628.332	11.905
1628.419	11.766
1628.506	11.805
1628.593	12.053
1628.684	12.522
1628.778	13.272
1628.879	14.347
1628.989	15.841
1629.111	17.844
1629.250	20.517
1629.411	24.031
1629.601	28.649
1629.828	34.674
1630.106	42.541
1630.448	52.754
1630.875	65.961
1631.411	82.935
1632.086	104.502
1632.938	131.554
1634.012	164.828
1635.354	204.606
1637.013	250.476
1639.032	300.758
1641.432	352.219
1644.208	400.015
1647.313	438.400
1650.657	462.026
1654.117	467.539
1657.553	454.899
1660.836	427.511
1663.871	391.001
1666.611	351.624
1669.051	314.717
1671.220	284.007
1673.171	261.441
1674.964	247.520
1676.663	241.723
1678.323	242.890
1679.991	249.471
1681.703	259.642
1683.479	271.461
1685.331	282.991
1687.253	292.306
1689.221	297.779
1691.217	298.275
1693.200	293.181
1695.134	282.594
1696.990	267.108
1698.728	247.893
1700.333	226.232
1701.793	203.475
1703.098	180.908
1704.257	159.401
1705.276	139.718
1706.169	122.222
1706.951	107.115
1707.637	94.409
1708.243	84.003
1708.785	75.735
1709.275	69.417
1709.726	64.852
1710.150	61.872
1710.557	60.317
1710.956	60.069
1711.355	61.033
1711.764	63.136
1712.188	66.354
1712.636	70.656
1713.115	76.032
1713.633	82.491
1714.196	90.048
1714.813	98.684
1715.491	108.383
1716.236	119.070
1717.056	130.659
1717.956	143.001
1718.943	155.839
1720.015	168.851
1721.175	181.696
1722.424	193.906
1723.750	204.976
1725.148	214.442
1726.609	221.837
1728.110	226.788
1729.640	229.067
1731.181	228.586
1732.708	225.482
1734.212	219.932
1735.671	212.390
1737.076	203.271
1738.417	193.101
1739.686	182.386
1740.884	171.574
1742.009	161.080
1743.064	151.226
1744.055	142.266
1744.988	134.416
1745.870	127.833
1746.711	122.635
1747.518	118.954
1748.303	116.899
1749.078	116.590
1749.852	118.209
1750.640	121.913
1751.456	127.911
1752.314	136.446
1753.232	147.728
1754.228	161.968
1755.322	179.317
1756.533	199.767
1757.881	223.166
1759.385	249.020
1761.059	276.516
1762.908	304.440
1764.933	331.187
1767.121	354.884
1769.446	373.691
1771.873	385.871
1774.356	390.354
1776.841	386.782
1779.283	375.616
1781.631	358.164
1783.851	336.077
1785.921	311.254
1787.823	285.579
1789.562	260.420
1791.142	236.803
1792.573	215.503
1793.875	196.711
1795.062	180.426
1796.150	166.538
1797.156	154.695
1798.092	144.609
1798.966	135.928
1799.790	128.346
1800.569	121.602
1801.308	115.464
1802.010	109.763
1802.679	104.372
1803.317	99.203
1803.923	94.196
1804.500	89.338
1805.048	84.628
1805.568	80.067
1806.062	75.697
1806.529	71.555
1806.972	67.684
1807.392	64.125
1807.792	60.943
1808.172	58.193
1808.537	55.934
1808.889	54.228
1809.232	53.167
1809.570	52.841
1809.907	53.370
1810.249	54.883
1810.604	57.550
1810.977	61.564
1811.379	67.184
1811.820	74.674
1812.312	84.367
1812.871	96.651
1813.513	111.882
1814.259	130.483
1815.131	152.760
1816.152	178.906
1817.347	208.893
1818.739	242.284
1820.350	278.208
1822.191	315.127
1824.262	350.932
1826.552	382.998
1829.028	408.551
1831.640	425.052
1834.329	430.884
1837.024	425.473
1839.658	409.665
1842.165	385.425
1844.500	355.414
1846.639	322.361
1848.565	288.802
1850.280	256.824
1851.801	227.583
1853.146	201.772
1854.336	179.700
1855.396	161.126
1856.349	145.739
1857.211	133.137
1858.000	122.803
1858.730	114.335
1859.411	107.319
1860.052	101.419
1860.659	96.368
1861.237	91.946
1861.790	87.975
1862.320	84.337
1862.830	80.940
1863.321	77.722
1863.793	74.652
1864.247	71.710
1864.685	68.880
1865.106	66.182
1865.512	63.628
1865.904	61.223
1866.281	58.999
1866.646	56.975
1867.000	55.163
1867.344	53.596
1867.679	52.292
1868.007	51.273
1868.330	50.557
1868.650	50.162
1868.968	50.110
1869.288	50.418
1869.610	51.110
1869.939	52.199
1870.276	53.700
1870.624	55.630
1870.986	58.002
1871.365	60.824
1871.763	64.096
1872.185	67.819
1872.633	71.984
1873.109	76.557
1873.616	81.494
1874.159	86.767
1874.737	92.282
1875.353	97.944
1876.008	103.660
1876.702	109.278
1877.433	114.663
1878.202	119.680
1879.004	124.164
1879.836	127.991
1880.694	131.057
1881.572	133.278
1882.464	134.644
1883.363	135.223
1884.268	135.135
1885.172	134.597
1886.071	133.980
1886.967	133.692
1887.864	134.298
1888.763	136.611
1889.682	141.476
1890.638	150.053
1891.653	163.765
1892.768	184.184
1894.027	213.189
1895.485	252.632
1897.216	304.107
1899.293	368.226
1901.796	443.938
1904.785	527.108
1908.290	610.184
1912.279	682.169
1916.652	730.819
1921.235	746.113
1925.807	723.992
1930.146	668.065
1934.064	588.358
1937.456	497.258
1940.281	406.124
1942.563	322.873
1944.361	251.773
1945.757	193.829
1946.830	148.182
1947.649	113.267
1948.275	87.034
1948.759	67.557
1949.135	53.295
1949.433	42.936
1949.676	35.439
1949.876	30.076
1950.048	26.263
1950.200	23.575
1950.337	21.722
1950.463	20.472
1950.584	19.673
1950.700	19.208
1950.815	19.000
1950.928	18.996
1951.042	19.156
1951.158	19.462
1951.276	19.897
1951.398	20.467
1951.523	21.179
1951.654	22.053
1951.791	23.122
1951.935	24.437
1952.087	26.068
1952.251	28.113
1952.428	30.706
1952.624	34.048
1952.842	38.404
1953.088	44.148
1953.374	51.803
1953.711	62.097
1954.117	76.020
1954.618	94.936
1955.246	120.703
1956.048	155.678
1957.083	202.839
1958.435	265.771
1960.203	347.893
1962.503	451.728
1965.469	577.371
1969.209	719.252
1973.784	864.611
1979.166	993.380
1985.182	1081.548
1991.535	1110.185
1997.863	1073.958
2003.808	983.391
2009.107	860.215
2013.645	727.586
2017.421	603.422
2020.513	497.601
2023.045	412.995
2025.139	348.625
2026.902	301.307
2028.427	267.488
2029.784	243.781
2031.021	227.546
2032.178	216.629
2033.282	209.389
2034.350	204.737
2035.395	201.705
2036.426	199.725
2037.446	198.282
2038.459	197.057
2039.468	195.752
2040.469	194.155
2041.459	192.161
2042.442	189.641
2043.412	186.533
2044.364	182.810
2045.296	178.469
2046.210	173.548
2047.096	168.090
2047.951	162.157
2048.782	155.829
2049.579	149.211
2050.339	142.379
2051.070	135.419
2051.763	128.437
2052.419	121.510
2053.044	114.688
2053.634	108.081
2054.188	101.695
2054.713	95.602
2055.207	89.843
2055.671	84.422
2056.109	79.388
2056.522	74.744
2056.911	70.513
2057.280	66.706
2057.629	63.353
2057.962	60.466
2058.281	58.091
2058.589	56.261
2058.887	55.056
2059.182	54.549
2059.474	54.877
2059.770	56.181
2060.073	58.697
2060.393	62.681
2060.736	68.518
2061.113	76.648
2061.537	87.693
2062.024	102.342
2062.596	121.535
2063.277	146.241
2064.099	177.676
2065.099	216.988
2066.319	265.219
2067.811	323.015
2069.621	390.134
2071.796	465.075
2074.373	544.435
2077.360	622.644
2080.737	692.387
2084.440	745.336
2088.368	774.154
2092.385	774.318
2096.334	745.509
2100.077	691.791
2103.501	620.529
2106.535	540.099
2109.149	458.184
2111.346	380.889
2113.160	311.893
2114.641	252.677
2115.838	203.501
2116.801	163.769
2117.576	132.215
2118.203	107.423
2118.713	88.249
2119.134	73.541
2119.486	62.257
2119.785	53.663
2120.044	47.157
2120.273	42.215
2120.480	38.452
2120.669	35.610
2120.843	33.437
2121.010	31.778
2121.169	30.516
2121.319	29.530
2121.469	28.770
2121.614	28.182
2121.756	27.704
2121.897	27.331
2122.037	27.029
2122.174	26.772
2122.312	26.564
2122.449	26.384
2122.585	26.224
2122.722	26.086
2122.858	25.960
2122.993	25.843
2123.129	25.735
2123.264	25.633
2123.400	25.535
2123.535	25.446
2123.670	25.356
2123.806	25.279
2123.941	25.203
2124.077	25.141
2124.212	25.085
2124.348	25.047
2124.483	25.022
2124.621	25.021
2124.757	25.046
2124.895	25.101
2125.033	25.195
2125.172	25.336
2125.313	25.534
2125.455	25.796
2125.599	26.142
2125.747	26.581
2125.896	27.131
2126.049	27.818
2126.208	28.657
2126.371	29.681
2126.542	30.924
2126.720	32.421
2126.907	34.213
2127.105	36.358
2127.317	38.904
2127.545	41.929
2127.792	45.496
2128.060	49.699
2128.355	54.648
2128.680	60.418
2129.041	67.159
2129.443	74.987
2129.894	84.027
2130.400	94.419
2130.970	106.279
2131.614	119.752
2132.339	134.851
2133.157	151.679
2134.077	170.163
2135.110	190.210
2136.262	211.606
2137.542	234.018
2138.954	257.010
2140.501	280.068
2142.180	302.603
2143.987	324.006
2145.912	343.698
2147.942	361.299
2150.065	376.526
2152.262	389.293
2154.521	399.722
2156.828	408.191
2159.168	414.989
2161.531	420.376
2163.912	424.730
2166.306	428.163
2168.702	430.452
2171.095	431.399
2173.484	430.668
2175.851	427.682
2178.186	422.087
2180.480	413.670
2182.713	402.290
2184.870	388.068
2186.941	371.387
2188.915	352.850
2190.779	333.074
2192.532	312.721
2194.173	292.601
2195.705	273.286
2197.131	255.327
2198.461	239.174
2199.709	225.131
2200.882	213.442
2201.993	204.260
2203.060	197.665
2204.093	193.740
2205.106	192.466
2206.116	193.860
2207.134	197.897
2208.175	204.527
2209.252	213.633
2210.379	225.176
2211.568	238.781
2212.828	254.264
2214.167	271.057
2215.594	288.646
2217.110	306.350
2218.718	323.278
2220.407	338.548
2222.167	351.133
2223.984	360.283
2225.844	365.217
2227.720	365.463
2229.585	360.861
2231.417	351.565
2233.196	337.912
2234.898	320.705
2236.503	300.838
2238.007	279.142
2239.398	256.478
2240.671	233.788
2241.828	211.774
2242.879	190.712
2243.823	171.205
2244.669	153.454
2245.428	137.409
2246.111	123.202
2246.722	110.773
2247.270	99.940
2247.770	90.622
2248.224	82.661
2248.636	75.897
2249.018	70.203
2249.373	65.415
2249.703	61.436
2250.015	58.126
2250.312	55.404
2250.596	53.192
2250.868	51.376
2251.134	49.927
2251.391	48.786
2251.645	47.885
2251.894	47.201
2252.140	46.703
2252.386	46.352
2252.629	46.126
2252.873	46.017
2253.117	46.002
2253.360	46.059
2253.606	46.195
2253.853	46.392
2254.102	46.640
2254.353	46.946
2254.605	47.292
