<j>	<F>
1.026	23.252
2.509	14.961
3.045	23.000
4.156	22.171
6.414	11.257
7.451	11.494
8.278	12.501
8.829	15.224
9.132	22.496
10.290	23.138
11.838	16.969
12.156	22.512
13.008	25.735
15.563	18.733
18.234	11.272
19.368	11.192
20.382	11.385
21.249	11.791
21.934	12.534
22.447	13.745
22.844	15.548
23.274	17.838
24.178	19.031
25.631	17.667
27.061	16.488
27.927	16.486
28.434	18.191
29.310	19.075
30.422	18.806
31.644	18.549
33.214	17.233
34.577	16.310
35.486	16.511
36.451	16.855
37.419	16.863
37.898	17.923
38.166	19.937
38.655	21.835
39.845	21.636
40.985	20.908
41.702	21.859
42.900	21.580
44.029	20.990
44.886	21.589
46.492	20.490
48.312	18.680
49.908	17.641
51.207	17.043
51.983	17.326
52.496	18.198
53.015	19.181
53.565	20.119
54.009	21.308
54.369	22.881
55.013	24.111
57.054	22.314
59.407	19.143
60.114	19.407
60.616	20.469
61.901	20.496
64.904	17.950
67.815	15.436
69.127	14.885
69.647	15.305
69.954	16.060
70.255	16.919
70.647	17.757
71.208	18.444
71.979	18.866
72.896	19.056
73.835	19.183
74.740	19.358
75.731	19.493
77.273	19.083
79.778	17.562
82.010	16.172
83.145	15.918
83.719	16.282
84.085	16.906
84.395	17.653
84.725	18.441
85.119	19.212
85.636	19.899
86.567	20.224
88.854	19.192
92.247	16.838
94.215	15.792
95.151	15.796
95.806	16.088
96.427	16.453
97.214	16.736
98.336	16.763
99.695	16.541
100.869	16.384
101.619	16.548
102.067	16.991
102.403	17.579
102.746	18.211
103.177	18.806
103.776	19.276
104.628	19.516
105.719	19.489
106.789	19.411
107.548	19.608
108.025	20.135
108.599	20.710
110.506	20.325
115.380	17.416
118.667	15.421
119.442	15.409
119.672	15.879
119.835	16.444
120.022	17.037
120.287	17.617
120.727	18.115
121.508	18.398
122.833	18.290
124.683	17.766
126.578	17.157
128.024	16.824
128.939	16.843
129.471	17.132
129.794	17.594
130.044	18.146
130.351	18.709
130.913	19.142
132.127	19.156
134.338	18.441
136.760	17.455
138.240	17.047
138.926	17.195
139.294	17.594
139.567	18.089
139.827	18.621
140.109	19.166
140.442	19.700
140.884	20.182
141.565	20.511
142.681	20.517
144.263	20.128
145.846	19.671
147.023	19.510
147.979	19.566
149.125	19.541
150.693	19.230
152.445	18.750
153.903	18.433
155.010	18.366
156.045	18.383
157.214	18.329
158.457	18.207
159.520	18.159
160.240	18.303
160.663	18.642
160.914	19.116
161.121	19.656
161.447	20.168
162.275	20.424
164.412	19.905
167.888	18.481
170.528	17.445
171.806	17.236
172.649	17.328
173.497	17.438
174.377	17.523
175.186	17.630
175.843	17.810
176.360	18.072
176.823	18.381
177.366	18.673
178.182	18.844
179.486	18.767
181.282	18.406
183.130	17.975
184.624	17.722
185.962	17.602
187.705	17.363
190.165	16.822
192.774	16.168
194.635	15.780
195.645	15.737
196.164	15.909
196.468	16.185
196.693	16.508
196.909	16.852
197.175	17.194
197.572	17.498
198.231	17.710
199.325	17.746
200.959	17.547
202.952	17.171
204.896	16.799
206.577	16.542
208.082	16.371
209.519	16.234
210.850	16.127
211.961	16.089
212.790	16.148
213.363	16.303
213.755	16.533
214.044	16.814
214.295	17.123
214.569	17.438
214.947	17.729
215.564	17.942
216.637	17.991
218.391	17.772
220.746	17.299
223.150	16.783
225.175	16.417
226.944	16.179
228.782	15.951
230.825	15.669
232.929	15.363
234.814	15.110
236.297	14.967
237.368	14.943
238.116	15.014
238.648	15.153
239.049	15.336
239.377	15.548
239.670	15.777
239.950	16.017
240.230	16.263
240.516	16.513
240.809	16.767
241.105	17.025
241.401	17.289
241.692	17.560
241.976	17.841
242.252	18.132
242.521	18.432
242.791	18.741
243.072	19.054
243.384	19.364
243.759	19.657
244.251	19.910
244.941	20.085
245.919	20.136
247.215	20.040
248.688	19.849
250.056	19.683
251.118	19.641
251.873	19.737
252.431	19.929
252.920	20.165
253.460	20.392
254.199	20.547
255.345	20.538
257.076	20.276
259.233	19.809
261.207	19.385
262.542	19.212
263.297	19.286
263.727	19.509
264.047	19.796
264.448	20.074
265.247	20.227
267.087	20.013
270.638	19.162
274.858	18.009
277.647	17.326
278.932	17.181
279.525	17.292
279.873	17.499
280.136	17.744
280.364	18.007
280.578	18.282
280.789	18.565
281.010	18.852
281.258	19.138
281.554	19.415
281.931	19.669
282.425	19.886
283.072	20.047
283.879	20.145
284.805	20.191
285.759	20.217
286.654	20.263
287.482	20.339
288.388	20.405
289.809	20.322
292.787	19.767
298.491	18.389
305.062	16.751
309.183	15.830
311.051	15.556
311.889	15.572
312.323	15.702
312.600	15.879
312.816	16.077
313.010	16.287
313.198	16.502
313.384	16.723
313.570	16.949
313.756	17.180
313.939	17.416
314.120	17.658
314.295	17.907
314.466	18.162
314.632	18.425
314.795	18.695
314.958	18.972
315.125	19.254
315.306	19.539
315.520	19.820
315.821	20.083
316.352	20.286
317.504	20.309
320.095	19.902
324.627	18.885
329.301	17.771
332.048	17.208
333.246	17.112
333.835	17.213
334.320	17.361
334.976	17.482
336.043	17.513
337.749	17.392
340.120	17.100
342.727	16.729
344.908	16.437
346.344	16.314
347.155	16.342
347.591	16.467
347.841	16.644
348.011	16.846
348.156	17.061
348.304	17.281
348.470	17.502
348.667	17.719
348.906	17.931
349.202	18.133
349.570	18.319
350.030	18.484
350.608	18.621
351.334	18.719
352.246	18.767
353.383	18.756
354.766	18.677
356.378	18.534
358.155	18.347
360.026	18.139
362.001	17.915
364.211	17.652
366.804	17.314
369.694	16.912
372.446	16.531
374.586	16.272
375.979	16.172
376.783	16.200
377.223	16.312
377.461	16.473
377.596	16.663
377.679	16.869
377.735	17.086
377.779	17.311
377.816	17.543
377.849	17.782
377.881	18.025
377.912	18.275
377.942	18.531
377.974	18.792
378.009	19.058
378.050	19.329
378.112	19.601
378.233	19.867
378.537	20.097
379.412	20.198
381.882	19.921
387.297	18.915
394.063	17.526
398.339	16.700
400.114	16.480
400.922	16.509
401.549	16.595
402.285	16.669
403.242	16.704
404.450	16.688
405.862	16.628
407.348	16.547
408.741	16.477
409.916	16.445
410.831	16.461
411.517	16.523
412.035	16.621
412.447	16.743
412.803	16.879
413.138	17.023
413.473	17.169
413.819	17.315
414.183	17.459
414.563	17.601
414.957	17.742
415.360	17.882
415.770	18.023
416.183	18.163
416.603	18.305
417.037	18.445
417.492	18.582
417.977	18.713
418.499	18.837
419.058	18.954
419.642	19.064
420.233	19.172
420.805	19.283
421.335	19.405
421.807	19.543
422.217	19.697
422.580	19.866
422.925	20.044
423.315	20.218
423.873	20.357
424.860	20.401
426.759	20.234
430.096	19.723
434.520	18.936
438.421	18.245
440.791	17.899
441.943	17.837
442.465	17.926
442.711	18.084
442.850	18.272
442.972	18.471
443.195	18.660
443.827	18.787
445.819	18.690
451.346	17.989
461.261	16.503
469.905	15.178
473.776	14.649
475.027	14.572
475.439	14.645
475.633	14.759
475.778	14.884
475.923	15.012
476.082	15.141
476.265	15.268
476.482	15.392
476.743	15.512
477.058	15.627
477.439	15.733
477.897	15.829
478.440	15.913
479.067	15.984
479.770	16.044
480.526	16.094
481.304	16.140
482.064	16.187
482.772	16.241
483.399	16.307
483.933	16.387
484.371	16.484
484.720	16.596
484.993	16.722
485.204	16.861
485.367	17.010
485.493	17.169
485.591	17.335
485.668	17.508
485.732	17.686
485.784	17.869
485.829	18.057
485.868	18.250
485.903	18.446
485.937	18.647
485.968	18.851
485.999	19.060
486.031	19.272
486.065	19.487
486.103	19.705
486.153	19.925
486.229	20.144
486.375	20.353
486.704	20.531
487.517	20.616
489.500	20.467
493.613	19.878
499.515	18.895
504.545	18.054
507.239	17.677
508.360	17.624
508.813	17.712
509.028	17.854
509.164	18.015
509.272	18.185
509.369	18.360
509.460	18.539
509.548	18.721
509.634	18.906
509.722	19.094
509.812	19.285
509.910	19.477
510.021	19.670
510.154	19.862
510.322	20.050
510.544	20.229
510.847	20.394
511.266	20.536
511.844	20.645
512.623	20.710
513.624	20.724
514.825	20.691
516.147	20.626
517.476	20.555
518.714	20.503
519.810	20.481
520.768	20.490
521.621	20.524
522.407	20.575
523.154	20.635
523.885	20.700
524.611	20.766
525.338	20.833
526.065	20.899
526.799	20.965
527.583	21.024
528.655	21.038
531.041	20.838
537.916	19.896
551.498	17.822
562.740	16.106
567.090	15.526
568.451	15.444
569.013	15.494
569.359	15.579
569.624	15.678
569.840	15.784
570.019	15.896
570.168	16.013
570.293	16.135
570.398	16.262
570.486	16.392
570.563	16.527
570.629	16.664
570.687	16.804
570.740	16.948
570.788	17.094
570.833	17.243
570.876	17.394
570.918	17.547
570.959	17.703
571.000	17.861
571.043	18.022
571.087	18.184
571.133	18.349
571.182	18.515
571.235	18.683
571.291	18.854
571.353	19.025
571.422	19.198
571.498	19.373
571.583	19.548
571.680	19.723
571.792	19.898
571.925	20.072
572.087	20.243
572.295	20.407
572.582	20.560
573.016	20.688
573.736	20.765
575.019	20.742
577.297	20.537
580.914	20.083
585.427	19.453
589.517	18.886
592.286	18.552
593.856	18.433
594.716	18.446
595.246	18.522
595.687	18.620
596.261	18.707
597.354	18.730
599.829	18.574
605.205	18.035
614.068	17.025
623.130	15.969
628.817	15.344
631.501	15.112
632.751	15.070
633.471	15.099
634.022	15.152
634.535	15.212
635.055	15.272
635.598	15.330
636.165	15.386
636.751	15.440
637.348	15.493
637.944	15.545
638.526	15.599
639.083	15.655
639.604	15.715
640.082	15.781
640.511	15.852
640.890	15.929
641.220	16.012
641.503	16.102
641.744	16.197
641.948	16.298
642.120	16.404
642.264	16.514
642.385	16.629
642.488	16.747
642.576	16.869
642.651	16.994
642.717	17.122
642.775	17.252
642.828	17.385
642.877	17.520
642.922	17.658
642.967	17.797
643.010	17.938
643.053	18.081
643.098	18.226
643.144	18.373
643.193	18.521
643.246	18.670
643.304	18.821
643.368	18.972
643.441	19.125
643.525	19.277
643.624	19.429
643.742	19.580
643.887	19.729
644.068	19.874
644.299	20.012
644.600	20.140
644.999	20.254
645.537	20.345
646.273	20.404
647.299	20.416
648.750	20.359
650.840	20.201
653.865	19.901
658.098	19.425
663.465	18.793
669.217	18.120
674.296	17.553
678.121	17.166
680.744	16.946
682.486	16.844
683.653	16.819
684.465	16.840
685.059	16.891
685.522	16.959
685.906	17.038
686.247	17.124
686.564	17.214
686.875	17.306
687.193	17.399
687.534	17.489
687.917	17.576
688.367	17.656
688.925	17.723
689.647	17.772
690.626	17.791
691.990	17.766
693.915	17.675
696.591	17.497
700.127	17.221
704.401	16.863
708.995	16.473
713.357	16.111
717.081	15.823
720.032	15.619
722.270	15.490
723.929	15.422
725.150	15.400
726.051	15.410
726.724	15.443
727.239	15.493
727.649	15.555
727.991	15.624
728.295	15.698
728.583	15.775
728.871	15.853
729.175	15.930
729.507	16.006
729.881	16.078
730.309	16.145
730.805	16.206
731.380	16.260
732.045	16.304
732.806	16.339
733.660	16.364
734.597	16.380
735.594	16.389
736.619	16.394
737.636	16.399
738.610	16.407
739.513	16.422
740.329	16.446
741.054	16.479
741.694	16.522
742.265	16.573
742.785	16.629
743.275	16.690
743.758	16.753
744.252	16.815
744.776	16.874
745.343	16.930
745.962	16.980
746.635	17.024
747.354	17.063
748.107	17.098
748.872	17.130
749.623	17.164
750.336	17.201
750.989	17.245
751.569	17.297
752.070	17.357
752.491	17.428
752.839	17.507
753.121	17.595
753.348	17.690
753.531	17.792
753.677	17.899
753.797	18.010
753.895	18.126
753.977	18.245
754.049	18.366
754.112	18.490
754.171	18.616
754.227	18.744
754.281	18.873
754.336	19.004
754.392	19.137
754.450	19.270
754.511	19.404
754.577	19.540
754.646	19.676
754.721	19.813
754.801	19.951
754.889	20.089
754.984	20.227
755.088	20.366
755.202	20.505
755.329	20.643
755.470	20.780
755.633	20.916
755.824	21.049
756.061	21.176
756.373	21.293
756.814	21.392
757.479	21.459
758.523	21.469
760.155	21.389
762.547	21.190
765.620	20.882
768.896	20.535
771.739	20.247
773.813	20.074
775.176	20.010
776.064	20.020
776.729	20.069
777.408	20.124
778.417	20.143
780.295	20.057
783.866	19.764
789.697	19.185
796.718	18.445
802.513	17.843
805.976	17.523
807.691	17.420
808.506	17.431
808.939	17.492
809.241	17.572
809.526	17.656
809.859	17.736
810.291	17.808
810.876	17.865
811.674	17.899
812.755	17.904
814.172	17.873
815.931	17.803
817.961	17.702
820.096	17.586
822.131	17.478
823.893	17.396
825.301	17.350
826.358	17.342
827.126	17.366
827.681	17.413
828.095	17.477
828.425	17.552
828.717	17.632
829.009	17.714
829.334	17.793
829.726	17.867
830.224	17.930
830.871	17.979
831.716	18.007
832.806	18.009
834.179	17.981
835.846	17.922
837.783	17.833
839.936	17.721
842.250	17.593
844.699	17.453
847.301	17.302
850.084	17.136
853.035	16.957
856.049	16.773
858.943	16.599
861.528	16.453
863.689	16.346
865.407	16.280
866.743	16.249
867.783	16.246
868.610	16.263
869.292	16.294
869.875	16.335
870.390	16.382
870.855	16.435
871.281	16.491
871.672	16.551
872.032	16.613
872.364	16.679
872.670	16.748
872.952	16.819
873.213	16.893
873.457	16.969
873.687	17.047
873.908	17.127
874.124	17.208
874.342	17.289
874.567	17.370
874.806	17.451
875.068	17.530
875.361	17.607
875.697	17.680
876.086	17.749
876.541	17.812
877.075	17.867
877.698	17.913
878.416	17.950
879.229	17.976
880.128	17.994
881.090	18.004
882.086	18.010
883.079	18.015
884.032	18.024
884.916	18.039
885.711	18.063
886.406	18.098
887.004	18.142
887.512	18.197
887.942	18.260
888.309	18.331
888.624	18.408
888.899	18.489
889.145	18.575
889.369	18.664
889.576	18.756
889.772	18.850
889.961	18.945
890.144	19.042
890.324	19.140
890.502	19.239
890.677	19.339
890.852	19.440
891.025	19.541
891.198	19.644
891.371	19.748
891.548	19.852
891.743	19.955
892.004	20.053
892.500	20.130
893.835	20.130
897.993	19.865
909.432	18.914
928.964	17.192
944.822	15.803
951.935	15.233
954.719	15.070
956.129	15.034
957.114	15.037
957.920	15.053
958.610	15.078
959.206	15.110
959.721	15.148
960.171	15.191
960.569	15.238
960.932	15.287
961.273	15.339
961.607	15.392
961.949	15.445
962.314	15.497
962.719	15.547
963.182	15.593
963.728	15.633
964.381	15.667
965.173	15.691
966.139	15.704
967.315	15.701
968.731	15.682
970.408	15.644
972.336	15.589
974.476	15.517
976.742	15.436
979.026	15.352
981.212	15.273
983.203	15.208
984.938	15.159
986.395	15.129
987.587	15.117
988.543	15.122
989.300	15.140
989.898	15.170
990.371	15.209
990.746	15.256
991.048	15.307
991.295	15.363
991.501	15.423
991.677	15.485
991.832	15.549
991.972	15.615
992.102	15.682
992.227	15.750
992.351	15.819
992.476	15.888
992.605	15.957
992.742	16.027
992.888	16.096
993.048	16.165
993.226	16.233
993.427	16.300
993.659	16.365
993.933	16.427
994.267	16.486
994.685	16.538
995.227	16.583
995.948	16.615
996.928	16.628
998.271	16.615
1000.089	16.567
1002.472	16.477
1005.416	16.344
1008.765	16.180
1012.210	16.005
1015.395	15.846
1018.056	15.724
1020.097	15.646
1021.566	15.610
1022.576	15.607
1023.253	15.629
1023.701	15.669
1023.996	15.721
1024.192	15.780
1024.325	15.846
1024.417	15.914
1024.482	15.986
1024.531	16.059
1024.569	16.134
1024.600	16.210
1024.626	16.287
1024.650	16.364
1024.672	16.443
1024.693	16.522
1024.713	16.602
1024.733	16.683
1024.753	16.764
1024.773	16.846
1024.794	16.928
1024.815	17.012
1024.838	17.095
1024.862	17.180
1024.889	17.265
1024.917	17.350
1024.948	17.436
1024.983	17.522
1025.023	17.609
1025.069	17.696
1025.124	17.782
1025.188	17.869
1025.265	17.955
1025.361	18.041
1025.479	18.125
1025.629	18.207
1025.819	18.286
1026.064	18.361
1026.381	18.430
1026.796	18.491
1027.340	18.541
1028.055	18.576
1028.996	18.591
1030.233	18.580
1031.851	18.536
1033.949	18.449
1036.614	18.313
1039.884	18.126
1043.683	17.895
1047.777	17.640
1051.813	17.389
1055.450	17.172
1058.475	17.006
1060.855	16.893
1062.663	16.827
1064.024	16.797
1065.055	16.794
1065.852	16.811
1066.483	16.841
1066.998	16.880
1067.426	16.927
1067.790	16.980
1068.104	17.036
1068.377	17.097
1068.616	17.160
1068.826	17.226
1069.014	17.295
1069.180	17.365
1069.330	17.438
1069.466	17.512
1069.589	17.588
1069.703	17.665
1069.810	17.743
1069.910	17.822
1070.005	17.903
1070.096	17.984
1070.185	18.066
1070.273	18.149
1070.359	18.233
1070.445	18.317
1070.531	18.402
1070.618	18.488
1070.706	18.574
1070.795	18.660
1070.886	18.747
1070.979	18.835
1071.076	18.923
1071.177	19.011
1071.286	19.099
1071.409	19.187
1071.558	19.273
1071.760	19.355
1072.071	19.429
1072.605	19.484
1073.588	19.502
1075.430	19.446
1078.732	19.264
1083.994	18.909
1090.825	18.412
1097.607	17.909
1102.738	17.543
1105.873	17.348
1107.549	17.280
1108.389	17.286
1108.808	17.329
1109.028	17.391
1109.159	17.462
1109.252	17.537
1109.332	17.614
1109.411	17.691
1109.495	17.769
1109.586	17.847
1109.688	17.924
1109.801	18.001
1109.930	18.078
1110.075	18.153
1110.240	18.228
1110.428	18.301
1110.640	18.372
1110.883	18.441
1111.160	18.508
1111.476	18.572
1111.838	18.633
1112.253	18.689
1112.729	18.740
1113.281	18.785
1113.924	18.822
1114.682	18.850
1115.591	18.865
1116.701	18.863
1118.085	18.839
1119.833	18.785
1122.041	18.692
1124.766	18.557
1127.966	18.382
1131.450	18.183
1134.903	17.984
1138.004	17.813
1140.550	17.685
1142.497	17.606
1143.914	17.570
1144.915	17.567
1145.615	17.590
1146.106	17.630
1146.455	17.682
1146.710	17.742
1146.901	17.808
1147.049	17.879
1147.169	17.952
1147.268	18.027
1147.353	18.104
1147.428	18.183
1147.495	18.262
1147.558	18.343
1147.617	18.425
1147.672	18.507
1147.726	18.590
1147.777	18.674
1147.828	18.759
1147.878	18.844
1147.927	18.930
1147.976	19.017
1148.026	19.104
1148.075	19.192
1148.126	19.281
1148.178	19.370
1148.231	19.460
1148.287	19.550
1148.346	19.640
1148.409	19.731
1148.478	19.821
1148.556	19.912
1148.646	20.002
1148.755	20.092
1148.891	20.179
1149.068	20.263
1149.311	20.342
1149.652	20.413
1150.148	20.469
1150.883	20.504
1151.980	20.505
1153.614	20.457
1155.997	20.339
1159.328	20.135
1163.675	19.840
1168.836	19.474
1174.312	19.084
1179.476	18.725
1183.862	18.436
1187.284	18.230
1189.792	18.102
1191.556	18.035
1192.768	18.015
1193.594	18.026
1194.162	18.060
1194.564	18.107
1194.859	18.164
1195.091	18.227
1195.283	18.294
1195.454	18.362
1195.616	18.433
1195.774	18.504
1195.934	18.575
1196.100	18.646
1196.274	18.717
1196.457	18.788
1196.653	18.858
1196.862	18.928
1197.086	18.997
1197.326	19.064
1197.584	19.131
1197.860	19.196
1198.156	19.260
1198.472	19.323
1198.808	19.384
1199.165	19.444
1199.540	19.502
1199.935	19.558
1200.346	19.614
1200.773	19.668
1201.212	19.721
1201.662	19.774
1202.121	19.826
1202.588	19.877
1203.066	19.927
1203.564	19.976
1204.131	20.021
1204.957	20.049
1206.850	20.008
1212.983	19.694
1232.019	18.547
1266.444	16.406
1292.155	14.825
1302.116	14.265
1305.992	14.105
1308.613	14.035
1311.303	13.972
1314.344	13.895
1317.712	13.804
1321.254	13.706
1324.760	13.607
1328.020	13.518
1330.880	13.443
1333.262	13.388
1335.166	13.352
1336.639	13.333
1337.754	13.329
1338.588	13.337
1339.208	13.354
1339.671	13.377
1340.021	13.406
1340.289	13.438
1340.502	13.472
1340.674	13.509
1340.820	13.547
1340.947	13.586
1341.062	13.625
1341.169	13.666
1341.272	13.706
1341.373	13.747
1341.474	13.788
1341.576	13.830
1341.680	13.871
1341.787	13.913
1341.899	13.954
1342.015	13.996
1342.136	14.038
1342.264	14.079
1342.398	14.121
1342.538	14.162
1342.686	14.204
1342.842	14.245
1343.006	14.286
1343.178	14.327
1343.360	14.368
1343.551	14.408
1343.750	14.449
1343.959	14.489
1344.178	14.528
1344.405	14.568
1344.642	14.607
1344.888	14.646
1345.142	14.685
1345.405	14.724
1345.675	14.762
1345.952	14.801
1346.237	14.839
1346.529	14.876
1346.827	14.914
1347.131	14.952
1347.443	14.989
1347.760	15.026
1348.085	15.063
1348.419	15.100
1348.764	15.136
1349.121	15.172
1349.494	15.208
1349.884	15.242
1350.298	15.276
1350.740	15.308
1351.215	15.339
1351.731	15.369
1352.294	15.396
1352.913	15.420
1353.595	15.441
1354.348	15.459
1355.180	15.473
1356.095	15.483
1357.095	15.488
1358.179	15.489
1359.341	15.486
1360.571	15.480
1361.852	15.471
1363.165	15.459
1364.487	15.447
1365.794	15.436
1367.066	15.426
1368.285	15.418
1369.436	15.414
1370.512	15.413
1371.511	15.416
1372.437	15.423
1373.298	15.434
1374.110	15.447
1374.895	15.461
1375.686	15.476
1376.524	15.490
1377.470	15.499
1378.609	15.499
1380.048	15.487
1381.923	15.455
1384.379	15.397
1387.528	15.307
1391.387	15.184
1395.802	15.034
1400.454	14.871
1404.916	14.716
1408.827	14.584
1411.995	14.485
1414.397	14.420
1416.140	14.385
1417.365	14.374
1418.216	14.380
1418.804	14.399
1419.218	14.426
1419.514	14.459
1419.734	14.496
1419.903	14.535
1420.038	14.576
1420.151	14.618
1420.250	14.661
1420.337	14.705
1420.416	14.750
1420.489	14.795
1420.558	14.840
1420.622	14.886
1420.683	14.932
1420.740	14.979
1420.795	15.026
1420.846	15.074
1420.896	15.122
1420.943	15.170
1420.987	15.218
1421.030	15.267
1421.070	15.317
1421.109	15.366
1421.145	15.417
1421.180	15.467
1421.213	15.518
1421.245	15.569
1421.275	15.621
1421.303	15.673
1421.331	15.725
1421.357	15.777
1421.382	15.830
1421.406	15.884
1421.428	15.937
1421.450	15.992
1421.471	16.046
1421.491	16.101
1421.510	16.156
1421.529	16.211
1421.547	16.267
1421.564	16.323
1421.581	16.380
1421.598	16.437
1421.614	16.494
1421.629	16.552
1421.645	16.610
1421.660	16.668
1421.675	16.727
1421.690	16.786
1421.706	16.845
1421.722	16.905
1421.738	16.965
1421.755	17.026
1421.773	17.086
1421.793	17.147
1421.815	17.208
1421.841	17.270
1421.873	17.331
1421.913	17.392
1421.968	17.453
1422.048	17.513
1422.172	17.571
1422.377	17.625
1422.731	17.671
1423.364	17.703
1424.517	17.707
1426.621	17.661
1430.384	17.527
1436.801	17.256
1446.904	16.803
1461.247	16.164
1479.489	15.392
1500.051	14.578
1519.818	13.841
1535.475	13.285
1545.855	12.935
1551.945	12.745
1555.313	12.657
1557.175	12.624
1558.259	12.620
1558.952	12.630
1559.451	12.647
1559.850	12.668
1560.193	12.691
1560.503	12.716
1560.792	12.741
1561.061	12.766
1561.315	12.793
1561.555	12.820
1561.782	12.847
1561.995	12.875
1562.196	12.903
1562.384	12.932
1562.562	12.961
1562.728	12.991
1562.884	13.021
1563.030	13.052
1563.167	13.083
1563.294	13.114
1563.414	13.146
1563.525	13.178
1563.630	13.211
1563.727	13.244
1563.818	13.277
1563.903	13.311
1563.983	13.345
1564.057	13.379
1564.127	13.414
1564.192	13.449
1564.254	13.484
1564.312	13.520
1564.366	13.556
1564.417	13.592
1564.466	13.628
1564.511	13.665
1564.555	13.702
1564.595	13.739
1564.634	13.776
1564.672	13.814
1564.707	13.852
1564.740	13.890
1564.773	13.928
1564.804	13.967
1564.833	14.006
1564.861	14.045
1564.889	14.084
1564.915	14.123
1564.941	14.163
1564.965	14.203
1564.989	14.243
1565.012	14.284
1565.035	14.324
1565.056	14.365
1565.077	14.406
1565.098	14.448
1565.118	14.489
1565.138	14.531
1565.157	14.573
1565.176	14.615
1565.195	14.657
1565.213	14.700
1565.230	14.743
1565.248	14.786
1565.265	14.830
1565.282	14.873
1565.299	14.917
1565.315	14.961
1565.332	15.005
1565.348	15.050
1565.364	15.095
1565.380	15.139
1565.395	15.185
1565.411	15.230
1565.426	15.276
1565.442	15.322
1565.458	15.368
1565.473	15.414
1565.488	15.461
1565.504	15.508
1565.520	15.555
1565.535	15.602
1565.551	15.650
1565.567	15.698
1565.583	15.746
1565.600	15.794
1565.617	15.843
1565.634	15.892
1565.651	15.941
1565.669	15.990
1565.688	16.040
1565.707	16.089
1565.727	16.139
1565.747	16.190
1565.769	16.240
1565.791	16.291
1565.815	16.341
1565.840	16.393
1565.866	16.444
1565.894	16.495
1565.923	16.547
1565.954	16.599
1565.988	16.651
1566.024	16.703
1566.063	16.755
1566.104	16.808
1566.149	16.860
1566.197	16.913
1566.250	16.966
1566.306	17.018
1566.368	17.071
1566.435	17.124
1566.508	17.177
1566.588	17.229
1566.674	17.282
1566.768	17.334
1566.871	17.386
1566.983	17.438
1567.104	17.490
1567.235	17.541
1567.378	17.592
1567.532	17.643
1567.699	17.693
1567.879	17.743
1568.072	17.792
1568.279	17.840
1568.502	17.888
1568.739	17.935
1568.993	17.981
1569.266	18.027
1569.563	18.071
1569.891	18.114
1570.266	18.155
1570.723	18.191
1571.319	18.220
1572.177	18.237
1573.520	18.228
1575.754	18.174
1579.526	18.041
1585.628	17.790
1594.474	17.398
1605.226	16.908
1615.772	16.430
1624.330	16.054
1630.559	15.801
1635.123	15.636
1638.831	15.519
1642.251	15.420
1645.681	15.325
1649.204	15.227
1652.759	15.128
1656.204	15.033
1659.386	14.948
1662.183	14.878
1664.535	14.825
1666.438	14.790
1667.933	14.770
1669.082	14.765
1669.953	14.770
1670.608	14.785
1671.101	14.806
1671.474	14.832
1671.760	14.861
1671.984	14.894
1672.164	14.928
1672.312	14.964
1672.440	15.001
1672.554	15.039
1672.660	15.077
1672.760	15.116
1672.860	15.155
1672.961	15.194
1673.063	15.233
1673.171	15.272
1673.284	15.311
1673.405	15.350
1673.534	15.389
1673.673	15.428
1673.824	15.466
1673.986	15.504
1674.165	15.541
1674.358	15.578
1674.571	15.615
1674.805	15.650
1675.061	15.685
1675.344	15.719
1675.657	15.752
1676.004	15.784
1676.389	15.814
1676.820	15.842
1677.304	15.868
1677.851	15.892
1678.475	15.912
1679.189	15.929
1680.016	15.941
1680.980	15.948
1682.110	15.948
1683.440	15.940
1684.998	15.922
1686.813	15.893
1688.895	15.854
1691.231	15.803
1693.776	15.744
1696.454	15.678
1699.159	15.611
1701.779	15.547
1704.212	15.489
1706.382	15.442
1708.249	15.408
1709.806	15.385
1711.072	15.375
1712.083	15.375
1712.876	15.385
1713.492	15.401
1713.966	15.424
1714.330	15.452
1714.608	15.483
1714.821	15.518
1714.985	15.554
1715.111	15.593
1715.208	15.632
1715.284	15.673
1715.344	15.715
1715.392	15.758
1715.431	15.801
1715.463	15.844
1715.490	15.888
1715.513	15.933
1715.534	15.978
1715.552	16.023
1715.568	16.068
1715.583	16.114
1715.597	16.160
1715.611	16.206
1715.623	16.252
1715.636	16.299
1715.648	16.346
1715.660	16.393
1715.671	16.441
1715.683	16.488
1715.694	16.536
1715.706	16.584
1715.717	16.633
1715.729	16.681
1715.740	16.730
1715.752	16.779
1715.764	16.829
1715.775	16.878
1715.787	16.928
1715.800	16.978
1715.812	17.028
1715.825	17.079
1715.838	17.130
1715.851	17.181
1715.865	17.232
1715.879	17.283
1715.894	17.335
1715.909	17.387
1715.925	17.439
1715.942	17.491
1715.959	17.544
1715.977	17.597
1715.996	17.650
1716.015	17.703
1716.037	17.756
1716.059	17.810
1716.083	17.864
1716.108	17.918
1716.136	17.972
1716.165	18.026
1716.198	18.081
1716.233	18.135
1716.273	18.190
1716.318	18.245
1716.371	18.299
1716.433	18.354
1716.509	18.407
1716.607	18.460
1716.736	18.512
1716.914	18.561
1717.170	18.607
1717.547	18.647
1718.115	18.677
1718.980	18.691
1720.297	18.682
1722.265	18.640
1725.099	18.551
1728.937	18.409
1733.702	18.217
1738.997	17.995
1744.197	17.775
1748.722	17.590
1752.279	17.454
1754.888	17.368
1756.739	17.322
1758.057	17.304
1759.041	17.305
1759.836	17.316
1760.543	17.332
1761.230	17.350
1761.937	17.368
1762.696	17.383
1763.525	17.395
1764.433	17.403
1765.420	17.408
1766.485	17.408
1767.615	17.405
1768.795	17.400
1770.008	17.392
1771.236	17.384
1772.459	17.376
1773.670	17.368
1774.860	17.362
1776.035	17.356
1777.205	17.351
1778.394	17.345
1779.625	17.337
1780.932	17.326
1782.347	17.311
1783.899	17.289
1785.611	17.260
1787.484	17.224
1789.504	17.180
1791.624	17.131
1793.790	17.080
1795.920	17.030
1797.942	16.985
1799.796	16.947
1801.439	16.918
1802.857	16.899
1804.051	16.891
1805.037	16.892
1805.845	16.902
1806.500	16.919
1807.032	16.941
1807.463	16.969
1807.818	17.000
1808.113	17.035
1808.362	17.071
1808.576	17.110
1808.765	17.150
1808.935	17.191
1809.091	17.233
1809.237	17.275
1809.377	17.318
1809.512	17.361
1809.644	17.405
1809.775	17.449
1809.906	17.493
1810.037	17.538
1810.168	17.582
1810.301	17.627
1810.436	17.672
1810.571	17.717
1810.707	17.762
1810.846	17.807
1810.986	17.852
1811.126	17.897
1811.267	17.943
1811.410	17.989
1811.551	18.034
1811.695	18.080
1811.839	18.126
1811.983	18.173
1812.127	18.219
1812.274	18.266
1812.421	18.312
1812.570	18.359
1812.725	18.406
1812.884	18.453
1813.055	18.499
1813.239	18.545
1813.446	18.590
1813.686	18.633
1813.979	18.674
1814.353	18.712
1814.860	18.743
1815.586	18.763
1816.680	18.766
1818.389	18.739
1821.105	18.664
1825.355	18.516
1831.615	18.271
1839.858	17.931
1849.120	17.540
1857.794	17.176
1864.622	16.898
1869.330	16.720
1872.318	16.623
1874.130	16.582
1875.218	16.575
1875.878	16.589
1876.285	16.614
1876.546	16.647
1876.718	16.684
1876.838	16.724
1876.924	16.765
1876.991	16.807
1877.044	16.851
1877.089	16.895
1877.129	16.939
1877.165	16.984
1877.199	17.029
1877.232	17.074
1877.264	17.119
1877.296	17.165
1877.329	17.211
1877.361	17.257
1877.394	17.303
1877.429	17.350
1877.464	17.396
1877.502	17.443
1877.541	17.490
1877.583	17.537
1877.629	17.584
1877.679	17.631
1877.735	17.678
1877.798	17.724
1877.871	17.771
1877.958	17.817
1878.065	17.863
1878.202	17.907
1878.386	17.950
1878.644	17.989
1879.022	18.023
1879.600	18.049
1880.508	18.061
1881.961	18.049
1884.286	18.000
1887.914	17.893
1893.258	17.711
1900.407	17.450
1908.780	17.133
1917.137	16.815
1924.248	16.549
1929.540	16.361
1933.117	16.247
1935.405	16.189
1936.838	16.168
1937.740	16.170
1938.322	16.187
1938.714	16.212
1938.991	16.242
1939.197	16.275
1939.358	16.310
1939.489	16.347
1939.600	16.384
1939.696	16.423
1939.782	16.462
1939.860	16.501
1939.931	16.541
1939.997	16.582
1940.059	16.622
1940.118	16.663
1940.173	16.704
1940.227	16.746
1940.279	16.788
1940.328	16.830
1940.377	16.872
1940.424	16.915
1940.471	16.957
1940.517	17.000
1940.563	17.043
1940.608	17.087
1940.654	17.130
1940.700	17.174
1940.748	17.218
1940.797	17.261
1940.848	17.305
1940.902	17.349
1940.961	17.394
1941.024	17.438
1941.094	17.482
1941.173	17.525
1941.263	17.569
1941.367	17.612
1941.490	17.654
1941.637	17.696
1941.814	17.736
1942.030	17.775
1942.294	17.812
1942.620	17.846
1943.020	17.877
1943.512	17.904
1944.114	17.927
1944.844	17.943
1945.723	17.953
1946.759	17.955
1947.961	17.950
1949.319	17.937
1950.817	17.918
1952.413	17.893
1954.062	17.866
1955.700	17.839
1957.277	17.814
1958.741	17.793
1960.058	17.780
1961.209	17.773
1962.188	17.775
1963.005	17.784
1963.675	17.800
1964.217	17.822
1964.651	17.849
1964.997	17.880
1965.272	17.916
1965.492	17.953
1965.669	17.993
1965.814	18.035
1965.934	18.078
1966.037	18.123
1966.129	18.168
1966.214	18.213
1966.296	18.259
1966.379	18.305
1966.466	18.351
1966.561	18.397
1966.668	18.443
1966.791	18.488
1966.935	18.532
1967.106	18.575
1967.311	18.617
1967.559	18.657
1967.860	18.694
1968.228	18.729
1968.677	18.759
1969.223	18.785
1969.885	18.806
1970.682	18.820
1971.628	18.826
1972.735	18.825
1974.008	18.815
1975.430	18.797
1976.981	18.773
1978.620	18.744
1980.297	18.712
1981.950	18.682
1983.531	18.654
1984.991	18.632
1986.306	18.617
1987.458	18.610
1988.448	18.611
1989.286	18.620
1989.987	18.635
1990.569	18.656
1991.052	18.683
1991.451	18.713
1991.783	18.748
1992.060	18.785
1992.293	18.825
1992.491	18.867
1992.660	18.910
1992.807	18.954
1992.934	19.000
1993.045	19.047
1993.144	19.095
1993.233	19.143
1993.312	19.192
1993.384	19.242
1993.449	19.292
1993.508	19.343
1993.563	19.395
1993.614	19.446
1993.660	19.498
1993.704	19.551
1993.744	19.604
1993.782	19.657
1993.818	19.711
1993.851	19.765
1993.883	19.819
1993.913	19.874
1993.941	19.929
1993.968	19.984
1993.994	20.040
1994.018	20.096
1994.042	20.152
1994.065	20.208
1994.087	20.265
1994.108	20.322
1994.128	20.380
1994.148	20.437
1994.167	20.495
1994.186	20.553
1994.204	20.612
1994.221	20.671
1994.239	20.730
1994.255	20.789
1994.272	20.849
1994.288	20.909
1994.303	20.969
1994.319	21.030
1994.334	21.091
1994.349	21.152
1994.363	21.213
1994.378	21.275
1994.391	21.337
1994.405	21.399
1994.419	21.462
1994.432	21.525
1994.445	21.588
1994.458	21.652
1994.471	21.715
1994.483	21.779
1994.495	21.844
1994.507	21.908
1994.519	21.973
1994.531	22.039
1994.542	22.104
1994.554	22.170
1994.565	22.236
1994.576	22.303
1994.586	22.370
1994.597	22.437
1994.607	22.504
1994.617	22.572
1994.627	22.640
1994.637	22.709
1994.647	22.777
1994.656	22.846
1994.665	22.916
1994.674	22.985
1994.683	23.055
1994.692	23.126
1994.700	23.196
1994.709	23.267
1994.717	23.339
1994.725	23.410
1994.732	23.482
1994.740	23.555
1994.747	23.627
1994.755	23.700
1994.762	23.774
1994.769	23.847
1994.776	23.921
1994.782	23.996
1994.789	24.071
1994.795	24.146
1994.801	24.221
1994.807	24.297
1994.813	24.373
1994.819	24.449
1994.824	24.526
1994.830	24.603
1994.835	24.681
1994.840	24.759
1994.845	24.837
1994.850	24.916
1994.855	24.995
1994.860	25.074
1994.864	25.154
1994.868	25.234
1994.873	25.314
1994.877	25.395
1994.881	25.476
1994.885	25.558
1994.888	25.640
1994.892	25.722
1994.896	25.805
1994.899	25.888
1994.903	25.971
1994.906	26.055
1994.909	26.139
1994.912	26.224
1994.915	26.309
1994.918	26.394
1994.921	26.480
1994.923	26.566
1994.926	26.652
1994.928	26.739
1994.931	26.827
1994.933	26.914
1994.936	27.002
1994.938	27.091
1994.940	27.180
1994.942	27.269
1994.944	27.358
1994.946	27.448
1994.948	27.539
1994.950	27.630
1994.951	27.721
1994.953	27.813
1994.955	27.905
1994.956	27.997
1994.958	28.090
1994.959	28.183
1994.961	28.277
1994.962	28.371
1994.964	28.466
1994.965	28.561
1994.966	28.656
1994.967	28.752
1994.969	28.848
1994.970	28.944
1994.971	29.041
1994.972	29.139
1994.973	29.237
1994.974	29.335
1994.975	29.434
1994.976	29.533
1994.976	29.632
1994.977	29.732
1994.978	29.833
1994.979	29.934
1994.980	30.035
1994.980	30.136
1994.981	30.239
1994.982	30.341
1994.982	30.444
1994.983	30.548
1994.984	30.651
1994.984	30.756
1994.985	30.860
1994.985	30.966
1994.986	31.071
1994.986	31.177
1994.987	31.284
1994.987	31.391
1994.988	31.498
1994.988	31.606
1994.989	31.714
1994.989	31.823
1994.990	31.932
1994.990	32.041
1994.990	32.152
1994.991	32.262
1994.991	32.373
1994.991	32.484
1994.992	32.596
1994.992	32.708
1994.992	32.821
1994.992	32.934
1994.993	33.048
1994.993	33.162
1994.993	33.277
1994.993	33.392
1994.994	33.507
1994.994	33.623
1994.994	33.739
1994.994	33.856
1994.995	33.974
1994.995	34.091
1994.995	34.210
1994.995	34.328
1994.995	34.447
1994.995	34.567
1994.996	34.687
1994.996	34.808
1994.996	34.929
1994.996	35.050
1994.996	35.172
1994.996	35.294
1994.997	35.417
1994.997	35.541
1994.997	35.664
1994.997	35.789
1994.997	35.913
1994.997	36.039
1994.997	36.164
1994.997	36.290
1994.997	36.417
1994.998	36.544
1994.998	36.671
1994.998	36.799
1994.998	36.928
1994.998	37.057
1994.998	37.186
1994.998	37.316
1994.998	37.446
1994.998	37.577
1994.998	37.709
1994.998	37.840
1994.998	37.973
1994.998	38.105
1994.998	38.238
1994.999	38.372
1994.999	38.506
1994.999	38.641
1994.999	38.776
1994.999	38.911
1994.999	39.047
1994.999	39.184
1994.999	39.321
1994.999	39.458
1994.999	39.596
1994.999	39.734
1994.999	39.873
1994.999	40.012
1994.999	40.152
1994.999	40.292
1994.999	40.433
1994.999	40.574
1994.999	40.716
1994.999	40.858
1994.999	41.000
1994.999	41.143
1994.999	41.287
1994.999	41.431
1994.999	41.575
1994.999	41.720
1994.999	41.866
1994.999	42.011
1994.999	42.158
1995.000	42.304
1995.000	42.452
1995.000	42.599
1995.000	42.748
1995.000	42.896
1995.000	43.045
1995.000	43.195
1995.000	43.345
1995.000	43.495
1995.000	43.646
1995.000	43.798
1995.000	43.949
1995.000	44.102
1995.000	44.255
1995.000	44.408
1995.000	44.561
1995.000	44.716
1995.000	44.870
1995.000	45.025
1995.000	45.181
1995.000	45.337
1995.000	45.493
1995.000	45.650
1995.000	45.807
1995.000	45.965
1995.000	46.123
1995.000	46.282
1995.000	46.441
1995.000	46.601
1995.000	46.761
1995.000	46.921
1995.000	47.082
1995.000	47.243
1995.000	47.405
1995.000	47.567
1995.000	47.730
1995.000	47.893
1995.000	48.057
1995.000	48.221
1995.000	48.385
1995.000	48.550
1995.000	48.715
1995.000	48.881
1995.000	49.047
1995.000	49.214
1995.000	49.381
1995.000	49.548
1995.000	49.716
1995.000	49.884
1995.000	50.053
1995.000	50.222
1995.000	50.392
1995.000	50.562
1995.000	50.732
1995.000	50.903
1995.000	51.075
1995.000	51.246
1995.000	51.418
1995.000	51.591
1995.000	51.764
1995.000	51.937
1995.000	52.111
1995.000	52.285
1995.000	52.460
1995.000	52.635
1995.000	52.810
1995.000	52.986
1995.000	53.162
1995.000	53.339
1995.000	53.516
1995.000	53.693
1995.000	53.871
1995.000	54.049
1995.000	54.228
1995.000	54.407
1995.000	54.587
1995.000	54.766
1995.000	54.947
1995.000	55.127
1995.000	55.308
1995.000	55.490
1995.000	55.672
1995.000	55.854
1995.000	56.036
1995.000	56.219
1995.000	56.403
1995.000	56.586
1995.000	56.770
1995.000	56.955
1995.000	57.140
1995.000	57.325
1995.000	57.510
1995.000	57.696
1995.000	57.883
1995.000	58.070
1995.000	58.257
1995.000	58.444
1995.000	58.632
1995.000	58.820
1995.000	59.009
1995.000	59.198
1995.000	59.387
1995.000	59.576
1995.000	59.766
1995.000	59.957
1995.000	60.147
1995.000	60.338
1995.000	60.530
1995.000	60.722
1995.000	60.914
1995.000	61.106
1995.000	61.299
1995.000	61.492
1995.000	61.686
1995.000	61.880
1995.000	62.074
1995.000	62.268
1995.000	62.463
1995.000	62.658
1995.000	62.854
1995.000	63.050
1995.000	63.246
1995.000	63.442
1995.000	63.639
1995.000	63.836
1995.000	64.034
1995.000	64.232
1995.000	64.430
1995.000	64.628
1995.000	64.827
1995.000	65.026
1995.000	65.226
1995.000	65.426
1995.000	65.626
1995.000	65.826
1995.000	66.027
1995.000	66.228
1995.000	66.429
1995.000	66.631
1995.000	66.833
1995.000	67.035
1995.000	67.238
1995.000	67.440
1995.000	67.644
1995.000	67.847
1995.000	68.051
1995.000	68.255
1995.000	68.459
1995.000	68.664
1995.000	68.869
1995.000	69.074
1995.000	69.280
1995.000	69.485
1995.000	69.692
1995.000	69.898
1995.000	70.105
1995.000	70.312
1995.000	70.519
1995.000	70.726
1995.000	70.934
1995.000	71.142
1995.000	71.351
1995.000	71.559
1995.000	71.768
1995.000	71.977
1995.000	72.187
1995.000	72.397
1995.000	72.607
1995.000	72.817
1995.000	73.028
1995.000	73.238
1995.000	73.449
1995.000	73.661
1995.000	73.872
1995.000	74.084
1995.000	74.296
1995.000	74.509
1995.000	74.721
1995.000	74.934
1995.000	75.147
1995.000	75.361
1995.000	75.575
1995.000	75.788
1995.000	76.003
1995.000	76.217
1995.000	76.432
1995.000	76.647
1995.000	76.862
1995.000	77.077
1995.000	77.293
1995.000	77.509
1995.000	77.725
1995.000	77.941
1995.000	78.158
1995.000	78.374
1995.000	78.591
1995.000	78.809
1995.000	79.026
1995.000	79.244
1995.000	79.462
1995.000	79.680
1995.000	79.899
1995.000	80.117
1995.000	80.336
1995.000	80.555
1995.000	80.775
1995.000	80.994
1995.000	81.214
1995.000	81.434
1995.000	81.654
1995.000	81.875
1995.000	82.095
1995.000	82.316
1995.000	82.537
1995.000	82.759
1995.000	82.980
1995.000	83.202
1995.000	83.424
1995.000	83.646
1995.000	83.868
1995.000	84.091
1995.000	84.314
1995.000	84.537
1995.000	84.760
1995.000	84.983
1995.000	85.207
1995.000	85.430
1995.000	85.654
1995.000	85.879
1995.000	86.103
1995.000	86.327
1995.000	86.552
1995.000	86.777
1995.000	87.002
1995.000	87.228
1995.000	87.453
1995.000	87.679
1995.000	87.905
1995.000	88.131
1995.000	88.357
1995.000	88.584
1995.000	88.810
1995.000	89.037
1995.000	89.264
1995.000	89.491
1995.000	89.719
1995.000	89.946
1995.000	90.174
1995.000	90.402
1995.000	90.630
1995.000	90.858
1995.000	91.087
1995.000	91.316
1995.000	91.544
1995.000	91.773
1995.000	92.002
1995.000	92.232
1995.000	92.461
1995.000	92.691
1995.000	92.921
1995.000	93.151
1995.000	93.381
1995.000	93.611
1995.000	93.842
1995.000	94.072
1995.000	94.303
1995.000	94.534
1995.000	94.765
1995.000	94.997
1995.000	95.228
1995.000	95.460
1995.000	95.692
1995.000	95.924
1995.000	96.156
1995.000	96.388
1995.000	96.620
1995.000	96.853
1995.000	97.086
1995.000	97.318
1995.000	97.551
1995.000	97.785
1995.000	98.018
1995.000	98.251
1995.000	98.485
1995.000	98.719
1995.000	98.953
1995.000	99.187
1995.000	99.421
1995.000	99.655
1995.000	99.890
1995.000	100.125
1995.000	100.359
1995.000	100.594
1995.000	100.829
1995.000	101.065
1995.000	101.300
1995.000	101.535
1995.000	101.771
1995.000	102.007
1995.000	102.243
1995.000	102.479
1995.000	102.715
1995.000	102.951
1995.000	103.188
1995.000	103.424
1995.000	103.661
1995.000	103.898
1995.000	104.135
1995.000	104.372
1995.000	104.609
1995.000	104.847
1995.000	105.084
1995.000	105.322
1995.000	105.559
1995.000	105.797
1995.000	106.035
1995.000	106.273
1995.000	106.512
1995.000	106.750
1995.000	106.989
1995.000	107.227
1995.000	107.466
1995.000	107.705
1995.000	107.944
1995.000	108.183
1995.000	108.422
1995.000	108.661
1995.000	108.901
1995.000	109.140
1995.000	109.380
1995.000	109.620
1995.000	109.860
1995.000	110.100
1995.000	110.340
1995.000	110.580
1995.000	110.821
1995.000	111.061
1995.000	111.302
1995.000	111.543
1995.000	111.783
1995.000	112.024
1995.000	112.265
1995.000	112.507
1995.000	112.748
1995.000	112.989
1995.000	113.231
1995.000	113.472
1995.000	113.714
1995.000	113.956
1995.000	114.198
1995.000	114.440
1995.000	114.682
1995.000	114.924
1995.000	115.167
1995.000	115.409
1995.000	115.652
1995.000	115.894
1995.000	116.137
1995.000	116.380
1995.000	116.623
1995.000	116.866
1995.000	117.109
1995.000	117.352
1995.000	117.596
1995.000	117.839
1995.000	118.083
1995.000	118.326
1995.000	118.570
1995.000	118.814
1995.000	119.058
1995.000	119.302
1995.000	119.546
1995.000	119.790
1995.000	120.034
1995.000	120.279
1995.000	120.523
1995.000	120.768
1995.000	121.013
1995.000	121.257
1995.000	121.502
1995.000	121.747
1995.000	121.992
1995.000	122.237
1995.000	122.483
1995.000	122.728
1995.000	122.973
1995.000	123.219
1995.000	123.464
1995.000	123.710
1995.000	123.956
1995.000	124.202
1995.000	124.448
1995.000	124.694
1995.000	124.940
1995.000	125.186
1995.000	125.432
1995.000	125.678
1995.000	125.925
1995.000	126.171
1995.000	126.418
1995.000	126.665
1995.000	126.911
1995.000	127.158
1995.000	127.405
1995.000	127.652
1995.000	127.899
1995.000	128.146
1995.000	128.394
1995.000	128.641
1995.000	128.888
1995.000	129.136
1995.000	129.383
1995.000	129.631
1995.000	129.879
1995.000	130.127
1995.000	130.374
1995.000	130.622
1995.000	130.870
1995.000	131.119
1995.000	131.367
1995.000	131.615
1995.000	131.863
1995.000	132.112
1995.000	132.360
1995.000	132.609
1995.000	132.857
1995.000	133.106
1995.000	133.355
1995.000	133.604
1995.000	133.852
1995.000	134.101
1995.000	134.350
1995.000	134.600
1995.000	134.849
