<j>	<F>
1.246	20.230
3.002	11.614
4.179	10.899
5.196	11.156
6.054	12.657
7.215	14.244
8.585	11.436
9.532	12.759
11.137	12.035
12.467	10.583
13.346	11.228
14.237	12.121
15.522	12.358
17.083	11.206
18.031	11.225
18.729	12.104
19.440	13.182
20.367	13.904
21.486	13.900
22.550	13.992
23.598	14.074
24.543	14.400
25.496	14.789
26.692	14.889
28.339	13.899
29.759	13.131
30.782	13.117
31.548	13.591
32.242	14.305
32.951	15.017
33.668	15.788
34.659	16.272
36.382	15.425
38.246	13.966
39.354	13.671
40.058	14.153
40.693	14.825
41.311	15.561
41.954	16.348
42.828	16.894
44.396	16.488
47.021	14.592
49.278	12.927
50.306	12.732
50.847	13.227
51.368	13.878
52.136	14.383
53.392	14.399
54.975	13.902
56.180	13.619
56.831	13.932
57.242	14.605
57.644	15.395
58.184	16.123
59.043	16.540
60.413	16.340
62.128	15.617
63.566	15.095
64.501	15.129
65.151	15.527
65.716	16.077
66.315	16.641
67.037	17.098
67.946	17.346
69.090	17.324
70.581	16.948
72.480	16.152
74.343	15.315
75.630	14.992
76.493	15.141
77.473	15.351
79.355	15.035
82.678	13.725
85.950	12.324
87.839	11.757
88.864	11.722
89.525	11.900
90.007	12.186
90.395	12.540
90.742	12.941
91.088	13.369
91.469	13.806
91.919	14.227
92.476	14.602
93.164	14.901
93.977	15.113
94.877	15.255
95.812	15.364
96.766	15.461
97.775	15.532
98.919	15.526
100.275	15.387
101.845	15.110
103.539	14.755
105.236	14.403
106.832	14.111
108.221	13.924
109.327	13.877
110.148	13.980
110.755	14.210
111.248	14.524
111.742	14.869
112.371	15.171
113.303	15.331
114.711	15.234
116.582	14.858
118.546	14.389
120.167	14.072
121.324	13.985
122.117	14.086
122.670	14.318
123.085	14.638
123.439	15.012
123.804	15.407
124.257	15.780
124.911	16.069
125.927	16.174
127.442	16.000
129.326	15.585
131.114	15.176
132.486	14.978
133.537	14.971
134.555	15.027
135.900	14.984
138.002	14.662
141.060	13.964
144.396	13.129
146.953	12.555
148.521	12.336
149.469	12.347
150.136	12.469
150.717	12.634
151.315	12.805
151.990	12.960
152.768	13.084
153.647	13.174
154.591	13.237
155.543	13.290
156.447	13.354
157.284	13.440
158.082	13.546
158.909	13.651
159.864	13.726
161.045	13.734
162.496	13.652
164.133	13.496
165.741	13.329
167.100	13.224
168.120	13.221
168.843	13.314
169.359	13.481
169.750	13.699
170.076	13.948
170.380	14.216
170.692	14.492
171.039	14.767
171.447	15.030
171.947	15.268
172.587	15.462
173.465	15.580
174.788	15.554
176.933	15.266
180.220	14.614
184.168	13.743
187.537	13.035
189.773	12.668
191.169	12.552
192.106	12.572
192.798	12.662
193.351	12.793
193.817	12.950
194.232	13.126
194.621	13.315
195.003	13.510
195.390	13.710
195.788	13.911
196.201	14.113
196.628	14.314
197.074	14.515
197.552	14.712
198.096	14.896
198.783	15.046
199.758	15.122
201.234	15.056
203.389	14.790
206.070	14.352
208.703	13.904
210.798	13.601
212.340	13.459
213.572	13.418
214.717	13.412
215.892	13.404
217.124	13.382
218.371	13.351
219.557	13.328
220.618	13.331
221.525	13.368
222.295	13.441
222.978	13.539
223.648	13.648
224.406	13.746
225.384	13.803
226.751	13.781
228.651	13.641
231.055	13.382
233.631	13.067
235.903	12.801
237.598	12.649
238.750	12.614
239.533	12.662
240.109	12.760
240.586	12.885
241.033	13.021
241.490	13.160
241.989	13.294
242.555	13.417
243.215	13.524
243.992	13.607
244.904	13.662
245.955	13.686
247.132	13.681
248.398	13.654
249.704	13.615
251.005	13.575
252.275	13.541
253.513	13.514
254.734	13.493
255.964	13.472
257.225	13.447
258.530	13.414
259.878	13.372
261.247	13.324
262.596	13.278
263.871	13.242
265.018	13.228
266.001	13.243
266.810	13.292
267.460	13.372
267.979	13.481
268.400	13.613
268.757	13.761
269.077	13.922
269.388	14.089
269.711	14.258
270.070	14.424
270.491	14.581
271.005	14.722
271.660	14.835
272.519	14.907
273.673	14.918
275.219	14.844
277.210	14.673
279.545	14.421
281.943	14.146
284.081	13.918
285.806	13.774
287.167	13.710
288.324	13.695
289.435	13.697
290.618	13.692
291.926	13.665
293.353	13.614
294.840	13.550
296.313	13.484
297.720	13.430
299.043	13.390
300.296	13.365
301.495	13.349
302.647	13.341
303.734	13.343
304.731	13.358
305.613	13.391
306.368	13.445
307.000	13.521
307.527	13.618
307.974	13.730
308.367	13.856
308.731	13.989
309.086	14.128
309.451	14.268
309.841	14.405
310.268	14.538
310.739	14.665
311.258	14.783
311.822	14.893
312.422	14.996
313.042	15.094
313.662	15.191
314.264	15.293
314.829	15.401
315.349	15.521
315.820	15.652
316.249	15.796
316.644	15.949
317.021	16.110
317.398	16.275
317.797	16.439
318.249	16.594
318.802	16.730
319.538	16.828
320.601	16.856
322.226	16.762
324.710	16.483
328.175	15.993
332.203	15.383
335.972	14.830
338.968	14.443
341.223	14.211
342.994	14.081
344.509	14.006
345.931	13.954
347.370	13.905
348.895	13.846
350.540	13.769
352.293	13.676
354.099	13.574
355.873	13.473
357.532	13.388
359.015	13.327
360.299	13.295
361.394	13.291
362.326	13.310
363.132	13.350
363.848	13.403
364.506	13.467
365.132	13.537
365.751	13.609
366.384	13.681
367.050	13.750
367.769	13.811
368.558	13.863
369.432	13.904
370.400	13.930
371.461	13.942
372.602	13.941
373.804	13.930
375.045	13.912
376.315	13.890
377.625	13.864
379.022	13.829
380.578	13.775
382.382	13.692
384.500	13.569
386.925	13.406
389.539	13.217
392.143	13.026
394.540	12.861
396.620	12.735
398.374	12.650
399.848	12.602
401.105	12.581
402.195	12.580
403.151	12.596
403.995	12.625
404.742	12.665
405.405	12.716
405.998	12.776
406.536	12.843
407.034	12.916
407.506	12.993
407.967	13.073
408.427	13.154
408.895	13.235
409.377	13.315
409.875	13.394
410.390	13.471
410.917	13.547
411.450	13.623
411.981	13.699
412.501	13.776
413.004	13.856
413.485	13.940
413.945	14.027
414.391	14.118
414.841	14.210
415.328	14.300
415.910	14.380
416.684	14.438
417.801	14.456
419.466	14.406
421.876	14.260
425.057	14.011
428.676	13.696
432.128	13.394
434.934	13.168
436.999	13.036
438.505	12.978
439.701	12.963
440.795	12.966
441.928	12.970
443.193	12.962
444.633	12.936
446.246	12.891
447.984	12.830
449.760	12.763
451.474	12.700
453.044	12.650
454.427	12.618
455.625	12.606
456.668	12.610
457.606	12.628
458.495	12.652
459.385	12.678
460.320	12.701
461.334	12.717
462.448	12.723
463.669	12.719
464.988	12.704
466.379	12.681
467.809	12.653
469.242	12.624
470.645	12.597
471.998	12.575
473.292	12.558
474.526	12.547
475.704	12.542
476.830	12.542
477.904	12.546
478.926	12.556
479.892	12.570
480.796	12.590
481.634	12.616
482.402	12.649
483.100	12.689
483.730	12.735
484.298	12.788
484.807	12.847
485.265	12.911
485.679	12.981
486.055	13.055
486.400	13.133
486.719	13.215
487.018	13.300
487.302	13.388
487.575	13.478
487.841	13.570
488.105	13.663
488.372	13.757
488.646	13.851
488.933	13.946
489.237	14.039
489.568	14.131
489.934	14.219
490.346	14.304
490.819	14.383
491.373	14.453
492.039	14.511
492.860	14.552
493.905	14.570
495.284	14.551
497.157	14.480
499.729	14.336
503.175	14.101
507.466	13.779
512.208	13.411
516.741	13.063
520.526	12.790
523.401	12.609
525.501	12.505
527.057	12.457
528.277	12.442
529.310	12.448
530.255	12.463
531.174	12.481
532.107	12.500
533.079	12.516
534.100	12.528
535.173	12.535
536.291	12.539
537.440	12.539
538.600	12.537
539.745	12.536
540.854	12.537
541.903	12.543
542.879	12.554
543.771	12.572
544.578	12.598
545.304	12.630
545.955	12.669
546.545	12.713
547.084	12.763
547.585	12.816
548.063	12.872
548.531	12.930
549.001	12.989
549.487	13.046
550.003	13.102
550.562	13.155
551.177	13.203
551.862	13.246
552.630	13.282
553.493	13.309
554.462	13.327
555.544	13.334
556.743	13.331
558.058	13.317
559.480	13.293
560.995	13.261
562.578	13.222
564.199	13.179
565.820	13.135
567.401	13.094
568.903	13.059
570.295	13.032
571.556	13.017
572.675	13.014
573.655	13.022
574.505	13.042
575.239	13.073
575.875	13.112
576.428	13.159
576.916	13.213
577.352	13.272
577.749	13.334
578.120	13.401
578.477	13.469
578.832	13.538
579.204	13.607
579.614	13.674
580.098	13.736
580.708	13.788
581.525	13.825
582.668	13.835
584.296	13.804
586.590	13.719
589.676	13.566
593.494	13.349
597.709	13.095
601.796	12.848
605.302	12.646
608.038	12.505
610.052	12.424
611.508	12.389
612.570	12.386
613.366	12.405
613.983	12.439
614.477	12.483
614.883	12.535
615.226	12.592
615.522	12.654
615.781	12.719
616.015	12.787
616.228	12.857
616.429	12.929
616.621	13.002
616.810	13.077
617.001	13.152
617.198	13.227
617.408	13.303
617.634	13.378
617.886	13.451
618.172	13.523
618.503	13.592
618.892	13.656
619.356	13.716
619.916	13.767
620.595	13.810
621.417	13.840
622.409	13.856
623.587	13.856
624.956	13.839
626.504	13.806
628.195	13.759
629.973	13.704
631.774	13.645
633.539	13.589
635.225	13.539
636.810	13.498
638.292	13.466
639.683	13.442
640.998	13.424
642.253	13.412
643.460	13.404
644.633	13.399
645.782	13.397
646.924	13.395
648.078	13.393
649.274	13.389
650.552	13.380
651.958	13.362
653.542	13.331
655.351	13.285
657.410	13.220
659.709	13.138
662.190	13.041
664.747	12.938
667.250	12.837
669.580	12.748
671.651	12.677
673.427	12.626
674.914	12.595
676.147	12.583
677.167	12.587
678.019	12.602
678.743	12.627
679.370	12.660
679.924	12.698
680.426	12.740
680.890	12.786
681.325	12.833
681.740	12.883
682.140	12.934
682.528	12.986
682.907	13.040
683.278	13.094
683.640	13.149
683.994	13.205
684.339	13.262
684.674	13.321
684.999	13.380
685.312	13.441
685.613	13.503
685.902	13.566
686.180	13.631
686.447	13.697
686.704	13.765
686.953	13.833
687.196	13.903
687.437	13.974
687.681	14.045
687.934	14.116
688.203	14.187
688.501	14.256
688.846	14.322
689.264	14.383
689.797	14.437
690.507	14.477
691.491	14.496
692.890	14.484
694.890	14.426
697.687	14.306
701.391	14.116
705.876	13.864
710.706	13.584
715.290	13.320
719.176	13.108
722.221	12.960
724.519	12.867
726.258	12.817
727.614	12.795
728.718	12.793
729.660	12.802
730.495	12.819
731.257	12.842
731.969	12.868
732.644	12.898
733.293	12.929
733.924	12.961
734.543	12.995
735.160	13.029
735.780	13.063
736.411	13.096
737.060	13.129
737.736	13.160
738.445	13.189
739.192	13.216
739.982	13.240
740.817	13.261
741.696	13.278
742.617	13.293
743.572	13.306
744.554	13.316
745.553	13.325
746.559	13.333
747.562	13.341
748.555	13.349
749.532	13.359
750.491	13.370
751.431	13.382
752.355	13.395
753.264	13.409
754.161	13.424
755.047	13.440
755.923	13.457
756.789	13.474
757.640	13.492
758.476	13.512
759.290	13.532
760.081	13.554
760.846	13.578
761.584	13.604
762.300	13.632
762.998	13.661
763.689	13.691
764.386	13.721
765.107	13.749
765.877	13.775
766.724	13.797
767.683	13.811
768.797	13.815
770.108	13.806
771.656	13.781
773.469	13.739
775.544	13.678
777.838	13.602
780.268	13.515
782.712	13.426
785.043	13.343
787.160	13.273
789.002	13.221
790.549	13.188
791.821	13.173
792.853	13.174
793.690	13.188
794.373	13.213
794.938	13.246
795.416	13.286
795.831	13.330
796.200	13.378
796.539	13.428
796.857	13.480
797.164	13.533
797.468	13.587
797.774	13.642
798.089	13.696
798.417	13.749
798.766	13.802
799.140	13.854
799.547	13.903
799.995	13.951
800.490	13.995
801.043	14.036
801.664	14.072
802.365	14.103
803.158	14.128
804.055	14.145
805.073	14.154
806.225	14.155
807.530	14.144
809.007	14.122
810.679	14.087
812.571	14.038
814.711	13.973
817.123	13.891
819.819	13.791
822.784	13.675
825.969	13.546
829.287	13.410
832.625	13.274
835.863	13.144
838.905	13.027
841.692	12.927
844.206	12.844
846.459	12.777
848.485	12.724
850.329	12.682
852.038	12.649
853.658	12.622
855.233	12.599
856.803	12.576
858.403	12.553
860.063	12.527
861.800	12.498
863.622	12.465
865.522	12.427
867.476	12.387
869.449	12.346
871.393	12.305
873.263	12.267
875.014	12.235
876.615	12.210
878.047	12.193
879.306	12.185
880.400	12.185
881.340	12.192
882.146	12.206
882.838	12.227
883.434	12.252
883.952	12.281
884.408	12.314
884.815	12.350
885.184	12.388
885.526	12.427
885.848	12.468
886.157	12.510
886.459	12.553
886.760	12.596
887.065	12.639
887.377	12.682
887.701	12.725
888.041	12.767
888.401	12.808
888.785	12.849
889.195	12.888
889.637	12.926
890.110	12.962
890.619	12.997
891.165	13.029
891.749	13.060
892.368	13.089
893.024	13.115
893.712	13.140
894.428	13.164
895.167	13.186
895.923	13.207
896.690	13.227
897.459	13.247
898.227	13.267
898.987	13.287
899.735	13.308
900.468	13.330
901.186	13.353
901.889	13.376
902.579	13.401
903.261	13.426
903.940	13.451
904.622	13.477
905.315	13.502
906.030	13.526
906.777	13.548
907.572	13.568
908.429	13.585
909.368	13.597
910.411	13.604
911.584	13.603
912.914	13.594
914.430	13.575
916.161	13.545
918.134	13.501
920.373	13.443
922.900	13.371
925.741	13.282
928.923	13.178
932.481	13.057
936.438	12.919
940.784	12.765
945.436	12.599
950.227	12.428
954.920	12.262
959.264	12.113
963.073	11.989
966.257	11.893
968.827	11.825
970.853	11.781
972.436	11.757
973.678	11.749
974.665	11.753
975.467	11.765
976.137	11.783
976.713	11.806
977.223	11.831
977.685	11.859
978.113	11.889
978.516	11.920
978.900	11.952
979.270	11.985
979.627	12.018
979.975	12.052
980.314	12.087
980.644	12.122
980.968	12.157
981.285	12.193
981.596	12.230
981.900	12.267
982.200	12.304
982.495	12.342
982.786	12.380
983.074	12.418
983.361	12.457
983.648	12.496
983.937	12.535
984.230	12.574
984.531	12.613
984.844	12.651
985.173	12.690
985.524	12.727
985.906	12.763
986.330	12.798
986.808	12.831
987.356	12.860
987.996	12.886
988.749	12.906
989.645	12.921
990.715	12.927
991.985	12.924
993.481	12.911
995.214	12.886
997.173	12.851
999.326	12.806
1001.609	12.754
1003.934	12.699
1006.215	12.645
1008.361	12.597
1010.308	12.557
1012.024	12.527
1013.498	12.508
1014.744	12.500
1015.788	12.502
1016.662	12.511
1017.400	12.527
1018.032	12.548
1018.584	12.573
1019.081	12.601
1019.540	12.631
1019.979	12.662
1020.414	12.694
1020.857	12.726
1021.323	12.757
1021.827	12.787
1022.386	12.814
1023.020	12.839
1023.752	12.859
1024.611	12.875
1025.629	12.883
1026.841	12.883
1028.287	12.873
1029.999	12.851
1032.000	12.816
1034.295	12.769
1036.848	12.709
1039.602	12.640
1042.459	12.566
1045.301	12.492
1048.018	12.423
1050.518	12.362
1052.746	12.313
1054.679	12.276
1056.325	12.251
1057.711	12.238
1058.875	12.234
1059.854	12.238
1060.685	12.249
1061.400	12.265
1062.026	12.285
1062.585	12.308
1063.094	12.334
1063.571	12.361
1064.024	12.389
1064.465	12.418
1064.901	12.448
1065.340	12.477
1065.786	12.507
1066.245	12.536
1066.720	12.564
1067.215	12.592
1067.730	12.619
1068.271	12.645
1068.833	12.671
1069.422	12.695
1070.034	12.718
1070.667	12.740
1071.322	12.761
1071.995	12.782
1072.683	12.802
1073.385	12.821
1074.096	12.840
1074.815	12.858
1075.540	12.876
1076.270	12.894
1077.005	12.912
1077.746	12.930
1078.498	12.947
1079.260	12.964
1080.043	12.979
1080.851	12.994
1081.693	13.008
1082.579	13.020
1083.521	13.029
1084.532	13.036
1085.623	13.039
1086.809	13.038
1088.101	13.033
1089.505	13.023
1091.028	13.007
1092.663	12.986
1094.402	12.961
1096.223	12.932
1098.097	12.900
1099.989	12.868
1101.861	12.835
1103.675	12.805
1105.399	12.779
1107.009	12.757
1108.491	12.740
1109.836	12.729
1111.050	12.724
1112.138	12.724
1113.114	12.729
1113.992	12.739
1114.787	12.752
1115.514	12.768
1116.187	12.787
1116.822	12.808
1117.427	12.830
1118.015	12.853
1118.596	12.876
1119.178	12.900
1119.768	12.923
1120.373	12.946
1121.000	12.968
1121.651	12.989
1122.334	13.009
1123.050	13.028
1123.803	13.045
1124.595	13.060
1125.429	13.073
1126.308	13.085
1127.233	13.095
1128.209	13.102
1129.240	13.107
1130.330	13.110
1131.488	13.110
1132.720	13.107
1134.035	13.100
1135.438	13.089
1136.938	13.075
1138.533	13.056
1140.223	13.034
1141.995	13.008
1143.831	12.979
1145.706	12.948
1147.587	12.916
1149.443	12.886
1151.238	12.857
1152.943	12.832
1154.537	12.812
1156.004	12.796
1157.339	12.786
1158.542	12.782
1159.618	12.782
1160.578	12.788
1161.433	12.798
1162.196	12.812
1162.880	12.829
1163.494	12.849
1164.053	12.872
1164.563	12.897
1165.036	12.923
1165.477	12.951
1165.896	12.981
1166.300	13.011
1166.695	13.041
1167.089	13.072
1167.490	13.103
1167.907	13.133
1168.348	13.163
1168.824	13.191
1169.346	13.218
1169.929	13.243
1170.585	13.264
1171.330	13.282
1172.180	13.295
1173.149	13.304
1174.250	13.307
1175.489	13.304
1176.867	13.296
1178.373	13.281
1179.989	13.261
1181.679	13.238
1183.409	13.213
1185.130	13.187
1186.802	13.163
1188.384	13.143
1189.852	13.127
1191.187	13.116
1192.385	13.111
1193.450	13.112
1194.393	13.118
1195.229	13.129
1195.977	13.143
1196.656	13.161
1197.284	13.181
1197.886	13.203
1198.481	13.225
1199.094	13.247
1199.752	13.268
1200.490	13.286
1201.349	13.299
1202.381	13.306
1203.649	13.304
1205.225	13.290
1207.187	13.261
1209.603	13.215
1212.514	13.149
1215.903	13.064
1219.679	12.963
1223.672	12.853
1227.666	12.742
1231.445	12.639
1234.848	12.550
1237.792	12.478
1240.268	12.425
1242.318	12.387
1244.006	12.364
1245.408	12.351
1246.584	12.348
1247.590	12.351
1248.465	12.359
1249.240	12.370
1249.937	12.385
1250.572	12.403
1251.156	12.422
1251.697	12.443
1252.201	12.465
1252.672	12.488
1253.113	12.513
1253.527	12.539
1253.918	12.566
1254.285	12.593
1254.632	12.622
1254.959	12.651
1255.270	12.681
1255.564	12.712
1255.843	12.744
1256.109	12.776
1256.362	12.809
1256.604	12.842
1256.837	12.876
1257.060	12.911
1257.276	12.946
1257.484	12.981
1257.687	13.017
1257.884	13.053
1258.079	13.089
1258.271	13.126
1258.464	13.163
1258.659	13.200
1258.859	13.237
1259.070	13.274
1259.298	13.310
1259.556	13.346
1259.858	13.380
1260.231	13.412
1260.715	13.440
1261.372	13.462
1262.296	13.475
1263.628	13.474
1265.566	13.451
1268.363	13.396
1272.290	13.302
1277.523	13.159
1283.993	12.971
1291.236	12.753
1298.494	12.532
1304.989	12.338
1310.267	12.185
1314.245	12.080
1317.111	12.013
1319.136	11.978
1320.580	11.963
1321.638	11.962
1322.451	11.970
1323.109	11.984
1323.672	12.002
1324.175	12.022
1324.645	12.043
1325.094	12.065
1325.532	12.087
1325.965	12.110
1326.398	12.133
1326.833	12.156
1327.272	12.179
1327.716	12.201
1328.168	12.224
1328.626	12.246
1329.094	12.269
1329.569	12.291
1330.055	12.312
1330.551	12.334
1331.058	12.355
1331.577	12.376
1332.107	12.396
1332.652	12.416
1333.209	12.436
1333.783	12.455
1334.370	12.474
1334.974	12.492
1335.595	12.510
1336.234	12.527
1336.891	12.544
1337.566	12.560
1338.261	12.575
1338.976	12.590
1339.711	12.604
1340.467	12.617
1341.243	12.630
1342.041	12.642
1342.860	12.653
1343.701	12.664
1344.565	12.673
1345.451	12.682
1346.361	12.690
1347.294	12.698
1348.251	12.704
1349.232	12.710
1350.240	12.715
1351.271	12.719
1352.330	12.722
1353.413	12.724
1354.524	12.725
1355.661	12.726
1356.825	12.725
1358.018	12.724
1359.241	12.721
1360.495	12.718
1361.785	12.713
1363.112	12.707
1364.480	12.700
1365.895	12.691
1367.358	12.681
1368.874	12.669
1370.442	12.655
1372.066	12.640
1373.736	12.622
1375.451	12.604
1377.198	12.584
1378.965	12.564
1380.736	12.543
1382.496	12.523
1384.228	12.503
1385.916	12.485
1387.547	12.469
1389.111	12.455
1390.603	12.443
1392.017	12.433
1393.354	12.426
1394.615	12.421
1395.804	12.419
1396.925	12.419
1397.984	12.421
1398.984	12.425
1399.931	12.431
1400.830	12.438
1401.684	12.447
1402.497	12.457
1403.271	12.468
1404.010	12.480
1404.714	12.494
1405.387	12.509
1406.030	12.524
1406.645	12.541
1407.234	12.558
1407.798	12.577
1408.339	12.596
1408.859	12.615
1409.360	12.636
1409.842	12.657
1410.309	12.679
1410.761	12.701
1411.200	12.724
1411.627	12.747
1412.044	12.771
1412.452	12.795
1412.852	12.820
1413.246	12.844
1413.635	12.869
1414.020	12.894
1414.402	12.920
1414.783	12.945
1415.164	12.971
1415.546	12.997
1415.931	13.022
1416.321	13.048
1416.718	13.073
1417.124	13.098
1417.541	13.123
1417.974	13.148
1418.425	13.172
1418.900	13.195
1419.404	13.217
1419.943	13.239
1420.527	13.259
1421.166	13.277
1421.872	13.293
1422.662	13.306
1423.556	13.315
1424.578	13.321
1425.753	13.321
1427.115	13.315
1428.695	13.302
1430.524	13.280
1432.625	13.249
1435.002	13.209
1437.647	13.159
1440.513	13.102
1443.534	13.039
1446.606	12.974
1449.636	12.910
1452.515	12.851
1455.171	12.798
1457.552	12.755
1459.635	12.721
1461.432	12.697
1462.959	12.682
1464.253	12.675
1465.346	12.674
1466.275	12.679
1467.071	12.688
1467.760	12.701
1468.366	12.717
1468.906	12.735
1469.396	12.755
1469.847	12.777
1470.268	12.799
1470.667	12.823
1471.050	12.847
1471.423	12.871
1471.787	12.896
1472.148	12.921
1472.508	12.946
1472.870	12.972
1473.236	12.997
1473.608	13.022
1473.988	13.047
1474.378	13.072
1474.780	13.096
1475.196	13.120
1475.627	13.144
1476.074	13.167
1476.540	13.189
1477.026	13.211
1477.531	13.233
1478.058	13.253
1478.607	13.273
1479.178	13.292
1479.771	13.311
1480.387	13.329
1481.024	13.346
1481.682	13.362
1482.361	13.378
1483.060	13.393
1483.779	13.407
1484.518	13.420
1485.277	13.433
1486.058	13.446
1486.862	13.457
1487.696	13.467
1488.562	13.477
1489.469	13.485
1490.425	13.491
1491.441	13.496
1492.529	13.498
1493.700	13.497
1494.972	13.493
1496.351	13.485
1497.851	13.474
1499.474	13.458
1501.214	13.438
1503.068	13.414
1505.005	13.387
1507.001	13.357
1509.014	13.327
1511.005	13.297
1512.932	13.270
1514.759	13.245
1516.460	13.224
1518.016	13.208
1519.418	13.197
1520.670	13.192
1521.776	13.191
1522.752	13.194
1523.611	13.202
1524.371	13.213
1525.048	13.227
1525.657	13.243
1526.214	13.261
1526.733	13.281
1527.226	13.302
1527.705	13.323
1528.183	13.345
1528.671	13.366
1529.181	13.387
1529.727	13.407
1530.322	13.426
1530.983	13.442
1531.726	13.456
1532.569	13.467
1533.531	13.474
1534.631	13.476
1535.886	13.473
1537.307	13.465
1538.899	13.451
1540.658	13.432
1542.561	13.407
1544.585	13.378
1546.677	13.347
1548.791	13.314
1550.870	13.282
1552.860	13.252
1554.727	13.227
1556.434	13.206
1557.972	13.191
1559.335	13.182
1560.533	13.177
1561.581	13.178
1562.496	13.184
1563.300	13.193
1564.012	13.205
1564.651	13.220
1565.234	13.237
1565.775	13.256
1566.287	13.275
1566.780	13.295
1567.263	13.316
1567.744	13.337
1568.227	13.358
1568.719	13.379
1569.222	13.399
1569.739	13.419
1570.273	13.439
1570.823	13.458
1571.392	13.476
1571.977	13.494
1572.580	13.512
1573.196	13.529
1573.825	13.545
1574.463	13.562
1575.108	13.578
1575.754	13.593
1576.400	13.609
1577.040	13.625
1577.671	13.642
1578.291	13.658
1578.894	13.676
1579.479	13.694
1580.044	13.712
1580.586	13.731
1581.104	13.752
1581.598	13.773
1582.067	13.795
1582.512	13.818
1582.933	13.841
1583.331	13.866
1583.708	13.891
1584.065	13.918
1584.403	13.945
1584.725	13.972
1585.031	14.001
1585.324	14.030
1585.605	14.059
1585.876	14.089
1586.139	14.120
1586.395	14.150
1586.646	14.181
1586.892	14.213
1587.136	14.244
1587.379	14.276
1587.621	14.308
1587.864	14.340
1588.109	14.372
1588.358	14.404
1588.610	14.436
1588.868	14.468
1589.133	14.500
1589.406	14.531
1589.688	14.563
1589.980	14.594
1590.288	14.624
1590.611	14.655
1590.955	14.684
1591.325	14.713
1591.725	14.741
1592.166	14.767
1592.659	14.791
1593.218	14.813
1593.867	14.832
1594.632	14.847
1595.551	14.856
1596.675	14.858
1598.065	14.850
1599.800	14.829
1601.966	14.793
1604.653	14.737
1607.933	14.661
1611.834	14.561
1616.317	14.441
1621.260	14.306
1626.477	14.161
1631.763	14.015
1636.944	13.874
1641.911	13.743
1646.629	13.623
1651.099	13.513
1655.342	13.413
1659.366	13.321
1663.156	13.237
1666.685	13.162
1669.917	13.097
1672.822	13.041
1675.388	12.996
1677.617	12.961
1679.529	12.935
1681.157	12.919
1682.537	12.909
1683.710	12.906
1684.710	12.908
1685.572	12.915
1686.324	12.925
1686.989	12.937
1687.586	12.952
1688.131	12.968
1688.634	12.986
1689.107	13.004
1689.556	13.024
1689.985	13.044
1690.402	13.064
1690.807	13.085
1691.204	13.106
1691.595	13.128
1691.982	13.150
1692.365	13.171
1692.747	13.193
1693.127	13.216
1693.508	13.238
1693.888	13.260
1694.269	13.282
1694.651	13.304
1695.032	13.327
1695.417	13.349
1695.802	13.371
1696.188	13.394
1696.574	13.416
1696.963	13.438
1697.352	13.461
1697.740	13.483
1698.130	13.506
1698.520	13.528
1698.910	13.551
1699.301	13.574
1699.693	13.596
1700.088	13.619
1700.488	13.642
1700.896	13.664
1701.321	13.686
1701.770	13.708
1702.260	13.728
1702.819	13.747
1703.487	13.762
1704.330	13.773
1705.454	13.777
1707.015	13.769
1709.245	13.742
1712.453	13.688
1717.006	13.598
1723.207	13.461
1731.116	13.277
1740.312	13.056
1749.883	12.824
1758.747	12.609
1766.114	12.435
1771.714	12.308
1775.706	12.226
1778.443	12.178
1780.285	12.154
1781.530	12.148
1782.387	12.152
1782.998	12.163
1783.455	12.178
1783.814	12.197
1784.112	12.217
1784.371	12.238
1784.606	12.259
1784.823	12.282
1785.030	12.305
1785.230	12.328
1785.423	12.351
1785.614	12.374
1785.801	12.398
1785.987	12.422
1786.170	12.446
1786.352	12.469
1786.533	12.494
1786.713	12.518
1786.892	12.542
1787.070	12.566
1787.248	12.591
1787.425	12.615
1787.602	12.640
1787.778	12.665
1787.954	12.690
1788.130	12.714
1788.305	12.739
1788.481	12.765
1788.657	12.790
1788.835	12.815
1789.013	12.840
1789.194	12.865
1789.377	12.891
1789.563	12.916
1789.754	12.941
1789.950	12.967
1790.154	12.992
1790.368	13.017
1790.595	13.042
1790.838	13.066
1791.100	13.090
1791.389	13.113
1791.712	13.136
1792.078	13.158
1792.499	13.178
1792.990	13.196
1793.573	13.213
1794.271	13.226
1795.117	13.235
1796.150	13.240
1797.417	13.239
1798.972	13.230
1800.871	13.212
1803.167	13.184
1805.905	13.144
1809.099	13.092
1812.715	13.029
1816.688	12.956
1820.886	12.877
1825.138	12.796
1829.284	12.718
1833.167	12.646
1836.678	12.583
1839.768	12.531
1842.425	12.490
1844.679	12.460
1846.577	12.439
1848.173	12.426
1849.522	12.419
1850.672	12.417
1851.665	12.419
1852.536	12.425
1853.312	12.433
1854.013	12.443
1854.659	12.454
1855.260	12.467
1855.827	12.481
1856.371	12.495
1856.897	12.510
1857.410	12.525
1857.917	12.540
1858.420	12.556
1858.924	12.571
1859.432	12.587
1859.949	12.602
1860.476	12.617
1861.018	12.632
1861.577	12.647
1862.157	12.661
1862.761	12.674
1863.394	12.687
1864.057	12.699
1864.756	12.710
1865.492	12.721
1866.270	12.730
1867.092	12.738
1867.961	12.745
1868.878	12.751
1869.846	12.756
1870.862	12.760
1871.928	12.762
1873.040	12.763
1874.194	12.763
1875.387	12.762
1876.611	12.760
1877.860	12.757
1879.126	12.754
1880.401	12.751
1881.676	12.747
1882.947	12.744
1884.206	12.741
1885.449	12.738
1886.675	12.736
1887.884	12.734
1889.079	12.732
1890.266	12.731
1891.454	12.730
1892.655	12.729
1893.883	12.727
1895.156	12.724
1896.492	12.720
1897.915	12.714
1899.446	12.705
1901.104	12.694
1902.911	12.679
1904.882	12.660
1907.016	12.638
1909.317	12.612
1911.763	12.582
1914.324	12.549
1916.960	12.515
1919.615	12.479
1922.234	12.445
1924.763	12.412
1927.154	12.382
1929.367	12.356
1931.381	12.335
1933.184	12.318
1934.776	12.306
1936.166	12.299
1937.371	12.296
1938.409	12.298
1939.301	12.302
1940.066	12.310
1940.723	12.320
1941.291	12.332
1941.783	12.346
1942.212	12.362
1942.590	12.379
1942.925	12.397
1943.226	12.416
1943.498	12.435
1943.747	12.456
1943.977	12.476
1944.191	12.498
1944.392	12.519
1944.584	12.541
1944.766	12.564
1944.943	12.586
1945.114	12.609
1945.280	12.631
1945.443	12.654
1945.603	12.678
1945.762	12.701
1945.919	12.724
1946.075	12.748
1946.230	12.771
1946.386	12.795
1946.541	12.819
1946.697	12.842
1946.854	12.866
1947.010	12.890
1947.169	12.914
1947.328	12.938
1947.488	12.962
1947.649	12.986
1947.812	13.010
1947.977	13.034
1948.142	13.059
1948.310	13.083
1948.479	13.107
1948.650	13.132
1948.822	13.156
1948.996	13.180
1949.172	13.205
1949.350	13.229
1949.530	13.254
1949.711	13.278
1949.895	13.303
1950.080	13.327
1950.267	13.352
1950.457	13.376
1950.648	13.401
1950.842	13.425
1951.038	13.450
1951.237	13.475
1951.438	13.499
1951.642	13.524
1951.850	13.549
1952.061	13.573
1952.276	13.598
1952.495	13.622
1952.719	13.647
1952.948	13.671
1953.183	13.696
1953.426	13.720
1953.676	13.744
1953.936	13.768
1954.206	13.791
1954.488	13.815
1954.785	13.838
1955.097	13.861
1955.428	13.883
1955.781	13.905
1956.160	13.926
1956.567	13.946
1957.008	13.966
1957.490	13.984
1958.015	14.001
1958.593	14.017
1959.234	14.032
1959.943	14.044
1960.733	14.054
1961.617	14.061
1962.609	14.066
1963.721	14.067
1964.976	14.064
1966.393	14.057
1967.991	14.045
1969.802	14.027
1971.856	14.002
1974.184	13.970
1976.827	13.930
1979.830	13.880
1983.229	13.821
1987.066	13.750
1991.369	13.668
1996.133	13.575
2001.329	13.472
2006.877	13.361
2012.655	13.245
2018.503	13.128
2024.257	13.015
2029.753	12.909
2034.867	12.812
2039.529	12.728
2043.706	12.655
2047.398	12.594
2050.640	12.544
2053.489	12.504
2055.985	12.472
2058.181	12.447
2060.135	12.428
2061.879	12.413
2063.450	12.403
2064.889	12.396
2066.213	12.391
2067.445	12.389
2068.611	12.388
2069.723	12.388
2070.796	12.389
2071.845	12.391
2072.883	12.393
2073.921	12.396
2074.972	12.398
2076.048	12.400
2077.157	12.401
2078.312	12.401
2079.528	12.400
2080.808	12.398
2082.164	12.394
2083.605	12.389
2085.134	12.381
2086.751	12.372
2088.460	12.361
2090.250	12.348
2092.114	12.334
2094.036	12.318
2096.001	12.301
2097.983	12.284
2099.960	12.267
2101.909	12.251
2103.807	12.235
2105.634	12.220
2107.372	12.208
2109.008	12.197
2110.534	12.189
2111.945	12.183
2113.240	12.179
2114.422	12.177
2115.496	12.178
2116.468	12.181
2117.344	12.186
2118.132	12.192
2118.846	12.201
2119.488	12.210
2120.065	12.221
2120.589	12.234
2121.064	12.247
2121.494	12.261
2121.885	12.276
2122.247	12.292
2122.577	12.309
2122.880	12.326
2123.163	12.343
2123.427	12.361
2123.670	12.380
2123.902	12.399
2124.120	12.418
2124.325	12.437
2124.521	12.457
2124.709	12.477
2124.889	12.497
2125.063	12.518
2125.232	12.538
2125.396	12.559
2125.555	12.580
2125.713	12.601
2125.868	12.622
2126.021	12.643
2126.173	12.665
2126.324	12.686
2126.475	12.708
2126.626	12.729
2126.778	12.751
2126.931	12.772
2127.085	12.794
2127.242	12.816
2127.401	12.837
2127.562	12.859
2127.727	12.881
2127.894	12.902
2128.066	12.924
2128.241	12.946
2128.421	12.967
2128.605	12.989
2128.795	13.010
2128.989	13.032
2129.189	13.053
2129.395	13.075
2129.607	13.096
2129.825	13.117
2130.050	13.138
2130.281	13.159
2130.520	13.180
2130.765	13.201
2131.018	13.221
2131.278	13.242
2131.546	13.262
2131.821	13.282
2132.104	13.302
2132.395	13.322
2132.692	13.342
2132.998	13.362
2133.311	13.381
2133.631	13.401
2133.958	13.420
2134.291	13.439
2134.631	13.458
2134.978	13.477
2135.330	13.496
2135.687	13.515
2136.050	13.534
2136.417	13.552
2136.788	13.571
2137.164	13.589
2137.542	13.608
2137.923	13.626
2138.306	13.644
2138.692	13.663
2139.079	13.681
2139.467	13.699
2139.857	13.718
2140.248	13.736
2140.641	13.754
2141.034	13.773
2141.430	13.791
2141.828	13.809
2142.230	13.828
2142.637	13.846
2143.051	13.864
2143.475	13.882
2143.912	13.899
2144.367	13.917
2144.848	13.933
2145.362	13.949
2145.922	13.964
2146.543	13.977
2147.246	13.989
2148.059	13.998
2149.017	14.003
2150.165	14.004
2151.561	13.999
2153.274	13.986
2155.383	13.964
2157.972	13.930
2161.116	13.883
2164.859	13.821
2169.206	13.745
2174.082	13.656
2179.337	13.557
2184.758	13.455
2190.115	13.354
2195.185	13.259
2199.814	13.175
2203.928	13.104
2207.521	13.045
2210.624	12.998
2213.305	12.961
2215.648	12.933
2217.710	12.911
2219.554	12.894
2221.235	12.881
2222.787	12.871
2224.241	12.864
2225.622	12.858
2226.950	12.854
2228.239	12.850
2229.500	12.847
2230.748	12.845
2231.991	12.843
2233.236	12.840
2234.494	12.838
2235.770	12.835
2237.065	12.832
2238.387	12.828
2239.736	12.824
2241.110	12.819
2242.505	12.814
2243.918	12.808
2245.343	12.802
2246.766	12.796
2248.181	12.790
2249.578	12.784
2250.947	12.779
2252.272	12.775
2253.545	12.772
2254.768	12.769
2255.924	12.769
2257.008	12.769
2258.023	12.771
2258.970	12.774
2259.843	12.779
2260.646	12.786
2261.387	12.793
2262.066	12.803
2262.686	12.813
2263.255	12.824
2263.780	12.837
2264.260	12.850
2264.703	12.864
2265.116	12.879
2265.500	12.895
2265.861	12.911
2266.204	12.927
