<j>	var(j)
1.246	0.387
3.002	0.921
4.179	0.875
5.196	0.705
6.054	0.711
7.215	1.332
8.585	0.975
9.532	1.532
11.137	2.247
12.467	1.536
13.346	1.420
14.237	1.855
15.522	2.821
17.083	2.218
18.031	1.476
18.729	1.284
19.440	1.445
20.367	1.813
21.486	1.844
22.550	1.870
23.598	1.727
24.543	1.681
25.496	1.971
26.692	3.106
28.339	3.566
29.759	2.826
30.782	2.091
31.548	1.697
32.242	1.605
32.951	1.500
33.668	1.754
34.659	3.159
36.382	4.929
38.246	3.751
39.354	2.254
40.058	1.820
40.693	1.646
41.311	1.533
41.954	1.802
42.828	3.072
44.396	6.558
47.021	9.179
49.278	5.271
50.306	2.556
50.847	2.083
51.368	2.686
52.136	4.268
53.392	6.135
54.975	5.628
56.180	3.194
56.831	1.790
57.242	1.473
57.644	1.710
58.184	2.470
59.043	3.985
60.413	5.858
62.128	5.995
63.566	4.223
64.501	2.795
65.151	2.202
65.716	2.118
66.315	2.367
67.037	2.875
67.946	3.613
69.090	4.820
70.581	6.850
72.480	8.304
74.343	6.766
75.630	4.489
76.493	4.392
77.473	7.979
79.355	17.198
82.678	24.597
85.950	17.998
87.839	10.212
88.864	6.416
89.525	4.486
90.007	3.402
90.395	2.836
90.742	2.622
91.088	2.673
91.469	2.953
91.919	3.441
92.476	4.087
93.164	4.760
93.977	5.266
94.877	5.497
95.812	5.583
96.766	5.832
97.775	6.550
98.919	7.879
100.275	9.604
101.845	11.156
103.539	12.081
105.236	12.203
106.832	11.306
108.221	9.409
109.327	7.104
110.148	5.143
110.755	3.951
111.248	3.634
111.742	4.248
112.371	5.998
113.303	9.142
114.711	13.166
116.582	15.679
118.546	14.469
120.167	10.951
121.324	7.573
122.117	5.169
122.670	3.688
123.085	2.935
123.439	2.768
123.804	3.159
124.257	4.260
124.911	6.416
125.927	9.863
127.442	13.573
129.326	14.666
131.114	12.250
132.486	9.408
133.537	8.627
134.555	10.840
135.900	17.228
138.002	28.217
141.060	37.490
144.396	34.457
146.953	23.237
148.521	14.266
149.469	9.732
150.136	8.081
150.717	7.982
151.315	8.719
151.990	9.871
152.768	11.069
153.647	11.917
154.591	12.093
155.543	11.562
156.447	10.673
157.284	10.002
158.082	10.102
158.909	11.369
159.864	13.943
161.045	17.444
162.496	20.577
164.133	21.423
165.741	19.087
167.100	14.794
168.120	10.531
168.843	7.366
169.359	5.379
169.750	4.279
170.076	3.778
170.380	3.684
170.692	3.897
171.039	4.380
171.447	5.161
171.947	6.384
172.587	8.468
173.465	12.482
174.788	20.594
176.933	34.913
180.220	50.538
184.168	52.486
187.537	39.391
189.773	25.677
191.169	17.207
192.106	12.507
192.798	9.741
193.351	8.003
193.817	6.912
194.232	6.273
194.621	5.951
195.003	5.836
195.390	5.836
195.788	5.881
196.201	5.938
196.628	6.026
197.074	6.252
197.552	6.857
198.096	8.303
198.783	11.380
199.758	17.173
201.234	26.217
203.389	36.000
206.070	39.969
208.703	35.040
210.798	26.918
212.340	21.471
213.572	19.643
214.717	20.068
215.892	21.205
217.124	21.825
218.371	21.192
219.557	19.253
220.618	16.586
221.525	14.006
222.295	12.192
222.978	11.607
223.648	12.662
224.406	15.911
225.384	22.063
226.751	31.382
228.651	42.075
231.055	49.016
233.631	47.046
235.903	37.360
237.598	26.156
238.750	17.743
239.533	12.749
240.109	10.239
240.586	9.250
241.033	9.185
241.490	9.748
241.989	10.823
242.555	12.375
243.215	14.383
243.992	16.775
244.904	19.371
245.955	21.859
247.132	23.845
248.398	25.021
249.704	25.338
251.005	25.064
252.275	24.637
253.513	24.455
254.734	24.736
255.964	25.502
257.225	26.615
258.530	27.808
259.878	28.681
261.247	28.765
262.596	27.669
263.871	25.293
265.018	21.929
266.001	18.141
266.810	14.515
267.460	11.452
267.979	9.119
268.400	7.513
268.757	6.547
269.077	6.118
269.388	6.152
269.711	6.611
270.070	7.514
270.491	8.955
271.005	11.126
271.660	14.369
272.519	19.172
273.673	25.988
275.219	34.587
277.210	42.989
279.545	47.438
281.943	45.299
284.081	38.278
285.806	30.784
287.167	25.958
288.324	24.535
289.435	25.845
290.618	28.699
291.926	31.761
293.353	33.838
294.840	34.305
296.313	33.363
297.720	31.786
299.043	30.306
300.296	29.180
301.495	28.167
302.647	26.806
303.734	24.762
304.731	22.019
305.613	18.871
306.368	15.740
307.000	12.989
307.527	10.824
307.974	9.302
308.367	8.377
308.731	7.965
309.086	7.972
309.451	8.309
309.841	8.899
310.268	9.657
310.739	10.489
311.258	11.280
311.822	11.905
312.422	12.241
313.042	12.205
313.662	11.777
314.264	11.017
314.829	10.045
315.349	9.010
315.820	8.052
316.249	7.279
316.645	6.767
317.022	6.577
317.401	6.790
317.805	7.573
318.274	9.323
318.875	12.991
319.749	20.826
321.190	37.736
323.779	71.622
328.299	123.956
334.853	168.264
341.969	173.767
348.075	154.110
352.872	129.732
356.596	105.038
359.443	81.666
361.573	61.942
363.154	46.918
364.342	36.187
365.258	28.759
365.991	23.672
366.601	20.207
367.129	17.878
367.602	16.362
368.042	15.435
368.463	14.939
368.877	14.754
369.293	14.779
369.715	14.926
370.147	15.119
370.591	15.287
371.045	15.373
371.507	15.330
371.973	15.127
372.437	14.755
372.895	14.223
373.341	13.560
373.771	12.812
374.183	12.036
374.574	11.296
374.947	10.666
375.304	10.228
375.653	10.083
376.004	10.371
376.374	11.299
376.787	13.179
377.281	16.478
377.913	21.841
378.763	30.010
379.938	41.440
381.544	55.439
383.634	69.078
386.122	77.416
388.759	76.614
391.224	67.581
393.301	55.229
394.952	44.258
396.262	36.783
397.355	32.818
398.341	31.552
399.299	32.100
400.281	33.707
401.315	35.745
402.411	37.643
403.560	38.881
404.738	39.062
405.912	37.998
407.044	35.783
408.103	32.752
409.067	29.386
409.932	26.161
410.704	23.450
411.401	21.485
412.047	20.367
412.667	20.100
413.288	20.618
413.934	21.812
414.625	23.523
415.376	25.560
416.197	27.712
417.089	29.793
418.048	31.720
419.067	33.603
420.145	35.811
421.294	38.990
422.545	43.934
423.955	51.333
425.593	61.224
427.519	72.354
429.738	81.777
432.157	85.746
434.588	81.977
436.818	71.525
438.698	58.058
440.189	45.377
441.343	35.670
442.252	29.502
443.014	26.521
443.711	26.074
444.409	27.522
445.156	30.275
445.985	33.749
446.912	37.328
447.936	40.352
449.038	42.239
450.182	42.622
451.327	41.505
452.434	39.258
453.475	36.518
454.441	33.963
455.342	32.135
456.199	31.353
457.042	31.682
457.900	32.958
458.799	34.827
459.752	36.787
460.757	38.274
461.800	38.779
462.850	37.988
463.872	35.885
464.831	32.751
465.704	29.055
466.477	25.314
467.152	21.957
467.742	19.270
468.265	17.408
468.745	16.436
469.207	16.382
469.675	17.287
470.180	19.247
470.751	22.445
471.428	27.215
472.257	34.106
473.303	44.000
474.654	58.241
476.431	78.575
478.789	106.428
481.880	140.738
485.765	174.601
490.260	194.921
494.893	190.605
499.084	163.219
502.452	125.493
504.930	89.973
506.662	62.519
507.854	43.551
508.684	31.287
509.286	23.710
509.749	19.250
510.131	16.850
510.472	15.860
510.799	15.900
511.133	16.776
511.490	18.402
511.889	20.770
512.344	23.900
512.874	27.814
513.496	32.496
514.227	37.844
515.081	43.611
516.066	49.371
517.178	54.531
518.399	58.405
519.696	60.368
521.023	60.066
522.330	57.533
523.570	53.201
524.708	47.748
525.723	41.891
526.612	36.225
527.381	31.137
528.045	26.823
528.621	23.332
529.126	20.640
529.577	18.696
529.992	17.471
530.385	16.979
530.772	17.294
531.174	18.574
531.613	21.073
532.120	25.142
532.734	31.221
533.504	39.740
534.490	50.923
535.752	64.427
537.334	78.877
539.236	91.632
541.391	99.359
543.656	99.553
545.854	92.146
547.831	79.654
549.501	65.714
550.860	53.308
551.958	44.048
552.869	38.348
553.672	35.997
554.436	36.584
555.223	39.726
556.088	45.107
557.077	52.410
558.227	61.218
559.566	70.913
561.104	80.643
562.832	89.419
564.718	96.346
566.714	100.892
568.765	102.999
570.820	102.982
572.838	101.249
574.790	98.052
576.652	93.415
578.401	87.281
580.016	79.709
581.474	70.991
582.762	61.648
583.873	52.294
584.813	43.489
585.593	35.634
586.234	28.938
586.757	23.437
587.183	19.055
587.533	15.657
587.823	13.082
588.069	11.176
588.282	9.807
588.472	8.866
588.646	8.273
588.812	7.970
588.973	7.923
589.137	8.118
589.308	8.559
589.490	9.274
589.692	10.310
589.919	11.741
590.182	13.673
590.492	16.248
590.866	19.651
591.324	24.107
591.891	29.870
592.599	37.181
593.483	46.179
594.581	56.769
595.924	68.447
597.526	80.165
599.371	90.419
601.410	97.668
603.561	100.984
605.731	100.567
607.846	97.712
609.863	94.217
611.780	91.645
613.626	90.838
615.440	91.782
617.257	93.735
619.093	95.505
620.939	95.872
622.766	93.990
624.531	89.733
626.193	83.756
627.727	77.287
629.132	71.751
630.433	68.432
631.674	68.276
632.917	71.809
634.229	79.050
635.674	89.411
637.302	101.500
639.132	113.104
641.141	121.489
643.258	124.176
645.376	119.943
647.380	109.398
649.173	94.680
650.702	78.491
651.956	63.113
652.959	49.937
653.753	39.464
654.382	31.615
654.890	25.998
655.312	22.147
655.676	19.621
656.002	18.056
656.307	17.172
656.601	16.762
656.891	16.679
657.183	16.820
657.480	17.125
657.787	17.564
658.104	18.142
658.434	18.904
658.783	19.958
659.154	21.502
659.559	23.873
660.014	27.637
660.548	33.705
661.208	43.499
662.070	59.095
663.250	83.211
664.911	118.508
667.248	165.521
670.428	218.861
674.461	264.231
679.064	282.755
683.693	264.627
687.776	218.507
690.991	163.668
693.324	115.472
694.941	79.815
696.053	56.036
696.836	41.152
697.417	32.196
697.877	26.959
698.268	23.991
698.621	22.398
698.955	21.647
699.281	21.429
699.608	21.568
699.939	21.962
700.280	22.557
700.633	23.326
701.001	24.258
701.387	25.355
701.794	26.630
702.225	28.102
702.683	29.801
703.172	31.759
703.697	34.022
704.263	36.633
704.875	39.639
705.542	43.079
706.269	46.973
707.065	51.308
707.937	56.021
708.890	60.976
709.927	65.953
711.047	70.650
712.242	74.696
713.499	77.700
714.800	79.324
716.119	79.350
717.430	77.744
718.707	74.665
719.925	70.439
721.070	65.498
722.130	60.295
723.105	55.244
723.998	50.676
724.819	46.842
725.581	43.924
726.299	42.069
726.992	41.443
727.680	42.268
728.387	44.898
729.146	49.880
729.996	58.031
730.993	70.512
732.210	88.802
733.744	114.484
735.710	148.544
738.226	190.077
741.371	234.572
745.125	273.176
749.316	295.122
753.639	293.457
757.745	269.640
761.369	232.357
764.394	191.815
766.836	155.053
768.781	124.989
770.337	101.728
771.599	84.133
772.644	70.863
773.525	60.772
774.284	53.009
774.949	46.978
775.541	42.275
776.077	38.615
776.570	35.797
777.031	33.664
777.467	32.097
777.885	30.990
778.292	30.262
778.693	29.843
779.092	29.666
779.490	29.683
779.892	29.845
780.299	30.116
780.712	30.466
781.133	30.870
781.562	31.307
782.000	31.761
782.447	32.220
782.903	32.678
783.368	33.132
783.843	33.574
784.326	34.002
784.818	34.416
785.320	34.812
785.829	35.186
786.347	35.527
786.872	35.825
787.405	36.067
787.943	36.239
788.487	36.323
789.034	36.298
789.584	36.148
790.133	35.857
790.681	35.415
791.224	34.819
791.760	34.070
792.288	33.174
792.803	32.150
793.305	31.020
793.792	29.813
794.261	28.559
794.714	27.291
795.149	26.043
795.567	24.844
795.968	23.723
796.353	22.705
796.725	21.810
797.085	21.054
797.435	20.450
797.777	20.004
798.115	19.724
798.452	19.612
798.789	19.671
799.131	19.897
799.479	20.290
799.838	20.853
800.209	21.585
800.597	22.490
801.004	23.575
801.434	24.856
801.891	26.355
802.378	28.108
802.902	30.171
803.468	32.613
804.083	35.536
804.757	39.059
805.502	43.337
806.332	48.538
807.264	54.848
808.319	62.450
809.521	71.524
810.893	82.238
812.463	94.775
814.259	109.376
816.310	126.381
818.649	146.139
821.307	168.744
824.313	193.483
827.670	218.197
831.340	239.155
835.220	252.089
839.156	254.244
842.980	246.183
846.558	231.656
849.832	215.672
852.813	202.223
855.562	193.214
858.153	188.413
860.648	186.129
863.080	184.057
865.452	180.025
867.738	172.580
869.897	161.292
871.887	146.711
873.676	130.034
875.247	112.674
876.598	95.904
877.742	80.612
878.702	67.288
879.504	56.079
880.174	46.933
880.736	39.630
881.214	33.915
881.626	29.548
881.987	26.293
882.312	23.950
882.611	22.362
882.892	21.409
883.164	20.998
883.434	21.063
883.707	21.561
883.990	22.471
884.287	23.792
884.604	25.540
884.947	27.753
885.323	30.493
885.740	33.853
886.206	37.954
886.731	42.967
887.329	49.098
888.016	56.604
888.811	65.768
889.737	76.857
890.821	90.073
892.089	105.396
893.568	122.427
895.273	140.234
897.208	157.229
899.348	171.278
901.642	180.114
904.012	181.978
906.363	176.272
908.598	163.783
910.642	146.452
912.444	126.674
913.986	106.708
915.275	88.157
916.336	71.932
917.201	58.361
917.903	47.379
918.475	38.675
918.944	31.905
919.334	26.703
919.663	22.738
919.945	19.749
920.193	17.528
920.415	15.912
920.619	14.787
920.810	14.074
920.994	13.728
921.176	13.731
921.360	14.096
921.551	14.863
921.754	16.113
921.978	17.967
922.229	20.602
922.521	24.274
922.870	29.328
923.294	36.219
923.823	45.524
924.492	57.929
925.346	74.093
926.441	94.543
927.834	119.226
929.576	146.992
931.698	175.205
934.182	199.602
936.946	215.200
939.850	218.158
942.714	207.579
945.369	186.072
947.696	158.434
949.643	129.588
951.216	103.136
952.459	80.888
953.431	63.208
954.191	49.719
954.792	39.651
955.274	32.222
955.669	26.764
955.999	22.732
956.283	19.720
956.531	17.439
956.753	15.680
956.954	14.298
957.139	13.190
957.312	12.286
957.474	11.538
957.627	10.912
957.773	10.384
957.914	9.938
958.050	9.565
958.182	9.257
958.310	9.015
958.437	8.836
958.562	8.727
958.686	8.695
958.812	8.752
958.940	8.920
959.071	9.222
959.208	9.703
959.354	10.417
959.513	11.443
959.690	12.894
959.891	14.933
960.128	17.779
960.413	21.742
960.765	27.250
961.212	34.857
961.787	45.269
962.540	59.306
963.528	77.749
964.820	101.055
966.489	128.838
968.588	159.192
971.132	188.363
974.063	211.180
977.252	222.967
980.513	221.710
983.654	209.226
986.541	189.973
989.107	168.751
991.351	148.910
993.312	131.939
995.038	117.931
996.573	106.303
997.954	96.337
999.202	87.489
1000.333	79.458
1001.360	72.163
1002.292	65.669
1003.142	60.126
1003.922	55.697
1004.647	52.530
1005.336	50.762
1006.006	50.500
1006.678	51.834
1007.373	54.831
1008.114	59.521
1008.923	65.878
1009.822	73.776
1010.830	82.940
1011.964	92.913
1013.230	103.015
1014.626	112.415
1016.140	120.218
1017.744	125.679
1019.405	128.421
1021.087	128.610
1022.755	127.057
1024.391	125.089
1025.994	124.489
1027.585	127.212
1029.211	135.226
1030.941	150.373
1032.865	173.848
1035.081	205.699
1037.678	243.828
1040.706	283.036
1044.144	315.395
1047.864	332.018
1051.660	327.107
1055.282	300.871
1058.514	259.498
1061.237	211.844
1063.417	165.727
1065.100	125.833
1066.370	93.852
1067.313	69.511
1068.013	51.606
1068.534	38.710
1068.927	29.536
1069.229	23.042
1069.467	18.451
1069.659	15.197
1069.819	12.881
1069.956	11.224
1070.077	10.032
1070.186	9.173
1070.287	8.553
1070.381	8.111
1070.472	7.802
1070.560	7.594
1070.647	7.467
1070.733	7.406
1070.819	7.403
1070.905	7.452
1070.993	7.551
1071.083	7.700
1071.175	7.906
1071.271	8.170
1071.371	8.508
1071.475	8.931
1071.586	9.461
1071.705	10.126
1071.833	10.962
1071.973	12.019
1072.128	13.366
1072.302	15.090
1072.500	17.313
1072.729	20.194
1072.999	23.941
1073.323	28.823
1073.715	35.182
1074.197	43.429
1074.796	54.029
1075.544	67.450
1076.480	84.055
1077.645	103.898
1079.078	126.459
1080.809	150.359
1082.840	173.179
1085.145	191.731
1087.645	202.772
1090.235	204.103
1092.785	195.549
1095.177	178.950
1097.328	157.508
1099.194	134.567
1100.772	112.718
1102.085	93.540
1103.172	77.602
1104.074	64.890
1104.831	55.008
1105.475	47.477
1106.035	41.806
1106.531	37.591
1106.981	34.494
1107.397	32.265
1107.789	30.719
1108.165	29.707
1108.532	29.142
1108.894	28.936
1109.256	29.041
1109.622	29.409
1109.995	30.007
1110.378	30.800
1110.774	31.764
1111.184	32.871
1111.611	34.103
1112.055	35.436
1112.520	36.857
1113.005	38.352
1113.512	39.920
1114.042	41.564
1114.595	43.301
1115.174	45.167
1115.780	47.203
1116.416	49.479
1117.084	52.065
1117.790	55.063
1118.539	58.553
1119.338	62.634
1120.194	67.365
1121.117	72.780
1122.115	78.846
1123.195	85.435
1124.365	92.348
1125.626	99.255
1126.976	105.783
1128.407	111.508
1129.906	116.051
1131.455	119.164
1133.034	120.768
1134.623	120.997
1136.204	120.180
1137.765	118.724
1139.298	117.085
1140.804	115.626
1142.285	114.597
1143.749	114.046
1145.201	113.886
1146.647	113.868
1148.087	113.690
1149.518	112.994
1150.934	111.524
1152.326	109.073
1153.680	105.624
1154.984	101.253
1156.230	96.184
1157.410	90.707
1158.519	85.146
1159.559	79.813
1160.534	74.980
1161.450	70.867
1162.319	67.630
1163.150	65.389
1163.956	64.195
1164.752	64.104
1165.550	65.101
1166.364	67.192
1167.208	70.305
1168.093	74.388
1169.032	79.299
1170.035	84.895
1171.108	90.951
1172.257	97.229
1173.482	103.479
1174.782	109.456
1176.151	115.009
1177.584	120.080
1179.073	124.779
1180.613	129.349
1182.201	134.168
1183.841	139.676
1185.541	146.257
1187.314	154.177
1189.172	163.401
1191.129	173.562
1193.192	183.914
1195.358	193.375
1197.609	200.742
1199.919	204.947
1202.245	205.353
1204.546	201.987
1206.781	195.542
1208.920	187.246
1210.950	178.547
1212.870	170.850
1214.699	165.255
1216.460	162.458
1218.187	162.705
1219.913	165.828
1221.668	171.230
1223.471	177.981
1225.337	184.889
1227.261	190.655
1229.228	194.021
1231.211	194.029
1233.176	190.164
1235.081	182.463
1236.894	171.465
1238.582	158.076
1240.127	143.311
1241.520	128.202
1242.760	113.523
1243.856	99.873
1244.819	87.562
1245.663	76.751
1246.405	67.384
1247.056	59.416
1247.634	52.656
1248.147	46.989
1248.608	42.232
1249.023	38.278
1249.402	34.994
1249.750	32.311
1250.074	30.139
1250.377	28.450
1250.666	27.203
1250.943	26.384
1251.215	26.005
1251.485	26.076
1251.758	26.636
1252.038	27.737
1252.333	29.461
1252.649	31.896
1252.993	35.173
1253.376	39.439
1253.808	44.876
1254.303	51.689
1254.876	60.103
1255.544	70.344
1256.330	82.609
1257.253	97.013
1258.337	113.553
1259.603	131.999
1261.071	151.884
1262.748	172.403
1264.637	192.516
1266.724	211.044
1268.989	226.885
1271.390	239.279
1273.891	247.911
1276.447	252.998
1279.020	255.070
1281.584	254.745
1284.111	252.477
1286.590	248.428
1289.001	242.425
1291.329	234.183
1293.555	223.442
1295.657	210.192
1297.617	194.712
1299.417	177.555
1301.047	159.483
1302.503	141.300
1303.786	123.716
1304.907	107.302
1305.877	92.416
1306.712	79.247
1307.429	67.822
1308.043	58.073
1308.571	49.858
1309.026	43.011
1309.419	37.351
1309.764	32.699
1310.067	28.903
1310.335	25.831
1310.578	23.361
1310.798	21.400
1311.002	19.883
1311.193	18.729
1311.373	17.916
1311.548	17.392
1311.718	17.150
1311.888	17.160
1312.059	17.429
1312.234	17.943
1312.416	18.720
1312.607	19.759
1312.810	21.075
1313.028	22.687
1313.264	24.609
1313.522	26.855
1313.805	29.440
1314.117	32.375
1314.463	35.659
1314.844	39.277
1315.267	43.210
1315.732	47.401
1316.246	51.804
1316.807	56.299
1317.420	60.809
1318.081	65.173
1318.791	69.282
1319.545	72.988
1320.341	76.205
1321.170	78.862
1322.028	80.986
1322.909	82.665
1323.808	84.097
1324.723	85.575
1325.654	87.510
1326.608	90.380
1327.596	94.760
1328.635	101.240
1329.748	110.413
1330.965	122.755
1332.320	138.514
1333.847	157.521
1335.578	178.963
1337.531	201.269
1339.705	222.065
1342.075	238.484
1344.581	247.785
1347.141	248.183
1349.663	239.438
1352.056	223.006
1354.253	201.514
1356.215	178.025
1357.932	155.225
1359.422	135.135
1360.716	118.808
1361.855	106.739
1362.882	98.868
1363.838	94.935
1364.763	94.506
1365.690	97.161
1366.646	102.391
1367.659	109.709
1368.745	118.519
1369.919	128.140
1371.186	137.822
1372.543	146.648
1373.981	153.782
1375.481	158.374
1377.015	159.847
1378.552	157.880
1380.060	152.537
1381.506	144.219
1382.866	133.598
1384.118	121.486
1385.252	108.702
1386.264	95.971
1387.155	83.867
1387.934	72.767
1388.610	62.898
1389.195	54.353
1389.703	47.100
1390.144	41.080
1390.531	36.179
1390.873	32.255
1391.181	29.213
1391.461	26.902
1391.721	25.255
1391.967	24.162
1392.205	23.571
1392.438	23.419
1392.673	23.675
1392.911	24.304
1393.158	25.300
1393.416	26.652
1393.690	28.368
1393.984	30.463
1394.301	32.953
1394.646	35.871
1395.024	39.250
1395.439	43.125
1395.897	47.551
1396.405	52.576
1396.967	58.246
1397.593	64.645
1398.289	71.815
1399.064	79.835
1399.926	88.757
1400.885	98.635
1401.950	109.493
1403.131	121.301
1404.438	133.956
1405.875	147.236
1407.449	160.774
1409.157	173.987
1410.993	186.164
1412.941	196.426
1414.977	203.847
1417.069	207.674
1419.177	207.428
1421.260	202.991
1423.277	194.801
1425.193	183.607
1426.984	170.509
1428.635	156.621
1430.145	143.026
1431.518	130.676
1432.770	120.229
1433.923	112.252
1435.002	107.039
1436.035	104.872
1437.052	105.904
1438.084	110.185
1439.163	117.808
1440.321	128.597
1441.587	142.339
1442.987	158.406
1444.542	175.911
1446.259	193.494
1448.135	209.492
1450.148	222.035
1452.258	229.437
1454.414	230.554
1456.553	225.036
1458.617	213.474
1460.554	197.214
1462.326	178.016
1463.913	157.690
1465.310	137.769
1466.526	119.368
1467.578	103.169
1468.486	89.450
1469.276	78.233
1469.969	69.365
1470.585	62.607
1471.145	57.710
1471.665	54.431
1472.158	52.574
1472.638	51.983
1473.116	52.549
1473.602	54.238
1474.108	57.077
1474.642	61.122
1475.218	66.527
1475.849	73.493
1476.546	82.276
1477.333	93.243
1478.225	106.697
1479.250	123.070
1480.430	142.581
1481.798	165.385
1483.379	191.187
1485.197	219.216
1487.266	248.037
1489.585	275.496
1492.129	298.912
1494.852	315.593
1497.680	323.368
1500.534	321.314
1503.323	309.956
1505.976	291.189
1508.433	267.681
1510.669	242.227
1512.674	217.176
1514.459	194.223
1516.052	174.309
1517.476	157.728
1518.765	144.412
1519.946	133.981
1521.042	125.981
1522.075	119.891
1523.059	115.228
1524.007	111.576
1524.925	108.533
1525.820	105.830
1526.693	103.204
1527.545	100.514
1528.375	97.632
1529.182	94.500
1529.963	91.115
1530.716	87.486
1531.441	83.664
1532.134	79.712
1532.795	75.705
1533.424	71.723
1534.021	67.828
1534.587	64.091
1535.123	60.569
1535.630	57.304
1536.113	54.323
1536.571	51.649
1537.008	49.306
1537.427	47.277
1537.831	45.568
1538.222	44.181
1538.602	43.086
1538.975	42.280
1539.343	41.742
1539.707	41.455
1540.071	41.402
1540.436	41.560
1540.803	41.917
1541.176	42.449
1541.555	43.136
1541.942	43.964
1542.338	44.908
1542.743	45.953
1543.160	47.075
1543.589	48.255
1544.029	49.477
1544.483	50.718
1544.948	51.966
1545.427	53.204
1545.919	54.410
1546.423	55.590
1546.940	56.730
1547.468	57.836
1548.008	58.911
1548.560	59.980
1549.122	61.072
1549.697	62.237
1550.284	63.547
1550.885	65.101
1551.503	67.047
1552.141	69.597
1552.806	73.074
1553.508	77.931
1554.259	84.833
1555.082	94.818
1556.007	109.334
1557.080	130.499
1558.369	161.323
1559.966	205.563
1562.003	267.758
1564.642	351.648
1568.067	457.746
1572.440	579.169
1577.810	697.545
1584.041	785.035
1590.752	814.888
1597.401	777.455
1603.480	686.365
1608.651	569.481
1612.823	452.993
1616.077	352.706
1618.581	273.867
1620.514	215.100
1622.029	172.730
1623.249	142.590
1624.258	121.170
1625.121	105.978
1625.878	95.092
1626.561	87.273
1627.192	81.694
1627.784	77.693
1628.350	74.970
1628.898	73.188
1629.435	72.187
1629.967	71.828
1630.499	71.990
1631.033	72.626
1631.574	73.661
1632.125	75.049
1632.686	76.778
1633.264	78.787
1633.857	81.078
1634.469	83.624
1635.103	86.379
1635.758	89.355
1636.437	92.481
1637.142	95.761
1637.872	99.120
1638.629	102.500
1639.412	105.846
1640.222	109.058
1641.057	112.050
1641.915	114.711
1642.794	116.952
1643.690	118.655
1644.598	119.715
1645.514	120.052
1646.432	119.618
1647.347	118.367
1648.251	116.291
1649.138	113.441
1650.005	109.856
1650.843	105.646
1651.648	100.897
1652.418	95.758
1653.147	90.338
1653.838	84.778
1654.485	79.193
1655.091	73.694
1655.656	68.378
1656.180	63.320
1656.668	58.576
1657.119	54.199
1657.539	50.215
1657.928	46.655
1658.292	43.516
1658.632	40.822
1658.953	38.566
1659.258	36.753
1659.549	35.396
1659.832	34.485
1660.109	34.045
1660.384	34.094
1660.661	34.644
1660.945	35.735
1661.239	37.412
1661.549	39.700
1661.880	42.676
1662.238	46.385
1662.628	50.885
1663.059	56.247
1663.537	62.492
1664.071	69.680
1664.666	77.779
1665.333	86.754
1666.078	96.500
1666.907	106.820
1667.823	117.430
1668.831	128.025
1669.926	138.118
1671.105	147.268
1672.358	154.969
1673.671	160.776
1675.027	164.384
1676.407	165.600
1677.791	164.434
1679.159	161.125
1680.493	156.010
1681.780	149.583
1683.011	142.371
1684.179	134.902
1685.286	127.651
1686.331	121.018
1687.323	115.305
1688.269	110.727
1689.179	107.410
1690.064	105.459
1690.936	104.899
1691.806	105.704
1692.685	107.892
1693.584	111.392
1694.514	116.158
1695.487	122.146
1696.510	129.237
1697.593	137.332
1698.746	146.353
1699.971	156.107
1701.278	166.525
1702.669	177.538
1704.147	189.118
1705.718	201.421
1707.385	214.768
1709.156	229.688
1711.045	246.942
1713.065	267.475
1715.245	292.306
1717.615	322.329
1720.211	357.788
1723.070	398.146
1726.218	441.238
1729.661	483.356
1733.374	519.119
1737.290	542.790
1741.305	549.519
1745.286	536.901
1749.099	506.066
1752.625	461.082
1755.785	407.697
1758.540	351.784
1760.892	298.026
1762.868	249.462
1764.513	207.552
1765.877	172.581
1767.010	144.078
1767.956	121.230
1768.754	103.097
1769.435	88.782
1770.023	77.492
1770.538	68.587
1770.996	61.522
1771.410	55.885
1771.786	51.368
1772.134	47.710
1772.459	44.735
1772.765	42.312
1773.056	40.324
1773.333	38.710
1773.602	37.413
1773.863	36.395
1774.117	35.641
1774.367	35.138
1774.616	34.883
1774.863	34.889
1775.112	35.188
1775.365	35.805
1775.622	36.781
1775.888	38.198
1776.167	40.133
1776.460	42.673
1776.774	45.987
1777.114	50.221
1777.488	55.572
1777.903	62.330
1778.371	70.738
1778.905	81.164
1779.520	94.003
1780.234	109.578
1781.068	128.289
1782.046	150.381
1783.192	175.847
1784.529	204.447
1786.079	235.392
1787.855	267.298
1789.859	298.206
1792.074	325.537
1794.468	346.610
1796.987	358.983
1799.566	361.080
1802.127	352.548
1804.598	334.410
1806.916	308.732
1809.033	278.261
1810.926	245.750
1812.586	213.529
1814.021	183.368
1815.250	156.343
1816.296	132.927
1817.185	113.206
1817.943	96.969
1818.594	83.875
1819.159	73.521
1819.657	65.516
1820.103	59.512
1820.510	55.211
1820.890	52.381
1821.253	50.850
1821.608	50.496
1821.963	51.273
1822.324	53.201
1822.703	56.330
1823.106	60.751
1823.543	66.664
1824.026	74.333
1824.566	84.043
1825.179	96.145
1825.883	111.142
1826.700	129.468
1827.651	151.546
1828.768	177.837
1830.075	208.416
1831.604	243.090
1833.383	281.120
1835.422	320.809
1837.736	359.888
1840.303	395.195
1843.092	423.170
1846.037	440.625
1849.064	445.344
1852.078	436.695
1854.992	415.845
1857.733	385.454
1860.244	348.903
1862.494	309.764
1864.477	270.914
1866.199	234.578
1867.685	201.975
1868.962	173.667
1870.058	149.717
1871.004	129.788
1871.824	113.431
1872.543	100.135
1873.180	89.377
1873.750	80.700
1874.267	73.715
1874.741	68.075
1875.180	63.506
1875.592	59.800
1875.981	56.767
1876.352	54.274
1876.708	52.214
1877.052	50.492
1877.386	49.045
1877.711	47.832
1878.029	46.801
1878.342	45.926
1878.650	45.193
1878.954	44.579
1879.255	44.081
1879.554	43.697
1879.852	43.421
1880.148	43.262
1880.444	43.239
1880.742	43.353
1881.042	43.622
1881.344	44.081
1881.650	44.745
1881.964	45.645
1882.283	46.843
1882.614	48.376
1882.957	50.307
1883.313	52.755
1883.690	55.856
1884.091	59.840
1884.521	65.086
1884.993	72.319
1885.521	82.832
1886.129	98.992
1886.862	125.409
1887.804	170.690
1889.096	250.581
1891.011	393.315
1894.026	644.936
1898.921	1067.307
1906.830	1708.678
1918.906	2510.226
1935.371	3193.596
1954.405	3359.722
1972.493	2886.446
1986.724	2083.400
1996.370	1329.322
2002.293	788.854
2005.735	453.395
2007.696	260.233
2008.820	153.043
2009.484	94.524
2009.897	62.698
2010.173	45.363
2010.376	35.883
2010.538	30.683
2010.678	27.849
2010.807	26.328
2010.929	25.546
2011.047	25.209
2011.165	25.142
2011.284	25.240
2011.403	25.447
2011.523	25.748
2011.646	26.120
2011.771	26.542
2011.898	27.017
2012.028	27.551
2012.161	28.134
2012.297	28.755
2012.437	29.440
2012.581	30.186
2012.729	30.958
2012.881	31.799
2013.038	32.706
2013.200	33.647
2013.368	34.663
2013.540	35.739
2013.719	36.860
2013.905	38.056
2014.095	39.306
2014.295	40.624
2014.501	42.006
2014.714	43.433
2014.937	44.945
2015.167	46.511
2015.405	48.123
2015.654	49.811
2015.912	51.552
2016.178	53.340
2016.456	55.182
2016.745	57.089
2017.043	59.026
2017.353	61.016
2017.675	63.059
2018.007	65.128
2018.352	67.249
2018.709	69.419
2019.077	71.616
2019.460	73.879
2019.855	76.193
2020.264	78.574
2020.686	81.026
2021.123	83.593
2021.575	86.269
2022.041	89.096
2022.525	92.116
2023.026	95.371
2023.545	98.899
2024.086	102.782
2024.649	107.098
2025.236	111.893
2025.851	117.310
2026.498	123.428
2027.178	130.354
2027.899	138.216
2028.665	147.134
2029.481	157.227
2030.354	168.581
2031.291	181.292
2032.298	195.336
2033.385	210.736
2034.556	227.360
2035.819	244.963
2037.176	263.193
2038.635	281.634
2040.190	299.626
2041.837	316.383
2043.572	331.229
2045.384	343.299
2047.247	351.788
2049.147	356.117
2051.068	356.026
2052.972	351.228
2054.837	341.995
2056.654	328.778
2058.387	312.233
2060.023	293.130
2061.559	272.332
2062.979	250.689
2064.281	228.892
2065.470	207.585
2066.546	187.238
2067.514	168.160
2068.386	150.575
2069.166	134.564
2069.862	120.176
2070.487	107.316
2071.044	95.948
2071.544	85.926
2071.993	77.143
2072.396	69.477
2072.761	62.794
2073.091	56.990
2073.393	51.944
2073.668	47.577
2073.921	43.788
2074.155	40.514
2074.372	37.679
2074.574	35.237
2074.765	33.131
2074.944	31.326
2075.115	29.781
2075.278	28.472
2075.434	27.372
2075.585	26.466
2075.731	25.729
2075.874	25.160
2076.015	24.743
2076.154	24.476
2076.292	24.358
2076.429	24.387
2076.568	24.567
2076.708	24.905
2076.851	25.410
2076.997	26.095
2077.148	26.975
2077.305	28.070
2077.468	29.403
2077.641	30.999
2077.823	32.888
2078.018	35.113
2078.226	37.693
2078.451	40.693
2078.694	44.144
2078.959	48.104
2079.250	52.611
2079.568	57.733
2079.918	63.503
2080.305	69.984
2080.732	77.178
2081.205	85.153
2081.727	93.857
2082.304	103.322
2082.940	113.450
2083.639	124.160
2084.404	135.319
2085.239	146.751
2086.144	158.226
2087.118	169.484
2088.162	180.274
2089.271	190.295
2090.438	199.295
2091.658	207.097
2092.923	213.593
2094.225	218.761
2095.555	222.725
2096.906	225.747
2098.273	228.129
2099.652	230.336
2101.041	232.890
2102.444	236.227
2103.866	240.845
2105.314	247.121
2106.798	255.309
2108.330	265.394
2109.921	277.313
2111.579	290.560
2113.312	304.516
2115.122	318.246
2117.006	330.646
2118.955	340.599
2120.950	346.912
2122.971	348.739
2124.990	345.471
2126.978	336.973
2128.904	323.538
2130.742	305.858
2132.470	284.905
2134.072	261.816
2135.538	237.725
2136.865	213.674
2138.055	190.482
2139.114	168.784
2140.052	149.016
2140.879	131.365
2141.609	115.934
2142.254	102.648
2142.827	91.400
2143.338	82.043
2143.798	74.379
2144.217	68.247
2144.603	63.472
2144.964	59.899
2145.306	57.414
2145.635	55.896
2145.958	55.258
2146.278	55.459
2146.602	56.437
2146.932	58.176
2147.274	60.680
2147.632	63.934
2148.011	67.974
2148.416	72.813
2148.851	78.496
2149.321	85.029
2149.832	92.446
2150.388	100.755
2150.997	109.946
2151.661	119.955
2152.387	130.722
2153.179	142.111
2154.040	153.940
2154.973	165.966
2155.977	177.865
2157.053	189.336
2158.196	199.944
2159.401	209.341
2160.660	217.116
2161.961	222.960
2163.294	226.630
2164.644	228.008
2165.999	227.084
2167.344	224.004
2168.667	219.017
2169.957	212.470
2171.206	204.782
2172.407	196.390
2173.557	187.723
2174.656	179.177
2175.704	171.115
2176.705	163.793
2177.664	157.429
2178.586	152.162
2179.479	148.077
2180.349	145.168
2181.203	143.414
2182.049	142.780
2182.892	143.134
2183.740	144.366
2184.594	146.340
2185.463	148.935
2186.347	151.963
2187.250	155.325
2188.174	158.906
2189.119	162.648
2190.086	166.529
2191.077	170.629
2192.092	175.119
2193.135	180.308
2194.208	186.661
2195.321	194.799
2196.483	205.574
2197.709	220.069
2199.025	239.556
2200.459	265.548
2202.050	299.509
2203.844	342.736
2205.891	396.124
2208.253	459.718
2210.978	531.439
2214.096	607.102
2217.615	680.104
2221.515	742.127
2225.697	783.585
2230.027	797.170
2234.354	779.698
2238.518	732.943
2242.356	663.616
2245.775	580.860
2248.739	493.504
2251.228	409.466
2253.271	333.823
2254.933	268.578
2256.265	214.655
2257.325	171.395
2258.174	137.323
2258.855	111.159
2259.408	91.381
2259.864	76.630
2260.248	65.907
2260.581	58.274
2260.878	53.035
2261.148	49.664
2261.405	47.731
2261.653	46.946
2261.896	47.033
2262.143	47.859
