<j>	var(j)
1.236	0.277
2.593	0.722
4.031	0.562
4.853	0.529
5.766	0.520
6.742	0.501
7.680	0.451
8.709	1.081
10.631	1.263
11.717	1.120
12.713	1.424
14.003	2.045
15.450	2.299
16.766	2.593
18.096	2.881
19.388	2.702
20.479	2.387
21.442	2.455
22.474	2.623
23.549	2.443
24.518	2.117
25.376	1.931
26.210	1.946
27.105	2.075
28.079	2.090
29.040	2.051
30.015	2.670
31.349	4.562
33.317	6.546
35.351	5.643
36.722	3.532
37.540	2.290
38.108	1.714
38.585	1.461
39.049	1.433
39.574	1.792
40.346	3.159
41.800	6.202
44.067	7.837
46.065	6.320
47.446	5.141
48.536	4.615
49.519	4.490
50.490	4.625
51.501	4.768
52.535	4.586
53.510	4.177
54.404	4.219
55.350	5.200
56.547	6.523
57.956	6.424
59.197	4.754
60.073	3.553
60.769	3.557
61.533	4.472
62.540	5.891
63.837	6.919
65.236	6.564
66.455	5.342
67.420	4.460
68.249	4.174
69.057	4.147
69.879	4.114
70.709	4.111
71.561	4.367
72.493	5.007
73.573	5.867
74.808	6.565
76.121	6.915
77.440	7.224
78.771	7.829
80.163	8.427
81.579	8.257
82.879	7.210
83.968	5.963
84.865	4.927
85.617	4.040
86.248	3.220
86.768	2.540
87.201	2.120
87.594	2.038
88.012	2.373
88.553	3.276
89.355	4.988
90.589	7.774
92.397	11.740
94.779	15.439
97.328	15.153
99.391	11.899
100.879	9.889
102.111	9.640
103.315	10.000
104.541	10.152
105.754	9.881
106.908	9.354
107.986	8.759
108.989	8.147
109.922	7.545
110.792	7.058
111.617	6.824
112.431	6.921
113.276	7.320
114.183	7.880
115.164	8.355
116.196	8.453
117.225	7.989
118.181	7.030
119.016	5.847
119.715	4.728
120.293	3.851
120.782	3.270
121.219	2.981
121.643	2.963
122.091	3.208
122.607	3.732
123.236	4.633
124.050	6.254
125.181	9.380
126.859	14.508
129.201	19.120
131.781	19.752
134.095	19.713
136.265	21.746
138.489	22.245
140.528	18.447
142.075	13.259
143.153	10.088
143.995	9.569
144.834	11.202
145.848	14.413
147.153	18.205
148.746	20.685
150.450	20.092
152.003	16.825
153.248	13.077
154.203	10.509
154.985	9.484
155.715	9.719
156.487	10.790
157.360	12.234
158.355	13.546
159.447	14.311
160.584	14.473
161.718	14.427
162.840	14.724
163.985	15.642
165.198	16.938
166.495	17.894
167.833	17.713
169.118	16.110
170.257	13.546
171.200	10.841
171.955	8.625
172.567	7.175
173.092	6.535
173.590	6.684
174.124	7.610
174.756	9.289
175.547	11.579
176.538	14.081
177.729	16.151
179.058	17.269
180.435	17.491
181.794	17.308
183.113	16.992
184.386	16.320
185.585	14.951
186.663	12.905
187.582	10.602
188.336	8.515
188.949	6.903
189.458	5.793
189.900	5.101
190.302	4.717
190.689	4.559
191.077	4.577
191.481	4.767
191.918	5.194
192.413	6.067
193.016	7.906
193.840	11.854
195.115	19.804
197.201	32.555
200.285	44.005
203.781	43.670
206.726	34.704
208.870	27.226
210.511	23.533
211.920	21.931
213.223	21.114
214.467	20.577
215.669	20.119
216.836	19.575
217.961	18.804
219.035	17.760
220.044	16.526
220.982	15.274
221.851	14.198
222.664	13.466
223.445	13.210
224.223	13.537
225.032	14.555
225.915	16.392
226.919	19.197
228.099	23.116
229.509	28.207
231.196	34.213
233.175	40.207
235.390	44.390
237.698	44.774
239.889	40.707
241.777	33.619
243.279	25.883
244.412	19.234
245.251	14.272
245.879	10.859
246.366	8.604
246.761	7.129
247.098	6.153
247.397	5.490
247.671	5.023
247.930	4.685
248.178	4.437
248.420	4.260
248.660	4.153
248.900	4.130
249.147	4.233
249.409	4.544
249.701	5.239
250.052	6.672
250.522	9.555
251.223	15.201
252.364	25.496
254.250	41.162
257.086	56.816
260.537	60.614
263.738	49.963
266.125	36.090
267.778	26.808
269.006	22.105
270.032	19.806
270.959	18.387
271.825	17.201
272.639	16.122
273.407	15.240
274.140	14.677
274.854	14.495
275.570	14.691
276.304	15.227
277.075	16.069
277.895	17.227
278.781	18.772
279.752	20.818
280.831	23.450
282.044	26.609
283.407	29.974
284.918	32.979
286.541	35.040
288.218	35.950
289.894	36.104
291.539	36.282
293.163	37.133
294.800	38.733
296.478	40.448
298.192	41.187
299.891	39.995
301.496	36.671
302.932	31.906
304.160	26.828
305.184	22.412
306.042	19.196
306.784	17.339
307.466	16.789
308.140	17.413
308.852	19.041
309.641	21.419
310.536	24.143
311.545	26.620
312.651	28.150
313.807	28.169
314.947	26.541
316.007	23.659
316.944	20.257
317.744	17.073
318.422	14.610
319.011	13.096
319.551	12.569
320.082	12.988
320.644	14.310
321.277	16.547
322.021	19.799
322.921	24.285
324.029	30.356
325.410	38.387
327.132	48.418
329.246	59.433
331.734	68.785
334.459	72.950
337.177	70.035
339.642	61.521
341.713	50.913
343.378	41.119
344.704	33.351
345.776	27.599
346.665	23.390
347.424	20.229
348.087	17.754
348.674	15.735
349.201	14.041
349.677	12.601
350.110	11.376
350.507	10.347
350.874	9.507
351.217	8.858
351.543	8.413
351.858	8.207
352.173	8.304
352.500	8.818
352.856	9.944
353.268	12.001
353.780	15.487
354.455	21.105
355.388	29.641
356.700	41.447
358.503	55.326
360.818	67.421
363.479	72.390
366.152	67.813
368.510	56.801
370.402	44.749
371.860	35.049
372.997	28.386
373.923	24.102
374.717	21.318
375.427	19.363
376.079	17.821
376.684	16.466
377.248	15.194
377.774	13.975
378.263	12.820
378.717	11.766
379.139	10.865
379.534	10.189
379.912	9.839
380.285	9.980
380.673	10.898
381.109	13.106
381.652	17.513
382.397	25.627
383.508	39.524
385.215	60.774
387.757	86.988
391.161	107.747
395.000	109.528
398.535	91.303
401.262	66.193
403.152	45.685
404.439	32.668
405.366	25.446
406.101	21.740
406.741	19.967
407.338	19.219
407.922	19.017
408.507	19.101
409.100	19.323
409.705	19.585
410.324	19.818
410.955	19.974
411.596	20.031
412.242	19.999
412.892	19.932
413.544	19.943
414.203	20.211
414.877	21.007
415.586	22.710
416.363	25.846
417.259	31.095
418.348	39.230
419.726	50.825
421.494	65.584
423.721	81.349
426.375	93.770
429.281	98.091
432.154	92.668
434.735	80.370
436.887	66.053
438.613	53.341
439.990	43.657
441.116	36.954
442.073	32.641
442.925	30.085
443.717	28.781
444.482	28.362
445.242	28.567
446.013	29.197
446.806	30.094
447.627	31.110
448.478	32.111
449.359	32.960
450.264	33.547
451.186	33.787
452.113	33.639
453.036	33.120
453.945	32.288
454.831	31.237
455.690	30.069
456.518	28.870
457.316	27.706
458.085	26.604
458.826	25.568
459.542	24.584
460.234	23.628
460.903	22.690
461.550	21.769
462.174	20.879
462.778	20.048
463.361	19.316
463.929	18.716
464.484	18.284
465.031	18.039
465.577	17.983
466.127	18.101
466.686	18.352
467.259	18.682
467.846	19.012
468.448	19.259
469.062	19.341
469.681	19.188
470.298	18.762
470.905	18.059
471.490	17.114
472.048	15.993
472.573	14.786
473.061	13.591
473.515	12.511
473.937	11.653
474.336	11.152
474.726	11.203
475.127	12.143
475.576	14.575
476.134	19.574
476.906	28.916
478.068	45.017
479.868	69.552
482.556	99.294
486.138	121.587
490.123	121.062
493.719	97.837
496.409	67.916
498.198	44.489
499.360	30.638
500.175	24.334
500.846	22.999
501.503	24.881
502.231	28.970
503.089	34.606
504.117	41.158
505.334	47.831
506.732	53.671
508.276	57.811
509.909	59.840
511.569	60.042
513.207	59.273
514.803	58.532
516.366	58.498
517.917	59.274
519.475	60.384
521.048	60.991
522.616	60.235
524.142	57.591
525.580	53.068
526.888	47.176
528.039	40.680
529.026	34.317
529.856	28.611
530.550	23.830
531.131	20.040
531.625	17.186
532.054	15.173
532.439	13.913
532.797	13.362
533.149	13.545
533.513	14.576
533.913	16.673
534.380	20.179
534.956	25.550
535.694	33.277
536.663	43.660
537.930	56.366
539.547	69.825
541.503	80.969
543.699	86.088
545.945	82.946
548.028	72.500
549.790	58.286
551.174	44.128
552.209	32.412
552.968	23.906
553.533	18.402
553.977	15.386
554.357	14.439
554.726	15.412
555.133	18.525
555.636	24.443
556.314	34.332
557.279	49.776
558.678	72.198
560.681	101.260
563.406	132.260
566.795	155.123
570.530	159.484
574.127	143.827
577.192	117.204
579.594	90.748
581.415	70.501
582.822	57.253
583.970	49.356
584.966	44.801
585.878	42.020
586.737	40.001
587.557	38.190
588.343	36.347
589.092	34.437
589.804	32.531
590.480	30.746
591.121	29.200
591.735	27.981
592.327	27.140
592.906	26.684
593.479	26.582
594.056	26.772
594.641	27.165
595.239	27.656
595.851	28.132
596.477	28.482
597.114	28.615
597.756	28.464
598.396	27.998
599.029	27.223
599.646	26.181
600.241	24.938
600.811	23.577
601.352	22.181
601.865	20.827
602.350	19.578
602.809	18.479
603.247	17.566
603.667	16.864
604.074	16.401
604.475	16.218
604.877	16.381
605.288	17.006
605.721	18.281
606.194	20.504
606.733	24.121
607.378	29.762
608.184	38.212
609.227	50.250
610.599	66.179
612.386	84.977
614.627	103.393
617.259	116.187
620.089	118.622
622.848	109.933
625.302	94.094
627.339	76.881
628.976	62.530
630.301	52.723
631.425	47.341
632.446	45.490
633.437	46.123
634.450	48.256
635.512	51.010
636.634	53.593
637.807	55.334
639.011	55.747
640.214	54.613
641.383	52.018
642.489	48.309
643.510	43.988
644.438	39.584
645.272	35.552
646.024	32.222
646.710	29.803
647.350	28.417
647.967	28.141
648.585	29.040
649.232	31.195
649.934	34.700
650.723	39.638
651.630	46.016
652.684	53.650
653.911	62.037
655.320	70.263
656.897	77.026
658.598	80.925
660.352	80.943
662.073	76.896
663.677	69.548
665.105	60.287
666.328	50.587
667.347	41.585
668.183	33.928
668.867	27.827
669.432	23.220
669.908	19.911
670.321	17.671
670.693	16.289
671.042	15.600
671.381	15.491
671.723	15.898
672.079	16.806
672.461	18.251
672.881	20.324
673.354	23.183
673.901	27.066
674.545	32.311
675.321	39.356
676.271	48.722
677.449	60.897
678.917	76.094
680.733	93.813
682.932	112.330
685.496	128.518
688.333	138.593
691.279	139.816
694.139	132.090
696.751	117.963
699.018	101.090
700.923	84.554
702.496	70.115
703.793	58.376
704.871	49.245
705.783	42.359
706.571	37.327
707.271	33.842
707.912	31.726
708.518	30.947
709.118	31.651
709.739	34.187
710.419	39.151
711.209	47.427
712.177	60.141
713.411	78.433
715.017	102.817
717.099	132.001
719.713	161.521
722.808	183.673
726.184	190.438
729.531	178.569
732.537	152.173
735.010	119.757
736.908	88.969
738.296	63.845
739.286	45.189
739.986	32.105
740.487	23.208
740.853	17.233
741.127	13.215
741.341	10.483
741.513	8.590
741.655	7.248
741.778	6.271
741.885	5.543
741.981	4.988
742.069	4.557
742.150	4.219
742.226	3.953
742.298	3.745
742.367	3.587
742.435	3.474
742.501	3.403
742.566	3.374
742.632	3.391
742.699	3.459
742.769	3.586
742.842	3.782
742.920	4.064
743.005	4.453
743.100	4.978
743.208	5.679
743.333	6.613
743.481	7.873
743.659	9.614
743.881	12.147
744.166	16.142
744.553	23.142
745.122	36.834
746.054	65.917
747.753	129.532
751.077	261.392
757.456	485.130
767.952	712.606
780.752	725.100
791.511	508.179
798.115	279.625
801.524	142.079
803.227	75.906
804.146	46.281
804.718	32.874
805.135	26.351
805.475	22.757
805.773	20.453
806.044	18.759
806.294	17.391
806.528	16.225
806.749	15.211
806.958	14.323
807.156	13.551
807.345	12.888
807.526	12.332
807.702	11.886
807.872	11.549
808.040	11.325
808.206	11.221
808.372	11.249
808.540	11.421
808.713	11.754
808.892	12.270
809.082	12.999
809.285	13.973
809.506	15.235
809.749	16.829
810.020	18.808
810.326	21.225
810.675	24.130
811.075	27.563
811.534	31.541
812.064	36.046
812.671	40.990
813.363	46.227
814.146	51.527
815.018	56.562
815.974	60.953
816.999	64.327
818.078	66.376
819.185	66.931
820.295	66.008
821.385	63.826
822.434	60.756
823.431	57.247
824.368	53.744
825.249	50.636
826.081	48.226
826.877	46.715
827.652	46.207
828.424	46.775
829.210	48.437
830.029	51.190
830.898	55.000
831.836	59.804
832.857	65.476
833.975	71.791
835.199	78.381
836.529	84.737
837.958	90.209
839.467	94.095
841.026	95.767
842.594	94.843
844.131	91.294
845.595	85.459
846.953	77.985
848.182	69.646
849.275	61.181
850.231	53.196
851.062	46.089
851.784	40.082
852.415	35.256
852.973	31.598
853.477	29.054
853.946	27.570
854.396	27.117
854.844	27.711
855.308	29.437
855.807	32.456
856.363	37.009
857.003	43.424
857.761	52.066
858.674	63.250
859.785	77.067
861.135	93.146
862.754	110.301
864.647	126.407
866.779	138.603
869.066	144.091
871.387	141.272
873.609	130.567
875.617	114.256
877.343	95.439
878.765	76.915
879.902	60.551
880.793	47.177
881.488	36.884
882.035	29.395
882.475	24.287
882.843	21.170
883.169	19.746
883.480	19.839
883.799	21.389
884.148	24.453
884.554	29.172
885.044	35.746
885.650	44.365
886.406	55.116
887.345	67.815
888.497	81.826
889.879	95.933
891.481	108.295
893.261	116.804
895.149	119.708
897.048	116.287
898.857	107.204
900.498	94.226
901.921	79.578
903.110	65.216
904.079	52.422
904.857	41.808
905.479	33.444
905.979	27.108
906.388	22.452
906.730	19.108
907.025	16.753
907.286	15.123
907.525	14.017
907.750	13.283
907.965	12.814
908.174	12.537
908.381	12.402
908.589	12.377
908.797	12.444
909.009	12.596
909.225	12.831
909.447	13.152
909.677	13.570
909.916	14.094
910.167	14.736
910.432	15.510
910.713	16.428
911.013	17.501
911.335	18.733
911.683	20.126
912.060	21.673
912.467	23.355
912.910	25.153
913.388	27.039
913.905	29.002
914.462	31.061
915.061	33.312
915.706	35.979
916.407	39.533
917.184	44.805
918.073	53.174
919.142	66.740
920.496	88.307
922.295	120.712
924.735	164.781
927.982	215.371
932.051	258.360
936.657	274.833
941.251	255.165
945.264	208.323
948.386	153.693
950.615	106.440
952.134	72.123
953.161	49.939
953.878	36.853
954.418	29.918
954.867	26.973
955.282	26.607
955.699	27.960
956.144	30.515
956.635	33.941
957.184	37.996
957.802	42.462
958.494	47.082
959.262	51.567
960.101	55.566
961.006	58.747
961.956	60.776
962.936	61.445
963.923	60.674
964.892	58.564
965.824	55.375
966.702	51.485
967.517	47.332
968.266	43.373
968.955	40.049
969.595	37.800
970.204	37.105
970.811	38.574
971.452	43.064
972.181	51.821
973.074	66.688
974.234	90.063
975.808	124.660
977.974	172.117
980.910	230.290
984.715	289.765
989.291	333.533
994.277	344.780
999.144	319.195
1003.421	268.551
1006.879	210.983
1009.520	159.716
1011.490	119.803
1012.958	90.950
1014.074	70.767
1014.946	56.742
1015.649	46.919
1016.236	39.931
1016.739	34.901
1017.182	31.272
1017.584	28.692
1017.955	26.927
1018.306	25.834
1018.647	25.309
1018.984	25.287
1019.323	25.723
1019.671	26.581
1020.034	27.838
1020.417	29.474
1020.825	31.459
1021.264	33.775
1021.738	36.370
1022.249	39.189
1022.804	42.165
1023.402	45.180
1024.045	48.135
1024.731	50.879
1025.456	53.269
1026.217	55.173
1027.004	56.461
1027.809	57.051
1028.621	56.913
1029.431	56.060
1030.229	54.577
1031.005	52.573
1031.752	50.214
1032.466	47.661
1033.146	45.077
1033.790	42.627
1034.401	40.428
1034.983	38.593
1035.541	37.190
1036.083	36.272
1036.614	35.871
1037.143	35.984
1037.677	36.612
1038.225	37.705
1038.792	39.221
1039.385	41.072
1040.009	43.149
1040.667	45.324
1041.359	47.438
1042.085	49.327
1042.840	50.827
1043.618	51.806
1044.410	52.174
1045.208	51.928
1046.000	51.138
1046.781	49.989
1047.545	48.757
1048.292	47.813
1049.027	47.636
1049.765	48.797
1050.527	51.955
1051.348	57.896
1052.272	67.454
1053.358	81.384
1054.674	100.136
1056.288	123.327
1058.259	149.203
1060.605	174.212
1063.283	193.468
1066.176	202.331
1069.112	198.621
1071.912	183.923
1074.441	162.740
1076.637	140.321
1078.508	120.711
1080.111	106.049
1081.521	96.853
1082.815	92.686
1084.062	92.658
1085.315	95.804
1086.613	101.177
1087.984	107.919
1089.442	115.258
1090.993	122.510
1092.630	129.121
1094.343	134.655
1096.114	138.873
1097.925	141.673
1099.756	143.122
1101.589	143.385
1103.412	142.683
1105.211	141.279
1106.979	139.399
1108.712	137.334
1110.409	135.343
1112.073	133.740
1113.708	132.856
1115.327	133.042
1116.942	134.636
1118.571	137.911
1120.235	143.050
1121.955	149.984
1123.750	158.489
1125.636	167.890
1127.619	177.288
1129.694	185.444
1131.841	191.028
1134.027	192.870
1136.204	190.186
1138.327	182.868
1140.339	171.404
1142.207	156.854
1143.898	140.497
1145.402	123.615
1146.716	107.271
1147.853	92.194
1148.828	78.820
1149.662	67.309
1150.375	57.646
1150.988	49.707
1151.519	43.308
1151.983	38.261
1152.397	34.385
1152.771	31.532
1153.117	29.576
1153.444	28.438
1153.762	28.062
1154.078	28.436
1154.402	29.564
1154.741	31.499
1155.106	34.301
1155.507	38.074
1155.955	42.908
1156.463	48.934
1157.045	56.225
1157.718	64.837
1158.494	74.717
1159.391	85.710
1160.418	97.432
1161.584	109.343
1162.885	120.631
1164.313	130.389
1165.845	137.670
1167.448	141.667
1169.085	141.967
1170.707	138.553
1172.277	131.914
1173.760	122.854
1175.131	112.350
1176.378	101.351
1177.500	90.634
1178.501	80.743
1179.393	71.990
1180.189	64.493
1180.905	58.220
1181.553	53.067
1182.146	48.880
1182.695	45.500
1183.210	42.768
1183.695	40.557
1184.158	38.752
1184.602	37.273
1185.032	36.056
1185.450	35.065
1185.859	34.276
1186.260	33.684
1186.657	33.297
1187.052	33.135
1187.447	33.221
1187.845	33.602
1188.250	34.313
1188.667	35.417
1189.099	36.964
1189.554	39.032
1190.036	41.683
1190.555	45.011
1191.118	49.076
1191.734	53.974
1192.416	59.759
1193.172	66.491
1194.016	74.179
1194.959	82.809
1196.011	92.282
1197.181	102.463
1198.478	113.100
1199.903	123.906
1201.456	134.497
1203.130	144.478
1204.914	153.413
1206.793	160.905
1208.745	166.587
1210.745	170.169
1212.768	171.376
1214.785	170.161
1216.765	166.422
1218.684	160.372
1220.515	152.237
1222.239	142.449
1223.840	131.493
1225.308	119.909
1226.640	108.207
1227.837	96.834
1228.906	86.127
1229.855	76.324
1230.697	67.559
1231.443	59.877
1232.105	53.268
1232.697	47.664
1233.228	42.990
1233.710	39.145
1234.151	36.038
1234.560	33.578
1234.943	31.684
1235.307	30.287
1235.658	29.331
1236.000	28.771
1236.337	28.567
1236.675	28.706
1237.016	29.162
1237.366	29.942
1237.727	31.041
1238.104	32.480
1238.501	34.270
1238.922	36.444
1239.372	39.027
1239.857	42.064
1240.382	45.587
1240.953	49.643
1241.578	54.283
1242.263	59.563
1243.017	65.573
1243.849	72.437
1244.769	80.372
1245.792	89.729
1246.934	101.046
1248.221	115.183
1249.687	133.295
1251.382	156.892
1253.371	187.522
1255.734	226.278
1258.553	272.666
1261.893	323.136
1265.760	370.439
1270.059	404.087
1274.589	414.548
1279.066	397.741
1283.215	357.668
1286.831	304.064
1289.831	247.465
1292.229	195.565
1294.101	152.101
1295.549	117.717
1296.667	91.495
1297.536	71.846
1298.222	57.198
1298.769	46.262
1299.216	37.991
1299.583	31.673
1299.893	26.753
1300.156	22.871
1300.382	19.753
1300.579	17.216
1300.752	15.132
1300.905	13.395
1301.041	11.941
1301.163	10.715
1301.274	9.675
1301.374	8.791
1301.466	8.036
1301.551	7.391
1301.629	6.840
1301.702	6.369
1301.771	5.968
1301.836	5.628
1301.897	5.341
1301.956	5.103
1302.013	4.908
1302.068	4.753
1302.121	4.637
1302.174	4.557
1302.226	4.514
1302.278	4.507
1302.331	4.539
1302.384	4.612
1302.438	4.731
1302.495	4.904
1302.554	5.137
1302.617	5.445
1302.683	5.843
1302.756	6.352
1302.835	7.004
1302.924	7.833
1303.023	8.894
1303.138	10.254
1303.271	12.001
1303.429	14.263
1303.617	17.198
1303.847	21.028
1304.130	26.055
1304.484	32.698
1304.931	41.542
1305.502	53.446
1306.241	69.691
1307.209	92.222
1308.493	124.007
1310.219	169.414
1312.566	234.190
1315.774	323.977
1320.114	439.489
1325.792	567.709
1332.757	675.267
1340.523	718.974
1348.235	676.587
1355.033	567.297
1360.442	434.033
1364.427	312.328
1367.229	217.649
1369.157	150.543
1370.487	105.518
1371.421	76.201
1372.100	57.476
1372.618	45.671
1373.034	38.329
1373.389	33.852
1373.705	31.225
1374.000	29.805
1374.284	29.167
1374.565	29.071
1374.846	29.330
1375.132	29.850
1375.424	30.549
1375.725	31.381
1376.036	32.306
1376.358	33.292
1376.690	34.308
1377.034	35.326
1377.390	36.323
1377.758	37.267
1378.135	38.128
1378.524	38.884
1378.922	39.501
1379.327	39.958
1379.738	40.233
1380.152	40.304
1380.570	40.169
1380.985	39.809
1381.400	39.234
1381.809	38.445
1382.211	37.461
1382.604	36.293
1382.985	34.972
1383.354	33.519
1383.709	31.966
1384.048	30.342
1384.372	28.677
1384.678	26.998
1384.968	25.332
1385.241	23.703
1385.497	22.128
1385.738	20.629
1385.963	19.217
1386.174	17.908
1386.372	16.715
1386.557	15.644
1386.732	14.718
1386.897	13.947
1387.055	13.361
1387.208	12.994
1387.357	12.899
1387.507	13.155
1387.663	13.876
1387.828	15.240
1388.013	17.501
1388.228	21.034
1388.490	26.379
1388.825	34.330
1389.263	45.940
1389.856	62.671
1390.668	86.288
1391.788	118.608
1393.322	161.035
1395.384	212.984
1398.068	270.555
1401.394	324.910
1405.266	363.711
1409.445	375.683
1413.597	357.057
1417.405	314.049
1420.650	258.982
1423.264	203.869
1425.290	156.249
1426.829	118.878
1427.999	91.355
1428.900	71.920
1429.615	58.544
1430.201	49.471
1430.702	43.368
1431.145	39.274
1431.551	36.555
1431.931	34.789
1432.295	33.711
1432.652	33.181
1433.004	33.117
1433.359	33.502
1433.720	34.357
1434.093	35.741
1434.483	37.758
1434.898	40.533
1435.348	44.259
1435.841	49.153
1436.393	55.499
1437.019	63.620
1437.741	73.871
1438.583	86.589
1439.570	102.013
1440.735	120.175
1442.103	140.719
1443.697	162.712
1445.524	184.539
1447.576	203.968
1449.814	218.415
1452.172	225.550
1454.569	224.018
1456.908	213.906
1459.106	196.729
1461.103	174.861
1462.852	151.144
1464.354	127.757
1465.614	106.486
1466.661	88.160
1467.528	73.164
1468.248	61.428
1468.857	52.698
1469.383	46.669
1469.854	43.021
1470.293	41.535
1470.722	42.048
1471.162	44.492
1471.633	48.887
1472.155	55.306
1472.750	63.869
1473.442	74.699
1474.253	87.868
1475.208	103.351
1476.331	120.920
1477.642	140.089
1479.152	160.069
1480.865	179.792
1482.772	198.092
1484.854	213.883
1487.075	226.538
1489.400	236.028
1491.796	243.055
1494.236	248.940
1496.711	254.974
1499.226	262.468
1501.791	271.759
1504.425	282.488
1507.135	293.142
1509.915	301.544
1512.737	305.320
1515.554	302.458
1518.302	292.022
1520.917	274.302
1523.338	250.782
1525.526	223.680
1527.456	195.317
1529.128	167.675
1530.555	142.167
1531.761	119.593
1532.773	100.231
1533.621	84.009
1534.333	70.635
1534.933	59.747
1535.442	50.947
1535.879	43.869
1536.256	38.194
1536.587	33.651
1536.880	30.026
1537.143	27.151
1537.382	24.886
1537.603	23.137
1537.810	21.824
1538.007	20.895
1538.196	20.320
1538.382	20.073
1538.567	20.154
1538.754	20.569
1538.947	21.344
1539.148	22.526
1539.362	24.170
1539.593	26.372
1539.847	29.264
1540.132	33.022
1540.455	37.871
1540.828	44.160
1541.266	52.327
1541.788	62.920
1542.421	76.740
1543.193	94.601
1544.150	117.606
1545.338	146.682
1546.819	182.538
1548.652	224.993
1550.894	272.436
1553.571	321.038
1556.675	364.863
1560.128	396.503
1563.792	409.481
1567.481	400.598
1571.001	371.574
1574.193	328.146
1576.956	277.867
1579.260	227.549
1581.126	181.850
1582.606	143.087
1583.766	111.731
1584.670	87.267
1585.378	68.596
1585.937	54.621
1586.383	44.289
1586.748	36.736
1587.053	31.291
1587.315	27.436
1587.547	24.795
1587.758	23.093
1587.957	22.147
1588.150	21.842
1588.342	22.120
1588.537	22.979
1588.743	24.463
1588.964	26.676
1589.206	29.779
1589.479	34.012
1589.793	39.713
1590.163	47.305
1590.607	57.370
1591.148	70.603
1591.817	87.821
1592.653	109.947
1593.698	137.735
1595.007	171.724
1596.635	211.695
1598.624	256.066
1601.006	301.835
1603.774	344.029
1606.873	376.759
1610.200	394.543
1613.609	394.242
1616.941	376.478
1620.063	345.155
1622.873	306.356
1625.334	266.029
1627.450	228.759
1629.258	197.373
1630.815	172.850
1632.179	155.137
1633.407	143.469
1634.547	136.785
1635.639	134.059
1636.714	134.213
1637.790	136.289
1638.886	139.498
1640.008	143.025
1641.155	146.198
1642.330	148.514
1643.518	149.451
1644.711	148.721
1645.895	146.166
1647.052	141.768
1648.175	135.667
1649.243	128.120
1650.253	119.436
1651.189	110.023
1652.052	100.215
1652.836	90.384
1653.544	80.792
1654.177	71.678
1654.739	63.192
1655.234	55.428
1655.670	48.440
1656.052	42.224
1656.386	36.758
1656.677	31.995
1656.932	27.877
1657.155	24.344
1657.351	21.333
1657.523	18.778
1657.675	16.619
1657.811	14.806
1657.932	13.290
1658.042	12.028
1658.142	10.986
1658.234	10.128
1658.319	9.428
1658.399	8.866
1658.475	8.418
1658.547	8.069
1658.617	7.806
1658.685	7.617
1658.752	7.492
1658.818	7.424
1658.884	7.405
1658.950	7.432
1659.017	7.500
1659.084	7.605
1659.154	7.745
1659.224	7.920
1659.297	8.126
1659.373	8.365
1659.451	8.635
1659.531	8.940
1659.616	9.281
1659.704	9.660
1659.796	10.081
1659.892	10.555
1659.994	11.094
1660.101	11.709
1660.215	12.430
1660.337	13.300
1660.469	14.370
1660.612	15.737
1660.770	17.543
1660.947	19.989
1661.151	23.415
1661.393	28.311
1661.689	35.440
1662.063	45.934
1662.553	61.480
1663.215	84.482
1664.130	118.217
1665.414	166.756
1667.219	234.152
1669.731	322.717
1673.135	429.110
1677.545	540.441
1682.905	633.119
1688.921	680.770
1695.093	669.334
1700.898	607.172
1705.971	519.207
1710.187	431.279
1713.630	359.483
1716.478	308.937
1718.921	277.724
1721.121	261.042
1723.191	253.710
1725.200	251.241
1727.184	250.166
1729.148	248.132
1731.085	243.690
1732.974	236.257
1734.793	225.901
1736.521	213.119
1738.143	198.655
1739.645	183.369
1741.028	167.979
1742.292	153.103
1743.439	139.193
1744.484	126.475
1745.433	115.099
1746.295	105.098
1747.086	96.398
1747.812	88.975
1748.482	82.722
1749.110	77.573
1749.698	73.485
1750.259	70.415
1750.799	68.386
1751.325	67.423
1751.847	67.596
1752.372	69.020
1752.912	71.835
1753.477	76.220
1754.079	82.394
1754.734	90.588
1755.457	101.068
1756.266	114.044
1757.181	129.708
1758.224	148.121
1759.414	169.143
1760.771	192.391
1762.309	217.107
1764.036	242.161
1765.950	266.065
1768.037	287.137
1770.269	303.707
1772.607	314.396
1774.999	318.524
1777.397	316.173
1779.755	308.113
1782.030	295.875
1784.197	281.133
1786.242	265.418
1788.161	250.233
1789.963	236.439
1791.659	224.365
1793.266	214.268
1794.798	205.860
1796.266	198.634
1797.682	192.228
1799.048	186.072
1800.369	179.719
1801.642	172.888
1802.864	165.329
1804.030	156.983
1805.136	147.888
1806.175	138.181
1807.146	128.050
1808.043	117.743
1808.869	107.457
1809.621	97.444
1810.304	87.868
1810.919	78.881
1811.474	70.567
1811.970	62.997
1812.414	56.188
1812.811	50.166
1813.167	44.883
1813.486	40.293
1813.774	36.389
1814.035	33.114
1814.274	30.386
1814.494	28.208
1814.699	26.526
1814.895	25.286
1815.081	24.495
1815.263	24.115
1815.444	24.137
1815.625	24.573
1815.812	25.402
1816.006	26.669
1816.211	28.367
1816.430	30.542
1816.668	33.218
1816.928	36.442
1817.214	40.249
1817.532	44.680
1817.886	49.769
1818.282	55.560
1818.726	62.044
1819.222	69.223
1819.778	77.050
1820.396	85.423
1821.083	94.208
1821.841	103.225
1822.672	112.188
1823.571	120.770
1824.542	128.658
1825.572	135.447
1826.651	140.767
1827.774	144.354
1828.919	145.973
1830.071	145.522
1831.221	143.061
1832.343	138.755
1833.429	132.876
1834.468	125.791
1835.448	117.897
1836.365	109.567
1837.217	101.197
1838.003	93.056
1838.726	85.411
1839.392	78.433
1840.003	72.246
1840.568	66.905
1841.094	62.474
1841.586	58.944
1842.052	56.335
1842.501	54.664
1842.938	53.947
1843.373	54.255
1843.812	55.677
1844.267	58.366
1844.746	62.541
1845.264	68.505
1845.833	76.650
1846.475	87.488
1847.211	101.630
1848.070	119.783
1849.085	142.685
1850.295	170.960
1851.743	204.939
1853.474	244.388
1855.525	288.067
1857.922	333.433
1860.661	376.598
1863.712	412.675
1866.999	436.759
1870.413	445.362
1873.830	437.346
1877.125	414.705
1880.196	381.649
1882.984	343.160
1885.462	304.237
1887.641	268.462
1889.554	238.022
1891.246	213.914
1892.767	196.136
1894.164	184.203
1895.479	177.416
1896.750	174.931
1898.004	175.787
1899.268	179.233
1900.558	184.488
1901.884	190.673
1903.253	197.014
1904.665	202.847
1906.114	207.401
1907.589	210.095
1909.081	210.510
1910.565	208.351
1912.030	203.571
1913.455	196.320
1914.822	186.888
1916.120	175.741
1917.335	163.418
1918.464	150.419
1919.498	137.273
1920.442	124.386
1921.297	112.123
1922.067	100.702
1922.759	90.288
1923.381	80.944
1923.939	72.715
1924.443	65.560
1924.897	59.425
1925.310	54.238
1925.690	49.915
1926.041	46.378
1926.367	43.540
1926.676	41.347
1926.971	39.733
1927.255	38.618
1927.533	37.978
1927.809	37.786
1928.083	37.991
1928.361	38.570
1928.645	39.532
1928.937	40.846
1929.240	42.495
1929.557	44.504
1929.890	46.841
1930.243	49.507
1930.616	52.511
1931.013	55.814
1931.438	59.420
1931.890	63.288
1932.373	67.392
1932.889	71.661
1933.438	76.053
1934.022	80.494
1934.642	84.876
1935.295	89.110
1935.980	93.068
1936.698	96.665
1937.443	99.766
1938.211	102.274
1938.999	104.108
1939.801	105.196
1940.609	105.510
1941.420	105.051
1942.229	103.833
1943.026	101.948
1943.807	99.444
1944.572	96.461
1945.312	93.126
1946.027	89.529
1946.715	85.839
1947.375	82.143
1948.008	78.567
1948.615	75.193
1949.196	72.093
1949.754	69.311
1950.293	66.911
1950.815	64.896
1951.322	63.277
1951.818	62.042
1952.307	61.209
1952.790	60.725
1953.271	60.564
1953.754	60.724
1954.238	61.128
1954.727	61.754
1955.224	62.571
1955.727	63.510
1956.240	64.554
1956.762	65.652
1957.294	66.769
1957.837	67.885
1958.390	68.966
1958.953	70.015
1959.525	71.019
1960.107	71.995
1960.697	72.975
1961.297	73.987
1961.906	75.088
1962.526	76.356
1963.157	77.852
1963.802	79.674
1964.464	81.916
1965.146	84.672
1965.853	88.013
1966.590	92.024
1967.363	96.777
1968.176	102.245
1969.036	108.399
1969.951	115.194
1970.922	122.398
1971.953	129.790
1973.047	137.068
1974.199	143.815
1975.404	149.600
1976.655	154.028
1977.937	156.674
1979.236	157.271
1980.534	155.649
1981.812	151.804
1983.055	145.911
1984.242	138.252
1985.364	129.231
1986.409	119.282
1987.371	108.855
1988.247	98.350
1989.038	88.105
1989.745	78.371
1990.375	69.333
1990.932	61.085
1991.424	53.677
1991.857	47.100
1992.238	41.316
1992.573	36.275
1992.868	31.906
1993.129	28.133
1993.359	24.885
1993.565	22.092
1993.747	19.692
1993.911	17.629
1994.058	15.855
1994.191	14.321
1994.312	12.995
1994.422	11.842
1994.523	10.837
1994.616	9.957
1994.702	9.182
1994.781	8.497
1994.855	7.889
1994.924	7.345
1994.988	6.859
1995.049	6.420
1995.106	6.023
1995.160	5.663
1995.210	5.335
1995.258	5.034
1995.304	4.759
1995.347	4.505
1995.388	4.271
1995.427	4.054
1995.465	3.852
1995.500	3.665
1995.534	3.492
1995.567	3.331
1995.598	3.180
1995.629	3.037
1995.657	2.905
1995.685	2.780
1995.712	2.664
1995.737	2.555
1995.762	2.451
1995.786	2.354
1995.809	2.263
1995.831	2.176
1995.853	2.095
1995.873	2.018
1995.893	1.945
1995.913	1.877
1995.932	1.812
1995.950	1.750
1995.968	1.692
1995.985	1.636
1996.002	1.584
1996.018	1.534
1996.034	1.487
1996.050	1.441
1996.065	1.399
1996.080	1.358
1996.094	1.319
1996.108	1.282
1996.122	1.247
1996.135	1.213
1996.148	1.181
1996.161	1.150
1996.173	1.121
1996.186	1.093
1996.198	1.066
1996.209	1.040
1996.221	1.015
1996.232	0.992
1996.243	0.969
1996.254	0.947
1996.265	0.926
1996.276	0.906
1996.286	0.887
1996.296	0.868
1996.306	0.850
1996.316	0.833
1996.326	0.816
1996.335	0.800
1996.345	0.785
1996.354	0.769
1996.363	0.755
1996.372	0.741
1996.381	0.727
1996.390	0.714
1996.398	0.701
1996.407	0.688
1996.415	0.676
1996.424	0.664
1996.432	0.653
1996.440	0.641
1996.448	0.630
1996.456	0.620
1996.464	0.609
1996.472	0.599
1996.479	0.589
1996.487	0.579
1996.494	0.570
1996.502	0.560
1996.509	0.551
1996.516	0.542
1996.523	0.533
1996.530	0.525
1996.537	0.516
1996.544	0.508
1996.551	0.500
1996.558	0.492
1996.564	0.484
1996.571	0.476
1996.578	0.468
1996.584	0.461
1996.590	0.454
1996.596	0.446
1996.603	0.439
1996.609	0.432
1996.615	0.425
1996.621	0.418
1996.627	0.411
1996.633	0.405
1996.639	0.398
1996.644	0.391
1996.650	0.385
1996.656	0.379
1996.661	0.372
1996.667	0.366
1996.672	0.360
1996.677	0.354
1996.683	0.348
1996.688	0.342
1996.693	0.337
1996.698	0.331
1996.703	0.325
1996.708	0.320
1996.713	0.314
1996.718	0.309
1996.723	0.303
1996.728	0.298
1996.732	0.293
1996.737	0.288
1996.742	0.282
1996.746	0.277
1996.750	0.272
1996.755	0.268
1996.759	0.263
1996.763	0.258
1996.768	0.253
1996.772	0.249
1996.776	0.244
1996.780	0.239
1996.784	0.235
1996.788	0.231
1996.792	0.226
1996.796	0.222
1996.799	0.218
1996.803	0.214
1996.807	0.210
1996.810	0.205
1996.814	0.202
1996.818	0.198
1996.821	0.194
1996.824	0.190
1996.828	0.186
1996.831	0.183
1996.834	0.179
1996.838	0.175
1996.841	0.172
