<j>	<F>
1.227	19.790
2.511	17.268
4.164	11.721
5.345	10.462
6.447	11.402
7.520	11.037
8.240	12.593
9.078	15.018
10.176	14.735
11.271	15.252
13.196	13.267
14.896	10.638
15.740	11.044
16.381	12.102
16.919	13.698
17.484	15.593
18.195	17.363
19.399	17.420
20.871	15.708
22.034	15.413
23.341	15.116
25.194	13.788
26.922	12.280
27.911	12.276
28.803	12.746
29.930	12.896
31.173	12.713
32.302	12.679
33.466	12.725
34.773	12.528
35.952	12.375
36.943	12.527
38.010	12.699
39.278	12.614
40.539	12.415
41.541	12.450
42.313	12.783
43.017	13.260
43.777	13.730
44.690	14.046
45.767	14.126
46.852	14.115
47.783	14.255
48.552	14.607
49.220	15.128
49.898	15.715
50.788	16.108
52.067	15.961
53.474	15.479
54.587	15.342
55.604	15.477
56.960	15.316
58.648	14.695
60.098	14.212
61.116	14.202
62.004	14.419
63.074	14.536
64.465	14.357
66.053	13.968
67.664	13.578
69.305	13.211
70.942	12.852
72.437	12.581
73.727	12.449
74.843	12.432
75.815	12.500
76.640	12.652
77.316	12.897
77.862	13.237
78.309	13.663
78.687	14.166
79.012	14.743
79.299	15.393
79.564	16.115
79.828	16.899
80.127	17.717
80.547	18.488
81.310	18.969
82.951	18.592
85.997	16.901
89.654	14.865
92.590	13.538
94.416	12.988
95.490	12.924
96.221	13.089
96.837	13.345
97.476	13.617
98.259	13.836
99.285	13.934
100.576	13.877
102.009	13.716
103.414	13.556
104.764	13.441
106.155	13.327
107.629	13.173
109.074	13.013
110.318	12.923
111.287	12.951
112.026	13.092
112.625	13.310
113.165	13.572
113.693	13.850
114.232	14.133
114.784	14.415
115.337	14.701
115.883	14.998
116.434	15.305
117.050	15.598
117.885	15.803
119.238	15.759
121.391	15.285
123.984	14.519
126.099	13.947
127.495	13.746
128.510	13.758
129.391	13.844
130.193	13.963
130.886	14.125
131.446	14.346
131.885	14.633
132.241	14.976
132.561	15.356
132.900	15.750
133.322	16.125
133.921	16.427
134.838	16.575
136.238	16.468
138.148	16.075
140.269	15.545
142.156	15.116
143.602	14.899
144.642	14.876
145.385	14.998
145.936	15.220
146.394	15.503
146.859	15.806
147.459	16.070
148.376	16.206
149.789	16.110
151.650	15.772
153.505	15.389
154.937	15.182
155.999	15.167
157.033	15.212
158.413	15.155
160.408	14.871
162.888	14.382
165.273	13.899
167.150	13.598
168.628	13.461
170.002	13.388
171.470	13.300
173.060	13.174
174.661	13.035
176.121	12.925
177.350	12.876
178.352	12.891
179.181	12.959
179.893	13.063
180.532	13.191
181.126	13.335
181.696	13.491
182.266	13.651
182.868	13.808
183.536	13.950
184.314	14.064
185.233	14.137
186.305	14.163
187.503	14.145
188.767	14.100
190.021	14.052
191.208	14.021
192.296	14.017
193.273	14.045
194.139	14.105
194.907	14.197
195.607	14.313
196.287	14.442
197.018	14.564
197.888	14.652
198.969	14.679
200.275	14.634
201.705	14.537
203.062	14.445
204.179	14.414
205.004	14.469
205.591	14.602
206.029	14.790
206.397	15.011
206.759	15.244
207.170	15.471
207.694	15.672
208.418	15.817
209.456	15.866
210.901	15.782
212.709	15.567
214.613	15.300
216.273	15.093
217.533	15.008
218.458	15.034
219.188	15.130
219.838	15.258
220.472	15.396
221.122	15.532
221.793	15.663
222.485	15.788
223.206	15.906
223.978	16.011
224.850	16.089
225.880	16.120
227.107	16.088
228.494	15.997
229.905	15.886
231.177	15.808
232.220	15.799
233.053	15.860
233.759	15.968
234.435	16.095
235.178	16.210
236.090	16.281
237.312	16.267
239.034	16.116
241.408	15.783
244.315	15.297
247.240	14.797
249.664	14.426
251.462	14.222
252.787	14.145
253.820	14.146
254.671	14.193
255.398	14.271
256.028	14.374
256.580	14.497
257.069	14.637
257.512	14.792
257.922	14.958
258.313	15.133
258.699	15.313
259.095	15.495
259.518	15.674
259.989	15.845
260.538	15.999
261.202	16.126
262.033	16.210
263.086	16.235
264.414	16.185
266.049	16.053
267.993	15.842
270.217	15.563
272.634	15.242
275.057	14.919
277.220	14.653
278.926	14.487
280.144	14.431
280.968	14.469
281.528	14.571
281.928	14.715
282.238	14.886
282.502	15.072
282.746	15.269
282.991	15.471
283.259	15.673
283.590	15.867
284.058	16.037
284.803	16.149
286.067	16.148
288.143	15.957
291.086	15.553
294.321	15.055
296.978	14.667
298.713	14.483
299.740	14.465
300.377	14.541
300.832	14.665
301.212	14.811
301.565	14.966
301.914	15.125
302.267	15.287
302.631	15.449
303.010	15.611
303.412	15.770
303.849	15.925
304.344	16.069
304.935	16.195
305.689	16.287
306.700	16.323
308.088	16.274
309.951	16.116
312.278	15.851
314.878	15.521
317.443	15.196
319.723	14.934
321.610	14.755
323.106	14.657
324.262	14.628
325.148	14.654
325.834	14.723
326.388	14.820
326.866	14.937
327.316	15.063
327.773	15.191
328.268	15.314
328.828	15.427
329.475	15.524
330.236	15.599
331.133	15.647
332.191	15.662
333.423	15.640
334.827	15.583
336.369	15.495
337.993	15.390
339.641	15.279
341.295	15.170
343.001	15.059
344.858	14.928
346.970	14.759
349.354	14.546
351.867	14.308
354.244	14.086
356.244	13.923
357.773	13.835
358.876	13.817
359.657	13.854
360.221	13.930
360.648	14.031
360.991	14.148
361.287	14.277
361.561	14.412
361.831	14.550
362.113	14.690
362.424	14.827
362.781	14.959
363.208	15.082
363.731	15.190
364.383	15.277
365.200	15.337
366.211	15.362
367.433	15.348
368.857	15.296
370.443	15.214
372.131	15.112
373.856	15.002
375.570	14.895
377.234	14.796
378.817	14.711
380.284	14.644
381.598	14.601
382.737	14.586
383.692	14.600
384.477	14.642
385.113	14.709
385.632	14.798
386.062	14.903
386.430	15.021
386.759	15.148
387.068	15.281
387.377	15.417
387.707	15.552
388.087	15.682
388.560	15.799
389.200	15.891
390.124	15.938
391.509	15.910
393.550	15.772
396.318	15.509
399.550	15.159
402.670	14.816
405.183	14.566
406.971	14.433
408.183	14.396
409.026	14.421
409.656	14.483
410.171	14.565
410.630	14.659
411.074	14.758
411.545	14.856
412.093	14.945
412.794	15.016
413.756	15.052
415.115	15.032
417.001	14.936
419.426	14.757
422.180	14.523
424.854	14.290
427.073	14.115
428.687	14.022
429.764	14.007
430.455	14.048
430.900	14.128
431.198	14.232
431.411	14.350
431.576	14.478
431.714	14.613
431.837	14.752
431.955	14.894
432.075	15.039
432.206	15.185
432.359	15.331
432.552	15.474
432.817	15.609
433.202	15.729
433.786	15.822
434.686	15.869
436.040	15.847
437.953	15.738
440.374	15.543
443.008	15.306
445.429	15.090
447.337	14.948
448.686	14.890
449.596	14.900
450.224	14.957
450.695	15.042
451.096	15.140
451.486	15.243
451.906	15.344
452.396	15.437
452.999	15.516
453.768	15.572
454.765	15.597
456.054	15.579
457.679	15.512
459.632	15.396
461.822	15.243
464.082	15.076
466.232	14.922
468.144	14.800
469.768	14.718
471.120	14.675
472.244	14.663
473.191	14.677
474.002	14.709
474.712	14.756
475.345	14.815
475.922	14.882
476.457	14.955
476.962	15.033
477.446	15.115
477.915	15.200
478.376	15.287
478.836	15.375
479.302	15.464
479.785	15.551
480.300	15.635
480.867	15.713
481.513	15.780
482.275	15.833
483.194	15.864
484.312	15.867
485.654	15.837
487.213	15.775
488.930	15.687
490.706	15.589
492.424	15.495
493.992	15.421
495.369	15.373
496.559	15.352
497.592	15.354
498.510	15.373
499.355	15.404
500.166	15.441
500.988	15.478
501.873	15.509
502.894	15.525
504.148	15.513
505.757	15.458
507.837	15.345
510.420	15.168
513.371	14.942
516.371	14.705
519.060	14.501
521.219	14.360
522.831	14.285
524.005	14.264
524.882	14.281
525.586	14.322
526.211	14.374
526.821	14.430
527.463	14.484
528.166	14.532
528.948	14.571
529.813	14.601
530.751	14.622
531.737	14.636
532.736	14.647
533.706	14.660
534.612	14.679
535.426	14.708
536.134	14.750
536.734	14.804
537.235	14.870
537.651	14.948
538.000	15.035
538.298	15.129
538.561	15.230
538.803	15.334
539.038	15.441
539.277	15.549
539.532	15.657
539.813	15.763
540.133	15.865
540.501	15.962
540.928	16.052
541.424	16.133
541.994	16.206
542.638	16.268
543.352	16.320
544.124	16.364
544.938	16.401
545.776	16.434
546.624	16.465
547.475	16.496
548.334	16.527
549.223	16.554
550.181	16.573
551.276	16.576
552.614	16.550
554.344	16.475
556.655	16.329
559.691	16.094
563.397	15.776
567.388	15.420
571.084	15.098
574.061	14.860
576.228	14.718
577.729	14.657
578.765	14.651
579.504	14.682
580.063	14.735
580.520	14.801
580.928	14.875
581.330	14.952
581.765	15.026
582.284	15.094
582.952	15.148
583.860	15.178
585.122	15.172
586.861	15.117
589.150	15.003
591.925	14.835
594.934	14.637
597.806	14.447
600.230	14.300
602.080	14.210
603.399	14.175
604.314	14.183
604.953	14.221
605.422	14.278
605.793	14.348
606.115	14.423
606.421	14.502
606.734	14.581
607.074	14.659
607.455	14.734
607.891	14.803
608.396	14.867
608.978	14.923
609.645	14.970
610.396	15.009
611.226	15.039
612.120	15.061
613.055	15.079
614.006	15.094
614.947	15.109
615.857	15.127
616.726	15.149
617.551	15.176
618.337	15.207
619.098	15.242
619.849	15.278
620.608	15.314
621.392	15.347
622.215	15.377
623.091	15.402
624.029	15.420
625.040	15.431
626.130	15.433
627.306	15.425
628.572	15.409
629.927	15.382
631.364	15.347
632.862	15.305
634.392	15.258
635.914	15.212
637.387	15.170
638.773	15.137
640.052	15.114
641.218	15.103
642.283	15.103
643.269	15.111
644.209	15.126
645.138	15.142
646.089	15.157
647.091	15.168
648.162	15.172
649.304	15.169
650.504	15.159
651.729	15.145
652.937	15.132
654.081	15.124
655.122	15.125
656.034	15.139
656.808	15.166
657.450	15.208
657.973	15.261
658.399	15.326
658.749	15.400
659.047	15.480
659.319	15.565
659.596	15.651
659.925	15.734
660.387	15.806
661.130	15.854
662.432	15.853
664.764	15.759
668.751	15.514
674.731	15.084
681.956	14.535
688.666	14.025
693.598	13.672
696.746	13.479
698.695	13.395
699.976	13.371
700.907	13.379
701.652	13.403
702.288	13.437
702.853	13.476
703.364	13.520
703.831	13.568
704.261	13.619
704.659	13.673
705.030	13.729
705.377	13.788
705.704	13.849
706.015	13.911
706.314	13.975
706.605	14.040
706.890	14.106
707.174	14.173
707.461	14.241
707.753	14.308
708.054	14.375
708.369	14.442
708.701	14.508
709.054	14.572
709.433	14.635
709.843	14.696
710.289	14.754
710.775	14.809
711.308	14.860
711.894	14.907
712.539	14.949
713.250	14.985
714.037	15.015
714.907	15.037
715.872	15.051
716.943	15.056
718.134	15.051
719.457	15.033
720.922	15.004
722.533	14.961
724.284	14.907
726.153	14.842
728.103	14.770
730.086	14.694
732.045	14.620
733.931	14.553
735.707	14.494
737.349	14.446
738.854	14.410
740.228	14.385
741.485	14.370
742.642	14.363
743.716	14.364
744.722	14.370
745.670	14.381
746.567	14.396
747.417	14.415
748.221	14.438
748.979	14.464
749.691	14.494
750.355	14.528
750.971	14.566
751.539	14.608
752.062	14.654
752.542	14.703
752.982	14.757
753.389	14.813
753.769	14.873
754.128	14.934
754.476	14.998
754.822	15.062
755.179	15.126
755.560	15.188
755.985	15.248
756.474	15.303
757.053	15.350
757.752	15.388
758.605	15.414
759.642	15.423
760.885	15.414
762.342	15.387
763.991	15.341
765.784	15.282
767.646	15.216
769.498	15.149
771.271	15.088
772.923	15.038
774.438	14.999
775.822	14.972
777.096	14.954
778.279	14.945
779.392	14.942
780.448	14.943
781.459	14.949
782.437	14.958
783.395	14.969
784.352	14.980
785.334	14.990
786.374	14.996
787.514	14.995
788.796	14.984
790.262	14.958
791.936	14.916
793.815	14.858
795.854	14.786
797.967	14.708
800.047	14.630
801.985	14.561
803.708	14.509
805.182	14.475
806.412	14.460
807.431	14.461
808.285	14.477
809.022	14.502
809.689	14.533
810.332	14.567
810.994	14.601
811.715	14.631
812.540	14.655
813.513	14.668
814.675	14.668
816.062	14.652
817.692	14.618
819.561	14.566
821.636	14.498
823.859	14.419
826.161	14.334
828.480	14.248
830.778	14.164
833.039	14.084
835.260	14.008
837.444	13.935
839.575	13.867
841.627	13.803
843.560	13.747
845.338	13.701
846.931	13.667
848.333	13.645
849.555	13.635
850.625	13.635
851.582	13.643
852.470	13.656
853.337	13.672
854.233	13.687
855.207	13.698
856.305	13.703
857.569	13.697
859.027	13.680
860.692	13.650
862.546	13.608
864.542	13.557
866.604	13.500
868.642	13.444
870.565	13.393
872.306	13.352
873.827	13.325
875.119	13.310
876.196	13.309
877.085	13.319
877.819	13.339
878.428	13.367
878.940	13.401
879.379	13.439
879.762	13.482
880.102	13.528
880.410	13.576
880.693	13.626
880.958	13.677
881.208	13.730
881.445	13.784
881.674	13.839
881.895	13.895
882.110	13.951
882.320	14.008
882.528	14.066
882.734	14.124
882.940	14.183
883.147	14.242
883.359	14.302
883.575	14.361
883.800	14.420
884.036	14.479
884.286	14.538
884.553	14.595
884.841	14.652
885.156	14.707
885.501	14.761
885.882	14.813
886.305	14.861
886.774	14.907
887.296	14.950
887.873	14.988
888.509	15.023
889.203	15.053
889.953	15.079
890.751	15.101
891.588	15.120
892.450	15.137
893.321	15.154
894.185	15.170
895.026	15.187
895.828	15.208
896.583	15.231
897.281	15.259
897.920	15.291
898.502	15.327
899.028	15.368
899.504	15.413
899.937	15.462
900.334	15.513
900.703	15.568
901.051	15.624
901.388	15.682
901.721	15.741
902.059	15.799
902.412	15.857
902.790	15.914
903.207	15.968
903.675	16.018
904.213	16.064
904.839	16.103
905.574	16.133
906.442	16.153
907.466	16.161
908.665	16.155
910.048	16.134
911.609	16.098
913.323	16.049
915.145	15.991
917.012	15.929
918.857	15.867
920.620	15.812
922.257	15.765
923.748	15.731
925.091	15.707
926.302	15.695
927.411	15.691
928.452	15.693
929.469	15.698
930.516	15.702
931.654	15.700
932.961	15.688
934.525	15.658
936.437	15.604
938.770	15.521
941.539	15.407
944.662	15.268
947.945	15.116
951.139	14.968
954.009	14.841
956.417	14.745
958.334	14.683
959.807	14.651
960.924	14.643
961.770	14.655
962.421	14.680
962.936	14.716
963.358	14.758
963.718	14.805
964.038	14.855
964.335	14.907
964.622	14.960
964.911	15.014
965.211	15.068
965.533	15.120
965.887	15.171
966.282	15.220
966.732	15.265
967.249	15.306
967.846	15.342
968.539	15.371
969.340	15.393
970.265	15.407
971.326	15.412
972.536	15.406
973.908	15.389
975.452	15.361
977.180	15.321
979.102	15.268
981.220	15.202
983.524	15.124
985.980	15.036
988.524	14.942
991.068	14.848
993.508	14.760
995.750	14.684
997.728	14.624
999.410	14.583
1000.798	14.560
1001.921	14.554
1002.817	14.562
1003.528	14.583
1004.093	14.613
1004.547	14.651
1004.915	14.694
1005.221	14.742
1005.479	14.793
1005.701	14.848
1005.897	14.904
1006.074	14.962
1006.235	15.021
1006.386	15.082
1006.529	15.143
1006.667	15.206
1006.801	15.269
1006.934	15.332
1007.066	15.396
1007.200	15.461
1007.338	15.525
1007.482	15.590
1007.635	15.655
1007.802	15.719
1007.989	15.782
1008.204	15.844
1008.461	15.904
1008.783	15.960
1009.207	16.010
1009.799	16.049
1010.679	16.071
1012.060	16.062
1014.308	15.999
1017.978	15.850
1023.685	15.576
1031.591	15.168
1040.745	14.682
1049.302	14.232
1055.884	13.899
1060.302	13.696
1063.082	13.590
1064.820	13.546
1065.945	13.538
1066.713	13.551
1067.272	13.576
1067.700	13.609
1068.047	13.646
1068.337	13.687
1068.588	13.730
1068.812	13.775
1069.016	13.821
1069.204	13.868
1069.381	13.917
1069.551	13.966
1069.715	14.015
1069.877	14.066
1070.038	14.116
1070.201	14.167
1070.368	14.218
1070.542	14.269
1070.725	14.319
1070.922	14.370
1071.136	14.419
1071.373	14.468
1071.639	14.516
1071.943	14.562
1072.296	14.605
1072.710	14.646
1073.204	14.682
1073.796	14.713
1074.512	14.737
1075.378	14.754
1076.424	14.760
1077.675	14.755
1079.151	14.737
1080.851	14.706
1082.756	14.663
1084.816	14.611
1086.957	14.553
1089.092	14.495
1091.135	14.441
1093.019	14.395
1094.701	14.360
1096.168	14.336
1097.429	14.325
1098.507	14.323
1099.434	14.330
1100.238	14.344
1100.952	14.364
1101.599	14.388
1102.202	14.414
1102.775	14.442
1103.335	14.472
1103.891	14.501
1104.450	14.531
1105.021	14.561
1105.605	14.589
1106.208	14.617
1106.829	14.644
1107.471	14.670
1108.131	14.694
1108.810	14.718
1109.503	14.741
1110.209	14.763
1110.922	14.785
1111.640	14.806
1112.356	14.827
1113.066	14.849
1113.765	14.871
1114.451	14.894
1115.118	14.918
1115.765	14.944
1116.389	14.970
1116.992	14.998
1117.574	15.027
1118.135	15.057
1118.681	15.089
1119.214	15.121
1119.741	15.154
1120.267	15.187
1120.800	15.221
1121.348	15.253
1121.920	15.284
1122.527	15.313
1123.183	15.340
1123.900	15.364
1124.695	15.383
1125.590	15.396
1126.607	15.403
1127.775	15.400
1129.126	15.388
1130.693	15.363
1132.507	15.324
1134.587	15.270
1136.926	15.201
1139.486	15.120
1142.184	15.029
1144.904	14.937
1147.524	14.850
1149.925	14.774
1152.033	14.714
1153.814	14.672
1155.270	14.648
1156.435	14.640
1157.351	14.646
1158.064	14.663
1158.616	14.690
1159.045	14.724
1159.380	14.763
1159.644	14.808
1159.855	14.855
1160.027	14.905
1160.171	14.957
1160.296	15.010
1160.409	15.065
1160.516	15.120
1160.626	15.176
1160.747	15.231
1160.893	15.286
1161.084	15.339
1161.351	15.388
1161.744	15.432
1162.344	15.464
1163.276	15.481
1164.724	15.470
1166.933	15.419
1170.170	15.314
1174.595	15.146
1180.069	14.919
1186.041	14.664
1191.725	14.420
1196.483	14.223
1200.084	14.086
1202.643	14.004
1204.421	13.963
1205.677	13.950
1206.607	13.955
1207.341	13.970
1207.961	13.991
1208.517	14.016
1209.034	14.044
1209.531	14.072
1210.013	14.102
1210.487	14.131
1210.953	14.162
1211.415	14.192
1211.871	14.223
1212.322	14.255
1212.769	14.286
1213.211	14.318
1213.650	14.351
1214.085	14.383
1214.518	14.416
1214.951	14.449
1215.384	14.482
1215.818	14.515
1216.256	14.548
1216.699	14.581
1217.148	14.614
1217.604	14.647
1218.070	14.679
1218.544	14.711
1219.029	14.742
1219.524	14.773
1220.028	14.804
1220.540	14.834
1221.060	14.864
1221.585	14.893
1222.114	14.923
1222.643	14.952
1223.172	14.982
1223.698	15.012
1224.221	15.042
1224.739	15.072
1225.253	15.103
1225.765	15.134
1226.276	15.165
1226.791	15.196
1227.316	15.226
1227.857	15.256
1228.422	15.285
1229.023	15.312
1229.670	15.337
1230.375	15.359
1231.152	15.377
1232.012	15.391
1232.966	15.400
1234.020	15.403
1235.174	15.401
1236.423	15.393
1237.749	15.381
1239.133	15.366
1240.542	15.348
1241.947	15.331
1243.315	15.314
1244.619	15.302
1245.840	15.293
1246.968	15.289
1247.999	15.291
1248.940	15.297
1249.801	15.308
1250.598	15.323
1251.348	15.340
1252.069	15.360
1252.781	15.380
1253.505	15.400
1254.257	15.419
1255.058	15.435
1255.926	15.448
1256.877	15.457
1257.925	15.460
1259.076	15.458
1260.335	15.450
1261.694	15.437
1263.143	15.418
1264.654	15.396
1266.205	15.372
1267.761	15.347
1269.295	15.322
1270.779	15.300
1272.196	15.282
1273.534	15.267
1274.790	15.257
1275.967	15.251
1277.072	15.249
1278.113	15.251
1279.102	15.255
1280.047	15.262
1280.959	15.271
1281.845	15.281
1282.711	15.292
1283.564	15.304
1284.405	15.317
1285.240	15.330
1286.070	15.344
1286.897	15.357
1287.721	15.371
1288.544	15.385
1289.367	15.398
1290.190	15.412
1291.016	15.426
1291.842	15.440
1292.672	15.453
1293.506	15.466
1294.345	15.479
1295.189	15.492
1296.037	15.505
1296.891	15.517
1297.747	15.529
1298.607	15.541
1299.467	15.553
1300.328	15.565
1301.187	15.577
1302.046	15.589
1302.906	15.601
1303.772	15.612
1304.652	15.623
1305.559	15.633
1306.512	15.641
1307.538	15.645
1308.678	15.644
1309.984	15.635
1311.523	15.615
1313.377	15.580
1315.635	15.524
1318.373	15.446
1321.622	15.342
1325.338	15.216
1329.377	15.074
1333.509	14.926
1337.481	14.786
1341.086	14.664
1344.211	14.564
1346.836	14.489
1349.006	14.435
1350.801	14.400
1352.303	14.379
1353.582	14.369
1354.697	14.366
1355.689	14.370
1356.591	14.377
1357.422	14.388
1358.199	14.402
1358.931	14.418
1359.625	14.435
1360.289	14.454
1360.926	14.474
1361.540	14.495
1362.137	14.518
1362.722	14.540
1363.300	14.564
1363.879	14.587
1364.464	14.610
1365.067	14.633
1365.696	14.654
1366.363	14.674
1367.078	14.692
1367.855	14.708
1368.706	14.720
1369.640	14.729
1370.669	14.733
1371.794	14.733
1373.019	14.729
1374.333	14.720
1375.724	14.708
1377.168	14.693
1378.637	14.676
1380.102	14.659
1381.528	14.644
1382.888	14.631
1384.160	14.622
1385.326	14.618
1386.381	14.618
1387.322	14.623
1388.156	14.634
1388.892	14.648
1389.543	14.667
1390.125	14.689
1390.655	14.714
1391.153	14.740
1391.646	14.768
1392.166	14.794
1392.760	14.818
1393.494	14.837
1394.470	14.847
1395.840	14.841
1397.823	14.812
1400.712	14.746
1404.841	14.632
1410.470	14.458
1417.573	14.226
1425.659	13.956
1433.844	13.681
1441.253	13.438
1447.375	13.245
1452.173	13.104
1455.853	13.007
1458.700	12.942
1460.959	12.899
1462.797	12.872
1464.337	12.856
1465.642	12.848
1466.768	12.846
1467.743	12.850
1468.595	12.858
1469.341	12.869
1470.000	12.883
1470.585	12.900
1471.109	12.920
1471.586	12.941
1472.024	12.963
1472.437	12.986
1472.832	13.010
1473.221	13.035
1473.616	13.059
1474.028	13.084
1474.473	13.107
1474.968	13.129
1475.533	13.149
1476.195	13.166
1476.982	13.179
1477.930	13.187
1479.078	13.189
1480.468	13.183
1482.138	13.169
1484.116	13.144
1486.412	13.109
1489.007	13.064
1491.845	13.011
1494.835	12.952
1497.865	12.891
1500.807	12.832
1503.554	12.779
1506.024	12.734
1508.174	12.699
1509.994	12.675
1511.503	12.660
1512.737	12.654
1513.734	12.656
1514.540	12.664
1515.192	12.678
1515.723	12.695
1516.164	12.715
1516.534	12.738
1516.856	12.763
1517.143	12.789
1517.408	12.815
1517.663	12.843
1517.919	12.870
1518.188	12.898
1518.480	12.925
1518.811	12.950
1519.197	12.975
1519.659	12.997
1520.224	13.017
1520.922	13.032
1521.791	13.043
1522.873	13.047
1524.217	13.044
1525.867	13.031
1527.860	13.008
1530.213	12.973
1532.913	12.928
1535.907	12.873
1539.097	12.811
1542.357	12.747
1545.545	12.684
1548.533	12.626
1551.226	12.577
1553.570	12.538
1555.554	12.510
1557.198	12.492
1558.542	12.483
1559.634	12.482
1560.523	12.488
1561.251	12.498
1561.857	12.512
1562.371	12.529
1562.817	12.549
1563.215	12.570
1563.577	12.592
1563.916	12.615
1564.238	12.639
1564.549	12.663
1564.854	12.688
1565.154	12.713
1565.453	12.738
1565.751	12.763
1566.048	12.788
1566.347	12.813
1566.646	12.838
1566.944	12.863
1567.244	12.889
1567.542	12.914
1567.839	12.940
1568.137	12.965
1568.430	12.991
1568.723	13.017
1569.012	13.043
1569.298	13.069
1569.580	13.096
1569.857	13.123
1570.131	13.150
1570.399	13.177
1570.662	13.204
1570.921	13.232
1571.173	13.260
1571.421	13.288
1571.663	13.316
1571.900	13.345
1572.132	13.374
1572.361	13.403
1572.585	13.433
1572.806	13.463
1573.025	13.493
1573.242	13.523
1573.459	13.553
1573.677	13.583
1573.897	13.613
1574.123	13.644
1574.357	13.674
1574.601	13.704
1574.861	13.734
1575.141	13.763
1575.448	13.791
1575.789	13.818
1576.174	13.844
1576.616	13.868
1577.129	13.890
1577.729	13.910
1578.437	13.925
1579.273	13.937
1580.264	13.943
1581.430	13.943
1582.790	13.937
1584.359	13.923
1586.133	13.902
1588.102	13.874
1590.225	13.841
1592.455	13.803
1594.723	13.764
1596.959	13.725
1599.097	13.689
1601.080	13.658
1602.872	13.633
1604.458	13.615
1605.837	13.604
1607.022	13.600
1608.037	13.601
1608.906	13.608
1609.658	13.619
1610.317	13.633
1610.909	13.650
1611.455	13.669
1611.974	13.689
1612.484	13.709
1612.997	13.729
1613.529	13.749
1614.091	13.768
1614.693	13.786
1615.346	13.802
1616.056	13.816
1616.831	13.829
1617.676	13.839
1618.591	13.846
1619.576	13.851
1620.627	13.854
1621.735	13.855
1622.891	13.854
1624.077	13.852
1625.281	13.849
1626.481	13.846
1627.661	13.843
1628.807	13.841
1629.901	13.841
1630.936	13.843
1631.903	13.847
1632.797	13.854
1633.619	13.863
1634.370	13.874
1635.054	13.888
1635.676	13.904
1636.241	13.922
1636.758	13.942
1637.231	13.963
1637.667	13.986
1638.071	14.010
1638.449	14.035
1638.805	14.061
1639.143	14.087
1639.467	14.114
1639.780	14.142
1640.083	14.170
1640.379	14.199
1640.670	14.228
1640.956	14.257
1641.240	14.286
1641.522	14.315
1641.802	14.345
1642.082	14.375
1642.360	14.404
1642.639	14.434
1642.917	14.464
1643.196	14.495
1643.474	14.525
1643.751	14.555
1644.029	14.586
1644.307	14.616
1644.583	14.647
1644.860	14.678
1645.136	14.709
1645.411	14.740
1645.686	14.771
1645.961	14.802
1646.236	14.834
1646.513	14.865
1646.793	14.897
1647.077	14.928
1647.370	14.959
1647.675	14.990
1648.000	15.020
1648.354	15.050
1648.750	15.078
1649.210	15.104
1649.762	15.126
1650.448	15.144
1651.326	15.156
1652.473	15.157
1653.989	15.145
1655.994	15.115
1658.608	15.063
1661.928	14.985
1665.965	14.880
1670.601	14.752
1675.573	14.611
1680.519	14.470
1685.083	14.342
1689.026	14.236
1692.248	14.155
1694.784	14.100
1696.734	14.066
1698.227	14.049
1699.380	14.044
1700.290	14.049
1701.033	14.060
1701.665	14.075
1702.223	14.092
1702.737	14.112
1703.228	14.133
1703.709	14.154
1704.193	14.175
1704.687	14.196
1705.200	14.216
1705.734	14.236
1706.295	14.255
1706.885	14.273
1707.504	14.290
1708.155	14.306
1708.834	14.321
1709.541	14.335
1710.272	14.348
1711.020	14.360
1711.781	14.372
1712.549	14.384
1713.315	14.395
1714.073	14.407
1714.815	14.419
1715.535	14.433
1716.226	14.446
1716.886	14.462
1717.509	14.478
1718.094	14.496
1718.639	14.515
1719.145	14.535
1719.613	14.557
1720.045	14.580
1720.442	14.605
1720.810	14.631
1721.152	14.657
1721.471	14.685
1721.772	14.714
1722.060	14.743
1722.341	14.772
1722.620	14.802
1722.903	14.832
1723.199	14.861
1723.515	14.890
1723.860	14.918
1724.246	14.945
1724.684	14.970
1725.188	14.993
1725.772	15.013
1726.453	15.030
1727.246	15.042
1728.165	15.050
1729.223	15.053
1730.425	15.050
1731.768	15.042
1733.242	15.029
1734.825	15.012
1736.478	14.992
1738.161	14.970
1739.831	14.948
1741.436	14.928
1742.942	14.912
1744.318	14.900
1745.545	14.894
1746.619	14.893
1747.542	14.897
1748.323	14.907
1748.978	14.922
1749.522	14.941
1749.971	14.963
1750.343	14.989
1750.651	15.017
1750.907	15.048
1751.124	15.080
1751.311	15.113
1751.476	15.148
1751.629	15.183
1751.777	15.219
1751.931	15.254
1752.104	15.289
1752.313	15.324
1752.584	15.356
1752.958	15.385
1753.496	15.408
1754.292	15.423
1755.482	15.425
1757.269	15.405
1759.906	15.357
1763.669	15.269
1768.779	15.134
1775.198	14.952
1782.504	14.738
1789.958	14.518
1796.729	14.319
1802.304	14.161
1806.550	14.049
1809.629	13.977
1811.817	13.936
1813.385	13.917
1814.537	13.913
1815.424	13.917
1816.144	13.928
1816.755	13.943
1817.299	13.959
1817.797	13.978
1818.263	13.998
1818.708	14.018
1819.138	14.039
1819.554	14.061
1819.962	14.082
1820.363	14.104
1820.758	14.127
1821.151	14.149
1821.544	14.172
1821.936	14.195
1822.332	14.217
1822.733	14.240
1823.139	14.262
1823.555	14.284
1823.981	14.306
1824.419	14.328
1824.872	14.349
1825.341	14.370
1825.828	14.390
1826.336	14.410
1826.864	14.429
1827.417	14.447
1827.995	14.465
1828.599	14.481
1829.229	14.497
1829.890	14.512
1830.578	14.526
1831.294	14.539
1832.040	14.551
1832.814	14.562
1833.615	14.572
1834.446	14.581
1835.302	14.590
1836.188	14.597
1837.107	14.603
1838.063	14.609
1839.068	14.612
1840.135	14.614
1841.291	14.613
1842.566	14.609
1844.008	14.599
1845.672	14.583
1847.633	14.558
1849.964	14.522
1852.742	14.472
1856.014	14.408
1859.779	14.328
1863.962	14.235
1868.406	14.133
1872.891	14.030
1877.180	13.932
1881.069	13.845
1884.433	13.774
1887.228	13.721
1889.479	13.683
1891.254	13.660
1892.636	13.650
1893.708	13.648
1894.544	13.654
1895.205	13.666
1895.738	13.681
1896.180	13.700
1896.557	13.720
1896.888	13.742
1897.187	13.765
1897.466	13.789
1897.731	13.814
1897.984	13.838
1898.232	13.863
1898.478	13.889
1898.720	13.914
1898.961	13.940
1899.203	13.965
1899.442	13.991
1899.681	14.017
1899.921	14.043
1900.159	14.069
1900.396	14.095
1900.631	14.121
1900.866	14.147
1901.099	14.174
1901.330	14.201
1901.558	14.227
1901.785	14.254
1902.009	14.281
1902.231	14.309
1902.452	14.336
1902.670	14.363
1902.887	14.391
1903.103	14.419
1903.318	14.447
1903.535	14.475
1903.753	14.503
1903.974	14.531
1904.200	14.558
1904.433	14.586
1904.674	14.614
1904.928	14.641
1905.198	14.668
1905.487	14.695
1905.802	14.721
1906.148	14.745
1906.533	14.769
1906.966	14.792
1907.456	14.812
1908.016	14.831
1908.656	14.847
1909.393	14.859
1910.239	14.869
1911.207	14.874
1912.309	14.875
1913.555	14.872
1914.944	14.864
1916.471	14.851
1918.129	14.833
1919.888	14.812
1921.716	14.789
1923.585	14.764
1925.446	14.739
1927.264	14.715
1929.010	14.693
1930.655	14.674
1932.189	14.659
1933.606	14.648
1934.910	14.640
1936.110	14.636
1937.224	14.635
1938.269	14.636
1939.261	14.639
1940.221	14.643
1941.169	14.648
1942.120	14.653
1943.091	14.657
1944.100	14.660
1945.159	14.662
1946.281	14.662
1947.482	14.659
1948.769	14.654
1950.154	14.646
1951.645	14.635
1953.247	14.620
1954.962	14.602
1956.791	14.580
1958.726	14.555
1960.757	14.527
1962.867	14.497
1965.035	14.464
1967.234	14.431
1969.436	14.398
1971.609	14.365
1973.726	14.334
1975.760	14.305
1977.687	14.280
1979.495	14.258
1981.169	14.240
1982.706	14.226
1984.104	14.216
1985.369	14.210
1986.503	14.208
1987.518	14.210
1988.422	14.215
1989.225	14.223
1989.937	14.233
1990.569	14.246
1991.127	14.262
1991.620	14.279
1992.057	14.298
1992.444	14.319
1992.788	14.341
1993.093	14.365
1993.363	14.389
1993.603	14.415
1993.819	14.441
1994.011	14.468
1994.182	14.496
1994.336	14.525
1994.475	14.554
1994.599	14.583
1994.712	14.614
1994.814	14.644
1994.906	14.675
1994.990	14.707
1995.067	14.738
1995.136	14.770
1995.201	14.803
1995.259	14.836
1995.314	14.869
1995.364	14.902
1995.411	14.935
1995.453	14.969
1995.494	15.003
1995.531	15.037
1995.566	15.071
1995.599	15.106
1995.630	15.141
1995.659	15.176
1995.687	15.211
1995.713	15.246
1995.737	15.282
1995.761	15.318
1995.784	15.354
1995.805	15.390
1995.825	15.426
1995.845	15.463
1995.864	15.499
1995.882	15.536
1995.900	15.573
1995.917	15.610
1995.933	15.647
1995.949	15.685
1995.964	15.723
1995.979	15.761
1995.994	15.799
1996.008	15.837
1996.022	15.875
1996.035	15.914
1996.049	15.952
1996.062	15.991
1996.074	16.030
1996.087	16.069
1996.099	16.109
1996.111	16.148
1996.122	16.188
1996.134	16.228
1996.145	16.268
1996.156	16.308
1996.167	16.349
1996.177	16.389
1996.188	16.430
1996.198	16.471
1996.208	16.512
1996.219	16.553
1996.229	16.595
1996.238	16.637
1996.248	16.679
1996.257	16.721
1996.267	16.763
1996.276	16.805
1996.285	16.848
1996.294	16.891
1996.303	16.933
1996.312	16.977
1996.321	17.020
1996.330	17.063
1996.338	17.107
1996.346	17.151
1996.355	17.195
1996.363	17.240
1996.371	17.284
1996.379	17.329
1996.387	17.374
1996.395	17.419
1996.403	17.464
1996.410	17.509
1996.418	17.555
1996.426	17.601
1996.433	17.647
1996.440	17.693
1996.448	17.740
1996.455	17.786
1996.462	17.833
1996.469	17.880
1996.476	17.928
1996.483	17.975
1996.490	18.023
1996.496	18.071
1996.503	18.119
1996.510	18.167
1996.516	18.216
1996.523	18.265
1996.529	18.314
1996.535	18.363
1996.541	18.412
1996.548	18.462
1996.554	18.512
1996.560	18.562
1996.566	18.612
1996.572	18.663
1996.578	18.714
1996.583	18.765
1996.589	18.816
1996.595	18.868
1996.600	18.919
1996.606	18.971
1996.611	19.023
1996.617	19.076
1996.622	19.128
1996.627	19.181
1996.633	19.234
1996.638	19.288
1996.643	19.341
1996.648	19.395
1996.653	19.449
1996.658	19.503
1996.663	19.558
1996.668	19.613
1996.672	19.668
1996.677	19.723
1996.682	19.779
1996.687	19.835
1996.691	19.891
1996.696	19.947
1996.700	20.003
1996.705	20.060
1996.709	20.117
1996.713	20.175
1996.718	20.232
1996.722	20.290
1996.726	20.348
1996.730	20.407
1996.734	20.465
1996.738	20.524
1996.742	20.583
1996.746	20.643
1996.750	20.702
1996.754	20.762
1996.758	20.823
1996.761	20.883
1996.765	20.944
1996.769	21.005
1996.772	21.066
1996.776	21.128
1996.780	21.190
1996.783	21.252
1996.786	21.315
1996.790	21.378
1996.793	21.441
1996.797	21.504
1996.800	21.568
1996.803	21.631
1996.806	21.696
1996.810	21.760
1996.813	21.825
1996.816	21.890
1996.819	21.955
1996.822	22.021
1996.825	22.087
1996.828	22.153
1996.831	22.220
1996.833	22.287
1996.836	22.354
1996.839	22.422
1996.842	22.489
1996.844	22.558
1996.847	22.626
1996.850	22.695
1996.852	22.764
1996.855	22.833
1996.858	22.903
1996.860	22.973
1996.863	23.043
1996.865	23.114
1996.867	23.185
1996.870	23.256
1996.872	23.328
1996.874	23.400
1996.877	23.472
1996.879	23.545
1996.881	23.618
1996.883	23.691
1996.885	23.764
1996.888	23.838
1996.890	23.913
