<j>	<F>
1.804	12.167
2.971	12.048
4.079	10.706
4.880	13.039
5.673	15.822
6.621	17.684
7.955	14.965
8.955	15.632
9.999	15.753
11.040	16.234
12.755	14.920
14.989	10.952
16.212	10.366
17.118	10.810
17.979	11.421
18.896	12.002
19.884	12.342
20.851	12.715
21.972	13.000
23.525	12.469
25.006	11.629
25.927	11.731
26.585	12.401
27.134	13.375
27.750	14.518
28.958	14.922
31.113	13.281
32.609	12.187
33.298	12.602
33.839	13.428
34.419	14.324
35.191	15.051
36.388	15.115
37.899	14.461
39.237	14.019
40.488	13.866
41.852	13.583
43.150	13.290
44.169	13.291
44.940	13.622
45.621	14.138
46.403	14.636
47.621	14.757
49.756	13.928
52.273	12.496
53.831	11.854
54.603	12.006
55.132	12.458
55.648	12.987
56.249	13.491
57.000	13.886
57.927	14.116
59.010	14.181
60.210	14.123
61.472	13.988
62.709	13.866
63.967	13.781
65.505	13.557
67.433	13.028
69.289	12.461
70.648	12.217
71.648	12.257
72.529	12.405
73.388	12.574
74.230	12.752
75.057	12.944
75.915	13.135
76.915	13.265
78.169	13.246
79.671	13.054
81.211	12.796
82.573	12.626
83.738	12.584
84.816	12.611
85.890	12.648
86.963	12.678
87.984	12.725
88.931	12.812
89.860	12.927
90.898	13.013
92.198	12.986
93.809	12.794
95.528	12.505
96.996	12.293
98.035	12.270
98.718	12.427
99.195	12.705
99.580	13.054
99.951	13.437
100.382	13.820
100.984	14.147
101.939	14.317
103.444	14.201
105.425	13.786
107.320	13.340
108.656	13.146
109.488	13.219
110.056	13.449
110.528	13.752
110.989	14.080
111.496	14.404
112.102	14.692
112.873	14.906
113.872	15.000
115.111	14.953
116.488	14.808
117.838	14.660
119.073	14.573
120.227	14.539
121.371	14.519
122.536	14.491
123.719	14.453
124.906	14.413
126.090	14.373
127.252	14.340
128.349	14.329
129.329	14.365
130.167	14.466
130.877	14.630
131.510	14.843
132.140	15.073
132.875	15.275
133.883	15.370
135.396	15.249
137.532	14.838
139.944	14.265
141.959	13.824
143.287	13.663
144.092	13.729
144.613	13.930
145.003	14.201
145.347	14.507
145.688	14.829
146.055	15.154
146.475	15.468
146.977	15.756
147.606	15.995
148.435	16.152
149.602	16.166
151.371	15.937
154.133	15.332
157.889	14.360
161.572	13.408
164.122	12.851
165.590	12.672
166.444	12.708
167.008	12.849
167.439	13.041
167.807	13.261
168.148	13.498
168.479	13.746
168.814	14.001
169.161	14.261
169.528	14.521
169.927	14.778
170.373	15.027
170.898	15.255
171.561	15.442
172.464	15.549
173.740	15.521
175.453	15.323
177.420	15.006
179.241	14.716
180.662	14.563
181.751	14.544
182.734	14.584
183.816	14.608
185.099	14.568
186.534	14.468
187.953	14.356
189.191	14.292
190.200	14.301
191.047	14.369
191.841	14.465
192.689	14.554
193.683	14.605
194.890	14.595
196.337	14.510
197.982	14.361
199.706	14.181
201.374	14.013
202.918	13.884
204.385	13.788
205.903	13.694
207.618	13.563
209.580	13.374
211.664	13.147
213.608	12.939
215.188	12.808
216.355	12.770
217.193	12.813
217.826	12.911
218.362	13.039
218.879	13.177
219.443	13.312
220.111	13.429
220.937	13.514
221.975	13.552
223.256	13.534
224.762	13.459
226.406	13.347
228.042	13.227
229.527	13.134
230.775	13.089
231.774	13.098
232.557	13.157
233.178	13.255
233.689	13.382
234.135	13.529
234.552	13.686
234.968	13.849
235.406	14.011
235.883	14.167
236.410	14.313
236.990	14.448
237.616	14.572
238.275	14.687
238.948	14.797
239.618	14.908
240.282	15.023
240.955	15.138
241.684	15.243
242.566	15.318
243.773	15.321
245.573	15.189
248.265	14.852
251.872	14.306
255.826	13.681
259.303	13.163
261.899	12.835
263.688	12.675
264.894	12.633
265.716	12.668
266.294	12.753
266.725	12.870
267.072	13.007
267.378	13.157
267.669	13.313
267.965	13.473
268.278	13.633
268.618	13.791
268.995	13.945
269.415	14.092
269.886	14.232
270.424	14.360
271.056	14.472
271.842	14.555
272.898	14.590
274.418	14.538
276.639	14.351
279.624	14.009
282.971	13.581
285.936	13.207
288.044	12.986
289.339	12.918
290.094	12.956
290.552	13.056
290.863	13.189
291.107	13.339
291.326	13.499
291.541	13.663
291.768	13.830
292.017	13.996
292.300	14.159
292.630	14.317
293.025	14.465
293.506	14.599
294.102	14.713
294.845	14.798
295.767	14.847
296.890	14.854
298.217	14.818
299.731	14.742
301.416	14.633
303.301	14.491
305.484	14.304
308.083	14.053
311.095	13.737
314.276	13.391
317.240	13.081
319.748	12.848
321.842	12.693
323.740	12.583
325.668	12.481
327.771	12.363
330.057	12.222
332.401	12.070
334.614	11.929
336.538	11.822
338.112	11.757
339.366	11.733
340.372	11.742
341.211	11.773
341.946	11.819
342.621	11.874
343.266	11.933
343.893	11.996
344.510	12.060
345.117	12.126
345.711	12.193
346.286	12.263
346.837	12.336
347.359	12.414
347.846	12.496
348.296	12.584
348.707	12.677
349.079	12.777
349.413	12.884
349.711	12.996
349.977	13.116
350.214	13.241
350.427	13.372
350.618	13.509
350.793	13.651
350.957	13.797
351.113	13.947
351.267	14.101
351.427	14.257
351.601	14.414
351.803	14.570
352.054	14.722
352.388	14.864
352.866	14.985
353.588	15.070
354.715	15.091
356.459	15.012
358.997	14.801
362.262	14.464
365.789	14.077
368.962	13.739
371.449	13.508
373.285	13.383
374.656	13.331
375.734	13.327
376.634	13.351
377.429	13.392
378.169	13.442
378.902	13.497
379.682	13.547
380.575	13.586
381.656	13.602
383.004	13.584
384.676	13.524
386.663	13.421
388.856	13.286
391.056	13.144
393.053	13.023
394.706	12.943
395.987	12.909
396.941	12.918
397.646	12.960
398.175	13.027
398.587	13.111
398.924	13.207
399.211	13.311
399.468	13.422
399.705	13.536
399.930	13.654
400.148	13.775
400.362	13.899
400.576	14.024
400.791	14.152
401.013	14.280
401.243	14.409
401.486	14.538
401.747	14.667
402.033	14.794
402.354	14.918
402.720	15.036
403.148	15.147
403.662	15.246
404.291	15.328
405.076	15.387
406.067	15.414
407.317	15.400
408.864	15.339
410.702	15.229
412.753	15.083
414.873	14.923
416.902	14.774
418.729	14.656
420.330	14.573
421.752	14.520
423.085	14.486
424.432	14.454
425.891	14.411
427.538	14.345
429.404	14.250
431.458	14.130
433.600	13.996
435.699	13.866
437.637	13.754
439.349	13.671
440.829	13.618
442.107	13.592
443.229	13.586
444.238	13.595
445.170	13.615
446.050	13.641
446.896	13.673
447.718	13.707
448.520	13.744
449.303	13.784
450.063	13.825
450.797	13.871
451.502	13.919
452.180	13.972
452.837	14.028
453.491	14.085
454.171	14.141
454.919	14.190
455.799	14.226
456.888	14.238
458.270	14.217
460.007	14.152
462.090	14.045
464.402	13.905
466.731	13.758
468.852	13.632
470.621	13.544
472.012	13.500
473.079	13.495
473.908	13.520
474.583	13.565
475.166	13.622
475.703	13.686
476.225	13.753
476.751	13.821
477.293	13.888
477.856	13.953
478.443	14.015
479.054	14.075
479.683	14.132
480.327	14.188
480.977	14.243
481.626	14.298
482.265	14.355
482.889	14.413
483.490	14.474
484.064	14.538
484.610	14.607
485.127	14.679
485.615	14.756
486.079	14.837
486.522	14.921
486.952	15.008
487.378	15.097
487.815	15.185
488.284	15.272
488.819	15.351
489.474	15.417
490.342	15.458
491.564	15.457
493.349	15.388
495.929	15.222
499.420	14.944
503.595	14.579
507.846	14.203
511.538	13.890
514.385	13.677
516.456	13.555
517.959	13.500
519.084	13.489
519.966	13.507
520.689	13.542
521.307	13.590
521.857	13.646
522.367	13.708
522.860	13.772
523.358	13.837
523.887	13.900
524.479	13.958
525.175	14.007
526.033	14.041
527.126	14.053
528.549	14.032
530.399	13.970
532.737	13.860
535.533	13.703
538.615	13.515
541.695	13.323
544.482	13.157
546.795	13.034
548.593	12.959
549.940	12.928
550.935	12.930
551.675	12.958
552.236	13.003
552.674	13.061
553.027	13.128
553.323	13.201
553.579	13.279
553.807	13.361
554.016	13.445
554.214	13.532
554.405	13.621
554.594	13.710
554.785	13.801
554.985	13.892
555.199	13.983
555.437	14.073
555.712	14.160
556.039	14.243
556.443	14.320
556.954	14.387
557.615	14.440
558.471	14.474
559.570	14.483
560.944	14.463
562.586	14.414
564.434	14.341
566.365	14.256
568.228	14.174
569.894	14.109
571.289	14.072
572.402	14.062
573.267	14.079
573.937	14.118
574.465	14.172
574.898	14.237
575.271	14.310
575.608	14.388
575.928	14.469
576.243	14.551
576.563	14.634
576.897	14.717
577.252	14.798
577.640	14.876
578.075	14.951
578.580	15.019
579.188	15.077
579.951	15.121
580.942	15.141
582.263	15.128
584.038	15.069
586.387	14.951
589.366	14.769
592.899	14.532
596.761	14.264
600.658	13.996
604.353	13.752
607.730	13.544
610.759	13.372
613.440	13.233
615.775	13.125
617.764	13.047
619.419	12.997
620.766	12.972
621.846	12.969
622.703	12.985
623.385	13.016
623.931	13.058
624.376	13.110
624.747	13.168
625.065	13.231
625.347	13.299
625.605	13.369
625.849	13.441
626.089	13.514
626.330	13.588
626.580	13.663
626.844	13.736
627.130	13.809
627.445	13.880
627.797	13.949
628.193	14.014
628.646	14.075
629.165	14.131
629.763	14.180
630.454	14.221
631.255	14.252
632.184	14.273
633.267	14.280
634.538	14.271
636.043	14.242
637.848	14.188
640.026	14.104
642.641	13.985
645.698	13.830
649.102	13.647
652.633	13.452
656.003	13.269
658.963	13.117
661.383	13.007
663.258	12.939
664.663	12.909
665.701	12.907
666.469	12.927
667.044	12.963
667.484	13.011
667.829	13.066
668.107	13.127
668.336	13.193
668.532	13.262
668.702	13.334
668.854	13.408
668.993	13.484
669.123	13.562
669.247	13.641
669.369	13.720
669.492	13.801
669.618	13.882
669.751	13.964
669.895	14.046
670.056	14.127
670.242	14.207
670.461	14.285
670.729	14.360
671.065	14.430
671.496	14.494
672.055	14.546
672.790	14.585
673.751	14.605
674.993	14.600
676.556	14.568
678.440	14.506
680.590	14.420
682.884	14.318
685.161	14.216
687.271	14.126
689.117	14.057
690.669	14.013
691.949	13.992
693.010	13.991
693.908	14.005
694.697	14.029
695.419	14.059
696.106	14.093
696.784	14.128
697.473	14.163
698.190	14.196
698.953	14.226
699.778	14.252
700.684	14.271
701.689	14.282
702.811	14.284
704.059	14.275
705.433	14.256
706.915	14.227
708.470	14.192
710.044	14.154
711.576	14.117
713.007	14.088
714.293	14.070
715.409	14.065
716.349	14.074
717.125	14.096
717.755	14.131
718.265	14.176
718.676	14.229
719.011	14.290
719.288	14.357
719.521	14.428
719.722	14.502
719.901	14.579
720.066	14.659
720.223	14.740
720.378	14.821
720.539	14.904
720.714	14.986
720.914	15.067
721.152	15.146
721.450	15.220
721.836	15.288
722.352	15.345
723.053	15.387
724.010	15.407
725.306	15.398
727.015	15.352
729.174	15.265
731.742	15.141
734.577	14.991
737.472	14.834
740.226	14.689
742.718	14.566
744.925	14.470
746.889	14.395
748.680	14.338
750.363	14.290
751.990	14.249
753.592	14.210
755.192	14.173
756.801	14.135
758.426	14.096
760.069	14.057
761.724	14.016
763.377	13.976
765.006	13.937
766.584	13.902
768.084	13.872
769.487	13.849
770.785	13.833
771.982	13.825
773.099	13.823
774.170	13.825
775.239	13.829
776.362	13.830
777.601	13.825
779.024	13.808
780.691	13.776
782.642	13.725
784.878	13.655
787.341	13.568
789.920	13.472
792.463	13.377
794.824	13.292
796.897	13.225
798.638	13.179
800.052	13.154
801.180	13.149
802.075	13.158
802.791	13.181
803.374	13.212
803.861	13.250
804.281	13.293
804.655	13.340
804.999	13.389
805.324	13.440
805.639	13.492
805.953	13.544
806.271	13.597
806.599	13.650
806.944	13.701
807.312	13.752
807.709	13.801
808.141	13.849
808.617	13.893
809.144	13.935
809.727	13.972
810.373	14.006
811.086	14.035
811.866	14.060
812.711	14.080
813.613	14.095
814.560	14.107
815.539	14.117
816.529	14.125
817.514	14.133
818.477	14.143
819.406	14.154
820.294	14.169
821.140	14.186
821.947	14.206
822.726	14.229
823.491	14.253
824.258	14.277
825.046	14.300
825.876	14.321
826.770	14.338
827.747	14.349
828.827	14.353
830.022	14.349
831.341	14.337
832.780	14.316
834.323	14.287
835.941	14.252
837.597	14.214
839.244	14.176
840.836	14.141
842.339	14.112
843.726	14.091
844.983	14.078
846.111	14.074
847.120	14.078
848.024	14.089
848.845	14.107
849.602	14.130
850.318	14.155
851.012	14.183
851.703	14.211
852.407	14.239
853.137	14.266
853.906	14.290
854.720	14.311
855.586	14.328
856.503	14.342
857.468	14.353
858.477	14.360
859.522	14.365
860.594	14.367
861.688	14.368
862.797	14.368
863.922	14.367
865.063	14.365
866.226	14.361
867.417	14.356
868.642	14.348
869.905	14.338
871.206	14.326
872.539	14.311
873.895	14.294
875.256	14.277
876.606	14.260
877.925	14.245
879.198	14.233
880.413	14.224
881.564	14.220
882.650	14.220
883.676	14.224
884.649	14.232
885.579	14.243
886.477	14.256
887.353	14.270
888.219	14.286
889.081	14.302
889.949	14.318
890.828	14.333
891.723	14.347
892.639	14.360
893.580	14.371
894.550	14.381
895.551	14.388
896.588	14.393
897.663	14.396
898.781	14.396
899.947	14.393
901.166	14.386
902.443	14.376
903.792	14.361
905.224	14.342
906.753	14.316
908.397	14.284
910.171	14.244
912.085	14.196
914.135	14.139
916.304	14.075
918.553	14.006
920.831	13.935
923.078	13.865
925.237	13.801
927.266	13.744
929.142	13.697
930.863	13.659
932.446	13.630
933.912	13.608
935.295	13.592
936.624	13.579
937.926	13.569
939.224	13.559
940.533	13.548
941.859	13.537
943.205	13.525
944.563	13.512
945.920	13.499
947.260	13.486
948.569	13.475
949.824	13.466
951.015	13.461
952.130	13.460
953.162	13.463
954.110	13.471
954.976	13.483
955.764	13.500
956.481	13.521
957.137	13.545
957.737	13.573
958.293	13.603
958.811	13.636
959.299	13.671
959.763	13.707
960.209	13.744
960.644	13.783
961.070	13.822
961.490	13.861
961.909	13.901
962.329	13.941
962.748	13.982
963.171	14.022
963.596	14.062
964.022	14.102
964.449	14.143
964.878	14.183
965.306	14.224
965.733	14.265
966.160	14.306
966.586	14.347
967.011	14.389
967.439	14.431
967.871	14.472
968.312	14.514
968.766	14.554
969.239	14.594
969.738	14.633
970.271	14.669
970.845	14.704
971.469	14.735
972.149	14.763
972.890	14.787
973.694	14.807
974.557	14.823
975.473	14.835
976.429	14.845
977.407	14.853
978.389	14.860
979.355	14.868
980.286	14.877
981.169	14.890
981.998	14.906
982.775	14.926
983.511	14.948
984.229	14.973
984.965	14.997
985.774	15.017
986.738	15.030
987.971	15.027
989.624	15.001
991.876	14.939
994.896	14.832
998.736	14.676
1003.247	14.478
1008.016	14.263
1012.528	14.061
1016.374	13.896
1019.388	13.779
1021.633	13.706
1023.270	13.670
1024.476	13.659
1025.397	13.665
1026.140	13.682
1026.775	13.706
1027.351	13.734
1027.899	13.764
1028.442	13.794
1028.994	13.824
1029.569	13.853
1030.178	13.881
1030.829	13.907
1031.531	13.930
1032.292	13.950
1033.118	13.967
1034.014	13.979
1034.982	13.988
1036.022	13.993
1037.130	13.995
1038.297	13.993
1039.514	13.988
1040.764	13.981
1042.032	13.972
1043.298	13.964
1044.546	13.956
1045.760	13.950
1046.927	13.946
1048.037	13.945
1049.084	13.947
1050.063	13.953
1050.976	13.962
1051.821	13.975
1052.603	13.991
1053.324	14.011
1053.988	14.034
1054.600	14.060
1055.163	14.089
1055.684	14.120
1056.163	14.153
1056.607	14.189
1057.018	14.226
1057.399	14.266
1057.755	14.307
1058.087	14.349
1058.399	14.393
1058.693	14.439
1058.971	14.485
1059.236	14.533
1059.489	14.581
1059.732	14.630
1059.967	14.680
1060.195	14.731
1060.419	14.783
1060.640	14.834
1060.859	14.887
1061.078	14.939
1061.300	14.992
1061.526	15.045
1061.760	15.098
1062.005	15.150
1062.266	15.202
1062.548	15.253
1062.861	15.302
1063.217	15.349
1063.631	15.394
1064.128	15.433
1064.743	15.466
1065.529	15.489
1066.561	15.497
1067.945	15.486
1069.822	15.446
1072.354	15.368
1075.682	15.243
1079.841	15.071
1084.671	14.859
1089.788	14.630
1094.721	14.412
1099.099	14.226
1102.783	14.080
1105.840	13.972
1108.447	13.891
1110.809	13.826
1113.099	13.769
1115.453	13.710
1117.938	13.647
1120.576	13.577
1123.323	13.502
1126.099	13.426
1128.802	13.352
1131.336	13.285
1133.636	13.229
1135.672	13.185
1137.449	13.152
1139.000	13.131
1140.366	13.118
1141.596	13.112
1142.730	13.110
1143.806	13.112
1144.849	13.115
1145.879	13.120
1146.904	13.124
1147.931	13.128
1148.955	13.133
1149.971	13.137
1150.969	13.143
1151.940	13.149
1152.873	13.157
1153.759	13.166
1154.593	13.178
1155.368	13.192
1156.084	13.209
1156.740	13.229
1157.339	13.251
1157.883	13.275
1158.379	13.302
1158.831	13.331
1159.245	13.362
1159.627	13.394
1159.982	13.428
1160.316	13.463
1160.633	13.499
1160.938	13.536
1161.235	13.573
1161.528	13.611
1161.820	13.648
1162.114	13.687
1162.414	13.725
1162.723	13.762
1163.043	13.800
1163.378	13.837
1163.730	13.873
1164.102	13.909
1164.497	13.943
1164.919	13.977
1165.370	14.009
1165.853	14.040
1166.372	14.069
1166.930	14.097
1167.531	14.123
1168.175	14.146
1168.866	14.167
1169.605	14.186
1170.392	14.203
1171.226	14.217
1172.104	14.229
1173.022	14.239
1173.973	14.247
1174.950	14.254
1175.943	14.259
1176.943	14.265
1177.939	14.270
1178.921	14.276
1179.878	14.282
1180.805	14.291
1181.694	14.301
1182.542	14.313
1183.347	14.327
1184.109	14.343
1184.829	14.362
1185.510	14.382
1186.155	14.405
1186.768	14.429
1187.355	14.454
1187.919	14.481
1188.464	14.509
1188.996	14.538
1189.519	14.567
1190.035	14.597
1190.550	14.627
1191.066	14.657
1191.587	14.687
1192.117	14.717
1192.660	14.746
1193.218	14.775
1193.797	14.802
1194.399	14.829
1195.030	14.854
1195.693	14.877
1196.392	14.899
1197.129	14.918
1197.910	14.936
1198.733	14.951
1199.604	14.963
1200.521	14.974
1201.488	14.981
1202.502	14.986
1203.570	14.988
1204.693	14.987
1205.880	14.983
1207.140	14.976
1208.486	14.964
1209.932	14.947
1211.490	14.924
1213.171	14.895
1214.974	14.860
1216.892	14.819
1218.899	14.773
1220.961	14.724
1223.031	14.675
1225.066	14.627
1227.022	14.582
1228.875	14.543
1230.612	14.510
1232.237	14.483
1233.768	14.461
1235.233	14.442
1236.664	14.426
1238.098	14.410
1239.572	14.394
1241.122	14.374
1242.778	14.349
1244.570	14.319
1246.510	14.282
1248.608	14.237
1250.849	14.187
1253.209	14.131
1255.640	14.071
1258.092	14.011
1260.501	13.952
1262.819	13.897
1265.003	13.848
1267.031	13.806
1268.892	13.772
1270.595	13.744
1272.155	13.723
1273.591	13.708
1274.926	13.698
1276.179	13.691
1277.366	13.687
1278.500	13.686
1279.586	13.686
1280.633	13.689
1281.637	13.693
1282.600	13.699
1283.520	13.706
1284.393	13.716
1285.219	13.727
1285.996	13.741
1286.723	13.756
1287.404	13.774
1288.040	13.794
1288.637	13.815
1289.198	13.838
1289.731	13.863
1290.244	13.888
1290.746	13.914
1291.250	13.941
1291.767	13.967
1292.317	13.992
1292.920	14.015
1293.605	14.035
1294.407	14.050
1295.370	14.059
1296.549	14.060
1298.003	14.049
1299.793	14.025
1301.970	13.984
1304.552	13.927
1307.508	13.853
1310.744	13.768
1314.107	13.676
1317.407	13.585
1320.470	13.504
1323.170	13.436
1325.445	13.385
1327.293	13.352
1328.756	13.334
1329.896	13.329
1330.778	13.336
1331.461	13.350
1331.995	13.371
1332.420	13.397
1332.765	13.426
1333.053	13.458
1333.301	13.492
1333.519	13.527
1333.717	13.563
1333.899	13.600
1334.072	13.638
1334.237	13.676
1334.396	13.714
1334.552	13.753
1334.705	13.793
1334.855	13.832
1335.005	13.872
1335.152	13.912
1335.299	13.952
1335.445	13.993
1335.591	14.033
1335.736	14.074
1335.880	14.116
1336.024	14.157
1336.167	14.199
1336.310	14.241
1336.453	14.283
1336.596	14.325
1336.739	14.367
1336.882	14.410
1337.026	14.453
1337.171	14.496
1337.317	14.539
1337.464	14.583
1337.614	14.626
1337.767	14.670
1337.923	14.713
1338.084	14.757
1338.252	14.801
1338.428	14.844
1338.614	14.887
1338.813	14.930
1339.028	14.972
1339.265	15.014
1339.528	15.054
1339.827	15.094
1340.169	15.131
1340.567	15.166
1341.037	15.197
1341.597	15.225
1342.271	15.247
1343.084	15.263
1344.067	15.271
1345.250	15.269
1346.661	15.257
1348.315	15.232
1350.213	15.196
1352.331	15.149
1354.618	15.093
1357.001	15.032
1359.389	14.969
1361.700	14.911
1363.863	14.858
1365.835	14.815
1367.599	14.781
1369.162	14.757
1370.544	14.742
1371.771	14.734
1372.874	14.732
1373.878	14.735
1374.805	14.742
1375.673	14.751
1376.495	14.763
1377.282	14.777
1378.039	14.792
1378.771	14.808
1379.481	14.825
1380.173	14.844
1380.852	14.863
1381.522	14.882
1382.193	14.902
1382.876	14.921
1383.591	14.939
1384.367	14.955
1385.241	14.966
1386.269	14.972
1387.525	14.968
1389.102	14.951
1391.110	14.916
1393.655	14.858
1396.812	14.773
1400.569	14.663
1404.798	14.532
1409.237	14.391
1413.564	14.253
1417.485	14.131
1420.819	14.034
1423.518	13.963
1425.629	13.917
1427.259	13.891
1428.516	13.882
1429.502	13.884
1430.296	13.894
1430.958	13.910
1431.527	13.930
1432.036	13.953
1432.503	13.978
1432.942	14.004
1433.362	14.031
1433.768	14.058
1434.167	14.086
1434.558	14.115
1434.947	14.144
1435.334	14.173
1435.722	14.201
1436.112	14.230
1436.508	14.259
1436.910	14.288
1437.324	14.316
1437.754	14.344
1438.205	14.372
1438.687	14.398
1439.206	14.422
1439.777	14.445
1440.413	14.466
1441.132	14.483
1441.955	14.496
1442.907	14.504
1444.012	14.506
1445.297	14.501
1446.785	14.487
1448.487	14.465
1450.403	14.434
1452.513	14.395
1454.777	14.349
1457.131	14.300
1459.500	14.249
1461.806	14.200
1463.980	14.156
1465.971	14.118
1467.752	14.089
1469.315	14.069
1470.668	14.057
1471.831	14.053
1472.828	14.055
1473.687	14.063
1474.432	14.076
1475.084	14.093
1475.664	14.112
1476.185	14.134
1476.661	14.158
1477.102	14.184
1477.515	14.211
1477.910	14.239
1478.289	14.267
1478.659	14.296
1479.024	14.326
1479.387	14.355
1479.754	14.385
1480.126	14.414
1480.509	14.443
1480.907	14.472
1481.322	14.500
1481.760	14.528
1482.224	14.554
1482.720	14.579
1483.251	14.603
1483.822	14.626
1484.436	14.646
1485.097	14.665
1485.806	14.682
1486.566	14.696
1487.375	14.709
1488.232	14.720
1489.131	14.728
1490.065	14.736
1491.030	14.741
1492.011	14.746
1493.001	14.751
1493.986	14.755
1494.956	14.760
1495.904	14.766
1496.816	14.773
1497.690	14.782
1498.519	14.793
1499.302	14.805
1500.040	14.819
1500.732	14.836
1501.383	14.854
1501.995	14.874
1502.576	14.895
1503.129	14.918
1503.660	14.942
1504.176	14.966
1504.681	14.991
1505.182	15.016
1505.686	15.042
1506.197	15.067
1506.721	15.092
1507.263	15.116
1507.829	15.139
1508.425	15.161
1509.054	15.181
1509.721	15.200
1510.432	15.217
1511.188	15.233
1511.995	15.246
1512.852	15.256
1513.763	15.265
1514.730	15.271
1515.752	15.275
1516.833	15.276
1517.974	15.274
1519.180	15.270
1520.461	15.262
1521.827	15.251
1523.301	15.236
1524.907	15.215
1526.683	15.188
1528.673	15.152
1530.925	15.106
1533.490	15.047
1536.400	14.976
1539.667	14.890
1543.259	14.791
1547.098	14.683
1551.061	14.571
1555.006	14.459
1558.800	14.354
1562.343	14.259
1565.579	14.176
1568.499	14.106
1571.123	14.048
1573.494	14.000
1575.656	13.960
1577.653	13.927
1579.522	13.899
1581.292	13.875
1582.990	13.854
1584.625	13.835
1586.212	13.818
1587.757	13.803
1589.258	13.789
1590.721	13.777
1592.139	13.766
1593.512	13.756
1594.836	13.749
1596.105	13.743
1597.319	13.739
1598.473	13.737
1599.567	13.737
1600.599	13.739
1601.571	13.743
1602.482	13.749
1603.337	13.758
1604.136	13.768
1604.883	13.780
1605.582	13.793
1606.235	13.808
1606.847	13.825
1607.420	13.843
1607.958	13.862
1608.464	13.883
1608.941	13.904
1609.391	13.927
1609.817	13.951
1610.220	13.975
1610.604	14.000
1610.970	14.026
1611.319	14.052
1611.654	14.080
1611.976	14.107
1612.285	14.136
1612.585	14.164
1612.876	14.193
1613.159	14.223
1613.437	14.253
1613.710	14.283
1613.981	14.313
1614.250	14.344
1614.521	14.374
1614.795	14.405
1615.075	14.435
1615.364	14.466
1615.666	14.496
1615.986	14.525
1616.330	14.554
1616.706	14.581
1617.128	14.608
1617.608	14.632
1618.170	14.653
1618.844	14.671
1619.672	14.684
1620.714	14.689
1622.050	14.684
1623.781	14.665
1626.033	14.628
1628.938	14.569
1632.593	14.483
1637.027	14.370
1642.128	14.234
1647.620	14.083
1653.127	13.931
1658.265	13.792
1662.755	13.674
1666.493	13.582
1669.503	13.515
1671.902	13.469
1673.838	13.440
1675.452	13.422
1676.870	13.411
1678.194	13.405
1679.507	13.399
1680.874	13.392
1682.348	13.383
1683.967	13.370
1685.756	13.351
1687.724	13.328
1689.859	13.299
1692.135	13.266
1694.503	13.229
1696.902	13.192
1699.268	13.155
1701.535	13.120
1703.649	13.090
1705.571	13.065
1707.279	13.046
1708.768	13.034
1710.047	13.027
1711.133	13.027
1712.047	13.031
1712.813	13.040
1713.456	13.053
1713.995	13.069
1714.451	13.087
1714.839	13.108
1715.175	13.131
1715.467	13.154
1715.726	13.179
1715.960	13.205
1716.172	13.232
1716.368	13.259
1716.553	13.286
1716.727	13.314
1716.895	13.343
1717.058	13.371
1717.216	13.400
1717.370	13.429
1717.524	13.459
1717.675	13.488
1717.825	13.518
1717.976	13.547
1718.127	13.577
1718.277	13.607
1718.430	13.637
1718.583	13.667
1718.738	13.697
1718.895	13.727
1719.054	13.757
1719.217	13.788
1719.383	13.818
1719.553	13.848
1719.729	13.878
1719.911	13.908
1720.100	13.938
1720.298	13.968
1720.506	13.998
1720.727	14.027
1720.963	14.056
1721.216	14.084
1721.492	14.112
1721.792	14.139
1722.124	14.166
1722.493	14.191
1722.905	14.215
1723.369	14.237
1723.894	14.257
1724.490	14.275
1725.168	14.291
1725.940	14.303
1726.814	14.312
1727.805	14.317
1728.915	14.319
1730.148	14.316
1731.506	14.308
1732.975	14.297
1734.540	14.282
1736.181	14.265
1737.864	14.246
1739.560	14.226
1741.237	14.207
1742.862	14.189
1744.416	14.173
1745.878	14.160
1747.246	14.151
1748.514	14.144
1749.697	14.141
1750.802	14.140
1751.852	14.142
1752.864	14.144
1753.865	14.148
1754.877	14.151
1755.925	14.154
1757.034	14.154
1758.229	14.153
1759.531	14.147
1760.959	14.138
1762.528	14.125
1764.241	14.107
1766.101	14.084
1768.093	14.057
1770.194	14.026
1772.375	13.993
1774.596	13.958
1776.814	13.923
1778.993	13.889
1781.094	13.857
1783.092	13.829
1784.969	13.804
1786.716	13.783
1788.331	13.767
1789.818	13.754
1791.186	13.745
1792.445	13.740
1793.605	13.738
1794.676	13.738
1795.670	13.741
1796.594	13.746
1797.457	13.753
1798.265	13.762
1799.024	13.772
1799.739	13.784
1800.414	13.797
1801.053	13.811
1801.660	13.826
1802.239	13.842
1802.790	13.859
1803.316	13.877
1803.823	13.895
1804.311	13.914
1804.780	13.934
1805.237	13.954
1805.680	13.975
1806.112	13.996
1806.537	14.017
1806.954	14.038
1807.368	14.060
1807.782	14.082
1808.195	14.104
1808.614	14.126
1809.043	14.148
1809.484	14.169
1809.943	14.190
1810.430	14.210
1810.950	14.229
1811.517	14.247
1812.142	14.263
1812.843	14.277
1813.640	14.288
1814.557	14.296
1815.624	14.299
1816.871	14.296
1818.331	14.287
1820.037	14.270
1822.013	14.245
1824.269	14.211
1826.798	14.169
1829.564	14.119
1832.506	14.063
1835.535	14.005
1838.557	13.946
1841.472	13.890
1844.203	13.839
1846.695	13.796
1848.920	13.760
1850.879	13.733
1852.588	13.713
1854.078	13.700
1855.381	13.693
1856.530	13.691
1857.558	13.693
1858.493	13.697
1859.355	13.704
1860.164	13.712
1860.936	13.722
1861.676	13.733
1862.397	13.744
1863.103	13.756
1863.796	13.768
1864.480	13.780
1865.157	13.793
1865.823	13.806
1866.482	13.819
1867.131	13.833
1867.769	13.847
1868.396	13.861
1869.010	13.876
1869.610	13.891
1870.195	13.906
1870.766	13.922
1871.318	13.939
1871.854	13.956
1872.373	13.973
1872.874	13.991
1873.358	14.010
1873.823	14.029
1874.272	14.049
1874.703	14.069
1875.118	14.090
1875.517	14.112
1875.900	14.134
1876.266	14.156
1876.620	14.179
1876.959	14.203
1877.282	14.227
1877.595	14.251
1877.894	14.276
1878.180	14.302
1878.457	14.328
1878.721	14.354
1878.974	14.381
1879.219	14.408
1879.452	14.435
1879.678	14.463
1879.894	14.491
1880.102	14.520
1880.302	14.549
1880.495	14.578
1880.681	14.608
1880.860	14.638
1881.032	14.668
1881.199	14.699
1881.360	14.729
1881.516	14.761
1881.666	14.792
1881.813	14.824
1881.955	14.856
1882.093	14.888
1882.228	14.920
1882.359	14.953
1882.488	14.986
1882.615	15.019
1882.740	15.052
1882.863	15.086
1882.986	15.119
1883.110	15.153
1883.234	15.187
1883.361	15.221
1883.492	15.255
1883.628	15.288
1883.772	15.322
1883.928	15.356
1884.098	15.389
1884.289	15.421
1884.507	15.453
1884.762	15.484
1885.065	15.513
1885.432	15.540
1885.884	15.564
1886.447	15.584
1887.154	15.600
1888.046	15.609
1889.170	15.610
1890.576	15.602
1892.315	15.581
1894.427	15.547
1896.925	15.500
1899.787	15.439
1902.948	15.368
1906.284	15.289
1909.661	15.209
1912.934	15.132
1915.994	15.062
1918.769	15.003
1921.242	14.953
1923.442	14.914
1925.416	14.883
1927.229	14.858
1928.951	14.837
1930.644	14.817
1932.360	14.798
1934.145	14.776
1936.027	14.752
1938.025	14.724
1940.136	14.693
1942.342	14.658
1944.615	14.621
1946.918	14.584
1949.200	14.546
1951.418	14.511
1953.538	14.478
1955.526	14.450
1957.368	14.425
1959.057	14.406
1960.598	14.391
1962.001	14.381
1963.281	14.375
1964.453	14.371
1965.532	14.371
1966.538	14.374
1967.480	14.378
1968.370	14.384
1969.219	14.391
1970.032	14.400
1970.816	14.409
1971.576	14.419
1972.313	14.430
1973.030	14.442
1973.729	14.454
1974.412	14.466
1975.079	14.479
1975.730	14.493
1976.368	14.507
1976.994	14.521
1977.606	14.536
1978.207	14.551
1978.798	14.567
1979.378	14.583
1979.949	14.599
1980.512	14.615
1981.066	14.632
1981.613	14.649
1982.154	14.667
1982.687	14.684
1983.213	14.702
1983.732	14.720
1984.246	14.738
1984.752	14.757
1985.248	14.775
1985.739	14.794
1986.220	14.814
1986.691	14.834
1987.153	14.854
1987.604	14.874
1988.042	14.895
1988.469	14.916
1988.883	14.938
1989.283	14.960
1989.670	14.983
1990.041	15.006
1990.399	15.030
1990.740	15.054
1991.069	15.079
1991.380	15.104
1991.678	15.130
1991.960	15.157
1992.228	15.184
1992.481	15.211
1992.722	15.239
1992.948	15.268
1993.161	15.297
1993.362	15.327
1993.551	15.357
1993.729	15.388
1993.896	15.419
1994.053	15.451
1994.201	15.483
1994.339	15.516
1994.468	15.549
1994.590	15.582
1994.704	15.616
1994.811	15.650
1994.911	15.684
1995.006	15.719
1995.094	15.754
1995.177	15.790
1995.255	15.826
1995.329	15.862
1995.398	15.898
1995.463	15.935
1995.525	15.972
1995.583	16.009
1995.638	16.047
1995.689	16.084
1995.738	16.123
1995.784	16.161
1995.828	16.199
1995.869	16.238
1995.908	16.277
1995.946	16.317
1995.981	16.356
1996.015	16.396
1996.047	16.436
1996.077	16.476
1996.106	16.516
1996.134	16.557
1996.161	16.598
1996.186	16.639
1996.210	16.680
1996.233	16.722
1996.255	16.763
1996.276	16.805
1996.296	16.847
1996.315	16.890
1996.334	16.932
1996.352	16.975
1996.369	17.018
1996.385	17.061
1996.401	17.105
1996.416	17.148
1996.431	17.192
1996.445	17.236
1996.458	17.280
1996.471	17.325
1996.484	17.369
1996.496	17.414
1996.508	17.459
1996.519	17.505
1996.530	17.550
1996.540	17.596
1996.551	17.642
1996.560	17.688
1996.570	17.734
1996.579	17.781
1996.588	17.828
1996.596	17.875
1996.605	17.922
1996.613	17.969
1996.620	18.017
1996.628	18.065
1996.635	18.113
1996.643	18.161
1996.650	18.210
1996.656	18.258
1996.663	18.307
1996.669	18.357
1996.675	18.406
1996.681	18.456
1996.687	18.506
1996.693	18.556
1996.698	18.606
1996.704	18.657
1996.709	18.707
1996.714	18.758
1996.719	18.810
1996.724	18.861
1996.729	18.913
1996.734	18.965
1996.738	19.017
1996.743	19.069
1996.747	19.122
1996.751	19.175
1996.755	19.228
1996.760	19.281
1996.763	19.335
1996.767	19.389
1996.771	19.443
1996.775	19.497
1996.779	19.552
1996.782	19.607
1996.786	19.662
1996.789	19.717
1996.793	19.773
1996.796	19.829
1996.800	19.885
1996.803	19.941
1996.806	19.998
1996.809	20.054
1996.812	20.112
1996.815	20.169
1996.818	20.227
1996.821	20.284
1996.824	20.343
1996.827	20.401
1996.830	20.460
1996.832	20.519
1996.835	20.578
1996.838	20.637
1996.840	20.697
1996.843	20.757
1996.846	20.817
1996.848	20.878
1996.850	20.939
1996.853	21.000
1996.855	21.061
1996.858	21.123
1996.860	21.185
1996.862	21.247
1996.865	21.310
1996.867	21.373
1996.869	21.436
1996.871	21.499
1996.873	21.563
1996.875	21.627
1996.878	21.691
1996.880	21.756
1996.882	21.821
1996.884	21.886
1996.886	21.951
1996.888	22.017
1996.890	22.083
1996.891	22.149
1996.893	22.216
1996.895	22.283
1996.897	22.350
1996.899	22.418
1996.900	22.486
1996.902	22.554
1996.904	22.622
1996.906	22.691
1996.907	22.760
1996.909	22.829
1996.911	22.899
1996.912	22.969
1996.914	23.040
1996.915	23.110
1996.917	23.181
1996.918	23.253
1996.920	23.324
1996.921	23.396
1996.923	23.469
1996.924	23.541
1996.925	23.614
1996.927	23.688
1996.928	23.761
1996.930	23.835
1996.931	23.910
