<j>	var(j)
1.274	0.266
2.381	0.304
3.341	0.412
4.875	0.723
5.971	0.464
6.713	0.386
7.473	0.356
8.448	0.526
10.031	1.355
11.780	1.530
12.956	1.206
13.866	1.098
14.765	1.252
15.868	1.529
17.037	1.340
17.965	1.121
18.803	0.933
19.517	0.644
20.086	0.567
20.834	1.248
22.677	3.376
24.994	3.661
26.615	3.841
28.099	3.701
29.322	2.991
30.282	2.609
31.148	2.256
31.917	1.780
32.557	1.351
33.093	1.067
33.580	0.941
34.088	0.986
34.725	1.396
35.801	3.065
37.952	6.174
40.456	6.372
42.319	6.880
44.117	8.260
45.966	8.261
47.549	6.591
48.704	4.762
49.531	3.580
50.181	2.943
50.753	2.663
51.315	2.699
51.936	3.156
52.724	4.239
53.825	5.755
55.242	6.154
56.568	4.390
57.428	2.459
57.925	1.595
58.296	1.508
58.713	2.060
59.378	3.796
60.693	7.627
62.962	10.606
65.214	7.729
66.545	4.474
67.319	3.275
67.938	3.193
68.598	3.764
69.429	5.139
70.600	7.835
72.320	11.614
74.529	13.558
76.647	11.890
78.273	9.812
79.563	9.233
80.772	9.459
81.991	9.344
83.160	8.342
84.177	6.835
85.006	5.581
85.700	5.029
86.358	5.265
87.085	6.273
87.985	8.019
89.146	10.182
90.575	11.719
92.112	11.302
93.486	9.003
94.527	6.339
95.255	4.387
95.777	3.231
96.184	2.587
96.533	2.222
96.854	2.024
97.168	1.959
97.498	2.033
97.867	2.263
98.310	2.642
98.856	3.100
99.516	3.500
100.271	3.817
101.112	4.527
102.175	7.102
103.927	14.182
106.999	23.760
110.649	22.063
113.145	12.970
114.461	7.520
115.242	5.508
115.853	4.970
116.435	4.901
117.030	4.855
117.635	4.659
118.228	4.342
118.796	4.138
119.364	4.560
120.043	6.745
121.138	13.145
123.267	25.561
126.719	33.060
130.027	22.968
131.898	11.607
132.814	7.074
133.412	6.176
133.973	6.665
134.608	7.820
135.375	9.391
136.308	11.062
137.400	12.256
138.582	12.355
139.739	11.292
140.771	9.819
141.668	9.025
142.515	9.770
143.471	12.471
144.713	16.733
146.334	20.495
148.185	20.667
149.895	16.800
151.198	11.896
152.102	8.334
152.746	6.330
153.255	5.262
153.696	4.613
154.097	4.122
154.469	3.706
154.815	3.373
155.144	3.175
155.469	3.208
155.818	3.650
156.244	4.872
156.854	7.635
157.854	13.114
159.551	21.354
162.037	27.071
164.678	23.286
166.619	14.427
167.734	7.877
168.345	4.551
168.715	3.041
168.979	2.363
169.199	2.073
169.404	1.998
169.615	2.088
169.849	2.367
170.133	2.930
170.506	3.988
171.044	5.979
171.887	9.763
173.280	16.688
175.544	27.371
178.794	37.924
182.494	40.530
185.769	34.005
188.179	24.382
189.791	16.236
190.839	10.660
191.530	7.153
192.004	4.993
192.346	3.650
192.606	2.803
192.815	2.265
192.991	1.927
193.149	1.723
193.297	1.616
193.444	1.590
193.596	1.648
193.762	1.815
193.957	2.155
194.202	2.808
194.544	4.094
195.075	6.781
196.001	12.706
197.753	25.247
200.947	44.933
205.525	58.128
210.084	53.838
213.602	42.707
216.129	31.954
217.913	22.630
219.138	15.403
219.965	10.478
220.536	7.417
220.951	5.600
221.276	4.533
221.549	3.911
221.794	3.574
222.028	3.455
222.263	3.560
222.517	3.975
222.814	4.899
223.200	6.728
223.756	10.155
224.621	16.107
225.993	24.887
228.016	33.920
230.524	37.226
232.978	32.290
234.923	24.352
236.336	18.691
237.428	16.167
238.394	15.601
239.341	15.856
240.309	16.331
241.306	16.859
242.335	17.481
243.401	18.195
244.507	18.782
245.638	18.819
246.756	17.913
247.804	15.998
248.727	13.419
249.495	10.724
250.111	8.369
250.598	6.578
250.990	5.385
251.322	4.748
251.628	4.659
251.944	5.255
252.322	6.990
252.856	10.962
253.733	19.356
255.299	34.950
257.984	55.859
261.742	66.924
265.508	55.136
268.183	33.933
269.714	18.734
270.551	10.916
271.054	7.298
271.405	5.631
271.688	4.863
271.943	4.563
272.191	4.574
272.449	4.853
272.733	5.423
273.061	6.341
273.457	7.696
273.950	9.579
274.576	12.048
275.372	15.043
276.365	18.283
277.557	21.223
278.910	23.177
280.344	23.645
281.763	22.591
283.082	20.427
284.251	17.780
285.259	15.321
286.131	13.772
286.932	14.151
287.796	18.331
288.977	29.855
290.941	53.302
294.265	85.785
298.918	102.465
303.526	82.136
306.688	47.527
308.374	23.591
309.196	11.860
309.619	6.828
309.874	4.746
310.060	3.888
310.220	3.553
310.371	3.466
310.524	3.523
310.683	3.687
310.856	3.951
311.045	4.316
311.258	4.791
311.501	5.381
311.780	6.084
312.103	6.885
312.475	7.747
312.901	8.606
313.380	9.368
313.907	9.925
314.468	10.180
315.046	10.081
315.621	9.649
316.174	8.980
316.692	8.225
317.173	7.564
317.625	7.203
318.068	7.426
318.546	8.738
319.139	12.143
320.007	19.531
321.434	33.464
323.808	53.810
327.264	70.342
331.147	68.308
334.415	52.414
336.736	39.288
338.467	35.392
340.071	39.307
341.872	48.385
344.049	59.718
346.621	69.393
349.437	73.374
352.227	70.165
354.744	61.920
356.869	52.287
358.616	43.822
360.059	37.370
361.284	32.721
362.357	29.323
363.320	26.655
364.199	24.352
365.004	22.208
365.741	20.145
366.414	18.166
367.025	16.316
367.579	14.645
368.081	13.194
368.539	11.984
368.962	11.013
369.356	10.262
369.730	9.702
370.090	9.290
370.440	8.986
370.785	8.745
371.126	8.527
371.464	8.298
371.798	8.033
372.126	7.716
372.446	7.343
372.754	6.919
373.050	6.458
373.329	5.983
373.593	5.514
373.840	5.076
374.072	4.688
374.290	4.368
374.498	4.128
374.700	3.980
374.899	3.933
375.101	3.997
375.312	4.191
375.540	4.550
375.795	5.154
376.093	6.201
376.465	8.234
376.985	12.795
377.843	24.236
379.541	53.222
383.168	113.553
389.769	177.265
397.550	159.164
402.960	88.440
405.611	41.361
406.827	21.218
407.472	13.406
407.899	10.206
408.237	8.727
408.535	7.965
408.814	7.579
409.085	7.480
409.358	7.706
409.647	8.415
409.973	9.944
410.369	12.952
410.904	18.696
411.697	29.400
412.962	48.398
415.024	78.452
418.218	115.559
422.522	141.731
427.212	136.867
431.248	105.924
434.125	71.576
435.991	46.950
437.205	32.472
438.054	24.607
438.710	20.381
439.264	18.043
439.762	16.679
440.230	15.821
440.680	15.236
441.119	14.803
441.551	14.468
441.978	14.213
442.403	14.045
442.827	13.986
443.256	14.064
443.693	14.310
444.143	14.744
444.613	15.375
445.109	16.184
445.638	17.129
446.202	18.126
446.804	19.062
447.442	19.802
448.106	20.209
448.786	20.177
449.466	19.659
450.129	18.679
450.760	17.336
451.348	15.771
451.885	14.137
452.370	12.572
452.805	11.172
453.197	9.993
453.552	9.054
453.880	8.347
454.187	7.847
454.481	7.526
454.768	7.355
455.055	7.308
455.344	7.373
455.642	7.550
455.952	7.862
456.280	8.363
456.637	9.152
457.036	10.407
457.501	12.421
458.068	15.673
458.800	20.896
459.790	29.080
461.173	41.148
463.099	56.847
465.651	72.932
468.719	82.954
471.942	81.967
474.896	72.183
477.364	61.145
479.412	55.878
481.304	61.130
483.420	80.671
486.217	116.416
490.093	161.850
495.055	195.271
500.420	193.323
505.189	159.341
508.815	117.730
511.375	85.348
513.200	64.867
514.586	53.077
515.726	46.551
516.733	43.015
517.670	41.130
518.571	40.098
519.451	39.399
520.319	38.680
521.172	37.708
522.005	36.356
522.809	34.597
523.575	32.483
524.296	30.123
524.967	27.651
525.585	25.205
526.152	22.887
526.670	20.778
527.144	18.918
527.580	17.321
527.983	15.979
528.359	14.869
528.712	13.965
529.049	13.241
529.372	12.673
529.685	12.247
529.991	11.958
530.295	11.813
530.599	11.835
530.907	12.068
531.227	12.580
531.565	13.475
531.934	14.902
532.348	17.069
532.830	20.247
533.411	24.758
534.129	30.918
535.031	38.895
536.166	48.452
537.569	58.622
539.239	67.540
541.116	72.835
543.081	72.693
544.981	67.002
546.684	57.497
548.114	46.725
549.260	36.813
550.160	28.896
550.869	23.260
551.447	19.724
551.947	17.979
552.413	17.766
552.884	18.948
553.397	21.516
553.991	25.556
554.704	31.174
555.581	38.361
556.661	46.809
557.970	55.711
559.507	63.711
561.231	69.206
563.061	71.040
564.893	69.201
566.639	64.948
568.251	60.219
569.733	56.786
571.128	55.709
572.500	57.192
573.909	60.666
575.400	64.943
576.982	68.461
578.625	69.696
580.268	67.695
581.835	62.446
583.256	54.835
584.486	46.202
585.514	37.799
586.352	30.462
587.029	24.564
587.578	20.130
588.034	17.002
588.424	14.955
588.773	13.773
589.100	13.283
589.422	13.364
589.751	13.945
590.101	15.001
590.482	16.558
590.909	18.686
591.396	21.509
591.964	25.198
592.635	29.968
593.439	36.037
594.409	43.540
595.580	52.373
596.979	61.979
598.615	71.186
600.457	78.294
602.437	81.592
604.445	80.164
606.366	74.440
608.110	66.027
609.630	56.928
610.928	48.785
612.038	42.541
613.010	38.510
613.898	36.603
614.751	36.527
615.611	37.897
616.510	40.270
617.469	43.151
618.497	45.992
619.589	48.231
620.728	49.372
621.884	49.085
623.025	47.291
624.115	44.178
625.127	40.133
626.041	35.629
626.851	31.106
627.559	26.895
628.173	23.198
628.706	20.099
629.171	17.598
629.582	15.645
629.953	14.166
630.292	13.081
630.610	12.317
630.914	11.806
631.208	11.491
631.499	11.323
631.789	11.262
632.081	11.272
632.376	11.322
632.676	11.390
632.981	11.453
633.290	11.497
633.604	11.513
633.921	11.499
634.241	11.458
634.563	11.403
634.886	11.352
635.211	11.331
635.539	11.374
635.872	11.526
636.214	11.840
636.570	12.388
636.948	13.269
637.359	14.635
637.820	16.723
638.356	19.926
639.006	24.899
639.831	32.718
640.930	45.015
642.448	63.854
644.582	90.655
647.521	123.397
651.309	153.379
655.677	167.730
660.074	160.731
663.996	140.392
667.258	119.801
669.974	106.743
672.375	102.380
674.667	104.256
676.977	108.630
679.341	111.671
681.713	110.417
683.996	103.664
686.084	92.202
687.900	78.154
689.413	63.844
690.636	50.960
691.608	40.325
692.378	32.084
692.994	25.993
693.498	21.665
693.923	18.704
694.295	16.775
694.634	15.610
694.954	15.005
695.266	14.808
695.578	14.902
695.896	15.198
696.223	15.622
696.563	16.117
696.917	16.633
697.285	17.126
697.667	17.561
698.062	17.912
698.467	18.165
698.880	18.319
699.300	18.394
699.724	18.441
700.153	18.552
700.588	18.898
701.036	19.798
701.513	21.867
702.051	26.324
702.717	35.601
703.644	54.435
705.092	91.229
707.523	157.489
711.588	257.823
717.761	363.005
725.484	401.540
732.944	336.780
738.524	223.845
741.971	128.836
743.885	69.995
744.916	38.390
745.486	22.391
745.825	14.440
746.049	10.519
746.217	8.646
746.359	7.880
746.491	7.792
746.625	8.210
746.769	9.112
746.931	10.583
747.123	12.810
747.358	16.104
747.659	20.930
748.056	27.947
748.590	38.030
749.323	52.208
750.333	71.431
751.711	95.990
753.541	124.520
755.870	152.986
758.650	174.672
761.712	182.562
764.789	173.436
767.603	150.252
769.963	120.227
771.805	90.540
773.172	65.531
774.154	46.547
774.851	33.098
775.350	24.000
775.715	18.038
775.994	14.222
776.217	11.839
776.405	10.399
776.574	9.583
776.733	9.187
776.887	9.086
777.041	9.202
777.199	9.494
777.365	9.946
777.540	10.552
777.729	11.324
777.933	12.283
778.157	13.464
778.406	14.917
778.684	16.711
778.999	18.939
779.359	21.729
779.776	25.241
780.266	29.687
780.846	35.317
781.540	42.400
782.377	51.176
783.389	61.761
784.609	73.973
786.060	87.133
787.751	99.904
789.661	110.388
791.730	116.535
793.867	116.880
795.961	111.206
797.911	100.698
799.645	87.411
801.129	73.487
802.365	60.551
803.379	49.516
804.209	40.675
804.893	33.951
805.469	29.071
805.966	25.713
806.412	23.573
806.826	22.405
807.224	22.015
807.621	22.255
808.026	23.021
808.450	24.233
808.900	25.839
809.383	27.790
809.907	30.048
810.477	32.570
811.097	35.298
811.772	38.166
812.504	41.085
813.293	43.935
814.137	46.577
815.031	48.849
815.967	50.593
816.935	51.655
817.920	51.920
818.906	51.346
819.879	49.964
820.822	47.871
821.724	45.256
822.575	42.359
823.372	39.449
824.116	36.815
824.813	34.760
825.475	33.595
826.122	33.648
826.778	35.284
827.475	38.899
828.254	44.876
829.161	53.497
830.247	64.755
831.561	78.055
833.132	91.931
834.955	104.022
836.976	111.564
839.090	112.472
841.168	106.447
843.089	95.273
844.775	82.056
846.211	69.961
847.433	61.515
848.517	58.477
849.567	62.149
850.707	73.758
852.081	94.443
853.848	124.594
856.156	162.334
859.094	201.657
862.616	232.217
866.493	243.293
870.365	230.703
873.872	200.082
876.804	162.459
879.126	127.269
880.918	99.188
882.309	78.838
883.416	64.874
884.333	55.522
885.123	49.245
885.830	44.946
886.479	41.885
887.088	39.621
887.667	37.888
888.224	36.532
888.765	35.456
889.292	34.609
889.810	33.955
890.320	33.455
890.826	33.079
891.329	32.803
891.830	32.597
892.331	32.439
892.832	32.317
893.334	32.230
893.837	32.191
894.342	32.234
894.849	32.416
895.364	32.824
895.888	33.581
896.427	34.850
896.992	36.840
897.593	39.811
898.248	44.067
898.978	49.942
899.811	57.752
900.779	67.718
901.914	79.813
903.251	93.590
904.807	107.968
906.583	121.236
908.549	131.215
910.638	135.853
912.759	134.000
914.810	125.854
916.700	112.949
918.370	97.516
919.795	81.703
920.979	67.097
921.948	54.554
922.736	44.311
923.378	36.250
923.906	30.055
924.347	25.351
924.722	21.810
925.048	19.142
925.337	17.125
925.599	15.589
925.839	14.411
926.063	13.505
926.276	12.811
926.479	12.289
926.676	11.917
926.869	11.683
927.060	11.590
927.251	11.649
927.446	11.886
927.647	12.342
927.858	13.076
928.084	14.180
928.332	15.772
928.612	18.024
928.936	21.169
929.321	25.510
929.790	31.437
930.374	39.411
931.110	49.918
932.045	63.356
933.231	79.789
934.715	98.648
936.528	118.395
938.666	136.457
941.075	149.785
943.651	155.969
946.262	154.447
948.783	146.844
951.130	136.102
953.271	125.179
955.222	116.027
957.018	109.359
958.705	104.892
960.317	101.765
961.874	98.959
963.380	95.575
964.824	91.026
966.189	85.106
967.456	77.956
968.610	69.979
969.640	61.678
970.546	53.529
971.331	45.946
972.005	39.168
972.581	33.343
973.073	28.503
973.496	24.616
973.865	21.614
974.192	19.421
974.489	17.967
974.767	17.199
975.037	17.098
975.310	17.679
975.596	19.000
975.907	21.182
976.259	24.404
976.670	28.931
977.162	35.120
977.765	43.425
978.514	54.351
979.455	68.432
980.640	86.017
982.123	107.074
983.953	130.867
986.156	155.737
988.727	179.326
991.618	199.272
994.747	214.398
998.027	225.612
1001.393	235.739
1004.834	248.214
1008.384	265.574
1012.104	287.667
1016.036	311.189
1020.172	330.106
1024.418	337.506
1028.610	328.790
1032.556	303.910
1036.090	267.187
1039.118	225.149
1041.616	183.742
1043.626	146.872
1045.218	116.265
1046.472	92.081
1047.465	73.638
1048.261	59.960
1048.913	50.052
1049.461	43.079
1049.936	38.352
1050.363	35.350
1050.761	33.684
1051.143	33.062
1051.522	33.277
1051.906	34.173
1052.304	35.627
1052.722	37.552
1053.164	39.851
1053.638	42.460
1054.143	45.278
1054.684	48.231
1055.264	51.214
1055.880	54.114
1056.533	56.827
1057.219	59.235
1057.936	61.239
1058.677	62.767
1059.438	63.764
1060.212	64.238
1060.991	64.217
1061.770	63.809
1062.546	63.156
1063.314	62.433
1064.075	61.878
1064.831	61.710
1065.588	62.214
1066.354	63.642
1067.141	66.250
1067.964	70.305
1068.841	75.960
1069.792	83.368
1070.839	92.481
1072.000	103.105
1073.293	114.771
1074.726	126.695
1076.300	137.872
1077.998	147.096
1079.793	153.257
1081.643	155.517
1083.499	153.593
1085.312	147.823
1087.038	139.055
1088.648	128.440
1090.125	117.142
1091.464	106.144
1092.674	96.119
1093.769	87.424
1094.766	80.151
1095.681	74.218
1096.530	69.416
1097.326	65.514
1098.080	62.261
1098.799	59.447
1099.487	56.888
1100.148	54.458
1100.781	52.070
1101.389	49.682
1101.970	47.275
1102.525	44.871
1103.053	42.502
1103.555	40.202
1104.032	38.025
1104.485	36.005
1104.916	34.197
1105.327	32.619
1105.721	31.315
1106.102	30.297
1106.473	29.583
1106.838	29.191
1107.200	29.119
1107.564	29.382
1107.934	29.976
1108.314	30.905
1108.708	32.166
1109.121	33.760
1109.557	35.672
1110.021	37.889
1110.516	40.389
1111.046	43.139
1111.614	46.095
1112.223	49.201
1112.874	52.383
1113.570	55.558
1114.309	58.629
1115.089	61.495
1115.907	64.055
1116.760	66.211
1117.641	67.890
1118.543	69.021
1119.459	69.579
1120.383	69.552
1121.304	68.961
1122.217	67.841
1123.115	66.250
1123.990	64.251
1124.839	61.915
1125.657	59.309
1126.440	56.497
1127.188	53.549
1127.897	50.518
1128.567	47.472
1129.198	44.459
1129.789	41.544
1130.345	38.778
1130.864	36.229
1131.352	33.955
1131.811	32.033
1132.247	30.532
1132.666	29.549
1133.074	29.182
1133.481	29.559
1133.898	30.831
1134.337	33.172
1134.815	36.774
1135.350	41.855
1135.964	48.606
1136.681	57.123
1137.527	67.423
1138.525	79.155
1139.695	91.737
1141.042	104.043
1142.556	114.647
1144.206	121.985
1145.936	124.721
1147.679	122.238
1149.363	114.817
1150.922	103.581
1152.311	90.125
1153.509	76.067
1154.513	62.694
1155.337	50.838
1156.005	40.880
1156.544	32.880
1156.979	26.701
1157.335	22.112
1157.633	18.875
1157.890	16.770
1158.123	15.629
1158.343	15.347
1158.563	15.867
1158.795	17.212
1159.050	19.475
1159.342	22.820
1159.689	27.537
1160.113	34.010
1160.640	42.769
1161.308	54.476
1162.163	69.847
1163.259	89.521
1164.659	113.726
1166.424	141.751
1168.595	171.450
1171.169	198.866
1174.082	219.058
1177.199	227.613
1180.343	222.923
1183.332	206.915
1186.041	184.135
1188.404	159.610
1190.427	137.125
1192.151	118.703
1193.643	104.845
1194.961	95.202
1196.163	88.970
1197.291	85.333
1198.376	83.512
1199.441	82.892
1200.500	82.982
1201.559	83.465
1202.626	84.129
1203.699	84.923
1204.784	85.876
1205.879	87.172
1206.992	89.011
1208.127	91.728
1209.299	95.607
1210.521	100.943
1211.812	107.927
1213.192	116.590
1214.679	126.690
1216.290	137.681
1218.029	148.600
1219.892	158.236
1221.855	165.168
1223.879	168.170
1225.913	166.451
1227.901	159.932
1229.785	149.255
1231.524	135.601
1233.088	120.373
1234.466	104.889
1235.661	90.182
1236.684	76.915
1237.557	65.397
1238.299	55.705
1238.933	47.716
1239.479	41.250
1239.953	36.071
1240.370	31.963
1240.743	28.713
1241.079	26.154
1241.388	24.136
1241.676	22.546
1241.946	21.288
1242.203	20.291
1242.450	19.498
1242.689	18.867
1242.922	18.366
1243.150	17.970
1243.374	17.665
1243.597	17.436
1243.817	17.279
1244.038	17.194
1244.258	17.177
1244.480	17.243
1244.704	17.397
1244.932	17.662
1245.165	18.060
1245.405	18.632
1245.654	19.428
1245.916	20.524
1246.196	22.019
1246.498	24.056
1246.832	26.830
1247.207	30.610
1247.640	35.755
1248.150	42.745
1248.764	52.180
1249.520	64.768
1250.460	81.239
1251.642	102.163
1253.124	127.571
1254.958	156.461
1257.180	186.284
1259.774	212.826
1262.669	231.074
1265.727	236.934
1268.777	229.150
1271.647	210.005
1274.218	184.107
1276.431	156.506
1278.289	130.934
1279.833	109.427
1281.120	92.516
1282.211	79.831
1283.156	70.635
1283.997	64.072
1284.764	59.415
1285.480	56.037
1286.159	53.482
1286.809	51.410
1287.435	49.594
1288.042	47.887
1288.629	46.230
1289.198	44.608
1289.748	43.071
1290.281	41.718
1290.800	40.699
1291.308	40.239
1291.815	40.633
1292.331	42.312
1292.874	45.833
1293.470	52.013
1294.154	61.871
1294.978	76.775
1296.008	98.262
1297.332	127.812
1299.049	166.095
1301.261	211.888
1304.035	260.585
1307.363	303.658
1311.122	330.584
1315.071	333.257
1318.910	310.819
1322.370	270.140
1325.295	221.894
1327.649	175.368
1329.484	135.960
1330.899	105.330
1331.995	82.836
1332.859	66.905
1333.563	55.843
1334.155	48.193
1334.671	42.870
1335.133	39.083
1335.559	36.301
1335.956	34.177
1336.333	32.496
1336.693	31.124
1337.040	29.994
1337.375	29.083
1337.703	28.381
1338.025	27.921
1338.343	27.726
1338.662	27.850
1338.984	28.349
1339.314	29.300
1339.658	30.780
1340.022	32.892
1340.414	35.754
1340.844	39.503
1341.321	44.276
1341.860	50.245
1342.475	57.575
1343.181	66.400
1344.000	76.870
1344.947	88.975
1346.044	102.713
1347.306	117.816
1348.748	133.915
1350.378	150.405
1352.194	166.528
1354.185	181.441
1356.331	194.305
1358.603	204.474
1360.961	211.432
1363.369	214.998
1365.785	215.136
1368.173	212.028
1370.497	205.963
1372.728	197.334
1374.845	186.652
1376.826	174.492
1378.665	161.510
1380.353	148.361
1381.897	135.642
1383.302	123.836
1384.582	113.319
1385.752	104.257
1386.829	96.741
1387.830	90.708
1388.770	86.045
1389.665	82.546
1390.524	79.986
1391.360	78.162
1392.179	76.802
1392.984	75.702
1393.780	74.663
1394.564	73.509
1395.339	72.125
1396.098	70.405
1396.841	68.312
1397.561	65.830
1398.255	62.996
1398.920	59.859
1399.552	56.506
1400.150	53.020
1400.711	49.494
1401.236	46.026
1401.726	42.684
1402.181	39.548
1402.604	36.675
1402.999	34.106
1403.367	31.890
1403.714	30.045
1404.042	28.605
1404.356	27.593
1404.662	27.042
1404.964	26.996
1405.268	27.502
1405.580	28.636
1405.909	30.487
1406.261	33.188
1406.648	36.890
1407.082	41.806
1407.578	48.168
1408.152	56.259
1408.826	66.355
1409.623	78.739
1410.572	93.591
1411.697	110.845
1413.027	130.172
1414.581	150.677
1416.363	170.942
1418.366	189.022
1420.547	202.712
1422.856	210.133
1425.206	210.123
1427.521	202.786
1429.720	189.300
1431.744	171.675
1433.559	152.067
1435.153	132.383
1436.531	114.004
1437.715	97.678
1438.727	83.726
1439.596	72.105
1440.345	62.609
1440.999	54.951
1441.575	48.830
1442.089	43.976
1442.556	40.147
1442.984	37.158
1443.382	34.852
1443.759	33.106
1444.119	31.837
1444.467	30.969
1444.808	30.454
1445.146	30.263
1445.483	30.379
1445.824	30.806
1446.172	31.572
1446.531	32.729
1446.905	34.373
1447.301	36.652
1447.726	39.799
1448.192	44.156
1448.712	50.223
1449.309	58.723
1450.013	70.660
1450.867	87.365
1451.928	110.501
1453.274	141.869
1454.998	182.875
1457.208	233.616
1459.990	291.248
1463.389	348.771
1467.349	395.173
1471.686	418.728
1476.119	412.703
1480.336	379.194
1484.087	327.957
1487.250	271.075
1489.815	217.999
1491.855	173.682
1493.473	139.363
1494.769	114.023
1495.834	95.943
1496.735	83.251
1497.521	74.427
1498.230	68.290
1498.883	63.951
1499.499	60.844
1500.087	58.532
1500.655	56.758
1501.208	55.338
1501.750	54.152
1502.281	53.155
1502.804	52.302
1503.321	51.606
1503.832	51.099
1504.341	50.811
1504.848	50.856
1505.358	51.324
1505.875	52.400
1506.406	54.301
1506.960	57.336
1507.548	61.930
1508.188	68.624
1508.902	78.141
1509.720	91.380
1510.683	109.351
1511.839	133.154
1513.249	163.621
1514.975	200.892
1517.081	243.800
1519.608	289.071
1522.555	331.090
1525.862	362.559
1529.397	376.677
1532.976	369.673
1536.398	342.694
1539.496	301.262
1542.164	252.928
1544.369	204.587
1546.131	160.950
1547.507	124.274
1548.565	94.960
1549.372	72.333
1549.989	55.280
1550.461	42.620
1550.827	33.308
1551.115	26.484
1551.346	21.487
1551.535	17.822
1551.693	15.123
1551.828	13.134
1551.946	11.665
1552.052	10.591
1552.150	9.823
1552.241	9.306
1552.328	9.010
1552.413	8.922
1552.498	9.045
1552.585	9.404
1552.677	10.041
1552.775	11.015
1552.885	12.412
1553.009	14.359
1553.155	16.992
1553.329	20.535
1553.541	25.232
1553.804	31.411
1554.132	39.458
1554.548	49.821
1555.074	62.980
1555.742	79.377
1556.583	99.283
1557.634	122.714
1558.927	149.007
1560.488	176.790
1562.322	203.737
1564.410	226.712
1566.699	242.387
1569.106	248.060
1571.527	242.564
1573.853	226.721
1575.993	203.063
1577.883	175.015
1579.493	145.947
1580.824	118.456
1581.898	94.146
1582.747	73.697
1583.412	57.129
1583.928	44.080
1584.327	34.033
1584.636	26.427
1584.878	20.735
1585.068	16.514
1585.222	13.418
1585.347	11.156
1585.453	9.514
1585.544	8.339
1585.624	7.499
1585.697	6.914
1585.765	6.515
1585.830	6.260
1585.893	6.114
1585.955	6.057
1586.017	6.073
1586.079	6.156
1586.143	6.302
1586.209	6.514
1586.277	6.798
1586.349	7.164
1586.426	7.629
1586.508	8.216
1586.597	8.956
1586.695	9.889
1586.804	11.074
1586.927	12.585
1587.068	14.519
1587.233	17.013
1587.427	20.240
1587.660	24.432
1587.943	29.885
1588.292	36.972
1588.726	46.160
1589.271	57.975
1589.957	72.982
1590.822	91.685
1591.908	114.331
1593.257	140.666
1594.905	169.580
1596.870	198.829
1599.142	225.123
1601.671	244.491
1604.361	253.447
1607.092	250.277
1609.732	235.587
1612.169	212.240
1614.329	184.250
1616.179	155.407
1617.724	128.572
1618.997	105.415
1620.037	86.513
1620.893	71.792
1621.606	60.852
1622.215	53.150
1622.752	48.210
1623.245	45.647
1623.718	45.211
1624.191	46.791
1624.688	50.399
1625.228	56.181
1625.837	64.387
1626.538	75.357
1627.364	89.505
1628.347	107.238
1629.526	128.893
1630.942	154.590
1632.630	184.084
1634.627	216.624
1636.954	250.847
1639.613	284.922
1642.588	316.781
1645.840	344.606
1649.312	367.301
1652.944	384.480
1656.673	396.265
1660.448	402.999
1664.215	404.373
1667.927	399.737
1671.531	388.308
1674.969	369.662
1678.187	344.262
1681.137	313.511
1683.785	279.546
1686.120	244.648
1688.142	210.899
1689.873	179.813
1691.342	152.280
1692.582	128.680
1693.628	108.957
1694.515	92.805
1695.273	79.804
1695.926	69.523
1696.498	61.478
1697.006	55.289
1697.466	50.617
1697.889	47.149
1698.286	44.656
1698.664	42.938
1699.030	41.830
1699.389	41.200
1699.743	40.938
1700.098	40.960
1700.454	41.189
1700.813	41.565
1701.178	42.041
1701.547	42.578
1701.923	43.143
1702.306	43.715
1702.694	44.278
1703.089	44.823
1703.490	45.348
1703.896	45.856
1704.309	46.359
1704.727	46.876
1705.151	47.429
1705.582	48.038
1706.020	48.737
1706.465	49.564
1706.920	50.540
1707.385	51.697
1707.862	53.077
1708.355	54.687
1708.863	56.545
1709.390	58.661
1709.940	61.017
1710.512	63.594
1711.111	66.340
1711.737	69.194
1712.390	72.058
1713.071	74.847
1713.780	77.446
1714.513	79.706
1715.268	81.509
1716.040	82.759
1716.823	83.342
1717.611	83.198
1718.398	82.315
1719.174	80.705
1719.936	78.435
1720.676	75.617
1721.388	72.388
1722.071	68.917
1722.721	65.389
1723.339	61.993
1723.926	58.944
1724.486	56.437
1725.025	54.673
1725.549	53.886
1726.070	54.319
1726.599	56.203
1727.150	59.839
1727.743	65.558
1728.397	73.645
1729.137	84.407
1729.989	98.113
1730.981	114.730
1732.142	134.078
1733.495	155.465
1735.055	177.592
1736.824	198.730
1738.784	216.625
1740.895	229.034
1743.096	234.214
1745.317	231.423
1747.480	221.154
1749.521	205.042
1751.392	185.402
1753.069	164.673
1754.550	144.942
1755.849	127.744
1756.994	113.970
1758.019	104.016
1758.960	97.920
1759.852	95.497
1760.729	96.430
1761.621	100.364
1762.554	106.888
1763.553	115.561
1764.635	125.874
1765.813	137.227
1767.094	149.007
1768.482	160.587
1769.973	171.334
1771.551	180.740
1773.208	188.555
1774.929	194.746
1776.691	199.668
1778.492	203.907
1780.321	208.237
1782.180	213.529
1784.082	220.542
1786.037	229.673
1788.067	240.986
1790.188	253.951
1792.407	267.332
1794.729	279.608
1797.134	288.704
1799.590	292.770
1802.053	290.444
1804.467	281.133
1806.776	265.277
1808.929	244.218
1810.892	219.766
1812.642	193.918
1814.178	168.421
1815.504	144.652
1816.640	123.409
1817.608	105.124
1818.432	89.876
1819.139	77.481
1819.751	67.693
1820.288	60.165
1820.768	54.560
1821.206	50.571
1821.615	47.920
1822.005	46.362
1822.386	45.708
1822.763	45.793
1823.143	46.478
1823.531	47.660
1823.930	49.240
1824.345	51.145
1824.777	53.316
1825.229	55.682
1825.703	58.199
1826.199	60.824
1826.719	63.500
1827.263	66.196
1827.831	68.860
1828.423	71.461
1829.037	73.952
1829.675	76.305
1830.333	78.473
1831.011	80.438
1831.706	82.154
1832.416	83.609
1833.139	84.772
1833.873	85.622
1834.615	86.141
1835.361	86.325
1836.110	86.161
1836.857	85.647
1837.600	84.797
1838.335	83.612
1839.061	82.109
1839.775	80.308
1840.473	78.248
1841.153	75.964
1841.814	73.485
1842.454	70.869
1843.072	68.171
1843.667	65.426
1844.240	62.706
1844.789	60.069
1845.317	57.566
1845.824	55.272
1846.312	53.261
1846.784	51.602
1847.243	50.384
1847.694	49.724
1848.140	49.750
1848.590	50.625
1849.051	52.565
1849.533	55.858
1850.049	60.851
1850.616	68.006
1851.254	77.895
1851.990	91.225
1852.856	108.780
1853.892	131.382
1855.145	159.724
1856.668	194.131
1858.507	234.009
1860.708	277.657
1863.290	321.683
1866.237	360.993
1869.481	389.963
1872.914	403.595
1876.391	399.411
1879.760	378.503
1882.885	344.953
1885.690	304.343
1888.127	262.297
1890.208	222.961
1891.965	188.799
1893.449	160.885
1894.714	139.288
1895.812	123.551
1896.792	113.029
1897.694	107.136
1898.556	105.325
1899.409	107.246
1900.285	112.613
1901.209	121.209
1902.208	132.827
1903.306	147.164
1904.523	163.721
1905.875	181.777
1907.372	200.310
1909.014	217.996
1910.787	233.306
1912.673	244.778
1914.635	251.087
1916.625	251.452
1918.599	245.776
1920.515	234.663
1922.325	219.320
1924.003	201.283
1925.537	182.171
1926.917	163.513
1928.152	146.475
1929.260	131.911
1930.257	120.409
1931.171	112.250
1932.028	107.572
1932.853	106.416
1933.676	108.696
1934.522	114.373
1935.417	123.240
1936.386	135.124
1937.450	149.598
1938.630	166.163
1939.939	183.975
1941.383	202.032
1942.962	219.010
1944.663	233.537
1946.465	244.199
1948.334	249.859
1950.231	249.846
1952.109	244.062
1953.931	232.943
1955.655	217.567
1957.252	199.262
1958.708	179.340
1960.011	159.118
1961.163	139.664
1962.172	121.624
1963.051	105.438
1963.811	91.353
1964.471	79.299
1965.047	69.168
1965.549	60.798
1965.991	53.946
1966.388	48.379
1966.744	43.905
1967.069	40.326
1967.369	37.468
1967.650	35.203
1967.914	33.406
1968.168	31.985
1968.411	30.866
1968.646	29.978
1968.876	29.276
1969.102	28.731
1969.324	28.295
1969.544	27.958
1969.763	27.701
1969.980	27.505
1970.196	27.361
1970.412	27.266
1970.628	27.205
1970.845	27.186
1971.063	27.192
1971.281	27.232
1971.500	27.294
1971.721	27.385
1971.943	27.497
1972.167	27.629
1972.393	27.785
1972.622	27.956
1972.852	28.146
1973.085	28.352
1973.320	28.572
1973.558	28.804
1973.799	29.049
1974.043	29.302
1974.290	29.566
1974.540	29.835
1974.793	30.113
1975.049	30.397
1975.309	30.685
1975.572	30.983
1975.839	31.285
1976.109	31.595
1976.382	31.914
1976.660	32.243
1976.941	32.585
1977.226	32.941
1977.515	33.314
1977.809	33.704
1978.107	34.115
1978.410	34.549
1978.718	35.008
1979.030	35.489
1979.348	35.995
1979.672	36.522
1980.002	37.071
1980.337	37.633
1980.679	38.206
1981.026	38.781
1981.380	39.348
1981.741	39.896
1982.108	40.409
1982.480	40.883
1982.857	41.296
1983.240	41.629
1983.626	41.870
1984.016	42.014
1984.407	42.034
1984.801	41.921
1985.193	41.664
1985.583	41.259
1985.971	40.701
1986.355	39.994
1986.732	39.134
1987.101	38.134
1987.463	37.001
1987.815	35.751
1988.154	34.400
1988.481	32.963
1988.797	31.461
1989.098	29.912
1989.385	28.326
1989.658	26.736
1989.915	25.153
1990.158	23.593
1990.388	22.057
1990.602	20.571
1990.803	19.143
1990.990	17.774
1991.165	16.470
1991.327	15.242
1991.478	14.084
1991.618	12.999
1991.747	11.991
1991.868	11.050
1991.979	10.184
1992.081	9.383
1992.177	8.646
1992.264	7.970
1992.346	7.352
1992.422	6.786
1992.492	6.270
1992.557	5.801
1992.617	5.374
1992.673	4.985
1992.726	4.633
1992.775	4.314
1992.821	4.024
1992.864	3.762
1992.904	3.524
1992.942	3.308
1992.978	3.113
1993.012	2.936
1993.044	2.776
1993.075	2.630
1993.104	2.498
1993.132	2.378
1993.159	2.269
1993.184	2.169
1993.209	2.079
1993.232	1.996
1993.255	1.920
1993.277	1.851
1993.299	1.788
1993.320	1.730
1993.340	1.676
1993.360	1.627
1993.379	1.581
1993.397	1.539
1993.416	1.500
1993.434	1.464
1993.452	1.430
1993.469	1.398
1993.486	1.368
1993.503	1.341
1993.519	1.315
1993.536	1.290
1993.552	1.267
1993.567	1.245
1993.583	1.224
1993.599	1.205
1993.614	1.186
1993.629	1.168
1993.644	1.151
1993.659	1.134
1993.673	1.119
1993.688	1.103
1993.703	1.089
1993.717	1.075
1993.731	1.061
1993.745	1.048
1993.759	1.035
1993.773	1.023
1993.787	1.010
1993.800	0.999
1993.814	0.987
1993.828	0.976
1993.841	0.965
1993.854	0.954
1993.868	0.943
1993.881	0.933
1993.894	0.923
1993.907	0.913
1993.920	0.903
1993.933	0.893
1993.946	0.884
1993.958	0.874
1993.971	0.865
1993.983	0.856
1993.996	0.846
1994.008	0.837
1994.021	0.828
1994.033	0.819
1994.045	0.811
1994.057	0.802
1994.069	0.793
1994.081	0.784
1994.093	0.776
1994.105	0.767
1994.117	0.759
1994.129	0.751
1994.140	0.742
1994.152	0.734
1994.163	0.725
1994.175	0.717
1994.186	0.709
1994.197	0.701
1994.208	0.693
1994.219	0.684
1994.231	0.676
1994.242	0.668
1994.252	0.660
1994.263	0.652
1994.274	0.644
1994.285	0.636
1994.295	0.628
1994.306	0.620
1994.316	0.613
1994.326	0.605
1994.337	0.597
1994.347	0.589
1994.357	0.581
1994.367	0.573
1994.377	0.566
1994.387	0.558
1994.396	0.550
1994.406	0.543
1994.416	0.535
1994.425	0.528
1994.434	0.520
1994.444	0.512
1994.453	0.505
1994.462	0.498
1994.471	0.490
1994.480	0.483
1994.489	0.476
