<j>	<Fwlc>
1044.987	13.464
1045.893	13.472
1046.714	13.485
1047.453	13.502
1048.116	13.523
1048.708	13.547
1049.237	13.574
1049.710	13.604
1050.132	13.637
1050.510	13.672
1050.851	13.709
1051.160	13.748
1051.441	13.789
1051.699	13.831
1051.939	13.874
1052.164	13.918
1052.379	13.963
1052.585	14.009
1052.787	14.055
1052.989	14.101
1053.193	14.148
1053.403	14.195
1053.624	14.241
1053.860	14.287
1054.119	14.333
1054.408	14.376
1054.738	14.419
1055.121	14.458
1055.576	14.495
1056.126	14.526
1056.801	14.552
1057.641	14.569
1058.695	14.576
1060.017	14.568
1061.668	14.544
1063.698	14.501
1066.132	14.436
1068.949	14.352
1072.066	14.251
1075.342	14.141
1078.608	14.032
1081.708	13.930
1084.541	13.842
1087.083	13.769
1089.377	13.710
1091.530	13.661
1093.695	13.614
1096.068	13.561
1098.877	13.493
1102.365	13.399
1106.727	13.271
1112.009	13.107
1118.011	12.913
1124.267	12.709
1130.199	12.516
1135.343	12.354
1139.495	12.231
1142.697	12.146
1145.128	12.093
1147.003	12.061
1148.513	12.045
1149.808	12.038
1150.999	12.036
1152.164	12.036
1153.361	12.035
1154.633	12.033
1156.012	12.027
1157.523	12.016
1159.183	12.001
1161.004	11.981
1162.985	11.955
1165.120	11.925
1167.388	11.889
1169.757	11.851
1172.186	11.810
1174.627	11.768
1177.030	11.728
1179.349	11.689
1181.544	11.655
1183.587	11.626
1185.461	11.601
1187.158	11.583
1188.682	11.570
1190.040	11.562
1191.247	11.559
1192.318	11.560
1193.270	11.565
1194.117	11.574
1194.876	11.586
1195.560	11.600
1196.180	11.616
1196.747	11.634
1197.269	11.653
1197.754	11.674
1198.208	11.696
1198.637	11.719
1199.044	11.742
1199.434	11.767
1199.810	11.792
1200.173	11.817
1200.527	11.843
1200.872	11.869
1201.211	11.895
1201.543	11.922
1201.872	11.949
1202.197	11.976
1202.518	12.003
1202.838	12.031
1203.156	12.059
1203.472	12.086
1203.788	12.114
1204.104	12.142
1204.420	12.171
1204.737	12.199
1205.056	12.227
1205.378	12.256
1205.702	12.284
1206.030	12.312
1206.363	12.341
1206.702	12.369
1207.047	12.397
1207.401	12.425
1207.764	12.452
1208.139	12.480
1208.526	12.507
1208.928	12.533
1209.347	12.559
1209.785	12.585
1210.246	12.610
1210.731	12.634
1211.244	12.657
1211.789	12.679
1212.369	12.700
1212.988	12.720
1213.651	12.738
1214.361	12.754
1215.125	12.768
1215.944	12.781
1216.825	12.791
1217.769	12.799
1218.781	12.805
1219.861	12.808
1221.009	12.808
1222.223	12.806
1223.500	12.802
1224.833	12.795
1226.214	12.787
1227.632	12.777
1229.076	12.766
1230.531	12.754
1231.986	12.743
1233.426	12.732
1234.839	12.721
1236.215	12.712
1237.545	12.705
1238.823	12.699
1240.043	12.695
1241.205	12.694
1242.306	12.694
1243.349	12.697
1244.335	12.701
1245.270	12.708
1246.156	12.716
1247.000	12.726
1247.807	12.738
1248.584	12.750
1249.339	12.764
1250.078	12.778
1250.811	12.792
1251.545	12.807
1252.289	12.821
1253.054	12.835
1253.849	12.848
1254.684	12.859
1255.569	12.869
1256.513	12.877
1257.524	12.882
1258.608	12.885
1259.769	12.885
1261.006	12.882
1262.316	12.877
1263.689	12.869
1265.112	12.859
1266.566	12.848
1268.031	12.836
1269.484	12.824
1270.903	12.814
1272.267	12.805
1273.561	12.798
1274.772	12.794
1275.892	12.794
1276.919	12.796
1277.854	12.802
1278.702	12.811
1279.468	12.823
1280.161	12.838
1280.789	12.855
1281.362	12.875
1281.887	12.896
1282.373	12.919
1282.828	12.943
1283.257	12.968
1283.667	12.994
1284.064	13.020
1284.453	13.047
1284.838	13.074
1285.224	13.102
1285.616	13.129
1286.017	13.156
1286.431	13.183
1286.863	13.209
1287.318	13.234
1287.799	13.259
1288.313	13.282
1288.864	13.305
1289.458	13.325
1290.102	13.344
1290.800	13.361
1291.557	13.376
1292.380	13.388
1293.271	13.398
1294.231	13.405
1295.261	13.410
1296.357	13.411
1297.513	13.411
1298.719	13.408
1299.964	13.404
1301.232	13.399
1302.509	13.393
1303.778	13.387
1305.026	13.382
1306.240	13.378
1307.411	13.375
1308.534	13.375
1309.608	13.376
1310.635	13.379
1311.619	13.384
1312.568	13.390
1313.493	13.397
1314.404	13.405
1315.315	13.413
1316.239	13.421
1317.190	13.428
1318.184	13.433
1319.236	13.437
1320.362	13.437
1321.576	13.435
1322.892	13.429
1324.318	13.419
1325.860	13.405
1327.519	13.387
1329.284	13.364
1331.139	13.338
1333.058	13.309
1335.008	13.279
1336.953	13.249
1338.855	13.221
1340.679	13.194
1342.398	13.172
1343.991	13.154
1345.448	13.140
1346.765	13.132
1347.946	13.128
1349.000	13.129
1349.937	13.135
1350.773	13.144
1351.520	13.156
1352.191	13.171
1352.800	13.189
1353.358	13.209
1353.876	13.230
1354.365	13.253
1354.833	13.276
1355.290	13.300
1355.747	13.324
1356.212	13.348
1356.696	13.372
1357.212	13.394
1357.772	13.415
1358.389	13.435
1359.080	13.451
1359.860	13.465
1360.745	13.475
1361.751	13.481
1362.889	13.482
1364.167	13.478
1365.585	13.469
1367.134	13.455
1368.792	13.437
1370.530	13.415
1372.307	13.391
1374.078	13.368
1375.800	13.345
1377.435	13.326
1378.953	13.310
1380.337	13.299
1381.583	13.293
1382.695	13.292
1383.687	13.296
1384.581	13.303
1385.401	13.313
1386.174	13.325
1386.931	13.338
1387.702	13.351
1388.522	13.362
1389.424	13.371
1390.444	13.377
1391.616	13.377
1392.971	13.371
1394.535	13.358
1396.322	13.338
1398.329	13.309
1400.532	13.274
1402.886	13.233
1405.326	13.188
1407.776	13.143
1410.159	13.099
1412.410	13.060
1414.482	13.026
1416.351	12.999
1418.015	12.979
1419.486	12.966
1420.790	12.959
1421.957	12.956
1423.019	12.958
1424.009	12.962
1424.954	12.967
1425.882	12.974
1426.814	12.981
1427.769	12.987
1428.763	12.992
1429.807	12.995
1430.910	12.997
1432.075	12.996
1433.304	12.994
1434.592	12.990
1435.931	12.983
1437.308	12.976
1438.709	12.967
1440.116	12.958
1441.511	12.950
1442.878	12.942
1444.200	12.935
1445.467	12.930
1446.670	12.927
1447.804	12.926
1448.869	12.928
1449.867	12.931
1450.806	12.937
1451.692	12.944
1452.535	12.953
1453.346	12.963
1454.133	12.974
1454.909	12.985
1455.683	12.996
1456.463	13.008
1457.258	13.019
1458.073	13.029
1458.913	13.039
1459.782	13.048
1460.680	13.056
1461.605	13.062
1462.554	13.069
1463.522	13.074
1464.502	13.079
1465.486	13.084
1466.464	13.088
1467.428	13.093
1468.369	13.099
1469.279	13.106
1470.151	13.114
1470.981	13.123
1471.765	13.134
1472.501	13.146
1473.191	13.159
1473.834	13.175
1474.433	13.191
1474.993	13.210
1475.516	13.229
1476.006	13.250
1476.470	13.271
1476.910	13.294
1477.332	13.317
1477.739	13.340
1478.135	13.365
1478.526	13.389
1478.912	13.414
1479.299	13.439
1479.689	13.463
1480.084	13.488
1480.487	13.513
1480.901	13.537
1481.326	13.561
1481.766	13.585
1482.222	13.608
1482.695	13.630
1483.188	13.652
1483.704	13.673
1484.245	13.694
1484.816	13.713
1485.422	13.732
1486.071	13.749
1486.774	13.764
1487.546	13.777
1488.405	13.787
1489.378	13.793
1490.497	13.795
1491.802	13.791
1493.338	13.779
1495.155	13.758
1497.300	13.726
1499.808	13.682
1502.686	13.626
1505.905	13.558
1509.387	13.481
1513.012	13.399
1516.633	13.317
1520.104	13.239
1523.309	13.170
1526.173	13.111
1528.671	13.065
1530.815	13.030
1532.642	13.005
1534.203	12.990
1535.551	12.981
1536.733	12.978
1537.791	12.979
1538.761	12.983
1539.670	12.989
1540.541	12.997
1541.389	13.005
1542.230	13.014
1543.073	13.023
1543.927	13.032
1544.798	13.040
1545.690	13.047
1546.607	13.054
1547.550	13.060
1548.520	13.065
1549.516	13.070
1550.536	13.073
1551.576	13.076
1552.632	13.079
1553.698	13.081
1554.768	13.082
1555.836	13.084
1556.894	13.086
1557.936	13.089
1558.956	13.092
1559.947	13.096
1560.905	13.100
1561.826	13.106
1562.707	13.114
1563.547	13.122
1564.345	13.132
1565.100	13.142
1565.815	13.155
1566.490	13.168
1567.127	13.183
1567.729	13.199
1568.298	13.216
1568.838	13.233
1569.350	13.252
1569.838	13.272
1570.303	13.292
1570.749	13.313
1571.178	13.335
1571.592	13.357
1571.993	13.380
1572.382	13.403
1572.762	13.426
1573.135	13.450
1573.502	13.474
1573.864	13.498
1574.224	13.523
1574.583	13.547
1574.943	13.572
1575.305	13.597
1575.672	13.621
1576.045	13.646
1576.428	13.670
1576.822	13.694
1577.232	13.717
1577.659	13.740
1578.109	13.763
1578.584	13.784
1579.090	13.805
1579.631	13.825
1580.213	13.843
1580.839	13.860
1581.516	13.875
1582.248	13.889
1583.039	13.900
1583.892	13.910
1584.808	13.917
1585.786	13.922
1586.825	13.925
1587.918	13.927
1589.057	13.926
1590.231	13.924
1591.428	13.922
1592.633	13.918
1593.833	13.915
1595.011	13.913
1596.155	13.911
1597.255	13.911
1598.300	13.913
1599.286	13.916
1600.210	13.922
1601.070	13.929
1601.870	13.939
1602.614	13.951
1603.307	13.965
1603.958	13.980
1604.577	13.996
1605.176	14.013
1605.771	14.031
1606.384	14.048
1607.046	14.064
1607.798	14.078
1608.704	14.087
1609.851	14.089
1611.365	14.080
1613.413	14.055
1616.207	14.007
1619.972	13.930
1624.885	13.819
1630.962	13.671
1637.953	13.495
1645.325	13.306
1652.413	13.125
1658.659	12.969
1663.778	12.846
1667.763	12.758
1670.779	12.699
1673.054	12.662
1674.798	12.642
1676.183	12.633
1677.332	12.631
1678.332	12.633
1679.242	12.639
1680.100	12.646
1680.930	12.654
1681.748	12.662
1682.566	12.671
1683.390	12.679
1684.225	12.687
1685.072	12.695
1685.934	12.703
1686.811	12.710
1687.703	12.717
1688.608	12.723
1689.527	12.729
1690.456	12.735
1691.395	12.740
1692.340	12.745
1693.289	12.750
1694.238	12.755
1695.186	12.760
1696.129	12.765
1697.065	12.771
1697.990	12.776
1698.901	12.782
1699.797	12.788
1700.676	12.795
1701.535	12.802
1702.373	12.810
1703.189	12.818
1703.982	12.827
1704.750	12.837
1705.494	12.847
1706.212	12.858
1706.906	12.870
1707.574	12.882
1708.217	12.895
1708.835	12.909
1709.428	12.923
1709.997	12.939
1710.543	12.954
1711.065	12.971
1711.564	12.988
1712.042	13.006
1712.499	13.024
1712.935	13.043
1713.352	13.063
1713.751	13.083
1714.132	13.103
1714.496	13.125
1714.845	13.146
1715.179	13.168
1715.501	13.191
1715.811	13.214
1716.111	13.237
1716.403	13.261
1716.688	13.285
1716.969	13.309
1717.249	13.333
1717.531	13.358
1717.819	13.382
1718.119	13.406
1718.437	13.430
1718.782	13.453
1719.166	13.475
1719.603	13.496
1720.111	13.515
1720.716	13.531
1721.446	13.544
1722.339	13.553
1723.440	13.555
1724.800	13.551
1726.471	13.538
1728.506	13.515
1730.942	13.481
1733.790	13.435
1737.021	13.377
1740.562	13.311
1744.289	13.239
1748.053	13.165
1751.697	13.095
1755.094	13.030
1758.155	12.975
1760.846	12.930
1763.173	12.896
1765.175	12.870
1766.905	12.852
1768.423	12.841
1769.785	12.833
1771.042	12.830
1772.234	12.828
1773.394	12.827
1774.545	12.826
1775.704	12.826
1776.879	12.825
1778.076	12.824
1779.291	12.822
1780.521	12.819
1781.756	12.817
1782.986	12.814
1784.200	12.812
1785.386	12.811
1786.535	12.810
1787.635	12.810
1788.681	12.812
1789.667	12.815
1790.590	12.820
1791.450	12.827
1792.248	12.835
1792.987	12.844
1793.671	12.855
1794.307	12.868
1794.898	12.881
1795.452	12.896
1795.975	12.911
1796.472	12.928
1796.951	12.945
1797.417	12.962
1797.876	12.979
1798.333	12.997
1798.793	13.015
1799.261	13.032
1799.741	13.049
1800.237	13.066
1800.752	13.083
1801.290	13.099
1801.852	13.114
1802.441	13.129
1803.057	13.143
1803.701	13.156
1804.372	13.168
1805.070	13.180
1805.791	13.191
1806.533	13.202
1807.293	13.212
1808.067	13.221
1808.849	13.231
1809.635	13.240
1810.421	13.249
1811.202	13.258
1811.974	13.268
1812.735	13.277
1813.482	13.287
1814.215	13.298
1814.935	13.309
1815.644	13.320
1816.344	13.332
1817.042	13.343
1817.746	13.355
1818.462	13.366
1819.203	13.377
1819.981	13.387
1820.809	13.395
1821.703	13.402
1822.681	13.407
1823.758	13.409
1824.951	13.409
1826.274	13.404
1827.738	13.396
1829.346	13.385
1831.097	13.369
1832.977	13.349
1834.964	13.327
