<j>	<Ffjc>
1034.424	13.991
1035.531	13.994
1036.796	13.989
1038.224	13.975
1039.807	13.953
1041.522	13.925
1043.330	13.891
1045.179	13.854
1047.014	13.817
1048.779	13.784
1050.435	13.755
1051.956	13.733
1053.337	13.718
1054.588	13.709
1055.735	13.706
1056.813	13.707
1057.866	13.710
1058.941	13.713
1060.094	13.713
1061.384	13.707
1062.869	13.693
1064.609	13.668
1066.648	13.629
1069.008	13.575
1071.671	13.508
1074.573	13.429
1077.600	13.343
1080.613	13.258
1083.474	13.178
1086.073	13.110
1088.348	13.055
1090.282	13.016
1091.894	12.991
1093.224	12.979
1094.318	12.977
1095.223	12.984
1095.978	12.998
1096.616	13.017
1097.164	13.041
1097.641	13.068
1098.063	13.097
1098.440	13.129
1098.782	13.162
1099.095	13.197
1099.383	13.233
1099.651	13.270
1099.901	13.308
1100.136	13.347
1100.358	13.387
1100.568	13.428
1100.769	13.469
1100.960	13.511
1101.144	13.553
1101.322	13.596
1101.494	13.639
1101.662	13.683
1101.827	13.728
1101.991	13.772
1102.154	13.817
1102.318	13.862
1102.484	13.908
1102.655	13.953
1102.833	13.998
1103.021	14.043
1103.222	14.088
1103.441	14.132
1103.684	14.175
1103.958	14.217
1104.274	14.258
1104.646	14.296
1105.093	14.330
1105.642	14.360
1106.328	14.384
1107.196	14.399
1108.304	14.403
1109.721	14.393
1111.518	14.364
1113.755	14.314
1116.458	14.242
1119.589	14.149
1123.027	14.040
1126.580	13.924
1130.028	13.812
1133.178	13.714
1135.911	13.634
1138.190	13.576
1140.046	13.537
1141.543	13.516
1142.761	13.508
1143.773	13.510
1144.643	13.520
1145.424	13.534
1146.157	13.550
1146.876	13.568
1147.607	13.585
1148.374	13.601
1149.198	13.615
1150.098	13.626
1151.093	13.633
1152.202	13.635
1153.444	13.632
1154.840	13.622
1156.410	13.605
1158.172	13.580
1160.143	13.546
1162.334	13.503
1164.743	13.451
1167.354	13.391
1170.130	13.324
1173.011	13.252
1175.917	13.180
1178.762	13.109
1181.460	13.045
1183.943	12.988
1186.166	12.942
1188.108	12.907
1189.774	12.883
1191.185	12.869
1192.370	12.864
1193.365	12.867
1194.203	12.876
1194.916	12.891
1195.532	12.909
1196.075	12.931
1196.562	12.955
1197.010	12.981
1197.431	13.009
1197.835	13.037
1198.229	13.065
1198.619	13.094
1199.010	13.123
1199.404	13.152
1199.806	13.181
1200.215	13.210
1200.634	13.238
1201.064	13.267
1201.505	13.294
1201.956	13.322
1202.419	13.349
1202.894	13.375
1203.380	13.401
1203.880	13.427
1204.393	13.452
1204.922	13.477
1205.469	13.501
1206.039	13.524
1206.637	13.547
1207.269	13.567
1207.943	13.587
1208.669	13.604
1209.456	13.619
1210.318	13.631
1211.263	13.639
1212.303	13.644
1213.444	13.644
1214.690	13.640
1216.035	13.632
1217.468	13.620
1218.969	13.605
1220.509	13.588
1222.056	13.570
1223.573	13.553
1225.028	13.538
1226.390	13.526
1227.640	13.519
1228.766	13.517
1229.763	13.521
1230.635	13.529
1231.392	13.542
1232.045	13.560
1232.608	13.582
1233.094	13.607
1233.519	13.635
1233.894	13.665
1234.230	13.697
1234.537	13.730
1234.825	13.765
1235.100	13.800
1235.370	13.836
1235.641	13.872
1235.922	13.908
1236.220	13.943
1236.548	13.978
1236.919	14.011
1237.357	14.041
1237.894	14.068
1238.582	14.089
1239.496	14.101
1240.745	14.101
1242.479	14.082
1244.888	14.036
1248.170	13.956
1252.458	13.836
1257.714	13.677
1263.626	13.490
1269.646	13.298
1275.173	13.123
1279.785	12.982
1283.342	12.882
1285.930	12.819
1287.745	12.787
1288.995	12.777
1289.855	12.783
1290.455	12.799
1290.887	12.822
1291.210	12.849
1291.464	12.879
1291.673	12.912
1291.853	12.945
1292.015	12.980
1292.165	13.015
1292.307	13.051
1292.443	13.087
1292.574	13.124
1292.703	13.160
1292.829	13.197
1292.953	13.235
1293.076	13.272
1293.196	13.310
1293.316	13.348
1293.433	13.386
1293.549	13.425
1293.664	13.463
1293.777	13.502
1293.889	13.542
1294.000	13.581
1294.109	13.621
1294.217	13.661
1294.325	13.701
1294.431	13.741
1294.536	13.782
1294.641	13.823
1294.745	13.864
1294.849	13.905
1294.953	13.947
1295.059	13.988
1295.165	14.030
1295.275	14.072
1295.388	14.114
1295.509	14.156
1295.642	14.198
1295.795	14.239
1295.982	14.280
1296.229	14.318
1296.585	14.352
1297.136	14.380
1298.041	14.395
1299.580	14.388
1302.223	14.340
1306.658	14.228
1313.657	14.021
1323.543	13.707
1335.419	13.317
1347.147	12.929
1356.674	12.618
1363.266	12.412
1367.357	12.297
1369.747	12.244
1371.116	12.229
1371.912	12.235
1372.396	12.252
1372.714	12.276
1372.943	12.303
1373.126	12.332
1373.284	12.362
1373.429	12.393
1373.570	12.424
1373.708	12.455
1373.849	12.487
1373.993	12.518
1374.143	12.550
1374.300	12.581
1374.466	12.612
1374.643	12.643
1374.833	12.674
1375.039	12.704
1375.264	12.734
1375.511	12.764
1375.784	12.792
1376.088	12.820
1376.429	12.847
1376.813	12.872
1377.247	12.896
1377.741	12.918
1378.306	12.938
1378.952	12.956
1379.692	12.970
1380.540	12.981
1381.512	12.988
1382.620	12.990
1383.879	12.988
1385.297	12.980
1386.880	12.967
1388.625	12.949
1390.520	12.925
1392.544	12.897
1394.665	12.866
1396.842	12.832
1399.031	12.798
1401.183	12.764
1403.256	12.733
1405.215	12.706
1407.032	12.682
1408.692	12.664
1410.188	12.651
1411.522	12.643
1412.702	12.640
1413.740	12.642
1414.649	12.648
1415.444	12.657
1416.139	12.670
1416.748	12.686
1417.284	12.704
1417.758	12.724
1418.179	12.746
1418.558	12.770
1418.902	12.795
1419.218	12.820
1419.512	12.847
1419.792	12.875
1420.061	12.903
1420.326	12.931
1420.591	12.959
1420.862	12.987
1421.143	13.015
1421.441	13.043
1421.760	13.070
1422.106	13.097
1422.485	13.122
1422.905	13.147
1423.372	13.169
1423.892	13.191
1424.472	13.210
1425.120	13.227
1425.840	13.241
1426.638	13.254
1427.515	13.263
1428.473	13.270
1429.508	13.274
1430.616	13.275
1431.789	13.274
1433.016	13.271
1434.287	13.267
1435.591	13.261
1436.922	13.254
1438.277	13.247
1439.665	13.239
1441.106	13.229
1442.636	13.217
1444.311	13.200
1446.208	13.178
1448.427	13.146
1451.084	13.102
1454.296	13.041
1458.150	12.962
1462.661	12.863
1467.729	12.747
1473.126	12.620
1478.530	12.493
1483.605	12.375
1488.091	12.273
1491.852	12.193
1494.876	12.134
1497.235	12.095
1499.042	12.072
1500.415	12.062
1501.461	12.062
1502.266	12.070
1502.895	12.082
1503.400	12.099
1503.814	12.118
1504.163	12.139
1504.465	12.162
1504.732	12.185
1504.974	12.210
1505.197	12.235
1505.406	12.261
1505.603	12.287
1505.791	12.314
1505.973	12.341
1506.150	12.368
1506.322	12.396
1506.492	12.423
1506.659	12.451
1506.825	12.479
1506.990	12.507
1507.155	12.535
1507.320	12.563
1507.486	12.592
1507.652	12.620
1507.820	12.649
1507.990	12.677
1508.162	12.706
1508.336	12.735
1508.513	12.763
1508.693	12.792
1508.876	12.821
1509.063	12.850
1509.253	12.878
1509.447	12.907
1509.645	12.936
1509.846	12.964
1510.053	12.993
1510.263	13.022
1510.479	13.050
1510.699	13.079
1510.924	13.107
1511.155	13.136
1511.391	13.164
1511.632	13.192
1511.880	13.220
1512.134	13.249
1512.394	13.276
1512.661	13.304
1512.936	13.332
1513.219	13.360
1513.511	13.387
1513.813	13.414
1514.125	13.441
1514.449	13.467
1514.786	13.494
1515.139	13.519
1515.508	13.545
1515.897	13.569
1516.309	13.594
1516.747	13.617
1517.217	13.639
1517.723	13.660
1518.274	13.680
1518.879	13.698
1519.548	13.715
1520.298	13.728
1521.145	13.739
1522.112	13.745
1523.226	13.747
1524.519	13.743
1526.024	13.733
1527.778	13.714
1529.815	13.686
1532.156	13.648
1534.809	13.600
1537.751	13.543
1540.927	13.477
1544.253	13.407
1547.620	13.335
1550.911	13.265
1554.022	13.201
1556.878	13.144
1559.434	13.097
1561.681	13.060
1563.635	13.032
1565.330	13.013
1566.809	13.000
1568.117	12.993
1569.299	12.991
1570.398	12.991
1571.453	12.993
1572.498	12.996
1573.566	12.998
1574.686	12.999
1575.884	12.998
1577.184	12.994
1578.603	12.987
1580.155	12.976
1581.844	12.961
1583.666	12.942
1585.606	12.920
1587.636	12.894
1589.722	12.867
1591.821	12.839
1593.888	12.812
1595.881	12.787
1597.762	12.764
1599.505	12.746
1601.091	12.731
1602.515	12.722
1603.776	12.717
1604.885	12.716
1605.852	12.719
1606.693	12.726
1607.424	12.737
1608.059	12.750
1608.614	12.766
1609.100	12.783
1609.529	12.803
1609.910	12.824
1610.252	12.846
1610.561	12.869
1610.844	12.893
1611.104	12.918
1611.345	12.943
1611.572	12.969
1611.786	12.996
1611.990	13.023
1612.187	13.050
1612.377	13.078
1612.563	13.106
1612.747	13.134
1612.929	13.162
1613.112	13.190
1613.298	13.218
1613.488	13.247
1613.685	13.275
1613.891	13.303
1614.109	13.331
1614.341	13.358
1614.593	13.385
1614.867	13.412
1615.168	13.437
1615.503	13.462
1615.876	13.486
1616.296	13.508
1616.767	13.529
1617.300	13.548
1617.901	13.566
1618.578	13.580
1619.337	13.593
1620.186	13.602
1621.126	13.609
1622.159	13.612
1623.282	13.613
1624.487	13.611
1625.763	13.607
1627.094	13.601
1628.459	13.593
1629.838	13.585
1631.207	13.577
1632.546	13.570
1633.836	13.564
1635.062	13.560
1636.216	13.558
1637.290	13.558
1638.286	13.561
1639.206	13.567
1640.057	13.574
1640.845	13.584
1641.582	13.595
1642.276	13.608
1642.937	13.622
1643.575	13.637
1644.198	13.653
1644.813	13.668
1645.428	13.684
1646.047	13.700
1646.675	13.716
1647.314	13.731
1647.967	13.746
1648.634	13.760
1649.316	13.774
1650.011	13.788
1650.717	13.801
1651.432	13.814
1652.154	13.826
1652.880	13.839
1653.608	13.851
1654.335	13.864
1655.058	13.876
1655.778	13.889
1656.494	13.902
1657.207	13.915
1657.917	13.928
1658.629	13.941
1659.345	13.953
1660.071	13.966
1660.813	13.978
1661.578	13.990
1662.374	14.001
1663.211	14.010
1664.098	14.018
1665.046	14.024
1666.065	14.028
1667.167	14.029
1668.360	14.027
1669.651	14.022
1671.047	14.014
1672.547	14.002
1674.148	13.988
1675.841	13.970
1677.611	13.949
1679.437	13.927
1681.298	13.903
1683.167	13.879
1685.017	13.855
1686.826	13.832
1688.574	13.812
1690.244	13.793
1691.828	13.778
1693.321	13.765
1694.722	13.755
1696.036	13.748
1697.267	13.744
1698.424	13.742
1699.515	13.742
1700.550	13.744
1701.537	13.747
1702.484	13.752
1703.401	13.758
1704.294	13.765
1705.172	13.772
1706.041	13.779
1706.909	13.787
1707.783	13.795
1708.669	13.802
1709.574	13.809
1710.505	13.815
1711.466	13.820
1712.463	13.824
1713.499	13.826
1714.576	13.828
1715.695	13.828
1716.852	13.827
1718.043	13.825
1719.261	13.822
1720.497	13.818
1721.738	13.815
1722.973	13.811
1724.187	13.807
1725.369	13.805
1726.507	13.804
1727.590	13.804
1728.612	13.806
1729.568	13.810
1730.454	13.816
1731.272	13.825
1732.024	13.835
1732.712	13.848
1733.344	13.862
1733.926	13.878
1734.466	13.895
1734.972	13.914
1735.454	13.933
1735.924	13.953
1736.395	13.973
1736.880	13.993
1737.399	14.012
1737.972	14.029
1738.626	14.045
1739.392	14.057
1740.309	14.065
1741.420	14.067
1742.774	14.062
1744.420	14.048
1746.402	14.025
1748.747	13.990
1751.455	13.944
1754.483	13.888
1757.746	13.824
1761.120	13.757
1764.457	13.690
1767.617	13.627
1770.487	13.573
1772.999	13.529
1775.129	13.497
1776.889	13.475
1778.316	13.463
1779.458	13.460
1780.368	13.464
1781.093	13.474
1781.673	13.488
1782.143	13.506
1782.530	13.526
1782.856	13.548
1783.136	13.572
1783.384	13.597
1783.609	13.622
1783.818	13.649
1784.017	13.675
1784.209	13.702
1784.398	13.729
1784.587	13.757
1784.778	13.784
1784.973	13.811
1785.174	13.839
1785.382	13.866
1785.600	13.893
1785.830	13.920
1786.074	13.946
1786.336	13.972
1786.617	13.997
1786.923	14.022
1787.259	14.046
1787.630	14.069
1788.043	14.091
1788.507	14.112
1789.034	14.131
1789.637	14.147
1790.330	14.161
1791.133	14.172
1792.068	14.178
1793.157	14.181
1794.427	14.178
1795.903	14.168
1797.606	14.152
1799.552	14.129
1801.743	14.098
1804.167	14.060
1806.788	14.015
1809.556	13.967
1812.402	13.915
1815.249	13.864
1818.023	13.814
