<j>	<Ffjc>
1075.255	12.192
1076.308	12.195
1077.301	12.200
1078.237	12.207
1079.125	12.216
1079.972	12.227
1080.785	12.240
1081.575	12.253
1082.347	12.267
1083.111	12.282
1083.874	12.296
1084.642	12.311
1085.422	12.325
1086.217	12.339
1087.034	12.352
1087.875	12.364
1088.742	12.375
1089.635	12.386
1090.556	12.395
1091.501	12.403
1092.468	12.410
1093.452	12.416
1094.447	12.422
1095.448	12.428
1096.446	12.433
1097.436	12.439
1098.408	12.446
1099.357	12.453
1100.276	12.461
1101.161	12.470
1102.007	12.481
1102.811	12.494
1103.571	12.508
1104.287	12.524
1104.959	12.542
1105.588	12.561
1106.175	12.582
1106.723	12.605
1107.234	12.629
1107.711	12.655
1108.156	12.682
1108.572	12.710
1108.961	12.740
1109.328	12.770
1109.673	12.802
1109.999	12.834
1110.309	12.868
1110.604	12.902
1110.887	12.937
1111.161	12.972
1111.426	13.008
1111.685	13.044
1111.941	13.081
1112.195	13.118
1112.450	13.155
1112.709	13.192
1112.975	13.229
1113.254	13.266
1113.548	13.302
1113.865	13.338
1114.211	13.372
1114.595	13.406
1115.027	13.437
1115.519	13.466
1116.087	13.492
1116.745	13.514
1117.512	13.531
1118.405	13.544
1119.444	13.550
1120.640	13.549
1122.003	13.540
1123.530	13.525
1125.209	13.502
1127.016	13.473
1128.913	13.440
1130.861	13.405
1132.820	13.368
1134.755	13.333
1136.648	13.299
1138.495	13.268
1140.309	13.239
1142.111	13.211
1143.933	13.182
1145.804	13.152
1147.749	13.120
1149.780	13.084
1151.889	13.045
1154.054	13.004
1156.233	12.962
1158.373	12.922
1160.420	12.884
1162.326	12.852
1164.057	12.826
1165.592	12.808
1166.931	12.797
1168.081	12.794
1169.062	12.798
1169.898	12.807
1170.612	12.822
1171.230	12.841
1171.773	12.863
1172.260	12.887
1172.710	12.913
1173.138	12.941
1173.556	12.969
1173.978	12.997
1174.416	13.025
1174.880	13.052
1175.385	13.077
1175.944	13.101
1176.572	13.122
1177.287	13.140
1178.109	13.154
1179.058	13.163
1180.157	13.167
1181.427	13.163
1182.885	13.153
1184.540	13.135
1186.390	13.108
1188.415	13.075
1190.579	13.036
1192.826	12.994
1195.092	12.950
1197.308	12.907
1199.411	12.868
1201.354	12.835
1203.106	12.809
1204.657	12.791
1206.009	12.781
1207.178	12.777
1208.186	12.780
1209.054	12.788
1209.809	12.801
1210.471	12.817
1211.060	12.837
1211.592	12.859
1212.083	12.882
1212.543	12.907
1212.983	12.933
1213.411	12.960
1213.835	12.987
1214.261	13.014
1214.697	13.041
1215.147	13.067
1215.618	13.093
1216.117	13.118
1216.651	13.142
1217.226	13.164
1217.850	13.184
1218.532	13.203
1219.280	13.219
1220.102	13.232
1221.006	13.241
1221.999	13.248
1223.083	13.251
1224.260	13.250
1225.526	13.246
1226.872	13.238
1228.284	13.228
1229.743	13.215
1231.224	13.202
1232.704	13.188
1234.154	13.175
1235.552	13.163
1236.877	13.155
1238.113	13.149
1239.253	13.147
1240.291	13.149
1241.229	13.155
1242.071	13.165
1242.825	13.178
1243.500	13.195
1244.105	13.214
1244.651	13.236
1245.148	13.259
1245.604	13.285
1246.029	13.312
1246.431	13.340
1246.817	13.369
1247.194	13.398
1247.570	13.428
1247.950	13.457
1248.343	13.487
1248.753	13.515
1249.188	13.543
1249.655	13.570
1250.162	13.596
1250.715	13.619
1251.324	13.641
1251.996	13.660
1252.741	13.676
1253.566	13.689
1254.481	13.699
1255.493	13.705
1256.609	13.706
1257.833	13.703
1259.170	13.696
1260.618	13.684
1262.173	13.667
1263.826	13.647
1265.565	13.623
1267.371	13.596
1269.222	13.567
1271.093	13.537
1272.957	13.508
1274.786	13.479
1276.557	13.453
1278.248	13.429
1279.845	13.410
1281.337	13.394
1282.721	13.382
1284.000	13.375
1285.183	13.372
1286.280	13.372
1287.309	13.374
1288.289	13.379
1289.241	13.386
1290.191	13.392
1291.164	13.399
1292.191	13.403
1293.301	13.405
1294.527	13.403
1295.900	13.395
1297.447	13.382
1299.191	13.361
1301.141	13.332
1303.290	13.296
1305.612	13.254
1308.061	13.206
1310.573	13.156
1313.076	13.106
1315.499	13.058
1317.782	13.015
1319.881	12.979
1321.773	12.949
1323.454	12.928
1324.931	12.913
1326.224	12.905
1327.354	12.904
1328.345	12.907
1329.221	12.915
1330.003	12.926
1330.709	12.940
1331.356	12.956
1331.961	12.974
1332.537	12.993
1333.099	13.013
1333.661	13.033
1334.241	13.053
1334.857	13.071
1335.531	13.088
1336.290	13.103
1337.163	13.113
1338.187	13.119
1339.401	13.119
1340.845	13.111
1342.559	13.094
1344.570	13.067
1346.887	13.029
1349.492	12.981
1352.329	12.926
1355.313	12.864
1358.332	12.801
1361.267	12.740
1364.016	12.684
1366.504	12.637
1368.692	12.600
1370.572	12.573
1372.163	12.555
1373.499	12.547
1374.618	12.545
1375.560	12.549
1376.360	12.559
1377.049	12.572
1377.651	12.588
1378.185	12.607
1378.667	12.627
1379.108	12.649
1379.516	12.672
1379.898	12.696
1380.259	12.721
1380.602	12.747
1380.930	12.773
1381.244	12.800
1381.546	12.827
1381.838	12.855
1382.120	12.883
1382.393	12.911
1382.659	12.940
1382.917	12.969
1383.170	12.999
1383.417	13.029
1383.659	13.059
1383.898	13.089
1384.135	13.120
1384.370	13.150
1384.604	13.181
1384.840	13.212
1385.077	13.243
1385.319	13.274
1385.565	13.305
1385.817	13.336
1386.078	13.367
1386.348	13.398
1386.630	13.428
1386.926	13.458
1387.237	13.487
1387.565	13.516
1387.912	13.545
1388.281	13.572
1388.672	13.599
1389.088	13.625
1389.530	13.651
1389.999	13.675
1390.495	13.698
1391.019	13.721
1391.571	13.742
1392.149	13.763
1392.752	13.782
1393.378	13.801
1394.025	13.819
1394.689	13.836
1395.369	13.853
1396.061	13.869
1396.766	13.884
1397.483	13.900
1398.214	13.914
1398.965	13.929
1399.746	13.942
1400.573	13.953
1401.468	13.963
1402.462	13.969
1403.598	13.970
1404.930	13.964
1406.523	13.949
1408.449	13.923
1410.778	13.882
1413.556	13.826
1416.788	13.753
1420.411	13.665
1424.288	13.568
1428.221	13.468
1431.995	13.373
1435.424	13.289
1438.393	13.221
1440.862	13.170
1442.853	13.136
1444.426	13.117
1445.658	13.110
1446.625	13.113
1447.394	13.123
1448.023	13.138
1448.557	13.157
1449.033	13.178
1449.484	13.200
1449.935	13.223
1450.412	13.245
1450.940	13.266
1451.543	13.284
1452.251	13.300
1453.092	13.311
1454.099	13.317
1455.306	13.317
1456.743	13.309
1458.435	13.293
1460.393	13.269
1462.609	13.235
1465.053	13.194
1467.667	13.147
1470.371	13.097
1473.073	13.046
1475.683	12.997
1478.125	12.954
1480.345	12.917
1482.318	12.888
1484.040	12.867
1485.527	12.854
1486.805	12.847
1487.905	12.846
1488.860	12.850
1489.698	12.858
1490.446	12.869
1491.126	12.883
1491.758	12.898
1492.355	12.914
1492.931	12.931
1493.495	12.949
1494.055	12.967
1494.619	12.984
1495.190	13.002
1495.774	13.019
1496.375	13.036
1496.995	13.052
1497.637	13.068
1498.303	13.083
1498.992	13.097
1499.707	13.111
1500.445	13.123
1501.205	13.135
1501.987	13.146
1502.786	13.157
1503.599	13.167
1504.423	13.177
1505.252	13.187
1506.082	13.196
1506.908	13.206
1507.726	13.215
1508.530	13.226
1509.317	13.236
1510.083	13.248
1510.825	13.260
1511.541	13.273
1512.229	13.286
1512.889	13.301
1513.520	13.317
1514.123	13.333
1514.699	13.351
1515.248	13.369
1515.774	13.389
1516.276	13.409
1516.759	13.430
1517.223	13.451
1517.672	13.473
1518.109	13.496
1518.537	13.519
1518.958	13.542
1519.376	13.565
1519.796	13.589
1520.221	13.612
1520.656	13.636
1521.107	13.659
1521.579	13.681
1522.080	13.702
1522.618	13.722
1523.200	13.741
1523.836	13.758
1524.537	13.773
1525.312	13.786
1526.173	13.796
1527.130	13.802
1528.190	13.805
1529.360	13.805
1530.642	13.800
1532.034	13.792
1533.528	13.780
1535.113	13.765
1536.769	13.747
1538.476	13.727
1540.210	13.707
1541.951	13.685
1543.680	13.665
1545.383	13.645
1547.056	13.626
1548.699	13.608
1550.321	13.591
1551.938	13.575
1553.568	13.559
1555.236	13.541
1556.967	13.522
1558.789	13.500
1560.726	13.475
1562.800	13.446
1565.024	13.413
1567.403	13.375
1569.929	13.332
1572.579	13.286
1575.317	13.236
1578.093	13.186
1580.848	13.136
1583.525	13.088
1586.068	13.044
1588.436	13.006
1590.599	12.973
1592.540	12.947
1594.259	12.928
1595.763	12.915
1597.069	12.908
1598.196	12.906
1599.166	12.909
1600.001	12.917
1600.720	12.928
1601.342	12.941
1601.883	12.958
1602.356	12.976
1602.774	12.997
1603.147	13.019
1603.482	13.042
1603.787	13.066
1604.067	13.091
1604.327	13.116
1604.572	13.142
1604.803	13.169
1605.024	13.196
1605.238	13.224
1605.445	13.252
1605.649	13.280
1605.850	13.308
1606.049	13.336
1606.250	13.365
1606.451	13.393
1606.657	13.422
1606.867	13.450
1607.085	13.479
1607.313	13.507
1607.555	13.535
1607.814	13.562
1608.099	13.589
1608.416	13.615
1608.776	13.640
1609.196	13.663
1609.697	13.684
1610.306	13.702
1611.061	13.715
1612.013	13.723
1613.225	13.723
1614.773	13.713
1616.746	13.691
1619.230	13.653
1622.294	13.597
1625.959	13.524
1630.174	13.433
1634.791	13.330
1639.584	13.222
1644.294	13.115
1648.683	13.017
1652.592	12.933
1655.952	12.865
1658.776	12.813
1661.129	12.776
1663.097	12.750
1664.768	12.733
1666.220	12.723
1667.516	12.717
1668.703	12.715
1669.818	12.715
1670.884	12.716
1671.918	12.719
1672.931	12.722
1673.929	12.726
1674.913	12.730
1675.887	12.734
1676.847	12.739
1677.794	12.744
1678.725	12.749
1679.638	12.755
1680.531	12.761
1681.402	12.768
1682.249	12.776
1683.069	12.784
1683.864	12.793
1684.630	12.803
1685.367	12.813
1686.075	12.824
1686.754	12.837
1687.404	12.850
1688.024	12.863
1688.615	12.878
1689.179	12.893
1689.714	12.909
1690.224	12.926
1690.707	12.944
1691.166	12.962
1691.602	12.981
1692.016	13.001
1692.410	13.021
1692.785	13.042
1693.142	13.063
1693.484	13.085
1693.812	13.108
1694.128	13.131
1694.433	13.154
1694.730	13.178
1695.021	13.201
1695.307	13.225
1695.592	13.250
1695.877	13.274
1696.166	13.298
1696.460	13.322
1696.765	13.346
1697.082	13.370
1697.415	13.393
1697.769	13.416
1698.148	13.438
1698.557	13.460
1699.000	13.480
1699.484	13.500
1700.012	13.518
1700.591	13.535
1701.227	13.550
1701.922	13.563
1702.681	13.575
1703.507	13.584
1704.399	13.592
1705.357	13.597
1706.376	13.601
1707.450	13.602
1708.569	13.603
1709.721	13.602
1710.893	13.601
1712.070	13.599
1713.235	13.597
1714.375	13.596
1715.475	13.596
1716.526	13.598
1717.517	13.601
1718.444	13.606
1719.304	13.613
1720.095	13.622
1720.822	13.633
1721.486	13.646
1722.093	13.661
1722.649	13.677
1723.162	13.695
1723.636	13.714
1724.081	13.735
1724.502	13.755
1724.908	13.777
1725.304	13.799
1725.697	13.821
1726.096	13.843
1726.505	13.865
1726.934	13.887
1727.387	13.907
1727.873	13.927
1728.398	13.946
1728.969	13.963
1729.592	13.979
1730.274	13.993
1731.020	14.006
1731.832	14.016
1732.714	14.024
1733.665	14.029
1734.682	14.033
1735.759	14.034
1736.888	14.034
1738.059	14.033
1739.258	14.030
1740.472	14.027
1741.687	14.023
1742.889	14.020
1744.068	14.018
1745.218	14.016
1746.333	14.016
1747.416	14.016
1748.473	14.018
1749.515	14.020
1750.562	14.022
1751.637	14.023
1752.775	14.023
1754.018	14.021
1755.421	14.013
1757.049	14.000
1758.981	13.978
1761.300	13.945
1764.092	13.899
1767.419	13.838
1771.301	13.760
1775.689	13.668
1780.450	13.566
1785.375	13.458
1790.221	13.352
1794.756	13.254
1798.814	13.170
1802.313	13.102
1805.248	13.049
1807.666	13.011
1809.645	12.985
1811.270	12.969
1812.618	12.961
1813.759	12.960
1814.746	12.962
1815.624	12.968
1816.424	12.976
1817.174	12.985
1817.890	12.996
1818.589	13.007
1819.280	13.018
1819.972	13.030
1820.672	13.041
1821.385	13.052
1822.115	13.063
1822.866	13.073
1823.643	13.082
1824.448	13.091
1825.287	13.099
1826.164	13.106
1827.084	13.112
1828.055	13.117
1829.083	13.120
1830.177	13.121
1831.347	13.121
1832.601	13.119
1833.949	13.114
1835.401	13.106
1836.964	13.096
1838.642	13.083
1840.435	13.067
1842.338	13.048
1844.340	13.026
1846.422	13.003
1848.559	12.977
