<j>	<Fwlc>
1051.702	13.159
1052.990	13.152
1054.297	13.145
1055.610	13.136
1056.917	13.128
1058.201	13.121
1059.447	13.115
1060.640	13.111
1061.767	13.110
1062.818	13.112
1063.787	13.118
1064.671	13.127
1065.470	13.141
1066.187	13.158
1066.828	13.178
1067.398	13.202
1067.904	13.229
1068.354	13.258
1068.755	13.290
1069.115	13.324
1069.438	13.360
1069.732	13.397
1070.001	13.436
1070.252	13.476
1070.487	13.517
1070.712	13.559
1070.930	13.601
1071.145	13.644
1071.361	13.687
1071.581	13.730
1071.810	13.773
1072.053	13.815
1072.314	13.857
1072.599	13.898
1072.916	13.938
1073.272	13.976
1073.679	14.012
1074.147	14.045
1074.692	14.075
1075.331	14.100
1076.082	14.120
1076.968	14.134
1078.010	14.140
1079.230	14.137
1080.644	14.125
1082.260	14.102
1084.072	14.070
1086.057	14.029
1088.177	13.981
1090.375	13.929
1092.590	13.876
1094.759	13.824
1096.830	13.777
1098.768	13.736
1100.552	13.702
1102.182	13.676
1103.667	13.657
1105.023	13.644
1106.271	13.636
1107.435	13.633
1108.534	13.633
1109.590	13.635
1110.621	13.639
1111.644	13.643
1112.673	13.647
1113.722	13.651
1114.800	13.653
1115.916	13.654
1117.074	13.653
1118.274	13.650
1119.514	13.644
1120.784	13.638
1122.073	13.630
1123.367	13.622
1124.648	13.615
1125.901	13.608
1127.108	13.603
1128.258	13.601
1129.342	13.601
1130.353	13.605
1131.292	13.612
1132.159	13.622
1132.960	13.635
1133.702	13.651
1134.392	13.670
1135.039	13.690
1135.651	13.713
1136.236	13.736
1136.801	13.761
1137.354	13.787
1137.899	13.813
1138.443	13.839
1138.990	13.865
1139.543	13.891
1140.105	13.917
1140.678	13.942
1141.265	13.967
1141.866	13.991
1142.483	14.014
1143.116	14.037
1143.767	14.059
1144.438	14.080
1145.129	14.100
1145.844	14.119
1146.587	14.137
1147.363	14.153
1148.177	14.168
1149.038	14.180
1149.954	14.190
1150.936	14.197
1151.993	14.201
1153.135	14.201
1154.370	14.196
1155.705	14.187
1157.141	14.172
1158.675	14.154
1160.302	14.130
1162.007	14.103
1163.779	14.073
1165.601	14.041
1167.462	14.007
1169.353	13.971
1171.274	13.935
1173.231	13.897
1175.234	13.858
1177.298	13.817
1179.435	13.773
1181.653	13.725
1183.949	13.675
1186.309	13.622
1188.704	13.568
1191.095	13.514
1193.438	13.462
1195.688	13.414
1197.810	13.371
1199.778	13.334
1201.580	13.304
1203.216	13.281
1204.696	13.265
1206.036	13.254
1207.253	13.249
1208.368	13.248
1209.398	13.251
1210.359	13.257
1211.265	13.265
1212.126	13.275
1212.950	13.286
1213.745	13.299
1214.513	13.313
1215.259	13.328
1215.984	13.344
1216.691	13.360
1217.380	13.378
1218.053	13.395
1218.712	13.414
1219.358	13.433
1219.993	13.453
1220.621	13.473
1221.244	13.493
1221.866	13.514
1222.492	13.534
1223.124	13.554
1223.769	13.574
1224.430	13.593
1225.111	13.612
1225.817	13.629
1226.551	13.646
1227.314	13.661
1228.107	13.675
1228.931	13.687
1229.783	13.699
1230.659	13.709
1231.553	13.719
1232.460	13.728
1233.370	13.736
1234.276	13.745
1235.171	13.754
1236.045	13.764
1236.895	13.774
1237.714	13.786
1238.502	13.800
1239.258	13.814
1239.985	13.830
1240.689	13.848
1241.377	13.865
1242.059	13.884
1242.750	13.902
1243.466	13.919
1244.227	13.935
1245.057	13.948
1245.982	13.958
1247.033	13.962
1248.241	13.961
1249.637	13.951
1251.247	13.933
1253.083	13.906
1255.143	13.868
1257.399	13.823
1259.800	13.771
1262.273	13.716
1264.735	13.660
1267.106	13.608
1269.321	13.561
1271.339	13.523
1273.142	13.493
1274.736	13.472
1276.139	13.458
1277.381	13.452
1278.489	13.451
1279.494	13.454
1280.419	13.461
1281.287	13.470
1282.112	13.481
1282.908	13.493
1283.681	13.507
1284.438	13.521
1285.182	13.535
1285.912	13.550
1286.630	13.566
1287.333	13.582
1288.021	13.599
1288.692	13.616
1289.345	13.635
1289.980	13.653
1290.597	13.673
1291.197	13.694
1291.781	13.715
1292.354	13.736
1292.917	13.758
1293.477	13.781
1294.038	13.803
1294.607	13.826
1295.190	13.847
1295.794	13.868
1296.429	13.888
1297.102	13.907
1297.822	13.924
1298.597	13.938
1299.436	13.951
1300.345	13.960
1301.330	13.966
1302.392	13.969
1303.532	13.969
1304.744	13.966
1306.022	13.960
1307.354	13.951
1308.727	13.941
1310.124	13.929
1311.532	13.917
1312.937	13.905
1314.331	13.894
1315.710	13.883
1317.075	13.872
1318.436	13.862
1319.806	13.852
1321.205	13.841
1322.656	13.829
1324.182	13.814
1325.808	13.795
1327.553	13.772
1329.427	13.743
1331.428	13.711
1333.540	13.673
1335.730	13.633
1337.951	13.591
1340.148	13.549
1342.266	13.510
1344.254	13.476
1346.076	13.447
1347.709	13.426
1349.149	13.412
1350.400	13.405
1351.478	13.404
1352.405	13.410
1353.202	13.420
1353.893	13.435
1354.499	13.453
1355.039	13.474
1355.531	13.496
1355.988	13.521
1356.424	13.546
1356.850	13.572
1357.274	13.598
1357.706	13.624
1358.154	13.650
1358.624	13.674
1359.124	13.698
1359.659	13.721
1360.236	13.742
1360.861	13.762
1361.537	13.779
1362.271	13.794
1363.065	13.808
1363.921	13.818
1364.842	13.827
1365.827	13.832
1366.873	13.836
1367.978	13.837
1369.136	13.836
1370.343	13.833
1371.591	13.828
1372.873	13.822
1374.185	13.815
1375.522	13.806
1376.881	13.797
1378.262	13.787
1379.667	13.777
1381.101	13.765
1382.573	13.752
1384.093	13.737
1385.673	13.721
1387.328	13.702
1389.073	13.679
1390.924	13.654
1392.893	13.624
1394.988	13.589
1397.211	13.551
1399.554	13.508
1401.998	13.462
1404.513	13.413
1407.059	13.363
1409.591	13.313
1412.064	13.266
1414.434	13.222
1416.670	13.182
1418.751	13.148
1420.668	13.120
1422.423	13.097
1424.027	13.079
1425.495	13.067
1426.848	13.058
1428.103	13.053
1429.281	13.050
1430.398	13.050
1431.471	13.052
1432.511	13.054
1433.529	13.058
1434.533	13.062
1435.527	13.066
1436.515	13.071
1437.500	13.075
1438.484	13.080
1439.465	13.085
1440.445	13.090
1441.423	13.095
1442.401	13.100
1443.377	13.105
1444.355	13.110
1445.337	13.115
1446.326	13.120
1447.328	13.124
1448.350	13.128
1449.398	13.131
1450.482	13.133
1451.612	13.133
1452.800	13.132
1454.056	13.129
1455.394	13.123
1456.824	13.114
1458.358	13.102
1460.004	13.087
1461.767	13.067
1463.647	13.045
1465.640	13.018
1467.734	12.989
1469.912	12.956
1472.154	12.922
1474.432	12.886
1476.720	12.850
1478.991	12.815
1481.222	12.781
1483.392	12.749
1485.487	12.719
1487.498	12.692
1489.423	12.667
1491.261	12.646
1493.017	12.627
1494.700	12.610
1496.318	12.595
1497.882	12.582
1499.404	12.571
1500.895	12.560
1502.367	12.551
1503.830	12.541
1505.293	12.532
1506.763	12.523
1508.245	12.513
1509.741	12.503
1511.249	12.493
1512.764	12.482
1514.279	12.472
1515.783	12.461
1517.263	12.451
1518.706	12.442
1520.099	12.435
1521.428	12.429
1522.684	12.425
1523.859	12.423
1524.947	12.424
1525.948	12.427
1526.862	12.433
1527.694	12.441
1528.450	12.451
1529.138	12.463
1529.767	12.477
1530.349	12.492
1530.896	12.509
1531.420	12.526
1531.936	12.544
1532.461	12.562
1533.011	12.579
1533.607	12.595
1534.272	12.610
1535.031	12.622
1535.912	12.631
1536.947	12.636
1538.167	12.636
1539.601	12.630
1541.275	12.617
1543.204	12.597
1545.387	12.570
1547.803	12.537
1550.408	12.497
1553.136	12.454
1555.907	12.409
1558.634	12.365
1561.238	12.324
1563.658	12.288
1565.852	12.258
1567.806	12.234
1569.523	12.217
1571.023	12.205
1572.335	12.200
1573.491	12.198
1574.525	12.200
1575.468	12.205
1576.350	12.211
1577.195	12.219
1578.024	12.227
1578.854	12.236
1579.699	12.244
1580.569	12.252
1581.473	12.259
1582.415	12.265
1583.396	12.269
1584.416	12.273
1585.470	12.276
1586.555	12.278
1587.660	12.279
1588.778	12.280
1589.897	12.281
1591.006	12.282
1592.094	12.283
1593.151	12.285
1594.168	12.288
1595.137	12.292
1596.052	12.298
1596.910	12.305
1597.708	12.314
1598.446	12.324
1599.125	12.336
1599.747	12.349
1600.315	12.364
1600.833	12.380
1601.305	12.397
1601.734	12.416
1602.125	12.436
1602.482	12.457
1602.808	12.479
1603.107	12.501
1603.383	12.524
1603.638	12.548
1603.875	12.573
1604.096	12.598
1604.304	12.624
1604.500	12.650
1604.685	12.676
1604.862	12.703
1605.032	12.730
1605.195	12.757
1605.353	12.785
1605.507	12.812
1605.658	12.840
1605.806	12.869
1605.953	12.897
1606.099	12.925
1606.246	12.954
1606.394	12.983
1606.544	13.011
1606.698	13.040
1606.857	13.069
1607.023	13.097
1607.197	13.126
1607.382	13.154
1607.581	13.182
1607.795	13.210
1608.030	13.237
1608.290	13.263
1608.578	13.289
1608.902	13.314
1609.269	13.338
1609.685	13.360
1610.161	13.381
1610.707	13.400
1611.333	13.416
1612.053	13.429
1612.878	13.440
1613.822	13.447
1614.895	13.450
1616.106	13.448
1617.460	13.443
1618.957	13.432
1620.590	13.418
1622.345	13.400
1624.201	13.378
1626.132	13.354
1628.107	13.329
1630.093	13.302
1632.063	13.277
1633.990	13.252
1635.856	13.229
1637.651	13.209
1639.372	13.191
1641.021	13.174
1642.604	13.160
1644.134	13.148
1645.621	13.137
1647.078	13.128
1648.514	13.118
1649.940	13.110
1651.363	13.101
1652.786	13.093
1654.212	13.084
1655.642	13.076
1657.072	13.067
1658.500	13.058
1659.924	13.050
1661.337	13.042
1662.739	13.034
1664.127	13.027
1665.502	13.019
1666.864	13.013
1668.220	13.006
1669.575	13.000
1670.937	12.994
1672.318	12.987
1673.730	12.980
1675.183	12.971
1676.690	12.961
1678.260	12.950
1679.901	12.936
1681.615	12.921
1683.399	12.904
1685.245	12.885
1687.139	12.864
1689.061	12.843
1690.986	12.822
1692.889	12.801
1694.741	12.781
1696.520	12.763
1698.205	12.747
1699.782	12.734
1701.241	12.725
1702.579	12.718
1703.798	12.715
1704.904	12.715
1705.905	12.717
1706.812	12.723
1707.634	12.730
1708.384	12.740
1709.073	12.751
1709.709	12.764
1710.303	12.778
1710.864	12.793
1711.398	12.809
1711.912	12.825
1712.414	12.842
1712.907	12.859
1713.398	12.876
1713.891	12.894
1714.391	12.911
1714.902	12.928
1715.427	12.945
1715.972	12.961
1716.539	12.977
1717.133	12.992
1717.757	13.006
1718.414	13.019
1719.106	13.031
1719.835	13.043
1720.603	13.053
1721.409	13.063
1722.253	13.071
1723.132	13.078
1724.043	13.084
1724.982	13.090
1725.943	13.095
1726.919	13.099
1727.904	13.103
1728.891	13.107
1729.873	13.111
1730.844	13.115
1731.800	13.120
1732.740	13.125
1733.663	13.130
1734.575	13.136
1735.482	13.142
1736.398	13.149
1737.342	13.154
1738.340	13.158
1739.426	13.161
1740.645	13.160
1742.056	13.154
1743.729	13.142
1745.745	13.121
1748.195	13.090
1751.164	13.045
1754.717	12.986
1758.871	12.911
1763.573	12.823
1768.687	12.724
1774.002	12.620
1779.269	12.516
1784.254	12.420
1788.783	12.334
1792.765	12.263
1796.184	12.205
1799.078	12.161
1801.517	12.128
1803.579	12.104
1805.337	12.088
1806.855	12.078
1808.186	12.073
1809.368	12.071
1810.432	12.072
1811.402	12.076
1812.294	12.081
1813.122	12.088
1813.895	12.096
1814.622	12.105
1815.308	12.115
1815.960	12.126
1816.582	12.138
1817.178	12.150
1817.752	12.163
1818.308	12.176
1818.850	12.190
1819.380	12.204
1819.904	12.219
1820.424	12.233
1820.946	12.247
1821.473	12.262
1822.012	12.276
1822.567	12.290
1823.146	12.303
1823.756	12.316
1824.406	12.328
1825.104	12.339
1825.861	12.349
1826.688	12.357
1827.597	12.363
1828.600	12.367
1829.709	12.369
1830.935	12.368
1832.286	12.365
1833.768	12.358
1835.381	12.349
1837.120	12.336
1838.972	12.321
1840.919	12.303
1842.933	12.284
1844.984	12.263
1847.036	12.243
1849.053	12.223
1851.003	12.204
1852.856	12.188
1854.589	12.174
1856.188	12.162
1857.643	12.154
1858.955	12.150
1860.125	12.148
1861.163	12.149
1862.079	12.154
1862.884	12.160
1863.591	12.170
1864.213	12.181
1864.760	12.193
1865.243	12.208
1865.672	12.223
1866.055	12.240
1866.398	12.258
1866.709	12.277
1866.993	12.296
1867.253	12.316
1867.494	12.336
1867.718	12.357
1867.929	12.378
1868.128	12.400
1868.317	12.422
1868.498	12.444
1868.672	12.466
