<j>	<F>
1.619	13.960
2.624	13.680
3.345	18.965
4.676	16.599
6.053	12.658
7.211	14.252
8.560	11.473
9.410	12.991
10.691	13.093
11.699	12.408
12.323	14.513
13.395	15.799
15.164	13.433
16.855	12.089
18.494	10.842
19.535	10.777
20.388	11.305
21.321	11.871
22.622	11.956
24.217	11.268
25.413	10.941
26.254	11.304
27.080	11.832
28.095	12.191
29.380	12.113
30.701	11.848
31.967	11.763
33.430	11.533
34.900	11.123
35.959	11.052
36.659	11.413
37.195	12.024
37.670	12.795
38.210	13.639
39.170	14.206
41.391	13.489
44.585	11.454
46.674	10.423
47.961	10.266
49.042	10.314
50.024	10.423
50.902	10.592
51.669	10.829
52.332	11.142
52.909	11.533
53.430	11.993
53.934	12.506
54.482	13.034
55.165	13.498
56.121	13.763
57.486	13.664
59.148	13.229
60.675	12.823
61.835	12.716
62.777	12.830
63.685	13.003
64.633	13.154
65.644	13.259
66.718	13.310
67.802	13.330
68.806	13.388
69.698	13.534
70.541	13.740
71.450	13.930
72.560	14.001
74.030	13.842
75.929	13.388
77.969	12.798
79.664	12.383
80.874	12.264
81.776	12.354
82.567	12.536
83.380	12.727
84.277	12.877
85.235	12.979
86.156	13.078
86.947	13.237
87.595	13.490
88.169	13.814
88.793	14.146
89.627	14.385
90.858	14.401
92.628	14.101
94.906	13.522
97.479	12.826
100.042	12.176
102.333	11.680
104.273	11.355
105.904	11.161
107.257	11.067
108.342	11.063
109.187	11.141
109.849	11.288
110.393	11.486
110.875	11.718
111.347	11.967
111.858	12.217
112.462	12.445
113.222	12.625
114.197	12.726
115.398	12.731
116.748	12.659
118.095	12.568
119.302	12.519
120.328	12.538
121.210	12.618
122.008	12.739
122.786	12.877
123.606	13.009
124.535	13.108
125.644	13.145
126.963	13.098
128.428	12.982
129.862	12.854
131.082	12.787
132.020	12.822
132.728	12.951
133.305	13.142
133.841	13.364
134.408	13.586
135.061	13.785
135.868	13.936
136.957	13.997
138.583	13.887
141.096	13.490
144.483	12.796
147.841	12.073
150.231	11.630
151.638	11.489
152.474	11.532
153.047	11.663
153.509	11.836
153.929	12.029
154.340	12.231
154.761	12.437
155.207	12.643
155.692	12.842
156.235	13.031
156.854	13.201
157.573	13.343
158.421	13.448
159.423	13.506
160.600	13.508
161.971	13.450
163.553	13.331
165.376	13.148
167.464	12.901
169.795	12.597
172.260	12.266
174.680	11.953
176.884	11.694
178.770	11.510
180.308	11.405
181.518	11.372
182.449	11.399
183.160	11.477
183.706	11.593
184.136	11.740
184.485	11.910
184.781	12.098
185.046	12.300
185.293	12.513
185.537	12.734
185.790	12.960
186.065	13.188
186.378	13.413
186.748	13.630
187.195	13.832
187.741	14.010
188.405	14.156
189.197	14.265
190.118	14.334
191.168	14.363
192.365	14.351
193.757	14.286
195.398	14.153
197.276	13.950
199.242	13.714
201.058	13.507
202.557	13.380
203.730	13.343
204.683	13.373
205.552	13.435
206.468	13.496
207.549	13.525
208.889	13.495
210.523	13.393
212.374	13.231
214.247	13.052
215.925	12.907
217.283	12.832
218.325	12.830
219.141	12.885
219.847	12.974
220.565	13.071
221.423	13.148
222.553	13.174
224.061	13.122
225.943	12.985
228.013	12.793
229.952	12.611
231.506	12.498
232.611	12.475
233.350	12.530
233.847	12.642
234.206	12.789
234.496	12.957
234.766	13.136
235.050	13.318
235.382	13.496
235.801	13.661
236.353	13.803
237.094	13.906
238.077	13.956
239.331	13.943
240.821	13.871
242.441	13.761
244.048	13.648
245.534	13.557
246.860	13.502
248.036	13.480
249.088	13.486
250.029	13.516
250.863	13.568
251.595	13.642
252.234	13.738
252.802	13.852
253.330	13.978
253.855	14.110
254.427	14.236
255.110	14.344
255.995	14.414
257.208	14.418
258.891	14.324
261.125	14.113
263.795	13.805
266.550	13.470
268.999	13.191
270.964	13.009
272.500	12.915
273.756	12.881
274.871	12.879
275.941	12.889
277.012	12.901
278.095	12.910
279.170	12.918
280.202	12.931
281.157	12.956
282.014	12.997
282.770	13.055
283.439	13.130
284.046	13.218
284.620	13.315
285.193	13.415
285.799	13.512
286.469	13.599
287.236	13.672
288.131	13.722
289.173	13.745
290.363	13.740
291.672	13.710
293.036	13.665
294.374	13.621
295.611	13.592
296.702	13.587
297.638	13.610
298.438	13.660
299.137	13.730
299.774	13.814
300.390	13.905
301.029	13.996
301.740	14.077
302.584	14.137
303.632	14.163
304.950	14.141
306.568	14.064
308.430	13.938
310.384	13.788
312.239	13.650
313.863	13.550
315.238	13.495
316.435	13.475
317.561	13.473
318.708	13.472
319.930	13.460
321.228	13.435
322.559	13.402
323.850	13.371
325.035	13.354
326.077	13.359
326.981	13.386
327.782	13.432
328.530	13.490
329.278	13.550
330.073	13.606
330.951	13.650
331.932	13.678
333.015	13.688
334.187	13.684
335.430	13.667
336.742	13.640
338.152	13.601
339.735	13.541
341.582	13.446
343.759	13.307
346.221	13.125
348.777	12.925
351.151	12.744
353.126	12.613
354.634	12.544
355.731	12.533
356.522	12.565
357.113	12.628
357.581	12.710
357.982	12.803
358.352	12.904
358.717	13.007
359.099	13.110
359.518	13.210
359.994	13.305
360.552	13.390
361.221	13.461
362.033	13.513
363.021	13.542
364.217	13.542
365.639	13.510
367.294	13.446
369.175	13.351
371.281	13.229
373.634	13.079
376.272	12.900
379.215	12.691
382.389	12.459
385.592	12.223
388.550	12.013
391.043	11.853
392.991	11.751
394.441	11.704
395.499	11.701
396.275	11.730
396.860	11.782
397.316	11.848
397.686	11.925
397.998	12.010
398.268	12.101
398.509	12.197
398.729	12.296
398.934	12.399
399.130	12.504
399.321	12.612
399.513	12.721
399.708	12.832
399.913	12.943
400.132	13.054
400.369	13.165
400.631	13.274
400.922	13.382
401.248	13.486
401.612	13.587
402.018	13.683
402.466	13.775
402.955	13.862
403.477	13.944
404.023	14.023
404.582	14.101
405.140	14.178
405.685	14.258
406.206	14.341
406.698	14.428
407.165	14.521
407.613	14.618
408.062	14.717
408.542	14.813
409.099	14.901
409.800	14.971
410.739	15.009
412.036	14.997
413.797	14.917
416.051	14.762
418.647	14.552
421.270	14.329
423.584	14.144
425.410	14.026
426.752	13.977
427.713	13.983
428.411	14.028
428.940	14.099
429.361	14.187
429.717	14.286
430.034	14.393
430.333	14.505
430.636	14.618
430.971	14.730
431.382	14.834
431.947	14.921
432.803	14.973
434.168	14.962
436.334	14.848
439.522	14.598
443.556	14.230
447.709	13.833
451.151	13.519
453.562	13.333
455.118	13.258
456.148	13.254
456.922	13.287
457.619	13.334
458.358	13.381
459.224	13.416
460.284	13.432
461.588	13.421
463.154	13.382
464.949	13.316
466.885	13.231
468.830	13.142
470.649	13.063
472.247	13.005
473.591	12.974
474.697	12.969
475.614	12.985
476.399	13.016
477.111	13.058
477.801	13.103
478.514	13.147
479.289	13.187
480.159	13.218
481.146	13.237
482.257	13.243
483.482	13.236
484.787	13.220
486.122	13.198
487.432	13.178
488.665	13.163
489.791	13.159
490.805	13.167
491.724	13.185
492.584	13.211
493.436	13.240
494.340	13.266
495.367	13.281
496.602	13.279
498.134	13.251
500.053	13.186
502.418	13.081
505.221	12.935
508.354	12.758
511.610	12.568
514.747	12.389
517.570	12.237
519.984	12.120
521.986	12.040
523.628	11.992
524.978	11.969
526.102	11.965
527.055	11.977
527.879	11.999
528.603	12.030
529.250	12.068
529.837	12.111
530.378	12.158
530.885	12.209
531.366	12.262
531.831	12.317
532.289	12.374
532.748	12.431
533.215	12.488
533.697	12.544
534.200	12.599
534.732	12.652
535.299	12.702
535.905	12.750
536.554	12.794
537.252	12.834
538.002	12.869
538.806	12.900
539.667	12.926
540.589	12.947
541.577	12.962
542.639	12.971
543.787	12.972
545.035	12.966
546.404	12.949
547.918	12.921
549.598	12.879
551.457	12.823
553.491	12.752
555.669	12.669
557.927	12.579
560.180	12.489
562.333	12.405
564.306	12.334
566.048	12.282
567.540	12.248
568.790	12.234
569.824	12.237
570.677	12.255
571.384	12.284
571.977	12.323
572.485	12.370
572.931	12.422
573.335	12.479
573.714	12.538
574.084	12.599
574.458	12.660
574.848	12.721
575.268	12.780
575.731	12.836
576.250	12.889
576.839	12.937
577.512	12.978
578.281	13.011
579.156	13.036
580.143	13.051
581.241	13.057
582.441	13.054
583.729	13.043
585.082	13.026
586.476	13.006
587.886	12.983
589.290	12.960
590.675	12.939
592.029	12.920
593.349	12.904
594.632	12.891
595.876	12.881
597.081	12.874
598.244	12.871
599.361	12.871
600.429	12.874
601.446	12.882
602.410	12.894
603.321	12.910
604.180	12.930
604.989	12.955
605.750	12.983
606.468	13.015
607.146	13.050
607.790	13.088
608.405	13.129
608.995	13.172
609.568	13.217
610.128	13.263
610.681	13.311
611.232	13.359
611.786	13.407
612.345	13.454
612.911	13.502
613.484	13.549
614.063	13.595
614.644	13.642
615.224	13.689
615.795	13.736
616.353	13.785
616.891	13.835
617.406	13.888
617.894	13.943
618.356	14.001
618.793	14.062
619.215	14.125
619.637	14.189
620.086	14.252
620.615	14.310
621.321	14.355
622.382	14.374
624.113	14.342
627.003	14.219
631.604	13.962
638.052	13.556
645.440	13.070
652.124	12.632
657.019	12.328
660.136	12.162
662.017	12.092
663.179	12.079
663.960	12.096
664.550	12.128
665.053	12.168
665.532	12.211
666.027	12.254
666.570	12.295
667.196	12.332
667.938	12.362
668.836	12.382
669.931	12.391
671.263	12.385
672.859	12.363
674.727	12.323
676.838	12.267
679.122	12.199
681.476	12.125
683.783	12.052
685.940	11.987
687.875	11.935
689.561	11.898
691.007	11.876
692.242	11.867
693.309	11.869
694.249	11.880
695.099	11.896
695.887	11.916
696.636	11.940
697.360	11.965
698.069	11.991
698.767	12.017
699.454	12.045
700.128	12.073
700.787	12.102
701.424	12.133
702.037	12.164
702.620	12.198
703.171	12.234
703.686	12.272
704.165	12.312
704.608	12.355
705.017	12.400
705.392	12.447
705.736	12.497
706.052	12.549
706.344	12.603
706.615	12.659
706.867	12.716
707.106	12.775
707.333	12.835
707.552	12.897
707.767	12.959
707.982	13.022
708.201	13.085
708.428	13.148
708.670	13.211
708.933	13.273
709.228	13.333
709.565	13.391
709.960	13.446
710.433	13.495
711.010	13.539
711.721	13.573
712.605	13.595
713.707	13.602
715.071	13.591
716.742	13.559
718.755	13.503
721.129	13.421
723.862	13.316
726.941	13.189
730.342	13.044
734.038	12.883
737.989	12.710
742.119	12.529
746.301	12.349
750.364	12.178
754.131	12.025
757.463	11.898
760.294	11.799
762.626	11.728
764.512	11.683
766.028	11.658
767.252	11.650
768.260	11.654
769.112	11.667
769.858	11.687
770.539	11.710
771.189	11.736
771.834	11.763
772.498	11.789
773.199	11.814
773.956	11.836
774.780	11.855
775.681	11.870
776.664	11.881
777.729	11.888
778.868	11.890
780.067	11.889
781.307	11.886
782.562	11.881
783.805	11.876
785.009	11.873
786.149	11.872
787.208	11.876
788.174	11.883
789.040	11.896
789.807	11.915
790.480	11.938
791.066	11.965
791.575	11.998
792.016	12.034
792.400	12.073
792.736	12.115
793.033	12.160
793.298	12.207
793.539	12.255
793.761	12.306
793.970	12.357
794.172	12.409
794.371	12.462
794.571	12.515
794.778	12.568
794.996	12.621
795.231	12.674
795.487	12.726
795.770	12.776
796.089	12.826
796.450	12.873
796.860	12.917
797.328	12.959
797.862	12.996
798.470	13.030
799.158	13.059
799.930	13.082
800.789	13.101
801.733	13.114
802.754	13.122
803.846	13.126
804.994	13.126
806.189	13.123
807.419	13.117
808.677	13.110
809.960	13.101
811.274	13.091
812.627	13.078
814.029	13.063
815.493	13.044
817.024	13.022
818.619	12.996
820.267	12.966
821.942	12.935
823.614	12.903
825.242	12.873
826.794	12.847
828.239	12.827
829.560	12.814
830.752	12.808
831.818	12.810
832.770	12.818
833.625	12.832
834.400	12.851
835.115	12.873
835.785	12.899
836.426	12.927
837.052	12.956
837.671	12.985
838.293	13.015
838.925	13.044
839.574	13.073
840.245	13.100
840.944	13.126
841.679	13.150
842.462	13.171
843.308	13.189
844.241	13.203
845.297	13.210
846.527	13.209
847.999	13.194
849.800	13.163
852.025	13.109
854.763	13.028
858.055	12.918
861.849	12.781
865.980	12.626
870.184	12.466
874.175	12.317
877.738	12.190
880.773	12.090
883.285	12.017
885.343	11.967
887.042	11.937
888.470	11.920
889.698	11.914
890.780	11.915
891.755	11.922
892.650	11.933
893.482	11.946
894.266	11.963
895.008	11.981
895.717	12.001
896.399	12.022
897.058	12.045
897.699	12.069
898.327	12.093
898.946	12.118
899.561	12.143
900.174	12.168
900.792	12.193
901.419	12.218
902.059	12.243
902.717	12.267
903.400	12.290
904.112	12.311
904.861	12.331
905.653	12.349
906.496	12.365
907.396	12.378
908.360	12.388
909.395	12.395
910.501	12.398
911.677	12.398
912.920	12.394
914.218	12.388
915.557	12.379
916.915	12.369
918.269	12.359
919.595	12.350
920.868	12.343
922.069	12.339
923.182	12.339
924.198	12.343
925.113	12.352
925.928	12.366
926.649	12.384
927.284	12.407
927.842	12.434
928.334	12.464
928.770	12.497
929.159	12.533
929.511	12.571
929.833	12.610
930.134	12.651
930.420	12.693
930.697	12.736
930.970	12.779
931.245	12.823
931.528	12.866
931.824	12.909
932.139	12.952
932.480	12.993
932.854	13.034
933.271	13.072
933.743	13.108
934.281	13.140
934.901	13.169
935.619	13.193
936.457	13.211
937.432	13.222
938.564	13.224
939.869	13.218
941.355	13.203
943.019	13.177
944.846	13.143
946.803	13.102
948.847	13.056
950.931	13.008
953.003	12.959
955.028	12.913
956.983	12.871
958.859	12.833
960.667	12.799
962.429	12.768
964.167	12.739
965.908	12.710
967.672	12.681
969.470	12.650
971.301	12.618
973.154	12.585
975.004	12.552
976.823	12.520
978.577	12.491
980.236	12.466
981.778	12.445
983.188	12.431
984.459	12.423
985.596	12.421
986.607	12.425
987.505	12.434
988.304	12.448
989.017	12.466
989.660	12.488
990.242	12.512
990.775	12.539
991.268	12.568
991.726	12.599
992.155	12.631
992.562	12.665
992.948	12.699
993.318	12.735
993.674	12.771
994.020	12.809
994.357	12.846
994.688	12.885
995.016	12.923
995.345	12.962
995.676	13.001
996.013	13.040
996.361	13.079
996.723	13.117
997.103	13.154
997.507	13.191
997.940	13.226
998.406	13.260
998.913	13.292
999.467	13.322
1000.076	13.350
1000.746	13.374
1001.488	13.395
1002.310	13.412
1003.224	13.425
1004.244	13.432
1005.385	13.433
1006.664	13.428
1008.101	13.415
1009.716	13.393
1011.524	13.361
1013.533	13.320
1015.734	13.270
1018.097	13.211
1020.570	13.147
1023.076	13.080
1025.533	13.016
1027.856	12.957
1029.979	12.907
1031.865	12.868
1033.498	12.841
1034.888	12.825
1036.058	12.820
1037.040	12.824
1037.870	12.836
1038.578	12.854
1039.194	12.876
1039.743	12.902
1040.244	12.930
1040.713	12.961
1041.163	12.992
1041.603	13.024
1042.042	13.057
1042.485	13.089
1042.936	13.121
1043.399	13.153
1043.876	13.184
1044.369	13.215
1044.877	13.245
1045.402	13.274
1045.944	13.303
1046.502	13.331
1047.077	13.358
1047.667	13.384
1048.271	13.410
1048.890	13.435
1049.523	13.459
1050.170	13.483
1050.832	13.506
1051.509	13.529
1052.202	13.550
1052.914	13.571
1053.645	13.591
1054.399	13.609
1055.177	13.627
1055.980	13.643
1056.811	13.658
1057.669	13.672
1058.553	13.684
1059.460	13.695
1060.388	13.705
1061.329	13.714
1062.276	13.723
1063.223	13.731
1064.161	13.740
1065.082	13.750
1065.982	13.760
1066.858	13.772
1067.711	13.785
1068.548	13.799
1069.385	13.813
1070.245	13.827
1071.168	13.838
1072.207	13.845
1073.443	13.843
1074.983	13.827
1076.964	13.792
1079.539	13.730
1082.847	13.634
1086.948	13.503
1091.748	13.339
1096.974	13.155
1102.217	12.969
1107.091	12.801
1111.350	12.660
1114.929	12.551
1117.899	12.469
1120.386	12.410
1122.522	12.367
1124.412	12.335
1126.132	12.311
1127.732	12.292
1129.242	12.277
1130.676	12.265
1132.043	12.256
1133.344	12.249
1134.581	12.245
1135.751	12.243
1136.855	12.244
1137.891	12.247
1138.861	12.253
1139.766	12.261
1140.607	12.272
1141.387	12.285
1142.109	12.300
1142.777	12.318
1143.395	12.337
1143.967	12.359
1144.498	12.382
1144.991	12.406
1145.453	12.432
1145.886	12.459
1146.296	12.488
1146.687	12.517
1147.063	12.547
1147.429	12.577
1147.788	12.608
1148.144	12.639
1148.502	12.670
1148.864	12.702
1149.236	12.733
1149.621	12.764
1150.021	12.794
1150.441	12.823
1150.884	12.852
1151.353	12.880
1151.849	12.907
1152.374	12.933
1152.930	12.957
1153.517	12.981
1154.135	13.003
1154.781	13.023
1155.455	13.043
1156.151	13.062
1156.869	13.079
1157.601	13.097
1158.347	13.113
1159.101	13.129
1159.860	13.145
1160.623	13.161
1161.389	13.176
1162.160	13.192
1162.939	13.207
1163.735	13.221
1164.554	13.235
1165.410	13.247
1166.318	13.258
1167.294	13.265
1168.360	13.269
1169.538	13.269
1170.848	13.263
1172.313	13.251
1173.950	13.232
1175.769	13.205
1177.771	13.171
1179.945	13.129
1182.268	13.081
1184.708	13.029
1187.225	12.973
1189.780	12.916
1192.339	12.859
1194.876	12.803
1197.371	12.749
1199.814	12.698
1202.197	12.650
1204.515	12.604
1206.759	12.562
1208.917	12.522
1210.979	12.487
1212.928	12.456
1214.754	12.429
1216.446	12.407
1218.002	12.391
1219.419	12.379
1220.704	12.372
1221.862	12.370
1222.909	12.372
1223.853	12.378
1224.708	12.388
1225.487	12.400
1226.201	12.415
1226.860	12.431
1227.474	12.450
1228.052	12.470
1228.598	12.491
1229.119	12.514
1229.619	12.537
1230.103	12.561
1230.572	12.586
1231.029	12.611
1231.476	12.636
1231.915	12.662
1232.346	12.689
1232.771	12.715
1233.189	12.742
1233.603	12.770
1234.010	12.797
1234.413	12.825
1234.812	12.853
1235.206	12.882
1235.597	12.910
1235.983	12.939
1236.367	12.968
1236.747	12.998
1237.125	13.027
1237.501	13.057
1237.876	13.087
1238.250	13.117
1238.625	13.147
1239.003	13.177
1239.385	13.207
1239.776	13.237
1240.178	13.267
1240.600	13.296
1241.048	13.324
1241.536	13.351
1242.080	13.376
1242.704	13.398
1243.441	13.416
1244.337	13.428
1245.450	13.432
1246.856	13.425
1248.645	13.404
1250.908	13.364
1253.723	13.304
1257.124	13.221
1261.061	13.117
1265.384	12.997
1269.859	12.872
1274.219	12.750
1278.247	12.640
1281.808	12.547
1284.880	12.474
1287.506	12.418
1289.776	12.375
1291.779	12.343
1293.606	12.319
1295.313	12.299
1296.951	12.282
1298.540	12.267
1300.096	12.253
1301.614	12.240
1303.094	12.229
1304.521	12.219
1305.890	12.211
1307.190	12.205
1308.419	12.202
1309.574	12.201
1310.659	12.202
1311.677	12.206
1312.639	12.211
1313.551	12.218
1314.426	12.227
1315.270	12.237
1316.096	12.247
1316.912	12.258
1317.726	12.269
1318.544	12.280
1319.373	12.290
1320.216	12.301
1321.075	12.310
1321.952	12.319
1322.844	12.328
1323.750	12.336
1324.664	12.344
1325.584	12.351
1326.501	12.359
1327.411	12.367
1328.305	12.375
1329.179	12.383
1330.025	12.393
1330.837	12.404
1331.615	12.415
1332.352	12.428
1333.048	12.443
1333.703	12.458
1334.317	12.476
1334.891	12.494
1335.429	12.514
1335.933	12.535
1336.407	12.557
1336.855	12.581
1337.282	12.605
1337.691	12.629
1338.088	12.655
1338.478	12.680
1338.864	12.706
1339.253	12.732
1339.649	12.758
1340.057	12.784
1340.483	12.809
1340.930	12.834
1341.405	12.857
1341.912	12.880
1342.457	12.901
1343.044	12.922
1343.677	12.940
1344.360	12.957
1345.096	12.972
1345.887	12.985
1346.734	12.996
1347.638	13.005
1348.595	13.011
1349.603	13.017
1350.657	13.020
1351.749	13.022
1352.876	13.022
1354.025	13.022
1355.192	13.021
1356.366	13.019
1357.540	13.018
1358.708	13.016
1359.861	13.015
1360.998	13.015
1362.113	13.015
1363.203	13.016
1364.267	13.018
1365.303	13.021
1366.310	13.025
1367.289	13.030
1368.238	13.036
1369.160	13.043
1370.053	13.051
1370.921	13.060
1371.762	13.070
1372.580	13.081
1373.376	13.093
1374.151	13.105
1374.911	13.118
1375.657	13.132
1376.394	13.146
1377.127	13.160
1377.861	13.175
1378.601	13.189
1379.355	13.202
1380.129	13.216
1380.932	13.228
1381.772	13.239
1382.657	13.248
1383.598	13.256
1384.602	13.261
1385.680	13.264
1386.836	13.264
1388.077	13.260
1389.402	13.254
1390.813	13.245
1392.297	13.233
1393.845	13.218
1395.440	13.202
1397.056	13.185
1398.675	13.167
1400.266	13.150
1401.810	13.135
1403.282	13.122
1404.670	13.111
1405.961	13.104
1407.151	13.101
1408.240	13.101
1409.232	13.105
1410.133	13.112
1410.953	13.121
1411.702	13.134
1412.390	13.149
1413.029	13.165
1413.626	13.184
1414.192	13.203
1414.735	13.223
1415.262	13.245
1415.780	13.266
1416.294	13.288
1416.809	13.310
1417.329	13.332
1417.857	13.353
1418.396	13.375
1418.947	13.395
1419.512	13.416
1420.093	13.436
1420.690	13.455
1421.303	13.474
1421.934	13.492
1422.583	13.510
1423.254	13.527
1423.945	13.543
1424.661	13.558
1425.407	13.572
1426.184	13.585
1427.002	13.597
1427.865	13.607
1428.784	13.615
1429.764	13.621
1430.821	13.625
1431.961	13.625
1433.196	13.622
1434.533	13.615
1435.981	13.604
1437.544	13.589
1439.218	13.570
1441.004	13.547
1442.890	13.520
1444.860	13.491
1446.901	13.458
1448.984	13.424
1451.095	13.389
1453.202	13.354
1455.290	13.320
1457.337	13.287
1459.327	13.257
1461.247	13.228
1463.087	13.203
1464.840	13.180
1466.503	13.161
1468.074	13.145
1469.554	13.132
1470.946	13.122
1472.255	13.115
1473.487	13.111
1474.651	13.109
1475.750	13.109
1476.796	13.111
1477.794	13.115
1478.752	13.120
1479.679	13.127
1480.577	13.134
1481.456	13.142
1482.318	13.151
1483.171	13.160
1484.014	13.170
1484.856	13.179
1485.697	13.189
1486.545	13.198
1487.402	13.208
1488.275	13.216
1489.173	13.224
1490.102	13.231
1491.074	13.237
1492.103	13.241
1493.200	13.243
1494.384	13.242
1495.670	13.238
1497.072	13.230
1498.602	13.218
1500.267	13.202
1502.067	13.181
1503.985	13.156
1506.007	13.128
1508.092	13.097
1510.201	13.065
1512.290	13.034
1514.307	13.004
1516.224	12.978
1518.000	12.956
1519.624	12.938
1521.087	12.926
1522.392	12.919
1523.551	12.917
1524.576	12.919
1525.490	12.924
1526.307	12.933
1527.047	12.945
1527.724	12.958
1528.352	12.974
1528.946	12.991
1529.512	13.008
1530.062	13.027
1530.598	13.045
1531.126	13.065
1531.652	13.084
1532.173	13.103
1532.696	13.123
1533.216	13.143
1533.738	13.162
1534.258	13.182
1534.778	13.202
1535.293	13.222
1535.806	13.242
1536.314	13.262
1536.817	13.282
1537.313	13.303
1537.803	13.324
1538.287	13.345
1538.764	13.366
1539.237	13.388
1539.705	13.410
1540.171	13.432
1540.636	13.454
1541.104	13.476
1541.576	13.498
1542.056	13.520
1542.546	13.542
1543.050	13.563
1543.572	13.584
1544.114	13.604
1544.680	13.623
1545.274	13.641
1545.897	13.659
1546.551	13.675
1547.239	13.691
1547.959	13.705
1548.713	13.718
1549.501	13.730
1550.321	13.740
1551.174	13.750
1552.062	13.758
1552.989	13.765
1553.964	13.771
1555.007	13.774
1556.148	13.775
1557.437	13.771
1558.955	13.760
1560.824	13.739
1563.224	13.702
1566.400	13.642
1570.661	13.551
1576.329	13.418
1583.619	13.239
1592.465	13.016
1602.384	12.763
1612.560	12.506
1622.132	12.269
1630.521	12.068
1637.541	11.907
1643.273	11.784
1647.932	11.692
1651.728	11.622
1654.851	11.571
1657.429	11.534
1659.572	11.508
1661.352	11.492
1662.835	11.482
1664.070	11.478
1665.101	11.480
1665.963	11.485
1666.686	11.494
1667.295	11.506
1667.812	11.520
1668.252	11.536
1668.631	11.553
1668.959	11.572
1669.246	11.592
1669.498	11.613
1669.722	11.634
1669.923	11.657
1670.103	11.679
1670.267	11.703
1670.417	11.726
1670.555	11.750
1670.681	11.775
1670.800	11.800
1670.910	11.825
1671.013	11.850
1671.110	11.875
1671.201	11.901
1671.288	11.927
1671.371	11.953
1671.449	11.980
1671.524	12.007
1671.595	12.033
1671.664	12.060
1671.730	12.087
1671.794	12.115
1671.856	12.142
1671.915	12.170
1671.973	12.198
1672.029	12.226
1672.084	12.254
1672.137	12.282
1672.190	12.310
1672.241	12.339
1672.291	12.367
1672.340	12.396
1672.389	12.425
1672.436	12.454
1672.484	12.484
1672.531	12.513
1672.577	12.542
1672.623	12.572
1672.670	12.602
1672.716	12.632
1672.762	12.662
1672.808	12.692
1672.854	12.722
1672.901	12.752
1672.948	12.783
1672.996	12.813
1673.045	12.844
1673.095	12.875
1673.146	12.906
1673.198	12.937
1673.252	12.968
1673.308	12.999
1673.367	13.030
1673.428	13.061
1673.492	13.093
1673.561	13.124
1673.634	13.155
1673.713	13.187
1673.799	13.218
1673.893	13.249
1673.998	13.280
1674.114	13.311
1674.247	13.341
1674.398	13.371
1674.573	13.400
1674.779	13.429
1675.023	13.457
1675.316	13.483
1675.670	13.508
1676.105	13.530
1676.642	13.550
1677.310	13.566
1678.148	13.576
1679.201	13.581
1680.527	13.578
1682.194	13.565
1684.276	13.539
1686.851	13.500
1689.983	13.444
1693.707	13.371
1698.008	13.282
1702.805	13.178
1707.946	13.065
1713.223	12.948
1718.417	12.833
1723.335	12.727
1727.832	12.633
1731.832	12.553
1735.317	12.488
1738.305	12.436
1740.841	12.396
1742.981	12.368
1744.781	12.348
1746.293	12.337
1747.568	12.332
1748.649	12.331
1749.572	12.336
1750.371	12.343
1751.075	12.354
1751.710	12.366
1752.301	12.379
1752.869	12.394
1753.434	12.409
1754.020	12.423
1754.648	12.437
1755.342	12.449
1756.130	12.459
1757.040	12.466
1758.105	12.470
1759.362	12.469
1760.847	12.463
1762.596	12.450
1764.644	12.431
1767.010	12.403
1769.702	12.368
1772.704	12.325
1775.968	12.276
1779.428	12.221
1782.994	12.164
1786.557	12.107
1790.028	12.052
1793.319	12.001
1796.365	11.955
1799.147	11.916
1801.644	11.884
1803.873	11.857
1805.857	11.837
1807.620	11.822
1809.198	11.811
1810.617	11.804
1811.904	11.800
1813.081	11.799
1814.169	11.800
1815.181	11.803
1816.132	11.807
1817.032	11.812
1817.887	11.819
1818.709	11.826
1819.501	11.834
1820.268	11.842
1821.017	11.851
1821.749	11.860
1822.469	11.870
1823.182	11.880
1823.889	11.890
1824.592	11.900
1825.296	11.910
1825.998	11.920
1826.706	11.930
1827.416	11.940
1828.131	11.950
1828.851	11.960
1829.578	11.970
1830.309	11.979
1831.047	11.989
1831.790	11.998
1832.537	12.008
1833.289	12.017
1834.046	12.026
1834.806	12.035
1835.570	12.044
1836.339	12.052
1837.111	12.061
1837.889	12.070
1838.673	12.078
1839.464	12.086
1840.267	12.095
1841.078	12.102
1841.904	12.110
1842.746	12.117
1843.605	12.124
1844.486	12.131
1845.389	12.137
1846.315	12.142
1847.267	12.147
1848.245	12.151
1849.245	12.155
1850.271	12.158
1851.317	12.160
1852.380	12.163
1853.457	12.164
1854.539	12.166
1855.625	12.168
1856.704	12.169
1857.771	12.171
1858.819	12.173
1859.841	12.176
1860.831	12.179
1861.784	12.183
1862.697	12.188
1863.565	12.194
1864.385	12.202
1865.159	12.210
1865.883	12.219
1866.561	12.230
1867.192	12.241
1867.780	12.254
1868.325	12.267
1868.831	12.282
1869.301	12.297
1869.737	12.313
1870.144	12.330
1870.523	12.348
1870.877	12.366
1871.210	12.385
1871.524	12.405
1871.822	12.425
1872.105	12.445
1872.377	12.465
1872.638	12.486
1872.892	12.508
1873.140	12.529
1873.383	12.551
1873.624	12.572
1873.863	12.594
1874.103	12.616
1874.345	12.638
1874.591	12.660
1874.841	12.682
1875.097	12.704
1875.362	12.725
1875.635	12.747
1875.919	12.768
1876.216	12.789
1876.526	12.810
1876.852	12.831
1877.195	12.851
1877.557	12.871
1877.940	12.890
1878.345	12.909
1878.774	12.927
1879.230	12.944
1879.716	12.961
1880.233	12.977
1880.785	12.992
1881.375	13.007
1882.007	13.020
1882.686	13.032
1883.418	13.043
1884.209	13.052
1885.067	13.060
1886.002	13.066
1887.025	13.070
1888.145	13.071
1889.380	13.069
1890.740	13.065
1892.240	13.056
1893.890	13.044
1895.699	13.028
1897.670	13.008
1899.797	12.984
1902.070	12.957
1904.464	12.926
1906.954	12.893
1909.501	12.858
1912.067	12.823
1914.617	12.787
1917.123	12.754
1919.566	12.721
1921.934	12.691
1924.236	12.663
1926.487	12.636
1928.710	12.610
1930.936	12.585
1933.200	12.559
1935.529	12.532
1937.958	12.503
1940.499	12.472
1943.157	12.439
1945.929	12.403
1948.791	12.365
1951.704	12.325
1954.621	12.286
1957.499	12.247
1960.276	12.211
1962.912	12.177
1965.380	12.147
1967.646	12.122
1969.705	12.101
1971.565	12.084
1973.225	12.072
1974.701	12.064
1976.020	12.059
1977.191	12.058
1978.233	12.059
1979.172	12.063
1980.014	12.069
1980.774	12.076
1981.470	12.085
1982.107	12.096
1982.690	12.107
1983.234	12.120
1983.738	12.134
1984.208	12.148
1984.652	12.163
1985.067	12.178
1985.459	12.194
1985.832	12.211
1986.185	12.228
1986.520	12.245
1986.841	12.263
1987.145	12.281
1987.438	12.300
1987.718	12.319
1987.987	12.338
1988.246	12.357
1988.494	12.377
1988.735	12.397
1988.965	12.417
1989.190	12.438
1989.405	12.458
1989.615	12.479
1989.818	12.500
1990.015	12.522
1990.205	12.543
1990.392	12.565
1990.571	12.587
1990.747	12.609
1990.917	12.631
1991.083	12.653
1991.245	12.676
1991.401	12.699
1991.555	12.721
1991.703	12.744
1991.849	12.768
1991.991	12.791
1992.128	12.815
1992.263	12.838
1992.393	12.862
1992.520	12.886
1992.645	12.910
1992.766	12.935
1992.883	12.959
1992.998	12.984
1993.110	13.009
1993.218	13.033
1993.324	13.059
1993.426	13.084
1993.526	13.109
1993.623	13.135
1993.718	13.160
1993.810	13.186
1993.900	13.212
1993.987	13.239
1994.071	13.265
1994.153	13.291
1994.233	13.318
1994.310	13.345
1994.386	13.372
1994.459	13.399
1994.529	13.426
1994.598	13.453
1994.665	13.481
1994.730	13.508
1994.793	13.536
1994.854	13.564
1994.913	13.592
1994.970	13.621
1995.026	13.649
1995.080	13.678
1995.132	13.706
1995.183	13.735
1995.232	13.764
1995.279	13.793
1995.325	13.823
1995.370	13.852
1995.413	13.882
1995.455	13.912
1995.495	13.942
1995.534	13.972
1995.573	14.002
1995.609	14.032
1995.645	14.063
1995.680	14.093
1995.713	14.124
1995.745	14.155
1995.776	14.186
1995.807	14.217
1995.837	14.249
1995.865	14.280
1995.892	14.312
1995.919	14.344
1995.945	14.376
1995.970	14.408
1995.994	14.440
1996.017	14.473
1996.040	14.505
1996.062	14.538
1996.083	14.571
1996.104	14.604
1996.124	14.637
1996.143	14.670
1996.162	14.704
1996.180	14.737
1996.198	14.771
1996.214	14.805
1996.231	14.839
1996.247	14.873
1996.263	14.908
1996.278	14.942
1996.292	14.977
1996.306	15.012
1996.320	15.047
1996.333	15.082
1996.347	15.117
1996.359	15.153
1996.371	15.188
1996.383	15.224
1996.394	15.260
1996.406	15.296
1996.417	15.332
1996.427	15.369
1996.438	15.405
1996.447	15.442
1996.457	15.479
1996.467	15.516
1996.476	15.553
1996.485	15.590
1996.493	15.628
1996.502	15.665
1996.510	15.703
1996.519	15.741
1996.526	15.779
1996.534	15.818
1996.541	15.856
1996.549	15.895
1996.556	15.934
1996.563	15.973
1996.570	16.012
1996.577	16.051
1996.583	16.091
1996.590	16.130
1996.596	16.170
1996.602	16.210
1996.608	16.250
1996.614	16.291
1996.620	16.331
1996.625	16.372
1996.631	16.413
1996.636	16.454
1996.642	16.495
1996.647	16.537
1996.652	16.578
1996.657	16.620
1996.662	16.662
1996.667	16.704
1996.671	16.747
1996.676	16.789
1996.681	16.832
1996.685	16.875
1996.690	16.918
1996.694	16.961
1996.698	17.004
1996.703	17.048
1996.707	17.092
1996.711	17.136
1996.715	17.180
1996.719	17.224
1996.723	17.269
1996.727	17.314
1996.730	17.359
1996.734	17.404
1996.738	17.449
1996.741	17.495
1996.745	17.541
1996.749	17.587
1996.752	17.633
1996.755	17.679
1996.759	17.726
1996.762	17.773
1996.765	17.820
1996.769	17.867
1996.772	17.914
1996.775	17.962
1996.778	18.010
1996.781	18.058
1996.784	18.106
1996.787	18.154
1996.790	18.203
1996.793	18.252
1996.796	18.301
1996.799	18.350
1996.802	18.400
1996.805	18.450
1996.807	18.500
1996.810	18.550
1996.813	18.600
1996.815	18.651
1996.818	18.702
1996.821	18.753
1996.823	18.804
1996.826	18.856
1996.828	18.908
1996.831	18.960
1996.833	19.012
1996.835	19.065
1996.838	19.117
1996.840	19.170
1996.842	19.223
1996.845	19.277
1996.847	19.331
1996.849	19.385
1996.851	19.439
1996.854	19.493
1996.856	19.548
1996.858	19.603
1996.860	19.658
1996.862	19.713
1996.864	19.769
1996.866	19.825
1996.868	19.881
1996.870	19.937
1996.872	19.994
1996.874	20.051
1996.876	20.108
1996.878	20.165
1996.880	20.223
1996.882	20.281
1996.883	20.339
1996.885	20.398
1996.887	20.456
1996.889	20.515
1996.890	20.575
1996.892	20.634
1996.894	20.694
1996.896	20.754
1996.897	20.814
1996.899	20.875
1996.900	20.936
1996.902	20.997
1996.904	21.059
1996.905	21.120
1996.907	21.182
1996.908	21.245
1996.910	21.307
1996.911	21.370
1996.913	21.433
1996.914	21.497
1996.916	21.560
1996.917	21.624
1996.918	21.689
1996.920	21.753
1996.921	21.818
1996.922	21.883
1996.924	21.949
1996.925	22.014
1996.926	22.081
1996.927	22.147
1996.929	22.214
1996.930	22.281
1996.931	22.348
1996.932	22.415
1996.933	22.483
1996.935	22.551
1996.936	22.620
1996.937	22.689
1996.938	22.758
1996.939	22.827
1996.940	22.897
1996.941	22.967
1996.942	23.038
1996.943	23.108
1996.944	23.179
1996.945	23.251
1996.946	23.322
1996.947	23.394
1996.948	23.467
1996.949	23.539
1996.950	23.612
1996.951	23.686
1996.952	23.759
1996.953	23.833
1996.954	23.908
