<j>	<F>
1.601	15.220
2.904	11.309
3.826	13.442
4.850	13.721
5.961	14.889
7.516	11.845
8.476	11.630
9.250	13.555
10.141	14.866
11.101	15.521
11.951	16.563
13.017	17.836
14.922	14.130
16.341	12.800
17.334	12.849
18.259	13.601
19.498	13.438
20.577	13.245
21.393	13.880
22.242	14.674
23.407	14.851
25.045	13.910
26.688	12.723
27.837	12.455
28.745	12.783
29.717	13.130
30.908	13.163
32.243	12.864
33.428	12.675
34.399	12.827
35.329	13.127
36.426	13.298
37.882	13.062
39.651	12.404
41.294	11.781
42.471	11.594
43.271	11.827
43.939	12.274
44.656	12.737
45.500	13.083
46.411	13.307
47.228	13.575
47.879	14.044
48.440	14.690
49.023	15.384
49.737	15.974
50.729	16.233
52.087	15.951
53.566	15.419
54.961	15.041
56.323	14.713
57.444	14.565
58.191	14.840
58.788	15.385
59.512	15.879
60.522	16.052
61.720	15.923
62.862	15.824
64.019	15.789
65.432	15.518
66.937	15.064
68.117	14.866
68.934	15.044
69.567	15.447
70.149	15.948
70.842	16.420
72.077	16.509
74.628	15.486
77.769	13.769
79.630	13.009
80.636	13.001
81.498	13.167
82.447	13.300
83.514	13.355
84.638	13.356
85.729	13.360
86.722	13.412
87.584	13.537
88.313	13.744
88.925	14.033
89.458	14.391
89.953	14.796
90.450	15.224
91.003	15.641
91.713	15.979
92.787	16.090
94.474	15.762
96.555	15.071
98.228	14.569
99.226	14.531
99.898	14.769
100.595	15.050
101.555	15.200
102.897	15.108
104.494	14.819
106.014	14.536
107.276	14.402
108.330	14.402
109.260	14.478
110.103	14.606
110.887	14.773
111.667	14.958
112.544	15.108
113.639	15.151
115.031	15.031
116.659	14.767
118.343	14.462
119.959	14.199
121.488	13.991
122.918	13.831
124.216	13.730
125.383	13.693
126.482	13.697
127.589	13.706
128.738	13.697
129.908	13.674
131.047	13.658
132.140	13.664
133.239	13.678
134.443	13.665
135.836	13.585
137.421	13.429
139.085	13.232
140.670	13.055
142.092	12.936
143.369	12.875
144.570	12.849
145.761	12.832
146.968	12.811
148.166	12.787
149.294	12.777
150.282	12.804
151.093	12.885
151.736	13.022
152.253	13.209
152.696	13.430
153.118	13.670
153.568	13.912
154.092	14.138
154.736	14.328
155.536	14.463
156.503	14.533
157.592	14.547
158.704	14.537
159.726	14.550
160.593	14.619
161.302	14.751
161.898	14.935
162.440	15.151
162.990	15.376
163.618	15.580
164.400	15.731
165.411	15.792
166.691	15.738
168.212	15.580
169.915	15.352
171.820	15.069
174.031	14.702
176.505	14.253
178.891	13.820
180.801	13.529
182.169	13.413
183.169	13.422
184.003	13.495
184.804	13.587
185.652	13.671
186.588	13.732
187.624	13.765
188.751	13.769
189.934	13.752
191.124	13.729
192.277	13.714
193.378	13.714
194.462	13.725
195.617	13.726
196.970	13.686
198.628	13.571
200.582	13.377
202.637	13.143
204.515	12.941
206.049	12.819
207.257	12.780
208.259	12.798
209.176	12.845
210.097	12.896
211.073	12.937
212.129	12.961
213.267	12.966
214.473	12.955
215.726	12.931
217.000	12.900
218.275	12.869
219.533	12.841
220.762	12.818
221.950	12.803
223.082	12.799
224.138	12.809
225.101	12.838
225.958	12.887
226.705	12.960
227.348	13.057
227.901	13.175
228.382	13.312
228.810	13.465
229.202	13.630
229.577	13.803
229.953	13.982
230.346	14.160
230.775	14.335
231.258	14.499
231.813	14.649
232.456	14.778
233.197	14.881
234.037	14.958
234.965	15.009
235.966	15.039
237.026	15.052
238.142	15.050
239.321	15.032
240.581	14.994
241.934	14.933
243.371	14.849
244.860	14.750
246.347	14.650
247.790	14.561
249.178	14.488
250.537	14.426
251.921	14.364
253.373	14.289
254.899	14.198
256.450	14.097
257.939	14.006
259.282	13.944
260.432	13.921
261.392	13.941
262.193	13.997
262.882	14.082
263.508	14.184
264.125	14.293
264.796	14.396
265.605	14.475
266.659	14.507
268.070	14.466
269.897	14.335
272.049	14.127
274.263	13.894
276.234	13.702
277.801	13.588
278.981	13.555
279.876	13.582
280.593	13.650
281.205	13.741
281.762	13.847
282.290	13.960
282.807	14.078
283.321	14.198
283.842	14.319
284.379	14.438
284.944	14.554
285.558	14.662
286.254	14.756
287.078	14.825
288.092	14.858
289.352	14.839
290.883	14.763
292.636	14.635
294.483	14.482
296.280	14.336
297.942	14.218
299.480	14.130
300.959	14.058
302.443	13.990
303.947	13.918
305.431	13.848
306.825	13.790
308.060	13.758
309.102	13.759
309.955	13.795
310.646	13.861
311.214	13.952
311.696	14.061
312.125	14.183
312.530	14.313
312.934	14.446
313.364	14.578
313.845	14.703
314.404	14.815
315.072	14.908
315.873	14.976
316.821	15.014
317.908	15.023
319.097	15.007
320.328	14.980
321.537	14.954
322.675	14.939
323.721	14.943
324.681	14.965
325.571	15.001
326.412	15.048
327.220	15.103
328.007	15.162
328.784	15.225
329.565	15.287
330.371	15.347
331.231	15.397
332.183	15.431
333.261	15.440
334.483	15.421
335.831	15.374
337.248	15.309
338.652	15.244
339.975	15.192
341.195	15.161
342.350	15.147
343.521	15.136
344.813	15.107
346.331	15.042
348.135	14.927
350.198	14.764
352.381	14.575
354.480	14.397
356.330	14.258
357.872	14.172
359.142	14.134
360.222	14.131
361.201	14.148
362.147	14.173
363.107	14.198
364.101	14.218
365.125	14.232
366.162	14.243
367.183	14.254
368.166	14.271
369.107	14.295
370.020	14.325
370.942	14.356
371.922	14.380
373.012	14.388
374.252	14.375
375.646	14.336
377.147	14.277
378.659	14.212
380.071	14.159
381.293	14.131
382.290	14.136
383.072	14.175
383.677	14.244
384.154	14.334
384.551	14.440
384.912	14.556
385.282	14.673
385.716	14.785
386.300	14.879
387.173	14.935
388.559	14.920
390.758	14.789
393.995	14.507
398.079	14.095
402.252	13.660
405.690	13.320
408.111	13.120
409.702	13.036
410.764	13.027
411.521	13.062
412.108	13.121
412.598	13.195
413.031	13.277
413.431	13.365
413.812	13.457
414.188	13.552
414.568	13.646
414.962	13.741
415.378	13.834
415.825	13.924
416.307	14.010
416.829	14.092
417.389	14.169
417.984	14.241
418.605	14.309
419.238	14.376
419.868	14.442
420.479	14.511
421.059	14.584
421.598	14.664
422.091	14.750
422.540	14.844
422.950	14.946
423.327	15.053
423.682	15.166
424.025	15.283
424.366	15.401
424.715	15.520
425.084	15.638
425.485	15.752
425.930	15.861
426.435	15.961
427.019	16.050
427.706	16.122
428.523	16.174
429.501	16.199
430.665	16.192
432.028	16.151
433.571	16.079
435.244	15.982
436.967	15.876
438.656	15.773
440.250	15.685
441.726	15.618
443.098	15.569
444.408	15.532
445.716	15.498
447.085	15.459
448.565	15.404
450.178	15.331
451.893	15.241
453.631	15.145
455.281	15.059
456.751	14.996
457.993	14.965
459.011	14.967
459.840	14.997
460.529	15.048
461.123	15.115
461.657	15.193
462.155	15.276
462.635	15.364
463.104	15.454
463.568	15.546
464.026	15.639
464.477	15.734
464.921	15.831
465.356	15.930
465.782	16.032
466.200	16.136
466.614	16.241
467.030	16.348
467.458	16.454
467.913	16.558
468.417	16.655
468.999	16.741
469.700	16.809
470.575	16.851
471.692	16.854
473.126	16.807
474.949	16.698
477.203	16.522
479.884	16.283
482.946	15.993
486.334	15.667
489.997	15.317
493.855	14.956
497.728	14.604
501.344	14.290
504.454	14.041
506.952	13.866
508.888	13.760
510.400	13.706
511.637	13.686
512.723	13.685
513.742	13.694
514.746	13.706
515.760	13.717
516.787	13.727
517.818	13.735
518.835	13.745
519.820	13.757
520.753	13.774
521.624	13.797
522.424	13.827
523.154	13.865
523.815	13.910
524.415	13.963
524.958	14.022
525.452	14.086
525.905	14.156
526.323	14.231
526.712	14.309
527.081	14.391
527.436	14.476
527.785	14.562
528.140	14.648
528.513	14.734
528.917	14.817
529.371	14.896
529.896	14.968
530.516	15.029
531.252	15.077
532.123	15.109
533.133	15.124
534.268	15.122
535.490	15.108
536.736	15.089
537.938	15.072
539.036	15.067
539.989	15.078
540.785	15.108
541.434	15.156
541.955	15.221
542.377	15.300
542.727	15.389
543.026	15.487
543.296	15.590
543.551	15.696
543.804	15.804
544.066	15.912
544.346	16.020
544.655	16.125
545.002	16.226
545.402	16.321
545.876	16.408
546.457	16.482
547.211	16.535
548.253	16.553
549.796	16.510
552.179	16.366
555.800	16.074
560.781	15.620
566.495	15.078
571.765	14.588
575.807	14.241
578.617	14.039
580.568	13.937
582.022	13.893
583.227	13.880
584.339	13.879
585.464	13.879
586.679	13.873
588.038	13.855
589.574	13.822
591.284	13.772
593.125	13.708
595.013	13.639
596.845	13.572
598.522	13.517
599.978	13.480
601.185	13.465
602.153	13.472
602.914	13.497
603.508	13.539
603.975	13.593
604.350	13.656
604.660	13.726
604.928	13.801
605.170	13.880
605.400	13.961
605.628	14.043
605.863	14.125
606.115	14.207
606.393	14.288
606.705	14.366
607.064	14.441
607.480	14.510
607.968	14.574
608.542	14.630
609.216	14.676
609.999	14.711
610.896	14.735
611.901	14.748
612.994	14.750
614.145	14.746
615.315	14.738
616.462	14.732
617.554	14.730
618.575	14.735
619.530	14.748
620.449	14.765
621.385	14.783
622.416	14.794
623.644	14.789
625.187	14.755
627.147	14.684
629.558	14.569
632.325	14.418
635.209	14.252
637.907	14.099
640.186	13.981
641.955	13.910
643.260	13.881
644.207	13.887
644.915	13.917
645.486	13.961
646.004	14.012
646.537	14.064
647.147	14.111
647.897	14.147
648.855	14.167
650.090	14.165
651.659	14.134
653.582	14.073
655.814	13.984
658.227	13.876
660.637	13.766
662.861	13.669
664.771	13.595
666.326	13.551
667.553	13.535
668.517	13.541
669.289	13.564
669.937	13.599
670.516	13.640
671.067	13.685
671.624	13.731
672.213	13.774
672.857	13.814
673.577	13.849
674.389	13.876
675.310	13.895
676.350	13.904
677.513	13.903
678.793	13.893
680.172	13.873
681.619	13.847
683.089	13.819
684.534	13.791
685.909	13.768
687.175	13.752
688.307	13.747
689.295	13.753
690.142	13.771
690.856	13.799
691.455	13.837
691.954	13.884
692.373	13.937
692.726	13.997
693.028	14.062
693.293	14.131
693.530	14.202
693.752	14.276
693.969	14.351
694.193	14.427
694.439	14.502
694.726	14.574
695.084	14.642
695.553	14.702
696.194	14.748
697.088	14.775
698.345	14.772
700.083	14.730
702.392	14.639
705.260	14.500
708.513	14.326
711.822	14.143
714.829	13.980
717.300	13.860
719.177	13.787
720.531	13.757
721.483	13.761
722.151	13.789
722.628	13.833
722.977	13.889
723.242	13.952
723.451	14.021
723.620	14.094
723.762	14.170
723.885	14.249
723.992	14.329
724.088	14.411
724.176	14.495
724.256	14.580
724.332	14.667
724.403	14.755
724.472	14.844
724.539	14.934
724.606	15.025
724.673	15.117
724.742	15.210
724.816	15.304
724.896	15.398
724.990	15.492
725.105	15.585
725.258	15.676
725.478	15.762
725.817	15.839
726.373	15.899
727.312	15.926
728.900	15.898
731.487	15.783
735.351	15.553
740.345	15.219
745.670	14.847
750.280	14.529
753.600	14.321
755.702	14.218
756.944	14.191
757.667	14.211
758.104	14.257
758.390	14.318
758.600	14.386
758.772	14.459
758.929	14.534
759.083	14.610
759.243	14.686
759.417	14.762
759.613	14.837
759.843	14.911
760.120	14.981
760.465	15.046
760.901	15.105
761.462	15.154
762.187	15.191
763.117	15.210
764.296	15.209
765.749	15.185
767.473	15.137
769.420	15.069
771.499	14.988
773.599	14.903
775.617	14.825
777.498	14.758
779.240	14.704
780.888	14.659
782.518	14.617
784.210	14.574
786.025	14.522
787.990	14.459
790.080	14.387
792.221	14.310
794.308	14.235
796.237	14.170
797.928	14.122
799.349	14.093
800.506	14.084
801.432	14.092
802.170	14.115
802.766	14.148
803.259	14.191
803.681	14.239
804.056	14.291
804.402	14.346
804.734	14.402
805.059	14.460
805.384	14.518
805.714	14.576
806.054	14.634
806.405	14.692
806.770	14.749
807.153	14.804
807.559	14.859
807.995	14.911
808.470	14.961
808.999	15.008
809.602	15.049
810.309	15.083
811.158	15.106
812.199	15.115
813.489	15.106
815.086	15.073
817.026	15.014
819.304	14.929
821.849	14.821
824.520	14.703
827.139	14.587
829.543	14.485
831.628	14.407
833.360	14.354
834.763	14.326
835.891	14.319
836.803	14.328
837.555	14.350
838.192	14.381
838.750	14.418
839.255	14.459
839.731	14.504
840.197	14.550
840.671	14.595
841.173	14.640
841.726	14.681
842.356	14.717
843.095	14.747
843.977	14.766
845.038	14.773
846.309	14.765
847.806	14.741
849.521	14.700
851.411	14.646
853.399	14.583
855.385	14.519
857.268	14.461
858.971	14.414
860.448	14.383
861.694	14.368
862.726	14.369
863.578	14.383
864.288	14.407
864.893	14.439
865.425	14.478
865.909	14.520
866.367	14.565
866.817	14.610
867.273	14.656
867.748	14.701
868.254	14.744
868.802	14.785
869.404	14.822
870.076	14.854
870.836	14.881
871.705	14.900
872.715	14.909
873.905	14.907
875.329	14.889
877.050	14.851
879.140	14.788
881.652	14.698
884.601	14.578
887.921	14.434
891.452	14.276
894.971	14.117
898.250	13.974
901.130	13.856
903.549	13.767
905.527	13.707
907.128	13.672
908.435	13.655
909.520	13.654
910.447	13.662
911.262	13.678
911.998	13.699
912.680	13.724
913.325	13.751
913.947	13.780
914.556	13.810
915.159	13.841
915.764	13.872
916.379	13.902
917.013	13.931
917.676	13.959
918.380	13.985
919.141	14.008
919.977	14.026
920.908	14.039
921.956	14.046
923.142	14.044
924.485	14.033
925.994	14.012
927.659	13.981
929.457	13.942
931.343	13.897
933.256	13.850
935.126	13.804
936.895	13.763
938.514	13.731
939.961	13.708
941.232	13.696
942.337	13.694
943.302	13.700
944.154	13.713
944.922	13.732
945.634	13.754
946.315	13.778
946.986	13.804
947.667	13.829
948.372	13.854
949.113	13.876
949.903	13.896
950.746	13.913
951.649	13.926
952.612	13.936
953.637	13.942
954.720	13.945
955.856	13.944
957.039	13.941
958.259	13.935
959.507	13.928
960.771	13.919
962.037	13.910
963.293	13.901
964.523	13.894
965.713	13.889
966.848	13.886
967.917	13.887
968.909	13.893
969.820	13.902
970.644	13.917
971.382	13.937
972.037	13.962
972.614	13.991
973.120	14.025
973.564	14.062
973.953	14.104
974.299	14.148
974.611	14.194
974.901	14.242
975.186	14.292
975.485	14.341
975.828	14.388
976.258	14.432
976.843	14.467
977.691	14.489
978.962	14.489
980.885	14.454
983.738	14.369
987.766	14.219
993.003	14.003
999.072	13.739
1005.224	13.468
1010.686	13.231
1015.031	13.054
1018.254	12.937
1020.580	12.869
1022.283	12.834
1023.584	12.821
1024.633	12.822
1025.525	12.831
1026.316	12.845
1027.038	12.863
1027.708	12.884
1028.338	12.907
1028.931	12.931
1029.494	12.957
1030.027	12.985
1030.532	13.014
1031.012	13.044
1031.468	13.076
1031.901	13.109
1032.313	13.143
1032.706	13.178
1033.081	13.214
1033.439	13.251
1033.784	13.289
1034.116	13.328
1034.437	13.367
1034.750	13.407
1035.057	13.448
1035.361	13.489
1035.663	13.531
1035.967	13.572
1036.275	13.614
1036.592	13.655
1036.921	13.696
1037.266	13.737
1037.633	13.776
1038.025	13.815
1038.450	13.852
1038.914	13.887
1039.422	13.920
1039.984	13.951
1040.607	13.978
1041.298	14.002
1042.066	14.022
1042.919	14.038
1043.864	14.048
1044.908	14.054
1046.057	14.053
1047.312	14.047
1048.676	14.035
1050.144	14.018
1051.708	13.995
1053.357	13.968
1055.066	13.937
1056.812	13.904
1058.562	13.870
1060.281	13.838
1061.934	13.809
1063.491	13.784
1064.927	13.765
1066.226	13.753
1067.381	13.749
1068.393	13.752
1069.267	13.762
1070.017	13.778
1070.654	13.801
1071.193	13.829
1071.650	13.861
1072.035	13.898
1072.364	13.937
1072.644	13.980
1072.885	14.025
1073.094	14.072
1073.278	14.121
1073.441	14.171
1073.588	14.223
1073.721	14.275
1073.844	14.329
1073.959	14.383
1074.068	14.438
1074.171	14.494
1074.271	14.550
1074.369	14.607
1074.466	14.664
1074.562	14.722
1074.659	14.780
1074.758	14.839
1074.860	14.897
1074.967	14.956
1075.080	15.015
1075.202	15.074
1075.337	15.132
1075.488	15.190
1075.660	15.247
1075.860	15.303
1076.099	15.357
1076.388	15.408
1076.744	15.455
1077.187	15.498
1077.744	15.534
1078.445	15.562
1079.326	15.578
1080.422	15.582
1081.762	15.570
1083.356	15.542
1085.188	15.498
1087.207	15.442
1089.323	15.378
1091.430	15.314
1093.422	15.256
1095.218	15.209
1096.773	15.176
1098.080	15.159
1099.159	15.155
1100.045	15.165
1100.780	15.184
1101.406	15.210
1101.961	15.241
1102.485	15.275
1103.015	15.309
1103.593	15.342
1104.266	15.369
1105.097	15.388
1106.159	15.394
1107.545	15.383
1109.359	15.347
1111.700	15.281
1114.636	15.182
1118.167	15.049
1122.198	14.888
1126.559	14.710
1131.071	14.527
1135.611	14.346
1140.147	14.171
1144.711	14.000
1149.331	13.832
1153.980	13.666
1158.548	13.506
1162.881	13.359
1166.836	13.229
1170.332	13.121
1173.371	13.035
1176.013	12.968
1178.363	12.915
1180.528	12.871
1182.605	12.833
1184.666	12.796
1186.758	12.759
1188.895	12.721
1191.062	12.681
1193.225	12.641
1195.333	12.603
1197.333	12.569
1199.181	12.540
1200.844	12.517
1202.304	12.503
1203.561	12.496
1204.627	12.496
1205.521	12.503
1206.266	12.516
1206.886	12.534
1207.404	12.556
1207.841	12.581
1208.214	12.609
1208.540	12.639
1208.830	12.671
1209.096	12.704
1209.344	12.738
1209.583	12.773
1209.819	12.808
1210.058	12.843
1210.304	12.878
1210.564	12.912
1210.841	12.947
1211.142	12.980
1211.473	13.013
1211.838	13.044
1212.246	13.074
1212.704	13.102
1213.220	13.128
1213.803	13.151
1214.460	13.171
1215.199	13.189
1216.028	13.202
1216.949	13.212
1217.965	13.218
1219.072	13.220
1220.262	13.219
1221.523	13.214
1222.836	13.207
1224.180	13.198
1225.532	13.189
1226.867	13.180
1228.163	13.173
1229.404	13.167
1230.575	13.164
1231.670	13.165
1232.684	13.168
1233.619	13.175
1234.479	13.184
1235.271	13.197
1236.003	13.212
1236.681	13.230
1237.314	13.249
1237.907	13.270
1238.467	13.293
1238.997	13.317
1239.504	13.342
1239.987	13.368
1240.451	13.395
1240.896	13.423
1241.323	13.452
1241.732	13.481
1242.125	13.512
1242.500	13.543
1242.858	13.575
1243.199	13.608
1243.523	13.642
1243.829	13.677
1244.119	13.712
1244.392	13.749
1244.649	13.786
1244.890	13.824
1245.116	13.863
1245.328	13.903
1245.526	13.944
1245.710	13.985
1245.883	14.027
1246.044	14.070
1246.195	14.114
1246.336	14.158
1246.467	14.203
1246.591	14.249
1246.706	14.296
1246.815	14.342
1246.918	14.390
1247.015	14.438
1247.107	14.487
1247.194	14.536
1247.278	14.585
1247.360	14.635
1247.439	14.685
1247.519	14.736
1247.601	14.787
1247.689	14.838
1247.790	14.889
1247.911	14.939
1248.069	14.988
1248.291	15.034
1248.619	15.076
1249.128	15.110
1249.934	15.131
1251.221	15.130
1253.256	15.095
1256.369	15.010
1260.861	14.860
1266.778	14.643
1273.671	14.377
1280.623	14.105
1286.690	13.872
1291.359	13.701
1294.641	13.594
1296.833	13.538
1298.277	13.516
1299.251	13.517
1299.946	13.532
1300.479	13.554
1300.922	13.580
1301.317	13.609
1301.686	13.640
1302.045	13.671
1302.399	13.702
1302.753	13.734
1303.109	13.766
1303.470	13.797
1303.833	13.829
1304.202	13.860
1304.575	13.892
1304.952	13.923
1305.333	13.954
1305.718	13.986
1306.105	14.017
1306.495	14.048
1306.887	14.079
1307.282	14.110
1307.677	14.142
1308.073	14.173
1308.470	14.204
1308.869	14.236
1309.267	14.267
1309.666	14.299
1310.067	14.330
1310.469	14.362
1310.875	14.394
1311.284	14.425
1311.699	14.457
1312.120	14.488
1312.551	14.519
1312.993	14.550
1313.451	14.580
1313.927	14.609
1314.425	14.637
1314.952	14.665
1315.511	14.690
1316.110	14.714
1316.754	14.737
1317.454	14.756
1318.216	14.773
1319.052	14.786
1319.966	14.796
1320.970	14.802
1322.070	14.803
1323.269	14.800
1324.570	14.791
1325.966	14.779
1327.453	14.761
1329.017	14.740
1330.645	14.716
1332.324	14.690
1334.047	14.661
1335.814	14.631
1337.641	14.599
1339.559	14.563
1341.612	14.522
1343.863	14.474
1346.373	14.416
1349.195	14.345
1352.346	14.260
1355.787	14.164
1359.410	14.060
1363.052	13.954
1366.528	13.855
1369.675	13.768
1372.391	13.699
1374.640	13.649
1376.446	13.616
1377.864	13.600
1378.965	13.597
1379.817	13.604
1380.481	13.620
1381.006	13.641
1381.429	13.667
1381.781	13.696
1382.081	13.727
1382.345	13.760
1382.584	13.795
1382.806	13.830
1383.016	13.866
1383.218	13.902
1383.416	13.939
1383.611	13.976
1383.805	14.013
1383.999	14.050
1384.194	14.088
1384.393	14.126
1384.593	14.163
1384.799	14.201
1385.009	14.239
1385.227	14.276
1385.452	14.314
1385.687	14.351
1385.933	14.388
1386.193	14.424
1386.471	14.460
1386.770	14.495
1387.093	14.529
1387.446	14.562
1387.835	14.594
1388.266	14.624
1388.748	14.652
1389.288	14.678
1389.895	14.701
1390.580	14.720
1391.350	14.736
1392.214	14.748
1393.176	14.755
1394.239	14.758
1395.398	14.757
1396.646	14.751
1397.968	14.742
1399.340	14.730
1400.741	14.717
1402.139	14.703
1403.509	14.690
1404.825	14.680
1406.068	14.672
1407.224	14.669
1408.286	14.669
1409.252	14.673
1410.124	14.682
1410.911	14.694
1411.618	14.711
1412.257	14.730
1412.836	14.752
1413.365	14.776
1413.853	14.803
1414.307	14.831
1414.736	14.860
1415.148	14.891
1415.551	14.922
1415.954	14.953
1416.370	14.984
1416.814	15.014
1417.306	15.042
1417.879	15.068
1418.576	15.088
1419.463	15.100
1420.636	15.101
1422.230	15.085
1424.425	15.044
1427.433	14.970
1431.458	14.855
1436.595	14.693
1442.705	14.492
1449.363	14.268
1455.944	14.047
1461.879	13.853
1466.850	13.697
1470.805	13.582
1473.883	13.503
1476.276	13.451
1478.168	13.419
1479.706	13.400
1480.995	13.392
1482.111	13.391
1483.105	13.394
1484.015	13.400
1484.866	13.409
1485.679	13.420
1486.466	13.431
1487.240	13.443
1488.007	13.455
1488.772	13.468
1489.539	13.480
1490.308	13.493
1491.079	13.505
1491.850	13.517
1492.617	13.530
1493.377	13.542
1494.125	13.555
1494.858	13.568
1495.570	13.583
1496.257	13.597
1496.917	13.613
1497.545	13.630
1498.139	13.649
1498.699	13.668
1499.223	13.689
1499.713	13.711
1500.167	13.735
1500.587	13.759
1500.976	13.785
1501.334	13.812
1501.664	13.841
1501.968	13.870
1502.249	13.901
1502.507	13.932
1502.746	13.964
1502.968	13.997
1503.173	14.031
1503.365	14.065
1503.544	14.100
1503.713	14.136
1503.872	14.172
1504.023	14.209
1504.168	14.246
1504.307	14.283
1504.441	14.321
1504.572	14.359
1504.700	14.398
1504.826	14.437
1504.951	14.476
1505.076	14.515
1505.202	14.554
1505.329	14.593
1505.458	14.633
1505.589	14.673
1505.725	14.712
1505.865	14.752
1506.010	14.792
1506.161	14.831
1506.319	14.871
1506.484	14.910
1506.658	14.949
1506.841	14.988
1507.034	15.027
1507.238	15.065
1507.453	15.103
1507.681	15.141
1507.920	15.178
1508.174	15.215
1508.440	15.251
1508.721	15.287
1509.016	15.323
1509.326	15.358
1509.650	15.392
1509.988	15.426
1510.341	15.459
1510.709	15.492
1511.093	15.524
1511.495	15.555
1511.915	15.586
1512.359	15.616
1512.831	15.644
1513.338	15.671
1513.893	15.697
1514.513	15.719
1515.218	15.738
1516.040	15.752
1517.022	15.759
1518.214	15.757
1519.685	15.743
1521.512	15.713
1523.774	15.665
1526.542	15.594
1529.847	15.501
1533.660	15.386
1537.877	15.253
1542.311	15.111
1546.749	14.970
1550.998	14.837
1554.913	14.719
1558.433	14.618
1561.552	14.534
1564.302	14.467
1566.731	14.412
1568.892	14.369
1570.832	14.336
1572.592	14.309
1574.206	14.288
1575.704	14.273
1577.111	14.260
1578.449	14.251
1579.737	14.244
1580.989	14.238
1582.217	14.233
1583.433	14.229
1584.646	14.225
1585.865	14.221
1587.101	14.217
1588.364	14.212
1589.676	14.205
1591.061	14.196
1592.554	14.183
1594.202	14.166
1596.061	14.141
1598.199	14.108
1600.685	14.064
1603.572	14.006
1606.881	13.934
1610.576	13.849
1614.554	13.754
1618.644	13.656
1622.636	13.559
1626.344	13.472
1629.616	13.398
1632.382	13.341
1634.643	13.300
1636.437	13.275
1637.838	13.262
1638.918	13.260
1639.749	13.267
1640.395	13.280
1640.901	13.298
1641.305	13.320
1641.639	13.343
1641.921	13.369
1642.169	13.396
1642.394	13.424
1642.605	13.453
1642.808	13.482
1643.009	13.511
1643.211	13.541
1643.418	13.570
1643.631	13.599
1643.854	13.629
1644.088	13.657
1644.335	13.686
1644.597	13.714
1644.875	13.742
1645.172	13.769
1645.488	13.796
1645.825	13.822
1646.187	13.847
1646.571	13.872
1646.983	13.896
1647.421	13.919
1647.886	13.941
1648.379	13.962
1648.900	13.983
1649.448	14.002
1650.022	14.021
1650.620	14.039
1651.240	14.056
1651.879	14.072
1652.533	14.088
1653.199	14.103
1653.872	14.118
1654.547	14.133
1655.221	14.148
1655.889	14.163
1656.547	14.179
1657.193	14.195
1657.823	14.211
1658.437	14.228
1659.031	14.246
1659.608	14.264
1660.167	14.284
1660.709	14.303
1661.237	14.323
1661.754	14.344
1662.262	14.365
1662.767	14.387
1663.271	14.408
1663.781	14.429
1664.301	14.451
1664.837	14.471
1665.395	14.491
1665.981	14.510
1666.601	14.528
1667.262	14.544
1667.969	14.559
1668.729	14.572
1669.547	14.583
1670.427	14.592
1671.373	14.598
1672.387	14.602
1673.468	14.604
1674.614	14.603
1675.821	14.599
1677.079	14.594
1678.381	14.587
1679.714	14.579
1681.060	14.570
1682.409	14.561
1683.746	14.552
1685.052	14.544
1686.319	14.538
1687.534	14.533
1688.687	14.530
1689.775	14.530
1690.791	14.532
1691.735	14.537
1692.608	14.544
1693.412	14.554
1694.150	14.566
1694.828	14.581
1695.450	14.597
1696.022	14.616
1696.551	14.636
1697.041	14.658
1697.499	14.681
1697.932	14.705
1698.343	14.730
1698.740	14.755
1699.128	14.781
1699.511	14.807
1699.895	14.834
1700.286	14.860
1700.687	14.886
1701.104	14.912
1701.541	14.937
1702.001	14.961
1702.490	14.984
1703.008	15.006
1703.560	15.027
1704.147	15.046
1704.768	15.065
1705.423	15.082
1706.112	15.097
1706.831	15.112
1707.572	15.126
1708.335	15.138
1709.110	15.151
1709.888	15.163
1710.666	15.174
1711.433	15.187
1712.183	15.200
1712.909	15.213
1713.608	15.228
1714.275	15.244
1714.909	15.261
1715.509	15.280
1716.079	15.300
1716.622	15.321
1717.145	15.343
1717.658	15.365
1718.177	15.388
1718.727	15.409
1719.340	15.429
1720.067	15.445
1720.983	15.454
1722.196	15.454
1723.860	15.437
1726.172	15.397
1729.359	15.326
1733.621	15.217
1739.020	15.066
1745.357	14.882
1752.122	14.680
1758.662	14.486
1764.393	14.319
1769.028	14.191
1772.570	14.101
1775.189	14.044
1777.110	14.013
1778.547	13.998
1779.654	13.996
1780.549	14.001
1781.309	14.011
1781.985	14.024
1782.613	14.039
1783.215	14.055
1783.807	14.071
1784.401	14.087
1785.008	14.104
1785.635	14.119
1786.289	14.134
1786.975	14.148
1787.700	14.161
1788.469	14.172
1789.285	14.182
1790.147	14.190
1791.060	14.197
1792.020	14.202
1793.021	14.206
1794.063	14.209
1795.132	14.210
1796.219	14.211
1797.320	14.211
1798.414	14.211
1799.498	14.212
1800.557	14.213
1801.584	14.215
1802.574	14.219
1803.521	14.223
1804.424	14.229
1805.284	14.237
1806.103	14.246
1806.884	14.256
1807.632	14.267
1808.355	14.279
1809.056	14.292
1809.743	14.305
1810.423	14.319
1811.099	14.333
1811.777	14.347
1812.461	14.361
1813.152	14.374
1813.855	14.387
1814.568	14.400
1815.289	14.413
1816.022	14.425
1816.758	14.437
1817.496	14.449
1818.233	14.461
1818.963	14.473
1819.682	14.486
1820.385	14.499
1821.069	14.512
1821.729	14.527
1822.362	14.542
1822.967	14.558
1823.542	14.575
1824.086	14.594
1824.598	14.613
1825.081	14.633
1825.536	14.655
1825.963	14.677
1826.365	14.701
1826.745	14.725
1827.105	14.750
1827.448	14.775
1827.777	14.801
1828.093	14.828
1828.401	14.855
1828.702	14.883
1829.000	14.911
1829.296	14.938
1829.593	14.966
1829.893	14.994
1830.198	15.022
1830.511	15.050
1830.833	15.077
1831.165	15.104
1831.510	15.131
1831.869	15.158
1832.243	15.183
1832.632	15.209
1833.037	15.234
1833.459	15.258
1833.897	15.282
1834.351	15.305
1834.821	15.328
1835.305	15.350
1835.801	15.372
1836.309	15.394
1836.828	15.415
1837.354	15.436
1837.887	15.456
1838.424	15.477
1838.963	15.497
1839.506	15.517
1840.051	15.537
1840.597	15.558
1841.145	15.578
1841.698	15.598
1842.257	15.618
1842.826	15.637
1843.411	15.656
1844.017	15.675
1844.650	15.692
1845.322	15.708
1846.042	15.723
1846.823	15.735
1847.680	15.744
1848.632	15.750
1849.695	15.752
1850.891	15.749
1852.244	15.741
1853.771	15.726
1855.487	15.703
1857.406	15.674
1859.528	15.637
1861.829	15.593
1864.285	15.543
1866.845	15.489
1869.443	15.434
1872.018	15.379
1874.499	15.328
1876.834	15.281
1878.979	15.242
1880.916	15.209
1882.635	15.185
1884.144	15.168
1885.457	15.158
1886.595	15.155
1887.579	15.157
1888.434	15.164
1889.178	15.175
1889.832	15.190
1890.409	15.207
1890.924	15.226
1891.389	15.248
1891.813	15.271
1892.204	15.295
1892.571	15.320
1892.918	15.347
1893.251	15.373
1893.577	15.401
1893.902	15.428
1894.232	15.455
1894.578	15.482
1894.950	15.508
1895.367	15.533
1895.851	15.556
1896.436	15.575
1897.171	15.590
1898.125	15.598
1899.393	15.595
1901.100	15.577
1903.401	15.540
1906.464	15.477
1910.428	15.384
1915.332	15.259
1921.036	15.108
1927.204	14.940
1933.376	14.772
1939.119	14.617
1944.145	14.487
1948.378	14.384
1951.899	14.304
1954.867	14.244
1957.456	14.197
1959.815	14.159
1962.047	14.125
1964.225	14.094
1966.384	14.063
1968.521	14.033
1970.632	14.004
1972.681	13.977
1974.639	13.952
1976.477	13.930
1978.166	13.912
1979.696	13.899
1981.055	13.890
1982.250	13.887
1983.286	13.887
1984.179	13.892
1984.943	13.901
1985.596	13.913
1986.154	13.927
1986.632	13.945
1987.043	13.964
1987.400	13.984
1987.713	14.007
1987.990	14.030
1988.238	14.054
1988.464	14.079
1988.671	14.105
1988.863	14.131
1989.044	14.158
1989.215	14.185
1989.380	14.212
1989.536	14.240
1989.689	14.268
1989.840	14.296
1989.985	14.325
1990.126	14.353
1990.266	14.382
1990.404	14.411
1990.539	14.440
1990.672	14.469
1990.801	14.498
1990.931	14.528
1991.057	14.557
1991.180	14.587
1991.304	14.617
1991.423	14.647
1991.540	14.678
1991.655	14.708
1991.768	14.739
1991.877	14.770
1991.985	14.801
1992.090	14.832
1992.193	14.864
1992.292	14.896
1992.389	14.927
1992.483	14.960
1992.575	14.992
1992.664	15.024
1992.750	15.057
1992.834	15.090
1992.915	15.123
1992.993	15.156
1993.069	15.190
1993.143	15.224
1993.214	15.258
1993.282	15.292
1993.348	15.326
1993.412	15.361
1993.474	15.396
1993.534	15.431
1993.591	15.466
1993.646	15.501
1993.700	15.537
1993.751	15.573
1993.801	15.609
1993.849	15.645
1993.895	15.682
1993.939	15.718
1993.982	15.755
1994.024	15.792
1994.064	15.829
1994.102	15.867
1994.140	15.904
1994.176	15.942
1994.210	15.980
1994.244	16.019
1994.277	16.057
1994.308	16.096
1994.339	16.134
1994.369	16.173
1994.397	16.213
1994.425	16.252
1994.453	16.292
1994.479	16.331
1994.505	16.371
1994.530	16.412
1994.554	16.452
1994.578	16.493
1994.601	16.533
1994.624	16.574
1994.646	16.615
1994.668	16.657
1994.689	16.698
1994.710	16.740
1994.731	16.782
1994.751	16.824
1994.771	16.866
1994.790	16.909
1994.810	16.951
1994.829	16.994
1994.847	17.037
1994.866	17.080
1994.884	17.124
1994.901	17.167
1994.920	17.211
1994.937	17.255
1994.954	17.299
1994.971	17.344
1994.989	17.388
1995.005	17.433
1995.022	17.478
1995.039	17.523
1995.055	17.569
1995.072	17.614
1995.088	17.660
1995.104	17.706
1995.120	17.752
1995.136	17.798
1995.152	17.845
1995.168	17.892
1995.184	17.939
1995.200	17.986
1995.215	18.033
1995.231	18.081
1995.246	18.129
1995.262	18.177
1995.277	18.225
1995.292	18.273
1995.308	18.322
1995.323	18.371
1995.338	18.420
1995.354	18.469
1995.369	18.519
1995.384	18.569
1995.399	18.619
1995.414	18.669
1995.429	18.719
1995.444	18.770
1995.459	18.821
1995.474	18.872
1995.489	18.923
1995.504	18.974
1995.518	19.026
1995.533	19.078
1995.548	19.130
1995.562	19.183
1995.577	19.235
1995.592	19.288
1995.606	19.341
1995.621	19.395
1995.635	19.448
1995.650	19.502
1995.664	19.556
1995.679	19.611
1995.693	19.665
1995.707	19.720
1995.722	19.775
1995.736	19.830
1995.750	19.886
1995.764	19.942
1995.778	19.998
1995.792	20.054
1995.806	20.110
1995.820	20.167
1995.834	20.224
1995.848	20.282
1995.862	20.339
1995.875	20.397
1995.889	20.455
1995.903	20.513
1995.916	20.572
1995.930	20.631
1995.943	20.690
1995.956	20.749
1995.970	20.809
1995.983	20.869
1995.996	20.929
1996.009	20.990
1996.022	21.050
1996.035	21.111
1996.048	21.173
1996.061	21.234
1996.074	21.296
1996.086	21.358
1996.099	21.421
1996.111	21.483
1996.124	21.546
1996.136	21.610
1996.148	21.673
1996.161	21.737
1996.173	21.801
1996.185	21.866
1996.197	21.930
1996.208	21.995
1996.220	22.061
1996.232	22.126
1996.243	22.192
1996.255	22.258
1996.266	22.325
1996.278	22.392
1996.289	22.459
1996.300	22.526
1996.311	22.594
1996.322	22.662
1996.333	22.730
1996.343	22.799
1996.354	22.868
1996.364	22.937
1996.375	23.007
1996.385	23.077
1996.395	23.147
1996.405	23.218
1996.415	23.289
1996.425	23.360
1996.435	23.432
1996.445	23.503
1996.454	23.576
1996.464	23.648
1996.473	23.721
1996.482	23.794
1996.491	23.868
1996.500	23.942
