<j>	<Fwlc>
1051.433	13.171
1052.600	13.166
1053.594	13.170
1054.445	13.180
1055.185	13.196
1055.848	13.216
1056.467	13.239
1057.076	13.262
1057.707	13.285
1058.397	13.306
1059.184	13.324
1060.110	13.335
1061.221	13.339
1062.566	13.333
1064.189	13.315
1066.123	13.284
1068.381	13.238
1070.938	13.178
1073.730	13.108
1076.651	13.032
1079.575	12.954
1082.374	12.881
1084.947	12.817
1087.231	12.766
1089.204	12.727
1090.879	12.701
1092.285	12.686
1093.464	12.682
1094.455	12.685
1095.295	12.695
1096.016	12.710
1096.642	12.730
1097.193	12.753
1097.685	12.778
1098.129	12.806
1098.535	12.835
1098.909	12.866
1099.259	12.898
1099.588	12.931
1099.902	12.965
1100.202	13.000
1100.493	13.035
1100.777	13.071
1101.057	13.107
1101.337	13.143
1101.618	13.180
1101.905	13.216
1102.201	13.253
1102.511	13.288
1102.840	13.324
1103.195	13.358
1103.584	13.391
1104.017	13.423
1104.506	13.452
1105.067	13.478
1105.716	13.501
1106.474	13.519
1107.365	13.532
1108.413	13.538
1109.640	13.536
1111.065	13.525
1112.697	13.505
1114.531	13.476
1116.544	13.439
1118.692	13.396
1120.914	13.348
1123.143	13.300
1125.309	13.254
1127.358	13.213
1129.251	13.178
1130.973	13.150
1132.523	13.130
1133.918	13.117
1135.181	13.110
1136.341	13.107
1137.425	13.108
1138.459	13.111
1139.466	13.116
1140.467	13.121
1141.477	13.127
1142.508	13.131
1143.569	13.134
1144.665	13.136
1145.798	13.136
1146.964	13.135
1148.159	13.133
1149.373	13.130
1150.596	13.126
1151.814	13.122
1153.015	13.119
1154.185	13.116
1155.314	13.116
1156.391	13.117
1157.411	13.121
1158.369	13.127
1159.266	13.135
1160.102	13.146
1160.884	13.160
1161.616	13.175
1162.308	13.192
1162.969	13.211
1163.608	13.231
1164.237	13.252
1164.868	13.272
1165.514	13.292
1166.187	13.312
1166.900	13.330
1167.668	13.345
1168.503	13.358
1169.419	13.368
1170.427	13.375
1171.536	13.377
1172.752	13.374
1174.076	13.367
1175.504	13.356
1177.027	13.341
1178.630	13.322
1180.292	13.301
1181.994	13.277
1183.712	13.253
1185.428	13.229
1187.130	13.206
1188.810	13.183
1190.470	13.161
1192.120	13.141
1193.777	13.120
1195.464	13.099
1197.210	13.075
1199.045	13.049
1200.998	13.019
1203.093	12.984
1205.342	12.943
1207.742	12.897
1210.267	12.846
1212.873	12.792
1215.495	12.737
1218.061	12.684
1220.500	12.635
1222.754	12.593
1224.782	12.558
1226.567	12.532
1228.110	12.515
1229.427	12.506
1230.542	12.505
1231.485	12.510
1232.285	12.520
1232.967	12.535
1233.557	12.553
1234.073	12.574
1234.533	12.597
1234.949	12.623
1235.332	12.649
1235.690	12.677
1236.028	12.705
1236.352	12.734
1236.665	12.764
1236.969	12.794
1237.266	12.825
1237.557	12.856
1237.842	12.887
1238.123	12.918
1238.398	12.950
1238.669	12.982
1238.935	13.015
1239.196	13.047
1239.452	13.080
1239.702	13.114
1239.947	13.148
1240.187	13.182
1240.422	13.216
1240.652	13.251
1240.877	13.286
1241.099	13.321
1241.318	13.357
1241.534	13.393
1241.751	13.429
1241.969	13.465
1242.192	13.501
1242.422	13.538
1242.666	13.573
1242.928	13.609
1243.218	13.643
1243.544	13.676
1243.921	13.708
1244.365	13.737
1244.898	13.763
1245.547	13.784
1246.342	13.800
1247.320	13.808
1248.518	13.808
1249.969	13.797
1251.698	13.776
1253.708	13.742
1255.974	13.698
1258.435	13.645
1261.000	13.587
1263.557	13.529
1265.994	13.474
1268.219	13.428
1270.173	13.391
1271.833	13.367
1273.207	13.353
1274.320	13.351
1275.210	13.357
1275.917	13.371
1276.478	13.391
1276.926	13.416
1277.287	13.444
1277.583	13.476
1277.831	13.509
1278.045	13.545
1278.234	13.581
1278.409	13.619
1278.574	13.657
1278.738	13.695
1278.906	13.734
1279.085	13.772
1279.283	13.810
1279.510	13.847
1279.778	13.882
1280.107	13.916
1280.518	13.946
1281.046	13.973
1281.733	13.993
1282.636	14.005
1283.830	14.006
1285.400	13.993
1287.441	13.961
1290.041	13.907
1293.245	13.830
1297.031	13.729
1301.275	13.611
1305.760	13.482
1310.223	13.354
1314.418	13.235
1318.182	13.133
1321.447	13.051
1324.226	12.987
1326.579	12.939
1328.579	12.905
1330.298	12.882
1331.792	12.867
1333.104	12.859
1334.266	12.857
1335.298	12.859
1336.218	12.865
1337.037	12.874
1337.766	12.887
1338.414	12.903
1338.989	12.921
1339.498	12.942
1339.950	12.965
1340.352	12.989
1340.709	13.016
1341.029	13.044
1341.316	13.073
1341.575	13.103
1341.812	13.135
1342.029	13.167
1342.230	13.200
1342.419	13.233
1342.599	13.267
1342.770	13.302
1342.937	13.337
1343.100	13.372
1343.262	13.407
1343.425	13.443
1343.590	13.478
1343.759	13.514
1343.934	13.550
1344.116	13.585
1344.309	13.620
1344.513	13.655
1344.732	13.690
1344.968	13.724
1345.225	13.758
1345.508	13.791
1345.821	13.822
1346.172	13.853
1346.568	13.882
1347.022	13.908
1347.547	13.933
1348.164	13.954
1348.900	13.970
1349.787	13.982
1350.872	13.986
1352.211	13.980
1353.873	13.963
1355.932	13.931
1358.463	13.882
1361.517	13.813
1365.097	13.725
1369.135	13.620
1373.481	13.504
1377.915	13.384
1382.201	13.268
1386.140	13.165
1389.606	13.079
1392.555	13.012
1395.010	12.962
1397.030	12.928
1398.689	12.907
1400.060	12.896
1401.205	12.893
1402.177	12.897
1403.013	12.905
1403.746	12.917
1404.396	12.932
1404.983	12.949
1405.517	12.969
1406.008	12.989
1406.464	13.011
1406.891	13.035
1407.292	13.059
1407.672	13.084
1408.032	13.109
1408.375	13.136
1408.704	13.163
1409.018	13.190
1409.320	13.218
1409.611	13.247
1409.891	13.276
1410.162	13.305
1410.423	13.335
1410.676	13.366
1410.921	13.396
1411.158	13.427
1411.389	13.459
1411.613	13.491
1411.831	13.523
1412.043	13.555
1412.251	13.588
1412.453	13.621
1412.652	13.655
1412.848	13.688
1413.041	13.722
1413.231	13.756
1413.421	13.791
1413.610	13.825
1413.800	13.860
1413.992	13.895
1414.187	13.929
1414.387	13.964
1414.594	13.999
1414.809	14.033
1415.036	14.067
1415.277	14.101
1415.536	14.134
1415.818	14.167
1416.128	14.198
1416.473	14.229
1416.860	14.258
1417.300	14.285
1417.804	14.310
1418.388	14.332
1419.070	14.350
1419.870	14.364
1420.816	14.372
1421.936	14.374
1423.266	14.367
1424.840	14.352
1426.693	14.326
1428.854	14.288
1431.337	14.238
1434.137	14.176
1437.219	14.103
1440.515	14.022
1443.931	13.937
1447.359	13.851
1450.693	13.769
1453.842	13.693
1456.749	13.627
1459.385	13.570
1461.751	13.524
1463.868	13.487
1465.769	13.458
1467.494	13.435
1469.083	13.418
1470.575	13.405
1472.007	13.394
1473.412	13.384
1474.821	13.375
1476.260	13.365
1477.755	13.353
1479.332	13.339
1481.014	13.322
1482.826	13.301
1484.790	13.275
1486.929	13.244
1489.265	13.207
1491.815	13.163
1494.591	13.113
1497.591	13.057
1500.800	12.994
1504.184	12.926
1507.686	12.854
1511.233	12.782
1514.741	12.711
1518.124	12.643
1521.307	12.581
1524.231	12.527
1526.862	12.482
1529.185	12.445
1531.207	12.418
1532.947	12.398
1534.434	12.386
1535.698	12.381
1536.772	12.381
1537.686	12.386
1538.468	12.395
1539.140	12.407
1539.722	12.422
1540.233	12.439
1540.685	12.458
1541.090	12.478
1541.457	12.499
1541.795	12.522
1542.108	12.545
1542.403	12.569
1542.683	12.593
1542.951	12.618
1543.212	12.643
1543.467	12.668
1543.718	12.694
1543.967	12.720
1544.217	12.746
1544.468	12.772
1544.722	12.798
1544.981	12.824
1545.246	12.849
1545.520	12.875
1545.803	12.900
1546.097	12.926
1546.404	12.951
1546.727	12.975
1547.068	12.999
1547.427	13.023
1547.810	13.046
1548.216	13.068
1548.650	13.090
1549.114	13.111
1549.610	13.131
1550.141	13.150
1550.710	13.167
1551.317	13.184
1551.965	13.199
1552.655	13.213
1553.387	13.226
1554.161	13.238
1554.977	13.248
1555.832	13.257
1556.724	13.264
1557.652	13.271
1558.612	13.276
1559.604	13.281
1560.624	13.285
1561.674	13.287
1562.755	13.289
1563.870	13.290
1565.026	13.289
1566.229	13.287
1567.490	13.284
1568.820	13.278
1570.231	13.270
1571.735	13.259
1573.341	13.246
1575.051	13.229
1576.865	13.209
1578.773	13.186
1580.753	13.160
1582.780	13.133
1584.819	13.106
1586.830	13.079
1588.777	13.054
1590.625	13.031
1592.347	13.012
1593.925	12.998
1595.350	12.987
1596.622	12.982
1597.748	12.980
1598.739	12.983
1599.609	12.989
1600.375	12.999
1601.054	13.012
1601.660	13.026
1602.208	13.043
1602.713	13.061
1603.186	13.080
1603.639	13.100
1604.081	13.121
1604.523	13.141
1604.972	13.162
1605.439	13.182
1605.932	13.201
1606.459	13.220
1607.031	13.237
1607.658	13.253
1608.352	13.266
1609.123	13.278
1609.985	13.287
1610.951	13.293
1612.033	13.296
1613.244	13.295
1614.592	13.289
1616.083	13.280
1617.717	13.266
1619.488	13.248
1621.379	13.226
1623.367	13.201
1625.420	13.174
1627.500	13.146
1629.568	13.118
1631.583	13.091
1633.510	13.067
1635.321	13.046
1636.997	13.029
1638.527	13.016
1639.908	13.007
1641.143	13.003
1642.243	13.002
1643.217	13.005
1644.081	13.012
1644.847	13.021
1645.529	13.034
1646.141	13.048
1646.695	13.064
1647.200	13.081
1647.668	13.100
1648.107	13.120
1648.525	13.140
1648.929	13.161
1649.327	13.183
1649.725	13.204
1650.129	13.226
1650.546	13.247
1650.982	13.267
1651.444	13.287
1651.939	13.306
1652.474	13.324
1653.057	13.341
1653.696	13.356
1654.399	13.370
1655.175	13.381
1656.033	13.390
1656.980	13.396
1658.024	13.399
1659.171	13.400
1660.422	13.397
1661.779	13.391
1663.237	13.382
1664.787	13.370
1666.415	13.356
1668.105	13.339
1669.834	13.322
1671.579	13.303
1673.313	13.285
1675.014	13.268
1676.660	13.252
1678.232	13.238
1679.717	13.227
1681.108	13.218
1682.398	13.213
1683.589	13.210
1684.683	13.210
1685.685	13.212
1686.602	13.218
1687.440	13.225
1688.208	13.235
1688.912	13.246
1689.561	13.260
1690.161	13.274
1690.718	13.290
1691.237	13.308
1691.723	13.326
1692.181	13.345
1692.615	13.365
1693.026	13.386
1693.420	13.407
1693.797	13.429
1694.161	13.452
1694.512	13.474
1694.854	13.497
1695.189	13.521
1695.517	13.545
1695.841	13.569
1696.163	13.593
1696.485	13.617
1696.810	13.641
1697.141	13.665
1697.482	13.689
1697.838	13.713
1698.214	13.736
1698.620	13.758
1699.063	13.779
1699.556	13.799
1700.117	13.817
1700.763	13.833
1701.522	13.845
1702.423	13.854
1703.505	13.857
1704.809	13.853
1706.384	13.842
1708.276	13.821
1710.526	13.790
1713.156	13.747
1716.162	13.693
1719.501	13.629
1723.090	13.557
1726.808	13.481
1730.519	13.405
1734.092	13.333
1737.424	13.268
1740.449	13.211
1743.142	13.165
1745.514	13.127
1747.594	13.099
1749.426	13.077
1751.052	13.062
1752.517	13.052
1753.855	13.045
1755.098	13.041
1756.269	13.039
1757.387	13.039
1758.466	13.040
1759.517	13.042
1760.547	13.045
1761.562	13.048
1762.564	13.051
1763.557	13.055
1764.540	13.059
1765.513	13.063
1766.477	13.067
1767.428	13.072
1768.366	13.077
1769.287	13.082
1770.190	13.088
1771.071	13.095
1771.927	13.102
1772.757	13.110
1773.559	13.118
1774.330	13.128
1775.069	13.138
1775.777	13.149
1776.452	13.161
1777.096	13.174
1777.711	13.187
1778.298	13.202
1778.860	13.217
1779.401	13.233
1779.925	13.249
1780.436	13.266
1780.940	13.283
1781.443	13.300
1781.952	13.318
1782.476	13.334
1783.023	13.351
1783.604	13.366
1784.230	13.381
1784.914	13.393
1785.670	13.405
1786.513	13.413
1787.460	13.419
1788.526	13.422
1789.729	13.421
1791.081	13.416
1792.596	13.407
1794.279	13.393
1796.131	13.374
1798.143	13.351
1800.299	13.324
1802.574	13.293
1804.934	13.260
1807.343	13.226
1809.762	13.191
1812.156	13.157
1814.495	13.124
1816.753	13.094
1818.917	13.065
1820.978	13.040
1822.934	13.018
1824.787	12.998
1826.543	12.981
1828.208	12.967
1829.787	12.955
1831.287	12.944
1832.713	12.936
1834.069	12.930
1835.356	12.925
1836.578	12.923
1837.736	12.921
1838.830	12.922
1839.864	12.924
1840.837	12.927
1841.753	12.932
1842.612	12.939
1843.418	12.947
1844.173	12.956
1844.879	12.966
1845.541	12.978
1846.160	12.990
1846.740	13.004
