<j>	<Fwlc>
1048.270	13.305
1048.896	13.328
1049.542	13.351
1050.223	13.372
1050.953	13.391
1051.749	13.408
1052.630	13.420
1053.618	13.428
1054.733	13.431
1056.001	13.427
1057.443	13.415
1059.079	13.394
1060.924	13.364
1062.982	13.325
1065.242	13.277
1067.677	13.220
1070.242	13.158
1072.874	13.093
1075.502	13.027
1078.051	12.965
1080.457	12.908
1082.668	12.860
1084.654	12.821
1086.401	12.792
1087.913	12.773
1089.203	12.764
1090.294	12.763
1091.210	12.770
1091.975	12.783
1092.614	12.801
1093.147	12.825
1093.595	12.852
1093.973	12.882
1094.293	12.915
1094.568	12.951
1094.807	12.988
1095.016	13.026
1095.201	13.066
1095.368	13.107
1095.520	13.149
1095.661	13.191
1095.792	13.235
1095.916	13.279
1096.034	13.323
1096.147	13.368
1096.257	13.413
1096.363	13.459
1096.468	13.505
1096.570	13.551
1096.672	13.598
1096.772	13.645
1096.871	13.693
1096.970	13.740
1097.069	13.788
1097.167	13.836
1097.265	13.885
1097.364	13.934
1097.464	13.983
1097.564	14.032
1097.666	14.082
1097.769	14.132
1097.875	14.182
1097.985	14.232
1098.100	14.282
1098.222	14.332
1098.353	14.382
1098.496	14.432
1098.657	14.481
1098.841	14.529
1099.058	14.576
1099.320	14.621
1099.645	14.663
1100.057	14.702
1100.589	14.734
1101.287	14.759
1102.211	14.772
1103.440	14.771
1105.070	14.750
1107.215	14.703
1109.990	14.626
1113.498	14.513
1117.798	14.363
1122.879	14.178
1128.636	13.965
1134.868	13.734
1141.290	13.500
1147.569	13.275
1153.390	13.073
1158.515	12.903
1162.830	12.768
1166.338	12.668
1169.125	12.597
1171.315	12.551
1173.038	12.524
1174.408	12.511
1175.515	12.510
1176.430	12.516
1177.203	12.528
1177.870	12.544
1178.458	12.563
1178.986	12.585
1179.467	12.609
1179.911	12.634
1180.325	12.661
1180.715	12.689
1181.087	12.717
1181.444	12.746
1181.789	12.776
1182.125	12.807
1182.455	12.837
1182.780	12.868
1183.102	12.899
1183.423	12.931
1183.744	12.962
1184.066	12.994
1184.389	13.026
1184.715	13.058
1185.043	13.089
1185.373	13.121
1185.707	13.153
1186.042	13.185
1186.380	13.217
1186.718	13.249
1187.058	13.281
1187.397	13.313
1187.735	13.345
1188.070	13.377
1188.403	13.410
1188.731	13.443
1189.053	13.477
1189.369	13.510
1189.677	13.544
1189.977	13.579
1190.267	13.614
1190.548	13.650
1190.818	13.686
1191.077	13.723
1191.326	13.761
1191.563	13.799
1191.790	13.838
1192.007	13.877
1192.214	13.917
1192.413	13.958
1192.605	13.999
1192.793	14.041
1192.982	14.083
1193.179	14.125
1193.394	14.166
1193.646	14.206
1193.965	14.244
1194.405	14.277
1195.048	14.303
1196.034	14.315
1197.576	14.305
1199.982	14.260
1203.630	14.164
1208.846	14.003
1215.646	13.777
1223.472	13.505
1231.261	13.231
1237.966	12.999
1243.059	12.831
1246.587	12.727
1248.899	12.672
1250.385	12.651
1251.353	12.652
1252.013	12.666
1252.497	12.688
1252.884	12.713
1253.220	12.741
1253.532	12.771
1253.836	12.801
1254.139	12.831
1254.447	12.861
1254.763	12.891
1255.088	12.920
1255.423	12.950
1255.769	12.979
1256.127	13.007
1256.496	13.036
1256.877	13.064
1257.271	13.092
1257.677	13.119
1258.096	13.146
1258.529	13.173
1258.976	13.199
1259.439	13.224
1259.920	13.249
1260.418	13.273
1260.938	13.297
1261.480	13.320
1262.048	13.342
1262.644	13.363
1263.272	13.382
1263.935	13.401
1264.636	13.418
1265.378	13.433
1266.164	13.447
1266.996	13.459
1267.875	13.469
1268.803	13.478
1269.777	13.484
1270.796	13.489
1271.856	13.491
1272.953	13.493
1274.080	13.493
1275.233	13.492
1276.403	13.490
1277.586	13.488
1278.775	13.485
1279.968	13.482
1281.160	13.480
1282.351	13.477
1283.540	13.474
1284.727	13.471
1285.914	13.469
1287.101	13.466
1288.289	13.464
1289.479	13.461
1290.670	13.458
1291.859	13.456
1293.043	13.453
1294.218	13.451
1295.380	13.449
1296.522	13.448
1297.640	13.448
1298.729	13.449
1299.783	13.451
1300.799	13.454
1301.774	13.459
1302.707	13.466
1303.598	13.474
1304.445	13.484
1305.251	13.496
1306.018	13.509
1306.747	13.523
1307.441	13.539
1308.102	13.557
1308.733	13.575
1309.337	13.595
1309.916	13.616
1310.472	13.637
1311.009	13.660
1311.528	13.683
1312.031	13.707
1312.521	13.731
1313.000	13.757
1313.469	13.782
1313.933	13.808
1314.392	13.834
1314.849	13.861
1315.309	13.887
1315.772	13.913
1316.244	13.939
1316.727	13.965
1317.225	13.990
1317.742	14.015
1318.284	14.039
1318.853	14.061
1319.455	14.083
1320.094	14.103
1320.774	14.121
1321.499	14.138
1322.272	14.152
1323.098	14.165
1323.977	14.175
1324.911	14.183
1325.902	14.188
1326.950	14.191
1328.054	14.192
1329.214	14.191
1330.431	14.187
1331.703	14.181
1333.030	14.172
1334.410	14.162
1335.840	14.149
1337.315	14.134
1338.828	14.118
1340.367	14.101
1341.917	14.083
1343.460	14.065
1344.974	14.048
1346.440	14.033
1347.836	14.020
1349.145	14.011
1350.353	14.006
1351.453	14.005
1352.440	14.008
1353.315	14.016
1354.083	14.028
1354.752	14.045
1355.331	14.065
1355.830	14.088
1356.258	14.115
1356.627	14.144
1356.945	14.176
1357.220	14.209
1357.460	14.245
1357.672	14.281
1357.862	14.319
1358.035	14.358
1358.195	14.397
1358.347	14.437
1358.494	14.477
1358.640	14.518
1358.789	14.559
1358.945	14.600
1359.112	14.640
1359.294	14.680
1359.498	14.720
1359.729	14.758
1359.996	14.795
1360.309	14.831
1360.680	14.864
1361.124	14.894
1361.659	14.920
1362.305	14.942
1363.085	14.958
1364.023	14.967
1365.143	14.969
1366.462	14.961
1367.988	14.944
1369.716	14.919
1371.617	14.885
1373.645	14.845
1375.734	14.801
1377.812	14.758
1379.806	14.717
1381.657	14.683
1383.326	14.656
1384.797	14.637
1386.074	14.627
1387.174	14.625
1388.128	14.629
1388.969	14.639
1389.742	14.652
1390.493	14.667
1391.281	14.681
1392.182	14.692
1393.299	14.695
1394.773	14.684
1396.795	14.654
1399.599	14.594
1403.431	14.495
1408.450	14.351
1414.584	14.164
1421.428	13.949
1428.299	13.732
1434.504	13.539
1439.609	13.386
1443.521	13.278
1446.385	13.209
1448.439	13.170
1449.914	13.153
1450.992	13.151
1451.804	13.159
1452.439	13.173
1452.955	13.192
1453.390	13.215
1453.768	13.239
1454.106	13.265
1454.415	13.292
1454.702	13.320
1454.973	13.349
1455.230	13.378
1455.478	13.408
1455.719	13.438
1455.954	13.468
1456.186	13.499
1456.417	13.530
1456.646	13.561
1456.878	13.592
1457.113	13.623
1457.353	13.654
1457.601	13.685
1457.860	13.716
1458.132	13.746
1458.423	13.776
1458.737	13.805
1459.081	13.834
1459.462	13.861
1459.890	13.886
1460.378	13.910
1460.941	13.931
1461.597	13.949
1462.368	13.963
1463.279	13.972
1464.360	13.976
1465.640	13.972
1467.148	13.960
1468.908	13.940
1470.933	13.909
1473.221	13.870
1475.746	13.822
1478.463	13.767
1481.305	13.707
1484.197	13.645
1487.062	13.584
1489.839	13.526
1492.483	13.473
1494.972	13.425
1497.305	13.383
1499.493	13.347
1501.557	13.314
1503.515	13.286
1505.389	13.261
1507.191	13.238
1508.930	13.218
1510.609	13.200
1512.228	13.183
1513.782	13.169
1515.265	13.157
1516.672	13.147
1517.997	13.140
1519.236	13.136
1520.387	13.134
1521.450	13.135
1522.427	13.139
1523.320	13.145
1524.134	13.154
1524.873	13.166
1525.542	13.179
1526.148	13.195
1526.696	13.213
1527.191	13.232
1527.638	13.254
1528.043	13.276
1528.410	13.300
1528.744	13.325
1529.048	13.351
1529.327	13.378
1529.583	13.406
1529.820	13.435
1530.041	13.464
1530.248	13.494
1530.445	13.525
1530.632	13.556
1530.814	13.587
1530.991	13.618
1531.167	13.650
1531.343	13.682
1531.521	13.714
1531.703	13.746
1531.892	13.777
1532.090	13.809
1532.300	13.841
1532.523	13.872
1532.763	13.902
1533.022	13.932
1533.305	13.962
1533.614	13.990
1533.952	14.018
1534.325	14.045
1534.736	14.070
1535.190	14.094
1535.692	14.116
1536.247	14.137
1536.861	14.155
1537.540	14.172
1538.290	14.185
1539.119	14.196
1540.034	14.204
1541.046	14.209
1542.165	14.210
1543.406	14.206
1544.790	14.198
1546.343	14.184
1548.099	14.163
1550.109	14.134
1552.439	14.095
1555.175	14.043
1558.421	13.975
1562.288	13.888
1566.866	13.779
1572.184	13.648
1578.154	13.497
1584.542	13.334
1590.992	13.170
1597.111	13.016
1602.574	12.882
1607.196	12.774
1610.939	12.693
1613.876	12.635
1616.133	12.599
1617.848	12.578
1619.149	12.570
1620.140	12.572
1620.905	12.580
1621.506	12.593
1621.991	12.610
1622.394	12.630
1622.742	12.651
1623.054	12.673
1623.347	12.696
1623.634	12.720
1623.929	12.743
1624.244	12.767
1624.592	12.789
1624.990	12.810
1625.456	12.830
1626.014	12.847
1626.692	12.862
1627.525	12.872
1628.552	12.877
1629.820	12.876
1631.375	12.867
1633.263	12.850
1635.516	12.822
1638.147	12.785
1641.133	12.737
1644.410	12.681
1647.872	12.620
1651.384	12.556
1654.800	12.495
1657.989	12.439
1660.854	12.391
1663.341	12.353
1665.438	12.325
1667.166	12.307
1668.563	12.298
1669.680	12.296
1670.565	12.301
1671.266	12.310
1671.822	12.324
1672.267	12.341
1672.626	12.360
1672.922	12.381
1673.169	12.404
1673.382	12.428
1673.569	12.452
1673.739	12.477
1673.895	12.502
1674.044	12.528
1674.188	12.554
1674.330	12.581
1674.473	12.607
1674.618	12.633
1674.766	12.660
1674.920	12.686
1675.081	12.712
1675.251	12.738
1675.430	12.764
1675.620	12.790
1675.823	12.816
1676.040	12.841
1676.273	12.866
1676.524	12.890
1676.794	12.914
1677.086	12.938
1677.402	12.961
1677.744	12.983
1678.113	13.005
1678.512	13.026
1678.943	13.046
1679.407	13.065
1679.906	13.083
1680.441	13.100
1681.012	13.116
1681.620	13.132
1682.263	13.146
1682.941	13.159
1683.650	13.171
1684.388	13.183
1685.151	13.193
1685.935	13.203
1686.734	13.213
1687.542	13.222
1688.355	13.231
1689.167	13.240
1689.973	13.249
1690.769	13.259
1691.552	13.269
1692.321	13.279
1693.074	13.289
1693.814	13.301
1694.544	13.312
1695.271	13.323
1696.001	13.335
1696.746	13.346
1697.521	13.357
1698.343	13.366
1699.232	13.374
1700.214	13.379
1701.316	13.381
1702.571	13.379
1704.010	13.372
1705.663	13.359
1707.555	13.339
1709.698	13.312
1712.085	13.278
1714.689	13.238
1717.458	13.193
1720.316	13.144
1723.175	13.096
1725.946	13.049
1728.547	13.007
1730.918	12.971
1733.025	12.942
1734.854	12.921
1736.415	12.907
1737.728	12.900
1738.822	12.899
1739.729	12.903
1740.479	12.912
1741.102	12.925
1741.621	12.940
1742.058	12.958
1742.429	12.978
1742.748	13.000
1743.026	13.022
1743.271	13.046
1743.491	13.071
1743.691	13.096
1743.875	13.122
1744.045	13.148
1744.205	13.175
1744.357	13.202
1744.502	13.229
1744.641	13.257
1744.776	13.284
1744.907	13.312
1745.035	13.341
1745.160	13.369
1745.283	13.398
1745.405	13.426
1745.525	13.455
1745.645	13.484
1745.765	13.513
1745.885	13.542
1746.007	13.572
1746.130	13.601
1746.256	13.630
1746.387	13.660
1746.524	13.689
1746.668	13.718
1746.824	13.747
1746.994	13.776
1747.183	13.804
1747.397	13.832
1747.646	13.859
1747.939	13.884
1748.292	13.908
1748.723	13.930
1749.255	13.949
1749.921	13.965
1750.757	13.975
1751.809	13.979
1753.130	13.976
1754.776	13.963
1756.800	13.939
1759.240	13.902
1762.110	13.853
1765.380	13.792
1768.971	13.721
1772.760	13.643
1776.593	13.564
1780.317	13.488
1783.809	13.418
1786.990	13.358
1789.835	13.307
1792.362	13.265
1794.617	13.232
1796.662	13.206
1798.561	13.184
1800.376	13.165
1802.160	13.147
1803.958	13.130
1805.807	13.111
1807.732	13.091
1809.751	13.068
1811.872	13.043
1814.095	13.016
1816.410	12.986
1818.799	12.954
1821.238	12.921
1823.699	12.887
1826.147	12.854
1828.550	12.821
1830.876	12.791
1833.099	12.763
1835.196	12.738
1837.153	12.716
1838.961	12.699
1840.617	12.685
1842.124	12.674
1843.486	12.668
1844.714	12.664
1845.818	12.664
1846.808	12.667
1847.696	12.672
1848.495	12.680
1849.213	12.689
1849.861	12.700
1850.447	12.713
1850.980	12.728
1851.467	12.743
1851.913	12.760
1852.324	12.777
1852.704	12.796
1853.059	12.815
1853.390	12.834
