<j>	<F>
1.207	20.459
2.669	13.506
3.642	16.998
5.367	10.574
6.327	11.164
7.167	12.766
8.370	13.761
9.553	11.907
10.185	14.099
11.122	16.228
12.805	13.754
14.374	12.430
16.101	10.997
17.221	10.643
18.026	11.220
18.709	12.129
19.375	13.276
20.174	14.248
21.054	14.808
21.934	15.657
23.574	14.994
25.529	12.772
26.470	12.600
26.985	13.625
27.538	14.907
28.504	15.626
30.173	14.678
31.633	13.663
32.564	13.868
33.639	14.131
35.026	13.736
36.157	13.494
36.940	13.891
37.690	14.455
38.514	14.924
39.430	15.255
40.409	15.422
41.279	15.694
42.064	16.220
43.093	16.485
44.545	15.996
46.051	15.290
47.343	14.960
48.589	14.766
49.765	14.608
50.743	14.683
51.609	14.948
52.499	15.215
53.438	15.405
54.367	15.587
55.303	15.792
56.351	15.875
57.465	15.819
58.488	15.858
59.578	15.937
61.150	15.577
63.165	14.661
64.833	13.981
65.942	13.878
66.864	14.034
67.900	14.148
69.132	14.084
70.381	13.940
71.407	13.938
72.215	14.136
72.985	14.422
73.948	14.615
75.349	14.511
77.299	13.993
79.404	13.294
81.021	12.862
82.011	12.835
82.616	13.089
83.068	13.482
83.501	13.928
84.004	14.363
84.659	14.725
85.563	14.933
86.831	14.896
88.491	14.574
90.311	14.100
91.871	13.751
93.010	13.666
93.884	13.775
94.707	13.952
95.651	14.085
96.819	14.096
98.191	13.972
99.591	13.797
100.814	13.695
101.786	13.730
102.569	13.881
103.274	14.097
104.020	14.317
104.976	14.459
106.420	14.387
108.691	13.938
111.744	13.119
114.716	12.309
116.906	11.828
118.380	11.651
119.431	11.647
120.239	11.738
120.899	11.887
121.462	12.078
121.981	12.294
122.497	12.523
123.050	12.748
123.673	12.955
124.390	13.132
125.215	13.266
126.138	13.360
127.140	13.417
128.185	13.451
129.226	13.479
130.227	13.519
131.162	13.583
132.034	13.674
132.867	13.787
133.715	13.899
134.591	14.002
135.513	14.083
136.436	14.159
137.345	14.239
138.247	14.328
139.220	14.398
140.342	14.415
141.655	14.350
143.083	14.222
144.445	14.102
145.624	14.048
146.599	14.078
147.445	14.167
148.222	14.290
148.959	14.430
149.659	14.586
150.312	14.762
150.922	14.961
151.523	15.173
152.187	15.372
153.021	15.516
154.191	15.531
155.846	15.348
157.941	14.970
160.117	14.532
161.940	14.217
163.317	14.081
164.460	14.060
165.649	14.053
167.132	13.968
168.946	13.771
170.897	13.505
172.587	13.294
173.814	13.216
174.618	13.273
175.149	13.426
175.540	13.634
175.873	13.873
176.200	14.124
176.552	14.378
176.973	14.619
177.515	14.829
178.243	14.984
179.236	15.050
180.517	15.011
181.983	14.890
183.442	14.752
184.708	14.670
185.730	14.675
186.617	14.738
187.509	14.813
188.525	14.859
189.773	14.832
191.238	14.729
192.800	14.583
194.304	14.445
195.646	14.355
196.827	14.321
197.946	14.315
199.089	14.310
200.324	14.282
201.676	14.221
203.116	14.133
204.573	14.034
205.978	13.946
207.260	13.887
208.373	13.872
209.346	13.898
210.240	13.954
211.184	14.011
212.421	14.018
214.317	13.888
217.208	13.540
220.946	12.989
224.637	12.423
227.376	12.046
229.108	11.883
230.185	11.865
230.916	11.923
231.477	12.020
231.959	12.136
232.389	12.265
232.772	12.406
233.130	12.554
233.463	12.711
233.776	12.875
234.077	13.045
234.372	13.221
234.671	13.401
235.008	13.579
235.411	13.749
235.935	13.898
236.674	14.007
237.762	14.046
239.354	13.977
241.547	13.778
244.256	13.461
247.122	13.100
249.693	12.793
251.740	12.590
253.262	12.492
254.383	12.474
255.219	12.512
255.875	12.587
256.402	12.690
256.845	12.812
257.250	12.945
257.643	13.084
258.046	13.225
258.483	13.364
258.992	13.492
259.605	13.603
260.349	13.690
261.260	13.744
262.325	13.764
263.508	13.755
264.714	13.735
265.854	13.722
266.845	13.736
267.660	13.785
268.314	13.869
268.854	13.981
269.326	14.112
269.787	14.251
270.291	14.387
270.915	14.504
271.739	14.582
272.862	14.602
274.386	14.538
276.339	14.381
278.606	14.152
280.922	13.903
283.008	13.696
284.746	13.558
286.153	13.488
287.337	13.466
288.400	13.471
289.427	13.488
290.475	13.503
291.556	13.514
292.720	13.511
293.964	13.493
295.276	13.463
296.630	13.424
297.956	13.386
299.238	13.354
300.422	13.337
301.496	13.339
302.447	13.363
303.337	13.399
304.198	13.443
305.086	13.486
306.047	13.518
307.105	13.535
308.267	13.535
309.536	13.514
310.863	13.481
312.192	13.444
313.429	13.419
314.561	13.410
315.555	13.423
316.410	13.459
317.153	13.515
317.788	13.591
318.351	13.680
318.874	13.779
319.389	13.882
319.927	13.985
320.528	14.079
321.238	14.158
322.119	14.210
323.236	14.223
324.605	14.190
326.204	14.114
327.881	14.017
329.506	13.921
330.931	13.855
332.086	13.833
332.974	13.857
333.657	13.919
334.199	14.008
334.659	14.115
335.085	14.231
335.510	14.351
335.961	14.468
336.460	14.579
337.020	14.682
337.676	14.769
338.458	14.835
339.395	14.874
340.516	14.881
341.853	14.849
343.439	14.773
345.263	14.654
347.264	14.502
349.290	14.343
351.229	14.196
352.940	14.085
354.408	14.016
355.669	13.982
356.750	13.979
357.715	13.997
358.607	14.028
359.458	14.067
360.289	14.111
361.143	14.153
362.031	14.190
362.996	14.218
364.081	14.228
365.318	14.216
366.725	14.178
368.296	14.112
369.957	14.029
371.610	13.944
373.138	13.874
374.483	13.830
375.633	13.816
376.622	13.828
377.498	13.858
378.337	13.897
379.171	13.940
380.058	13.976
381.039	14.000
382.130	14.009
383.355	13.998
384.687	13.971
386.102	13.930
387.571	13.880
389.052	13.827
390.490	13.780
391.891	13.739
393.285	13.701
394.739	13.662
396.430	13.601
398.607	13.491
401.557	13.298
405.456	13.000
410.005	12.625
414.456	12.253
418.071	11.966
420.631	11.793
422.296	11.718
423.373	11.709
424.097	11.741
424.635	11.794
425.086	11.858
425.498	11.928
425.898	12.001
426.298	12.074
426.694	12.149
427.095	12.224
427.513	12.298
427.949	12.371
428.396	12.444
428.847	12.516
429.316	12.588
429.809	12.657
430.315	12.725
430.833	12.793
431.346	12.861
431.858	12.930
432.369	12.999
432.870	13.070
433.403	13.137
433.913	13.208
434.408	13.280
434.889	13.355
435.369	13.431
435.855	13.507
436.340	13.584
436.852	13.659
437.391	13.732
437.982	13.799
438.632	13.861
439.373	13.912
440.222	13.950
441.201	13.972
442.339	13.975
443.610	13.960
444.985	13.931
446.454	13.891
448.011	13.839
449.654	13.778
451.399	13.708
453.311	13.621
455.397	13.517
457.691	13.391
460.093	13.254
462.524	13.111
464.819	12.982
466.870	12.877
468.622	12.804
470.078	12.762
471.283	12.747
472.313	12.752
473.237	12.770
474.105	12.796
474.958	12.824
475.845	12.851
476.802	12.872
477.867	12.883
479.085	12.881
480.485	12.862
482.093	12.823
483.882	12.766
485.842	12.693
487.893	12.610
489.986	12.522
492.054	12.437
494.090	12.356
496.073	12.282
498.039	12.213
500.046	12.143
502.143	12.068
504.347	11.987
506.687	11.896
509.133	11.797
511.607	11.696
514.029	11.599
516.317	11.511
518.410	11.438
520.256	11.383
521.851	11.347
523.238	11.325
524.428	11.319
525.426	11.326
526.268	11.345
526.992	11.373
527.603	11.410
528.118	11.454
528.561	11.503
528.941	11.559
529.291	11.617
529.598	11.678
529.874	11.743
530.127	11.811
530.364	11.880
530.594	11.951
530.818	12.023
531.042	12.096
531.268	12.170
531.499	12.244
531.738	12.318
531.990	12.392
532.258	12.466
532.554	12.538
532.876	12.609
533.235	12.677
533.635	12.743
534.086	12.805
534.597	12.862
535.183	12.913
535.854	12.957
536.617	12.994
537.463	13.023
538.428	13.042
539.536	13.049
540.799	13.042
542.227	13.021
543.822	12.984
545.574	12.934
547.442	12.874
549.375	12.807
551.355	12.737
553.331	12.666
555.264	12.598
557.111	12.538
558.848	12.487
560.478	12.445
562.012	12.412
563.452	12.387
564.821	12.368
566.154	12.353
567.466	12.340
568.759	12.328
570.031	12.318
571.268	12.310
572.460	12.305
573.617	12.303
574.697	12.306
575.687	12.315
576.603	12.331
577.443	12.351
578.211	12.378
578.908	12.410
579.535	12.448
580.111	12.490
580.655	12.535
581.163	12.584
581.635	12.635
582.076	12.690
582.500	12.746
582.907	12.804
583.308	12.863
583.691	12.924
584.060	12.987
584.413	13.051
584.749	13.117
585.071	13.185
585.378	13.255
585.676	13.327
585.962	13.399
586.241	13.474
586.511	13.549
586.775	13.626
587.034	13.705
587.289	13.784
587.537	13.865
587.774	13.948
588.017	14.031
588.268	14.114
588.534	14.197
588.818	14.278
589.130	14.359
589.481	14.436
589.875	14.510
590.326	14.579
590.860	14.641
591.519	14.691
592.333	14.726
593.361	14.741
594.674	14.729
596.393	14.681
598.712	14.579
601.927	14.402
606.374	14.125
612.356	13.731
619.584	13.249
627.274	12.743
634.327	12.298
639.988	11.965
644.225	11.741
647.330	11.602
649.685	11.517
651.509	11.469
652.979	11.445
654.207	11.437
655.244	11.441
656.166	11.453
656.963	11.472
657.670	11.496
658.298	11.526
658.851	11.560
659.360	11.597
659.814	11.637
660.224	11.681
660.606	11.726
660.953	11.774
661.281	11.824
661.592	11.875
661.889	11.928
662.178	11.981
662.463	12.036
662.748	12.090
663.042	12.145
663.340	12.200
663.648	12.254
663.979	12.308
664.328	12.361
664.697	12.413
665.102	12.463
665.526	12.512
665.989	12.559
666.483	12.604
667.029	12.646
667.611	12.685
668.213	12.723
668.853	12.759
669.545	12.791
670.271	12.820
671.021	12.848
671.784	12.875
672.583	12.899
673.373	12.924
674.172	12.948
674.971	12.971
675.779	12.994
676.569	13.018
677.359	13.043
678.121	13.069
678.865	13.096
679.593	13.125
680.323	13.153
681.022	13.184
681.686	13.217
682.321	13.253
682.957	13.289
683.558	13.327
684.123	13.368
684.668	13.411
685.197	13.455
685.711	13.501
686.207	13.548
686.680	13.597
687.138	13.648
687.587	13.700
688.043	13.752
688.505	13.804
688.985	13.855
689.483	13.905
690.014	13.953
690.595	13.998
691.236	14.038
691.952	14.072
692.741	14.100
693.615	14.122
694.567	14.137
695.593	14.145
696.669	14.149
697.770	14.149
698.872	14.149
699.938	14.151
700.948	14.158
701.881	14.170
702.727	14.189
703.487	14.215
704.174	14.248
704.807	14.286
705.399	14.328
705.968	14.372
706.531	14.417
707.112	14.462
707.730	14.505
708.412	14.543
709.194	14.573
710.115	14.593
711.226	14.597
712.569	14.584
714.189	14.547
716.124	14.486
718.401	14.396
720.961	14.283
723.708	14.156
726.532	14.021
729.309	13.891
731.917	13.774
734.295	13.675
736.425	13.596
738.318	13.535
740.002	13.490
741.512	13.459
742.864	13.440
744.090	13.430
745.233	13.426
746.288	13.429
747.278	13.437
748.239	13.447
749.169	13.460
750.066	13.475
750.967	13.490
751.867	13.506
752.763	13.521
753.665	13.537
754.601	13.550
755.529	13.563
756.464	13.576
757.413	13.588
758.353	13.601
759.277	13.614
760.229	13.627
761.252	13.635
762.394	13.638
763.786	13.627
765.662	13.589
768.365	13.505
772.247	13.354
777.724	13.111
784.567	12.787
791.995	12.426
798.684	12.103
803.862	11.864
807.348	11.719
809.563	11.647
810.898	11.626
811.710	11.635
812.211	11.662
812.539	11.700
812.772	11.744
812.943	11.791
813.092	11.840
813.207	11.892
813.323	11.944
813.422	11.997
813.522	12.050
813.617	12.105
813.701	12.160
813.790	12.215
813.874	12.272
813.969	12.328
814.057	12.385
814.139	12.442
814.229	12.500
814.318	12.558
814.415	12.617
814.511	12.676
814.608	12.735
814.715	12.794
814.823	12.854
814.937	12.914
815.060	12.973
815.192	13.033
815.333	13.093
815.479	13.152
815.643	13.212
815.821	13.270
816.007	13.329
816.212	13.387
816.441	13.444
816.687	13.500
816.945	13.556
817.227	13.611
817.540	13.664
817.884	13.716
818.228	13.767
818.601	13.817
819.020	13.865
819.455	13.911
819.908	13.956
820.388	14.000
820.894	14.042
821.428	14.082
821.985	14.121
822.594	14.157
823.221	14.192
823.883	14.224
824.604	14.252
825.401	14.276
826.260	14.295
827.207	14.308
828.261	14.314
829.394	14.314
830.610	14.308
831.911	14.296
833.268	14.279
834.674	14.259
836.130	14.234
837.579	14.210
838.998	14.189
840.411	14.167
841.812	14.147
843.216	14.127
844.663	14.105
846.153	14.081
847.724	14.052
849.358	14.018
851.075	13.980
852.878	13.936
854.748	13.889
856.695	13.837
858.712	13.781
860.838	13.719
863.039	13.654
865.393	13.581
867.820	13.504
870.432	13.417
873.071	13.328
875.698	13.240
878.201	13.159
880.498	13.089
882.606	13.030
884.428	12.987
885.994	12.958
887.309	12.944
888.418	12.941
889.353	12.949
890.167	12.964
890.875	12.986
891.538	13.010
892.146	13.038
892.706	13.068
893.242	13.100
893.752	13.134
894.246	13.169
894.733	13.205
895.225	13.240
895.689	13.277
896.142	13.315
896.601	13.353
897.040	13.392
897.481	13.431
897.923	13.470
898.360	13.510
898.799	13.550
899.251	13.589
899.713	13.629
900.202	13.666
900.706	13.704
901.240	13.739
901.844	13.771
902.476	13.801
903.172	13.828
903.940	13.850
904.745	13.870
905.648	13.885
906.612	13.895
907.637	13.901
908.708	13.904
909.771	13.908
910.852	13.909
911.962	13.909
913.006	13.912
913.986	13.919
914.926	13.928
915.805	13.941
916.648	13.957
917.428	13.976
918.167	13.999
918.921	14.021
919.699	14.042
920.540	14.060
921.479	14.073
922.568	14.078
923.886	14.070
925.474	14.047
927.367	14.006
929.637	13.943
932.275	13.860
935.229	13.757
938.382	13.644
941.679	13.522
944.934	13.403
948.043	13.293
950.949	13.195
953.698	13.108
956.236	13.032
958.586	12.967
960.765	12.912
962.774	12.866
964.653	12.826
966.346	12.797
967.911	12.773
969.321	12.758
970.595	12.749
971.744	12.746
972.769	12.749
973.703	12.757
974.553	12.770
975.318	12.786
976.037	12.805
976.680	12.828
977.286	12.853
977.831	12.881
978.363	12.910
978.854	12.941
979.328	12.973
979.768	13.007
980.212	13.040
980.631	13.076
981.048	13.111
981.436	13.148
981.838	13.185
982.225	13.223
982.624	13.260
983.000	13.299
983.389	13.337
983.792	13.375
984.216	13.411
984.664	13.447
985.113	13.483
985.599	13.518
986.127	13.550
986.703	13.580
987.316	13.608
988.047	13.631
988.830	13.650
989.731	13.664
990.724	13.673
991.842	13.675
993.065	13.671
994.463	13.658
995.882	13.644
997.482	13.620
999.142	13.592
1000.796	13.564
1002.502	13.534
1004.216	13.503
1005.924	13.473
1007.667	13.441
1009.492	13.407
1011.410	13.369
1013.471	13.324
1015.729	13.271
1018.195	13.209
1020.853	13.137
1023.612	13.060
1026.410	12.980
1029.058	12.907
1031.571	12.839
1033.695	12.789
1035.595	12.749
1037.070	12.728
1038.322	12.718
1039.265	12.723
1040.031	12.737
1040.604	12.760
1041.076	12.788
1041.431	12.822
1041.738	12.858
1041.981	12.898
1042.199	12.940
1042.389	12.983
1042.566	13.028
1042.737	13.072
1042.894	13.118
1043.062	13.164
1043.223	13.210
1043.407	13.256
1043.594	13.302
1043.808	13.347
1044.040	13.391
1044.301	13.434
1044.600	13.475
1044.914	13.517
1045.292	13.555
1045.720	13.591
1046.226	13.623
1046.828	13.651
1047.502	13.676
1048.321	13.693
1049.238	13.706
1050.336	13.710
1051.612	13.704
1053.006	13.693
1054.595	13.671
1056.264	13.645
1058.051	13.612
1059.879	13.577
1061.643	13.544
1063.351	13.513
1064.932	13.488
1066.354	13.470
1067.611	13.461
1068.699	13.460
1069.633	13.466
1070.422	13.480
1071.116	13.499
1071.690	13.525
1072.197	13.554
1072.643	13.586
1073.041	13.621
1073.418	13.657
1073.778	13.695
1074.150	13.733
1074.533	13.770
1074.951	13.807
1075.431	13.840
1075.985	13.870
1076.655	13.895
1077.467	13.913
1078.450	13.923
1079.669	13.922
1081.104	13.910
1082.793	13.884
1084.769	13.845
1086.918	13.795
1089.276	13.735
1091.590	13.675
1093.877	13.616
1095.983	13.565
1097.880	13.524
1099.490	13.496
1100.883	13.479
1102.018	13.475
1102.978	13.480
1103.806	13.492
1104.519	13.510
1105.203	13.530
1105.841	13.553
1106.506	13.575
1107.201	13.596
1107.955	13.615
1108.793	13.629
1109.671	13.642
1110.657	13.650
1111.719	13.654
1112.867	13.654
1114.094	13.649
1115.341	13.643
1116.650	13.634
1117.866	13.629
1119.081	13.623
1120.204	13.622
1121.284	13.623
1122.280	13.627
1123.185	13.636
1124.007	13.649
1124.771	13.664
1125.473	13.684
1126.159	13.703
1126.789	13.726
1127.412	13.750
1128.019	13.774
1128.645	13.798
1129.268	13.822
1129.936	13.844
1130.598	13.867
1131.330	13.886
1132.035	13.906
1132.788	13.924
1133.512	13.943
1134.265	13.961
1135.037	13.977
1135.774	13.996
1136.564	14.011
1137.245	14.032
1137.988	14.050
1138.674	14.071
1139.387	14.091
1140.075	14.112
1140.752	14.134
1141.443	14.155
1142.156	14.175
1142.888	14.194
1143.680	14.211
1144.499	14.227
1145.415	14.238
1146.388	14.246
1147.466	14.249
1148.658	14.246
1149.909	14.240
1151.326	14.226
1152.735	14.212
1154.303	14.189
1155.809	14.170
1157.377	14.147
1158.889	14.126
1160.362	14.107
1161.756	14.091
1163.051	14.081
1164.236	14.075
1165.354	14.073
1166.353	14.077
1167.323	14.083
1168.190	14.094
1169.056	14.105
1169.865	14.120
1170.722	14.133
1171.625	14.145
1172.700	14.150
1174.078	14.143
1175.976	14.115
1178.805	14.051
1183.086	13.928
1189.307	13.726
1197.833	13.431
1207.710	13.080
1217.523	12.728
1225.844	12.435
1231.885	12.232
1235.864	12.111
1238.406	12.048
1239.943	12.025
1240.902	12.026
1241.538	12.040
1241.972	12.062
1242.313	12.089
1242.581	12.118
1242.818	12.149
1243.036	12.180
1243.233	12.213
1243.429	12.246
1243.607	12.279
1243.786	12.313
1243.969	12.347
1244.143	12.381
1244.330	12.415
1244.501	12.449
1244.676	12.484
1244.852	12.519
1245.026	12.554
1245.221	12.589
1245.398	12.624
1245.587	12.659
1245.774	12.694
1245.962	12.730
1246.165	12.765
1246.356	12.800
1246.559	12.835
1246.765	12.871
1246.968	12.906
1247.192	12.942
1247.388	12.978
1247.619	13.013
1247.846	13.048
1248.059	13.084
1248.298	13.119
1248.507	13.156
1248.758	13.191
1248.973	13.228
1249.232	13.263
1249.463	13.299
1249.714	13.334
1249.973	13.370
1250.219	13.406
1250.496	13.441
1250.746	13.478
1251.040	13.512
1251.312	13.548
1251.624	13.582
1251.920	13.617
1252.267	13.651
1252.603	13.684
1252.990	13.716
1253.388	13.748
1253.830	13.777
1254.310	13.806
1254.825	13.832
1255.401	13.857
1256.011	13.880
1256.714	13.899
1257.433	13.917
1258.253	13.931
1259.106	13.943
1260.042	13.951
1260.990	13.959
1262.010	13.964
1263.026	13.968
1264.079	13.971
1265.112	13.974
1266.154	13.977
1267.154	13.982
1268.156	13.986
1269.097	13.993
1270.044	14.000
1270.953	14.009
1271.887	14.017
1272.813	14.026
1273.847	14.030
1274.990	14.031
1276.354	14.024
1278.016	14.004
1280.069	13.969
1282.570	13.916
1285.650	13.839
1289.154	13.745
1293.157	13.629
1297.292	13.507
1301.337	13.388
1305.122	13.278
1308.330	13.191
1311.026	13.124
1313.176	13.079
1314.831	13.054
1316.188	13.041
1317.224	13.041
1318.048	13.050
1318.742	13.065
1319.287	13.085
1319.820	13.107
1320.243	13.133
1320.640	13.159
1321.015	13.187
1321.333	13.218
1321.667	13.248
1321.951	13.280
1322.248	13.311
1322.520	13.344
1322.770	13.378
1323.015	13.412
1323.244	13.446
1323.469	13.482
1323.680	13.517
1323.884	13.554
1324.083	13.590
1324.270	13.628
1324.454	13.665
1324.636	13.703
1324.817	13.741
1324.992	13.780
1325.168	13.819
1325.345	13.858
1325.523	13.897
1325.699	13.936
1325.878	13.975
1326.068	14.014
1326.259	14.054
1326.462	14.093
1326.678	14.131
1326.914	14.170
1327.165	14.207
1327.446	14.244
1327.755	14.279
1328.112	14.313
1328.510	14.345
1328.984	14.374
1329.519	14.401
1330.164	14.423
1330.912	14.440
1331.823	14.451
1332.874	14.456
1334.143	14.451
1335.630	14.438
1337.372	14.413
1339.395	14.376
1341.718	14.327
1344.329	14.265
1347.266	14.190
1350.425	14.106
1353.845	14.012
1357.408	13.913
1361.078	13.810
1364.756	13.707
1368.314	13.610
1371.658	13.521
1374.777	13.442
1377.540	13.376
1380.037	13.321
1382.209	13.279
1384.077	13.248
1385.733	13.226
1387.159	13.213
1388.480	13.205
1389.685	13.201
1390.856	13.199
1392.001	13.198
1393.193	13.196
1394.390	13.195
1395.644	13.191
1396.971	13.184
1398.341	13.176
1399.764	13.167
1401.242	13.155
1402.802	13.140
1404.303	13.127
1405.862	13.111
1407.361	13.098
1408.800	13.087
1410.251	13.075
1411.588	13.067
1412.966	13.058
1414.247	13.052
1415.550	13.046
1416.780	13.043
1418.028	13.038
1419.303	13.034
1420.506	13.031
1421.814	13.025
1423.075	13.021
1424.324	13.017
1425.628	13.011
1426.894	13.006
1428.101	13.003
1429.321	13.000
1430.486	12.998
1431.523	13.000
1432.589	13.001
1433.511	13.007
1434.348	13.016
1435.156	13.026
1435.775	13.043
1436.414	13.058
1436.950	13.078
1437.404	13.100
1437.849	13.123
1438.197	13.149
1438.516	13.177
1438.799	13.206
1439.023	13.237
1439.250	13.268
1439.452	13.300
1439.621	13.334
1439.793	13.367
1439.934	13.402
1440.075	13.438
1440.221	13.473
1440.355	13.509
1440.501	13.544
1440.649	13.580
1440.801	13.616
1440.980	13.651
1441.170	13.686
1441.389	13.720
1441.646	13.752
1441.940	13.784
1442.318	13.813
1442.747	13.840
1443.280	13.864
1443.949	13.882
1444.760	13.896
1445.786	13.902
1447.040	13.900
1448.618	13.886
1450.431	13.864
1452.718	13.824
1455.269	13.774
1458.121	13.713
1461.329	13.639
1464.493	13.565
1467.724	13.488
1470.819	13.416
1473.592	13.355
1476.059	13.304
1478.217	13.265
1479.967	13.240
1481.486	13.223
1482.730	13.216
1483.745	13.218
1484.675	13.223
1485.469	13.233
1486.160	13.247
1486.851	13.262
1487.515	13.278
1488.220	13.293
1489.032	13.305
1489.963	13.314
1491.083	13.316
1492.495	13.311
1494.306	13.292
1496.550	13.260
1499.342	13.211
1502.629	13.146
1506.502	13.062
1510.680	12.967
1515.046	12.866
1519.474	12.761
1523.303	12.675
1526.755	12.599
1529.727	12.539
1532.015	12.499
1533.829	12.474
1535.267	12.462
1536.335	12.461
1537.127	12.469
1537.794	12.481
1538.292	12.498
1538.666	12.520
1539.012	12.542
1539.289	12.567
1539.504	12.594
1539.723	12.621
1539.918	12.649
1540.069	12.678
1540.236	12.707
1540.398	12.737
1540.517	12.767
1540.660	12.798
1540.802	12.828
1540.900	12.860
1541.032	12.891
1541.160	12.922
1541.246	12.954
1541.381	12.986
1541.499	13.018
1541.584	13.051
1541.718	13.082
1541.819	13.115
1541.906	13.149
1542.032	13.181
1542.121	13.215
1542.227	13.248
1542.353	13.281
1542.434	13.315
1542.561	13.348
1542.686	13.381
1542.778	13.416
1542.914	13.449
1543.036	13.483
1543.163	13.516
1543.316	13.549
1543.443	13.584
1543.599	13.617
1543.768	13.650
1543.935	13.683
1544.136	13.715
1544.334	13.747
1544.554	13.779
1544.790	13.810
1545.045	13.841
1545.341	13.871
1545.641	13.900
1545.997	13.928
1546.385	13.954
1546.805	13.980
1547.294	14.003
1547.839	14.025
1548.448	14.044
1549.172	14.060
1550.030	14.071
1551.132	14.074
1552.524	14.068
1554.287	14.050
1556.768	14.009
1560.045	13.944
1564.404	13.843
1570.265	13.695
1577.260	13.511
1585.064	13.300
1593.287	13.076
1600.670	12.876
1606.800	12.717
1611.644	12.597
1615.220	12.516
1617.756	12.469
1619.550	12.445
1620.897	12.435
1621.869	12.437
1622.636	12.446
1623.261	12.459
1623.786	12.475
1624.273	12.492
1624.702	12.512
1625.129	12.531
1625.539	12.552
1625.917	12.573
1626.336	12.593
1626.748	12.614
1627.143	12.635
1627.584	12.654
1628.042	12.674
1628.500	12.694
1629.017	12.712
1629.584	12.728
1630.160	12.745
1630.831	12.759
1631.622	12.770
1632.437	12.780
1633.374	12.787
1634.507	12.789
1635.719	12.788
1637.052	12.784
1638.652	12.773
1640.419	12.757
1642.283	12.738
1644.325	12.714
1646.530	12.685
1648.782	12.655
1651.057	12.624
1653.374	12.591
1655.654	12.559
1657.816	12.530
1659.851	12.505
1661.805	12.482
1663.658	12.462
1665.368	12.446
1666.954	12.433
1668.547	12.421
1670.080	12.410
1671.513	12.403
1673.039	12.393
1674.664	12.381
1676.276	12.370
1677.954	12.357
1679.880	12.338
1681.900	12.317
1683.974	12.295
1686.252	12.267
1688.735	12.235
1691.295	12.200
1693.948	12.164
1696.674	12.125
1699.443	12.085
1702.226	12.045
1704.962	12.007
1707.562	11.971
1710.061	11.937
1712.445	11.907
1714.739	11.879
1716.748	11.857
1718.595	11.840
1720.395	11.824
1722.020	11.811
1723.384	11.805
1724.671	11.801
1725.926	11.798
1727.001	11.799
1727.923	11.804
1728.788	11.810
1729.626	11.816
1730.337	11.826
1730.958	11.838
1731.545	11.851
1732.121	11.864
1732.598	11.879
1733.015	11.896
1733.423	11.914
1733.825	11.931
1734.166	11.950
1734.466	11.970
1734.764	11.990
1735.047	12.011
1735.292	12.032
1735.499	12.055
1735.744	12.076
1735.966	12.099
1736.154	12.122
1736.336	12.145
1736.530	12.169
1736.706	12.193
1736.854	12.217
1737.016	12.241
1737.186	12.266
1737.337	12.290
1737.467	12.316
1737.623	12.341
1737.778	12.366
1737.913	12.391
1738.047	12.417
1738.198	12.442
1738.342	12.468
1738.464	12.494
1738.613	12.520
1738.772	12.545
1738.919	12.571
1739.049	12.597
1739.210	12.623
1739.377	12.649
1739.525	12.675
1739.701	12.701
1739.890	12.726
1740.064	12.752
1740.259	12.777
1740.482	12.802
1740.715	12.827
1740.948	12.852
1741.228	12.875
1741.530	12.898
1741.826	12.921
1742.198	12.943
1742.608	12.963
1743.010	12.984
1743.505	13.002
1744.094	13.018
1744.681	13.034
1745.326	13.048
1746.128	13.058
1746.963	13.067
1747.817	13.076
1748.865	13.079
1750.014	13.079
1751.113	13.081
1752.368	13.078
1753.742	13.072
1755.039	13.067
1756.430	13.060
1757.885	13.051
1759.263	13.044
1760.631	13.037
1761.979	13.031
1763.243	13.027
1764.464	13.023
1765.619	13.022
1766.658	13.024
1767.664	13.026
1768.579	13.032
1769.401	13.040
1770.211	13.048
1770.959	13.058
1771.638	13.070
1772.329	13.082
1772.987	13.095
1773.621	13.109
1774.264	13.122
1774.921	13.136
1775.614	13.148
1776.313	13.160
1777.057	13.172
1777.899	13.180
1778.760	13.188
1779.693	13.195
1780.743	13.198
1781.848	13.199
1783.049	13.198
1784.359	13.194
1785.772	13.187
1787.247	13.178
1788.780	13.167
1790.385	13.154
1792.040	13.140
1793.723	13.125
1795.372	13.111
1797.078	13.095
1798.730	13.080
1800.292	13.068
1801.903	13.055
1803.472	13.042
1805.008	13.031
1806.527	13.021
1808.026	13.011
1809.629	12.999
1811.227	12.987
1812.768	12.976
1814.474	12.961
1816.325	12.943
1818.027	12.928
1819.800	12.912
1821.800	12.889
1823.651	12.871
1825.429	12.854
1827.214	12.836
1829.030	12.818
1830.690	12.803
1832.181	12.793
1833.545	12.786
1834.898	12.779
1836.033	12.778
1836.926	12.783
1837.888	12.786
1838.720	12.793
1839.325	12.806
1839.902	12.819
1840.469	12.833
1840.885	12.851
1841.224	12.871
1841.583	12.891
1841.888	12.912
1842.122	12.935
1842.339	12.959
1842.558	12.982
1842.735	13.007
1842.866	13.034
1843.025	13.059
1843.181	13.085
1843.295	13.112
1843.395	13.140
1843.526	13.166
1843.629	13.194
1843.703	13.223
1843.820	13.250
1843.924	13.278
1843.984	13.307
1844.080	13.336
1844.190	13.364
1844.259	13.393
1844.336	13.423
1844.442	13.451
1844.518	13.481
1844.586	13.511
1844.689	13.539
1844.774	13.569
1844.836	13.599
1844.938	13.629
1845.030	13.659
1845.092	13.689
1845.197	13.719
1845.297	13.749
1845.362	13.780
1845.472	13.809
1845.582	13.839
1845.657	13.870
1845.777	13.900
1845.901	13.930
1845.995	13.961
1846.136	13.991
1846.285	14.020
1846.414	14.050
1846.598	14.079
1846.801	14.107
1847.002	14.136
1847.276	14.162
1847.604	14.187
1847.961	14.211
1848.439	14.232
1849.052	14.249
1849.784	14.263
1850.760	14.269
1852.072	14.266
1853.725	14.254
1855.894	14.226
1858.719	14.179
1862.214	14.113
1866.488	14.024
1871.428	13.915
1876.821	13.793
1882.504	13.662
1887.945	13.538
1892.904	13.427
1897.350	13.330
1901.008	13.257
1904.034	13.201
1906.535	13.160
1908.565	13.133
1910.312	13.115
1911.828	13.103
1913.205	13.096
1914.554	13.090
1915.934	13.084
1917.313	13.079
1918.858	13.069
1920.514	13.057
1922.356	13.041
1924.367	13.020
1926.599	12.994
1928.929	12.966
1931.437	12.932
1934.028	12.897
1936.672	12.860
1939.123	12.827
1941.618	12.793
1943.956	12.762
1945.986	12.739
1947.799	12.721
1949.515	12.705
1950.944	12.696
1952.108	12.694
1953.122	12.695
1954.045	12.699
1954.768	12.708
1955.346	12.720
1955.876	12.734
1956.346	12.749
1956.699	12.767
1957.003	12.787
1957.301	12.807
1957.563	12.827
1957.773	12.850
1957.961	12.872
1958.181	12.894
1958.363	12.918
1958.525	12.941
1958.686	12.965
1958.868	12.989
1959.024	13.013
1959.181	13.037
1959.365	13.061
1959.536	13.085
1959.716	13.109
1959.903	13.133
1960.115	13.156
1960.328	13.179
1960.569	13.202
1960.840	13.224
1961.096	13.247
1961.406	13.268
1961.764	13.288
1962.129	13.308
1962.532	13.327
1963.016	13.344
1963.557	13.360
1964.103	13.376
1964.744	13.389
1965.497	13.399
1966.271	13.409
1967.127	13.417
1968.104	13.421
1969.105	13.425
1970.188	13.427
1971.331	13.427
1972.514	13.426
1973.813	13.421
1975.091	13.417
1976.325	13.414
1977.618	13.410
1978.926	13.404
1980.078	13.403
1981.171	13.403
1982.328	13.402
1983.300	13.405
1984.129	13.412
1985.031	13.417
1985.830	13.424
1986.413	13.438
1987.018	13.451
1987.601	13.464
1988.001	13.483
1988.398	13.501
1988.802	13.520
1989.097	13.541
1989.348	13.564
1989.613	13.586
1989.820	13.610
1989.980	13.636
1990.166	13.661
1990.316	13.686
1990.433	13.713
1990.545	13.741
1990.665	13.768
1990.758	13.796
1990.838	13.824
1990.932	13.852
1991.003	13.881
1991.056	13.910
1991.145	13.939
1991.204	13.969
1991.249	13.999
1991.315	14.028
1991.373	14.058
1991.415	14.089
1991.464	14.119
1991.521	14.149
1991.562	14.180
1991.599	14.211
1991.656	14.242
1991.695	14.273
1991.726	14.305
1991.782	14.336
1991.820	14.367
1991.846	14.399
1991.903	14.431
1991.938	14.463
1991.960	14.495
1992.018	14.527
1992.052	14.560
1992.072	14.593
1992.129	14.625
1992.162	14.658
1992.183	14.691
1992.236	14.724
1992.270	14.757
1992.293	14.791
1992.342	14.824
1992.375	14.857
1992.402	14.891
1992.444	14.925
1992.472	14.959
1992.500	14.994
1992.542	15.028
1992.565	15.063
1992.598	15.097
1992.638	15.132
1992.656	15.167
1992.695	15.202
1992.733	15.237
1992.745	15.273
1992.791	15.308
1992.821	15.344
1992.834	15.380
1992.883	15.416
1992.906	15.452
1992.930	15.488
1992.974	15.524
1992.989	15.561
1993.024	15.598
1993.056	15.635
1993.060	15.673
1993.113	15.709
1993.136	15.747
1993.156	15.784
1993.200	15.821
1993.202	15.860
1993.247	15.898
1993.275	15.936
1993.283	15.975
1993.333	16.012
1993.343	16.052
1993.376	16.090
1993.406	16.129
1993.409	16.169
1993.461	16.208
1993.468	16.248
1993.502	16.287
1993.531	16.327
1993.533	16.368
1993.581	16.407
1993.580	16.448
1993.624	16.488
1993.648	16.529
1993.658	16.570
1993.696	16.611
1993.683	16.653
1993.741	16.693
1993.751	16.736
1993.778	16.777
1993.806	16.819
1993.808	16.862
1993.849	16.904
1993.833	16.948
1993.890	16.989
1993.895	17.033
1993.926	17.075
1993.951	17.118
1993.958	17.162
1993.990	17.206
1993.984	17.251
1994.028	17.294
1994.016	17.339
1994.063	17.383
1994.065	17.428
1994.097	17.472
1994.111	17.518
1994.129	17.563
1994.153	17.608
1994.158	17.654
1994.190	17.700
1994.186	17.747
1994.222	17.792
1994.211	17.840
1994.253	17.886
1994.238	17.934
1994.282	17.980
1994.273	18.028
1994.311	18.075
1994.306	18.124
1994.339	18.171
1994.337	18.220
1994.366	18.268
1994.367	18.317
1994.392	18.366
1994.394	18.415
1994.418	18.464
1994.420	18.514
1994.444	18.564
1994.445	18.614
1994.469	18.664
1994.468	18.715
1994.494	18.765
1994.491	18.817
1994.518	18.867
1994.512	18.920
1994.542	18.970
1994.531	19.023
1994.562	19.075
1994.554	19.128
1994.579	19.180
1994.577	19.233
1994.596	19.286
1994.600	19.340
1994.612	19.393
1994.622	19.447
1994.628	19.502
1994.644	19.555
1994.642	19.611
1994.662	19.665
1994.654	19.721
1994.675	19.776
1994.675	19.832
1994.688	19.887
1994.696	19.944
1994.700	20.000
1994.714	20.057
1994.708	20.114
1994.726	20.171
1994.726	20.229
1994.737	20.286
1994.745	20.344
1994.746	20.403
1994.759	20.461
1994.755	20.520
1994.768	20.579
1994.774	20.638
1994.777	20.698
1994.787	20.758
1994.784	20.819
1994.796	20.879
1994.800	20.939
1994.801	21.001
1994.812	21.062
1994.811	21.124
1994.819	21.185
1994.826	21.247
1994.822	21.310
1994.833	21.373
1994.836	21.436
1994.837	21.499
1994.846	21.563
1994.847	21.627
1994.851	21.691
1994.857	21.755
1994.857	21.820
1994.863	21.885
1994.868	21.951
1994.867	22.017
1994.873	22.083
1994.878	22.149
1994.876	22.216
1994.882	22.282
1994.887	22.350
1994.886	22.417
1994.890	22.485
1994.895	22.553
1994.895	22.622
1994.897	22.691
1994.903	22.760
1994.904	22.829
1994.904	22.899
1994.909	22.969
1994.912	23.039
1994.911	23.110
1994.915	23.181
1994.919	23.252
1994.919	23.324
1994.920	23.396
1994.924	23.468
1994.927	23.541
1994.926	23.614
1994.928	23.688
1994.932	23.761
1994.934	23.835
1994.933	23.910
1994.935	23.984
1994.938	24.059
