<j>	<F>
1.207	20.458
2.671	13.502
3.659	16.944
5.458	10.354
6.537	10.500
7.464	11.265
8.369	12.724
9.894	12.461
11.285	10.521
12.118	11.242
12.790	12.588
13.503	14.467
14.995	14.393
16.812	11.731
17.748	11.831
18.618	12.632
19.807	12.790
21.088	12.374
22.256	12.394
23.535	12.134
24.507	12.141
25.173	12.902
25.865	13.819
26.694	14.481
27.595	14.953
28.692	15.179
30.198	14.562
32.020	13.554
34.009	12.282
35.377	11.717
36.305	11.912
37.265	12.184
38.337	12.286
39.338	12.375
40.175	12.665
41.018	13.056
42.110	13.233
43.515	13.023
45.043	12.625
46.535	12.288
48.030	12.010
49.602	11.717
51.283	11.378
52.989	11.009
54.474	10.741
55.593	10.694
56.423	10.846
57.084	11.127
57.642	11.494
58.137	11.931
58.617	12.418
59.147	12.916
59.825	13.346
60.768	13.585
61.986	13.558
63.250	13.406
64.278	13.398
65.031	13.629
65.608	14.040
66.107	14.567
66.642	15.131
67.455	15.540
69.007	15.362
71.433	14.330
73.556	13.362
74.727	13.162
75.494	13.374
76.325	13.620
77.437	13.696
78.797	13.562
80.104	13.391
81.089	13.400
81.782	13.626
82.363	13.976
83.014	14.325
83.903	14.545
85.147	14.526
86.736	14.258
88.526	13.854
90.360	13.428
92.035	13.075
93.319	12.914
94.194	12.983
94.834	13.212
95.445	13.499
96.224	13.737
97.389	13.801
99.112	13.583
101.345	13.095
103.704	12.533
105.801	12.090
107.469	11.834
108.754	11.740
109.763	11.765
110.617	11.859
111.389	11.990
112.099	12.146
112.752	12.325
113.333	12.535
113.863	12.772
114.357	13.037
114.863	13.309
115.412	13.577
116.054	13.813
116.822	13.997
117.727	14.116
118.749	14.171
119.842	14.185
120.955	14.181
122.052	14.181
123.100	14.197
124.044	14.253
124.844	14.371
125.489	14.568
126.020	14.833
126.510	15.140
127.067	15.440
127.850	15.653
129.081	15.659
130.932	15.347
133.133	14.815
135.051	14.372
136.385	14.202
137.323	14.239
138.127	14.363
138.989	14.482
139.987	14.546
141.122	14.545
142.328	14.506
143.586	14.453
145.039	14.351
146.926	14.113
149.313	13.688
151.737	13.208
153.551	12.904
154.631	12.850
155.225	12.978
155.595	13.203
155.889	13.471
156.193	13.754
156.577	14.025
157.125	14.254
157.947	14.401
159.194	14.403
160.929	14.227
162.990	13.918
165.076	13.588
166.979	13.326
168.721	13.133
170.398	12.970
171.953	12.839
173.328	12.751
174.432	12.733
175.293	12.785
175.973	12.892
176.542	13.039
177.076	13.205
177.647	13.368
178.295	13.517
179.086	13.630
180.061	13.692
181.227	13.696
182.558	13.647
184.009	13.559
185.477	13.461
186.935	13.365
188.355	13.282
189.727	13.213
191.062	13.156
192.381	13.105
193.673	13.063
194.957	13.025
196.268	12.983
197.619	12.938
199.095	12.871
200.796	12.762
202.783	12.596
205.040	12.372
207.354	12.126
209.430	11.917
211.079	11.789
212.276	11.751
213.114	11.789
213.724	11.879
214.210	12.000
214.638	12.139
215.073	12.284
215.560	12.423
216.145	12.548
216.885	12.646
217.821	12.707
218.989	12.718
220.367	12.682
221.866	12.613
223.348	12.536
224.674	12.484
225.769	12.476
226.639	12.515
227.334	12.592
227.911	12.699
228.429	12.823
228.935	12.954
229.474	13.083
230.078	13.203
230.787	13.303
231.647	13.375
232.715	13.404
234.024	13.384
235.611	13.305
237.456	13.170
239.473	12.996
241.496	12.817
243.407	12.658
245.129	12.538
246.694	12.454
248.186	12.390
249.667	12.333
251.175	12.274
252.720	12.208
254.254	12.141
255.685	12.087
256.954	12.058
258.061	12.054
259.001	12.079
259.801	12.129
260.506	12.196
261.150	12.276
261.767	12.363
262.379	12.454
263.005	12.544
263.686	12.627
264.438	12.699
265.275	12.758
266.203	12.801
267.244	12.824
268.379	12.830
269.573	12.822
270.768	12.811
271.954	12.800
273.087	12.797
274.179	12.802
275.226	12.816
276.276	12.831
277.342	12.845
278.453	12.851
279.581	12.853
280.710	12.854
281.825	12.855
282.884	12.863
283.866	12.883
284.764	12.918
285.596	12.965
286.390	13.021
287.174	13.080
287.972	13.139
288.828	13.190
289.796	13.226
290.927	13.237
292.275	13.214
293.880	13.150
295.752	13.041
297.805	12.898
299.879	12.746
301.761	12.618
303.316	12.536
304.521	12.508
305.428	12.528
306.098	12.586
306.603	12.674
307.013	12.780
307.365	12.898
307.690	13.024
308.016	13.152
308.351	13.282
308.716	13.410
309.125	13.533
309.591	13.648
310.130	13.753
310.753	13.845
311.466	13.922
312.305	13.978
313.284	14.010
314.406	14.016
315.661	13.999
317.053	13.957
318.597	13.890
320.294	13.799
322.149	13.684
324.137	13.548
326.202	13.400
328.262	13.251
330.190	13.121
331.898	13.022
333.352	12.962
334.567	12.940
335.617	12.946
336.581	12.967
337.527	12.994
338.532	13.017
339.643	13.026
340.888	13.018
342.310	12.986
343.891	12.931
345.611	12.856
347.429	12.767
349.251	12.676
351.048	12.589
352.800	12.509
354.504	12.436
356.161	12.370
357.742	12.314
359.234	12.269
360.619	12.236
361.891	12.216
363.066	12.207
364.121	12.213
365.045	12.235
365.866	12.269
366.597	12.315
367.265	12.369
367.898	12.428
368.492	12.493
369.049	12.564
369.598	12.637
370.153	12.709
370.707	12.783
371.288	12.855
371.905	12.922
372.546	12.988
373.244	13.047
374.013	13.098
374.863	13.139
375.817	13.167
376.868	13.182
378.036	13.182
379.328	13.166
380.731	13.136
382.264	13.090
383.941	13.026
385.714	12.950
387.577	12.865
389.490	12.772
391.415	12.678
393.281	12.590
395.054	12.512
396.660	12.452
398.056	12.416
399.238	12.403
400.239	12.412
401.082	12.440
401.836	12.479
402.508	12.529
403.137	12.586
403.760	12.645
404.412	12.702
405.139	12.753
405.966	12.794
406.922	12.820
408.009	12.831
409.208	12.828
410.494	12.814
411.812	12.794
413.122	12.772
414.380	12.754
415.529	12.748
416.520	12.758
417.381	12.784
418.116	12.824
418.742	12.878
419.309	12.940
419.820	13.009
420.279	13.085
420.693	13.168
421.079	13.255
421.463	13.344
421.833	13.436
422.210	13.528
422.594	13.621
423.031	13.710
423.529	13.793
424.150	13.863
424.952	13.913
426.023	13.933
427.481	13.906
429.406	13.822
431.747	13.685
434.405	13.506
437.173	13.314
439.890	13.130
442.534	12.961
445.220	12.801
448.096	12.632
451.250	12.442
454.594	12.236
457.896	12.032
460.860	11.857
463.289	11.729
465.163	11.651
466.556	11.619
467.608	11.618
468.433	11.640
469.114	11.677
469.710	11.722
470.256	11.773
470.775	11.827
471.282	11.882
471.792	11.938
472.299	11.994
472.808	12.050
473.314	12.107
473.806	12.165
474.258	12.227
474.680	12.292
475.081	12.360
475.459	12.430
475.812	12.502
476.136	12.579
476.423	12.660
476.687	12.744
476.927	12.831
477.144	12.921
477.337	13.016
477.517	13.113
477.683	13.212
477.831	13.315
477.966	13.421
478.109	13.528
478.251	13.636
478.387	13.746
478.511	13.859
478.637	13.974
478.777	14.089
478.920	14.205
479.064	14.322
479.224	14.440
479.404	14.557
479.612	14.672
479.869	14.784
480.217	14.887
480.725	14.973
481.528	15.028
482.883	15.022
485.177	14.910
488.829	14.643
493.882	14.213
499.559	13.704
504.584	13.260
508.212	12.969
510.540	12.822
512.009	12.769
512.978	12.772
513.666	12.806
514.185	12.858
514.604	12.922
514.961	12.992
515.277	13.068
515.568	13.148
515.836	13.230
516.092	13.315
516.352	13.401
516.625	13.487
516.918	13.572
517.240	13.655
517.608	13.735
518.025	13.811
518.526	13.879
519.158	13.935
519.948	13.976
520.912	13.999
522.095	14.000
523.548	13.972
525.252	13.918
527.166	13.840
529.231	13.745
531.321	13.646
533.325	13.554
535.204	13.475
536.932	13.411
538.532	13.362
540.036	13.324
541.494	13.291
542.916	13.262
544.294	13.238
545.633	13.218
546.961	13.199
548.273	13.181
549.566	13.166
550.854	13.151
552.162	13.136
553.526	13.118
554.976	13.093
556.555	13.058
558.297	13.011
560.221	12.948
562.307	12.872
564.543	12.782
566.803	12.690
568.976	12.603
570.991	12.528
572.782	12.470
574.318	12.433
575.620	12.414
576.707	12.413
577.616	12.426
578.388	12.451
579.043	12.486
579.608	12.528
580.107	12.577
580.548	12.630
580.947	12.688
581.315	12.748
581.670	12.811
582.012	12.875
582.355	12.940
582.695	13.006
583.041	13.072
583.398	13.137
583.776	13.202
584.186	13.265
584.646	13.325
585.185	13.379
585.834	13.424
586.633	13.458
587.633	13.476
588.885	13.472
590.449	13.443
592.309	13.387
594.403	13.310
596.603	13.221
598.824	13.128
600.915	13.044
602.761	12.978
604.316	12.936
605.609	12.917
606.719	12.915
607.729	12.923
608.729	12.934
609.818	12.942
611.082	12.938
612.594	12.916
614.418	12.872
616.552	12.803
618.904	12.717
621.358	12.621
623.794	12.523
626.025	12.439
627.967	12.376
629.632	12.333
631.067	12.307
632.330	12.296
633.520	12.293
634.711	12.291
635.992	12.286
637.430	12.272
639.121	12.242
641.091	12.195
643.346	12.130
645.889	12.047
648.598	11.952
651.406	11.851
654.176	11.752
656.835	11.659
659.361	11.576
661.696	11.506
663.910	11.444
665.985	11.391
667.991	11.344
669.907	11.302
671.736	11.264
673.477	11.232
675.082	11.206
676.535	11.188
677.807	11.180
678.950	11.178
679.933	11.185
680.778	11.200
681.489	11.222
682.092	11.250
682.609	11.283
683.053	11.321
683.458	11.361
683.809	11.405
684.121	11.451
684.412	11.499
684.686	11.548
684.952	11.598
685.205	11.649
685.448	11.702
685.693	11.754
685.945	11.807
686.190	11.861
686.447	11.914
686.708	11.967
686.977	12.021
687.269	12.073
687.571	12.126
687.891	12.178
688.252	12.227
688.650	12.275
689.073	12.322
689.556	12.366
690.134	12.404
690.781	12.438
691.515	12.467
692.386	12.488
693.387	12.501
694.555	12.503
695.901	12.494
697.398	12.476
699.029	12.448
700.790	12.412
702.635	12.369
704.527	12.323
706.364	12.279
708.112	12.241
709.732	12.209
711.209	12.186
712.555	12.171
713.738	12.166
714.783	12.169
715.687	12.181
716.483	12.200
717.196	12.223
717.809	12.254
718.333	12.290
718.822	12.328
719.250	12.371
719.624	12.417
719.977	12.465
720.293	12.516
720.593	12.568
720.889	12.621
721.169	12.676
721.459	12.731
721.765	12.785
722.112	12.837
722.492	12.888
722.933	12.936
723.468	12.978
724.105	13.014
724.899	13.041
725.863	13.056
727.032	13.059
728.420	13.047
730.011	13.022
731.837	12.980
733.793	12.928
735.797	12.872
737.772	12.816
739.586	12.770
741.240	12.733
742.691	12.708
743.939	12.697
745.009	12.697
745.916	12.708
746.712	12.727
747.415	12.752
748.057	12.782
748.660	12.815
749.226	12.850
749.790	12.886
750.357	12.922
750.915	12.959
751.481	12.996
752.069	13.031
752.659	13.067
753.283	13.100
753.929	13.132
754.584	13.164
755.259	13.194
755.970	13.223
756.701	13.249
757.455	13.275
758.251	13.297
759.051	13.319
759.851	13.342
760.705	13.360
761.552	13.379
762.394	13.398
763.262	13.415
764.108	13.433
764.933	13.453
765.753	13.473
766.559	13.494
767.349	13.516
768.127	13.540
768.913	13.563
769.702	13.586
770.521	13.607
771.394	13.626
772.375	13.638
773.498	13.642
774.785	13.635
776.330	13.612
778.128	13.573
780.275	13.511
782.721	13.429
785.398	13.331
788.175	13.226
790.851	13.126
793.387	13.033
795.577	12.961
797.426	12.911
798.965	12.879
800.171	12.869
801.159	12.873
801.954	12.889
802.574	12.917
803.109	12.951
803.551	12.991
803.932	13.035
804.280	13.082
804.575	13.132
804.858	13.184
805.135	13.237
805.382	13.292
805.631	13.347
805.885	13.402
806.137	13.458
806.399	13.514
806.687	13.569
806.995	13.623
807.334	13.676
807.730	13.725
808.202	13.770
808.771	13.810
809.488	13.841
810.396	13.860
811.550	13.863
813.037	13.846
814.881	13.806
817.143	13.738
819.794	13.645
822.664	13.536
825.628	13.419
828.443	13.309
830.945	13.218
833.066	13.150
834.774	13.107
836.131	13.087
837.212	13.085
838.059	13.097
838.745	13.121
839.337	13.150
839.858	13.185
840.332	13.223
840.779	13.264
841.223	13.305
841.675	13.346
842.113	13.387
842.582	13.428
843.077	13.467
843.594	13.505
844.147	13.541
844.756	13.574
845.424	13.604
846.156	13.630
846.970	13.651
847.876	13.667
848.942	13.673
850.128	13.671
851.446	13.662
852.900	13.644
854.483	13.617
856.199	13.581
857.922	13.545
859.647	13.507
861.313	13.472
862.860	13.444
864.294	13.422
865.532	13.412
866.625	13.410
867.594	13.417
868.429	13.431
869.179	13.452
869.865	13.477
870.516	13.505
871.147	13.534
871.778	13.564
872.460	13.591
873.190	13.616
873.960	13.639
874.795	13.657
875.714	13.671
876.704	13.680
877.723	13.687
878.826	13.689
879.948	13.688
881.043	13.690
882.130	13.691
883.165	13.694
884.175	13.700
885.090	13.710
885.923	13.726
886.708	13.745
887.408	13.769
888.065	13.796
888.671	13.826
889.214	13.861
889.753	13.896
890.281	13.933
890.800	13.970
891.325	14.007
891.889	14.043
892.525	14.075
893.279	14.100
894.178	14.118
895.358	14.120
896.957	14.099
899.162	14.045
902.133	13.947
906.052	13.796
910.851	13.594
916.145	13.362
921.461	13.127
926.142	12.926
929.914	12.774
932.733	12.674
934.800	12.617
936.286	12.591
937.421	12.586
938.283	12.596
939.012	12.614
939.606	12.639
940.158	12.667
940.660	12.697
941.139	12.729
941.598	12.762
942.035	12.797
942.457	12.832
942.866	12.869
943.261	12.906
943.642	12.944
944.005	12.983
944.346	13.023
944.675	13.064
944.974	13.107
945.278	13.150
945.566	13.194
945.847	13.238
946.107	13.284
946.352	13.331
946.592	13.379
946.810	13.428
947.044	13.477
947.267	13.526
947.475	13.577
947.689	13.628
947.903	13.679
948.117	13.730
948.339	13.782
948.568	13.833
948.809	13.884
949.073	13.934
949.359	13.983
949.674	14.031
950.035	14.077
950.458	14.119
950.957	14.158
951.581	14.190
952.364	14.213
953.361	14.225
954.664	14.220
956.415	14.190
958.659	14.134
961.564	14.040
965.093	13.912
969.228	13.749
973.514	13.576
977.772	13.404
981.536	13.257
984.763	13.138
987.262	13.059
989.242	13.008
990.722	12.984
991.908	12.976
992.811	12.984
993.561	13.000
994.196	13.023
994.761	13.050
995.290	13.079
995.783	13.110
996.288	13.141
996.803	13.172
997.362	13.201
998.002	13.227
998.745	13.249
999.663	13.263
1000.845	13.266
1002.336	13.254
1004.316	13.221
1006.805	13.164
1009.935	13.077
1013.690	12.961
1017.849	12.825
1022.254	12.677
1026.428	12.537
1030.144	12.416
1033.274	12.322
1035.722	12.258
1037.649	12.218
1039.093	12.199
1040.220	12.196
1041.074	12.204
1041.785	12.220
1042.361	12.242
1042.870	12.268
1043.326	12.296
1043.756	12.326
1044.180	12.356
1044.595	12.386
1045.031	12.417
1045.481	12.446
1045.948	12.476
1046.463	12.503
1046.986	12.530
1047.583	12.554
1048.176	12.579
1048.881	12.599
1049.568	12.619
1050.358	12.635
1051.147	12.651
1052.010	12.664
1052.875	12.676
1053.787	12.687
1054.720	12.696
1055.663	12.705
1056.636	12.712
1057.593	12.720
1058.585	12.726
1059.547	12.734
1060.542	12.740
1061.495	12.749
1062.480	12.756
1063.493	12.761
1064.503	12.767
1065.588	12.770
1066.655	12.774
1067.807	12.774
1068.934	12.775
1070.128	12.773
1071.320	12.770
1072.526	12.767
1073.737	12.764
1074.890	12.763
1076.063	12.760
1077.109	12.763
1078.172	12.765
1079.081	12.774
1079.974	12.783
1080.733	12.798
1081.477	12.814
1082.116	12.835
1082.720	12.857
1083.257	12.883
1083.746	12.910
1084.196	12.940
1084.595	12.972
1084.990	13.004
1085.333	13.039
1085.694	13.074
1086.004	13.111
1086.340	13.147
1086.628	13.185
1086.946	13.222
1087.216	13.262
1087.516	13.300
1087.785	13.340
1088.083	13.379
1088.364	13.419
1088.672	13.458
1088.983	13.497
1089.319	13.535
1089.692	13.572
1090.073	13.608
1090.531	13.642
1091.060	13.672
1091.711	13.698
1092.529	13.715
1093.553	13.724
1094.880	13.719
1096.534	13.699
1098.653	13.658
1101.161	13.597
1104.099	13.517
1107.340	13.421
1110.706	13.317
1113.994	13.216
1116.966	13.128
1119.550	13.057
1121.627	13.009
1123.326	12.979
1124.642	12.966
1125.706	12.965
1126.551	12.975
1127.291	12.990
1127.972	13.009
1128.666	13.029
1129.446	13.046
1130.371	13.058
1131.566	13.060
1133.124	13.048
1135.201	13.017
1137.901	12.961
1141.377	12.874
1145.476	12.763
1150.276	12.623
1155.143	12.478
1159.956	12.334
1164.271	12.207
1167.775	12.111
1170.560	12.043
1172.612	12.002
1174.102	11.984
1175.204	11.980
1175.966	11.991
1176.522	12.009
1176.924	12.034
1177.207	12.063
1177.446	12.095
1177.614	12.130
1177.768	12.165
1177.886	12.202
1177.984	12.240
1178.086	12.278
1178.164	12.317
1178.249	12.357
1178.312	12.397
1178.385	12.437
1178.453	12.478
1178.510	12.519
1178.578	12.560
1178.632	12.602
1178.695	12.644
1178.744	12.686
1178.808	12.728
1178.862	12.771
1178.916	12.814
1178.973	12.858
1179.024	12.901
1179.080	12.945
1179.130	12.990
1179.185	13.034
1179.235	13.079
1179.293	13.123
1179.341	13.169
1179.401	13.214
1179.452	13.260
1179.510	13.306
1179.564	13.352
1179.623	13.399
1179.677	13.445
1179.738	13.492
1179.793	13.540
1179.855	13.587
1179.912	13.635
1179.977	13.683
1180.036	13.731
1180.104	13.779
1180.168	13.828
1180.240	13.877
1180.309	13.926
1180.385	13.975
1180.463	14.024
1180.546	14.074
1180.635	14.123
1180.718	14.173
1180.814	14.223
1180.911	14.273
1181.023	14.322
1181.146	14.372
1181.286	14.420
1181.451	14.468
1181.639	14.515
1181.875	14.561
1182.160	14.604
1182.545	14.643
1183.052	14.676
1183.739	14.701
1184.703	14.713
1185.972	14.710
1187.755	14.683
1190.108	14.629
1193.170	14.540
1196.955	14.415
1201.237	14.266
1205.783	14.102
1210.169	13.944
1214.090	13.808
1217.368	13.701
1219.983	13.626
1221.990	13.580
1223.594	13.553
1224.816	13.545
1225.850	13.545
1226.681	13.556
1227.450	13.570
1228.134	13.588
1228.795	13.607
1229.453	13.627
1230.108	13.648
1230.833	13.666
1231.588	13.683
1232.494	13.694
1233.496	13.701
1234.748	13.699
1236.230	13.688
1238.125	13.660
1240.437	13.616
1243.365	13.548
1246.871	13.457
1250.984	13.342
1255.669	13.205
1260.568	13.059
1265.432	12.915
1270.124	12.777
1274.173	12.663
1277.714	12.569
1280.602	12.500
1282.887	12.454
1284.764	12.423
1286.226	12.407
1287.359	12.405
1288.370	12.406
1289.121	12.418
1289.765	12.434
1290.307	12.453
1290.729	12.477
1291.128	12.502
1291.458	12.530
1291.738	12.559
1292.016	12.589
1292.228	12.622
1292.443	12.654
1292.623	12.688
1292.781	12.723
1292.953	12.758
1293.085	12.794
1293.222	12.830
1293.346	12.867
1293.456	12.905
1293.575	12.942
1293.667	12.981
1293.768	13.019
1293.862	13.059
1293.947	13.098
1294.035	13.138
1294.109	13.178
1294.197	13.218
1294.269	13.259
1294.343	13.300
1294.422	13.342
1294.487	13.384
1294.564	13.425
1294.625	13.468
1294.702	13.510
1294.761	13.553
1294.840	13.596
1294.909	13.639
1294.983	13.682
1295.063	13.725
1295.144	13.769
1295.236	13.812
1295.327	13.855
1295.442	13.898
1295.558	13.941
1295.715	13.983
1295.885	14.024
1296.120	14.063
1296.401	14.101
1296.794	14.134
1297.307	14.163
1298.025	14.183
1299.008	14.193
1300.380	14.188
1302.242	14.163
1304.777	14.111
1308.101	14.026
1312.189	13.910
1317.034	13.762
1322.181	13.601
1327.306	13.439
1331.993	13.294
1335.917	13.179
1339.174	13.090
1341.689	13.031
1343.603	12.997
1345.097	12.979
1346.282	12.974
1347.255	12.977
1348.118	12.986
1348.891	12.998
1349.636	13.011
1350.368	13.026
1351.098	13.040
1351.855	13.054
1352.670	13.066
1353.531	13.077
1354.434	13.086
1355.458	13.091
1356.513	13.094
1357.620	13.096
1358.826	13.094
1360.003	13.093
1361.330	13.086
1362.651	13.080
1363.967	13.073
1365.338	13.064
1366.615	13.059
1367.903	13.052
1369.158	13.048
1370.325	13.046
1371.513	13.043
1372.656	13.042
1373.713	13.044
1374.802	13.045
1375.811	13.050
1376.825	13.054
1377.864	13.057
1378.870	13.061
1379.932	13.064
1381.014	13.066
1382.107	13.068
1383.279	13.067
1384.457	13.066
1385.653	13.064
1386.966	13.058
1388.238	13.053
1389.547	13.047
1390.890	13.040
1392.152	13.035
1393.466	13.028
1394.665	13.025
1395.799	13.024
1396.948	13.022
1397.982	13.025
1398.952	13.030
1399.861	13.036
1400.668	13.047
1401.413	13.059
1402.112	13.074
1402.704	13.092
1403.317	13.109
1403.850	13.130
1404.334	13.152
1404.818	13.174
1405.229	13.200
1405.645	13.225
1406.044	13.250
1406.405	13.278
1406.800	13.304
1407.157	13.332
1407.495	13.360
1407.864	13.388
1408.172	13.417
1408.542	13.445
1408.887	13.474
1409.224	13.503
1409.596	13.531
1409.897	13.561
1410.268	13.589
1410.604	13.619
1410.959	13.648
1411.314	13.677
1411.656	13.706
1412.027	13.735
1412.364	13.765
1412.747	13.793
1413.097	13.823
1413.468	13.852
1413.832	13.881
1414.218	13.910
1414.615	13.938
1415.018	13.966
1415.445	13.993
1415.885	14.020
1416.353	14.046
1416.852	14.071
1417.385	14.095
1417.991	14.116
1418.655	14.135
1419.364	14.152
1420.214	14.164
1421.082	14.175
1422.165	14.177
1423.282	14.179
1424.604	14.172
1426.060	14.160
1427.630	14.143
1429.341	14.120
1431.138	14.093
1432.948	14.066
1434.892	14.033
1436.710	14.005
1438.526	13.976
1440.198	13.953
1441.745	13.934
1443.223	13.919
1444.538	13.909
1445.810	13.902
1446.996	13.899
1448.189	13.896
1449.451	13.892
1450.844	13.884
1452.465	13.868
1454.458	13.840
1456.813	13.799
1459.801	13.737
1463.362	13.654
1467.451	13.553
1472.129	13.431
1476.835	13.308
1481.551	13.184
1485.928	13.071
1489.888	12.972
1493.172	12.896
1495.979	12.837
1498.371	12.793
1500.296	12.765
1501.943	12.746
1503.457	12.732
1504.730	12.726
1505.897	12.724
1507.029	12.724
1508.008	12.728
1508.946	12.733
1509.842	12.740
1510.657	12.749
1511.416	12.760
1512.162	12.772
1512.864	12.785
1513.464	12.801
1514.086	12.816
1514.652	12.834
1515.123	12.854
1515.661	12.873
1516.121	12.893
1516.536	12.916
1517.008	12.937
1517.402	12.960
1517.798	12.983
1518.215	13.006
1518.583	13.030
1518.973	13.054
1519.384	13.077
1519.779	13.101
1520.201	13.124
1520.650	13.147
1521.092	13.169
1521.572	13.191
1522.077	13.212
1522.583	13.232
1523.162	13.251
1523.750	13.269
1524.355	13.287
1525.054	13.301
1525.721	13.317
1526.416	13.332
1527.190	13.344
1527.920	13.357
1528.726	13.368
1529.549	13.378
1530.274	13.391
1531.111	13.401
1531.906	13.412
1532.655	13.424
1533.455	13.435
1534.149	13.449
1534.824	13.463
1535.497	13.478
1536.101	13.495
1536.674	13.514
1537.211	13.533
1537.687	13.555
1538.164	13.576
1538.604	13.599
1538.976	13.625
1539.351	13.650
1539.677	13.677
1539.978	13.706
1540.287	13.734
1540.550	13.764
1540.836	13.793
1541.112	13.823
1541.401	13.853
1541.743	13.881
1542.119	13.908
1542.620	13.932
1543.299	13.950
1544.210	13.961
1545.552	13.959
1547.509	13.937
1550.197	13.891
1553.986	13.810
1559.088	13.687
1565.267	13.527
1572.107	13.344
1579.336	13.147
1585.900	12.970
1591.114	12.834
1595.295	12.731
1598.261	12.667
1600.258	12.634
1601.634	12.622
1602.563	12.624
1603.145	12.637
1603.546	12.656
1603.841	12.679
1604.027	12.706
1604.171	12.735
1604.299	12.764
1604.388	12.794
1604.465	12.825
1604.551	12.856
1604.616	12.888
1604.678	12.919
1604.752	12.951
1604.813	12.983
1604.871	13.016
1604.944	13.048
1605.005	13.081
1605.067	13.113
1605.142	13.146
1605.206	13.179
1605.275	13.212
1605.358	13.245
1605.429	13.278
1605.508	13.311
1605.605	13.344
1605.689	13.377
1605.785	13.410
1605.894	13.443
1605.992	13.476
1606.105	13.509
1606.232	13.541
1606.355	13.574
1606.503	13.606
1606.663	13.638
1606.817	13.671
1607.015	13.701
1607.215	13.732
1607.414	13.764
1607.672	13.793
1607.928	13.823
1608.217	13.851
1608.574	13.877
1608.896	13.905
1609.301	13.930
1609.770	13.953
1610.263	13.975
1610.879	13.993
1611.536	14.010
1612.314	14.023
1613.245	14.032
1614.355	14.034
1615.796	14.026
1617.533	14.010
1619.852	13.975
1622.854	13.919
1626.840	13.833
1632.007	13.712
1638.158	13.560
1645.396	13.375
1653.091	13.176
1660.511	12.985
1667.079	12.819
1672.631	12.683
1676.930	12.585
1680.063	12.522
1682.456	12.482
1684.216	12.460
1685.539	12.452
1686.619	12.452
1687.474	12.458
1688.265	12.466
1688.972	12.477
1689.601	12.491
1690.271	12.503
1690.944	12.516
1691.575	12.530
1692.254	12.542
1692.990	12.553
1693.659	12.566
1694.357	12.578
1695.141	12.588
1695.858	12.599
1696.576	12.610
1697.385	12.619
1698.140	12.630
1698.845	12.641
1699.616	12.651
1700.378	12.661
1701.067	12.673
1701.797	12.684
1702.536	12.695
1703.199	12.708
1703.857	12.721
1704.549	12.733
1705.193	12.746
1705.805	12.760
1706.452	12.774
1707.071	12.788
1707.648	12.803
1708.246	12.818
1708.841	12.833
1709.400	12.848
1709.965	12.864
1710.552	12.879
1711.099	12.896
1711.637	12.912
1712.204	12.928
1712.748	12.945
1713.301	12.961
1713.832	12.978
1714.374	12.994
1714.924	13.011
1715.429	13.028
1715.964	13.045
1716.505	13.062
1716.994	13.080
1717.513	13.098
1718.040	13.115
1718.511	13.134
1719.013	13.152
1719.527	13.170
1719.984	13.189
1720.455	13.208
1720.953	13.226
1721.400	13.246
1721.849	13.266
1722.328	13.285
1722.771	13.305
1723.219	13.325
1723.688	13.344
1724.136	13.364
1724.601	13.384
1725.076	13.403
1725.550	13.423
1726.046	13.442
1726.559	13.460
1727.106	13.478
1727.667	13.495
1728.266	13.511
1728.918	13.526
1729.592	13.540
1730.326	13.552
1731.120	13.563
1731.959	13.572
1732.892	13.579
1733.864	13.584
1734.921	13.586
1736.096	13.585
1737.258	13.585
1738.531	13.581
1739.921	13.573
1741.196	13.569
1742.608	13.560
1744.073	13.550
1745.401	13.543
1746.839	13.534
1748.278	13.524
1749.603	13.518
1751.007	13.509
1752.394	13.501
1753.750	13.494
1755.197	13.485
1756.703	13.475
1758.352	13.461
1760.216	13.441
1762.306	13.416
1764.749	13.381
1767.594	13.335
1770.793	13.280
1774.498	13.211
1778.517	13.133
1782.680	13.051
1787.094	12.962
1791.333	12.877
1795.196	12.802
1798.877	12.732
1802.062	12.676
1804.797	12.632
1807.268	12.595
1809.340	12.569
1811.117	12.551
1812.837	12.535
1814.311	12.525
1815.674	12.519
1816.985	12.514
1818.278	12.510
1819.451	12.509
1820.625	12.508
1821.760	12.508
1822.855	12.509
1823.896	12.511
1824.883	12.514
1825.798	12.519
1826.702	12.524
1827.552	12.531
1828.236	12.542
1828.963	12.551
1829.625	12.563
1830.195	12.576
1830.694	12.592
1831.209	12.607
1831.647	12.624
1831.997	12.643
1832.357	12.663
1832.686	12.683
1832.959	12.704
1833.202	12.727
1833.453	12.749
1833.667	12.772
1833.855	12.796
1834.035	12.821
1834.205	12.846
1834.370	12.871
1834.509	12.896
1834.652	12.922
1834.808	12.948
1834.939	12.974
1835.056	13.001
1835.199	13.027
1835.342	13.053
1835.460	13.080
1835.599	13.107
1835.757	13.133
1835.890	13.160
1836.028	13.187
1836.210	13.213
1836.380	13.239
1836.529	13.266
1836.728	13.291
1836.948	13.317
1837.129	13.343
1837.353	13.368
1837.628	13.392
1837.871	13.417
1838.151	13.441
1838.486	13.463
1838.818	13.486
1839.171	13.508
1839.599	13.528
1840.045	13.548
1840.494	13.568
1841.053	13.584
1841.657	13.600
1842.267	13.615
1842.973	13.627
1843.770	13.637
1844.578	13.647
1845.459	13.655
1846.496	13.658
1847.538	13.661
1848.649	13.662
1849.891	13.659
1851.158	13.655
1852.518	13.649
1853.934	13.641
1855.424	13.630
1856.989	13.618
1858.569	13.606
1860.264	13.590
1862.016	13.573
1863.798	13.554
1865.719	13.533
1867.711	13.509
1869.705	13.485
1871.856	13.457
1874.138	13.426
1876.323	13.397
1878.561	13.366
1880.931	13.332
1883.153	13.302
1885.228	13.276
1887.364	13.248
1889.421	13.222
1891.216	13.203
1892.878	13.188
1894.498	13.173
1895.948	13.164
1897.215	13.159
1898.487	13.155
1899.723	13.152
1900.894	13.151
1902.118	13.149
1903.424	13.145
1904.907	13.138
1906.660	13.124
1908.666	13.105
1911.075	13.077
1914.162	13.032
1917.815	12.974
1921.915	12.905
1926.684	12.820
1931.887	12.725
1937.260	12.625
1942.588	12.525
1947.533	12.434
1951.797	12.359
1955.634	12.293
1958.756	12.245
1961.206	12.212
1963.208	12.189
1964.831	12.176
1966.028	12.172
1967.017	12.174
1967.868	12.179
1968.558	12.188
1969.116	12.200
1969.634	12.214
1970.138	12.228
1970.605	12.242
1971.019	12.258
1971.426	12.274
1971.877	12.290
1972.352	12.305
1972.794	12.320
1973.230	12.336
1973.709	12.351
1974.239	12.365
1974.765	12.379
1975.279	12.393
1975.806	12.407
1976.390	12.420
1977.010	12.432
1977.591	12.444
1978.143	12.458
1978.776	12.469
1979.471	12.479
1980.093	12.491
1980.633	12.505
1981.289	12.516
1982.013	12.525
1982.625	12.537
1983.112	12.552
1983.736	12.564
1984.422	12.574
1984.946	12.588
1985.382	12.604
1985.947	12.617
1986.556	12.629
1986.975	12.645
1987.340	12.663
1987.816	12.678
1988.290	12.693
1988.608	12.712
1988.905	12.732
1989.307	12.749
1989.652	12.767
1989.891	12.788
1990.118	12.809
1990.437	12.829
1990.677	12.850
1990.847	12.873
1991.014	12.896
1991.276	12.916
1991.446	12.940
1991.573	12.964
1991.715	12.988
1991.900	13.011
1992.018	13.035
1992.102	13.061
1992.236	13.085
1992.365	13.110
1992.443	13.136
1992.486	13.163
1992.629	13.188
1992.718	13.214
1992.760	13.241
1992.827	13.268
1992.931	13.294
1992.984	13.321
1992.993	13.350
1993.095	13.376
1993.162	13.403
1993.179	13.432
1993.225	13.460
1993.308	13.487
1993.335	13.516
1993.328	13.545
1993.421	13.572
1993.467	13.601
1993.462	13.631
1993.517	13.659
1993.574	13.688
1993.578	13.718
1993.596	13.748
1993.665	13.776
1993.680	13.807
1993.666	13.838
1993.743	13.866
1993.772	13.896
1993.756	13.928
1993.810	13.957
1993.849	13.988
1993.839	14.019
1993.871	14.050
1993.916	14.080
1993.911	14.112
1993.928	14.143
1993.977	14.174
1993.976	14.206
1993.980	14.238
1994.033	14.269
1994.036	14.301
1994.031	14.334
1994.084	14.365
1994.090	14.398
1994.079	14.431
1994.132	14.463
1994.139	14.496
1994.126	14.530
1994.178	14.562
1994.184	14.595
1994.173	14.629
1994.221	14.662
1994.225	14.696
1994.218	14.730
1994.262	14.763
1994.263	14.797
1994.261	14.832
1994.298	14.866
1994.296	14.901
1994.301	14.935
1994.332	14.970
1994.325	15.005
1994.340	15.040
1994.363	15.075
1994.353	15.111
1994.378	15.146
1994.393	15.182
1994.377	15.218
1994.414	15.253
1994.419	15.290
1994.410	15.327
1994.441	15.362
1994.439	15.399
1994.447	15.436
1994.467	15.473
1994.457	15.510
1994.482	15.547
1994.491	15.584
1994.477	15.623
1994.507	15.660
1994.506	15.698
1994.513	15.736
1994.531	15.774
1994.517	15.813
1994.542	15.851
1994.547	15.889
1994.544	15.929
1994.565	15.967
1994.556	16.007
1994.575	16.046
1994.582	16.085
1994.575	16.125
1994.597	16.165
1994.588	16.205
1994.605	16.245
1994.612	16.285
1994.607	16.326
1994.626	16.367
1994.615	16.408
1994.634	16.449
1994.637	16.490
1994.638	16.532
1994.654	16.573
1994.638	16.616
1994.661	16.657
1994.657	16.699
1994.667	16.741
1994.674	16.784
1994.671	16.827
1994.688	16.869
1994.672	16.913
1994.694	16.956
1994.689	17.000
1994.700	17.043
1994.704	17.087
1994.705	17.131
1994.717	17.175
1994.708	17.220
1994.725	17.264
1994.713	17.309
1994.731	17.354
1994.726	17.399
1994.736	17.445
1994.737	17.490
1994.742	17.536
1994.748	17.582
1994.747	17.628
1994.758	17.674
1994.752	17.721
1994.766	17.768
1994.756	17.815
1994.773	17.862
1994.761	17.910
1994.778	17.957
1994.769	18.006
1994.784	18.053
1994.777	18.102
1994.789	18.150
1994.784	18.199
1994.795	18.248
1994.791	18.297
1994.800	18.346
1994.797	18.396
1994.806	18.445
1994.803	18.496
1994.811	18.546
1994.808	18.596
1994.817	18.647
1994.813	18.698
1994.823	18.749
1994.818	18.801
1994.829	18.852
1994.822	18.904
1994.835	18.956
1994.826	19.008
1994.840	19.060
1994.832	19.114
1994.843	19.166
1994.839	19.220
1994.846	19.273
1994.845	19.327
1994.849	19.381
1994.852	19.435
1994.852	19.490
1994.858	19.544
1994.854	19.599
1994.865	19.654
1994.857	19.710
1994.867	19.765
1994.864	19.821
1994.869	19.878
1994.871	19.934
1994.870	19.991
1994.877	20.047
1994.871	20.105
1994.880	20.162
1994.877	20.220
1994.882	20.278
1994.885	20.336
1994.883	20.395
1994.890	20.453
1994.885	20.513
1994.891	20.572
1994.893	20.631
1994.892	20.691
1994.899	20.751
1994.894	20.812
1994.899	20.872
1994.901	20.933
1994.900	20.995
1994.906	21.056
1994.903	21.118
1994.906	21.180
1994.911	21.242
1994.906	21.305
1994.912	21.368
1994.913	21.431
1994.912	21.495
1994.917	21.558
1994.916	21.622
1994.917	21.687
1994.922	21.751
1994.920	21.816
1994.922	21.882
1994.926	21.947
1994.923	22.013
1994.926	22.079
1994.929	22.145
1994.927	22.212
1994.930	22.279
1994.933	22.346
1994.931	22.414
1994.933	22.482
1994.936	22.550
1994.935	22.619
1994.936	22.688
1994.939	22.757
1994.940	22.827
1994.939	22.897
1994.942	22.967
1994.944	23.037
1994.942	23.108
1994.944	23.179
1994.946	23.250
1994.947	23.322
1994.946	23.394
1994.948	23.467
1994.950	23.539
1994.950	23.612
1994.950	23.686
1994.953	23.760
1994.954	23.834
1994.953	23.908
1994.954	23.983
1994.956	24.058
