<j>	<F>
1.688	13.617
2.847	12.199
3.748	13.068
4.477	18.147
6.153	14.546
7.834	10.230
8.831	10.662
9.695	11.616
10.646	12.854
12.137	12.143
13.194	11.463
13.805	12.894
14.367	15.067
15.314	16.598
17.117	14.505
18.703	12.542
19.681	12.774
20.749	13.033
21.725	13.119
22.480	13.984
23.639	14.396
25.329	13.226
26.626	12.657
27.787	12.699
29.075	12.500
30.336	12.321
31.577	12.172
32.655	12.143
33.542	12.437
34.467	12.774
35.497	12.937
36.540	13.056
37.684	13.134
39.072	12.906
40.447	12.542
41.479	12.514
42.242	12.858
42.968	13.343
43.839	13.717
44.923	13.838
46.219	13.710
47.723	13.367
49.337	12.888
50.784	12.516
51.907	12.436
52.803	12.599
53.628	12.860
54.439	13.137
55.223	13.434
55.985	13.770
56.798	14.093
57.751	14.295
58.833	14.336
59.871	14.349
60.680	14.553
61.259	15.027
61.756	15.669
62.354	16.288
63.245	16.627
64.580	16.454
66.304	15.827
68.274	15.040
70.552	14.123
72.851	13.197
74.598	12.660
75.808	12.538
76.806	12.608
77.868	12.695
79.253	12.653
81.193	12.345
83.594	11.780
85.852	11.227
87.506	10.931
88.631	10.890
89.496	10.988
90.290	11.136
91.110	11.287
92.000	11.414
92.973	11.507
93.996	11.570
95.010	11.624
95.957	11.698
96.811	11.809
97.588	11.956
98.325	12.127
99.040	12.312
99.742	12.504
100.426	12.706
101.084	12.925
101.739	13.153
102.422	13.380
103.183	13.580
104.098	13.717
105.268	13.746
106.869	13.598
109.110	13.192
111.947	12.541
114.768	11.871
116.896	11.445
118.267	11.300
119.162	11.344
119.835	11.481
120.442	11.657
121.073	11.838
121.794	11.999
122.649	12.120
123.652	12.190
124.763	12.212
125.886	12.215
126.906	12.240
127.757	12.316
128.440	12.455
128.999	12.646
129.495	12.871
129.974	13.115
130.476	13.359
131.021	13.595
131.630	13.811
132.308	14.003
133.069	14.164
133.925	14.287
134.911	14.357
136.038	14.367
137.299	14.312
138.583	14.231
139.767	14.177
140.772	14.197
141.662	14.279
142.630	14.367
144.070	14.331
146.662	13.949
150.811	13.067
155.245	12.045
158.248	11.421
159.780	11.236
160.580	11.276
161.092	11.410
161.471	11.587
161.804	11.783
162.097	11.996
162.371	12.222
162.632	12.458
162.879	12.706
163.125	12.963
163.370	13.230
163.624	13.503
163.890	13.783
164.189	14.063
164.539	14.337
164.985	14.589
165.598	14.796
166.516	14.908
167.942	14.855
170.076	14.565
172.928	14.044
176.149	13.417
179.214	12.852
181.775	12.439
183.678	12.206
185.023	12.120
186.009	12.133
186.788	12.206
187.504	12.305
188.246	12.403
189.060	12.489
189.986	12.551
191.034	12.583
192.176	12.592
193.413	12.577
194.743	12.541
196.156	12.489
197.708	12.411
199.409	12.303
201.221	12.168
203.038	12.026
204.698	11.909
206.096	11.840
207.226	11.826
208.129	11.861
208.886	11.931
209.581	12.019
210.266	12.113
210.992	12.203
211.788	12.281
212.671	12.342
213.654	12.384
214.745	12.404
215.957	12.401
217.294	12.372
218.752	12.319
220.298	12.246
221.866	12.164
223.341	12.094
224.650	12.050
225.739	12.046
226.606	12.084
227.299	12.158
227.874	12.259
228.377	12.378
228.857	12.507
229.364	12.635
229.929	12.756
230.581	12.863
231.354	12.946
232.249	13.005
233.274	13.036
234.403	13.043
235.601	13.034
236.870	13.011
238.208	12.974
239.643	12.922
241.200	12.848
242.880	12.753
244.679	12.635
246.548	12.506
248.460	12.372
250.402	12.238
252.367	12.105
254.393	11.968
256.494	11.826
258.684	11.675
260.913	11.521
263.113	11.372
265.208	11.238
267.128	11.129
268.845	11.048
270.362	10.996
271.703	10.969
272.916	10.960
274.065	10.960
275.130	10.972
276.108	10.994
277.004	11.025
277.834	11.065
278.566	11.116
279.199	11.181
279.755	11.256
280.231	11.343
280.639	11.441
280.996	11.547
281.307	11.662
281.583	11.784
281.834	11.912
282.067	12.046
282.292	12.184
282.512	12.325
282.738	12.469
282.988	12.613
283.277	12.755
283.641	12.889
284.132	13.008
284.853	13.097
285.961	13.130
287.649	13.076
290.056	12.909
293.096	12.638
296.422	12.309
299.419	12.017
301.688	11.829
303.268	11.743
304.371	11.730
305.168	11.766
305.804	11.828
306.359	11.905
306.884	11.989
307.425	12.073
308.021	12.153
308.715	12.222
309.550	12.275
310.571	12.304
311.815	12.304
313.325	12.267
315.050	12.199
316.876	12.112
318.685	12.023
320.362	11.947
321.841	11.896
323.113	11.871
324.188	11.874
325.118	11.897
325.959	11.933
326.767	11.975
327.555	12.021
328.331	12.069
329.117	12.116
329.913	12.163
330.717	12.208
331.560	12.248
332.405	12.288
333.239	12.329
334.080	12.369
334.908	12.409
335.710	12.453
336.481	12.501
337.202	12.555
337.883	12.614
338.511	12.681
339.102	12.753
339.647	12.833
340.174	12.917
340.681	13.005
341.200	13.094
341.742	13.181
342.340	13.261
343.013	13.333
343.790	13.391
344.711	13.429
345.775	13.446
347.013	13.436
348.401	13.404
349.881	13.355
351.398	13.298
352.884	13.244
354.303	13.198
355.630	13.165
356.874	13.145
358.036	13.138
359.155	13.137
360.239	13.142
361.303	13.150
362.359	13.159
363.397	13.170
364.404	13.186
365.399	13.203
366.373	13.222
367.314	13.246
368.239	13.272
369.139	13.302
370.009	13.336
370.866	13.373
371.732	13.409
372.625	13.443
373.581	13.470
374.641	13.484
375.845	13.481
377.255	13.452
378.899	13.393
380.823	13.299
383.013	13.171
385.396	13.019
387.893	12.853
390.385	12.689
392.777	12.539
394.996	12.410
397.031	12.303
398.834	12.223
400.403	12.170
401.776	12.139
402.969	12.128
404.000	12.135
404.925	12.154
405.741	12.185
406.449	12.227
407.071	12.280
407.623	12.341
408.102	12.410
408.540	12.485
408.956	12.563
409.337	12.647
409.689	12.735
410.027	12.826
410.382	12.917
410.768	13.006
411.208	13.092
411.754	13.168
412.472	13.227
413.490	13.257
414.988	13.238
417.232	13.142
420.455	12.944
424.653	12.641
429.354	12.280
433.777	11.941
437.305	11.689
439.818	11.537
441.491	11.469
442.604	11.459
443.367	11.484
443.927	11.530
444.364	11.589
444.723	11.657
445.030	11.731
445.302	11.809
445.543	11.891
445.768	11.976
445.986	12.063
446.201	12.151
446.416	12.240
446.633	12.330
446.852	12.421
447.068	12.514
447.294	12.607
447.536	12.700
447.796	12.792
448.074	12.883
448.374	12.974
448.725	13.060
449.157	13.140
449.664	13.212
450.277	13.275
451.029	13.323
451.947	13.353
453.067	13.361
454.382	13.347
455.871	13.312
457.462	13.262
459.041	13.211
460.526	13.167
461.836	13.140
462.962	13.133
463.900	13.147
464.710	13.176
465.429	13.218
466.108	13.265
466.801	13.314
467.557	13.358
468.447	13.390
469.526	13.403
470.836	13.392
472.422	13.351
474.215	13.287
476.196	13.202
478.285	13.104
480.343	13.008
482.342	12.918
484.224	12.841
485.978	12.777
487.620	12.726
489.185	12.683
490.694	12.646
492.137	12.615
493.494	12.592
494.750	12.578
495.902	12.574
496.939	12.580
497.890	12.594
498.754	12.616
499.543	12.646
500.276	12.681
500.960	12.722
501.601	12.766
502.197	12.816
502.745	12.870
503.272	12.926
503.780	12.985
504.273	13.046
504.751	13.109
505.215	13.174
505.677	13.240
506.159	13.305
506.680	13.368
507.271	13.425
507.976	13.473
508.866	13.505
510.047	13.510
511.632	13.480
513.700	13.404
516.360	13.272
519.534	13.090
522.954	12.882
526.267	12.680
529.198	12.510
531.572	12.390
533.392	12.319
534.777	12.289
535.841	12.287
536.681	12.306
537.387	12.338
537.998	12.380
538.556	12.427
539.085	12.477
539.614	12.528
540.160	12.579
540.731	12.628
541.346	12.674
542.023	12.716
542.772	12.751
543.593	12.781
544.494	12.803
545.460	12.819
546.479	12.831
547.521	12.839
548.557	12.847
549.534	12.860
550.476	12.874
551.367	12.893
552.203	12.917
552.974	12.946
553.679	12.981
554.318	13.023
554.905	13.069
555.441	13.120
555.941	13.175
556.417	13.233
556.880	13.293
557.337	13.354
557.797	13.415
558.273	13.476
558.774	13.535
559.313	13.591
559.890	13.644
560.544	13.692
561.313	13.729
562.227	13.754
563.327	13.762
564.637	13.750
566.174	13.717
567.933	13.662
569.835	13.593
571.792	13.517
573.752	13.439
575.635	13.367
577.386	13.307
578.971	13.262
580.404	13.231
581.716	13.211
582.927	13.201
584.047	13.200
585.097	13.205
586.096	13.214
587.054	13.227
587.977	13.244
588.867	13.263
589.729	13.285
590.564	13.309
591.382	13.334
592.166	13.363
592.930	13.393
593.653	13.427
594.351	13.463
595.022	13.502
595.669	13.542
596.289	13.586
596.881	13.632
597.445	13.680
597.985	13.731
598.502	13.785
598.986	13.842
599.454	13.902
599.923	13.961
600.401	14.021
600.900	14.079
601.433	14.135
602.019	14.187
602.689	14.232
603.475	14.267
604.413	14.288
605.524	14.295
606.885	14.279
608.568	14.234
610.615	14.155
613.014	14.045
615.671	13.911
618.491	13.763
621.355	13.611
624.149	13.468
626.848	13.336
629.441	13.216
632.008	13.103
634.579	12.993
637.165	12.884
639.729	12.778
642.246	12.676
644.619	12.584
646.772	12.507
648.708	12.447
650.402	12.403
651.845	12.377
653.082	12.366
654.132	12.368
655.022	12.382
655.795	12.404
656.468	12.433
657.053	12.469
657.575	12.510
658.065	12.554
658.512	12.601
658.925	12.651
659.330	12.702
659.724	12.754
660.110	12.807
660.494	12.861
660.895	12.914
661.312	12.966
661.739	13.019
662.185	13.070
662.668	13.119
663.193	13.165
663.751	13.209
664.359	13.249
665.024	13.286
665.748	13.318
666.523	13.346
667.351	13.370
668.229	13.390
669.155	13.406
670.111	13.420
671.074	13.432
672.039	13.444
672.991	13.457
673.927	13.470
674.830	13.486
675.693	13.505
676.518	13.527
677.311	13.552
678.090	13.577
678.849	13.605
679.595	13.634
680.331	13.664
681.086	13.693
681.857	13.721
682.652	13.747
683.482	13.771
684.368	13.791
685.318	13.806
686.341	13.815
687.449	13.818
688.658	13.813
689.994	13.799
691.450	13.775
693.045	13.741
694.764	13.698
696.596	13.646
698.556	13.584
700.572	13.518
702.605	13.450
704.626	13.383
706.570	13.321
708.384	13.268
710.028	13.227
711.500	13.198
712.778	13.183
713.871	13.181
714.810	13.190
715.600	13.210
716.253	13.240
716.803	13.279
717.271	13.323
717.676	13.373
718.037	13.427
718.362	13.484
718.664	13.543
718.963	13.604
719.272	13.664
719.598	13.724
719.952	13.782
720.353	13.838
720.823	13.889
721.354	13.935
721.956	13.977
722.651	14.012
723.450	14.038
724.336	14.058
725.297	14.072
726.347	14.078
727.439	14.080
728.557	14.079
729.666	14.079
730.758	14.080
731.829	14.082
732.879	14.086
733.949	14.090
735.073	14.091
736.321	14.085
737.794	14.063
739.588	14.021
741.840	13.948
744.661	13.836
748.122	13.682
752.147	13.490
756.656	13.268
761.255	13.041
765.677	12.829
769.641	12.647
773.061	12.502
775.963	12.390
778.376	12.309
780.374	12.254
782.017	12.221
783.399	12.203
784.548	12.199
785.553	12.204
786.428	12.217
787.250	12.233
787.979	12.255
788.649	12.280
789.294	12.307
789.887	12.337
790.486	12.367
791.045	12.399
791.598	12.432
792.098	12.467
792.569	12.505
793.057	12.541
793.487	12.581
793.892	12.623
794.294	12.665
794.657	12.710
795.012	12.755
795.351	12.802
795.676	12.850
796.014	12.898
796.350	12.946
796.703	12.994
797.100	13.039
797.537	13.083
798.041	13.124
798.659	13.158
799.388	13.186
800.291	13.204
801.392	13.210
802.686	13.204
804.212	13.185
805.969	13.150
807.943	13.102
809.987	13.048
812.016	12.994
814.006	12.940
815.830	12.896
817.445	12.863
818.877	12.842
820.096	12.833
821.152	12.835
822.098	12.844
822.961	12.858
823.768	12.876
824.592	12.894
825.423	12.912
826.290	12.929
827.190	12.943
828.152	12.954
829.168	12.962
830.186	12.969
831.312	12.970
832.420	12.972
833.505	12.975
834.608	12.976
835.661	12.980
836.697	12.984
837.676	12.992
838.636	13.002
839.564	13.013
840.463	13.026
841.358	13.040
842.246	13.054
843.187	13.065
844.151	13.076
845.158	13.084
846.236	13.088
847.359	13.090
848.522	13.089
849.735	13.085
851.004	13.077
852.301	13.068
853.557	13.061
854.821	13.052
856.029	13.047
857.166	13.045
858.257	13.046
859.276	13.051
860.243	13.059
861.124	13.071
861.926	13.089
862.684	13.109
863.379	13.133
864.045	13.158
864.660	13.187
865.246	13.218
865.822	13.249
866.372	13.283
866.925	13.316
867.489	13.350
868.061	13.383
868.686	13.413
869.333	13.442
870.050	13.468
870.833	13.489
871.657	13.509
872.588	13.522
873.588	13.531
874.684	13.533
875.827	13.533
876.993	13.531
878.188	13.526
879.364	13.522
880.510	13.520
881.583	13.521
882.588	13.526
883.487	13.537
884.281	13.554
885.002	13.576
885.628	13.604
886.165	13.638
886.655	13.674
887.076	13.715
887.443	13.760
887.785	13.807
888.096	13.856
888.378	13.908
888.651	13.960
888.915	14.013
889.181	14.067
889.444	14.122
889.720	14.176
890.027	14.228
890.373	14.279
890.753	14.328
891.224	14.372
891.806	14.409
892.542	14.438
893.471	14.454
894.674	14.454
896.247	14.431
898.261	14.380
900.707	14.302
903.585	14.196
906.810	14.067
910.176	13.928
913.429	13.794
916.347	13.681
918.855	13.592
920.935	13.529
922.649	13.488
924.079	13.465
925.250	13.458
926.241	13.463
927.105	13.475
927.861	13.494
928.566	13.516
929.232	13.541
929.847	13.569
930.454	13.598
931.035	13.629
931.596	13.660
932.170	13.692
932.750	13.723
933.333	13.754
933.950	13.784
934.626	13.811
935.369	13.834
936.217	13.853
937.234	13.862
938.477	13.860
940.051	13.840
942.032	13.799
944.550	13.729
947.610	13.629
951.210	13.500
955.082	13.356
959.087	13.202
962.806	13.062
966.011	12.948
968.640	12.863
970.723	12.808
972.288	12.779
973.488	12.771
974.421	12.776
975.168	12.792
975.792	12.815
976.354	12.842
976.856	12.872
977.358	12.903
977.845	12.935
978.367	12.966
978.913	12.995
979.493	13.023
980.132	13.048
980.766	13.074
981.473	13.096
982.203	13.116
982.995	13.134
983.833	13.149
984.685	13.164
985.583	13.176
986.546	13.186
987.535	13.194
988.631	13.196
989.752	13.198
990.963	13.195
992.308	13.186
993.711	13.175
995.285	13.154
996.968	13.129
998.736	13.099
1000.591	13.065
1002.539	13.026
1004.454	12.988
1006.399	12.948
1008.177	12.915
1009.898	12.885
1011.478	12.862
1012.922	12.845
1014.246	12.834
1015.440	12.830
1016.554	12.830
1017.608	12.832
1018.582	12.839
1019.551	12.846
1020.465	12.856
1021.387	12.866
1022.257	12.878
1023.153	12.889
1024.046	12.900
1024.925	12.912
1025.847	12.922
1026.698	12.935
1027.618	12.945
1028.428	12.960
1029.306	12.971
1030.122	12.986
1030.969	12.999
1031.796	13.014
1032.638	13.027
1033.497	13.040
1034.375	13.053
1035.286	13.064
1036.249	13.073
1037.292	13.079
1038.437	13.080
1039.695	13.076
1041.082	13.066
1042.612	13.049
1044.279	13.026
1046.017	13.000
1047.867	12.968
1049.709	12.935
1051.588	12.901
1053.361	12.870
1055.080	12.842
1056.622	12.821
1058.018	12.807
1059.228	12.801
1060.290	12.802
1061.205	12.810
1062.001	12.823
1062.696	12.841
1063.285	12.864
1063.829	12.889
1064.285	12.919
1064.733	12.949
1065.111	12.983
1065.494	13.016
1065.844	13.052
1066.198	13.088
1066.547	13.124
1066.901	13.160
1067.269	13.195
1067.640	13.231
1068.039	13.266
1068.442	13.300
1068.892	13.333
1069.382	13.364
1069.925	13.393
1070.545	13.419
1071.232	13.441
1072.037	13.458
1072.934	13.471
1073.955	13.478
1075.115	13.479
1076.450	13.471
1077.938	13.456
1079.613	13.432
1081.412	13.402
1083.331	13.366
1085.277	13.327
1087.256	13.287
1089.143	13.250
1090.966	13.216
1092.639	13.189
1094.176	13.168
1095.555	13.154
1096.794	13.147
1097.910	13.145
1098.906	13.150
1099.816	13.159
1100.665	13.170
1101.485	13.184
1102.263	13.199
1103.058	13.214
1103.819	13.231
1104.633	13.245
1105.400	13.262
1106.244	13.275
1107.019	13.291
1107.856	13.304
1108.659	13.319
1109.486	13.332
1110.292	13.347
1111.083	13.362
1111.860	13.377
1112.587	13.395
1113.289	13.414
1113.919	13.436
1114.523	13.459
1115.094	13.484
1115.614	13.512
1116.120	13.540
1116.561	13.572
1116.997	13.604
1117.386	13.638
1117.757	13.673
1118.103	13.710
1118.422	13.748
1118.745	13.787
1119.041	13.827
1119.349	13.866
1119.640	13.907
1119.945	13.947
1120.255	13.987
1120.568	14.028
1120.901	14.067
1121.267	14.106
1121.658	14.143
1122.117	14.177
1122.610	14.210
1123.215	14.237
1123.901	14.261
1124.765	14.277
1125.827	14.283
1127.154	14.277
1128.843	14.253
1130.943	14.210
1133.600	14.140
1136.758	14.046
1140.491	13.926
1144.652	13.784
1149.025	13.633
1153.384	13.482
1157.410	13.347
1160.982	13.233
1164.041	13.142
1166.559	13.076
1168.675	13.028
1170.362	13.000
1171.764	12.985
1172.908	12.981
1173.858	12.986
1174.653	12.998
1175.314	13.015
1175.889	13.037
1176.377	13.063
1176.820	13.090
1177.182	13.122
1177.537	13.154
1177.827	13.189
1178.107	13.224
1178.343	13.262
1178.576	13.300
1178.774	13.340
1178.976	13.380
1179.149	13.421
1179.330	13.462
1179.489	13.505
1179.659	13.547
1179.812	13.591
1179.980	13.633
1180.136	13.677
1180.311	13.720
1180.492	13.763
1180.695	13.806
1180.922	13.848
1181.182	13.888
1181.494	13.927
1181.864	13.963
1182.329	13.995
1182.890	14.023
1183.605	14.045
1184.497	14.059
1185.663	14.060
1187.102	14.050
1188.961	14.020
1191.172	13.974
1193.839	13.908
1196.827	13.825
1199.982	13.735
1203.189	13.640
1206.179	13.555
1208.986	13.476
1211.353	13.417
1213.369	13.373
1214.956	13.349
1216.256	13.337
1217.267	13.338
1218.084	13.348
1218.741	13.366
1219.274	13.389
1219.736	13.416
1220.121	13.447
1220.482	13.479
1220.795	13.513
1221.109	13.547
1221.391	13.584
1221.685	13.619
1221.967	13.656
1222.257	13.692
1222.549	13.729
1222.848	13.765
1223.165	13.801
1223.482	13.837
1223.833	13.872
1224.176	13.907
1224.567	13.940
1224.942	13.974
1225.373	14.005
1225.789	14.037
1226.260	14.067
1226.728	14.098
1227.269	14.125
1227.830	14.151
1228.479	14.174
1229.214	14.193
1230.077	14.207
1231.148	14.212
1232.447	14.207
1234.158	14.185
1236.273	14.147
1239.091	14.078
1242.547	13.982
1246.742	13.854
1251.454	13.704
1256.329	13.545
1261.133	13.387
1265.267	13.257
1268.816	13.151
1271.520	13.081
1273.639	13.035
1275.243	13.011
1276.451	13.004
1277.453	13.006
1278.230	13.017
1278.950	13.032
1279.570	13.050
1280.163	13.071
1280.748	13.091
1281.327	13.113
1281.923	13.133
1282.541	13.154
1283.166	13.173
1283.851	13.191
1284.525	13.209
1285.263	13.224
1286.003	13.240
1286.776	13.254
1287.604	13.266
1288.379	13.280
1289.265	13.290
1290.055	13.303
1290.968	13.311
1291.782	13.324
1292.692	13.332
1293.525	13.344
1294.415	13.353
1295.285	13.363
1296.185	13.372
1297.088	13.381
1298.048	13.388
1299.034	13.394
1300.091	13.398
1301.241	13.398
1302.469	13.396
1303.830	13.388
1305.311	13.376
1306.902	13.359
1308.695	13.335
1310.633	13.305
1312.568	13.275
1314.729	13.236
1316.742	13.202
1318.904	13.163
1320.944	13.128
1322.901	13.095
1324.735	13.067
1326.463	13.044
1328.016	13.026
1329.467	13.013
1330.797	13.004
1331.952	13.002
1333.161	12.998
1334.182	13.001
1335.206	13.005
1336.143	13.011
1337.006	13.020
1337.899	13.028
1338.717	13.039
1339.515	13.051
1340.315	13.063
1341.054	13.077
1341.781	13.091
1342.514	13.106
1343.182	13.122
1343.889	13.138
1344.563	13.155
1345.223	13.172
1345.937	13.187
1346.589	13.205
1347.297	13.221
1348.005	13.236
1348.685	13.253
1349.481	13.266
1350.208	13.281
1351.007	13.294
1351.811	13.306
1352.602	13.319
1353.499	13.328
1354.342	13.338
1355.257	13.347
1356.155	13.355
1357.083	13.363
1358.041	13.369
1359.013	13.375
1360.010	13.381
1361.022	13.385
1362.093	13.388
1363.195	13.389
1364.363	13.388
1365.550	13.386
1366.828	13.381
1368.153	13.375
1369.562	13.365
1371.080	13.351
1372.607	13.337
1374.273	13.318
1375.917	13.299
1377.647	13.277
1379.319	13.257
1381.007	13.236
1382.642	13.217
1384.234	13.199
1385.772	13.183
1387.155	13.173
1388.502	13.163
1389.676	13.160
1390.774	13.160
1391.778	13.163
1392.636	13.172
1393.473	13.181
1394.189	13.195
1394.838	13.211
1395.421	13.230
1395.923	13.252
1396.402	13.274
1396.844	13.299
1397.223	13.325
1397.592	13.352
1397.909	13.382
1398.212	13.412
1398.500	13.442
1398.748	13.474
1399.007	13.506
1399.216	13.541
1399.447	13.574
1399.655	13.608
1399.847	13.643
1400.043	13.679
1400.218	13.715
1400.399	13.751
1400.561	13.788
1400.728	13.825
1400.894	13.862
1401.053	13.900
1401.216	13.937
1401.365	13.976
1401.530	14.014
1401.680	14.053
1401.847	14.091
1402.012	14.129
1402.187	14.168
1402.366	14.206
1402.553	14.244
1402.753	14.282
1402.977	14.319
1403.211	14.356
1403.483	14.392
1403.789	14.426
1404.156	14.458
1404.567	14.489
1405.095	14.515
1405.690	14.538
1406.505	14.553
1407.460	14.563
1408.725	14.559
1410.283	14.545
1412.271	14.513
1414.749	14.461
1417.792	14.387
1421.327	14.293
1425.377	14.178
1429.699	14.052
1434.237	13.918
1438.504	13.795
1442.639	13.677
1446.215	13.581
1449.404	13.500
1452.163	13.436
1454.516	13.388
1456.515	13.353
1458.277	13.328
1459.712	13.314
1460.999	13.306
1462.120	13.304
1463.035	13.310
1463.924	13.317
1464.672	13.329
1465.315	13.345
1465.957	13.361
1466.468	13.382
1466.960	13.403
1467.426	13.426
1467.796	13.452
1468.249	13.475
1468.599	13.503
1468.949	13.530
1469.303	13.557
1469.604	13.587
1469.950	13.614
1470.252	13.644
1470.569	13.673
1470.893	13.702
1471.205	13.732
1471.562	13.760
1471.932	13.788
1472.345	13.815
1472.826	13.839
1473.384	13.862
1474.086	13.879
1475.013	13.889
1476.181	13.891
1477.782	13.879
1479.988	13.846
1482.833	13.792
1486.586	13.707
1491.271	13.590
1496.765	13.445
1502.625	13.287
1508.668	13.122
1514.196	12.973
1518.822	12.853
1522.739	12.757
1525.708	12.692
1527.959	12.652
1529.734	12.628
1531.137	12.617
1532.262	12.615
1533.233	12.619
1534.159	12.624
1534.992	12.633
1535.791	12.643
1536.663	12.651
1537.498	12.661
1538.332	12.670
1539.282	12.676
1540.191	12.683
1541.120	12.690
1542.178	12.693
1543.157	12.698
1544.177	12.702
1545.294	12.702
1546.308	12.706
1547.381	12.708
1548.483	12.709
1549.555	12.711
1550.665	12.712
1551.750	12.714
1552.845	12.715
1553.969	12.716
1555.039	12.718
1556.116	12.719
1557.217	12.721
1558.323	12.722
1559.394	12.723
1560.457	12.726
1561.554	12.727
1562.586	12.730
1563.583	12.733
1564.613	12.736
1565.573	12.741
1566.468	12.748
1567.395	12.754
1568.260	12.761
1569.008	12.772
1569.805	12.782
1570.529	12.794
1571.115	12.810
1571.774	12.824
1572.353	12.840
1572.834	12.859
1573.377	12.877
1573.835	12.897
1574.242	12.919
1574.685	12.939
1575.060	12.962
1575.424	12.986
1575.801	13.009
1576.156	13.033
1576.522	13.056
1576.881	13.080
1577.251	13.104
1577.645	13.128
1578.039	13.151
1578.481	13.173
1578.949	13.194
1579.453	13.214
1580.046	13.232
1580.659	13.249
1581.370	13.263
1582.219	13.273
1583.039	13.284
1584.051	13.289
1585.213	13.289
1586.418	13.288
1587.865	13.280
1589.446	13.267
1591.157	13.250
1593.081	13.227
1595.065	13.201
1597.230	13.170
1599.433	13.138
1601.745	13.102
1604.161	13.062
1606.399	13.028
1608.679	12.993
1610.951	12.958
1612.959	12.930
1614.885	12.905
1616.749	12.882
1618.370	12.866
1619.840	12.855
1621.234	12.846
1622.435	12.842
1623.506	12.843
1624.476	12.846
1625.319	12.854
1626.062	12.864
1626.728	12.877
1627.325	12.892
1627.845	12.909
1628.304	12.929
1628.732	12.949
1629.108	12.971
1629.429	12.994
1629.738	13.019
1630.022	13.044
1630.253	13.070
1630.494	13.097
1630.726	13.124
1630.902	13.153
1631.104	13.181
1631.296	13.210
1631.441	13.240
1631.621	13.269
1631.787	13.299
1631.928	13.329
1632.103	13.359
1632.255	13.390
1632.404	13.420
1632.585	13.450
1632.730	13.481
1632.892	13.512
1633.073	13.542
1633.224	13.574
1633.409	13.604
1633.603	13.634
1633.782	13.665
1634.008	13.695
1634.227	13.725
1634.442	13.755
1634.709	13.783
1634.968	13.812
1635.247	13.840
1635.565	13.867
1635.891	13.894
1636.264	13.920
1636.657	13.944
1637.061	13.969
1637.529	13.991
1638.021	14.013
1638.566	14.033
1639.146	14.052
1639.769	14.069
1640.431	14.085
1641.110	14.100
1641.892	14.112
1642.654	14.125
1643.487	14.135
1644.398	14.142
1645.248	14.151
1646.231	14.156
1647.176	14.162
1648.147	14.167
1649.203	14.169
1650.185	14.174
1651.286	14.175
1652.421	14.174
1653.611	14.172
1654.887	14.167
1656.242	14.160
1657.811	14.146
1659.492	14.128
1661.447	14.102
1663.728	14.066
1666.263	14.021
1669.151	13.965
1672.389	13.897
1675.879	13.821
1679.372	13.745
1683.048	13.662
1686.563	13.584
1689.635	13.520
1692.600	13.459
1695.107	13.412
1697.126	13.382
1698.968	13.357
1700.497	13.342
1701.745	13.336
1702.912	13.334
1703.985	13.335
1705.008	13.338
1706.071	13.340
1707.253	13.340
1708.646	13.334
1710.194	13.325
1712.116	13.305
1714.509	13.272
1717.153	13.232
1720.387	13.175
1724.078	13.105
1727.921	13.031
1732.100	12.947
1736.233	12.863
1739.993	12.789
1743.547	12.720
1746.608	12.665
1749.133	12.624
1751.306	12.593
1752.995	12.575
1754.370	12.566
1755.470	12.564
1756.308	12.570
1757.011	12.580
1757.592	12.594
1758.066	12.610
1758.479	12.629
1758.858	12.648
1759.183	12.669
1759.474	12.691
1759.770	12.713
1760.056	12.735
1760.321	12.758
1760.600	12.781
1760.882	12.804
1761.133	12.828
1761.410	12.851
1761.712	12.873
1761.979	12.897
1762.267	12.920
1762.597	12.942
1762.891	12.965
1763.197	12.988
1763.549	13.009
1763.876	13.031
1764.209	13.054
1764.586	13.075
1764.946	13.096
1765.309	13.118
1765.695	13.138
1766.099	13.159
1766.495	13.180
1766.907	13.200
1767.316	13.220
1767.742	13.240
1768.169	13.260
1768.579	13.281
1769.032	13.300
1769.469	13.320
1769.865	13.341
1770.338	13.360
1770.781	13.379
1771.156	13.401
1771.640	13.420
1772.083	13.439
1772.452	13.461
1772.928	13.480
1773.367	13.500
1773.737	13.523
1774.217	13.542
1774.641	13.562
1775.033	13.584
1775.540	13.603
1775.982	13.623
1776.421	13.644
1776.983	13.661
1777.494	13.679
1778.043	13.697
1778.708	13.711
1779.380	13.725
1780.149	13.737
1781.023	13.745
1782.027	13.750
1783.234	13.749
1784.525	13.746
1786.100	13.734
1788.020	13.713
1790.042	13.689
1792.479	13.652
1795.240	13.606
1798.212	13.555
1801.480	13.494
1804.751	13.433
1808.169	13.367
1811.576	13.301
1814.600	13.246
1817.474	13.195
1820.128	13.150
1822.289	13.119
1824.184	13.096
1825.826	13.079
1827.236	13.069
1828.424	13.066
1829.382	13.069
1830.257	13.075
1831.031	13.083
1831.655	13.096
1832.226	13.110
1832.798	13.125
1833.319	13.141
1833.759	13.160
1834.220	13.178
1834.712	13.195
1835.123	13.214
1835.520	13.234
1836.022	13.251
1836.469	13.270
1836.865	13.290
1837.349	13.308
1837.828	13.326
1838.229	13.346
1838.693	13.364
1839.209	13.381
1839.628	13.401
1840.064	13.420
1840.575	13.437
1841.014	13.457
1841.449	13.476
1841.929	13.494
1842.361	13.514
1842.789	13.533
1843.239	13.552
1843.675	13.572
1844.111	13.592
1844.549	13.611
1845.014	13.630
1845.505	13.649
1845.995	13.667
1846.541	13.684
1847.184	13.699
1847.865	13.713
1848.615	13.724
1849.556	13.731
1850.661	13.733
1851.850	13.733
1853.307	13.725
1855.142	13.707
1857.103	13.685
1859.344	13.655
1861.992	13.614
1864.706	13.570
1867.629	13.521
1870.692	13.467
1873.667	13.415
1876.570	13.364
1879.328	13.318
1881.747	13.281
1883.922	13.250
1885.908	13.225
1887.610	13.207
1889.050	13.197
1890.313	13.192
1891.530	13.188
1892.502	13.191
1893.326	13.198
1894.197	13.204
1894.957	13.213
1895.584	13.226
1896.241	13.238
1896.916	13.250
1897.472	13.265
1898.015	13.280
1898.595	13.294
1899.103	13.311
1899.611	13.327
1900.120	13.344
1900.596	13.361
1901.081	13.378
1901.558	13.396
1902.017	13.414
1902.517	13.431
1903.039	13.447
1903.528	13.465
1904.085	13.481
1904.725	13.494
1905.369	13.508
1906.102	13.520
1906.980	13.527
1907.974	13.532
1909.091	13.534
1910.421	13.530
1911.983	13.520
1913.754	13.504
1915.793	13.482
1918.066	13.453
1920.510	13.419
1923.285	13.376
1926.169	13.331
1928.912	13.288
1931.794	13.241
1934.706	13.194
1937.200	13.157
1939.459	13.126
1941.765	13.094
1943.721	13.071
1945.355	13.057
1946.922	13.044
1948.404	13.035
1949.700	13.030
1950.929	13.027
1952.174	13.024
1953.462	13.020
1954.775	13.017
1956.154	13.011
1957.596	13.005
1959.267	12.992
1961.084	12.977
1962.925	12.961
1964.873	12.942
1967.154	12.915
1969.466	12.887
1971.548	12.864
1973.756	12.838
1976.125	12.808
1978.225	12.784
1980.081	12.766
1981.897	12.748
1983.628	12.733
1985.075	12.724
1986.320	12.720
1987.410	12.720
1988.416	12.721
1989.274	12.727
1989.951	12.737
1990.494	12.750
1991.093	12.762
1991.558	12.777
1991.885	12.795
1992.162	12.815
1992.549	12.833
1992.803	12.853
1992.971	12.876
1993.170	12.898
1993.415	12.919
1993.564	12.943
1993.661	12.968
1993.821	12.991
1993.981	13.015
1994.070	13.040
1994.138	13.066
1994.293	13.090
1994.406	13.115
1994.450	13.142
1994.522	13.168
1994.656	13.193
1994.724	13.220
1994.759	13.247
1994.856	13.273
1994.950	13.300
1994.975	13.328
1995.011	13.355
1995.126	13.381
1995.173	13.409
1995.190	13.438
1995.269	13.465
1995.339	13.492
1995.355	13.521
1995.384	13.550
1995.473	13.577
1995.499	13.606
1995.501	13.636
1995.583	13.664
1995.623	13.693
1995.628	13.723
1995.675	13.752
1995.730	13.781
1995.737	13.811
1995.753	13.842
1995.819	13.870
1995.833	13.901
1995.826	13.932
1995.896	13.961
1995.917	13.992
1995.912	14.023
1995.962	14.053
1995.990	14.084
1995.988	14.116
1996.021	14.147
1996.054	14.178
1996.054	14.210
1996.075	14.242
1996.111	14.273
1996.113	14.305
1996.125	14.338
1996.163	14.369
1996.165	14.402
1996.172	14.435
1996.209	14.467
1996.212	14.500
1996.215	14.533
1996.251	14.565
1996.254	14.599
1996.256	14.633
1996.290	14.666
1996.291	14.700
1996.295	14.734
1996.325	14.767
1996.324	14.801
1996.331	14.836
1996.357	14.870
1996.353	14.905
1996.366	14.939
1996.388	14.974
1996.379	15.009
1996.399	15.044
1996.416	15.079
1996.402	15.115
1996.432	15.150
1996.443	15.186
1996.427	15.222
1996.459	15.258
1996.461	15.294
1996.459	15.331
1996.483	15.367
1996.477	15.404
1996.490	15.440
1996.506	15.477
1996.490	15.515
1996.518	15.551
1996.523	15.589
1996.516	15.627
1996.540	15.664
1996.534	15.702
1996.547	15.740
1996.561	15.778
1996.542	15.817
1996.570	15.855
1996.570	15.894
1996.573	15.933
1996.590	15.972
1996.575	16.012
1996.598	16.050
1996.601	16.090
1996.600	16.130
1996.618	16.169
1996.604	16.210
1996.625	16.250
1996.627	16.290
1996.627	16.331
1996.643	16.371
1996.627	16.413
1996.650	16.453
1996.648	16.495
1996.655	16.536
1996.666	16.578
1996.654	16.620
1996.675	16.662
1996.665	16.704
1996.680	16.746
1996.683	16.789
1996.685	16.832
1996.697	16.874
1996.685	16.918
1996.704	16.961
1996.695	17.005
1996.709	17.048
1996.709	17.092
1996.714	17.136
1996.722	17.180
1996.718	17.224
1996.733	17.269
1996.719	17.314
1996.738	17.358
1996.729	17.404
1996.743	17.449
1996.740	17.495
1996.748	17.541
1996.751	17.587
1996.753	17.633
1996.760	17.679
1996.757	17.726
1996.769	17.772
1996.762	17.820
1996.777	17.866
1996.766	17.915
1996.782	17.962
1996.771	18.010
1996.788	18.057
1996.778	18.106
1996.793	18.154
1996.785	18.203
1996.798	18.252
1996.792	18.301
1996.803	18.350
1996.798	18.400
1996.809	18.450
1996.803	18.500
1996.814	18.550
1996.808	18.601
1996.820	18.651
1996.813	18.702
1996.826	18.753
1996.818	18.805
1996.831	18.856
1996.822	18.908
1996.836	18.960
1996.828	19.012
1996.840	19.064
1996.834	19.117
1996.843	19.170
1996.840	19.224
1996.846	19.277
1996.847	19.331
1996.849	19.385
1996.853	19.439
1996.852	19.493
1996.860	19.548
1996.854	19.603
1996.864	19.658
1996.858	19.713
1996.866	19.769
1996.865	19.825
1996.868	19.881
1996.872	19.937
1996.870	19.994
1996.878	20.051
1996.871	20.108
1996.880	20.165
1996.878	20.223
1996.882	20.281
1996.885	20.339
1996.882	20.398
1996.890	20.456
1996.886	20.516
1996.891	20.575
1996.893	20.634
1996.892	20.694
1996.898	20.754
1996.895	20.815
1996.899	20.875
1996.902	20.936
1996.900	20.997
1996.906	21.058
1996.904	21.120
1996.906	21.182
1996.911	21.244
1996.906	21.307
1996.912	21.370
1996.914	21.433
1996.912	21.497
1996.917	21.560
1996.917	21.624
1996.917	21.689
1996.922	21.753
1996.920	21.818
1996.922	21.883
1996.926	21.949
1996.924	22.015
1996.926	22.081
1996.929	22.147
1996.927	22.214
1996.929	22.281
1996.933	22.348
1996.931	22.415
1996.933	22.483
1996.936	22.551
1996.936	22.620
1996.936	22.689
1996.939	22.758
1996.940	22.827
1996.939	22.897
1996.942	22.967
1996.944	23.038
1996.942	23.108
1996.944	23.179
1996.946	23.251
1996.947	23.322
1996.946	23.395
1996.948	23.467
1996.950	23.539
1996.950	23.613
1996.950	23.686
1996.953	23.759
1996.954	23.833
1996.953	23.908
