<j>	var(j)
1.204	0.256
2.624	0.350
3.344	0.349
4.655	0.676
5.926	0.436
6.737	0.983
8.659	2.011
10.168	1.431
11.100	1.253
11.969	1.487
13.147	2.582
14.887	2.616
16.057	1.754
16.859	1.257
17.489	0.862
18.003	0.684
18.544	0.854
19.456	1.723
21.199	3.685
23.400	3.419
24.669	2.244
25.537	2.437
26.565	2.884
27.725	2.774
28.764	2.587
29.755	2.616
30.745	2.640
31.767	3.649
33.234	5.362
34.987	4.404
36.121	2.641
36.823	2.584
37.620	3.938
38.918	6.418
40.787	7.488
42.499	6.576
43.855	7.044
45.277	8.099
46.794	7.583
48.086	5.716
49.019	4.178
49.718	3.410
50.328	3.189
50.942	3.459
51.662	4.307
52.610	5.651
53.851	6.737
55.228	6.509
56.452	5.423
57.442	4.855
58.354	5.413
59.411	7.433
60.866	11.294
62.914	15.315
65.253	14.796
67.131	10.396
68.334	7.018
69.147	5.497
69.811	4.933
70.438	4.864
71.088	5.192
71.815	5.870
72.664	6.735
73.653	7.422
74.734	7.509
75.804	6.863
76.764	5.855
77.585	4.969
78.301	4.489
78.977	4.453
79.683	4.765
80.465	5.238
81.344	5.753
82.316	6.350
83.389	7.214
84.600	8.404
85.971	9.520
87.440	9.871
88.868	9.332
90.150	8.439
91.285	7.543
92.287	6.633
93.165	5.749
93.940	5.037
94.634	4.569
95.289	4.290
95.927	4.159
96.567	4.209
97.247	4.545
98.009	5.278
98.922	6.350
100.019	7.394
101.254	8.003
102.537	8.281
103.825	8.921
105.197	10.610
106.789	13.467
108.699	16.454
110.790	17.221
112.746	15.029
114.299	11.761
115.476	9.127
116.385	7.416
117.138	6.361
117.802	5.783
118.427	5.655
119.065	6.044
119.774	7.013
120.624	8.543
121.667	10.389
122.918	12.354
124.361	14.723
126.027	18.344
128.002	22.819
130.265	24.981
132.478	22.009
134.241	16.156
135.470	11.174
136.312	8.197
136.952	6.680
137.490	6.118
138.008	6.261
138.560	7.148
139.219	9.009
140.076	12.322
141.262	17.734
142.948	25.943
145.259	35.849
148.161	43.499
151.237	44.386
154.009	39.395
156.261	33.096
158.051	27.913
159.523	23.657
160.746	19.913
161.768	16.449
162.617	13.365
163.305	10.950
163.886	9.147
164.378	8.001
164.820	7.400
165.249	7.307
165.679	7.707
166.156	8.628
166.702	10.111
167.358	12.135
168.174	14.561
169.140	16.796
170.253	18.143
171.447	17.966
172.587	16.194
173.610	13.585
174.457	11.126
175.156	9.538
175.777	9.148
176.388	10.028
177.083	12.188
177.965	15.513
179.071	19.107
180.413	21.644
181.898	21.644
183.303	18.865
184.486	14.829
185.405	11.233
186.104	9.026
186.684	8.365
187.249	9.230
187.894	11.761
188.754	16.428
189.965	23.378
191.647	31.365
193.784	37.046
196.135	36.703
198.262	31.188
199.967	24.902
201.297	20.687
202.404	19.034
203.432	18.978
204.465	19.419
205.522	19.598
206.579	19.057
207.605	17.757
208.555	16.118
209.411	14.717
210.202	13.995
210.975	14.450
211.781	16.527
212.723	20.552
213.913	26.641
215.436	33.787
217.307	39.344
219.382	40.042
221.363	35.136
223.015	27.421
224.268	20.322
225.188	15.672
225.908	13.820
226.566	14.331
227.265	16.841
228.107	21.258
229.188	27.435
230.570	34.403
232.261	40.248
234.174	42.692
236.112	40.432
237.859	34.452
239.306	27.188
240.426	20.676
241.276	15.714
241.923	12.267
242.438	10.090
242.875	8.953
243.274	8.731
243.671	9.480
244.121	11.485
244.688	15.275
245.458	21.437
246.543	30.256
248.068	41.240
250.090	51.583
252.486	56.596
254.931	53.739
257.126	45.436
258.894	36.223
260.274	29.062
261.371	24.284
262.298	21.156
263.116	18.836
263.844	16.865
264.501	15.077
265.096	13.420
265.634	11.992
266.122	10.987
266.574	10.552
267.023	10.920
267.503	12.514
268.067	16.066
268.803	22.852
269.883	35.040
271.544	54.405
274.038	79.192
277.388	99.366
281.245	101.410
284.797	83.048
287.446	57.568
289.190	36.807
290.299	23.476
291.000	15.724
291.479	11.271
291.833	8.670
292.108	7.058
292.339	6.011
292.542	5.289
292.723	4.789
292.893	4.461
293.054	4.284
293.215	4.260
293.378	4.430
293.555	4.867
293.752	5.705
293.992	7.155
294.306	9.625
294.741	13.689
295.373	20.276
296.309	30.426
297.718	44.874
299.766	62.513
302.496	78.173
305.625	84.718
308.752	79.923
311.505	68.598
313.761	57.054
315.596	47.939
317.102	41.247
318.374	36.143
319.503	32.070
320.502	28.889
321.403	26.546
322.237	25.024
323.024	24.413
323.797	24.583
324.587	25.631
325.431	27.343
326.329	29.425
327.282	31.394
328.307	32.875
329.385	33.539
330.479	33.065
331.544	31.327
332.541	28.625
333.464	25.334
334.271	22.022
334.977	18.899
335.589	16.304
336.119	14.244
336.588	12.778
337.024	11.842
337.423	11.414
337.829	11.526
338.243	12.235
338.688	13.545
339.195	15.708
339.796	18.974
340.534	23.508
341.442	29.452
342.597	36.871
344.018	45.354
345.748	54.237
347.760	62.553
350.014	69.688
352.428	75.058
354.908	78.362
357.398	78.493
359.774	74.658
361.986	66.903
363.931	56.369
365.503	45.392
366.744	35.646
367.705	27.958
368.472	22.472
369.104	19.168
369.647	17.698
370.152	17.661
370.669	18.968
371.234	21.634
371.883	25.636
372.685	31.197
373.650	38.128
374.834	46.170
376.236	54.476
377.880	61.873
379.700	66.904
381.654	68.646
383.595	66.735
385.421	62.377
387.093	57.115
388.593	52.094
389.954	47.969
391.216	45.102
392.401	43.695
393.541	43.531
394.671	44.390
395.824	46.029
397.013	48.034
398.261	49.692
399.540	50.884
400.848	51.206
402.148	50.256
403.408	47.933
404.606	44.320
405.712	39.780
406.703	34.855
407.567	30.088
408.308	25.914
408.954	22.484
409.509	20.028
410.013	18.355
410.491	17.586
410.958	17.890
411.439	19.386
411.963	22.135
412.560	26.161
413.289	31.845
414.196	39.162
415.293	47.621
416.633	56.565
418.195	64.302
419.932	69.009
421.773	69.230
423.561	64.723
425.212	56.552
426.618	47.083
427.772	38.059
428.700	30.705
429.451	25.403
430.071	22.185
430.626	20.629
431.158	20.895
431.711	23.008
432.328	27.168
433.054	33.544
433.960	42.381
435.116	53.630
436.575	66.853
438.376	80.506
440.485	91.821
442.812	98.290
445.243	98.285
447.571	92.745
449.716	83.690
451.589	73.959
453.226	65.417
454.663	58.677
455.950	53.484
457.127	49.291
458.213	45.683
459.215	42.311
460.121	39.019
460.963	35.828
461.745	32.805
462.472	29.979
463.142	27.501
463.760	25.457
464.336	23.838
464.868	22.695
465.380	22.119
465.890	22.106
466.408	22.689
466.952	23.893
467.530	25.738
468.161	28.216
468.841	31.010
469.594	34.215
470.439	37.748
471.384	41.318
472.419	44.610
473.511	47.194
474.663	48.728
475.857	48.924
477.034	47.745
478.175	45.683
479.268	43.107
480.300	40.529
481.267	38.410
482.175	37.232
483.070	37.235
483.968	38.456
484.897	41.325
485.906	46.083
487.043	52.697
488.346	61.000
489.856	70.242
491.538	79.071
493.397	86.166
495.395	90.004
497.453	89.910
499.450	86.058
501.322	79.136
503.024	70.348
504.517	61.161
505.798	52.490
506.876	44.957
507.796	38.651
508.599	33.406
509.303	29.134
509.919	25.704
510.472	22.896
510.972	20.542
511.426	18.578
511.829	16.976
512.194	15.636
512.538	14.494
512.863	13.518
513.173	12.699
513.470	12.037
513.756	11.512
514.031	11.136
514.296	10.847
514.559	10.580
514.822	10.424
515.087	10.385
515.357	10.448
515.626	10.629
515.899	10.886
516.174	11.095
516.465	11.392
516.793	11.837
517.135	12.394
517.475	13.078
517.842	14.137
518.250	16.029
518.710	19.608
519.309	27.008
520.156	42.361
521.498	72.933
523.821	129.156
527.767	213.385
533.763	294.416
541.004	308.049
547.554	239.259
552.088	149.041
554.748	83.558
556.193	47.705
557.038	30.249
557.580	22.240
557.987	18.633
558.333	16.950
558.654	16.094
558.963	15.580
559.272	15.183
559.577	14.814
559.877	14.443
560.169	14.051
560.457	13.649
560.739	13.257
561.017	12.921
561.294	12.694
561.570	12.666
561.852	13.001
562.146	13.933
562.455	15.913
562.815	19.605
563.269	26.028
563.888	36.905
564.787	54.858
566.130	82.731
568.136	122.243
571.040	170.154
574.915	213.056
579.357	230.657
583.831	214.068
587.729	172.593
590.726	125.552
592.851	86.708
594.289	60.317
595.284	44.187
596.021	34.724
596.614	29.456
597.119	26.727
597.592	25.561
598.038	25.377
598.482	25.975
598.948	27.221
599.450	29.310
599.994	32.312
600.591	36.337
601.277	41.783
602.064	48.540
602.986	56.758
604.062	66.176
605.305	76.337
606.734	86.314
608.356	95.112
610.098	100.857
611.914	102.429
613.752	99.401
615.501	92.215
617.078	82.203
618.474	70.822
619.681	59.402
620.683	48.982
621.499	40.126
622.179	32.890
622.741	27.210
623.209	22.785
623.603	19.482
623.937	17.046
624.239	15.294
624.512	14.053
624.765	13.150
625.002	12.565
625.238	12.279
625.471	12.221
625.707	12.345
625.945	12.653
626.193	13.160
626.457	13.877
626.735	14.793
627.038	15.923
627.361	17.264
627.719	18.911
628.114	20.877
628.554	23.199
629.045	25.964
629.608	29.306
630.245	33.346
630.979	38.284
631.813	44.365
632.781	52.042
633.917	61.458
635.255	72.756
636.846	86.046
638.707	100.265
640.833	113.567
643.185	123.524
645.715	128.074
648.240	125.329
650.622	116.010
652.756	102.259
654.606	86.811
656.168	71.890
657.447	59.056
658.489	48.911
659.355	41.372
660.098	35.999
660.750	32.456
661.338	30.292
661.894	29.267
662.443	29.119
662.989	29.470
663.542	30.128
664.114	30.875
664.710	31.659
665.320	32.286
665.942	32.716
666.574	32.928
667.216	32.925
667.862	32.696
668.499	32.354
669.140	32.025
669.772	31.917
670.402	32.172
671.043	33.005
671.713	34.707
672.426	37.435
673.196	41.351
674.054	46.674
675.029	53.486
676.146	61.561
677.422	70.509
678.883	79.765
680.505	88.340
682.278	95.175
684.169	99.632
686.115	101.538
688.059	100.972
689.969	99.011
691.819	96.465
693.601	93.777
695.312	91.694
696.992	90.698
698.629	90.547
700.236	91.312
701.857	92.981
703.506	95.043
705.170	98.019
706.880	102.137
708.648	107.205
710.487	112.909
712.389	119.135
714.389	125.766
716.481	132.431
718.633	138.200
720.855	142.566
723.118	145.267
725.388	146.340
727.633	144.880
729.809	140.777
731.890	134.870
733.859	127.109
735.708	118.380
737.398	108.992
738.964	99.819
740.375	91.259
741.635	83.419
742.807	76.574
743.880	70.719
744.888	65.881
745.810	61.523
746.669	58.000
747.495	54.812
748.248	51.752
749.000	49.055
749.709	46.369
750.350	43.630
750.977	40.982
751.571	38.388
752.129	35.801
752.640	33.343
753.123	31.054
753.587	29.015
754.017	27.251
754.411	25.934
754.805	25.133
755.190	24.960
755.570	25.581
755.966	27.331
756.392	30.386
756.874	35.283
757.430	42.415
758.126	52.372
758.983	65.648
760.062	82.685
761.408	102.866
763.040	124.104
765.018	144.712
767.310	160.694
769.818	168.056
772.300	164.353
774.659	150.614
776.819	129.669
778.646	105.892
780.120	83.075
781.251	63.683
782.106	48.258
782.773	36.354
783.271	27.814
783.647	21.905
783.961	17.742
784.215	15.185
784.426	13.760
784.630	13.057
784.827	13.128
785.021	13.824
785.234	15.203
785.471	17.400
785.742	20.692
786.077	25.511
786.487	32.399
787.007	42.349
787.715	57.171
788.661	78.273
789.955	108.238
791.725	147.825
794.156	197.988
797.324	252.080
801.194	298.608
805.567	322.390
810.098	314.299
814.305	276.804
817.856	224.444
820.635	171.930
822.693	128.151
824.243	94.196
825.367	70.513
826.218	54.507
826.875	44.514
827.421	38.396
827.890	34.815
828.328	33.183
828.741	32.522
829.165	33.029
829.593	34.237
830.033	35.997
830.500	38.387
830.991	41.277
831.540	44.738
832.155	49.017
832.795	53.809
833.520	59.543
834.334	66.328
835.198	73.799
836.206	82.193
837.329	91.471
838.545	101.059
839.912	110.872
841.380	119.748
842.966	127.391
844.627	133.069
846.388	135.925
848.129	135.716
849.889	133.105
851.553	128.135
853.172	122.115
854.685	115.435
856.128	109.544
857.464	103.891
858.759	99.843
859.984	97.333
861.187	96.845
862.385	97.840
863.589	100.115
864.807	103.154
866.090	107.073
867.390	110.874
868.767	114.923
870.149	118.330
871.592	120.902
873.062	122.012
874.520	121.794
875.960	119.571
877.398	116.058
878.754	111.286
880.073	105.480
881.313	98.639
882.465	91.706
883.524	84.082
884.508	76.737
885.377	69.829
886.207	63.195
886.928	57.452
887.612	52.131
888.225	47.625
888.786	43.670
889.304	40.519
889.792	37.973
890.243	36.308
890.683	35.254
891.114	34.842
891.537	35.201
891.973	35.808
892.412	37.037
892.884	38.833
893.365	41.014
893.903	43.884
894.444	46.669
895.053	49.873
895.684	52.844
896.379	55.840
897.115	58.630
897.850	60.712
898.641	62.341
899.432	63.304
900.251	63.607
901.071	63.293
901.915	62.403
902.719	61.371
903.525	60.417
904.308	59.884
905.074	60.510
905.872	61.766
906.691	65.190
907.553	70.471
908.500	78.539
909.550	89.507
910.749	103.175
912.117	119.112
913.728	137.040
915.519	154.509
917.576	170.354
919.745	180.815
922.039	185.416
924.373	182.406
926.593	173.237
928.666	158.747
930.591	141.465
932.221	123.727
933.681	107.234
934.920	92.897
936.010	81.274
936.953	72.258
937.809	65.151
938.572	60.248
939.275	56.669
939.945	54.805
940.601	54.095
941.252	54.896
941.912	57.070
942.607	60.802
943.351	66.159
944.168	72.954
945.061	81.595
946.067	92.075
947.206	103.927
948.508	117.139
949.934	129.910
951.539	141.813
953.235	150.496
955.032	155.121
956.890	154.757
958.681	149.509
960.434	139.506
962.034	126.052
963.466	111.046
964.714	95.302
965.789	80.633
966.686	67.469
967.448	56.298
968.078	47.241
968.610	40.392
969.072	35.077
969.480	31.671
969.844	29.469
970.189	28.627
970.524	28.854
970.868	30.331
971.234	32.728
971.635	36.289
972.091	40.877
972.596	46.655
973.174	53.166
973.830	60.955
974.588	69.560
975.481	79.517
976.474	90.024
977.628	101.415
978.869	112.920
980.279	124.681
981.831	136.267
983.514	148.362
985.318	160.302
987.272	172.830
989.332	185.503
991.557	197.928
993.889	209.679
996.289	218.217
998.824	222.525
1001.282	221.448
1003.756	214.219
1006.086	200.453
1008.268	181.957
1010.196	160.282
1011.906	137.096
1013.314	115.477
1014.498	95.513
1015.491	78.006
1016.292	63.423
1016.961	51.368
1017.484	42.092
1017.928	34.752
1018.287	29.094
1018.600	24.783
1018.858	21.592
1019.096	19.154
1019.299	17.441
1019.498	16.098
1019.672	15.240
1019.850	14.592
1020.012	14.243
1020.174	14.040
1020.330	14.083
1020.490	14.212
1020.658	14.556
1020.824	15.045
1021.012	15.751
1021.196	16.777
1021.413	18.108
1021.624	20.064
1021.870	22.577
1022.149	26.428
1022.479	31.877
1022.891	40.058
1023.405	52.359
1024.082	70.207
1025.004	97.564
1026.250	135.054
1028.035	189.112
1030.466	258.391
1033.751	340.554
1037.984	423.312
1042.913	483.001
1048.471	502.867
1053.844	472.806
1058.702	407.713
1062.723	329.224
1065.866	255.988
1068.328	197.211
1070.163	155.072
1071.621	125.811
1072.791	106.724
1073.793	94.002
1074.703	85.669
1075.492	79.814
1076.281	75.376
1076.976	71.683
1077.687	68.306
1078.323	65.144
1078.959	61.891
1079.558	58.652
1080.119	55.484
1080.671	52.262
1081.172	49.179
1081.665	46.205
1082.110	43.493
1082.547	41.001
1082.951	38.799
1083.338	36.958
1083.706	35.452
1084.063	34.416
1084.413	33.645
1084.754	33.532
1085.098	33.511
1085.452	34.475
1085.805	35.348
1086.184	37.289
1086.573	39.281
1086.995	42.232
1087.439	45.404
1087.930	49.445
1088.464	53.784
1089.047	58.786
1089.687	64.043
1090.399	69.903
1091.147	75.556
1091.993	81.743
1092.859	87.391
1093.836	93.275
1094.824	98.363
1095.917	103.228
1097.029	107.398
1098.200	110.982
1099.424	114.225
1100.638	116.888
1101.962	119.695
1103.191	122.473
1104.549	125.765
1105.852	129.020
1107.260	132.959
1108.668	136.725
1110.122	140.682
1111.635	144.076
1113.109	147.049
1114.704	149.027
1116.214	149.625
1117.800	148.604
1119.315	146.146
1120.824	141.618
1122.270	136.277
1123.644	129.250
1124.986	122.118
1126.202	114.071
1127.370	106.371
1128.433	98.854
1129.421	91.604
1130.347	84.879
1131.179	78.489
1131.997	72.775
1132.708	67.412
1133.411	62.615
1134.031	58.356
1134.635	54.288
1135.183	50.888
1135.700	47.445
1136.193	44.557
1136.641	41.716
1137.089	39.233
1137.474	36.862
1137.889	34.722
1138.231	32.783
1138.600	30.928
1138.910	29.354
1139.239	27.785
1139.524	26.393
1139.824	25.024
1140.085	23.781
1140.361	22.567
1140.599	21.451
1140.849	20.372
1141.062	19.414
1141.284	18.473
1141.479	17.649
1141.684	16.789
1141.865	16.055
1142.055	15.282
1142.225	14.629
1142.402	13.952
1142.564	13.378
1142.730	12.777
1142.875	12.285
1143.023	11.784
1143.161	11.381
1143.302	10.974
1143.436	10.663
1143.570	10.385
1143.697	10.217
1143.819	10.161
1143.945	10.100
1144.072	10.199
1144.209	10.368
1144.343	10.846
1144.486	11.656
1144.642	12.962
1144.818	15.277
1145.016	18.855
1145.277	25.110
1145.635	35.890
1146.153	54.343
1146.968	86.854
1148.221	140.263
1150.281	227.643
1153.606	359.368
1158.563	525.810
1165.601	691.339
1173.980	776.856
1182.731	737.396
1190.363	604.577
1196.232	453.182
1200.453	333.031
1203.568	257.338
1205.903	214.749
1207.913	195.239
1209.700	186.786
1211.423	183.451
1213.100	181.418
1214.822	178.177
1216.399	172.598
1218.018	164.362
1219.452	154.287
1220.859	141.970
1222.127	129.131
1223.264	115.972
1224.320	103.210
1225.218	91.804
1226.043	80.875
1226.767	71.812
1227.396	63.682
1227.976	57.189
1228.487	51.898
1228.950	47.447
1229.398	44.094
1229.780	41.623
1230.182	39.860
1230.534	38.922
1230.908	38.465
1231.270	38.795
1231.620	39.259
1232.005	40.479
1232.374	42.028
1232.792	44.153
1233.216	46.801
1233.670	49.935
1234.162	53.654
1234.675	57.887
1235.258	62.614
1235.867	68.036
1236.552	73.924
1237.278	80.572
1238.081	87.448
1238.948	95.158
1239.884	102.768
1240.907	110.764
1242.011	118.408
1243.168	125.773
1244.446	132.590
1245.709	138.088
1247.107	142.563
1248.471	145.289
1249.901	146.580
1251.315	146.175
1252.705	144.089
1254.123	140.936
1255.448	136.531
1256.757	131.667
1258.017	126.347
1259.193	121.369
1260.366	116.549
1261.440	112.846
1262.525	108.674
1263.566	106.663
1264.558	104.386
1265.568	103.573
1266.537	103.455
1267.515	103.582
1268.529	105.397
1269.507	106.110
1270.545	108.059
1271.559	109.321
1272.594	110.659
1273.662	111.655
1274.719	112.327
1275.802	112.310
1276.868	111.858
1277.924	110.875
1278.970	109.246
1280.015	107.824
1281.019	105.552
1282.036	104.163
1283.007	102.406
1283.983	101.524
1284.932	101.184
1285.888	101.142
1286.854	102.617
1287.832	104.522
1288.833	107.910
1289.856	112.085
1290.924	117.528
1292.046	123.705
1293.244	131.090
1294.477	139.017
1295.817	147.550
1297.211	156.571
1298.694	165.222
1300.254	173.188
1301.863	180.368
1303.558	185.445
1305.246	188.985
1307.030	190.475
1308.760	188.985
1310.493	185.221
1312.179	178.561
1313.756	169.950
1315.279	159.645
1316.668	148.018
1317.980	136.083
1319.218	123.443
1320.285	111.605
1321.277	99.956
1322.143	89.347
1322.913	79.703
1323.640	70.706
1324.249	63.134
1324.819	56.527
1325.314	50.939
1325.760	46.441
1326.192	42.459
1326.560	39.966
1326.936	37.764
1327.260	37.116
1327.618	36.923
1327.953	37.945
1328.315	40.350
1328.690	43.513
1329.103	48.665
1329.572	55.373
1330.107	64.549
1330.730	75.572
1331.477	89.879
1332.340	106.367
1333.377	125.955
1334.639	148.742
1335.990	170.735
1337.743	196.301
1339.560	217.599
1341.674	235.980
1343.868	247.632
1346.131	250.843
1348.430	246.086
1350.648	233.089
1352.673	214.460
1354.621	191.246
1356.277	167.632
1357.728	144.139
1358.985	122.532
1360.002	104.441
1360.920	88.024
1361.684	75.716
1362.329	65.246
1362.912	57.524
1363.401	51.710
1363.856	47.308
1364.292	44.420
1364.658	42.644
1365.067	41.810
1365.420	42.158
1365.818	43.077
1366.217	44.953
1366.618	47.821
1367.083	51.703
1367.535	56.599
1368.095	62.743
1368.674	70.361
1369.334	79.017
1370.106	89.679
1370.937	101.100
1371.920	114.130
1373.000	128.088
1374.162	141.203
1375.569	155.507
1377.006	167.574
1378.566	176.896
1380.232	183.797
1381.883	186.280
1383.611	185.242
1385.292	181.218
1386.902	174.327
1388.521	166.963
1389.991	160.686
1391.427	157.114
1392.842	159.024
1394.244	169.087
1395.768	186.193
1397.455	218.209
1399.446	262.448
1401.761	318.892
1404.646	387.974
1408.067	459.846
1412.037	523.946
1416.377	565.325
1421.079	575.141
1425.581	549.533
1429.809	493.507
1433.596	419.028
1436.613	345.458
1439.150	274.041
1441.116	216.152
1442.653	171.790
1443.871	138.314
1444.869	114.590
1445.702	99.007
1446.397	88.504
1447.061	82.030
1447.672	78.823
1448.224	77.188
1448.817	76.917
1449.383	77.675
1449.936	79.035
1450.555	80.331
1451.140	82.145
1451.755	83.804
1452.419	85.056
1453.032	86.574
1453.697	87.596
1454.370	88.234
1455.008	88.974
1455.700	88.938
1456.377	88.642
1457.048	88.090
1457.745	86.777
1458.398	85.548
1459.042	83.872
1459.684	81.743
1460.306	79.489
1460.915	77.143
1461.515	74.532
1462.093	71.870
1462.649	69.397
1463.193	66.525
1463.698	64.105
1464.199	61.888
1464.677	59.544
1465.137	57.974
1465.614	56.071
1466.042	54.843
1466.486	54.290
1466.920	53.119
1467.333	53.068
1467.778	53.173
1468.188	53.398
1468.630	54.628
1469.083	55.750
1469.518	57.445
1470.014	59.796
1470.488	61.763
1470.984	64.288
1471.537	67.186
1472.091	70.170
1472.671	73.189
1473.288	76.392
1473.938	79.606
1474.584	82.066
1475.294	84.408
1476.014	86.407
1476.713	87.670
1477.495	88.573
1478.196	88.635
1478.941	87.974
1479.704	86.767
1480.371	85.108
1481.171	82.447
1481.839	79.931
1482.503	76.967
1483.191	73.683
1483.767	71.261
1484.399	68.078
1484.962	65.988
1485.531	64.217
1486.087	62.538
1486.623	62.641
1487.177	62.855
1487.701	64.316
1488.288	67.380
1488.857	70.481
1489.478	75.271
1490.169	81.534
1490.880	88.242
1491.677	96.481
1492.533	104.861
1493.456	113.650
1494.470	122.556
1495.569	130.906
1496.671	137.766
1497.955	143.500
1499.270	147.170
1500.484	147.878
1501.840	146.188
1503.052	142.348
1504.299	135.833
1505.488	127.810
1506.519	119.235
1507.628	108.513
1508.525	99.751
1509.390	90.533
1510.169	82.854
1510.859	76.999
1511.522	71.897
1512.156	69.602
1512.755	69.450
1513.376	72.105
1514.033	78.987
1514.712	88.889
1515.532	104.351
1516.476	126.669
1517.631	155.594
1519.081	194.366
1520.814	241.559
1523.030	297.490
1525.664	359.158
1528.868	421.902
1532.538	476.296
1536.521	513.658
1540.827	526.529
1545.026	514.575
1549.053	476.937
1552.705	425.740
1555.934	367.738
1558.600	311.534
1560.918	261.622
1562.852	219.122
1564.390	186.834
1565.782	160.353
1566.945	140.989
1567.951	127.134
1568.894	115.867
1569.732	108.458
1570.538	103.600
1571.297	99.227
1572.027	96.758
1572.772	95.665
1573.458	94.128
1574.149	93.625
1574.875	93.992
1575.547	93.210
1576.242	93.203
1576.974	93.453
1577.644	92.518
1578.356	92.048
1579.079	91.287
1579.733	89.775
1580.424	88.440
1581.099	86.723
1581.728	84.597
1582.382	82.468
1583.016	79.862
1583.622	77.141
1584.222	74.659
1584.786	71.685
1585.332	69.036
1585.855	66.582
1586.369	63.799
1586.856	61.825
1587.328	59.819
1587.809	57.792
1588.261	56.957
1588.699	55.948
1589.144	55.377
1589.581	55.965
1590.019	56.732
1590.469	58.494
1590.938	61.519
1591.437	65.190
1591.974	70.792
1592.538	77.599
1593.176	85.678
1593.891	96.840
1594.665	108.554
1595.555	122.637
1596.589	140.219
1597.723	157.673
1599.035	177.662
1600.519	198.252
1602.094	216.323
1603.859	233.779
1605.741	246.263
1607.702	253.720
1609.705	255.724
1611.707	250.559
1613.681	239.774
1615.494	224.315
1617.227	204.182
1618.783	183.103
1620.123	161.787
1621.370	139.587
1622.406	120.644
1623.298	103.290
1624.093	87.729
1624.742	75.996
1625.312	65.830
1625.813	58.446
1626.263	54.006
1626.669	52.085
1627.072	53.983
1627.502	60.487
1627.972	73.094
1628.575	95.265
1629.363	131.004
1630.431	186.464
1632.000	271.070
1634.228	393.285
1637.409	560.777
1641.934	774.354
1647.928	1007.496
1655.575	1214.126
1664.282	1323.654
1673.235	1296.088
1681.643	1140.914
1688.648	924.519
1694.117	704.282
1698.173	521.042
1701.152	382.117
1703.319	284.407
1704.936	221.089
1706.198	179.754
1707.214	152.623
1708.065	136.758
1708.878	127.657
1709.623	122.814
1710.313	121.648
1711.031	123.285
1711.785	126.762
1712.503	132.270
1713.276	140.192
1714.120	149.180
1714.984	159.802
1715.923	173.640
1717.002	189.211
1718.123	204.393
1719.262	221.457
1720.604	241.346
1722.083	260.895
1723.559	279.647
1725.176	298.237
1727.006	316.599
1728.851	331.689
1730.708	344.072
1732.678	352.258
1734.747	357.127
1736.805	359.565
1738.841	356.851
1740.814	350.201
1742.733	340.949
1744.726	330.372
1746.571	318.229
1748.257	305.985
1749.921	290.430
1751.596	276.742
1753.131	265.684
1754.538	253.921
1755.871	240.671
1757.231	230.276
1758.535	221.584
1759.708	212.200
1760.789	203.128
1761.935	195.065
1763.062	187.477
1764.032	180.544
1764.949	173.674
1765.943	166.189
1766.910	159.428
1767.730	153.947
1768.527	148.401
1769.362	141.985
1770.153	136.564
1770.883	132.458
1771.599	128.468
1772.316	123.629
1772.992	119.934
1773.649	117.459
1774.301	115.316
1774.926	112.580
1775.544	110.732
1776.171	109.685
1776.789	108.969
1777.370	108.015
1777.973	107.540
1778.592	107.750
1779.191	108.135
1779.778	107.860
1780.401	107.990
1781.027	108.509
1781.618	108.834
1782.221	108.701
1782.849	108.755
1783.462	108.923
1784.074	108.538
1784.695	107.859
1785.333	107.123
1785.934	106.382
1786.521	104.977
1787.134	103.589
1787.733	101.877
1788.307	100.215
1788.877	98.011
1789.483	95.730
1790.018	93.509
1790.539	91.322
1791.069	88.812
1791.604	86.316
1792.082	84.063
1792.584	81.582
1793.079	79.191
1793.533	76.826
1793.965	74.728
1794.422	72.530
1794.859	70.466
1795.258	68.739
1795.667	66.943
1796.083	65.386
1796.473	63.732
1796.836	62.278
1797.219	60.840
1797.589	59.530
1797.947	58.442
1798.281	57.213
1798.662	56.359
1798.996	55.275
1799.328	54.354
1799.663	53.362
1800.002	52.528
1800.331	51.717
1800.622	50.842
1800.961	50.184
1801.264	49.225
1801.573	48.506
1801.879	47.746
1802.192	46.921
1802.488	46.257
1802.757	45.628
1803.068	44.879
1803.354	44.157
1803.633	43.778
1803.920	43.296
1804.201	42.765
1804.471	42.710
1804.740	42.652
1805.029	42.478
1805.303	42.935
1805.591	43.695
1805.879	44.479
1806.163	45.967
1806.483	47.950
1806.798	50.520
1807.140	53.876
1807.511	58.286
1807.904	63.942
1808.338	70.690
1808.832	79.354
1809.386	90.057
1809.986	102.370
1810.711	117.955
1811.536	135.886
1812.459	156.672
1813.572	180.455
1814.838	206.842
1816.232	234.890
1817.886	263.807
1819.685	291.273
1821.639	317.484
1823.858	338.329
1826.117	351.623
1828.427	358.399
1830.826	355.310
1833.139	343.319
1835.294	325.550
1837.426	301.633
1839.345	273.222
1841.057	244.886
1842.610	216.600
1843.983	189.448
1845.143	165.648
1846.172	144.814
1847.094	126.416
1847.854	111.238
1848.573	98.848
1849.204	88.845
1849.744	80.601
1850.262	74.600
1850.735	70.059
1851.171	66.158
1851.594	63.987
1852.032	62.591
1852.426	61.708
1852.813	61.995
1853.246	62.689
1853.646	63.684
1854.036	65.375
1854.499	67.809
1854.969	70.513
1855.386	73.217
1855.903	77.063
1856.449	80.963
1856.936	84.740
1857.518	89.435
1858.147	94.142
1858.761	99.084
1859.417	104.176
1860.157	109.395
1860.896	114.712
1861.636	119.782
1862.473	124.780
1863.327	129.441
1864.197	134.321
1865.109	138.706
1866.060	142.341
1867.017	145.901
1868.005	149.745
1869.020	152.036
1870.034	154.148
1871.114	157.634
1872.159	159.754
1873.236	162.156
1874.362	165.602
1875.473	169.579
1876.597	173.644
1877.778	179.602
1879.015	187.038
1880.255	195.238
1881.592	205.445
1883.013	218.735
1884.446	232.214
1886.011	247.715
1887.713	266.071
1889.475	283.423
1891.353	301.235
1893.383	319.293
1895.479	333.347
1897.641	344.231
1899.904	351.143
1902.134	352.907
1904.429	349.081
1906.612	339.008
1908.753	326.024
1910.804	308.066
1912.741	287.000
1914.495	266.066
1916.137	245.443
1917.669	224.401
1919.021	206.000
1920.263	189.864
1921.448	175.018
1922.520	162.373
1923.496	153.280
1924.433	145.269
1925.339	139.314
1926.203	136.072
1927.025	133.413
1927.853	131.331
1928.666	131.168
1929.510	131.964
1930.309	132.600
1931.099	133.605
1931.988	136.077
1932.825	138.270
1933.630	139.570
1934.526	141.559
1935.468	144.008
1936.342	145.601
1937.190	146.689
1938.165	148.296
1939.141	150.059
1939.995	150.722
1940.925	150.748
1941.927	151.181
1942.870	151.381
1943.780	150.497
1944.705	149.297
1945.698	148.574
1946.614	147.258
1947.485	145.071
1948.409	142.065
1949.337	139.363
1950.202	136.287
1951.011	132.362
1951.855	128.066
1952.696	123.955
1953.423	119.651
1954.121	114.501
1954.916	109.268
1955.620	104.482
1956.227	99.470
1956.850	94.293
1957.492	89.325
1958.034	84.818
1958.505	80.606
1959.068	75.857
1959.576	71.908
1959.981	68.757
1960.436	65.383
1960.890	62.366
1961.251	60.531
1961.622	58.987
1962.046	57.097
1962.411	56.393
1962.751	56.760
1963.146	57.003
1963.530	57.840
1963.882	60.223
1964.289	62.761
1964.726	65.835
1965.145	70.389
1965.630	76.100
1966.142	81.369
1966.689	88.571
1967.302	97.082
1967.948	104.912
1968.658	114.199
1969.442	124.546
1970.269	133.781
1971.160	143.484
1972.215	154.415
1973.230	162.247
1974.286	169.212
1975.509	175.767
1976.671	178.863
1977.792	179.832
1979.062	179.066
1980.321	175.116
1981.381	169.264
1982.546	161.395
1983.685	151.296
1984.569	141.219
1985.529	129.538
1986.454	117.139
1987.169	105.961
1987.856	94.634
1988.509	83.741
1989.049	73.795
1989.512	64.678
1989.969	56.226
1990.340	49.052
1990.635	42.587
1990.933	36.798
1991.196	31.957
1991.395	27.571
1991.578	23.948
1991.755	20.880
1991.890	18.011
1992.003	15.836
1992.125	13.940
1992.218	12.100
1992.286	10.797
1992.376	9.649
1992.443	8.527
1992.484	7.731
1992.553	6.988
1992.606	6.322
1992.630	5.825
1992.686	5.335
1992.731	4.931
1992.745	4.622
1992.791	4.296
1992.831	4.045
1992.840	3.852
1992.879	3.634
1992.916	3.472
1992.923	3.340
1992.958	3.187
1992.990	3.078
1992.998	2.982
1993.032	2.873
1993.059	2.792
1993.068	2.720
1993.098	2.636
1993.120	2.582
1993.130	2.527
1993.158	2.462
1993.176	2.425
1993.188	2.374
1993.215	2.324
1993.230	2.298
1993.244	2.246
1993.272	2.210
1993.282	2.193
1993.299	2.134
1993.327	2.116
1993.332	2.100
1993.352	2.043
1993.375	2.031
1993.385	2.004
1993.406	1.963
1993.423	1.956
1993.436	1.913
1993.459	1.896
1993.466	1.895
1993.480	1.837
1993.506	1.831
1993.517	1.807
1993.535	1.772
1993.552	1.771
1993.560	1.727
1993.584	1.719
1993.594	1.708
1993.606	1.664
1993.630	1.662
1993.640	1.625
1993.658	1.616
1993.669	1.610
1993.678	1.564
1993.703	1.562
1993.711	1.528
1993.730	1.518
1993.742	1.511
1993.749	1.472
1993.772	1.474
1993.775	1.434
1993.800	1.426
1993.813	1.410
1993.820	1.386
1993.839	1.393
1993.835	1.345
1993.868	1.340
1993.875	1.312
1993.890	1.300
1993.906	1.290
1993.908	1.264
1993.931	1.268
1993.922	1.229
1993.956	1.222
1993.959	1.195
1993.978	1.182
1993.994	1.164
1993.997	1.150
1994.018	1.147
1994.012	1.118
1994.040	1.118
1994.031	1.087
1994.062	1.080
1994.062	1.056
1994.082	1.044
1994.091	1.026
1994.102	1.011
1994.119	0.997
1994.120	0.982
1994.143	0.973
1994.137	0.955
1994.164	0.952
1994.152	0.929
1994.184	0.924
1994.169	0.903
1994.203	0.895
1994.192	0.876
1994.221	0.867
1994.214	0.850
1994.240	0.840
1994.235	0.825
1994.258	0.814
1994.255	0.800
1994.276	0.789
1994.274	0.776
1994.294	0.765
1994.292	0.752
1994.312	0.741
1994.309	0.729
1994.331	0.718
1994.325	0.707
1994.349	0.696
1994.341	0.685
1994.368	0.674
1994.356	0.664
1994.386	0.652
1994.369	0.645
1994.401	0.634
1994.387	0.625
1994.414	0.614
1994.406	0.605
1994.425	0.595
1994.426	0.586
1994.437	0.576
1994.446	0.566
1994.448	0.558
1994.465	0.547
1994.458	0.541
1994.483	0.532
1994.467	0.527
1994.492	0.515
1994.488	0.509
1994.501	0.499
1994.509	0.490
1994.509	0.484
1994.528	0.475
1994.514	0.472
1994.538	0.461
1994.534	0.455
1994.546	0.446
1994.555	0.437
1994.551	0.434
1994.571	0.425
1994.561	0.422
1994.578	0.412
1994.583	0.405
1994.582	0.400
1994.600	0.393
1994.590	0.391
1994.606	0.380
1994.613	0.374
1994.609	0.371
1994.626	0.362
1994.621	0.359
1994.630	0.351
1994.644	0.345
1994.631	0.346
1994.649	0.335
1994.654	0.330
1994.651	0.328
1994.666	0.319
1994.665	0.316
1994.668	0.311
1994.682	0.304
1994.677	0.303
1994.684	0.296
1994.696	0.289
1994.690	0.289
1994.698	0.282
1994.710	0.276
1994.703	0.276
1994.712	0.269
1994.722	0.263
1994.718	0.263
1994.724	0.257
1994.734	0.250
1994.733	0.250
1994.735	0.246
1994.745	0.239
1994.749	0.236
1994.745	0.236
1994.755	0.228
1994.763	0.223
1994.757	0.225
1994.765	0.219
1994.773	0.213
1994.775	0.211
1994.773	0.210
1994.781	0.203
1994.788	0.199
1994.786	0.200
1994.789	0.196
1994.796	0.190
1994.802	0.186
1994.798	0.188
1994.803	0.183
1994.810	0.177
