<j>	var(j)
1.207	0.267
2.664	0.452
3.597	0.773
5.163	0.610
5.926	0.436
6.737	0.983
8.659	2.011
10.168	1.431
11.100	1.254
11.970	1.492
13.152	2.611
14.906	2.712
16.108	1.972
16.989	1.717
17.810	1.813
18.777	2.426
20.083	2.664
21.253	1.804
22.021	1.669
22.864	2.345
24.121	3.382
25.659	3.478
26.949	2.608
27.841	2.107
28.640	2.628
29.737	3.830
31.229	4.489
32.679	3.765
33.763	2.966
34.634	2.856
35.529	2.941
36.455	2.604
37.267	2.101
37.962	1.917
38.661	2.040
39.471	2.817
40.706	5.703
42.985	9.884
45.583	8.116
47.141	4.629
47.987	2.959
48.563	2.302
49.059	2.092
49.557	2.099
50.108	2.288
50.764	2.880
51.664	4.798
53.229	9.645
55.879	13.960
58.515	10.756
60.122	7.464
61.210	6.887
62.241	7.496
63.370	8.223
64.584	8.503
65.799	8.403
66.971	8.223
68.103	7.831
69.164	6.868
70.082	5.499
70.820	4.354
71.427	3.919
72.012	4.393
72.719	5.925
73.722	8.514
75.144	11.152
76.856	11.729
78.464	10.102
79.756	8.711
80.861	9.064
82.032	11.066
83.445	13.384
85.076	13.683
86.608	10.963
87.756	7.340
88.511	4.831
89.026	3.620
89.439	3.264
89.842	3.527
90.311	4.525
90.960	6.704
91.965	10.691
93.547	16.165
95.726	19.934
98.036	18.850
99.952	15.364
101.410	12.761
102.605	11.408
103.667	10.625
104.656	9.993
105.593	9.478
106.483	9.099
107.354	8.856
108.205	8.718
109.058	8.710
109.922	8.962
110.821	9.636
111.804	10.782
112.903	12.268
114.148	13.574
115.482	14.076
116.824	13.372
118.051	11.791
119.116	10.027
120.017	8.658
120.806	7.888
121.544	7.718
122.287	8.108
123.088	8.911
123.983	9.854
124.977	10.446
126.017	10.247
127.020	9.189
127.909	7.718
128.658	6.377
129.288	5.522
129.856	5.287
130.430	5.893
131.105	7.849
132.054	12.338
133.558	20.844
135.976	32.638
139.223	39.628
142.480	35.346
144.975	25.997
146.667	18.354
147.836	13.688
148.709	11.450
149.459	11.193
150.217	12.723
151.097	15.850
152.218	20.288
153.623	24.733
155.304	27.241
157.049	26.178
158.642	22.154
159.954	17.391
160.954	13.721
161.758	11.669
162.451	11.112
163.130	11.743
163.876	13.275
164.719	15.316
165.716	17.377
166.832	18.714
168.012	18.701
169.187	17.295
170.242	14.960
171.153	12.428
171.914	10.280
172.547	8.758
173.105	7.909
173.621	7.728
174.142	8.244
174.727	9.638
175.421	12.054
176.313	15.810
177.495	20.931
179.026	26.593
180.894	30.979
182.955	31.872
184.920	28.749
186.598	23.448
187.928	18.073
188.931	13.853
189.702	10.898
190.328	8.994
190.848	7.852
191.321	7.224
191.771	7.001
192.215	7.122
192.687	7.620
193.209	8.602
193.810	10.209
194.544	12.708
195.479	16.232
196.664	20.396
198.122	24.156
199.797	25.822
201.485	24.141
202.984	19.944
204.186	15.234
205.090	11.516
205.779	9.312
206.359	8.588
206.915	9.202
207.532	11.063
208.301	14.148
209.310	18.200
210.576	22.104
212.064	24.324
213.651	23.745
215.121	21.009
216.383	18.265
217.479	17.819
218.580	21.311
219.927	30.071
221.821	43.732
224.448	57.183
227.569	60.613
230.507	50.864
232.766	35.894
234.281	23.918
235.279	16.847
235.999	13.306
236.577	11.906
237.109	11.919
237.661	13.233
238.292	15.974
239.063	20.343
240.059	26.502
241.366	34.139
243.007	41.455
244.939	45.875
246.973	45.395
248.903	40.390
250.549	33.274
251.870	26.583
252.915	21.442
253.769	17.859
254.485	15.456
255.107	13.821
255.674	12.636
256.212	11.751
256.715	11.084
257.190	10.628
257.660	10.393
258.136	10.446
258.619	10.861
259.128	11.744
259.694	13.402
260.360	16.185
261.170	20.442
262.209	26.502
263.552	34.272
265.259	42.452
267.301	48.336
269.486	49.040
271.607	44.437
273.437	36.911
274.912	29.645
276.073	24.320
277.035	21.339
277.890	20.518
278.730	21.751
279.626	25.330
280.683	31.979
282.037	42.909
283.844	58.433
286.219	76.372
289.136	90.592
292.376	93.410
295.515	82.876
298.101	64.797
300.017	47.298
301.379	34.062
302.364	25.327
303.110	20.048
303.700	16.851
304.198	14.947
304.657	13.772
305.088	13.050
305.495	12.562
305.907	12.232
306.302	11.970
306.701	11.789
307.103	11.678
307.503	11.601
307.905	11.621
308.323	11.699
308.746	11.865
309.185	12.156
309.638	12.480
310.112	12.900
310.608	13.348
311.133	13.790
311.679	14.146
312.251	14.406
312.829	14.541
313.422	14.565
314.020	14.524
314.627	14.459
315.245	14.584
315.867	15.078
316.519	16.229
317.235	18.348
318.058	21.778
319.056	26.838
320.281	33.388
321.776	40.507
323.549	46.330
325.515	48.452
327.484	45.689
329.262	39.130
330.727	31.423
331.887	24.707
332.798	19.989
333.547	17.239
334.208	16.171
334.836	16.215
335.480	16.974
336.161	18.035
336.895	19.072
337.676	19.805
338.485	20.089
339.311	20.045
340.124	20.057
340.947	20.805
341.820	23.494
342.830	30.097
344.143	43.305
346.025	65.781
348.797	96.748
352.618	125.485
357.107	134.139
361.394	116.997
364.792	88.899
367.215	65.107
368.937	49.147
370.230	39.114
371.281	32.457
372.165	27.741
372.914	24.138
373.562	21.158
374.127	18.746
374.646	16.706
375.124	15.096
375.556	13.890
375.949	12.973
376.327	12.311
376.693	11.994
377.056	11.977
377.427	12.353
377.815	13.143
378.233	14.475
378.701	16.443
379.245	19.286
379.886	23.127
380.682	28.321
381.649	34.524
382.824	41.384
384.215	47.781
385.773	52.341
387.465	53.761
389.186	51.621
390.771	46.400
392.163	39.594
393.333	32.869
394.306	27.332
395.118	23.592
395.831	21.906
396.498	22.359
397.202	25.328
398.005	31.143
399.018	40.507
400.319	53.454
402.048	69.223
404.235	84.296
406.790	93.606
409.477	92.927
412.012	82.535
414.170	67.000
415.862	51.570
417.160	38.896
418.142	30.105
418.908	24.684
419.534	21.806
420.098	20.750
420.637	20.999
421.198	22.261
421.815	24.504
422.495	27.675
423.257	31.516
424.132	35.743
425.120	39.895
426.221	43.653
427.448	46.336
428.727	47.447
430.036	47.107
431.296	45.930
432.522	44.693
433.701	44.382
434.876	45.265
436.084	47.874
437.367	52.310
438.767	57.835
440.280	62.908
441.910	66.246
443.610	66.664
445.278	63.721
446.855	57.747
448.254	50.377
449.456	43.096
450.489	36.756
451.367	31.974
452.143	28.578
452.830	26.398
453.471	25.020
454.094	24.396
454.714	24.285
455.329	24.535
455.945	25.022
456.587	25.657
457.247	26.247
457.927	26.772
458.639	27.290
459.366	27.848
460.099	28.403
460.846	29.047
461.612	30.022
462.405	31.683
463.267	34.545
464.225	39.539
465.315	48.082
466.648	61.723
468.349	81.804
470.568	107.491
473.393	134.417
476.776	153.983
480.440	157.441
483.956	143.558
487.012	119.277
489.441	95.030
491.340	76.351
492.850	64.847
494.134	59.350
495.306	58.115
496.460	59.394
497.654	62.100
498.895	65.088
500.194	67.830
501.541	69.935
502.920	71.324
504.321	72.232
505.707	73.250
507.113	74.547
508.536	76.392
509.986	78.989
511.489	82.363
513.043	86.072
514.643	89.590
516.299	92.344
517.980	93.541
519.666	92.737
521.324	89.883
522.912	85.257
524.400	79.312
525.774	72.683
527.027	66.038
528.158	59.742
529.172	54.045
530.102	49.092
530.949	44.682
531.717	40.856
532.417	37.511
533.080	34.615
533.688	32.132
534.249	29.985
534.781	28.128
535.277	26.500
535.760	25.085
536.218	23.906
536.654	23.000
537.082	22.375
537.497	22.036
537.909	21.971
538.326	22.272
538.755	22.840
539.199	23.782
539.671	25.144
540.170	26.921
540.711	29.181
541.302	31.972
541.957	35.307
542.681	39.228
543.489	43.709
544.389	48.597
545.389	53.781
546.500	59.055
547.719	64.141
549.048	68.610
550.454	72.007
551.903	73.984
553.376	74.709
554.847	73.625
556.278	70.797
557.650	66.526
558.931	61.279
560.121	55.525
561.188	49.809
562.140	44.554
562.982	40.183
563.743	36.887
564.449	34.679
565.119	33.791
565.784	34.317
566.463	36.348
567.189	40.049
568.000	45.509
568.922	52.617
569.988	61.194
571.235	70.658
572.661	79.877
574.249	87.520
575.981	92.379
577.785	93.470
579.579	90.615
581.295	84.714
582.871	77.141
584.274	69.591
585.533	63.175
586.681	58.520
587.743	56.398
588.779	57.294
589.835	61.647
590.977	69.674
592.271	81.711
593.785	97.603
595.584	116.828
597.720	137.443
600.172	155.703
602.876	167.437
605.722	169.274
608.504	160.245
611.041	142.771
613.263	121.022
615.109	98.954
616.585	79.458
617.786	63.393
618.733	51.061
619.493	41.816
620.123	35.096
620.660	30.180
621.120	26.678
621.536	24.202
621.913	22.282
622.264	20.918
622.599	19.965
622.920	19.251
623.233	18.668
623.535	18.237
623.844	17.992
624.148	17.831
624.450	17.768
624.744	17.724
625.056	17.765
625.366	17.915
625.684	18.172
626.007	18.540
626.336	19.007
626.682	19.625
627.048	20.507
627.426	21.687
627.830	23.273
628.266	25.324
628.745	27.983
629.283	31.194
629.891	35.279
630.582	40.205
631.363	45.969
632.260	52.470
633.309	59.678
634.487	66.786
635.784	73.079
637.186	77.796
638.693	80.541
640.225	80.469
641.721	77.956
643.157	73.558
644.503	67.878
645.739	61.555
646.859	55.361
647.864	49.921
648.769	45.347
649.586	41.666
650.354	38.941
651.069	36.917
651.758	35.632
652.419	34.935
653.071	34.681
653.725	34.758
654.385	35.134
655.056	35.764
655.737	36.622
656.434	37.748
657.170	39.381
657.944	41.498
658.758	44.352
659.622	48.336
660.575	54.183
661.645	62.750
662.904	75.412
664.408	93.617
666.255	118.855
668.604	151.959
671.516	189.135
675.044	223.589
679.032	243.582
683.129	241.214
687.012	217.463
690.349	180.748
693.033	142.276
695.105	109.045
696.657	83.537
697.861	65.677
698.804	53.591
699.570	45.803
700.246	40.835
700.847	37.659
701.398	35.690
701.937	34.448
702.454	33.687
702.959	33.122
703.478	32.761
703.978	32.518
704.467	32.374
704.981	32.261
705.485	32.130
705.987	32.175
706.507	32.393
707.022	32.768
707.537	33.325
708.073	34.269
708.642	35.588
709.229	37.390
709.843	39.778
710.489	42.746
711.208	46.342
711.989	50.505
712.833	55.159
713.766	60.133
714.778	64.735
715.857	68.837
717.002	71.928
718.226	73.691
719.443	73.418
720.633	71.204
721.807	67.311
722.900	62.136
723.897	56.008
724.803	49.377
725.610	42.949
726.304	37.101
726.898	31.891
727.423	27.351
727.876	23.664
728.260	20.783
728.604	18.569
728.922	16.921
729.206	15.714
729.471	14.994
729.738	14.816
730.003	15.110
730.275	15.902
730.562	17.357
730.880	19.762
731.250	23.524
731.703	29.307
732.271	37.980
733.013	50.703
733.996	68.650
735.352	93.505
737.169	124.865
739.547	160.056
742.550	192.831
746.000	212.628
749.639	212.463
753.125	192.302
756.142	160.231
758.577	126.264
760.463	97.163
761.895	76.027
763.027	62.583
763.956	54.727
764.775	51.533
765.569	51.692
766.369	53.987
767.203	57.561
768.102	61.745
769.063	66.030
770.099	69.911
771.182	72.688
772.295	74.203
773.451	74.024
774.609	72.357
775.696	69.431
776.745	65.180
777.743	60.415
778.661	55.381
779.496	50.417
780.270	45.800
780.965	41.946
781.601	38.884
782.203	36.278
782.764	34.498
783.301	33.415
783.823	32.745
784.348	32.600
784.872	33.008
785.395	33.655
785.943	34.542
786.500	35.561
787.073	36.630
787.692	37.833
788.325	39.025
788.951	40.185
789.611	41.553
790.320	43.101
791.049	45.218
791.810	48.258
792.620	52.648
793.518	58.886
794.518	67.845
795.690	80.342
797.088	96.741
798.736	116.148
800.706	138.167
803.010	159.930
805.634	177.642
808.485	187.920
811.370	188.791
814.216	181.027
816.891	168.360
819.312	154.887
821.495	143.111
823.520	135.749
825.419	132.177
827.268	131.026
829.083	131.206
830.898	130.861
832.652	128.365
834.366	123.563
836.016	116.077
837.550	106.647
838.952	96.100
840.215	85.654
841.337	76.328
842.306	69.041
843.202	63.819
844.037	60.868
844.852	60.655
845.662	63.570
846.498	68.954
847.426	77.034
848.470	87.857
849.649	100.905
851.015	115.552
852.576	130.623
854.304	144.522
856.209	155.694
858.244	162.160
860.303	163.248
862.367	158.152
864.345	147.784
866.165	134.136
867.777	119.013
869.219	103.597
870.461	89.462
871.538	77.372
872.453	67.171
873.273	59.008
873.978	53.257
874.628	49.510
875.237	47.692
875.817	48.050
876.406	50.426
877.048	55.262
877.736	62.699
878.543	73.873
879.486	89.217
880.639	109.692
882.050	135.424
883.764	165.928
885.855	199.440
888.361	233.523
891.209	263.131
894.363	283.232
897.678	290.038
900.965	282.749
904.099	263.925
906.963	238.726
909.500	211.574
911.722	186.432
913.662	165.120
915.367	148.590
916.913	135.388
918.293	126.085
919.590	118.627
920.795	113.014
921.955	108.053
923.054	103.513
924.119	99.158
925.136	94.560
926.099	90.034
927.021	85.425
927.882	80.705
928.717	76.028
929.488	71.339
930.229	66.817
930.915	62.506
931.561	58.478
932.167	54.900
932.729	51.565
933.270	48.695
933.778	45.933
934.268	43.710
934.726	41.554
935.178	39.950
935.593	38.481
936.012	37.405
936.411	36.465
936.812	35.770
937.204	35.221
937.595	34.916
937.987	34.698
938.369	34.763
938.755	35.002
939.146	35.386
939.546	36.050
939.960	36.739
940.389	37.874
940.832	39.008
941.298	40.668
941.755	42.388
942.252	44.637
942.771	47.239
943.333	50.301
943.938	53.982
944.585	58.085
945.294	62.806
946.032	67.713
946.855	73.108
947.730	78.446
948.690	84.130
949.699	89.130
950.792	93.935
951.911	97.174
953.098	99.232
954.246	99.335
955.455	97.903
956.599	94.727
957.744	90.137
958.797	84.498
959.804	77.990
960.718	71.277
961.558	64.592
962.317	58.508
963.007	53.121
963.636	48.826
964.212	45.731
964.764	43.742
965.289	43.435
965.818	44.254
966.358	46.805
966.936	50.850
967.568	57.173
968.287	65.636
969.119	76.254
970.106	89.948
971.207	104.508
972.541	121.599
974.051	138.633
975.801	155.557
977.737	169.536
979.781	179.363
981.922	183.389
984.123	180.831
986.214	172.849
988.213	159.782
990.015	144.871
991.656	128.988
993.100	114.303
994.383	101.872
995.516	92.432
996.568	86.197
997.522	84.338
998.475	86.550
999.453	94.528
1000.538	108.358
1001.793	130.060
1003.288	159.246
1005.141	198.391
1007.387	243.673
1010.171	294.207
1013.354	340.084
1017.050	374.739
1020.931	388.990
1024.907	378.696
1028.668	346.897
1031.991	301.713
1034.878	250.603
1037.143	205.549
1039.046	165.352
1040.533	135.190
1041.781	111.947
1042.786	95.908
1043.672	85.088
1044.442	78.259
1045.174	74.592
1045.849	72.788
1046.546	72.973
1047.216	73.717
1047.906	75.603
1048.616	77.636
1049.354	80.078
1050.116	82.547
1050.902	84.753
1051.693	86.606
1052.536	87.984
1053.360	88.657
1054.221	88.764
1055.057	88.048
1055.890	86.501
1056.739	84.359
1057.507	81.538
1058.325	78.266
1059.038	74.711
1059.785	70.869
1060.440	67.071
1061.097	63.220
1061.703	59.781
1062.273	56.530
1062.834	53.589
1063.343	51.391
1063.856	49.288
1064.336	48.077
1064.812	47.089
1065.284	46.996
1065.750	47.150
1066.232	48.017
1066.706	49.385
1067.224	51.348
1067.734	53.695
1068.294	56.526
1068.859	59.560
1069.495	63.163
1070.135	66.649
1070.837	70.356
1071.569	73.844
1072.335	77.087
1073.140	79.856
1073.966	82.013
1074.838	83.490
1075.690	83.974
1076.587	83.639
1077.465	82.342
1078.323	80.159
1079.173	77.204
1079.965	73.755
1080.743	69.911
1081.455	65.818
1082.156	61.643
1082.789	57.616
1083.407	53.725
1083.967	50.322
1084.509	47.264
1085.009	44.983
1085.486	43.181
1085.947	42.308
1086.404	41.731
1086.859	42.158
1087.321	42.908
1087.796	44.649
1088.291	46.795
1088.811	49.706
1089.371	53.219
1089.963	57.247
1090.613	61.605
1091.304	66.284
1092.070	70.961
1092.863	75.482
1093.752	79.601
1094.636	83.035
1095.629	85.584
1096.553	87.071
1097.562	87.456
1098.510	86.829
1099.510	85.076
1100.454	82.523
1101.401	79.264
1102.297	75.592
1103.156	71.961
1103.951	68.633
1104.732	65.498
1105.455	63.156
1106.187	61.070
1106.870	60.261
1107.568	59.808
1108.251	60.515
1108.960	61.625
1109.678	63.593
1110.427	65.979
1111.175	68.897
1111.985	71.980
1112.804	75.313
1113.705	78.596
1114.608	81.597
1115.596	84.255
1116.568	86.097
1117.611	87.329
1118.597	87.672
1119.631	86.929
1120.620	85.506
1121.624	83.172
1122.585	80.246
1123.518	77.059
1124.414	73.190
1125.270	69.659
1126.062	65.597
1126.851	61.952
1127.532	58.249
1128.235	54.818
1128.847	51.798
1129.466	49.036
1130.033	46.596
1130.589	44.504
1131.121	42.676
1131.630	41.203
1132.118	40.076
1132.604	38.990
1133.066	38.473
1133.543	38.081
1134.003	38.303
1134.478	38.870
1134.964	39.910
1135.449	41.677
1135.978	43.693
1136.514	46.793
1137.113	49.838
1137.749	54.046
1138.438	58.742
1139.191	64.258
1140.028	70.503
1140.927	77.015
1141.915	84.225
1142.987	91.092
1144.156	98.685
1145.438	105.382
1146.771	112.877
1148.206	120.411
1149.728	129.179
1151.362	140.051
1153.113	153.684
1155.038	172.545
1157.174	194.905
1159.615	223.477
1162.320	252.187
1165.346	280.049
1168.599	299.536
1172.023	307.262
1175.457	299.469
1178.684	276.759
1181.691	242.725
1184.144	205.536
1186.298	166.994
1187.949	134.021
1189.320	105.456
1190.356	83.607
1191.206	66.502
1191.871	54.128
1192.419	44.935
1192.879	38.398
1193.272	33.961
1193.630	30.883
1193.948	29.223
1194.262	28.405
1194.562	28.792
1194.878	30.119
1195.202	32.990
1195.575	37.646
1195.991	45.358
1196.513	56.957
1197.161	75.239
1198.035	101.996
1199.213	142.375
1200.856	198.772
1203.124	275.630
1206.277	371.317
1210.386	474.424
1215.457	562.079
1221.219	607.470
1227.092	592.138
1232.637	522.554
1237.312	422.501
1240.960	321.486
1243.701	234.599
1245.626	169.992
1247.042	123.357
1248.054	91.866
1248.799	70.930
1249.423	57.008
1249.900	48.083
1250.316	42.008
1250.674	37.895
1250.988	34.964
1251.312	32.581
1251.591	31.044
1251.869	29.514
1252.130	28.447
1252.377	27.332
1252.628	26.426
1252.873	25.739
1253.099	24.922
1253.334	24.461
1253.543	23.900
1253.780	23.642
1253.998	23.400
1254.217	23.390
1254.448	23.587
1254.654	24.002
1254.901	24.750
1255.110	25.868
1255.385	27.411
1255.635	29.519
1255.940	32.523
1256.256	36.443
1256.619	41.593
1257.050	48.623
1257.531	57.440
1258.125	68.911
1258.829	83.572
1259.666	100.691
1260.726	123.268
1261.982	148.280
1263.490	176.639
1265.314	206.860
1267.340	235.167
1269.703	259.522
1272.222	276.334
1274.870	281.714
1277.576	276.165
1280.123	259.560
1282.503	234.667
1284.618	205.513
1286.441	175.582
1287.994	146.571
1289.301	121.997
1290.368	100.658
1291.261	83.572
1291.989	70.370
1292.605	59.792
1293.149	52.501
1293.615	46.379
1294.033	42.263
1294.418	39.148
1294.757	36.842
1295.116	35.311
1295.445	34.112
1295.765	33.311
1296.066	32.610
1296.365	32.051
1296.677	31.623
1296.971	31.169
1297.270	30.751
1297.571	30.330
1297.856	29.904
1298.153	29.480
1298.432	29.036
1298.725	28.527
1299.001	28.128
1299.277	27.633
1299.566	27.166
1299.822	26.847
1300.104	26.456
1300.352	26.375
1300.632	26.151
1300.891	26.431
1301.167	26.584
1301.435	27.340
1301.726	28.088
1302.012	29.594
1302.332	31.337
1302.654	33.959
1303.028	37.383
1303.420	41.923
1303.882	47.951
1304.400	55.934
1305.008	66.114
1305.751	79.987
1306.617	97.106
1307.715	119.428
1309.034	147.179
1310.660	179.565
1312.642	218.115
1315.018	258.415
1317.779	297.771
1320.958	331.095
1324.313	350.907
1327.862	355.480
1331.313	343.115
1334.565	316.779
1337.576	281.837
1340.134	244.649
1342.369	208.518
1344.248	177.340
1345.826	152.576
1347.199	132.988
1348.390	120.822
1349.483	112.355
1350.499	108.723
1351.504	109.325
1352.503	112.609
1353.539	119.121
1354.625	127.274
1355.790	137.850
1357.057	149.359
1358.455	161.972
1359.925	174.590
1361.513	185.483
1363.218	196.608
1364.981	203.998
1366.821	208.330
1368.673	211.158
1370.540	208.260
1372.351	204.484
1374.154	196.646
1375.795	186.994
1377.434	176.259
1378.926	164.155
1380.290	152.332
1381.620	139.566
1382.798	127.740
1383.869	116.350
1384.874	105.469
1385.747	95.824
1386.543	86.511
1387.299	78.118
1387.922	70.814
1388.554	63.638
1389.096	57.811
1389.573	52.394
1390.044	47.633
1390.421	43.816
1390.818	39.868
1391.167	37.152
1391.484	34.558
1391.803	32.579
1392.072	31.123
1392.349	29.606
1392.620	28.852
1392.865	28.072
1393.135	27.833
1393.383	27.929
1393.635	28.035
1393.909	28.803
1394.150	29.359
1394.440	30.589
1394.721	32.113
1395.020	34.041
1395.355	36.629
1395.685	39.667
1396.099	43.938
1396.496	48.904
1396.990	55.770
1397.524	64.315
1398.147	75.398
1398.908	89.628
1399.775	107.680
1400.862	129.834
1402.146	157.174
1403.704	188.475
1405.537	223.599
1407.762	261.285
1410.206	294.972
1413.101	324.593
1416.090	341.616
1419.242	345.104
1422.317	334.658
1425.256	312.009
1427.928	282.459
1430.348	248.771
1432.425	217.614
1434.263	189.076
1435.841	166.007
1437.230	149.902
1438.484	137.819
1439.631	131.955
1440.754	128.712
1441.809	128.307
1442.914	130.695
1444.010	133.355
1445.146	137.286
1446.328	140.953
1447.477	143.255
1448.682	145.411
1449.920	145.580
1451.147	144.318
1452.346	141.879
1453.547	137.397
1454.687	132.373
1455.781	126.903
1456.843	120.741
1457.810	115.822
1458.797	109.887
1459.682	105.989
1460.570	102.745
1461.444	100.297
1462.273	100.954
1463.121	101.810
1463.965	105.573
1464.870	111.357
1465.794	117.492
1466.804	126.736
1467.872	137.326
1469.035	148.828
1470.315	162.131
1471.670	174.993
1473.147	187.881
1474.699	199.663
1476.410	208.753
1478.134	216.037
1479.877	218.990
1481.713	218.602
1483.447	215.696
1485.204	207.292
1486.889	198.353
1488.459	187.352
1489.925	173.289
1491.326	161.216
1492.592	148.234
1493.716	136.311
1494.848	125.844
1495.809	116.228
1496.712	107.986
1497.609	101.290
1498.373	94.954
1499.119	89.965
1499.862	86.104
1500.524	82.526
1501.177	80.119
1501.845	77.841
1502.451	76.328
1503.077	74.863
1503.686	73.523
1504.262	72.726
1504.859	71.650
1505.448	70.987
1506.018	70.306
1506.602	69.728
1507.175	69.424
1507.707	68.999
1508.315	68.228
1508.876	67.860
1509.421	67.590
1510.021	67.103
1510.539	67.246
1511.113	66.824
1511.679	67.073
1512.214	67.522
1512.816	67.179
1513.369	68.189
1513.945	68.551
1514.533	69.431
1515.130	70.942
1515.724	71.668
1516.334	73.681
1516.960	75.456
1517.610	77.426
1518.305	80.080
1518.980	82.748
1519.714	85.912
1520.447	89.465
1521.223	93.453
1522.040	97.618
1522.870	102.770
1523.808	108.269
1524.720	114.303
1525.754	121.238
1526.808	128.813
1527.901	137.087
1529.146	146.224
1530.386	156.342
1531.762	166.043
1533.215	176.737
1534.740	187.490
1536.360	197.470
1538.067	206.630
1539.823	214.772
1541.666	221.082
1543.523	225.378
1545.397	228.935
1547.325	228.025
1549.174	226.956
1551.075	223.831
1552.891	220.013
1554.687	216.249
1556.436	211.396
1558.144	209.286
1559.838	206.499
1561.448	204.300
1563.135	204.570
1564.733	204.770
1566.348	205.691
1568.028	207.792
1569.627	209.141
1571.286	210.227
1572.953	209.923
1574.568	207.987
1576.200	204.537
1577.755	198.374
1579.279	191.282
1580.757	182.252
1582.126	171.502
1583.473	160.186
1584.678	148.726
1585.776	136.881
1586.829	125.489
1587.765	114.854
1588.631	104.609
1589.429	95.735
1590.149	87.752
1590.816	80.728
1591.433	74.725
1592.007	69.358
1592.537	65.073
1593.024	61.518
1593.506	58.656
1593.950	56.291
1594.375	54.547
1594.832	53.360
1595.237	52.411
1595.634	52.124
1596.094	52.087
1596.474	52.159
1596.880	52.834
1597.333	53.816
1597.729	55.238
1598.192	56.855
1598.673	59.160
1599.124	62.201
1599.658	65.017
1600.179	69.183
1600.747	73.684
1601.356	78.137
1602.003	84.565
1602.717	91.033
1603.452	98.183
1604.298	107.054
1605.170	115.554
1606.122	124.850
1607.185	134.958
1608.286	144.742
1609.495	154.222
1610.769	163.645
1612.149	172.283
1613.550	179.866
1615.020	185.446
1616.560	189.353
1618.079	192.603
1619.655	191.901
1621.201	191.696
1622.748	189.975
1624.244	185.948
1625.746	183.873
1627.222	179.600
1628.602	176.251
1630.048	174.288
1631.397	171.159
1632.717	169.702
1634.092	169.351
1635.404	169.785
1636.729	171.769
1638.089	174.872
1639.488	179.584
1640.903	185.984
1642.318	193.879
1643.881	204.925
1645.449	217.692
1647.116	232.366
1649.011	251.007
1650.898	270.930
1652.938	291.155
1655.283	314.550
1657.646	336.018
1660.109	352.565
1662.798	367.068
1665.513	375.401
1668.157	375.416
1670.882	369.337
1673.597	355.933
1676.051	337.760
1678.370	315.762
1680.647	290.578
1682.619	266.846
1684.363	244.062
1686.072	221.661
1687.610	202.695
1688.936	187.064
1690.197	172.115
1691.406	159.852
1692.460	150.902
1693.435	142.131
1694.451	134.603
1695.386	129.390
1696.208	123.957
1697.061	118.650
1697.918	114.313
1698.659	110.007
1699.385	105.551
1700.167	101.012
1700.836	96.993
1701.452	92.772
1702.146	87.818
1702.739	83.943
1703.273	79.902
1703.872	74.911
1704.379	71.271
1704.845	67.698
1705.342	63.183
1705.776	59.990
1706.186	57.136
1706.589	53.532
1706.961	50.936
1707.331	48.815
1707.664	46.244
1707.987	44.470
1708.331	43.185
1708.620	41.662
1708.909	40.921
1709.242	40.684
1709.506	40.453
1709.797	41.016
1710.137	42.168
1710.408	43.567
1710.733	46.002
1711.114	49.400
1711.442	53.587
1711.851	59.384
1712.335	66.852
1712.803	76.071
1713.392	87.813
1714.092	102.376
1714.855	120.571
1715.799	142.324
1716.904	168.329
1718.214	200.021
1719.769	235.000
1721.511	273.620
1723.656	316.775
1726.046	359.086
1728.661	400.292
1731.718	435.901
1734.837	462.108
1738.138	481.575
1741.669	485.840
1744.959	480.632
1748.275	469.276
1751.505	449.338
1754.466	426.671
1757.286	402.252
1759.924	378.139
1762.394	353.526
1764.687	329.744
1766.743	308.268
1768.752	286.412
1770.643	264.924
1772.259	245.863
1773.782	227.464
1775.287	208.462
1776.572	192.524
1777.714	178.935
1778.903	163.819
1779.944	151.620
1780.852	142.911
1781.767	133.920
1782.621	126.148
1783.403	121.728
1784.172	117.671
1784.916	113.638
1785.649	112.268
1786.380	111.708
1787.054	110.589
1787.760	110.913
1788.511	112.047
1789.193	112.718
1789.900	113.865
1790.698	115.454
1791.443	116.710
1792.116	117.489
1792.928	118.628
1793.739	119.382
1794.413	119.686
1795.216	119.690
1796.064	119.458
1796.776	119.407
1797.528	118.841
1798.361	117.869
1799.100	117.691
1799.836	117.530
1800.646	116.870
1801.410	117.594
1802.154	119.228
1802.954	120.896
1803.743	124.060
1804.550	128.901
1805.413	135.247
1806.290	143.794
1807.260	154.956
1808.300	168.636
1809.378	185.499
1810.638	206.314
1812.048	230.695
1813.522	258.240
1815.228	288.742
1817.200	322.108
1819.280	357.184
1821.598	391.618
1824.110	419.893
1826.826	446.168
1829.675	465.531
1832.560	472.939
1835.447	471.824
1838.406	461.943
1841.191	444.826
1843.837	423.115
1846.366	395.756
1848.699	368.319
1850.849	343.234
1852.886	318.843
1854.709	296.918
1856.391	279.570
1858.067	264.626
1859.614	252.173
1861.015	242.135
1862.395	234.114
1863.796	227.033
1865.081	220.707
1866.307	215.237
1867.561	210.240
1868.814	204.231
1869.950	197.851
1871.060	192.126
1872.180	185.922
1873.259	177.704
1874.229	170.197
1875.202	163.332
1876.184	155.295
1877.050	146.349
1877.849	138.658
1878.651	131.680
1879.435	123.416
1880.111	115.591
1880.749	109.043
1881.420	102.714
1882.011	95.724
1882.533	89.807
1883.032	84.694
1883.565	79.485
1884.010	74.388
1884.421	70.210
1884.843	66.361
1885.245	62.276
1885.605	58.707
1885.945	55.620
1886.282	52.640
1886.585	49.673
1886.876	47.066
1887.152	44.819
1887.419	42.542
1887.684	40.317
1887.922	38.444
1888.146	36.710
1888.373	34.802
1888.594	33.077
1888.793	31.654
1888.974	30.284
1889.172	28.753
1889.343	27.532
1889.497	26.519
1889.677	25.167
1889.847	23.977
1889.989	23.145
1890.125	22.209
1890.277	21.150
1890.404	20.367
1890.521	19.733
1890.663	18.791
1890.789	18.062
1890.888	17.655
1891.006	16.933
1891.128	16.215
1891.223	15.858
1891.325	15.422
1891.440	14.852
1891.532	14.534
1891.618	14.305
1891.725	13.829
1891.817	13.565
1891.899	13.554
1891.995	13.193
1892.087	12.978
1892.168	13.062
1892.261	12.922
1892.355	12.827
1892.434	13.021
1892.529	13.077
1892.626	13.136
1892.708	13.472
1892.808	13.783
1892.911	14.040
1893.003	14.599
1893.112	15.204
1893.222	15.733
1893.331	16.645
1893.458	17.627
1893.585	18.597
1893.719	20.064
1893.872	21.601
1894.029	23.198
1894.203	25.508
1894.397	27.904
1894.599	30.440
1894.838	34.070
1895.096	37.780
1895.367	41.703
1895.708	47.392
1896.073	53.224
1896.458	59.426
1896.955	68.140
1897.478	77.236
1898.053	87.384
1898.797	101.143
1899.563	115.935
1900.448	133.653
1901.557	156.841
1902.737	184.097
1904.176	219.276
1905.918	264.251
1907.946	320.160
1910.492	392.244
1913.528	480.162
1917.131	576.993
1921.599	683.308
1926.601	783.369
1932.125	853.435
1938.110	882.469
1944.078	865.682
1949.678	797.893
1954.703	698.923
1959.054	588.101
1962.634	478.447
1965.491	381.344
1967.731	301.933
1969.524	239.204
1970.959	189.957
1972.049	153.219
1972.947	127.505
1973.736	107.845
1974.369	93.349
1974.892	83.448
1975.418	76.680
1975.911	71.515
1976.309	67.609
1976.698	65.330
1977.157	64.610
1977.555	63.740
1977.908	63.618
1978.307	64.296
1978.764	65.315
1979.146	66.279
1979.523	67.520
1979.992	68.969
1980.448	70.830
1980.866	72.672
1981.290	73.761
1981.815	75.659
1982.304	77.569
1982.757	78.739
1983.243	79.407
1983.837	81.162
1984.356	82.208
1984.799	81.805
1985.369	82.060
1985.962	82.266
1986.417	81.279
1986.871	79.985
1987.534	78.869
1988.046	77.067
1988.419	75.033
1988.989	72.512
1989.527	69.764
1989.872	67.252
1990.295	64.057
1990.850	60.380
1991.174	57.665
1991.464	54.561
1991.956	50.454
1992.278	47.493
1992.513	44.713
1992.859	41.051
1993.165	38.084
1993.360	35.672
1993.588	32.675
1993.871	29.845
1994.039	27.814
1994.172	25.580
1994.421	23.090
1994.572	21.348
1994.671	19.598
1994.845	17.743
1994.980	16.284
1995.054	14.950
1995.172	13.611
1995.292	12.410
1995.349	11.410
1995.427	10.464
1995.533	9.496
1995.575	8.753
1995.626	8.094
1995.719	7.326
1995.750	6.796
1995.783	6.329
1995.865	5.732
1995.886	5.368
1995.910	5.007
1995.981	4.544
1995.995	4.297
1996.014	4.011
1996.076	3.653
1996.083	3.491
1996.101	3.257
1996.153	2.990
1996.154	2.886
1996.174	2.698
1996.215	2.515
1996.213	2.433
1996.237	2.270
1996.268	2.148
1996.262	2.080
1996.294	1.934
1996.314	1.861
1996.303	1.804
1996.344	1.673
1996.355	1.637
1996.344	1.580
1996.384	1.478
1996.386	1.448
1996.390	1.386
1996.418	1.323
1996.413	1.294
1996.433	1.225
1996.449	1.194
1996.435	1.172
1996.468	1.104
1996.473	1.086
1996.470	1.051
1996.496	1.007
1996.491	0.990
1996.508	0.944
1996.522	0.927
1996.505	0.915
1996.536	0.865
1996.536	0.852
1996.542	0.821
1996.560	0.800
1996.546	0.793
1996.571	0.754
1996.574	0.742
1996.575	0.721
1996.594	0.700
1996.581	0.695
1996.603	0.663
1996.606	0.653
1996.608	0.635
1996.624	0.618
1996.609	0.618
1996.633	0.587
1996.632	0.579
1996.640	0.561
1996.651	0.549
1996.641	0.546
1996.661	0.523
1996.653	0.521
1996.668	0.500
1996.671	0.491
1996.674	0.480
1996.687	0.468
1996.675	0.469
1996.695	0.447
1996.686	0.447
1996.701	0.429
1996.701	0.424
1996.706	0.413
1996.715	0.404
1996.710	0.400
1996.726	0.386
1996.713	0.391
1996.732	0.371
1996.723	0.373
1996.738	0.357
1996.735	0.355
1996.743	0.344
1996.746	0.338
1996.748	0.332
1996.756	0.323
1996.753	0.321
1996.765	0.310
1996.758	0.311
1996.773	0.298
1996.762	0.302
1996.779	0.287
1996.767	0.293
1996.785	0.276
1996.775	0.281
1996.790	0.267
1996.783	0.270
1996.796	0.257
1996.789	0.260
1996.801	0.248
1996.796	0.250
1996.807	0.239
1996.802	0.241
1996.813	0.231
1996.807	0.233
1996.818	0.222
1996.812	0.225
1996.824	0.214
1996.817	0.218
1996.830	0.205
1996.821	0.211
1996.835	0.198
1996.827	0.203
1996.839	0.192
1996.833	0.195
1996.842	0.187
1996.840	0.187
1996.845	0.181
1996.846	0.179
1996.848	0.176
1996.853	0.172
1996.851	0.171
1996.859	0.164
1996.853	0.167
1996.864	0.158
1996.858	0.162
1996.866	0.154
1996.865	0.154
1996.868	0.150
1996.871	0.147
1996.870	0.146
1996.878	0.139
1996.871	0.145
1996.880	0.136
1996.878	0.137
1996.881	0.133
1996.885	0.129
1996.882	0.131
1996.890	0.124
1996.886	0.127
1996.891	0.121
1996.893	0.119
1996.892	0.119
1996.898	0.113
1996.895	0.116
1996.899	0.111
1996.902	0.108
1996.899	0.110
1996.906	0.104
1996.904	0.105
1996.906	0.102
1996.911	0.098
1996.906	0.102
1996.912	0.096
1996.914	0.094
1996.912	0.095
1996.917	0.090
1996.917	0.090
1996.917	0.089
1996.921	0.085
1996.920	0.086
1996.922	0.084
1996.926	0.080
1996.923	0.082
1996.926	0.079
1996.929	0.076
1996.927	0.078
1996.929	0.075
1996.933	0.072
1996.931	0.073
1996.933	0.071
1996.936	0.068
1996.936	0.069
1996.936	0.068
1996.939	0.065
1996.940	0.064
1996.939	0.065
1996.942	0.062
1996.944	0.059
1996.942	0.061
1996.944	0.059
1996.946	0.057
1996.947	0.056
1996.946	0.056
1996.948	0.054
1996.950	0.052
1996.950	0.053
1996.950	0.052
1996.953	0.050
1996.954	0.048
1996.953	0.049
